0 0
0.01 51
0.02 73
0.03 86
0.04 89
0.05 92
0.06 99
0.07 92
0.08 92
0.09 107
0.1 94
0.11 86
0.12 79
0.13 83
0.14 83
0.15 82
0.16 82
0.17 79
0.18 77
0.19 76
0.2 79
0.21 83
0.22 86
0.23 81
0.24 77
0.25 82
0.26 74
0.27 73
0.28 81
0.29 81
0.3 77
0.31 81
0.32 80
0.33 78
0.34 75
0.35 69
0.36 69
0.37 68
0.38 71
0.39 75
0.4 80
0.41 84
0.42 81
0.43 74
0.44 77
0.45 74
0.46 64
0.47 75
0.48 75
0.49 75
0.5 73
0.51 71
0.52 68
0.53 68
0.54 70
0.55 76
0.56 78
0.57 72
0.58 76
0.59 66
0.6 70
0.61 73
0.62 72
0.63 71
0.64 70
0.65 65
0.66 67
0.67 65
0.68 67
0.69 67
0.7 62
0.71 57
0.72 54
0.73 59
0.74 59
0.75 58
0.76 58
0.77 58
0.78 57
0.79 58
0.8 53
0.81 52
0.82 55
0.83 58
0.84 55
0.85 56
0.86 61
0.87 60
0.88 56
0.89 56
0.9 61
0.91 61
0.92 61
0.93 64
0.94 65
0.95 60
0.96 59
0.97 67
0.98 67
0.99 64
1 63
1.01 61
1.02 59
1.03 62
1.04 59
1.05 60
1.06 58
1.07 59
1.08 55
1.09 54
1.1 56
1.11 59
1.12 57
1.13 56
1.14 53
1.15 51
1.16 50
1.17 52
1.18 48
1.19 50
1.2 52
1.21 61
1.22 61
1.23 62
1.24 59
1.25 57
1.26 55
1.27 60
1.28 56
1.29 57
1.3 59
1.31 59
1.32 53
1.33 60
1.34 61
1.35 57
1.36 59
1.37 58
1.38 57
1.39 61
1.4 60
1.41 63
1.42 64
1.43 59
1.44 59
1.45 62
1.46 62
1.47 54
1.48 57
1.49 57
1.5 59
1.51 66
1.52 67
1.53 73
1.54 65
1.55 61
1.56 61
1.57 61
1.58 57
1.59 56
1.6 56
1.61 61
1.62 60
1.63 56
1.64 57
1.65 56
1.66 59
1.67 64
1.68 62
1.69 60
1.7 60
1.71 63
1.72 60
1.73 62
1.74 61
1.75 59
1.76 62
1.77 57
1.78 56
1.79 54
1.8 52
1.81 54
1.82 56
1.83 56
1.84 56
1.85 61
1.86 63
1.87 56
1.88 62
1.89 62
1.9 65
1.91 59
1.92 58
1.93 62
1.94 64
1.95 60
1.96 59
1.97 61
1.98 56
1.99 59
2 58
