0 0
0.0001 0
0.0002 0
0.0003 0
0.0004 0
0.0005 0
0.0006 0
0.0007 0
0.0008 0
0.0009 0
0.001 0
0.0011 0
0.0012 0
0.0013 0
0.0014 0
0.0015 0
0.0016 1
0.0017 2
0.0018 2
0.0019 2
0.002 2
0.0021 2
0.0022 2
0.0023 2
0.0024 1
0.0025 1
0.0026 1
0.0027 1
0.0028 3
0.0029 3
0.003 4
0.0031 4
0.0032 4
0.0033 4
0.0034 3
0.0035 3
0.0036 3
0.0037 3
0.0038 3
0.0039 3
0.004 2
0.0041 2
0.0042 2
0.0043 2
0.0044 2
0.0045 2
0.0046 2
0.0047 2
0.0048 2
0.0049 2
0.005 3
0.0051 3
0.0052 3
0.0053 3
0.0054 3
0.0055 3
0.0056 2
0.0057 2
0.0058 2
0.0059 2
0.006 3
0.0061 4
0.0062 4
0.0063 4
0.0064 4
0.0065 4
0.0066 4
0.0067 4
0.0068 4
0.0069 4
0.007 4
0.0071 4
0.0072 4
0.0073 4
0.0074 4
0.0075 4
0.0076 4
0.0077 3
0.0078 3
0.0079 3
0.008 3
0.0081 2
0.0082 2
0.0083 1
0.0084 2
0.0085 2
0.0086 2
0.0087 2
0.0088 2
0.0089 3
0.009 3
0.0091 3
0.0092 3
0.0093 3
0.0094 3
0.0095 4
0.0096 4
0.0097 3
0.0098 2
0.0099 2
0.01 2
0.0101 3
0.0102 3
0.0103 3
0.0104 3
0.0105 3
0.0106 3
0.0107 3
0.0108 3
0.0109 3
0.011 3
0.0111 3
0.0112 3
0.0113 3
0.0114 3
0.0115 3
0.0116 3
0.0117 4
0.0118 5
0.0119 5
0.012 5
0.0121 5
0.0122 4
0.0123 5
0.0124 4
0.0125 4
0.0126 3
0.0127 3
0.0128 3
0.0129 3
0.013 3
0.0131 2
0.0132 2
0.0133 2
0.0134 2
0.0135 2
0.0136 2
0.0137 2
0.0138 2
0.0139 2
0.014 4
0.0141 4
0.0142 4
0.0143 5
0.0144 5
0.0145 5
0.0146 5
0.0147 7
0.0148 7
0.0149 7
0.015 6
0.0151 6
0.0152 6
0.0153 7
0.0154 8
0.0155 8
0.0156 8
0.0157 8
0.0158 8
0.0159 7
0.016 7
0.0161 8
0.0162 9
0.0163 10
0.0164 9
0.0165 8
0.0166 8
0.0167 8
0.0168 9
0.0169 9
0.017 9
0.0171 10
0.0172 9
0.0173 9
0.0174 9
0.0175 9
0.0176 8
0.0177 8
0.0178 7
0.0179 9
0.018 9
0.0181 9
0.0182 9
0.0183 9
0.0184 8
0.0185 7
0.0186 8
0.0187 8
0.0188 8
0.0189 8
0.019 8
0.0191 8
0.0192 11
0.0193 11
0.0194 11
0.0195 11
0.0196 12
0.0197 12
0.0198 10
0.0199 10
0.02 10
0.0201 9
0.0202 9
0.0203 9
0.0204 9
0.0205 9
0.0206 10
0.0207 10
0.0208 10
0.0209 13
0.021 12
0.0211 12
0.0212 12
0.0213 12
0.0214 12
0.0215 13
0.0216 12
0.0217 12
0.0218 12
0.0219 12
0.022 12
0.0221 12
0.0222 12
0.0223 11
0.0224 11
0.0225 11
0.0226 14
0.0227 16
0.0228 19
0.0229 20
0.023 19
0.0231 17
0.0232 18
0.0233 18
0.0234 19
0.0235 19
0.0236 19
0.0237 19
0.0238 19
0.0239 18
0.024 18
0.0241 18
0.0242 18
0.0243 18
0.0244 18
0.0245 18
0.0246 17
0.0247 17
0.0248 17
0.0249 17
0.025 17
0.0251 17
0.0252 16
0.0253 17
0.0254 18
0.0255 17
0.0256 16
0.0257 16
0.0258 16
0.0259 16
0.026 16
0.0261 17
0.0262 17
0.0263 17
0.0264 16
0.0265 16
0.0266 18
0.0267 18
0.0268 17
0.0269 16
0.027 16
0.0271 16
0.0272 16
0.0273 17
0.0274 19
0.0275 20
0.0276 21
0.0277 21
0.0278 20
0.0279 20
0.028 18
0.0281 17
0.0282 18
0.0283 19
0.0284 18
0.0285 18
0.0286 17
0.0287 18
0.0288 16
0.0289 15
0.029 15
0.0291 14
0.0292 15
0.0293 14
0.0294 14
0.0295 14
0.0296 13
0.0297 13
0.0298 13
0.0299 13
0.03 12
0.0301 12
0.0302 12
0.0303 13
0.0304 13
0.0305 13
0.0306 14
0.0307 14
0.0308 13
0.0309 12
0.031 14
0.0311 13
0.0312 13
0.0313 12
0.0314 11
0.0315 11
0.0316 11
0.0317 11
0.0318 11
0.0319 11
0.032 11
0.0321 10
0.0322 10
0.0323 10
0.0324 10
0.0325 10
0.0326 10
0.0327 10
0.0328 10
0.0329 11
0.033 10
0.0331 11
0.0332 12
0.0333 12
0.0334 12
0.0335 12
0.0336 13
0.0337 14
0.0338 14
0.0339 14
0.034 14
0.0341 15
0.0342 15
0.0343 15
0.0344 14
0.0345 15
0.0346 15
0.0347 15
0.0348 17
0.0349 15
0.035 15
0.0351 16
0.0352 14
0.0353 15
0.0354 15
0.0355 16
0.0356 16
0.0357 15
0.0358 15
0.0359 15
0.036 15
0.0361 15
0.0362 15
0.0363 15
0.0364 14
0.0365 14
0.0366 13
0.0367 13
0.0368 14
0.0369 14
0.037 15
0.0371 15
0.0372 15
0.0373 16
0.0374 16
0.0375 18
0.0376 18
0.0377 18
0.0378 18
0.0379 18
0.038 19
0.0381 18
0.0382 18
0.0383 17
0.0384 17
0.0385 17
0.0386 17
0.0387 17
0.0388 17
0.0389 17
0.039 16
0.0391 16
0.0392 17
0.0393 17
0.0394 17
0.0395 16
0.0396 17
0.0397 16
0.0398 17
0.0399 17
0.04 17
0.0401 17
0.0402 17
0.0403 18
0.0404 18
0.0405 18
0.0406 18
0.0407 19
0.0408 19
0.0409 19
0.041 19
0.0411 18
0.0412 18
0.0413 18
0.0414 19
0.0415 19
0.0416 19
0.0417 19
0.0418 20
0.0419 20
0.042 20
0.0421 20
0.0422 21
0.0423 21
0.0424 21
0.0425 20
0.0426 21
0.0427 21
0.0428 22
0.0429 22
0.043 24
0.0431 24
0.0432 24
0.0433 23
0.0434 23
0.0435 23
0.0436 23
0.0437 25
0.0438 24
0.0439 23
0.044 23
0.0441 23
0.0442 23
0.0443 23
0.0444 24
0.0445 23
0.0446 22
0.0447 22
0.0448 22
0.0449 22
0.045 22
0.0451 23
0.0452 23
0.0453 23
0.0454 25
0.0455 25
0.0456 25
0.0457 26
0.0458 26
0.0459 25
0.046 25
0.0461 25
0.0462 24
0.0463 23
0.0464 23
0.0465 24
0.0466 23
0.0467 23
0.0468 23
0.0469 25
0.047 25
0.0471 27
0.0472 27
0.0473 28
0.0474 28
0.0475 28
0.0476 27
0.0477 26
0.0478 27
0.0479 28
0.048 30
0.0481 30
0.0482 30
0.0483 30
0.0484 30
0.0485 30
0.0486 30
0.0487 29
0.0488 30
0.0489 32
0.049 31
0.0491 29
0.0492 29
0.0493 29
0.0494 29
0.0495 29
0.0496 28
0.0497 28
0.0498 28
0.0499 28
0.05 28
0.0501 28
0.0502 28
0.0503 28
0.0504 27
0.0505 26
0.0506 26
0.0507 25
0.0508 25
0.0509 25
0.051 25
0.0511 25
0.0512 26
0.0513 25
0.0514 24
0.0515 24
0.0516 24
0.0517 23
0.0518 25
0.0519 25
0.052 26
0.0521 26
0.0522 26
0.0523 26
0.0524 25
0.0525 25
0.0526 25
0.0527 26
0.0528 25
0.0529 25
0.053 24
0.0531 24
0.0532 26
0.0533 26
0.0534 26
0.0535 27
0.0536 27
0.0537 27
0.0538 28
0.0539 28
0.054 27
0.0541 27
0.0542 27
0.0543 27
0.0544 28
0.0545 28
0.0546 29
0.0547 29
0.0548 29
0.0549 29
0.055 28
0.0551 29
0.0552 29
0.0553 30
0.0554 31
0.0555 31
0.0556 29
0.0557 29
0.0558 28
0.0559 28
0.056 28
0.0561 27
0.0562 28
0.0563 28
0.0564 28
0.0565 28
0.0566 28
0.0567 26
0.0568 26
0.0569 26
0.057 26
0.0571 24
0.0572 25
0.0573 25
0.0574 25
0.0575 26
0.0576 24
0.0577 24
0.0578 24
0.0579 24
0.058 23
0.0581 23
0.0582 24
0.0583 24
0.0584 24
0.0585 24
0.0586 25
0.0587 25
0.0588 25
0.0589 25
0.059 26
0.0591 26
0.0592 26
0.0593 26
0.0594 26
0.0595 27
0.0596 26
0.0597 26
0.0598 26
0.0599 26
0.06 25
0.0601 24
0.0602 23
0.0603 23
0.0604 24
0.0605 24
0.0606 24
0.0607 24
0.0608 24
0.0609 24
0.061 24
0.0611 24
0.0612 25
0.0613 26
0.0614 25
0.0615 24
0.0616 23
0.0617 24
0.0618 25
0.0619 25
0.062 25
0.0621 25
0.0622 25
0.0623 25
0.0624 25
0.0625 25
0.0626 24
0.0627 23
0.0628 23
0.0629 23
0.063 23
0.0631 24
0.0632 24
0.0633 24
0.0634 24
0.0635 24
0.0636 25
0.0637 25
0.0638 26
0.0639 27
0.064 27
0.0641 27
0.0642 27
0.0643 27
0.0644 27
0.0645 27
0.0646 25
0.0647 25
0.0648 25
0.0649 25
0.065 25
0.0651 26
0.0652 26
0.0653 25
0.0654 25
0.0655 25
0.0656 25
0.0657 24
0.0658 25
0.0659 24
0.066 24
0.0661 23
0.0662 22
0.0663 23
0.0664 21
0.0665 20
0.0666 20
0.0667 20
0.0668 20
0.0669 20
0.067 20
0.0671 20
0.0672 21
0.0673 23
0.0674 23
0.0675 23
0.0676 23
0.0677 22
0.0678 24
0.0679 26
0.068 26
0.0681 26
0.0682 26
0.0683 27
0.0684 28
0.0685 28
0.0686 28
0.0687 28
0.0688 29
0.0689 28
0.069 28
0.0691 28
0.0692 27
0.0693 28
0.0694 28
0.0695 28
0.0696 30
0.0697 30
0.0698 29
0.0699 29
0.07 28
0.0701 28
0.0702 27
0.0703 26
0.0704 26
0.0705 24
0.0706 23
0.0707 22
0.0708 23
0.0709 23
0.071 23
0.0711 23
0.0712 22
0.0713 22
0.0714 22
0.0715 22
0.0716 24
0.0717 23
0.0718 24
0.0719 24
0.072 24
0.0721 24
0.0722 23
0.0723 23
0.0724 23
0.0725 24
0.0726 23
0.0727 23
0.0728 21
0.0729 19
0.073 20
0.0731 20
0.0732 20
0.0733 21
0.0734 22
0.0735 22
0.0736 21
0.0737 20
0.0738 23
0.0739 24
0.074 22
0.0741 22
0.0742 22
0.0743 22
0.0744 22
0.0745 21
0.0746 20
0.0747 20
0.0748 20
0.0749 20
0.075 21
0.0751 20
0.0752 20
0.0753 19
0.0754 19
0.0755 19
0.0756 19
0.0757 19
0.0758 20
0.0759 18
0.076 18
0.0761 18
0.0762 18
0.0763 18
0.0764 18
0.0765 18
0.0766 18
0.0767 17
0.0768 16
0.0769 17
0.077 17
0.0771 16
0.0772 18
0.0773 18
0.0774 18
0.0775 18
0.0776 18
0.0777 17
0.0778 16
0.0779 17
0.078 17
0.0781 17
0.0782 17
0.0783 17
0.0784 17
0.0785 17
0.0786 18
0.0787 18
0.0788 21
0.0789 21
0.079 21
0.0791 23
0.0792 24
0.0793 24
0.0794 23
0.0795 23
0.0796 24
0.0797 24
0.0798 23
0.0799 24
0.08 24
0.0801 23
0.0802 23
0.0803 23
0.0804 23
0.0805 23
0.0806 23
0.0807 23
0.0808 23
0.0809 22
0.081 22
0.0811 22
0.0812 22
0.0813 23
0.0814 23
0.0815 23
0.0816 22
0.0817 23
0.0818 23
0.0819 24
0.082 24
0.0821 24
0.0822 24
0.0823 24
0.0824 24
0.0825 25
0.0826 26
0.0827 26
0.0828 25
0.0829 25
0.083 26
0.0831 26
0.0832 26
0.0833 26
0.0834 26
0.0835 26
0.0836 24
0.0837 24
0.0838 24
0.0839 24
0.084 24
0.0841 25
0.0842 25
0.0843 25
0.0844 25
0.0845 27
0.0846 28
0.0847 28
0.0848 28
0.0849 27
0.085 28
0.0851 29
0.0852 28
0.0853 28
0.0854 29
0.0855 29
0.0856 28
0.0857 30
0.0858 30
0.0859 29
0.086 29
0.0861 29
0.0862 28
0.0863 28
0.0864 28
0.0865 28
0.0866 29
0.0867 29
0.0868 28
0.0869 28
0.087 28
0.0871 27
0.0872 26
0.0873 27
0.0874 26
0.0875 25
0.0876 25
0.0877 23
0.0878 23
0.0879 23
0.088 23
0.0881 23
0.0882 23
0.0883 23
0.0884 23
0.0885 23
0.0886 24
0.0887 24
0.0888 24
0.0889 24
0.089 24
0.0891 25
0.0892 26
0.0893 26
0.0894 26
0.0895 25
0.0896 26
0.0897 25
0.0898 24
0.0899 25
0.09 25
0.0901 26
0.0902 27
0.0903 26
0.0904 27
0.0905 26
0.0906 26
0.0907 26
0.0908 22
0.0909 22
0.091 24
0.0911 24
0.0912 23
0.0913 23
0.0914 23
0.0915 23
0.0916 23
0.0917 23
0.0918 23
0.0919 20
0.092 20
0.0921 20
0.0922 20
0.0923 20
0.0924 23
0.0925 24
0.0926 23
0.0927 21
0.0928 23
0.0929 23
0.093 23
0.0931 22
0.0932 24
0.0933 24
0.0934 25
0.0935 25
0.0936 24
0.0937 26
0.0938 26
0.0939 26
0.094 25
0.0941 25
0.0942 25
0.0943 25
0.0944 26
0.0945 25
0.0946 26
0.0947 26
0.0948 27
0.0949 28
0.095 27
0.0951 27
0.0952 27
0.0953 28
0.0954 29
0.0955 29
0.0956 29
0.0957 28
0.0958 29
0.0959 29
0.096 29
0.0961 30
0.0962 30
0.0963 31
0.0964 31
0.0965 30
0.0966 30
0.0967 28
0.0968 28
0.0969 31
0.097 30
0.0971 30
0.0972 30
0.0973 29
0.0974 29
0.0975 28
0.0976 27
0.0977 27
0.0978 27
0.0979 27
0.098 26
0.0981 26
0.0982 25
0.0983 25
0.0984 26
0.0985 26
0.0986 27
0.0987 27
0.0988 27
0.0989 28
0.099 28
0.0991 28
0.0992 28
0.0993 28
0.0994 27
0.0995 27
0.0996 27
0.0997 26
0.0998 27
0.0999 27
0.1 27
