0 0
0.01 44
0.02 69
0.03 82
0.04 80
0.05 89
0.06 94
0.07 97
0.08 94
0.09 94
0.1 81
0.11 76
0.12 68
0.13 64
0.14 67
0.15 68
0.16 80
0.17 75
0.18 78
0.19 80
0.2 87
0.21 82
0.22 78
0.23 78
0.24 75
0.25 71
0.26 69
0.27 65
0.28 69
0.29 75
0.3 74
0.31 72
0.32 76
0.33 75
0.34 73
0.35 71
0.36 72
0.37 73
0.38 71
0.39 73
0.4 73
0.41 68
0.42 70
0.43 67
0.44 71
0.45 71
0.46 68
0.47 70
0.48 73
0.49 68
0.5 69
0.51 71
0.52 72
0.53 81
0.54 73
0.55 71
0.56 69
0.57 68
0.58 67
0.59 63
0.6 64
0.61 63
0.62 62
0.63 55
0.64 57
0.65 62
0.66 64
0.67 61
0.68 61
0.69 63
0.7 64
0.71 61
0.72 64
0.73 59
0.74 59
0.75 57
0.76 56
0.77 53
0.78 51
0.79 53
0.8 48
0.81 46
0.82 49
0.83 46
0.84 48
0.85 52
0.86 56
0.87 56
0.88 55
0.89 55
0.9 51
0.91 57
0.92 52
0.93 54
0.94 52
0.95 49
0.96 51
0.97 59
0.98 60
0.99 55
1 57
1.01 59
1.02 59
1.03 53
1.04 51
1.05 51
1.06 50
1.07 50
1.08 51
1.09 56
1.1 58
1.11 58
1.12 56
1.13 55
1.14 58
1.15 56
1.16 58
1.17 56
1.18 55
1.19 53
1.2 55
1.21 55
1.22 57
1.23 51
1.24 46
1.25 50
1.26 51
1.27 53
1.28 57
1.29 58
1.3 58
1.31 59
1.32 61
1.33 64
1.34 61
1.35 60
1.36 58
1.37 64
1.38 63
1.39 69
1.4 70
1.41 65
1.42 66
1.43 60
1.44 65
1.45 67
1.46 67
1.47 68
1.48 61
1.49 61
1.5 63
1.51 61
1.52 55
1.53 55
1.54 56
1.55 62
1.56 59
1.57 58
1.58 59
1.59 61
1.6 61
1.61 67
1.62 60
1.63 60
1.64 59
1.65 62
1.66 61
1.67 63
1.68 59
1.69 50
1.7 53
1.71 53
1.72 58
1.73 63
1.74 59
1.75 65
1.76 62
1.77 64
1.78 65
1.79 66
1.8 60
1.81 61
1.82 61
1.83 60
1.84 57
1.85 59
1.86 65
1.87 65
1.88 63
1.89 57
1.9 61
1.91 62
1.92 56
1.93 57
1.94 58
1.95 57
1.96 52
1.97 47
1.98 49
1.99 46
2 49
