0.0000 0.000000
0.0001 0.000000
0.0002 0.000000
0.0003 0.000000
0.0004 0.000000
0.0005 0.000000
0.0006 0.000000
0.0007 0.000000
0.0008 0.000000
0.0009 0.000000
0.0010 0.000000
0.0011 0.000000
0.0012 0.000000
0.0013 0.000000
0.0014 0.024787
0.0015 0.158345
0.0016 0.415545
0.0017 0.680704
0.0018 0.944446
0.0019 1.206777
0.0020 0.472012
0.0021 0.736870
0.0022 1.000311
0.0023 0.411583
0.0024 0.944145
0.0025 0.476591
0.0026 0.056401
0.0027 0.724554
0.0028 0.483464
0.0029 1.357979
0.0030 0.292787
0.0031 0.227646
0.0032 1.167604
0.0033 1.240015
0.0034 0.576126
0.0035 1.015904
0.0036 0.485462
0.0037 0.956035
0.0038 0.425512
0.0039 0.896433
0.0040 1.416067
0.0041 1.059392
0.0042 0.799251
0.0043 0.536545
0.0044 0.510468
0.0045 1.650457
0.0046 0.791092
0.0047 1.938421
0.0048 1.324994
0.0049 1.792926
0.0050 0.220761
0.0051 0.787330
0.0052 0.464697
0.0053 0.141088
0.0054 0.818141
0.0055 0.613785
0.0056 0.546038
0.0057 0.376960
0.0058 0.323637
0.0059 1.268512
0.0060 0.213576
0.0061 1.200642
0.0062 0.425269
0.0063 0.771558
0.0064 0.353077
0.0065 1.177918
0.0066 0.377595
0.0067 0.713687
0.0068 1.060910
0.0069 1.478192
0.0070 2.999966
0.0071 1.550656
0.0072 1.340022
0.0073 1.160737
0.0074 0.093404
0.0075 1.206357
0.0076 1.429343
0.0077 0.697018
0.0078 1.053577
0.0079 0.409360
0.0080 -0.291312
0.0081 0.009554
0.0082 0.325917
0.0083 0.967284
0.0084 1.834036
0.0085 0.603296
0.0086 0.457917
0.0087 0.481175
0.0088 0.562591
0.0089 0.519042
0.0090 2.411885
0.0091 1.474579
0.0092 0.961945
0.0093 2.425095
0.0094 1.757558
0.0095 1.186938
0.0096 0.662207
0.0097 0.358836
0.0098 1.051571
0.0099 1.625853
0.0100 1.321637
0.0101 0.831329
0.0102 0.260132
0.0103 0.889501
0.0104 1.430357
0.0105 0.994723
0.0106 1.616886
0.0107 0.327326
0.0108 1.156069
0.0109 0.959174
0.0110 1.754689
0.0111 1.567741
0.0112 1.408418
0.0113 1.371140
0.0114 1.347786
0.0115 1.183861
0.0116 0.880485
0.0117 2.520537
0.0118 1.094447
0.0119 1.686283
0.0120 3.379123
0.0121 1.073448
0.0122 0.131615
0.0123 2.263733
0.0124 1.593659
0.0125 0.688228
0.0126 0.974598
0.0127 1.351671
0.0128 1.903349
0.0129 2.445895
0.0130 0.771677
0.0131 2.055683
0.0132 1.426380
0.0133 1.922459
0.0134 1.399640
0.0135 0.832238
0.0136 1.506502
0.0137 2.275820
0.0138 1.347127
0.0139 1.634584
0.0140 0.987275
0.0141 1.419878
0.0142 1.928467
0.0143 2.901652
0.0144 0.868910
0.0145 1.736310
0.0146 0.552219
0.0147 0.311773
0.0148 2.981406
0.0149 3.480135
0.0150 1.026578
0.0151 2.530355
0.0152 0.975222
0.0153 1.569717
0.0154 3.200574
0.0155 1.955670
0.0156 1.485138
0.0157 1.871418
0.0158 2.199762
0.0159 1.628462
0.0160 -0.071983
0.0161 1.356870
0.0162 1.739005
0.0163 1.947490
0.0164 1.321711
0.0165 2.770856
0.0166 2.207159
0.0167 5.649158
0.0168 4.492337
0.0169 2.303157
0.0170 2.169507
0.0171 3.225426
0.0172 0.393230
0.0173 2.656438
0.0174 2.962615
0.0175 2.886272
0.0176 4.710901
0.0177 5.410606
0.0178 6.153112
0.0179 0.864824
0.0180 3.430029
0.0181 4.887936
0.0182 2.322800
0.0183 6.094785
0.0184 1.923302
0.0185 3.527331
0.0186 3.700203
0.0187 2.949625
0.0188 3.182030
0.0189 3.154533
0.0190 6.047714
0.0191 3.953695
0.0192 2.419871
0.0193 0.982471
0.0194 5.594478
0.0195 4.292641
0.0196 3.944162
0.0197 2.337517
0.0198 6.030437
0.0199 0.838291
0.0200 5.808977
0.0201 4.910928
0.0202 2.232714
0.0203 1.475057
0.0204 2.160128
0.0205 3.750721
0.0206 0.501836
0.0207 2.200749
0.0208 2.751168
0.0209 4.561388
0.0210 3.496098
0.0211 4.319920
0.0212 3.185104
0.0213 4.007761
0.0214 1.870373
0.0215 3.428480
0.0216 2.855052
0.0217 2.381652
0.0218 6.018871
0.0219 0.926355
0.0220 2.907981
0.0221 3.002282
0.0222 6.215657
0.0223 4.516215
0.0224 7.765453
0.0225 4.678909
0.0226 5.488279
0.0227 9.372044
0.0228 2.349371
0.0229 9.264132
0.0230 6.392215
0.0231 4.705482
0.0232 3.977506
0.0233 12.277112
0.0234 11.719294
0.0235 6.398209
0.0236 8.186055
0.0237 10.128765
0.0238 9.201578
0.0239 9.408247
0.0240 10.605533
0.0241 7.607318
0.0242 7.400698
0.0243 8.128554
0.0244 10.866420
0.0245 11.556512
0.0246 20.403613
0.0247 17.214932
0.0248 9.031493
0.0249 25.731146
0.0250 24.380305
0.0251 19.052126
0.0252 21.643954
0.0253 26.381164
0.0254 26.692351
0.0255 30.807157
0.0256 44.795581
0.0257 66.475516
0.0258 80.981518
0.0259 104.297534
0.0260 142.221451
0.0261 170.967525
0.0262 215.516807
0.0263 263.778772
0.0264 304.705274
0.0265 335.434758
0.0266 369.792531
0.0267 386.947352
0.0268 415.965289
0.0269 446.688372
0.0270 465.987876
0.0271 513.015045
0.0272 536.854157
0.0273 565.540419
0.0274 593.025541
0.0275 622.208274
0.0276 637.115863
0.0277 659.861915
0.0278 674.523741
0.0279 696.094024
0.0280 715.540509
0.0281 733.878495
0.0282 751.868916
0.0283 761.773689
0.0284 780.614346
0.0285 787.228832
0.0286 805.677316
0.0287 822.927230
0.0288 836.045154
0.0289 849.084743
0.0290 876.026054
0.0291 892.852788
0.0292 908.590231
0.0293 917.210278
0.0294 926.580796
0.0295 944.859910
0.0296 956.062195
0.0297 975.185363
0.0298 993.182947
0.0299 1012.979460
0.0300 1031.652606
0.0301 1043.026070
0.0302 1059.026659
0.0303 1070.864125
0.0304 1083.589873
0.0305 1097.074557
0.0306 1113.391579
0.0307 1131.463542
0.0308 1148.443288
0.0309 1157.358909
0.0310 1169.214831
0.0311 1169.033969
0.0312 1164.882449
0.0313 1169.717548
0.0314 1172.537003
0.0315 1176.213009
0.0316 1187.743710
0.0317 1195.177044
0.0318 1204.473751
0.0319 1207.440888
0.0320 1212.371337
0.0321 1222.263692
0.0322 1226.124958
0.0323 1229.776252
0.0324 1229.180605
0.0325 1236.452481
0.0326 1242.693337
0.0327 1247.908999
0.0328 1255.079914
0.0329 1260.230296
0.0330 1267.350387
0.0331 1272.430558
0.0332 1270.494032
0.0333 1278.558673
0.0334 1284.576109
0.0335 1292.549132
0.0336 1290.520663
0.0337 1285.498608
0.0338 1286.487829
0.0339 1286.249473
0.0340 1282.970841
0.0341 1280.566456
0.0342 1274.206398
0.0343 1266.878939
0.0344 1262.587378
0.0345 1253.325725
0.0346 1251.104924
0.0347 1256.857048
0.0348 1250.577374
0.0349 1251.227091
0.0350 1234.855930
0.0351 1233.423269
0.0352 1234.747714
0.0353 1240.926876
0.0354 1251.060574
0.0355 1248.174500
0.0356 1249.299462
0.0357 1242.427458
0.0358 1245.581703
0.0359 1247.690518
0.0360 1240.698454
0.0361 1238.614102
0.0362 1230.542378
0.0363 1238.447946
0.0364 1235.231909
0.0365 1232.031566
0.0366 1228.847031
0.0367 1220.683984
0.0368 1215.564925
0.0369 1219.451315
0.0370 1211.338698
0.0371 1220.110759
0.0372 1225.835539
0.0373 1228.527895
0.0374 1231.208695
0.0375 1230.662215
0.0376 1233.970143
0.0377 1225.237632
0.0378 1222.550755
0.0379 1212.899173
0.0380 1217.267888
0.0381 1209.633872
0.0382 1211.883288
0.0383 1208.133849
0.0384 1211.398513
0.0385 1213.496607
0.0386 1216.497217
0.0387 1213.417596
0.0388 1211.248738
0.0389 1212.099629
0.0390 1203.956734
0.0391 1201.848604
0.0392 1205.731468
0.0393 1200.624980
0.0394 1196.550057
0.0395 1192.497398
0.0396 1190.448702
0.0397 1186.417625
0.0398 1182.405007
0.0399 1169.433250
0.0400 1161.525208
0.0401 1149.595475
0.0402 1141.653701
0.0403 1138.746642
0.0404 1127.872370
0.0405 1122.049005
0.0406 1120.252628
0.0407 1112.469885
0.0408 1109.715167
0.0409 1100.998991
0.0410 1097.314867
0.0411 1085.676747
0.0412 1079.975876
0.0413 1080.250026
0.0414 1084.391283
0.0415 1082.523646
0.0416 1085.652714
0.0417 1082.778355
0.0418 1073.942406
0.0419 1066.142552
0.0420 1060.371936
0.0421 1053.641436
0.0422 1041.954407
0.0423 1034.313717
0.0424 1027.718588
0.0425 1024.153209
0.0426 1012.640743
0.0427 1008.155578
0.0428 998.711226
0.0429 997.299044
0.0430 998.882857
0.0431 994.475962
0.0432 979.990158
0.0433 983.454532
0.0434 974.871916
0.0435 972.316924
0.0436 977.755496
0.0437 974.203049
0.0438 983.628181
0.0439 984.028062
0.0440 986.407641
0.0441 983.798096
0.0442 978.202271
0.0443 965.661213
0.0444 965.153034
0.0445 960.661968
0.0446 955.189090
0.0447 951.741712
0.0448 943.334350
0.0449 932.975269
0.0450 927.658628
0.0451 925.351438
0.0452 930.045926
0.0453 922.748599
0.0454 911.504874
0.0455 906.301490
0.0456 897.141405
0.0457 891.014745
0.0458 883.929198
0.0459 881.859141
0.0460 872.825835
0.0461 871.809326
0.0462 866.817700
0.0463 867.834788
0.0464 865.850711
0.0465 858.826185
0.0466 850.772491
0.0467 839.760805
0.0468 830.824850
0.0469 830.906487
0.0470 839.967681
0.0471 835.015659
0.0472 840.057846
0.0473 834.095875
0.0474 829.049027
0.0475 825.015851
0.0476 826.992325
0.0477 823.878427
0.0478 817.734448
0.0479 807.636438
0.0480 803.592900
0.0481 798.551894
0.0482 798.549177
0.0483 804.518457
0.0484 800.454992
0.0485 798.302066
0.0486 794.167747
0.0487 794.045385
0.0488 790.932992
0.0489 793.804929
0.0490 794.674138
0.0491 789.559807
0.0492 784.481945
0.0493 780.429603
0.0494 780.378361
0.0495 780.330786
0.0496 775.291529
0.0497 767.289524
0.0498 762.321428
0.0499 766.357234
0.0500 767.375683
0.0501 766.405748
0.0502 763.437238
0.0503 760.481693
0.0504 757.539004
0.0505 755.623764
0.0506 745.736906
0.0507 743.873896
0.0508 744.912296
0.0509 742.931156
0.0510 738.961876
0.0511 739.990405
0.0512 736.030964
0.0513 737.082416
0.0514 725.164032
0.0515 715.298193
0.0516 715.459104
0.0517 708.635452
0.0518 702.855696
0.0519 700.100605
0.0520 696.358886
0.0521 687.651443
0.0522 682.977453
0.0523 678.329366
0.0524 672.711888
0.0525 673.111438
0.0526 669.509605
0.0527 657.950401
0.0528 656.437269
0.0529 651.935919
0.0530 654.437108
0.0531 657.923471
0.0532 654.398622
0.0533 651.901063
0.0534 647.414402
0.0535 647.951264
0.0536 648.477694
0.0537 650.991834
0.0538 647.509636
0.0539 641.050216
0.0540 636.611130
0.0541 625.235312
0.0542 616.902755
0.0543 609.615158
0.0544 607.353655
0.0545 600.110037
0.0546 591.915614
0.0547 594.736803
0.0548 597.534429
0.0549 598.329070
0.0550 599.113244
0.0551 596.909268
0.0552 598.698296
0.0553 596.498233
0.0554 595.310573
0.0555 599.111010
0.0556 594.913738
0.0557 597.726359
0.0558 596.516057
0.0559 586.344091
0.0560 588.194295
0.0561 578.071479
0.0562 571.989744
0.0563 565.934091
0.0564 561.914085
0.0565 557.901022
0.0566 555.910862
0.0567 543.959725
0.0568 533.071995
0.0569 537.205530
0.0570 528.348279
0.0571 523.518835
0.0572 519.721390
0.0573 508.959754
0.0574 500.254568
0.0575 496.579957
0.0576 494.917552
0.0577 482.400858
0.0578 474.102749
0.0579 472.832978
0.0580 469.567034
0.0581 462.336566
0.0582 465.122546
0.0583 458.905383
0.0584 452.725079
0.0585 448.560981
0.0586 439.444187
0.0587 435.366350
0.0588 440.286100
0.0589 434.197212
0.0590 424.166960
0.0591 420.173597
0.0592 418.200252
0.0593 414.229703
0.0594 411.290841
0.0595 408.365182
0.0596 406.439017
0.0597 408.411164
0.0598 398.389239
0.0599 395.401369
0.0600 398.401897
0.0601 396.403131
0.0602 393.426305
0.0603 389.462137
0.0604 383.519912
0.0605 374.632344
0.0606 376.748296
0.0607 374.858053
0.0608 371.982865
0.0609 373.114920
0.0610 373.245060
0.0611 379.363019
0.0612 389.437292
0.0613 390.476967
0.0614 388.533011
0.0615 387.587711
0.0616 382.662962
0.0617 380.748196
0.0618 372.856519
0.0619 366.003677
0.0620 364.176044
0.0621 360.355547
0.0622 358.565423
0.0623 361.760233
0.0624 355.970225
0.0625 352.195618
0.0626 343.468960
0.0627 344.755281
0.0628 342.041127
0.0629 344.337436
0.0630 345.611686
0.0631 341.910040
0.0632 346.202099
0.0633 350.476502
0.0634 353.722199
0.0635 358.949675
0.0636 366.135366
0.0637 368.308123
0.0638 369.464480
0.0639 371.605367
0.0640 380.720757
0.0641 373.827884
0.0642 376.951643
0.0643 380.048666
0.0644 382.135763
0.0645 381.214483
0.0646 379.309521
0.0647 375.419807
0.0648 375.534955
0.0649 369.674069
0.0650 369.819694
0.0651 369.987888
0.0652 371.133390
0.0653 370.275630
0.0654 374.416075
0.0655 375.545031
0.0656 376.663296
0.0657 369.792609
0.0658 365.959755
0.0659 368.128122
0.0660 368.284529
0.0661 365.457278
0.0662 369.550512
0.0663 364.582132
0.0664 364.629244
0.0665 363.679799
0.0666 363.734241
0.0667 361.787307
0.0668 354.864568
0.0669 355.969172
0.0670 351.068237
0.0671 353.183277
0.0672 352.289500
0.0673 353.404241
0.0674 349.520597
0.0675 349.654338
0.0676 348.785472
0.0677 345.926257
0.0678 347.070511
0.0679 349.201984
0.0680 350.323637
0.0681 347.448744
0.0682 339.609609
0.0683 337.799067
0.0684 327.013066
0.0685 318.280783
0.0686 315.579350
0.0687 314.889739
0.0688 312.204619
0.0689 314.528504
0.0690 308.857685
0.0691 308.212765
0.0692 304.572045
0.0693 299.945478
0.0694 294.351646
0.0695 289.783156
0.0696 280.267564
0.0697 279.772188
0.0698 274.282681
0.0699 275.803925
0.0700 266.347413
0.0701 259.937190
0.0702 254.557399
0.0703 253.195586
0.0704 251.848319
0.0705 251.504044
0.0706 250.157278
0.0707 239.840305
0.0708 234.557922
0.0709 226.320028
0.0710 221.119016
0.0711 204.031964
0.0712 191.235855
0.0713 174.526760
0.0714 171.868916
0.0715 164.165961
0.0716 158.438879
0.0717 158.722511
0.0718 160.001042
0.0719 165.266127
0.0720 160.531448
0.0721 162.801639
0.0722 167.052412
0.0723 173.276974
0.0724 179.473196
0.0725 182.640760
0.0726 180.804548
0.0727 190.941714
0.0728 191.052362
0.0729 189.166227
0.0730 187.289640
0.0731 194.394109
0.0732 191.493925
0.0733 194.589830
0.0734 191.691780
0.0735 197.775325
0.0736 205.833561
0.0737 205.870755
0.0738 211.890356
0.0739 218.876259
0.0740 220.833000
0.0741 230.761349
0.0742 233.655899
0.0743 239.514259
0.0744 248.342354
0.0745 246.149226
0.0746 244.966120
0.0747 235.804789
0.0748 225.709511
0.0749 215.657685
0.0750 205.661458
0.0751 204.688847
0.0752 196.750651
0.0753 180.869018
0.0754 162.087723
0.0755 153.376705
0.0756 144.714913
0.0757 139.084143
0.0758 138.483153
0.0759 133.886254
0.0760 127.326383
0.0761 121.787431
0.0762 112.283186
0.0763 105.842676
0.0764 110.401691
0.0765 110.950746
0.0766 108.487053
0.0767 106.046989
0.0768 108.662696
0.0769 103.602013
0.0770 103.590672
0.0771 94.586379
0.0772 95.616721
0.0773 88.658517
0.0774 91.696029
0.0775 93.738634
0.0776 96.766468
0.0777 100.768531
0.0778 102.756361
0.0779 106.736398
0.0780 113.680590
0.0781 118.600040
0.0782 116.513272
0.0783 114.432195
0.0784 120.335003
0.0785 125.210395
0.0786 136.039539
0.0787 138.838274
0.0788 138.631329
0.0789 142.399253
0.0790 147.169858
0.0791 148.914264
0.0792 148.663384
0.0793 146.400421
0.0794 137.170305
0.0795 134.988123
0.0796 131.793672
0.0797 132.545059
0.0798 131.235462
0.0799 129.950058
0.0800 127.661179
0.0801 128.378395
0.0802 130.076393
0.0803 125.789461
0.0804 133.499953
0.0805 134.184630
0.0806 138.860607
0.0807 149.488884
0.0808 155.074487
0.0809 151.653769
0.0810 153.234222
0.0811 144.845900
0.0812 130.460635
0.0813 116.050507
0.0814 103.744355
0.0815 97.330604
0.0816 100.924971
0.0817 102.521143
0.0818 93.125729
0.0819 86.755586
0.0820 87.300367
0.0821 82.843936
0.0822 85.392346
0.0823 85.934974
0.0824 97.447085
0.0825 100.911257
0.0826 106.368319
0.0827 113.770684
0.0828 116.166452
0.0829 123.524092
0.0830 123.854141
0.0831 120.198935
0.0832 124.555104
0.0833 123.890708
0.0834 120.241694
0.0835 126.572007
0.0836 135.858909
0.0837 134.130650
0.0838 135.408687
0.0839 136.688073
0.0840 136.957649
0.0841 143.204506
0.0842 145.429227
0.0843 147.641522
0.0844 152.840509
0.0845 154.022232
0.0846 158.179440
0.0847 160.331652
0.0848 159.468318
0.0849 159.615421
0.0850 155.760446
0.0851 153.935807
0.0852 147.128346
0.0853 148.331151
0.0854 157.505877
0.0855 159.660102
0.0856 156.815629
0.0857 152.992627
0.0858 149.182562
0.0859 136.420277
0.0860 131.700516
0.0861 126.006367
0.0862 123.344762
0.0863 118.689688
0.0864 115.052476
0.0865 123.416393
0.0866 122.753325
0.0867 112.123806
0.0868 104.546744
0.0869 96.013245
0.0870 71.568195
0.0871 58.284364
0.0872 56.275047
0.0873 52.387118
0.0874 48.524942
0.0875 44.677092
0.0876 50.819318
0.0877 46.968851
0.0878 47.133495
0.0879 53.268400
0.0880 54.493329
0.0881 52.744151
0.0882 50.996211
0.0883 58.227842
0.0884 57.461436
0.0885 57.685628
0.0886 52.922774
0.0887 46.196440
0.0888 42.505266
0.0889 32.827766
0.0890 28.200065
0.0891 23.613231
0.0892 24.040918
0.0893 20.447740
0.0894 24.734993
0.0895 24.007371
0.0896 25.275198
0.0897 24.544506
0.0898 26.820908
0.0899 24.077060
0.0900 22.355873
0.0901 20.646838
0.0902 16.938960
0.0903 12.267671
0.0904 18.596606
0.0905 10.919665
0.0906 14.268716
0.0907 20.713576
0.0908 16.157668
0.0909 15.607943
0.0910 15.069292
0.0911 16.513610
0.0912 10.988259
0.0913 20.502888
0.0914 25.050651
0.0915 21.603182
0.0916 29.140930
0.0917 28.730962
0.0918 27.374243
0.0919 28.031558
0.0920 26.698909
0.0921 21.369525
0.0922 24.050093
0.0923 22.713316
0.0924 12.422078
0.0925 8.178455
0.0926 3.941371
0.0927 4.725751
0.0928 3.500893
0.0929 4.286318
0.0930 4.268242
0.0931 3.453889
0.0932 7.635366
0.0933 4.818326
0.0934 3.926450
0.0935 6.975573
0.0936 6.031086
0.0937 2.080111
0.0938 3.133243
0.0939 1.369111
0.0940 2.833945
0.0941 1.296560
0.0942 3.750316
0.0943 1.204102
0.0944 3.660156
0.0945 3.115758
0.0946 1.580023
0.0947 1.296790
0.0948 2.487750
0.0949 2.952094
0.0950 1.574513
0.0951 4.245340
0.0952 1.045623
0.0953 2.901609
0.0954 -0.123911
0.0955 1.871879
0.0956 4.036619
0.0957 2.244719
0.0958 3.452436
0.0959 0.888491
0.0960 3.152883
0.0961 1.370118
0.0962 0.159021
0.0963 4.152905
0.0964 1.559940
0.0965 1.115814
0.0966 0.902898
0.0967 1.630226
0.0968 3.323551
0.0969 3.110856
0.0970 3.934700
0.0971 1.890603
0.0972 3.973452
0.0973 1.145291
0.0974 1.352108
0.0975 1.477651
0.0976 0.699265
0.0977 -0.242965
0.0978 0.789086
0.0979 0.758671
0.0980 2.573406
0.0981 0.417989
0.0982 0.348992
0.0983 0.072793
0.0984 0.843682
0.0985 1.668009
0.0986 4.536404
0.0987 0.353666
0.0988 0.447964
0.0989 2.838929
0.0990 2.195837
0.0991 0.725803
0.0992 3.540034
0.0993 0.359551
0.0994 0.986599
0.0995 0.670324
0.0996 4.291148
0.0997 4.081065
0.0998 1.945799
0.0999 1.664788
0.1000 1.398405
0.1001 3.244476
0.1002 2.377621
0.1003 1.453141
0.1004 2.631926
0.1005 1.905673
0.1006 2.192870
0.1007 3.481554
0.1008 0.746721
0.1009 2.109562
0.1010 1.421958
0.1011 2.846554
0.1012 2.448183
0.1013 4.271975
0.1014 1.095963
0.1015 2.759157
0.1016 1.452167
0.1017 2.999951
0.1018 3.500620
0.1019 0.339048
0.1020 4.302990
0.1021 0.434978
0.1022 3.312014
0.1023 3.266037
0.1024 3.276885
0.1025 7.139829
0.1026 3.026945
0.1027 2.984456
0.1028 2.192891
0.1029 3.413885
0.1030 0.637861
0.1031 1.578396
0.1032 4.187545
0.1033 2.874180
0.1034 4.429116
0.1035 5.084900
0.1036 3.759825
0.1037 3.231324
0.1038 1.512851
0.1039 2.907087
0.1040 4.496324
0.1041 4.245777
0.1042 3.063973
0.1043 2.845071
0.1044 5.433781
0.1045 3.734540
0.1046 2.056314
0.1047 1.569439
0.1048 3.124480
0.1049 2.482964
0.1050 5.651568
0.1051 5.916504
0.1052 1.986770
0.1053 3.822795
0.1054 6.680664
0.1055 1.735626
0.1056 2.906500
0.1057 6.186977
0.1058 2.373081
0.1059 3.641994
0.1060 2.023264
0.1061 1.308500
0.1062 2.673795
0.1063 4.201053
0.1064 3.751483
0.1065 4.093037
0.1066 2.288371
0.1067 4.575796
0.1068 5.743735
0.1069 4.039455
0.1070 1.211416
0.1071 0.267991
0.1072 4.280800
0.1073 5.311621
0.1074 1.494668
0.1075 2.880730
0.1076 3.370415
0.1077 10.106722
0.1078 3.784004
0.1079 3.465178
0.1080 4.310959
0.1081 2.267040
0.1082 4.080640
0.1083 5.780779
0.1084 5.638388
0.1085 4.650912
0.1086 5.486531
0.1087 6.405685
0.1088 3.357596
0.1089 4.307944
0.1090 4.388809
0.1091 2.468015
0.1092 2.679563
0.1093 5.768949
0.1094 5.771025
0.1095 3.708957
0.1096 8.662916
0.1097 7.824424
0.1098 9.199687
0.1099 1.761477
0.1100 3.421219
0.1101 10.136506
0.1102 1.744691
0.1103 4.374396
0.1104 9.838126
0.1105 8.071421
0.1106 8.270007
0.1107 8.468346
0.1108 8.684426
0.1109 4.952251
0.1110 6.034511
0.1111 7.015488
0.1112 5.230261
0.1113 7.390090
0.1114 8.545988
0.1115 5.523757
0.1116 5.454073
0.1117 6.390189
0.1118 5.321622
0.1119 6.189865
0.1120 9.108054
0.1121 12.024412
0.1122 5.778352
0.1123 5.411388
0.1124 8.941663
0.1125 7.462702
0.1126 7.872791
0.1127 8.371704
0.1128 12.962182
0.1129 8.619008
0.1130 7.376554
0.1131 10.304416
0.1132 9.270498
0.1133 7.423819
0.1134 8.465496
0.1135 9.413811
0.1136 10.344143
0.1137 15.629728
0.1138 17.927807
0.1139 14.104417
0.1140 11.125951
0.1141 14.160932
0.1142 12.190474
0.1143 10.006728
0.1144 14.833470
0.1145 18.927443
0.1146 17.594547
0.1147 13.922554
0.1148 20.163170
0.1149 17.224124
0.1150 24.035287
0.1151 32.788884
0.1152 31.519295
0.1153 36.231025
0.1154 36.895282
0.1155 41.596825
0.1156 51.259914
0.1157 69.780109
0.1158 88.119619
0.1159 94.414601
0.1160 120.602402
0.1161 124.716457
0.1162 125.949813
0.1163 147.144689
0.1164 169.183802
0.1165 202.081321
0.1166 237.647863
0.1167 270.738218
0.1168 320.483947
0.1169 353.896045
0.1170 397.138007
0.1171 434.113668
0.1172 464.614559
0.1173 487.852071
0.1174 519.836388
0.1175 537.697424
0.1176 568.319449
0.1177 597.697671
0.1178 627.749311
0.1179 651.610312
0.1180 688.314058
0.1181 718.831055
0.1182 754.150304
0.1183 778.336862
0.1184 795.293734
0.1185 813.096326
0.1186 829.713115
0.1187 845.215823
0.1188 866.510763
0.1189 877.592824
0.1190 898.459489
0.1191 913.179196
0.1192 925.742403
0.1193 942.145780
0.1194 963.386187
0.1195 992.480157
0.1196 1007.479135
0.1197 1027.366341
0.1198 1048.139555
0.1199 1063.833778
0.1200 1070.453288
0.1201 1089.012725
0.1202 1101.483302
0.1203 1111.897326
0.1204 1129.236445
0.1205 1144.487566
0.1206 1157.604965
0.1207 1169.542158
0.1208 1184.305902
0.1209 1187.025534
0.1210 1185.698595
0.1211 1193.281380
0.1212 1196.827912
0.1213 1205.337257
0.1214 1210.813506
0.1215 1220.236156
0.1216 1223.632068
0.1217 1232.992424
0.1218 1228.347596
0.1219 1237.678455
0.1220 1240.981330
0.1221 1252.234596
0.1222 1255.467247
0.1223 1261.674826
0.1224 1262.829364
0.1225 1262.826703
0.1226 1260.749523
0.1227 1264.645626
0.1228 1259.567895
0.1229 1263.485987
0.1230 1261.405573
0.1231 1271.299220
0.1232 1273.082779
0.1233 1281.775026
0.1234 1287.437267
0.1235 1285.086255
0.1236 1293.707681
0.1237 1295.309546
0.1238 1290.900920
0.1239 1292.399451
0.1240 1286.901184
0.1241 1287.417450
0.1242 1284.930126
0.1243 1284.450857
0.1244 1286.966198
0.1245 1288.472613
0.1246 1287.985523
0.1247 1286.479078
0.1248 1291.853066
0.1249 1292.193892
0.1250 1286.460778
0.1251 1277.458855
0.1252 1265.513084
0.1253 1258.626220
0.1254 1251.773167
0.1255 1247.956131
0.1256 1243.148150
0.1257 1233.395414
0.1258 1232.661119
0.1259 1227.947091
0.1260 1224.251677
0.1261 1232.549351
0.1262 1222.835208
0.1263 1225.072913
0.1264 1221.256464
0.1265 1216.459310
0.1266 1209.612919
0.1267 1202.751831
0.1268 1201.920513
0.1269 1202.086374
0.1270 1202.252466
0.1271 1194.433170
0.1272 1193.648160
0.1273 1186.859021
0.1274 1180.120434
0.1275 1177.365540
0.1276 1179.385885
0.1277 1179.413583
0.1278 1184.411791
0.1279 1185.397844
0.1280 1189.380282
0.1281 1194.333588
0.1282 1198.257793
0.1283 1202.162847
0.1284 1206.045311
0.1285 1204.929380
0.1286 1200.820999
0.1287 1194.734353
0.1288 1189.681855
0.1289 1189.641921
0.1290 1184.618477
0.1291 1182.617105
0.1292 1178.620216
0.1293 1169.666713
0.1294 1160.763069
0.1295 1163.865349
0.1296 1163.846702
0.1297 1155.840675
0.1298 1141.888170
0.1299 1137.979934
0.1300 1138.081327
0.1301 1138.186940
0.1302 1134.298579
0.1303 1131.428571
0.1304 1130.570161
0.1305 1126.718676
0.1306 1127.881978
0.1307 1121.063625
0.1308 1115.264453
0.1309 1107.514829
0.1310 1106.789246
0.1311 1104.053613
0.1312 1102.213498
0.1313 1094.387164
0.1314 1091.473467
0.1315 1084.577318
0.1316 1082.706564
0.1317 1074.800923
0.1318 1069.721147
0.1319 1065.662893
0.1320 1061.636692
0.1321 1057.623400
0.1322 1056.524476
0.1323 1059.402580
0.1324 1053.150255
0.1325 1047.915103
0.1326 1041.711268
0.1327 1034.549729
0.1328 1030.423808
0.1329 1027.313885
0.1330 1025.219573
0.1331 1020.137749
0.1332 1017.081916
0.1333 1014.040981
0.1334 1007.022869
0.1335 1006.032947
0.1336 1006.037400
0.1337 1003.050770
0.1338 1001.082408
0.1339 998.118285
0.1340 993.179028
0.1341 989.273815
0.1342 985.379208
0.1343 982.506767
0.1344 969.676903
0.1345 969.882940
0.1346 964.095780
0.1347 961.330662
0.1348 954.591779
0.1349 951.884723
0.1350 944.209349
0.1351 940.554105
0.1352 937.923860
0.1353 923.333403
0.1354 923.779246
0.1355 920.239613
0.1356 920.700453
0.1357 920.161259
0.1358 917.643515
0.1359 914.136507
0.1360 913.638089
0.1361 913.140921
0.1362 908.654890
0.1363 907.182655
0.1364 905.727494
0.1365 900.285711
0.1366 894.867281
0.1367 894.470197
0.1368 891.084969
0.1369 891.707837
0.1370 889.334628
0.1371 882.982975
0.1372 875.631830
0.1373 871.218130
0.1374 864.833479
0.1375 859.477898
0.1376 857.145782
0.1377 848.842064
0.1378 842.573761
0.1379 827.369679
0.1380 818.224177
0.1381 808.132776
0.1382 802.084454
0.1383 794.071363
0.1384 786.108421
0.1385 772.199253
0.1386 764.354551
0.1387 756.542609
0.1388 755.750609
0.1389 751.971864
0.1390 749.205001
0.1391 741.484228
0.1392 729.814493
0.1393 726.178268
0.1394 718.574328
0.1395 710.008782
0.1396 697.501701
0.1397 696.032865
0.1398 693.567131
0.1399 698.104535
0.1400 697.625926
0.1401 694.161300
0.1402 689.646209
0.1403 687.090878
0.1404 679.563932
0.1405 676.065572
0.1406 677.566497
0.1407 670.087276
0.1408 662.641796
0.1409 664.218224
0.1410 657.807900
0.1411 660.409072
0.1412 663.995024
0.1413 662.576060
0.1414 662.155134
0.1415 665.725759
0.1416 664.294065
0.1417 657.883784
0.1418 651.503799
0.1419 652.141789
0.1420 652.772703
0.1421 651.414826
0.1422 649.066160
0.1423 648.722270
0.1424 646.376001
0.1425 642.050917
0.1426 633.764562
0.1427 623.526933
0.1428 621.320079
0.1429 619.125431
0.1430 617.945560
0.1431 615.771279
0.1432 610.620236
0.1433 611.486082
0.1434 609.344928
0.1435 610.199363
0.1436 597.094552
0.1437 586.063431
0.1438 579.071798
0.1439 575.104248
0.1440 571.166422
0.1441 567.248691
0.1442 567.345516
0.1443 565.448693
0.1444 564.558513
0.1445 562.668739
0.1446 560.791180
0.1447 552.942181
0.1448 548.132743
0.1449 542.338225
0.1450 538.572140
0.1451 533.836923
0.1452 529.123183
0.1453 528.420308
0.1454 530.717227
0.1455 530.004200
0.1456 524.309495
0.1457 514.659121
0.1458 507.060089
0.1459 502.482587
0.1460 492.948297
0.1461 477.491220
0.1462 472.074379
0.1463 467.645090
0.1464 466.141435
0.1465 464.643098
0.1466 461.159343
0.1467 456.700641
0.1468 455.260623
0.1469 456.814088
0.1470 458.359009
0.1471 457.907277
0.1472 461.444449
0.1473 458.980106
0.1474 459.887378
0.1475 463.946215
0.1476 459.006699
0.1477 454.087650
0.1478 449.083845
0.1479 447.082894
0.1480 441.109530
0.1481 439.143658
0.1482 434.195753
0.1483 432.146217
0.1484 426.117589
0.1485 424.109309
0.1486 415.128966
0.1487 408.189399
0.1488 406.278321
0.1489 410.359876
0.1490 418.403742
0.1491 421.429127
0.1492 418.446847
0.1493 413.487606
0.1494 416.531309
0.1495 410.579880
0.1496 409.653585
0.1497 406.727833
0.1498 401.824062
0.1499 396.950987
0.1500 397.087590
0.1501 393.231151
0.1502 394.388553
0.1503 388.548961
0.1504 389.731378
0.1505 393.904363
0.1506 393.062480
0.1507 393.212501
0.1508 397.363343
0.1509 395.513768
0.1510 389.670000
0.1511 395.815715
0.1512 383.985703
0.1513 378.215172
0.1514 374.468933
0.1515 363.738927
0.1516 348.104626
0.1517 345.526412
0.1518 336.970848
0.1519 338.427135
0.1520 335.885035
0.1521 333.367062
0.1522 327.874558
0.1523 330.381061
0.1524 333.873709
0.1525 330.353841
0.1526 325.866758
0.1527 316.407462
0.1528 308.994834
0.1529 304.623472
0.1530 303.251900
0.1531 300.910011
0.1532 306.545700
0.1533 301.184659
0.1534 301.832984
0.1535 295.496125
0.1536 287.201469
0.1537 285.934502
0.1538 286.667406
0.1539 283.398620
0.1540 276.164514
0.1541 276.949103
0.1542 276.732463
0.1543 272.525713
0.1544 275.332053
0.1545 279.114484
0.1546 276.889050
0.1547 272.683947
0.1548 266.504550
0.1549 260.357548
0.1550 258.250461
0.1551 257.130315
0.1552 255.035227
0.1553 245.970450
0.1554 238.933393
0.1555 225.956765
0.1556 219.038611
0.1557 218.133748
0.1558 218.230643
0.1559 204.366975
0.1560 210.521647
0.1561 210.665725
0.1562 211.798310
0.1563 208.951499
0.1564 214.081475
0.1565 220.197092
0.1566 220.280682
0.1567 213.392538
0.1568 215.522327
0.1569 211.650678
0.1570 219.759495
0.1571 224.842933
0.1572 225.906467
0.1573 227.958610
0.1574 227.005349
0.1575 233.039653
0.1576 237.043006
0.1577 240.025657
0.1578 236.013278
0.1579 235.915476
0.1580 232.791141
0.1581 222.683334
0.1582 210.661389
0.1583 212.655429
0.1584 214.638749
0.1585 208.634269
0.1586 214.630939
0.1587 218.598427
0.1588 224.546425
0.1589 221.479192
0.1590 219.433898
0.1591 222.378084
0.1592 229.297911
0.1593 233.181942
0.1594 232.063145
0.1595 237.943291
0.1596 238.799707
0.1597 242.645622
0.1598 235.501962
0.1599 229.390592
0.1600 234.280780
0.1601 241.145831
0.1602 245.969785
0.1603 243.775635
0.1604 235.638040
0.1605 237.497715
0.1606 236.363016
0.1607 238.237008
0.1608 239.096501
0.1609 243.932433
0.1610 242.765057
0.1611 239.551752
0.1612 238.279676
0.1613 238.018407
0.1614 235.749534
0.1615 235.487305
0.1616 227.234783
0.1617 221.036649
0.1618 218.859520
0.1619 215.695785
0.1620 214.541577
0.1621 216.384685
0.1622 213.236984
0.1623 211.103330
0.1624 208.973357
0.1625 208.844024
0.1626 208.725169
0.1627 209.600076
0.1628 211.469954
0.1629 209.336255
0.1630 207.218430
0.1631 205.111317
0.1632 203.016596
0.1633 199.918588
0.1634 196.857469
0.1635 191.811949
0.1636 186.806411
0.1637 181.827178
0.1638 172.873060
0.1639 158.986631
0.1640 163.123869
0.1641 160.246743
0.1642 153.406073
0.1643 157.578085
0.1644 155.731281
0.1645 161.878206
0.1646 158.023966
0.1647 155.287818
0.1648 155.717510
0.1649 158.145377
0.1650 156.567239
0.1651 155.993182
0.1652 154.426925
0.1653 147.878632
0.1654 141.374800
0.1655 132.906686
0.1656 128.474609
0.1657 128.045650
0.1658 126.643023
0.1659 124.225622
0.1660 119.844293
0.1661 118.469880
0.1662 119.091987
0.1663 111.739264
0.1664 103.420473
0.1665 99.098344
0.1666 89.709223
0.1667 72.475103
0.1668 53.395059
0.1669 36.421648
0.1670 25.526215
0.1671 29.663880
0.1672 26.778175
0.1673 27.896040
0.1674 30.013913
0.1675 25.142294
0.1676 29.261575
0.1677 27.382963
0.1678 29.499338
0.1679 29.603763
0.1680 26.717321
0.1681 20.855452
0.1682 19.028510
0.1683 19.185568
0.1684 20.350324
0.1685 21.502199
0.1686 28.641128
0.1687 23.765836
0.1688 26.885407
0.1689 29.999732
0.1690 36.003524
0.1691 41.931244
0.1692 40.844022
0.1693 35.771096
0.1694 40.703460
0.1695 35.644027
0.1696 36.583840
0.1697 43.498107
0.1698 54.374565
0.1699 64.190439
0.1700 59.991513
0.1701 72.771017
0.1702 73.519838
0.1703 78.241748
0.1704 83.937599
0.1705 86.619364
0.1706 89.277697
0.1707 85.929616
0.1708 81.617692
0.1709 85.311251
0.1710 79.010430
0.1711 69.750317
0.1712 66.523878
0.1713 65.327813
0.1714 70.104840
0.1715 65.884131
0.1716 63.670874
0.1717 66.461209
0.1718 70.230463
0.1719 72.979088
0.1720 77.720978
0.1721 84.420665
0.1722 92.087092
0.1723 92.854401
0.1724 96.613887
0.1725 100.358460
0.1726 109.004825
0.1727 106.559832
0.1728 102.123845
0.1729 105.704263
0.1730 107.260438
0.1731 107.811575
0.1732 108.427743
0.1733 106.204641
0.1734 113.390675
0.1735 118.577443
0.1736 122.733922
0.1737 118.894505
0.1738 113.075511
0.1739 108.291676
0.1740 96.547612
0.1741 93.843728
0.1742 93.146846
0.1743 92.455713
0.1744 94.771990
0.1745 94.082126
0.1746 95.383055
0.1747 91.690115
0.1748 90.017309
0.1749 83.352794
0.1750 83.712354
0.1751 81.066225
0.1752 90.402541
0.1753 98.694064
0.1754 110.938026
0.1755 116.125324
0.1756 123.282660
0.1757 132.393986
0.1758 137.467699
0.1759 140.441844
0.1760 146.347484
0.1761 157.198620
0.1762 166.003037
0.1763 171.768273
0.1764 172.512022
0.1765 179.232727
0.1766 177.941403
0.1767 179.650209
0.1768 191.324961
0.1769 196.949035
0.1770 201.548868
0.1771 204.126404
0.1772 207.696302
0.1773 210.238155
0.1774 217.754185
0.1775 218.258565
0.1776 213.651532
0.1777 211.043552
0.1778 208.453700
0.1779 208.865626
0.1780 209.288293
0.1781 209.709607
0.1782 211.121147
0.1783 209.525845
0.1784 206.950043
0.1785 209.369074
0.1786 209.773881
0.1787 206.181237
0.1788 210.465196
0.1789 210.729867
0.1790 209.996332
0.1791 210.274050
0.1792 207.559348
0.1793 212.821435
0.1794 198.995350
0.1795 192.207175
0.1796 186.461526
0.1797 183.737402
0.1798 180.029716
0.1799 176.344290
0.1800 177.662383
0.1801 185.958707
0.1802 185.230796
0.1803 183.505229
0.1804 184.788963
0.1805 184.065218
0.1806 183.352801
0.1807 179.648561
0.1808 176.957023
0.1809 177.275296
0.1810 179.570491
0.1811 183.727364
0.1812 181.881677
0.1813 175.049725
0.1814 177.242602
0.1815 179.422149
0.1816 174.613533
0.1817 170.822044
0.1818 168.054631
0.1819 159.317965
0.1820 151.623871
0.1821 147.952672
0.1822 144.299801
0.1823 147.660461
0.1824 151.995681
0.1825 152.313160
0.1826 153.622651
0.1827 150.940097
0.1828 153.253746
0.1829 147.573118
0.1830 144.923126
0.1831 138.294163
0.1832 135.693012
0.1833 127.212907
0.1834 122.811750
0.1835 120.432630
0.1836 124.053655
0.1837 121.544167
0.1838 120.029495
0.1839 114.541313
0.1840 106.079450
0.1841 108.621553
0.1842 103.191790
0.1843 96.785664
0.1844 94.409511
0.1845 97.027364
0.1846 84.678875
0.1847 74.396889
0.1848 62.167607
0.1849 63.949009
0.1850 71.726626
0.1851 73.479746
0.1852 73.219935
0.1853 80.940475
0.1854 88.617350
0.1855 94.260743
0.1856 100.870273
0.1857 109.440329
0.1858 106.994627
0.1859 108.549570
0.1860 116.077071
0.1861 115.589867
0.1862 114.109303
0.1863 110.636661
0.1864 107.180214
0.1865 100.764131
0.1866 106.344726
0.1867 100.915163
0.1868 95.526182
0.1869 83.173068
0.1870 77.878784
0.1871 81.578940
0.1872 80.284347
0.1873 82.986318
0.1874 88.656401
0.1875 91.315364
0.1876 88.959317
0.1877 88.614667
0.1878 89.267496
0.1879 89.924853
0.1880 89.570863
0.1881 93.232613
0.1882 109.827655
0.1883 114.353534
0.1884 105.898983
0.1885 101.463540
0.1886 99.064058
0.1887 96.679654
0.1888 100.290102
0.1889 99.885167
0.1890 101.478317
0.1891 103.062411
0.1892 104.644236
0.1893 98.240563
0.1894 89.882635
0.1895 88.547188
0.1896 83.224514
0.1897 79.922035
0.1898 77.628526
0.1899 80.339887
0.1900 79.041223
0.1901 81.743267
0.1902 85.434555
0.1903 88.104358
0.1904 88.760557
0.1905 89.415144
0.1906 89.074446
0.1907 89.733845
0.1908 87.389311
0.1909 87.061073
0.1910 87.729883
0.1911 87.395630
0.1912 88.049984
0.1913 91.704409
0.1914 91.349677
0.1915 87.005813
0.1916 89.659941
0.1917 95.296124
0.1918 97.903119
0.1919 107.493905
0.1920 113.031058
0.1921 110.560920
0.1922 111.102298
0.1923 116.638130
0.1924 115.139024
0.1925 110.664219
0.1926 111.208828
0.1927 107.749885
0.1928 112.293272
0.1929 106.822149
0.1930 100.262312
0.1931 98.726876
0.1932 102.186638
0.1933 93.666303
0.1934 90.171918
0.1935 84.700842
0.1936 82.265778
0.1937 75.846610
0.1938 70.459286
0.1939 62.107996
0.1940 62.772786
0.1941 62.426214
0.1942 62.087858
0.1943 68.741458
0.1944 66.379587
0.1945 69.014688
0.1946 74.633691
0.1947 76.232411
0.1948 70.829897
0.1949 77.430011
0.1950 74.026041
0.1951 72.634034
0.1952 70.257709
0.1953 73.876534
0.1954 75.475639
0.1955 70.090838
0.1956 70.716077
0.1957 71.332643
0.1958 66.943975
0.1959 56.622102
0.1960 54.316290
0.1961 50.039124
0.1962 51.769261
0.1963 51.499372
0.1964 52.215711
0.1965 55.922600
0.1966 56.613654
0.1967 58.297931
0.1968 65.971501
0.1969 71.606071
0.1970 79.204765
0.1971 83.774215
0.1972 84.328461
0.1973 74.910174
0.1974 78.497130
0.1975 77.067540
0.1976 77.648134
0.1977 79.222342
0.1978 75.805776
0.1979 73.424228
0.1980 77.021067
0.1981 82.596717
0.1982 84.149639
0.1983 80.699965
0.1984 69.291404
0.1985 57.944383
0.1986 43.671072
0.1987 32.471492
0.1988 20.324319
0.1989 20.214272
0.1990 14.136192
0.1991 14.053354
0.1992 5.005289
0.1993 4.974723
0.1994 9.935762
0.1995 6.006372
0.1996 5.231209
0.1997 3.489267
0.1998 5.855249
0.1999 6.218702
0.2000 2.604173
0.2001 6.978631
0.2002 3.356726
0.2003 4.736745
0.2004 3.121902
0.2005 2.510209
0.2006 3.931772
0.2007 1.461480
0.2008 1.984551
0.2009 0.506014
0.2010 0.111717
0.2011 2.897157
0.2012 1.769844
0.2013 2.831490
0.2014 1.894251
0.2015 0.959108
0.2016 1.020278
0.2017 0.215151
0.2018 2.453359
0.2019 1.785685
0.2020 0.143749
0.2021 0.611634
0.2022 1.207727
0.2023 0.811499
0.2024 1.222990
0.2025 0.589843
0.2026 2.092573
0.2027 2.725792
0.2028 1.463160
0.2029 3.198590
0.2030 2.026874
0.2031 2.896799
0.2032 3.696209
0.2033 0.490868
0.2034 2.548754
0.2035 0.685413
0.2036 3.819785
0.2037 2.008721
0.2038 1.366596
0.2039 1.999960
0.2040 0.670536
0.2041 0.478525
0.2042 0.317153
0.2043 1.256047
0.2044 1.441317
0.2045 0.786290
0.2046 2.130137
0.2047 1.545686
0.2048 1.054097
0.2049 1.568186
0.2050 1.224538
0.2051 2.884659
0.2052 0.872220
0.2053 1.992546
0.2054 0.164478
0.2055 1.312594
0.2056 0.495041
0.2057 0.772291
0.2058 0.805160
0.2059 0.752515
0.2060 1.633740
0.2061 0.517149
0.2062 3.668077
0.2063 3.007504
0.2064 1.661127
0.2065 1.345633
0.2066 1.028830
0.2067 1.709549
0.2068 2.391201
0.2069 1.049098
0.2070 0.797027
0.2071 1.680235
0.2072 2.832835
0.2073 2.061645
0.2074 2.266071
0.2075 0.199155
0.2076 0.194667
0.2077 2.280999
0.2078 1.453959
0.2079 2.616739
0.2080 0.837613
0.2081 1.271785
0.2082 0.962205
0.2083 0.917347
0.2084 -0.136948
0.2085 2.708568
0.2086 2.464220
0.2087 2.344321
0.2088 1.314543
0.2089 1.449622
0.2090 2.467044
0.2091 3.355323
0.2092 2.192794
0.2093 1.049885
0.2094 2.020678
0.2095 1.829443
0.2096 2.586777
0.2097 1.528145
0.2098 1.611152
0.2099 1.711909
0.2100 2.990462
0.2101 3.357397
0.2102 1.977480
0.2103 0.780206
0.2104 4.842063
0.2105 3.025511
0.2106 -0.719812
0.2107 1.511138
0.2108 0.908013
0.2109 0.478185
0.2110 2.196211
0.2111 1.903144
0.2112 2.741595
0.2113 0.660374
0.2114 0.471197
0.2115 2.304289
0.2116 2.275188
0.2117 0.373894
0.2118 4.791600
0.2119 1.059785
0.2120 2.457828
0.2121 2.754210
0.2122 4.048566
0.2123 1.320365
0.2124 1.480901
0.2125 2.812766
0.2126 4.169865
0.2127 3.580956
0.2128 3.984837
0.2129 1.355427
0.2130 3.054741
0.2131 3.005558
0.2132 3.938872
0.2133 1.096615
0.2134 2.298819
0.2135 2.518651
0.2136 3.620379
0.2137 4.686950
0.2138 3.801975
0.2139 4.996742
0.2140 1.095062
0.2141 4.066443
0.2142 4.778114
0.2143 4.369212
0.2144 2.921820
0.2145 4.484646
0.2146 2.039116
0.2147 5.601872
0.2148 3.162989
0.2149 2.787948
0.2150 2.273854
0.2151 2.693178
0.2152 4.164908
0.2153 1.667588
0.2154 2.065544
0.2155 4.521630
0.2156 8.038842
0.2157 6.591979
0.2158 6.279751
0.2159 1.971423
0.2160 5.662263
0.2161 1.397848
0.2162 3.227176
0.2163 1.155642
0.2164 3.067080
0.2165 0.824607
0.2166 4.712312
0.2167 2.727621
0.2168 6.475196
0.2169 2.209928
0.2170 4.925812
0.2171 1.426490
0.2172 2.602660
0.2173 1.718714
0.2174 5.734148
0.2175 6.671854
0.2176 5.584533
0.2177 5.471832
0.2178 5.318416
0.2179 8.514463
0.2180 4.787407
0.2181 3.072883
0.2182 10.219082
0.2183 4.236443
0.2184 6.116050
0.2185 2.895864
0.2186 5.592590
0.2187 6.340659
0.2188 4.995743
0.2189 7.771600
0.2190 6.292485
0.2191 7.700829
0.2192 7.181543
0.2193 2.666067
0.2194 6.252259
0.2195 3.698969
0.2196 4.415519
0.2197 7.100817
0.2198 6.016724
0.2199 12.285187
0.2200 7.871461
0.2201 3.554677
0.2202 6.911754
0.2203 6.129970
0.2204 8.408762
0.2205 4.653545
0.2206 1.776077
0.2207 8.598658
0.2208 8.285117
0.2209 12.793620
0.2210 8.195143
0.2211 9.603025
0.2212 13.073924
0.2213 7.546028
0.2214 11.998949
0.2215 4.335826
0.2216 10.643112
0.2217 3.884731
0.2218 15.139495
0.2219 15.309522
0.2220 16.480008
0.2221 12.700217
0.2222 16.995344
0.2223 17.301287
0.2224 17.365265
0.2225 14.381686
0.2226 14.140479
0.2227 10.160304
0.2228 14.193386
0.2229 10.322152
0.2230 13.529547
0.2231 13.841297
0.2232 11.225401
0.2233 18.773500
0.2234 23.468010
0.2235 16.119643
0.2236 17.802391
0.2237 19.382903
0.2238 25.881091
0.2239 21.333281
0.2240 44.659046
0.2241 42.833830
0.2242 41.986506
0.2243 65.012747
0.2244 84.845471
0.2245 114.539326
0.2246 145.096167
0.2247 179.452536
0.2248 211.626332
0.2249 231.543643
0.2250 264.314304
0.2251 302.895021
0.2252 325.178992
0.2253 365.149301
0.2254 387.959451
0.2255 411.486820
0.2256 434.707676
0.2257 454.490151
0.2258 492.969075
0.2259 533.045671
0.2260 562.750076
0.2261 587.297444
0.2262 623.660804
0.2263 652.723676
0.2264 692.608448
0.2265 723.313960
0.2266 755.846839
0.2267 782.223504
0.2268 812.429672
0.2269 828.524833
0.2270 851.432728
0.2271 876.116596
0.2272 903.571199
0.2273 927.621905
0.2274 951.470950
0.2275 974.124713
0.2276 998.664279
0.2277 1015.080923
0.2278 1029.429482
0.2279 1053.664688
0.2280 1077.779332
0.2281 1090.778795
0.2282 1105.701476
0.2283 1121.512560
0.2284 1129.188199
0.2285 1139.644317
0.2286 1155.917422
0.2287 1170.104128
0.2288 1180.234108
0.2289 1197.269328
0.2290 1208.973142
0.2291 1221.616111
0.2292 1218.225607
0.2293 1220.842582
0.2294 1227.393791
0.2295 1242.783054
0.2296 1239.945258
0.2297 1244.904652
0.2298 1253.712563
0.2299 1261.307015
0.2300 1265.739471
0.2301 1272.148088
0.2302 1277.544569
0.2303 1284.893580
0.2304 1289.207100
0.2305 1294.390012
0.2306 1300.512907
0.2307 1316.588338
0.2308 1310.630111
0.2309 1320.542800
0.2310 1324.405728
0.2311 1328.238162
0.2312 1335.043868
0.2313 1331.816629
0.2314 1339.469371
0.2315 1344.077472
0.2316 1344.690622
0.2317 1348.292385
0.2318 1347.770736
0.2319 1358.189456
0.2320 1362.571200
0.2321 1367.839288
0.2322 1369.049328
0.2323 1377.168261
0.2324 1376.194419
0.2325 1374.234967
0.2326 1379.265179
0.2327 1383.268946
0.2328 1386.258930
0.2329 1384.237043
0.2330 1384.213217
0.2331 1393.172515
0.2332 1389.129650
0.2333 1386.106829
0.2334 1381.105554
0.2335 1385.964174
0.2336 1385.814402
0.2337 1389.649187
0.2338 1387.488125
0.2339 1387.327396
0.2340 1373.073412
0.2341 1374.851243
0.2342 1373.630786
0.2343 1367.413450
0.2344 1358.248727
0.2345 1353.029223
0.2346 1348.766409
0.2347 1346.425577
0.2348 1346.944958
0.2349 1335.486136
0.2350 1330.076303
0.2351 1321.587392
0.2352 1314.125177
0.2353 1309.692249
0.2354 1302.294842
0.2355 1290.934276
0.2356 1284.512042
0.2357 1275.125934
0.2358 1265.793015
0.2359 1255.508694
0.2360 1242.290576
0.2361 1242.108167
0.2362 1239.928880
0.2363 1234.772306
0.2364 1230.629232
0.2365 1230.510524
0.2366 1227.396529
0.2367 1222.224900
0.2368 1229.994534
0.2369 1234.729922
0.2370 1232.346803
0.2371 1223.975607
0.2372 1225.612205
0.2373 1224.258143
0.2374 1221.906389
0.2375 1220.561332
0.2376 1220.220650
0.2377 1220.877996
0.2378 1217.466268
0.2379 1220.005237
0.2380 1218.538048
0.2381 1218.080868
0.2382 1213.634081
0.2383 1211.180167
0.2384 1210.626820
0.2385 1205.094899
0.2386 1210.555684
0.2387 1206.015663
0.2388 1200.502386
0.2389 1197.016978
0.2390 1196.538439
0.2391 1187.084274
0.2392 1176.685722
0.2393 1169.333059
0.2394 1157.023710
0.2395 1153.766884
0.2396 1142.541370
0.2397 1134.374910
0.2398 1124.255576
0.2399 1123.168248
0.2400 1122.094308
0.2401 1124.016608
0.2402 1116.942664
0.2403 1108.921338
0.2404 1097.941230
0.2405 1092.011701
0.2406 1080.132739
0.2407 1082.284355
0.2408 1072.453005
0.2409 1072.637294
0.2410 1069.741121
0.2411 1063.829500
0.2412 1058.934036
0.2413 1059.055377
0.2414 1051.204393
0.2415 1033.421625
0.2416 1029.691774
0.2417 1015.013650
0.2418 991.434871
0.2419 983.942414
0.2420 969.497628
0.2421 963.124588
0.2422 961.758452
0.2423 955.410088
0.2424 956.089138
0.2425 949.788076
0.2426 938.535162
0.2427 938.317323
0.2428 932.109398
0.2429 934.924704
0.2430 932.727347
0.2431 925.451149
0.2432 914.173900
0.2433 910.957327
0.2434 900.771203
0.2435 896.638118
0.2436 888.527464
0.2437 889.433031
0.2438 889.323828
0.2439 887.232011
0.2440 887.147120
0.2441 885.051747
0.2442 885.970097
0.2443 885.887624
0.2444 880.827261
0.2445 877.790511
0.2446 874.753500
0.2447 868.748947
0.2448 860.785374
0.2449 857.742366
0.2450 861.663024
0.2451 857.585470
0.2452 858.521627
0.2453 861.446444
0.2454 861.368240
0.2455 861.285296
0.2456 857.213178
0.2457 854.157380
0.2458 847.124481
0.2459 841.135446
0.2460 851.125244
0.2461 849.102447
0.2462 845.085234
0.2463 851.072108
0.2464 848.058342
0.2465 848.046060
0.2466 847.032408
0.2467 845.029579
0.2468 836.055438
0.2469 835.113548
0.2470 831.184252
0.2471 831.260766
0.2472 825.361138
0.2473 819.497649
0.2474 818.627089
0.2475 810.794357
0.2476 803.002260
0.2477 782.289162
0.2478 777.648874
0.2479 771.032310
0.2480 762.446831
0.2481 754.904959
0.2482 744.424523
0.2483 742.971476
0.2484 745.521163
0.2485 742.066233
0.2486 737.640697
0.2487 739.222208
0.2488 739.793683
0.2489 746.343753
0.2490 738.904300
0.2491 740.475956
0.2492 741.035323
0.2493 731.620441
0.2494 727.248437
0.2495 719.898482
0.2496 712.612394
0.2497 706.352767
0.2498 705.102513
0.2499 700.865344
