0 3755
0.01 3665
0.02 3597
0.03 3553
0.04 3506
0.05 3454
0.06 3415
0.07 3380
0.08 3346
0.09 3312
0.1 3275
0.11 3248
0.12 3223
0.13 3204
0.14 3182
0.15 3148
0.16 3120
0.17 3100
0.18 3075
0.19 3048
0.2 3032
0.21 3005
0.22 2987
0.23 2970
0.24 2954
0.25 2932
0.26 2918
0.27 2903
0.28 2883
0.29 2863
0.3 2852
0.31 2837
0.32 2827
0.33 2814
0.34 2801
0.35 2795
0.36 2782
0.37 2765
0.38 2758
0.39 2747
0.4 2739
0.41 2724
0.42 2711
0.43 2701
0.44 2693
0.45 2686
0.46 2680
0.47 2676
0.48 2668
0.49 2662
0.5 2660
0.51 2649
0.52 2634
0.53 2627
0.54 2619
0.55 2609
0.56 2602
0.57 2603
0.58 2596
0.59 2594
0.6 2590
0.61 2588
0.62 2583
0.63 2578
0.64 2569
0.65 2567
0.66 2567
0.67 2565
0.68 2561
0.69 2561
0.7 2560
0.71 2558
0.72 2555
0.73 2547
0.74 2547
0.75 2546
0.76 2541
0.77 2541
0.78 2538
0.79 2535
0.8 2534
0.81 2529
0.82 2526
0.83 2525
0.84 2521
0.85 2523
0.86 2521
0.87 2514
0.88 2509
0.89 2507
0.9 2502
0.91 2499
0.92 2496
0.93 2495
0.94 2492
0.95 2489
0.96 2490
0.97 2486
0.98 2484
0.99 2483
1 2482
1.01 2482
1.02 2481
1.03 2479
1.04 2478
1.05 2479
1.06 2477
1.07 2478
1.08 2478
1.09 2475
1.1 2474
1.11 2474
1.12 2474
1.13 2473
1.14 2473
1.15 2473
1.16 2472
1.17 2470
1.18 2472
1.19 2465
1.2 2465
1.21 2466
1.22 2467
1.23 2465
1.24 2462
1.25 2459
1.26 2461
1.27 2456
1.28 2456
1.29 2457
1.3 2458
1.31 2458
1.32 2458
1.33 2456
1.34 2460
1.35 2455
1.36 2452
1.37 2448
1.38 2449
1.39 2449
1.4 2449
1.41 2449
1.42 2449
1.43 2450
1.44 2450
1.45 2450
1.46 2451
1.47 2450
1.48 2448
1.49 2449
1.5 2449
1.51 2449
1.52 2448
1.53 2447
1.54 2448
1.55 2446
1.56 2447
1.57 2447
1.58 2447
1.59 2446
1.6 2445
1.61 2444
1.62 2444
1.63 2444
1.64 2443
1.65 2444
1.66 2444
1.67 2442
1.68 2443
1.69 2442
1.7 2444
1.71 2444
1.72 2443
1.73 2442
1.74 2441
1.75 2442
1.76 2444
1.77 2445
1.78 2445
1.79 2445
1.8 2440
1.81 2441
1.82 2441
1.83 2441
1.84 2443
1.85 2442
1.86 2441
1.87 2440
1.88 2440
1.89 2443
1.9 2442
1.91 2440
1.92 2441
1.93 2440
1.94 2440
1.95 2440
1.96 2440
1.97 2442
1.98 2441
1.99 2441
2 2441
