0 0
0.0001 0
0.0002 0
0.0003 0
0.0004 0
0.0005 0
0.0006 0
0.0007 0
0.0008 0
0.0009 0
0.001 0
0.0011 0
0.0012 0
0.0013 0
0.0014 0
0.0015 0
0.0016 0
0.0017 0
0.0018 0
0.0019 0
0.002 0
0.0021 1
0.0022 1
0.0023 1
0.0024 1
0.0025 3
0.0026 3
0.0027 3
0.0028 3
0.0029 3
0.003 4
0.0031 5
0.0032 6
0.0033 7
0.0034 7
0.0035 9
0.0036 9
0.0037 10
0.0038 11
0.0039 11
0.004 12
0.0041 12
0.0042 13
0.0043 17
0.0044 17
0.0045 17
0.0046 18
0.0047 24
0.0048 26
0.0049 30
0.005 32
0.0051 36
0.0052 40
0.0053 43
0.0054 46
0.0055 49
0.0056 52
0.0057 53
0.0058 54
0.0059 57
0.006 58
0.0061 63
0.0062 66
0.0063 69
0.0064 75
0.0065 76
0.0066 81
0.0067 86
0.0068 91
0.0069 94
0.007 95
0.0071 98
0.0072 101
0.0073 108
0.0074 109
0.0075 113
0.0076 118
0.0077 118
0.0078 124
0.0079 127
0.008 132
0.0081 140
0.0082 144
0.0083 144
0.0084 147
0.0085 150
0.0086 155
0.0087 164
0.0088 170
0.0089 175
0.009 175
0.0091 177
0.0092 181
0.0093 186
0.0094 190
0.0095 193
0.0096 204
0.0097 207
0.0098 215
0.0099 221
0.01 223
0.0101 229
0.0102 236
0.0103 238
0.0104 243
0.0105 247
0.0106 249
0.0107 253
0.0108 258
0.0109 265
0.011 272
0.0111 283
0.0112 288
0.0113 292
0.0114 297
0.0115 299
0.0116 306
0.0117 313
0.0118 320
0.0119 320
0.012 330
0.0121 340
0.0122 345
0.0123 348
0.0124 357
0.0125 364
0.0126 375
0.0127 380
0.0128 391
0.0129 401
0.013 410
0.0131 420
0.0132 428
0.0133 436
0.0134 440
0.0135 447
0.0136 452
0.0137 463
0.0138 470
0.0139 478
0.014 486
0.0141 498
0.0142 506
0.0143 513
0.0144 527
0.0145 530
0.0146 535
0.0147 539
0.0148 543
0.0149 552
0.015 564
0.0151 567
0.0152 573
0.0153 576
0.0154 577
0.0155 586
0.0156 592
0.0157 596
0.0158 602
0.0159 611
0.016 616
0.0161 629
0.0162 636
0.0163 645
0.0164 651
0.0165 658
0.0166 666
0.0167 675
0.0168 684
0.0169 691
0.017 699
0.0171 704
0.0172 715
0.0173 720
0.0174 723
0.0175 732
0.0176 741
0.0177 747
0.0178 752
0.0179 757
0.018 769
0.0181 780
0.0182 789
0.0183 797
0.0184 802
0.0185 811
0.0186 820
0.0187 832
0.0188 837
0.0189 842
0.019 848
0.0191 854
0.0192 862
0.0193 871
0.0194 878
0.0195 884
0.0196 889
0.0197 892
0.0198 903
0.0199 912
0.02 921
0.0201 929
0.0202 942
0.0203 943
0.0204 954
0.0205 957
0.0206 968
0.0207 977
0.0208 974
0.0209 982
0.021 992
0.0211 996
0.0212 1003
0.0213 1005
0.0214 1012
0.0215 1018
0.0216 1030
0.0217 1036
0.0218 1038
0.0219 1043
0.022 1047
0.0221 1056
0.0222 1060
0.0223 1061
0.0224 1071
0.0225 1072
0.0226 1081
0.0227 1080
0.0228 1091
0.0229 1097
0.023 1107
0.0231 1119
0.0232 1123
0.0233 1130
0.0234 1131
0.0235 1145
0.0236 1145
0.0237 1158
0.0238 1163
0.0239 1170
0.024 1178
0.0241 1189
0.0242 1194
0.0243 1202
0.0244 1200
0.0245 1212
0.0246 1227
0.0247 1234
0.0248 1244
0.0249 1252
0.025 1263
0.0251 1272
0.0252 1279
0.0253 1282
0.0254 1294
0.0255 1299
0.0256 1309
0.0257 1314
0.0258 1318
0.0259 1323
0.026 1333
0.0261 1345
0.0262 1341
0.0263 1354
0.0264 1360
0.0265 1368
0.0266 1378
0.0267 1380
0.0268 1386
0.0269 1391
0.027 1402
0.0271 1403
0.0272 1411
0.0273 1420
0.0274 1420
0.0275 1432
0.0276 1445
0.0277 1448
0.0278 1458
0.0279 1463
0.028 1472
0.0281 1475
0.0282 1475
0.0283 1491
0.0284 1494
0.0285 1500
0.0286 1506
0.0287 1513
0.0288 1528
0.0289 1530
0.029 1537
0.0291 1543
0.0292 1542
0.0293 1544
0.0294 1554
0.0295 1559
0.0296 1563
0.0297 1572
0.0298 1571
0.0299 1587
0.03 1584
0.0301 1598
0.0302 1601
0.0303 1599
0.0304 1604
0.0305 1607
0.0306 1614
0.0307 1614
0.0308 1620
0.0309 1625
0.031 1634
0.0311 1634
0.0312 1643
0.0313 1660
0.0314 1667
0.0315 1660
0.0316 1669
0.0317 1684
0.0318 1683
0.0319 1696
0.032 1696
0.0321 1701
0.0322 1713
0.0323 1718
0.0324 1729
0.0325 1729
0.0326 1738
0.0327 1749
0.0328 1762
0.0329 1767
0.033 1778
0.0331 1780
0.0332 1783
0.0333 1777
0.0334 1788
0.0335 1795
0.0336 1816
0.0337 1815
0.0338 1821
0.0339 1832
0.034 1832
0.0341 1837
0.0342 1855
0.0343 1854
0.0344 1869
0.0345 1880
0.0346 1887
0.0347 1889
0.0348 1884
0.0349 1901
0.035 1911
0.0351 1907
0.0352 1917
0.0353 1931
0.0354 1937
0.0355 1947
0.0356 1934
0.0357 1957
0.0358 1963
0.0359 1965
0.036 1978
0.0361 1986
0.0362 1974
0.0363 1983
0.0364 1994
0.0365 2002
0.0366 1997
0.0367 2013
0.0368 2000
0.0369 2004
0.037 1994
0.0371 2005
0.0372 2018
0.0373 2025
0.0374 2025
0.0375 2029
0.0376 2026
0.0377 2033
0.0378 2033
0.0379 2042
0.038 2030
0.0381 2033
0.0382 2034
0.0383 2047
0.0384 2049
0.0385 2033
0.0386 2043
0.0387 2045
0.0388 2027
0.0389 2017
0.039 2019
0.0391 2010
0.0392 1994
0.0393 1968
0.0394 1938
0.0395 1936
0.0396 1915
0.0397 1908
0.0398 1899
0.0399 1899
0.04 1875
0.0401 1870
0.0402 1863
0.0403 1852
0.0404 1849
0.0405 1847
0.0406 1850
0.0407 1841
0.0408 1818
0.0409 1795
0.041 1777
0.0411 1750
0.0412 1717
0.0413 1700
0.0414 1656
0.0415 1624
0.0416 1593
0.0417 1558
0.0418 1524
0.0419 1490
0.042 1449
0.0421 1412
0.0422 1386
0.0423 1353
0.0424 1327
0.0425 1304
0.0426 1258
0.0427 1223
0.0428 1192
0.0429 1167
0.043 1160
0.0431 1164
0.0432 1156
0.0433 1170
0.0434 1148
0.0435 1125
0.0436 1116
0.0437 1095
0.0438 1075
0.0439 1048
0.044 1018
0.0441 992
0.0442 972
0.0443 960
0.0444 950
0.0445 936
0.0446 923
0.0447 923
0.0448 917
0.0449 909
0.045 889
0.0451 881
0.0452 879
0.0453 869
0.0454 865
0.0455 853
0.0456 839
0.0457 825
0.0458 816
0.0459 803
0.046 782
0.0461 766
0.0462 756
0.0463 732
0.0464 720
0.0465 722
0.0466 737
0.0467 778
0.0468 805
0.0469 851
0.047 859
0.0471 860
0.0472 864
0.0473 872
0.0474 866
0.0475 852
0.0476 835
0.0477 825
0.0478 823
0.0479 840
0.048 847
0.0481 851
0.0482 843
0.0483 843
0.0484 837
0.0485 821
0.0486 814
0.0487 815
0.0488 810
0.0489 800
0.049 799
0.0491 789
0.0492 784
0.0493 776
0.0494 763
0.0495 757
0.0496 739
0.0497 725
0.0498 715
0.0499 704
0.05 696
0.0501 689
0.0502 675
0.0503 671
0.0504 657
0.0505 654
0.0506 646
0.0507 631
0.0508 617
0.0509 608
0.051 601
0.0511 597
0.0512 586
0.0513 578
0.0514 575
0.0515 569
0.0516 559
0.0517 550
0.0518 543
0.0519 530
0.052 519
0.0521 507
0.0522 496
0.0523 491
0.0524 485
0.0525 476
0.0526 474
0.0527 470
0.0528 468
0.0529 462
0.053 461
0.0531 456
0.0532 451
0.0533 452
0.0534 455
0.0535 461
0.0536 452
0.0537 462
0.0538 451
0.0539 450
0.054 434
0.0541 430
0.0542 424
0.0543 410
0.0544 399
0.0545 395
0.0546 391
0.0547 378
0.0548 366
0.0549 357
0.055 351
0.0551 345
0.0552 340
0.0553 335
0.0554 329
0.0555 329
0.0556 329
0.0557 319
0.0558 321
0.0559 320
0.056 327
0.0561 328
0.0562 329
0.0563 332
0.0564 333
0.0565 334
0.0566 330
0.0567 332
0.0568 328
0.0569 331
0.057 325
0.0571 326
0.0572 325
0.0573 325
0.0574 320
0.0575 321
0.0576 329
0.0577 338
0.0578 336
0.0579 334
0.058 338
0.0581 339
0.0582 334
0.0583 330
0.0584 334
0.0585 326
0.0586 326
0.0587 322
0.0588 315
0.0589 309
0.059 310
0.0591 301
0.0592 298
0.0593 293
0.0594 286
0.0595 285
0.0596 279
0.0597 271
0.0598 277
0.0599 279
0.06 280
0.0601 277
0.0602 283
0.0603 281
0.0604 274
0.0605 270
0.0606 265
0.0607 262
0.0608 255
0.0609 261
0.061 260
0.0611 256
0.0612 259
0.0613 265
0.0614 266
0.0615 266
0.0616 261
0.0617 260
0.0618 260
0.0619 268
0.062 301
0.0621 334
0.0622 362
0.0623 386
0.0624 402
0.0625 403
0.0626 408
0.0627 413
0.0628 411
0.0629 408
0.063 407
0.0631 404
0.0632 397
0.0633 386
0.0634 382
0.0635 377
0.0636 369
0.0637 357
0.0638 351
0.0639 345
0.064 341
0.0641 344
0.0642 341
0.0643 352
0.0644 365
0.0645 383
0.0646 391
0.0647 403
0.0648 413
0.0649 414
0.065 417
0.0651 437
0.0652 467
0.0653 504
0.0654 529
0.0655 559
0.0656 588
0.0657 594
0.0658 601
0.0659 603
0.066 607
0.0661 622
0.0662 625
0.0663 628
0.0664 638
0.0665 653
0.0666 659
0.0667 665
0.0668 680
0.0669 692
0.067 704
0.0671 715
0.0672 727
0.0673 733
0.0674 731
0.0675 754
0.0676 769
0.0677 778
0.0678 781
0.0679 793
0.068 798
0.0681 802
0.0682 803
0.0683 813
0.0684 814
0.0685 820
0.0686 816
0.0687 817
0.0688 811
0.0689 825
0.069 829
0.0691 833
0.0692 852
0.0693 849
0.0694 866
0.0695 866
0.0696 866
0.0697 889
0.0698 902
0.0699 895
0.07 925
0.0701 945
0.0702 959
0.0703 966
0.0704 973
0.0705 996
0.0706 1013
0.0707 1022
0.0708 1030
0.0709 1046
0.071 1047
0.0711 1061
0.0712 1060
0.0713 1057
0.0714 1066
0.0715 1068
0.0716 1070
0.0717 1082
0.0718 1087
0.0719 1087
0.072 1096
0.0721 1099
0.0722 1102
0.0723 1099
0.0724 1099
0.0725 1101
0.0726 1096
0.0727 1106
0.0728 1109
0.0729 1108
0.073 1120
0.0731 1132
0.0732 1128
0.0733 1141
0.0734 1136
0.0735 1146
0.0736 1147
0.0737 1149
0.0738 1155
0.0739 1157
0.074 1160
0.0741 1157
0.0742 1163
0.0743 1172
0.0744 1174
0.0745 1181
0.0746 1183
0.0747 1190
0.0748 1196
0.0749 1201
0.075 1205
0.0751 1210
0.0752 1214
0.0753 1217
0.0754 1225
0.0755 1228
0.0756 1236
0.0757 1239
0.0758 1242
0.0759 1250
0.076 1259
0.0761 1265
0.0762 1271
0.0763 1284
0.0764 1282
0.0765 1286
0.0766 1303
0.0767 1305
0.0768 1307
0.0769 1321
0.077 1312
0.0771 1320
0.0772 1333
0.0773 1330
0.0774 1340
0.0775 1340
0.0776 1347
0.0777 1352
0.0778 1358
0.0779 1357
0.078 1366
0.0781 1370
0.0782 1376
0.0783 1390
0.0784 1387
0.0785 1395
0.0786 1404
0.0787 1411
0.0788 1419
0.0789 1414
0.079 1423
0.0791 1432
0.0792 1438
0.0793 1452
0.0794 1455
0.0795 1463
0.0796 1469
0.0797 1479
0.0798 1484
0.0799 1484
0.08 1485
0.0801 1499
0.0802 1496
0.0803 1503
0.0804 1511
0.0805 1511
0.0806 1517
0.0807 1522
0.0808 1525
0.0809 1539
0.081 1551
0.0811 1556
0.0812 1561
0.0813 1566
0.0814 1565
0.0815 1572
0.0816 1571
0.0817 1578
0.0818 1584
0.0819 1588
0.082 1593
0.0821 1592
0.0822 1597
0.0823 1602
0.0824 1608
0.0825 1609
0.0826 1618
0.0827 1619
0.0828 1628
0.0829 1636
0.083 1634
0.0831 1640
0.0832 1648
0.0833 1651
0.0834 1665
0.0835 1666
0.0836 1673
0.0837 1679
0.0838 1695
0.0839 1698
0.084 1705
0.0841 1699
0.0842 1694
0.0843 1694
0.0844 1686
0.0845 1679
0.0846 1678
0.0847 1679
0.0848 1666
0.0849 1650
0.085 1648
0.0851 1651
0.0852 1656
0.0853 1649
0.0854 1649
0.0855 1660
0.0856 1661
0.0857 1671
0.0858 1679
0.0859 1713
0.086 1710
0.0861 1723
0.0862 1719
0.0863 1741
0.0864 1751
0.0865 1763
0.0866 1757
0.0867 1763
0.0868 1785
0.0869 1779
0.087 1799
0.0871 1807
0.0872 1805
0.0873 1811
0.0874 1830
0.0875 1832
0.0876 1826
0.0877 1837
0.0878 1843
0.0879 1846
0.088 1844
0.0881 1841
0.0882 1844
0.0883 1828
0.0884 1824
0.0885 1818
0.0886 1815
0.0887 1813
0.0888 1816
0.0889 1820
0.089 1814
0.0891 1809
0.0892 1814
0.0893 1831
0.0894 1836
0.0895 1836
0.0896 1852
0.0897 1866
0.0898 1869
0.0899 1860
0.09 1869
0.0901 1858
0.0902 1858
0.0903 1867
0.0904 1864
0.0905 1858
0.0906 1857
0.0907 1849
0.0908 1839
0.0909 1824
0.091 1835
0.0911 1836
0.0912 1829
0.0913 1849
0.0914 1849
0.0915 1848
0.0916 1857
0.0917 1872
0.0918 1875
0.0919 1867
0.092 1869
0.0921 1863
0.0922 1868
0.0923 1877
0.0924 1882
0.0925 1890
0.0926 1879
0.0927 1894
0.0928 1898
0.0929 1897
0.093 1898
0.0931 1907
0.0932 1895
0.0933 1884
0.0934 1881
0.0935 1858
0.0936 1846
0.0937 1827
0.0938 1804
0.0939 1787
0.094 1780
0.0941 1761
0.0942 1741
0.0943 1734
0.0944 1716
0.0945 1708
0.0946 1672
0.0947 1652
0.0948 1643
0.0949 1627
0.095 1606
0.0951 1587
0.0952 1558
0.0953 1527
0.0954 1499
0.0955 1467
0.0956 1425
0.0957 1401
0.0958 1380
0.0959 1350
0.096 1330
0.0961 1298
0.0962 1269
0.0963 1248
0.0964 1232
0.0965 1200
0.0966 1175
0.0967 1152
0.0968 1120
0.0969 1089
0.097 1063
0.0971 1034
0.0972 1010
0.0973 994
0.0974 980
0.0975 955
0.0976 925
0.0977 908
0.0978 891
0.0979 869
0.098 859
0.0981 850
0.0982 832
0.0983 834
0.0984 847
0.0985 870
0.0986 871
0.0987 866
0.0988 861
0.0989 847
0.099 841
0.0991 833
0.0992 821
0.0993 808
0.0994 806
0.0995 795
0.0996 789
0.0997 785
0.0998 777
0.0999 763
0.1 754
0.1001 751
0.1002 754
0.1003 760
0.1004 769
0.1005 762
0.1006 761
0.1007 762
0.1008 758
0.1009 745
0.101 739
0.1011 721
0.1012 698
0.1013 678
0.1014 674
0.1015 661
0.1016 645
0.1017 624
0.1018 615
0.1019 602
0.102 594
0.1021 582
0.1022 575
0.1023 565
0.1024 555
0.1025 543
0.1026 530
0.1027 519
0.1028 515
0.1029 504
0.103 499
0.1031 498
0.1032 497
0.1033 498
0.1034 498
0.1035 504
0.1036 505
0.1037 495
0.1038 484
0.1039 466
0.104 458
0.1041 446
0.1042 441
0.1043 428
0.1044 421
0.1045 425
0.1046 426
0.1047 425
0.1048 424
0.1049 422
0.105 413
0.1051 415
0.1052 402
0.1053 396
0.1054 392
0.1055 380
0.1056 377
0.1057 362
0.1058 356
0.1059 369
0.106 382
0.1061 390
0.1062 403
0.1063 400
0.1064 395
0.1065 400
0.1066 391
0.1067 383
0.1068 378
0.1069 371
0.107 366
0.1071 364
0.1072 357
0.1073 349
0.1074 346
0.1075 343
0.1076 336
0.1077 333
0.1078 330
0.1079 329
0.108 324
0.1081 324
0.1082 325
0.1083 326
0.1084 320
0.1085 318
0.1086 314
0.1087 314
0.1088 322
0.1089 320
0.109 317
0.1091 317
0.1092 313
0.1093 305
0.1094 299
0.1095 301
0.1096 298
0.1097 311
0.1098 312
0.1099 316
0.11 315
0.1101 322
0.1102 326
0.1103 320
0.1104 316
0.1105 312
0.1106 316
0.1107 310
0.1108 310
0.1109 303
0.111 302
0.1111 296
0.1112 297
0.1113 295
0.1114 294
0.1115 298
0.1116 299
0.1117 300
0.1118 298
0.1119 298
0.112 300
0.1121 301
0.1122 311
0.1123 313
0.1124 314
0.1125 316
0.1126 333
0.1127 352
0.1128 363
0.1129 369
0.113 376
0.1131 377
0.1132 383
0.1133 375
0.1134 376
0.1135 374
0.1136 380
0.1137 379
0.1138 385
0.1139 391
0.114 387
0.1141 372
0.1142 369
0.1143 363
0.1144 358
0.1145 353
0.1146 349
0.1147 343
0.1148 336
0.1149 333
0.115 331
0.1151 331
0.1152 322
0.1153 323
0.1154 322
0.1155 321
0.1156 316
0.1157 318
0.1158 321
0.1159 320
0.116 325
0.1161 331
0.1162 331
0.1163 337
0.1164 340
0.1165 341
0.1166 337
0.1167 336
0.1168 332
0.1169 328
0.117 326
0.1171 322
0.1172 325
0.1173 326
0.1174 322
0.1175 316
0.1176 318
0.1177 316
0.1178 309
0.1179 305
0.118 303
0.1181 304
0.1182 308
0.1183 304
0.1184 301
0.1185 293
0.1186 291
0.1187 293
0.1188 288
0.1189 288
0.119 291
0.1191 285
0.1192 282
0.1193 280
0.1194 275
0.1195 273
0.1196 274
0.1197 272
0.1198 265
0.1199 259
0.12 251
0.1201 258
0.1202 273
0.1203 315
0.1204 341
0.1205 389
0.1206 422
0.1207 471
0.1208 499
0.1209 520
0.121 550
0.1211 574
0.1212 596
0.1213 614
0.1214 627
0.1215 651
0.1216 675
0.1217 684
0.1218 700
0.1219 717
0.122 727
0.1221 745
0.1222 758
0.1223 762
0.1224 767
0.1225 770
0.1226 760
0.1227 751
0.1228 744
0.1229 740
0.123 736
0.1231 729
0.1232 733
0.1233 746
0.1234 757
0.1235 766
0.1236 772
0.1237 775
0.1238 787
0.1239 775
0.124 770
0.1241 775
0.1242 774
0.1243 770
0.1244 781
0.1245 787
0.1246 796
0.1247 808
0.1248 807
0.1249 819
0.125 834
0.1251 841
0.1252 849
0.1253 860
0.1254 856
0.1255 868
0.1256 868
0.1257 870
0.1258 875
0.1259 876
0.126 878
0.1261 877
0.1262 893
0.1263 895
0.1264 894
0.1265 898
0.1266 900
0.1267 910
0.1268 908
0.1269 917
0.127 910
0.1271 913
0.1272 911
0.1273 918
0.1274 915
0.1275 921
0.1276 924
0.1277 931
0.1278 938
0.1279 932
0.128 939
0.1281 942
0.1282 942
0.1283 941
0.1284 943
0.1285 943
0.1286 951
0.1287 949
0.1288 959
0.1289 958
0.129 961
0.1291 961
0.1292 965
0.1293 971
0.1294 976
0.1295 975
0.1296 977
0.1297 974
0.1298 978
0.1299 982
0.13 991
0.1301 996
0.1302 999
0.1303 1009
0.1304 1010
0.1305 1010
0.1306 1013
0.1307 1019
0.1308 1018
0.1309 1020
0.131 1023
0.1311 1031
0.1312 1037
0.1313 1033
0.1314 1044
0.1315 1044
0.1316 1047
0.1317 1047
0.1318 1058
0.1319 1062
0.132 1069
0.1321 1073
0.1322 1070
0.1323 1082
0.1324 1087
0.1325 1095
0.1326 1103
0.1327 1105
0.1328 1101
0.1329 1104
0.133 1105
0.1331 1113
0.1332 1110
0.1333 1121
0.1334 1134
0.1335 1142
0.1336 1144
0.1337 1148
0.1338 1147
0.1339 1158
0.134 1164
0.1341 1166
0.1342 1169
0.1343 1173
0.1344 1176
0.1345 1186
0.1346 1183
0.1347 1191
0.1348 1201
0.1349 1207
0.135 1211
0.1351 1225
0.1352 1226
0.1353 1237
0.1354 1237
0.1355 1245
0.1356 1252
0.1357 1258
0.1358 1270
0.1359 1272
0.136 1288
0.1361 1288
0.1362 1294
0.1363 1295
0.1364 1308
0.1365 1307
0.1366 1309
0.1367 1322
0.1368 1318
0.1369 1325
0.137 1332
0.1371 1337
0.1372 1343
0.1373 1350
0.1374 1358
0.1375 1358
0.1376 1369
0.1377 1372
0.1378 1381
0.1379 1388
0.138 1392
0.1381 1402
0.1382 1407
0.1383 1415
0.1384 1419
0.1385 1433
0.1386 1436
0.1387 1444
0.1388 1455
0.1389 1461
0.139 1468
0.1391 1479
0.1392 1482
0.1393 1495
0.1394 1493
0.1395 1508
0.1396 1510
0.1397 1520
0.1398 1523
0.1399 1536
0.14 1539
0.1401 1536
0.1402 1550
0.1403 1550
0.1404 1550
0.1405 1560
0.1406 1568
0.1407 1576
0.1408 1585
0.1409 1596
0.141 1605
0.1411 1606
0.1412 1616
0.1413 1635
0.1414 1643
0.1415 1650
0.1416 1655
0.1417 1657
0.1418 1661
0.1419 1674
0.142 1687
0.1421 1697
0.1422 1705
0.1423 1707
0.1424 1718
0.1425 1725
0.1426 1728
0.1427 1745
0.1428 1757
0.1429 1759
0.143 1762
0.1431 1772
0.1432 1779
0.1433 1780
0.1434 1774
0.1435 1785
0.1436 1798
0.1437 1801
0.1438 1817
0.1439 1819
0.144 1832
0.1441 1843
0.1442 1853
0.1443 1866
0.1444 1870
0.1445 1872
0.1446 1890
0.1447 1889
0.1448 1900
0.1449 1908
0.145 1914
0.1451 1924
0.1452 1929
0.1453 1936
0.1454 1934
0.1455 1941
0.1456 1946
0.1457 1957
0.1458 1959
0.1459 1964
0.146 1971
0.1461 1980
0.1462 1996
0.1463 2013
0.1464 2017
0.1465 2016
0.1466 2015
0.1467 2022
0.1468 2007
0.1469 2008
0.147 2001
0.1471 2006
0.1472 2000
0.1473 1995
0.1474 1986
0.1475 1984
0.1476 1959
0.1477 1933
0.1478 1917
0.1479 1904
0.148 1879
0.1481 1859
0.1482 1867
0.1483 1863
0.1484 1845
0.1485 1847
0.1486 1836
0.1487 1825
0.1488 1784
0.1489 1749
0.149 1725
0.1491 1704
0.1492 1675
0.1493 1648
0.1494 1613
0.1495 1581
0.1496 1536
0.1497 1515
0.1498 1476
0.1499 1443
0.15 1415
0.1501 1388
0.1502 1364
0.1503 1345
0.1504 1338
0.1505 1306
0.1506 1274
0.1507 1253
0.1508 1222
0.1509 1199
0.151 1171
0.1511 1152
0.1512 1133
0.1513 1121
0.1514 1096
0.1515 1079
0.1516 1056
0.1517 1030
0.1518 1011
0.1519 981
0.152 966
0.1521 944
0.1522 922
0.1523 903
0.1524 877
0.1525 852
0.1526 832
0.1527 814
0.1528 791
0.1529 768
0.153 753
0.1531 729
0.1532 709
0.1533 691
0.1534 682
0.1535 672
0.1536 656
0.1537 648
0.1538 641
0.1539 625
0.154 612
0.1541 592
0.1542 586
0.1543 571
0.1544 563
0.1545 550
0.1546 542
0.1547 535
0.1548 520
0.1549 514
0.155 506
0.1551 503
0.1552 496
0.1553 494
0.1554 483
0.1555 487
0.1556 489
0.1557 475
0.1558 465
0.1559 457
0.156 449
0.1561 442
0.1562 437
0.1563 436
0.1564 425
0.1565 420
0.1566 411
0.1567 407
0.1568 408
0.1569 404
0.157 402
0.1571 397
0.1572 385
0.1573 379
0.1574 385
0.1575 382
0.1576 379
0.1577 384
0.1578 382
0.1579 378
0.158 377
0.1581 374
0.1582 365
0.1583 358
0.1584 357
0.1585 359
0.1586 360
0.1587 355
0.1588 354
0.1589 351
0.159 348
0.1591 345
0.1592 337
0.1593 337
0.1594 336
0.1595 335
0.1596 334
0.1597 330
0.1598 327
0.1599 327
0.16 327
0.1601 332
0.1602 341
0.1603 336
0.1604 334
0.1605 331
0.1606 323
0.1607 320
0.1608 316
0.1609 305
0.161 294
0.1611 293
0.1612 290
0.1613 285
0.1614 281
0.1615 284
0.1616 280
0.1617 293
0.1618 322
0.1619 349
0.162 385
0.1621 410
0.1622 435
0.1623 455
0.1624 453
0.1625 453
0.1626 458
0.1627 468
0.1628 476
0.1629 471
0.163 485
0.1631 480
0.1632 481
0.1633 487
0.1634 477
0.1635 468
0.1636 467
0.1637 471
0.1638 461
0.1639 459
0.164 451
0.1641 438
0.1642 430
0.1643 422
0.1644 408
0.1645 399
0.1646 396
0.1647 394
0.1648 386
0.1649 387
0.165 379
0.1651 373
0.1652 361
0.1653 349
0.1654 338
0.1655 350
0.1656 367
0.1657 381
0.1658 386
0.1659 389
0.166 388
0.1661 386
0.1662 373
0.1663 371
0.1664 370
0.1665 365
0.1666 355
0.1667 357
0.1668 358
0.1669 352
0.167 342
0.1671 341
0.1672 337
0.1673 339
0.1674 345
0.1675 344
0.1676 346
0.1677 343
0.1678 339
0.1679 336
0.168 335
0.1681 332
0.1682 330
0.1683 332
0.1684 329
0.1685 324
0.1686 320
0.1687 312
0.1688 305
0.1689 293
0.169 291
0.1691 287
0.1692 290
0.1693 289
0.1694 292
0.1695 302
0.1696 328
0.1697 354
0.1698 388
0.1699 421
0.17 453
0.1701 485
0.1702 509
0.1703 518
0.1704 516
0.1705 519
0.1706 518
0.1707 520
0.1708 506
0.1709 493
0.171 490
0.1711 483
0.1712 485
0.1713 487
0.1714 488
0.1715 491
0.1716 488
0.1717 482
0.1718 476
0.1719 480
0.172 486
0.1721 503
0.1722 519
0.1723 538
0.1724 543
0.1725 553
0.1726 551
0.1727 555
0.1728 560
0.1729 561
0.173 563
0.1731 553
0.1732 554
0.1733 554
0.1734 536
0.1735 519
0.1736 507
0.1737 502
0.1738 500
0.1739 488
0.174 480
0.1741 477
0.1742 471
0.1743 476
0.1744 482
0.1745 470
0.1746 471
0.1747 463
0.1748 469
0.1749 457
0.175 462
0.1751 459
0.1752 460
0.1753 460
0.1754 462
0.1755 455
0.1756 446
0.1757 439
0.1758 434
0.1759 430
0.176 417
0.1761 410
0.1762 406
0.1763 393
0.1764 389
0.1765 379
0.1766 372
0.1767 364
0.1768 358
0.1769 353
0.177 356
0.1771 348
0.1772 345
0.1773 340
0.1774 335
0.1775 328
0.1776 319
0.1777 310
0.1778 302
0.1779 300
0.178 291
0.1781 288
0.1782 285
0.1783 290
0.1784 296
0.1785 294
0.1786 289
0.1787 288
0.1788 285
0.1789 291
0.179 290
0.1791 298
0.1792 316
0.1793 334
0.1794 349
0.1795 367
0.1796 371
0.1797 392
0.1798 388
0.1799 392
0.18 401
0.1801 404
0.1802 404
0.1803 407
0.1804 402
0.1805 403
0.1806 402
0.1807 397
0.1808 392
0.1809 388
0.181 376
0.1811 368
0.1812 364
0.1813 359
0.1814 355
0.1815 358
0.1816 357
0.1817 350
0.1818 351
0.1819 351
0.182 358
0.1821 366
0.1822 386
0.1823 397
0.1824 405
0.1825 405
0.1826 407
0.1827 398
0.1828 402
0.1829 393
0.183 389
0.1831 388
0.1832 399
0.1833 411
0.1834 438
0.1835 456
0.1836 494
0.1837 518
0.1838 537
0.1839 559
0.184 574
0.1841 583
0.1842 591
0.1843 594
0.1844 592
0.1845 595
0.1846 604
0.1847 602
0.1848 607
0.1849 607
0.185 609
0.1851 615
0.1852 617
0.1853 625
0.1854 624
0.1855 636
0.1856 649
0.1857 659
0.1858 658
0.1859 679
0.186 695
0.1861 698
0.1862 721
0.1863 746
0.1864 758
0.1865 767
0.1866 780
0.1867 782
0.1868 783
0.1869 790
0.187 798
0.1871 797
0.1872 800
0.1873 809
0.1874 815
0.1875 812
0.1876 816
0.1877 815
0.1878 825
0.1879 832
0.188 834
0.1881 832
0.1882 833
0.1883 837
0.1884 841
0.1885 843
0.1886 841
0.1887 840
0.1888 844
0.1889 848
0.189 847
0.1891 848
0.1892 848
0.1893 857
0.1894 859
0.1895 859
0.1896 855
0.1897 859
0.1898 865
0.1899 863
0.19 868
0.1901 868
0.1902 865
0.1903 873
0.1904 879
0.1905 876
0.1906 882
0.1907 884
0.1908 888
0.1909 891
0.191 897
0.1911 898
0.1912 902
0.1913 903
0.1914 903
0.1915 911
0.1916 914
0.1917 913
0.1918 925
0.1919 928
0.192 935
0.1921 940
0.1922 948
0.1923 952
0.1924 952
0.1925 957
0.1926 962
0.1927 961
0.1928 974
0.1929 982
0.193 992
0.1931 992
0.1932 1003
0.1933 1009
0.1934 1016
0.1935 1019
0.1936 1026
0.1937 1039
0.1938 1041
0.1939 1052
0.194 1056
0.1941 1060
0.1942 1065
0.1943 1068
0.1944 1074
0.1945 1087
0.1946 1093
0.1947 1101
0.1948 1110
0.1949 1118
0.195 1121
0.1951 1128
0.1952 1142
0.1953 1151
0.1954 1152
0.1955 1169
0.1956 1181
0.1957 1179
0.1958 1190
0.1959 1201
0.196 1204
0.1961 1216
0.1962 1225
0.1963 1229
0.1964 1242
0.1965 1245
0.1966 1251
0.1967 1257
0.1968 1271
0.1969 1275
0.197 1295
0.1971 1307
0.1972 1307
0.1973 1323
0.1974 1341
0.1975 1345
0.1976 1358
0.1977 1368
0.1978 1380
0.1979 1386
0.198 1388
0.1981 1401
0.1982 1411
0.1983 1417
0.1984 1436
0.1985 1431
0.1986 1439
0.1987 1449
0.1988 1466
0.1989 1470
0.199 1473
0.1991 1483
0.1992 1503
0.1993 1514
0.1994 1512
0.1995 1526
0.1996 1530
0.1997 1542
0.1998 1558
0.1999 1551
0.2 1560
0.2001 1570
0.2002 1576
0.2003 1584
0.2004 1576
0.2005 1591
0.2006 1591
0.2007 1591
0.2008 1607
0.2009 1610
0.201 1612
0.2011 1614
0.2012 1618
0.2013 1622
0.2014 1638
0.2015 1645
0.2016 1654
0.2017 1648
0.2018 1671
0.2019 1656
0.202 1666
0.2021 1679
0.2022 1676
0.2023 1670
0.2024 1679
0.2025 1695
0.2026 1698
0.2027 1702
0.2028 1701
0.2029 1722
0.203 1731
0.2031 1737
0.2032 1755
0.2033 1751
0.2034 1745
0.2035 1763
0.2036 1768
0.2037 1784
0.2038 1776
0.2039 1772
0.204 1771
0.2041 1786
0.2042 1791
0.2043 1805
0.2044 1809
0.2045 1815
0.2046 1817
0.2047 1816
0.2048 1822
0.2049 1815
0.205 1810
0.2051 1800
0.2052 1800
0.2053 1796
0.2054 1795
0.2055 1778
0.2056 1775
0.2057 1778
0.2058 1779
0.2059 1768
0.206 1781
0.2061 1788
0.2062 1804
0.2063 1807
0.2064 1795
0.2065 1787
0.2066 1777
0.2067 1754
0.2068 1711
0.2069 1693
0.207 1679
0.2071 1664
0.2072 1627
0.2073 1613
0.2074 1592
0.2075 1568
0.2076 1534
0.2077 1503
0.2078 1482
0.2079 1461
0.208 1442
0.2081 1421
0.2082 1399
0.2083 1360
0.2084 1339
0.2085 1330
0.2086 1322
0.2087 1305
0.2088 1286
0.2089 1262
0.209 1255
0.2091 1264
0.2092 1264
0.2093 1247
0.2094 1233
0.2095 1226
0.2096 1218
0.2097 1207
0.2098 1202
0.2099 1188
0.21 1200
0.2101 1218
0.2102 1230
0.2103 1237
0.2104 1249
0.2105 1241
0.2106 1233
0.2107 1223
0.2108 1206
0.2109 1182
0.211 1164
0.2111 1143
0.2112 1126
0.2113 1108
0.2114 1084
0.2115 1065
0.2116 1050
0.2117 1033
0.2118 1014
0.2119 997
0.212 972
0.2121 948
0.2122 933
0.2123 921
0.2124 902
0.2125 876
0.2126 862
0.2127 848
0.2128 848
0.2129 839
0.213 824
0.2131 812
0.2132 793
0.2133 777
0.2134 775
0.2135 765
0.2136 747
0.2137 736
0.2138 719
0.2139 702
0.214 685
0.2141 669
0.2142 652
0.2143 640
0.2144 632
0.2145 610
0.2146 606
0.2147 592
0.2148 580
0.2149 566
0.215 559
0.2151 552
0.2152 545
0.2153 543
0.2154 532
0.2155 529
0.2156 520
0.2157 513
0.2158 506
0.2159 500
0.216 499
0.2161 500
0.2162 505
0.2163 503
0.2164 493
0.2165 490
0.2166 494
0.2167 489
0.2168 497
0.2169 486
0.217 483
0.2171 489
0.2172 493
0.2173 484
0.2174 479
0.2175 481
0.2176 470
0.2177 473
0.2178 469
0.2179 467
0.218 465
0.2181 459
0.2182 457
0.2183 458
0.2184 457
0.2185 456
0.2186 451
0.2187 432
0.2188 432
0.2189 427
0.219 419
0.2191 420
0.2192 416
0.2193 410
0.2194 407
0.2195 404
0.2196 399
0.2197 394
0.2198 388
0.2199 379
0.22 376
0.2201 373
0.2202 368
0.2203 364
0.2204 365
0.2205 365
0.2206 363
0.2207 367
0.2208 365
0.2209 356
0.221 351
0.2211 339
0.2212 333
0.2213 331
0.2214 322
0.2215 321
0.2216 317
0.2217 315
0.2218 314
0.2219 308
0.222 307
0.2221 305
0.2222 308
0.2223 303
0.2224 303
0.2225 307
0.2226 304
0.2227 302
0.2228 298
0.2229 310
0.223 313
0.2231 318
0.2232 319
0.2233 311
0.2234 314
0.2235 316
0.2236 313
0.2237 311
0.2238 309
0.2239 309
0.224 307
0.2241 305
0.2242 306
0.2243 312
0.2244 316
0.2245 316
0.2246 321
0.2247 322
0.2248 321
0.2249 314
0.225 305
0.2251 312
0.2252 313
0.2253 317
0.2254 327
0.2255 365
0.2256 398
0.2257 427
0.2258 435
0.2259 441
0.226 449
0.2261 487
0.2262 525
0.2263 585
0.2264 615
0.2265 651
0.2266 672
0.2267 702
0.2268 725
0.2269 740
0.227 753
0.2271 756
0.2272 750
0.2273 737
0.2274 726
0.2275 714
0.2276 707
0.2277 706
0.2278 700
0.2279 702
0.228 690
0.2281 684
0.2282 682
0.2283 674
0.2284 669
0.2285 661
0.2286 652
0.2287 642
0.2288 625
0.2289 612
0.229 611
0.2291 596
0.2292 577
0.2293 567
0.2294 557
0.2295 553
0.2296 544
0.2297 541
0.2298 528
0.2299 513
0.23 508
0.2301 499
0.2302 494
0.2303 491
0.2304 488
0.2305 478
0.2306 470
0.2307 457
0.2308 447
0.2309 445
0.231 443
0.2311 432
0.2312 426
0.2313 418
0.2314 402
0.2315 402
0.2316 403
0.2317 395
0.2318 406
0.2319 432
0.232 453
0.2321 481
0.2322 502
0.2323 523
0.2324 543
0.2325 543
0.2326 545
0.2327 551
0.2328 548
0.2329 537
0.233 535
0.2331 535
0.2332 536
0.2333 534
0.2334 534
0.2335 536
0.2336 534
0.2337 531
0.2338 531
0.2339 524
0.234 520
0.2341 523
0.2342 516
0.2343 510
0.2344 507
0.2345 502
0.2346 507
0.2347 502
0.2348 505
0.2349 496
0.235 489
0.2351 482
0.2352 472
0.2353 463
0.2354 456
0.2355 454
0.2356 447
0.2357 440
0.2358 435
0.2359 431
0.236 429
0.2361 419
0.2362 413
0.2363 410
0.2364 405
0.2365 398
0.2366 397
0.2367 390
0.2368 388
0.2369 392
0.237 395
0.2371 401
0.2372 413
0.2373 424
0.2374 442
0.2375 473
0.2376 516
0.2377 548
0.2378 571
0.2379 587
0.238 608
0.2381 613
0.2382 625
0.2383 637
0.2384 658
0.2385 687
0.2386 710
0.2387 724
0.2388 741
0.2389 761
0.239 773
0.2391 783
0.2392 791
0.2393 785
0.2394 783
0.2395 772
0.2396 763
0.2397 755
0.2398 747
0.2399 740
0.24 732
0.2401 716
0.2402 696
0.2403 683
0.2404 672
0.2405 683
0.2406 692
0.2407 699
0.2408 709
0.2409 727
0.241 741
0.2411 759
0.2412 770
0.2413 787
0.2414 805
0.2415 821
0.2416 849
0.2417 871
0.2418 890
0.2419 908
0.242 925
0.2421 928
0.2422 942
0.2423 937
0.2424 955
0.2425 957
0.2426 954
0.2427 963
0.2428 964
0.2429 965
0.243 968
0.2431 967
0.2432 976
0.2433 984
0.2434 980
0.2435 984
0.2436 984
0.2437 985
0.2438 981
0.2439 985
0.244 984
0.2441 986
0.2442 995
0.2443 998
0.2444 998
0.2445 1004
0.2446 1006
0.2447 1012
0.2448 1011
0.2449 1017
0.245 1016
0.2451 1018
0.2452 1016
0.2453 1024
0.2454 1030
0.2455 1034
0.2456 1029
0.2457 1039
0.2458 1042
0.2459 1054
0.246 1055
0.2461 1061
0.2462 1061
0.2463 1064
0.2464 1072
0.2465 1079
0.2466 1077
0.2467 1084
0.2468 1083
0.2469 1085
0.247 1095
0.2471 1104
0.2472 1108
0.2473 1113
0.2474 1118
0.2475 1121
0.2476 1136
0.2477 1137
0.2478 1146
0.2479 1149
0.248 1154
0.2481 1157
0.2482 1161
0.2483 1169
0.2484 1183
0.2485 1187
0.2486 1190
0.2487 1191
0.2488 1199
0.2489 1202
0.249 1203
0.2491 1202
0.2492 1207
0.2493 1215
0.2494 1216
0.2495 1222
0.2496 1230
0.2497 1233
0.2498 1233
0.2499 1233
0.25 1243
