0.0000 0.000000
0.0001 0.000000
0.0002 0.000000
0.0003 0.000000
0.0004 0.000000
0.0005 0.018760
0.0006 0.152350
0.0007 0.285227
0.0008 0.417392
0.0009 0.548851
0.0010 0.679607
0.0011 0.809663
0.0012 0.939024
0.0013 1.067694
0.0014 0.199421
0.0015 0.332045
0.0016 0.463961
0.0017 0.595170
0.0018 0.725678
0.0019 0.906376
0.0020 0.171802
0.0021 0.438265
0.0022 0.702554
0.0023 0.966178
0.0024 0.464624
0.0025 0.214211
0.0026 1.132229
0.0027 1.067117
0.0028 1.002354
0.0029 0.937911
0.0030 0.946630
0.0031 1.184446
0.0032 0.636834
0.0033 1.107213
0.0034 0.576045
0.0035 1.191965
0.0036 0.062220
0.0037 0.801262
0.0038 0.625955
0.0039 0.477046
0.0040 0.259270
0.0041 1.149170
0.0042 1.154970
0.0043 1.162101
0.0044 0.307198
0.0045 0.637671
0.0046 0.953838
0.0047 1.060482
0.0048 1.066727
0.0049 0.141738
0.0050 0.417179
0.0051 0.800718
0.0052 0.451834
0.0053 0.106263
0.0054 0.784197
0.0055 0.526548
0.0056 0.504607
0.0057 1.785503
0.0058 2.552715
0.0059 0.446320
0.0060 0.637770
0.0061 0.974082
0.0062 2.587590
0.0063 0.480479
0.0064 1.135724
0.0065 0.195789
0.0066 1.526033
0.0067 1.019026
0.0068 0.393393
0.0069 0.838639
0.0070 2.400756
0.0071 1.825419
0.0072 1.096820
0.0073 1.349495
0.0074 0.445457
0.0075 0.600233
0.0076 0.846075
0.0077 1.225172
0.0078 0.596995
0.0079 0.939963
0.0080 0.371126
0.0081 1.894156
0.0082 1.192742
0.0083 1.485412
0.0084 1.801723
0.0085 0.444334
0.0086 1.351791
0.0087 1.120124
0.0088 2.708576
0.0089 2.372246
0.0090 1.007617
0.0091 0.661249
0.0092 1.988134
0.0093 1.166853
0.0094 1.290392
0.0095 0.276738
0.0096 0.431970
0.0097 0.771687
0.0098 1.835151
0.0099 0.763542
0.0100 0.851983
0.0101 2.147031
0.0102 1.469438
0.0103 1.950081
0.0104 0.510788
0.0105 1.177159
0.0106 1.872669
0.0107 0.681587
0.0108 0.492896
0.0109 0.189142
0.0110 1.913376
0.0111 2.668137
0.0112 0.564588
0.0113 0.382152
0.0114 2.211803
0.0115 1.985332
0.0116 0.604642
0.0117 1.038425
0.0118 0.355210
0.0119 0.729570
0.0120 0.422394
0.0121 2.214469
0.0122 0.992529
0.0123 2.411232
0.0124 0.671810
0.0125 2.963597
0.0126 2.377031
0.0127 2.957500
0.0128 0.654105
0.0129 2.346071
0.0130 1.043326
0.0131 0.770038
0.0132 0.726248
0.0133 2.688872
0.0134 2.735259
0.0135 -0.168550
0.0136 1.033534
0.0137 1.394235
0.0138 0.979038
0.0139 0.674003
0.0140 1.411407
0.0141 0.094569
0.0142 0.648729
0.0143 3.042702
0.0144 0.586487
0.0145 2.373463
0.0146 1.447396
0.0147 3.669982
0.0148 1.200174
0.0149 3.807552
0.0150 1.632579
0.0151 1.313828
0.0152 1.883572
0.0153 2.462967
0.0154 4.000175
0.0155 1.567614
0.0156 2.000070
0.0157 2.237808
0.0158 1.268995
0.0159 2.334070
0.0160 1.554297
0.0161 1.905292
0.0162 2.471852
0.0163 5.021882
0.0164 1.438912
0.0165 2.964578
0.0166 1.428963
0.0167 1.861297
0.0168 2.317239
0.0169 6.652050
0.0170 2.015926
0.0171 3.637860
0.0172 1.471652
0.0173 2.269064
0.0174 0.816930
0.0175 1.380555
0.0176 0.887471
0.0177 1.297745
0.0178 2.799062
0.0179 -0.539514
0.0180 1.151589
0.0181 2.798009
0.0182 5.781930
0.0183 4.862835
0.0184 0.986929
0.0185 1.272257
0.0186 3.773472
0.0187 3.392864
0.0188 2.924504
0.0189 3.561504
0.0190 2.315786
0.0191 0.985817
0.0192 2.839941
0.0193 3.673601
0.0194 1.448223
0.0195 2.392146
0.0196 1.562163
0.0197 6.861826
0.0198 4.266529
0.0199 4.702889
0.0200 6.856777
0.0201 4.907866
0.0202 3.138825
0.0203 3.373952
0.0204 4.639969
0.0205 6.793908
0.0206 4.957710
0.0207 7.209434
0.0208 4.405142
0.0209 4.562113
0.0210 9.829577
0.0211 2.242520
0.0212 4.680573
0.0213 3.151022
0.0214 3.615703
0.0215 4.826671
0.0216 7.844137
0.0217 9.836227
0.0218 7.999280
0.0219 8.276149
0.0220 3.649599
0.0221 3.005504
0.0222 6.407650
0.0223 5.837962
0.0224 12.048442
0.0225 6.020905
0.0226 10.045083
0.0227 7.002099
0.0228 4.883276
0.0229 11.594548
0.0230 6.105531
0.0231 9.425910
0.0232 2.636692
0.0233 4.893317
0.0234 9.242877
0.0235 3.393719
0.0236 5.606929
0.0237 5.076199
0.0238 7.827761
0.0239 6.651933
0.0240 5.383185
0.0241 10.153941
0.0242 5.915626
0.0243 6.881019
0.0244 7.819194
0.0245 8.838269
0.0246 6.937639
0.0247 10.885188
0.0248 9.744405
0.0249 11.606527
0.0250 23.369560
0.0251 12.310646
0.0252 22.636769
0.0253 17.932541
0.0254 18.148898
0.0255 26.230269
0.0256 23.201276
0.0257 34.001609
0.0258 29.580460
0.0259 16.203371
0.0260 19.637012
0.0261 32.014312
0.0262 44.097415
0.0263 58.772518
0.0264 59.172644
0.0265 74.416810
0.0266 98.540651
0.0267 124.466047
0.0268 146.074137
0.0269 147.541254
0.0270 178.706154
0.0271 195.758476
0.0272 222.686183
0.0273 262.440507
0.0274 280.964189
0.0275 308.152709
0.0276 332.167841
0.0277 349.869208
0.0278 387.368741
0.0279 423.445856
0.0280 460.286236
0.0281 484.865386
0.0282 526.269342
0.0283 552.369728
0.0284 598.905088
0.0285 633.699667
0.0286 668.993275
0.0287 691.975523
0.0288 703.866390
0.0289 729.643582
0.0290 764.245184
0.0291 789.710675
0.0292 816.024668
0.0293 842.217095
0.0294 874.075719
0.0295 905.660325
0.0296 928.003853
0.0297 946.067720
0.0298 964.022195
0.0299 986.758429
0.0300 996.398992
0.0301 1003.007269
0.0302 1021.438385
0.0303 1031.641244
0.0304 1046.716691
0.0305 1058.634399
0.0306 1074.343992
0.0307 1090.837896
0.0308 1098.271350
0.0309 1112.621452
0.0310 1115.863709
0.0311 1124.010531
0.0312 1123.151442
0.0313 1121.284633
0.0314 1136.406069
0.0315 1140.449216
0.0316 1163.286413
0.0317 1172.049732
0.0318 1174.762134
0.0319 1180.366771
0.0320 1181.806384
0.0321 1186.219406
0.0322 1188.609189
0.0323 1181.013841
0.0324 1189.309126
0.0325 1197.517212
0.0326 1198.511050
0.0327 1202.223776
0.0328 1204.848101
0.0329 1209.459334
0.0330 1217.042682
0.0331 1226.585051
0.0332 1230.081370
0.0333 1234.563948
0.0334 1226.053021
0.0335 1223.582738
0.0336 1224.114931
0.0337 1228.568088
0.0338 1211.836480
0.0339 1202.028317
0.0340 1201.225243
0.0341 1207.324034
0.0342 1210.265597
0.0343 1209.188006
0.0344 1222.074149
0.0345 1224.937608
0.0346 1234.756674
0.0347 1247.511634
0.0348 1250.195343
0.0349 1252.676544
0.0350 1261.078444
0.0351 1263.450053
0.0352 1267.814193
0.0353 1271.029751
0.0354 1266.246568
0.0355 1261.476293
0.0356 1256.738018
0.0357 1256.012334
0.0358 1258.270833
0.0359 1255.541565
0.0360 1255.812627
0.0361 1258.088893
0.0362 1259.353473
0.0363 1264.572246
0.0364 1270.637440
0.0365 1268.462506
0.0366 1269.265971
0.0367 1270.065518
0.0368 1264.882563
0.0369 1271.701066
0.0370 1271.496108
0.0371 1268.290714
0.0372 1262.122470
0.0373 1254.994649
0.0374 1251.880411
0.0375 1255.682567
0.0376 1261.394654
0.0377 1264.094517
0.0378 1266.799509
0.0379 1263.447222
0.0380 1267.003613
0.0381 1266.551293
0.0382 1266.091872
0.0383 1268.624909
0.0384 1270.145175
0.0385 1270.673041
0.0386 1280.177945
0.0387 1279.657769
0.0388 1274.151563
0.0389 1274.663190
0.0390 1275.158472
0.0391 1272.673968
0.0392 1267.198238
0.0393 1266.610275
0.0394 1268.019602
0.0395 1262.439752
0.0396 1257.886422
0.0397 1253.361475
0.0398 1251.851550
0.0399 1253.230948
0.0400 1250.595652
0.0401 1243.981494
0.0402 1237.398637
0.0403 1237.840373
0.0404 1238.278517
0.0405 1237.664536
0.0406 1232.975991
0.0407 1229.311016
0.0408 1220.683038
0.0409 1217.085516
0.0410 1212.505229
0.0411 1203.958264
0.0412 1208.444897
0.0413 1206.908079
0.0414 1205.256560
0.0415 1201.606053
0.0416 1196.983198
0.0417 1195.376314
0.0418 1198.758329
0.0419 1187.160856
0.0420 1182.613696
0.0421 1177.096574
0.0422 1173.589387
0.0423 1172.106319
0.0424 1158.648215
0.0425 1147.275121
0.0426 1146.929324
0.0427 1146.588424
0.0428 1143.251226
0.0429 1134.946856
0.0430 1125.687296
0.0431 1119.481399
0.0432 1112.294595
0.0433 1106.150580
0.0434 1098.053832
0.0435 1088.950094
0.0436 1085.787510
0.0437 1086.627683
0.0438 1079.494666
0.0439 1075.393476
0.0440 1072.210780
0.0441 1060.036955
0.0442 1047.926838
0.0443 1045.861890
0.0444 1042.793763
0.0445 1040.742577
0.0446 1040.692453
0.0447 1037.659779
0.0448 1029.656779
0.0449 1026.674060
0.0450 1024.704229
0.0451 1015.766160
0.0452 1011.860471
0.0453 1007.986365
0.0454 999.138395
0.0455 997.321195
0.0456 991.521614
0.0457 985.764109
0.0458 981.029212
0.0459 974.317441
0.0460 962.525589
0.0461 952.793448
0.0462 948.109993
0.0463 938.461679
0.0464 934.847865
0.0465 924.256996
0.0466 915.739962
0.0467 915.229337
0.0468 904.753202
0.0469 897.318987
0.0470 892.926580
0.0471 887.561334
0.0472 883.204928
0.0473 877.876845
0.0474 867.599408
0.0475 859.373621
0.0476 858.104733
0.0477 854.775209
0.0478 845.497026
0.0479 829.272515
0.0480 821.121841
0.0481 804.035035
0.0482 796.007041
0.0483 791.025904
0.0484 783.062353
0.0485 776.150979
0.0486 774.256820
0.0487 775.426757
0.0488 773.678803
0.0489 771.927550
0.0490 758.227718
0.0491 763.547172
0.0492 757.878963
0.0493 759.214738
0.0494 752.557965
0.0495 747.948493
0.0496 743.350536
0.0497 740.762724
0.0498 743.197061
0.0499 742.612605
0.0500 734.056615
0.0501 736.514875
0.0502 734.971235
0.0503 739.430978
0.0504 739.858819
0.0505 737.304494
0.0506 728.772585
0.0507 719.300634
0.0508 708.863940
0.0509 699.488258
0.0510 691.155951
0.0511 677.884504
0.0512 677.650627
0.0513 678.421580
0.0514 681.180380
0.0515 678.931182
0.0516 680.686375
0.0517 675.446540
0.0518 679.216167
0.0519 679.970888
0.0520 682.725714
0.0521 686.463711
0.0522 686.186681
0.0523 685.893968
0.0524 683.631274
0.0525 683.372625
0.0526 677.132968
0.0527 679.897909
0.0528 681.643232
0.0529 675.408495
0.0530 673.195805
0.0531 664.005924
0.0532 652.874181
0.0533 648.772083
0.0534 646.696247
0.0535 653.620417
0.0536 654.517382
0.0537 658.404124
0.0538 665.260252
0.0539 669.089253
0.0540 671.898415
0.0541 670.707914
0.0542 671.510670
0.0543 674.304449
0.0544 674.090332
0.0545 670.887070
0.0546 669.694618
0.0547 662.520463
0.0548 661.375301
0.0549 662.230587
0.0550 660.087965
0.0551 657.960786
0.0552 653.846458
0.0553 646.761630
0.0554 638.721335
0.0555 635.711411
0.0556 620.677126
0.0557 611.643306
0.0558 604.649562
0.0559 589.711430
0.0560 579.855075
0.0561 566.051585
0.0562 567.282721
0.0563 566.521715
0.0564 561.769175
0.0565 556.035345
0.0566 557.325427
0.0567 544.637791
0.0568 535.013438
0.0569 536.410848
0.0570 538.797661
0.0571 531.199966
0.0572 531.618145
0.0573 532.033183
0.0574 527.467267
0.0575 528.777263
0.0576 522.079380
0.0577 522.279301
0.0578 515.496193
0.0579 510.743100
0.0580 511.008293
0.0581 509.269965
0.0582 515.530648
0.0583 513.767766
0.0584 511.021367
0.0585 515.267687
0.0586 514.507463
0.0587 517.745519
0.0588 516.962978
0.0589 517.187375
0.0590 522.399089
0.0591 525.584064
0.0592 529.754405
0.0593 523.930866
0.0594 523.118480
0.0595 512.333492
0.0596 510.592517
0.0597 507.865267
0.0598 501.149803
0.0599 499.465235
0.0600 486.825267
0.0601 480.224159
0.0602 472.670808
0.0603 468.152798
0.0604 458.666929
0.0605 452.217738
0.0606 451.794224
0.0607 445.389305
0.0608 447.996391
0.0609 442.610224
0.0610 444.226361
0.0611 445.842122
0.0612 438.456564
0.0613 439.093643
0.0614 436.747669
0.0615 434.409299
0.0616 442.056801
0.0617 442.683964
0.0618 443.305741
0.0619 445.929316
0.0620 450.522575
0.0621 445.123728
0.0622 450.723053
0.0623 452.307526
0.0624 445.908710
0.0625 442.529901
0.0626 434.175933
0.0627 424.869997
0.0628 418.606453
0.0629 410.384704
0.0630 395.222826
0.0631 386.141710
0.0632 384.086259
0.0633 384.021975
0.0634 376.982868
0.0635 371.968894
0.0636 369.976157
0.0637 379.973968
0.0638 380.941306
0.0639 365.949224
0.0640 359.003962
0.0641 349.110178
0.0642 351.230959
0.0643 348.361900
0.0644 348.490558
0.0645 349.612752
0.0646 354.723564
0.0647 356.812693
0.0648 358.895467
0.0649 356.976335
0.0650 362.057505
0.0651 364.115834
0.0652 364.173622
0.0653 366.217302
0.0654 362.274663
0.0655 360.333209
0.0656 361.398941
0.0657 367.451181
0.0658 370.473419
0.0659 372.475970
0.0660 373.483610
0.0661 369.488152
0.0662 370.508169
0.0663 378.502653
0.0664 377.480457
0.0665 375.461511
0.0666 371.462880
0.0667 373.454549
0.0668 371.448891
0.0669 368.466159
0.0670 361.511364
0.0671 354.594082
0.0672 349.705636
0.0673 335.862894
0.0674 333.078567
0.0675 323.325583
0.0676 316.608735
0.0677 311.933604
0.0678 313.254450
0.0679 316.562182
0.0680 318.860600
0.0681 317.149919
0.0682 315.441433
0.0683 318.732553
0.0684 321.012171
0.0685 322.294618
0.0686 327.547314
0.0687 324.789938
0.0688 319.066591
0.0689 318.348070
0.0690 318.640142
0.0691 318.942206
0.0692 317.227747
0.0693 313.525373
0.0694 313.844098
0.0695 315.164622
0.0696 315.461857
0.0697 315.767605
0.0698 318.057889
0.0699 319.340181
0.0700 320.628560
0.0701 315.928618
0.0702 311.244265
0.0703 306.594940
0.0704 304.955304
0.0705 302.330987
0.0706 297.722662
0.0707 293.137750
0.0708 280.596955
0.0709 279.101666
0.0710 267.629768
0.0711 258.219083
0.0712 261.828746
0.0713 254.448516
0.0714 254.085888
0.0715 251.720473
0.0716 254.360692
0.0717 254.995915
0.0718 249.647933
0.0719 249.306280
0.0720 251.970052
0.0721 251.631486
0.0722 250.298986
0.0723 247.960718
0.0724 242.647964
0.0725 234.370514
0.0726 228.124366
0.0727 221.916944
0.0728 221.725077
0.0729 210.559760
0.0730 209.437431
0.0731 205.323750
0.0732 198.241758
0.0733 197.187090
0.0734 195.132265
0.0735 193.096950
0.0736 189.067554
0.0737 192.046828
0.0738 188.029595
0.0739 186.028970
0.0740 186.028886
0.0741 188.026393
0.0742 187.022204
0.0743 184.019135
0.0744 187.024954
0.0745 181.038706
0.0746 174.083931
0.0747 171.159550
0.0748 169.258641
0.0749 171.344033
0.0750 172.418677
0.0751 168.504652
0.0752 161.624428
0.0753 160.772315
0.0754 151.927686
0.0755 138.167706
0.0756 131.448129
0.0757 134.744990
0.0758 133.038227
0.0759 132.330233
0.0760 135.613667
0.0761 133.893640
0.0762 136.168343
0.0763 131.452798
0.0764 125.759400
0.0765 122.088925
0.0766 117.448027
0.0767 116.824155
0.0768 115.208753
0.0769 117.575325
0.0770 116.936570
0.0771 113.320494
0.0772 106.734987
0.0773 107.153369
0.0774 112.561698
0.0775 115.947424
0.0776 123.313109
0.0777 125.651208
0.0778 126.979745
0.0779 122.309268
0.0780 120.656400
0.0781 124.997977
0.0782 124.318909
0.0783 123.663993
0.0784 117.014270
0.0785 110.403965
0.0786 113.803905
0.0787 117.189642
0.0788 124.535956
0.0789 125.858318
0.0790 126.177682
0.0791 125.505653
0.0792 127.834164
0.0793 124.156208
0.0794 132.472804
0.0795 132.764678
0.0796 136.036266
0.0797 135.313281
0.0798 133.594484
0.0799 128.894308
0.0800 124.212371
0.0801 125.558258
0.0802 119.902843
0.0803 116.272138
0.0804 118.645833
0.0805 118.015477
0.0806 113.394950
0.0807 107.798512
0.0808 109.214743
0.0809 113.614644
0.0810 113.999101
0.0811 112.401053
0.0812 112.799621
0.0813 117.179798
0.0814 123.533948
0.0815 119.874546
0.0816 122.216675
0.0817 133.531120
0.0818 136.810113
0.0819 133.090093
0.0820 130.393060
0.0821 131.687498
0.0822 135.971232
0.0823 142.213854
0.0824 145.440525
0.0825 149.663316
0.0826 154.845631
0.0827 152.023388
0.0828 156.199956
0.0829 163.349394
0.0830 161.476793
0.0831 159.616991
0.0832 159.766008
0.0833 159.906640
0.0834 158.052109
0.0835 156.200339
0.0836 155.363807
0.0837 153.537580
0.0838 152.715687
0.0839 154.900292
0.0840 155.065577
0.0841 153.242552
0.0842 156.424208
0.0843 156.580327
0.0844 155.737543
0.0845 153.902044
0.0846 154.070635
0.0847 157.235939
0.0848 156.395819
0.0849 155.554066
0.0850 148.736619
0.0851 146.954366
0.0852 150.152666
0.0853 143.364238
0.0854 139.598305
0.0855 129.899185
0.0856 129.201055
0.0857 124.515573
0.0858 118.856831
0.0859 109.271068
0.0860 102.837275
0.0861 97.442564
0.0862 93.064915
0.0863 91.706605
0.0864 94.336639
0.0865 90.959735
0.0866 92.599893
0.0867 90.237195
0.0868 81.899496
0.0869 71.622866
0.0870 70.380207
0.0871 70.137449
0.0872 68.899497
0.0873 75.649034
0.0874 79.370739
0.0875 88.055583
0.0876 90.720335
0.0877 87.366966
0.0878 91.020470
0.0879 84.684944
0.0880 84.360373
0.0881 88.041743
0.0882 88.698416
0.0883 92.350015
0.0884 90.982342
0.0885 87.637283
0.0886 86.299510
0.0887 83.975794
0.0888 83.664718
0.0889 83.348382
0.0890 85.043951
0.0891 89.717316
0.0892 95.352257
0.0893 100.955433
0.0894 102.547404
0.0895 108.110639
0.0896 106.659400
0.0897 108.215354
0.0898 109.762348
0.0899 106.313409
0.0900 105.865739
0.0901 112.413099
0.0902 98.970008
0.0903 99.566522
0.0904 99.168778
0.0905 103.756259
0.0906 102.342219
0.0907 99.932850
0.0908 98.534274
0.0909 107.111958
0.0910 107.675150
0.0911 115.210773
0.0912 114.717349
0.0913 118.233100
0.0914 117.727704
0.0915 120.223298
0.0916 119.705361
0.0917 118.200383
0.0918 106.724624
0.0919 103.297116
0.0920 103.872877
0.0921 108.432123
0.0922 101.015357
0.0923 96.618224
0.0924 93.237162
0.0925 87.889864
0.0926 89.544508
0.0927 92.195274
0.0928 94.829467
0.0929 97.441728
0.0930 99.049412
0.0931 107.627144
0.0932 112.174152
0.0933 113.704658
0.0934 117.219032
0.0935 116.724865
0.0936 113.241532
0.0937 116.760628
0.0938 111.281860
0.0939 102.844792
0.0940 97.435870
0.0941 90.064943
0.0942 87.713871
0.0943 85.394548
0.0944 87.068797
0.0945 85.740353
0.0946 87.403903
0.0947 83.078169
0.0948 89.749068
0.0949 89.410826
0.0950 91.066728
0.0951 84.729565
0.0952 84.413466
0.0953 84.096328
0.0954 82.781402
0.0955 80.471637
0.0956 82.164054
0.0957 83.850574
0.0958 79.541940
0.0959 85.236244
0.0960 88.912298
0.0961 100.537782
0.0962 92.149461
0.0963 91.780497
0.0964 89.418039
0.0965 87.080644
0.0966 86.732462
0.0967 83.405421
0.0968 73.115680
0.0969 74.860645
0.0970 68.617157
0.0971 65.402312
0.0972 64.246693
0.0973 63.168262
0.0974 62.103674
0.0975 63.045009
0.0976 67.967799
0.0977 74.853376
0.0978 74.716861
0.0979 74.587248
0.0980 74.458438
0.0981 74.330022
0.0982 83.178711
0.0983 87.980734
0.0984 86.785514
0.0985 82.601164
0.0986 84.415485
0.0987 88.219723
0.0988 89.000630
0.0989 88.794529
0.0990 79.622521
0.0991 76.467803
0.0992 75.340112
0.0993 75.201315
0.0994 77.056576
0.0995 70.923512
0.0996 69.811970
0.0997 70.692790
0.0998 67.583636
0.0999 65.507258
0.1000 70.404822
0.1001 68.292045
0.1002 61.212797
0.1003 48.302575
0.1004 40.710478
0.1005 34.174266
0.1006 27.673167
0.1007 20.214459
0.1008 14.784265
0.1009 15.359777
0.1010 18.941013
0.1011 10.533975
0.1012 4.166293
0.1013 5.798884
0.1014 5.447267
0.1015 6.079797
0.1016 1.714434
0.1017 4.357033
0.1018 4.004784
0.1019 3.949213
0.1020 3.052022
0.1021 1.248018
0.1022 1.517889
0.1023 2.848846
0.1024 0.176119
0.1025 2.533426
0.1026 2.994411
0.1027 2.470262
0.1028 1.069157
0.1029 3.665454
0.1030 1.193591
0.1031 1.673940
0.1032 1.547213
0.1033 0.682709
0.1034 3.725084
0.1035 2.936871
0.1036 0.211323
0.1037 2.416144
0.1038 1.714109
0.1039 2.120667
0.1040 0.873251
0.1041 0.838236
0.1042 0.927662
0.1043 4.080086
0.1044 3.455707
0.1045 1.929135
0.1046 0.382600
0.1047 3.860582
0.1048 0.422371
0.1049 0.342527
0.1050 0.353463
0.1051 4.487293
0.1052 1.493554
0.1053 0.502914
0.1054 1.513096
0.1055 0.778596
0.1056 2.044415
0.1057 1.400587
0.1058 0.830047
0.1059 2.734929
0.1060 2.813694
0.1061 1.860089
0.1062 1.682252
0.1063 1.496781
0.1064 0.316312
0.1065 4.156916
0.1066 3.337377
0.1067 2.490214
0.1068 2.636957
0.1069 0.855099
0.1070 2.973263
0.1071 2.057551
0.1072 2.224037
0.1073 3.522135
0.1074 2.009722
0.1075 1.497081
0.1076 2.049218
0.1077 2.755616
0.1078 -0.464537
0.1079 1.468400
0.1080 0.491730
0.1081 5.522202
0.1082 1.713752
0.1083 4.006742
0.1084 2.504761
0.1085 2.159519
0.1086 3.583044
0.1087 2.974770
0.1088 3.264675
0.1089 1.470512
0.1090 1.627336
0.1091 1.680766
0.1092 1.611728
0.1093 2.877085
0.1094 1.297327
0.1095 2.496985
0.1096 2.517459
0.1097 0.667605
0.1098 0.888381
0.1099 1.042597
0.1100 4.191939
0.1101 6.287066
0.1102 2.440520
0.1103 2.712809
0.1104 0.938924
0.1105 3.290712
0.1106 0.781209
0.1107 2.458253
0.1108 1.365691
0.1109 1.393098
0.1110 1.371068
0.1111 2.329821
0.1112 2.303212
0.1113 1.530940
0.1114 1.758674
0.1115 0.984475
0.1116 2.281698
0.1117 1.644086
0.1118 3.954327
0.1119 0.327896
0.1120 2.937057
0.1121 0.561057
0.1122 2.235273
0.1123 4.039701
0.1124 1.933957
0.1125 1.965830
0.1126 4.087528
0.1127 3.375975
0.1128 1.049699
0.1129 4.768401
0.1130 5.585938
0.1131 2.473406
0.1132 1.432682
0.1133 2.607557
0.1134 2.792253
0.1135 2.730195
0.1136 1.706102
0.1137 1.834033
0.1138 3.969400
0.1139 4.100650
0.1140 2.240129
0.1141 5.074983
0.1142 4.988365
0.1143 1.002540
0.1144 5.882872
0.1145 2.796645
0.1146 1.996315
0.1147 4.254425
0.1148 6.757690
0.1149 6.412695
0.1150 4.045024
0.1151 2.703940
0.1152 5.882173
0.1153 6.266048
0.1154 2.697234
0.1155 6.025359
0.1156 4.238648
0.1157 3.277954
0.1158 3.303004
0.1159 3.931665
0.1160 7.427823
0.1161 8.749910
0.1162 2.997611
0.1163 4.407350
0.1164 1.801299
0.1165 5.108642
0.1166 3.338847
0.1167 3.691166
0.1168 2.953915
0.1169 3.109981
0.1170 5.338648
0.1171 2.682898
0.1172 4.763941
0.1173 2.825715
0.1174 5.785840
0.1175 6.742767
0.1176 2.696327
0.1177 4.654428
0.1178 9.492881
0.1179 6.307020
0.1180 6.366727
0.1181 10.197916
0.1182 6.914023
0.1183 7.595644
0.1184 5.096987
0.1185 2.505372
0.1186 3.913177
0.1187 6.274529
0.1188 4.835070
0.1189 5.356295
0.1190 7.894253
0.1191 9.245792
0.1192 8.525709
0.1193 10.745289
0.1194 7.916795
0.1195 6.256192
0.1196 5.657768
0.1197 9.090106
0.1198 4.637246
0.1199 8.140397
0.1200 4.543946
0.1201 14.254516
0.1202 8.172981
0.1203 9.162028
0.1204 10.001687
0.1205 7.922718
0.1206 11.951529
0.1207 11.024928
0.1208 8.102253
0.1209 9.165212
0.1210 5.266856
0.1211 7.427843
0.1212 9.529917
0.1213 10.726817
0.1214 6.797667
0.1215 7.870288
0.1216 10.898766
0.1217 16.685623
0.1218 13.703268
0.1219 6.843869
0.1220 12.994808
0.1221 12.100793
0.1222 14.171289
0.1223 14.219365
0.1224 17.247866
0.1225 22.219772
0.1226 19.883204
0.1227 34.560588
0.1228 31.123687
0.1229 33.568521
0.1230 44.893556
0.1231 47.262167
0.1232 69.588030
0.1233 67.583083
0.1234 78.537525
0.1235 93.310904
0.1236 105.921697
0.1237 139.202438
0.1238 180.205865
0.1239 226.871635
0.1240 281.296974
0.1241 313.340365
0.1242 345.944802
0.1243 373.874994
0.1244 411.505644
0.1245 429.949816
0.1246 462.278210
0.1247 487.428279
0.1248 517.354927
0.1249 545.071255
0.1250 576.565005
0.1251 594.769536
0.1252 627.602753
0.1253 658.055498
0.1254 672.396831
0.1255 696.629196
0.1256 715.749139
0.1257 753.707256
0.1258 784.488581
0.1259 815.046443
0.1260 842.377343
0.1261 863.560383
0.1262 888.363338
0.1263 919.889913
0.1264 939.275442
0.1265 965.536384
0.1266 993.647332
0.1267 1004.642036
0.1268 1008.611426
0.1269 1029.428566
0.1270 1054.082962
0.1271 1073.539786
0.1272 1084.850579
0.1273 1101.085956
0.1274 1118.226347
0.1275 1144.135743
0.1276 1166.769341
0.1277 1181.190593
0.1278 1199.495093
0.1279 1218.603608
0.1280 1219.617095
0.1281 1227.605838
0.1282 1225.580922
0.1283 1236.518768
0.1284 1243.300897
0.1285 1249.016989
0.1286 1250.597618
0.1287 1256.162026
0.1288 1265.695467
0.1289 1275.123207
0.1290 1287.403882
0.1291 1302.616635
0.1292 1310.770639
0.1293 1321.864799
0.1294 1322.926334
0.1295 1295.060837
0.1296 1257.375667
0.1297 1232.667255
0.1298 1221.733791
0.1299 1214.600670
0.1300 1209.457891
0.1301 1198.355279
0.1302 1200.073107
0.1303 1195.735359
0.1304 1202.378535
0.1305 1201.024132
0.1306 1203.668694
0.1307 1203.294312
0.1308 1199.934107
0.1309 1205.569755
0.1310 1208.180832
0.1311 1212.636583
0.1312 1204.116107
0.1313 1210.494988
0.1314 1216.626748
0.1315 1223.647551
0.1316 1230.608316
0.1317 1226.569208
0.1318 1222.561796
0.1319 1225.548348
0.1320 1225.521972
0.1321 1221.492386
0.1322 1217.490629
0.1323 1224.497145
0.1324 1232.479829
0.1325 1232.414204
0.1326 1237.215921
0.1327 1244.987168
0.1328 1248.708738
0.1329 1252.418239
0.1330 1261.100057
0.1331 1265.616027
0.1332 1271.098128
0.1333 1274.551019
0.1334 1277.983398
0.1335 1282.392850
0.1336 1288.777345
0.1337 1300.115066
0.1338 1302.405666
0.1339 1304.700826
0.1340 1297.022512
0.1341 1301.227685
0.1342 1298.408322
0.1343 1298.579195
0.1344 1299.650034
0.1345 1299.693032
0.1346 1298.734913
0.1347 1299.782804
0.1348 1298.827318
0.1349 1298.877151
0.1350 1302.792510
0.1351 1298.696065
0.1352 1298.597447
0.1353 1299.368097
0.1354 1289.174582
0.1355 1287.019401
0.1356 1281.873271
0.1357 1281.740396
0.1358 1282.601814
0.1359 1281.458012
0.1360 1279.327923
0.1361 1273.223915
0.1362 1275.134719
0.1363 1270.055889
0.1364 1268.000253
0.1365 1261.851506
0.1366 1262.689812
0.1367 1265.527349
0.1368 1267.345146
0.1369 1260.179838
0.1370 1261.022051
0.1371 1261.836535
0.1372 1249.579970
0.1373 1239.250025
0.1374 1231.968119
0.1375 1233.692355
0.1376 1228.434988
0.1377 1219.082738
0.1378 1219.752321
0.1379 1213.441404
0.1380 1215.139884
0.1381 1220.691530
0.1382 1219.216447
0.1383 1215.758635
0.1384 1216.303622
0.1385 1220.832877
0.1386 1216.366214
0.1387 1217.913020
0.1388 1216.453806
0.1389 1209.965801
0.1390 1207.414221
0.1391 1207.874680
0.1392 1213.318436
0.1393 1197.777029
0.1394 1186.328602
0.1395 1167.950686
0.1396 1157.657417
0.1397 1145.392929
0.1398 1137.081658
0.1399 1128.809906
0.1400 1129.572771
0.1401 1134.310501
0.1402 1126.019478
0.1403 1122.668608
0.1404 1119.325130
0.1405 1120.000526
0.1406 1116.672377
0.1407 1116.350731
0.1408 1123.029831
0.1409 1124.677905
0.1410 1120.326374
0.1411 1119.005195
0.1412 1115.688407
0.1413 1113.384358
0.1414 1109.090178
0.1415 1105.826793
0.1416 1102.587438
0.1417 1098.353273
0.1418 1093.149499
0.1419 1086.977993
0.1420 1082.829300
0.1421 1083.692644
0.1422 1082.550096
0.1423 1076.438562
0.1424 1072.343425
0.1425 1067.137995
0.1426 1060.859984
0.1427 1055.590722
0.1428 1047.358068
0.1429 1043.161327
0.1430 1036.992107
0.1431 1027.853723
0.1432 1016.768059
0.1433 1014.727758
0.1434 1010.698449
0.1435 1010.678245
0.1436 1005.675296
0.1437 1007.676704
0.1438 1002.679436
0.1439 1000.715331
0.1440 992.776261
0.1441 990.859315
0.1442 985.961047
0.1443 979.094691
0.1444 969.270690
0.1445 962.488791
0.1446 957.749380
0.1447 951.026495
0.1448 941.358917
0.1449 928.751928
0.1450 924.190598
0.1451 911.674671
0.1452 915.175954
0.1453 916.673873
0.1454 913.168790
0.1455 912.673911
0.1456 904.208863
0.1457 897.781833
0.1458 893.378207
0.1459 888.124867
0.1460 882.918690
0.1461 878.724415
0.1462 879.550075
0.1463 874.390013
0.1464 864.253980
0.1465 866.143131
0.1466 863.041421
0.1467 857.964168
0.1468 849.916185
0.1469 838.925866
0.1470 827.993949
0.1471 816.123701
0.1472 814.288677
0.1473 806.474812
0.1474 803.689488
0.1475 796.937119
0.1476 792.219172
0.1477 795.505200
0.1478 796.772189
0.1479 801.026648
0.1480 804.264780
0.1481 805.478478
0.1482 804.695780
0.1483 808.913350
0.1484 806.117309
0.1485 795.362560
0.1486 790.645059
0.1487 788.942835
0.1488 791.238278
0.1489 788.514607
0.1490 784.688163
0.1491 778.891653
0.1492 779.121497
0.1493 774.356519
0.1494 767.619108
0.1495 756.932368
0.1496 745.305265
0.1497 730.756652
0.1498 722.244681
0.1499 707.823212
0.1500 697.450805
0.1501 691.135409
0.1502 683.861411
0.1503 679.611519
0.1504 673.383716
0.1505 671.063143
0.1506 665.751768
0.1507 663.462584
0.1508 660.184203
0.1509 651.929167
0.1510 651.706816
0.1511 650.487735
0.1512 648.270713
0.1513 644.070446
0.1514 640.897503
0.1515 640.719118
0.1516 641.545772
0.1517 639.379296
0.1518 634.237438
0.1519 630.117567
0.1520 626.020264
0.1521 617.967313
0.1522 609.945927
0.1523 606.959614
0.1524 608.975410
0.1525 600.010237
0.1526 603.050918
0.1527 607.078822
0.1528 603.102386
0.1529 607.128431
0.1530 605.147207
0.1531 609.160549
0.1532 614.145690
0.1533 612.131922
0.1534 614.119230
0.1535 620.078358
0.1536 617.031205
0.1537 614.983765
0.1538 609.966323
0.1539 605.973969
0.1540 609.978208
0.1541 606.984931
0.1542 605.004213
0.1543 599.042628
0.1544 591.120757
0.1545 587.228275
0.1546 586.346951
0.1547 582.486410
0.1548 581.635492
0.1549 578.791988
0.1550 574.969740
0.1551 572.166969
0.1552 566.385320
0.1553 557.641086
0.1554 556.924260
0.1555 555.209054
0.1556 558.475791
0.1557 557.746942
0.1558 558.029044
0.1559 556.309129
0.1560 552.605181
0.1561 552.913495
0.1562 547.235014
0.1563 544.576522
0.1564 547.914712
0.1565 552.234759
0.1566 552.544335
0.1567 545.863772
0.1568 541.221732
0.1569 533.608163
0.1570 530.021260
0.1571 527.413832
0.1572 529.714096
0.1573 522.024113
0.1574 518.375217
0.1575 510.748180
0.1576 502.170694
0.1577 497.627845
0.1578 494.098535
0.1579 478.628796
0.1580 470.219200
0.1581 466.839143
0.1582 453.511652
0.1583 442.249537
0.1584 429.049472
0.1585 423.907351
0.1586 417.780379
0.1587 410.693524
0.1588 406.637362
0.1589 407.587455
0.1590 408.534557
0.1591 406.488797
0.1592 401.459898
0.1593 397.457561
0.1594 393.470425
0.1595 386.515472
0.1596 392.553622
0.1597 397.564401
0.1598 399.555045
0.1599 400.548527
0.1600 392.544734
0.1601 385.600525
0.1602 388.663863
0.1603 385.729532
0.1604 385.797679
0.1605 396.823176
0.1606 393.821698
0.1607 395.843827
0.1608 392.864702
0.1609 396.879540
0.1610 395.894659
0.1611 390.919525
0.1612 391.956724
0.1613 396.978371
0.1614 397.983811
0.1615 397.982012
0.1616 396.972226
0.1617 390.980739
0.1618 387.034741
0.1619 383.103908
0.1620 385.173087
0.1621 385.239623
0.1622 389.289597
0.1623 389.335436
0.1624 386.394802
0.1625 383.466523
0.1626 380.553853
0.1627 375.658161
0.1628 371.781960
0.1629 373.922378
0.1630 370.058511
0.1631 367.218431
0.1632 364.399226
0.1633 364.571138
0.1634 366.742795
0.1635 358.932169
0.1636 350.154546
0.1637 351.367019
0.1638 344.498263
0.1639 338.665523
0.1640 344.828083
0.1641 347.969140
0.1642 357.068227
0.1643 361.135692
0.1644 360.207490
0.1645 364.267763
0.1646 360.319399
0.1647 358.385268
0.1648 355.473646
0.1649 354.559470
0.1650 356.649073
0.1651 354.747319
0.1652 363.826708
0.1653 368.861773
0.1654 369.883666
0.1655 372.890214
0.1656 370.896884
0.1657 367.913869
0.1658 369.930829
0.1659 368.953268
0.1660 364.984795
0.1661 366.021996
0.1662 362.070049
0.1663 365.120476
0.1664 364.162648
0.1665 366.214190
0.1666 367.243932
0.1667 367.280848
0.1668 366.319408
0.1669 361.369376
0.1670 360.427356
0.1671 359.494544
0.1672 366.550126
0.1673 361.590868
0.1674 359.659002
0.1675 360.730455
0.1676 358.799126
0.1677 357.874887
0.1678 348.983796
0.1679 343.135916
0.1680 341.312099
0.1681 335.491306
0.1682 328.713381
0.1683 323.976274
0.1684 321.248395
0.1685 322.527472
0.1686 319.807507
0.1687 313.105461
0.1688 299.455680
0.1689 281.901726
0.1690 279.405405
0.1691 274.926952
0.1692 272.451423
0.1693 265.007192
0.1694 262.596921
0.1695 260.195437
0.1696 252.828003
0.1697 259.447745
0.1698 266.038318
0.1699 271.594744
0.1700 268.147605
0.1701 265.706652
0.1702 252.319672
0.1703 246.982136
0.1704 236.694598
0.1705 233.438292
0.1706 229.202038
0.1707 232.958074
0.1708 225.723722
0.1709 224.520253
0.1710 213.347697
0.1711 216.196859
0.1712 214.038871
0.1713 212.879428
0.1714 200.762304
0.1715 175.745262
0.1716 164.822976
0.1717 160.943743
0.1718 154.089851
0.1719 150.271274
0.1720 143.475090
0.1721 129.718226
0.1722 106.087605
0.1723 96.550584
0.1724 83.062751
0.1725 65.677800
0.1726 55.342466
0.1727 48.072619
0.1728 44.818020
0.1729 48.714236
0.1730 44.731793
0.1731 42.758154
0.1732 41.797040
0.1733 43.833048
0.1734 45.858564
0.1735 45.881304
0.1736 57.871985
0.1737 68.802932
0.1738 69.714549
0.1739 65.614773
0.1740 69.526579
0.1741 64.440753
0.1742 69.357528
0.1743 77.234660
0.1744 78.084702
0.1745 82.915251
0.1746 90.721879
0.1747 101.466362
0.1748 107.175374
0.1749 97.891247
0.1750 104.620688
0.1751 99.335507
0.1752 103.046456
0.1753 104.751124
0.1754 113.434066
0.1755 118.081328
0.1756 120.707839
0.1757 115.335829
0.1758 122.958290
0.1759 125.560108
0.1760 126.151524
0.1761 130.729739
0.1762 131.300459
0.1763 128.866130
0.1764 130.435576
0.1765 132.996554
0.1766 128.657868
0.1767 132.365280
0.1768 123.084225
0.1769 126.818730
0.1770 114.450082
0.1771 110.113167
0.1772 99.807154
0.1773 97.550081
0.1774 95.305351
0.1775 104.051074
0.1776 105.757159
0.1777 108.442619
0.1778 107.134343
0.1779 105.826618
0.1780 110.512646
0.1781 108.322017
0.1782 109.147668
0.1783 109.967730
0.1784 117.750692
0.1785 117.518680
0.1786 130.252827
0.1787 127.969025
0.1788 139.640792
0.1789 150.264898
0.1790 156.847366
0.1791 161.404854
0.1792 157.947850
0.1793 164.487095
0.1794 167.006810
0.1795 169.501330
0.1796 183.945157
0.1797 178.376477
0.1798 178.820128
0.1799 177.267774
0.1800 175.711099
0.1801 174.180879
0.1802 171.659992
0.1803 171.141034
0.1804 173.620423
0.1805 177.074197
0.1806 178.517907
0.1807 172.988522
0.1808 168.465165
0.1809 168.957754
0.1810 167.464774
0.1811 169.964074
0.1812 168.460470
0.1813 167.942946
0.1814 172.431035
0.1815 168.921042
0.1816 163.435515
0.1817 156.983482
0.1818 160.537332
0.1819 160.088142
0.1820 163.618439
0.1821 161.141013
0.1822 165.664551
0.1823 170.164798
0.1824 165.670738
0.1825 168.183576
0.1826 166.680749
0.1827 168.181540
0.1828 173.657239
0.1829 182.097069
0.1830 188.507462
0.1831 190.890429
0.1832 194.262954
0.1833 199.604820
0.1834 202.928231
0.1835 208.226349
0.1836 205.525030
0.1837 205.823983
0.1838 195.145587
0.1839 189.523400
0.1840 181.925619
0.1841 178.257571
0.1842 174.587022
0.1843 174.918368
0.1844 172.257442
0.1845 168.608471
0.1846 162.983488
0.1847 162.379295
0.1848 159.786758
0.1849 156.200733
0.1850 156.635133
0.1851 159.058943
0.1852 161.466072
0.1853 149.896489
0.1854 150.350213
0.1855 152.806088
0.1856 155.239730
0.1857 149.697569
0.1858 143.175804
0.1859 151.606489
0.1860 159.904558
0.1861 161.182172
0.1862 166.440747
0.1863 170.666037
0.1864 169.876131
0.1865 172.092954
0.1866 173.300630
0.1867 174.502058
0.1868 180.683285
0.1869 174.988415
0.1870 175.317646
0.1871 178.635446
0.1872 180.942600
0.1873 185.235188
0.1874 185.514968
0.1875 183.795389
0.1876 187.069113
0.1877 188.337350
0.1878 184.606163
0.1879 187.875392
0.1880 177.159097
0.1881 175.476299
0.1882 171.811937
0.1883 169.164251
0.1884 160.552154
0.1885 160.965188
0.1886 160.376870
0.1887 157.781032
0.1888 154.218917
0.1889 156.658613
0.1890 156.091793
0.1891 154.522288
0.1892 144.980904
0.1893 143.481432
0.1894 140.986209
0.1895 130.525853
0.1896 126.098556
0.1897 124.689441
0.1898 125.286713
0.1899 129.872229
0.1900 130.438257
0.1901 130.010723
0.1902 128.582217
0.1903 132.158316
0.1904 131.717604
0.1905 122.309592
0.1906 115.945163
0.1907 114.595371
0.1908 112.250824
0.1909 114.921513
0.1910 115.698427
0.1911 110.493577
0.1912 106.312147
0.1913 107.149772
0.1914 109.970836
0.1915 110.793021
0.1916 110.604185
0.1917 116.401361
0.1918 112.183981
0.1919 116.969638
0.1920 118.741961
0.1921 121.503780
0.1922 123.251295
0.1923 131.970808
0.1924 128.670619
0.1925 131.376489
0.1926 135.066602
0.1927 133.747427
0.1928 130.452931
0.1929 122.173139
0.1930 102.963962
0.1931 95.843636
0.1932 89.754794
0.1933 88.674914
0.1934 83.610805
0.1935 80.562949
0.1936 80.532854
0.1937 83.488716
0.1938 83.452352
0.1939 82.413815
0.1940 88.342764
0.1941 92.132629
0.1942 94.897332
0.1943 96.655433
0.1944 100.383248
0.1945 101.113169
0.1946 105.839106
0.1947 103.542569
0.1948 103.258169
0.1949 96.856973
0.1950 97.479013
0.1951 97.104901
0.1952 97.710086
0.1953 96.322117
0.1954 101.922677
0.1955 101.509105
0.1956 106.086714
0.1957 110.632843
0.1958 110.179533
0.1959 109.727068
0.1960 110.271144
0.1961 109.815624
0.1962 112.350960
0.1963 120.852584
0.1964 124.339349
0.1965 121.813815
0.1966 125.212838
0.1967 122.543537
0.1968 106.923310
0.1969 106.345080
0.1970 102.787251
0.1971 105.227148
0.1972 101.666122
0.1973 106.103616
0.1974 103.542791
0.1975 98.998101
0.1976 94.476458
0.1977 88.985869
0.1978 83.524935
0.1979 72.112198
0.1980 58.759357
0.1981 50.466972
0.1982 44.210325
0.1983 42.975594
0.1984 37.752685
0.1985 37.561678
0.1986 32.492555
0.1987 26.468600
0.1988 28.459501
0.1989 27.444130
0.1990 31.417143
0.1991 36.365515
0.1992 39.299834
0.1993 38.225374
0.1994 28.174377
0.1995 27.154324
0.1996 24.147326
0.1997 24.143656
0.1998 24.144337
0.1999 24.090558
0.2000 25.015846
0.2001 23.016254
0.2002 20.042399
0.2003 17.080761
0.2004 11.142937
0.2005 9.220766
0.2006 8.307138
0.2007 4.503793
0.2008 8.738583
0.2009 3.963744
0.2010 3.214371
0.2011 4.463518
0.2012 13.676510
0.2013 11.889900
0.2014 6.110186
0.2015 2.346452
0.2016 2.730233
0.2017 5.104106
0.2018 7.482930
0.2019 5.851236
0.2020 8.214385
0.2021 4.586433
0.2022 2.011434
0.2023 8.526901
0.2024 5.053833
0.2025 5.693290
0.2026 8.322851
0.2027 7.954365
0.2028 9.581485
0.2029 6.201680
0.2030 6.764287
0.2031 3.277745
0.2032 2.758368
0.2033 5.134283
0.2034 1.516414
0.2035 1.898227
0.2036 5.274707
0.2037 4.648646
0.2038 1.027304
0.2039 0.420451
0.2040 1.815849
0.2041 2.225265
0.2042 3.746247
0.2043 0.270266
0.2044 1.797882
0.2045 2.325119
0.2046 4.074565
0.2047 0.939109
0.2048 0.861289
0.2049 4.787111
0.2050 2.710189
0.2051 2.628998
0.2052 5.542190
0.2053 1.470857
0.2054 3.545500
0.2055 3.842513
0.2056 2.239922
0.2057 0.837964
0.2058 2.438268
0.2059 3.321297
0.2060 1.470403
0.2061 3.742653
0.2062 1.210087
0.2063 2.873841
0.2064 0.541710
0.2065 3.130438
0.2066 1.730565
0.2067 3.435345
0.2068 0.242058
0.2069 1.047345
0.2070 0.904423
0.2071 0.844617
0.2072 1.848874
0.2073 1.055194
0.2074 3.258960
0.2075 2.531626
0.2076 0.881297
0.2077 3.219955
0.2078 1.562584
0.2079 2.080522
0.2080 0.685745
0.2081 1.208021
0.2082 1.997948
0.2083 2.849899
0.2084 1.459507
0.2085 3.446292
0.2086 1.671578
0.2087 1.950918
0.2088 1.226336
0.2089 0.402037
0.2090 2.419250
0.2091 0.514272
0.2092 3.717613
0.2093 0.806715
0.2094 1.764706
0.2095 0.676730
0.2096 2.633666
0.2097 0.746482
0.2098 1.008936
0.2099 2.414068
0.2100 0.828530
0.2101 1.246523
0.2102 2.641089
0.2103 1.217732
0.2104 0.209373
0.2105 0.320150
0.2106 1.860540
0.2107 1.568331
0.2108 1.431983
0.2109 3.391443
0.2110 2.056975
0.2111 1.679452
0.2112 2.252876
0.2113 3.019684
0.2114 1.797692
0.2115 0.948956
0.2116 1.001344
0.2117 2.041247
0.2118 1.205644
0.2119 2.362971
0.2120 2.627859
0.2121 0.973822
0.2122 1.520646
0.2123 2.215466
0.2124 1.182464
0.2125 0.566345
0.2126 0.443716
0.2127 0.546806
0.2128 1.727451
0.2129 3.186854
0.2130 5.949062
0.2131 2.545876
0.2132 3.070152
0.2133 2.505848
0.2134 3.943494
0.2135 0.512996
0.2136 4.020564
0.2137 0.313435
0.2138 2.397609
0.2139 2.300652
0.2140 0.332149
0.2141 2.359243
0.2142 3.300582
0.2143 1.077496
0.2144 2.930553
0.2145 1.822030
0.2146 4.599625
0.2147 1.360107
0.2148 2.136735
0.2149 2.145143
0.2150 2.941082
0.2151 2.600093
0.2152 3.360917
0.2153 4.159703
0.2154 0.151896
0.2155 0.179373
0.2156 3.166967
0.2157 1.066449
0.2158 1.858302
0.2159 1.792490
0.2160 4.688156
0.2161 5.531044
0.2162 3.357762
0.2163 4.160145
0.2164 5.018752
0.2165 7.611998
0.2166 2.249565
0.2167 5.003443
0.2168 4.905954
0.2169 1.961303
0.2170 2.259824
0.2171 3.569162
0.2172 4.168874
0.2173 4.694334
0.2174 2.060151
0.2175 4.451393
0.2176 3.625930
0.2177 2.782007
0.2178 2.072223
0.2179 4.291044
0.2180 1.248030
0.2181 4.140652
0.2182 2.033745
0.2183 4.993807
0.2184 1.132821
0.2185 0.501509
0.2186 3.251244
0.2187 1.114012
0.2188 3.074759
0.2189 3.811343
0.2190 3.716650
0.2191 3.678788
0.2192 3.765695
0.2193 2.780965
0.2194 5.536057
0.2195 3.227077
0.2196 1.885776
0.2197 2.444999
0.2198 1.130717
0.2199 2.862522
0.2200 2.705071
0.2201 2.394084
0.2202 5.128699
0.2203 4.861195
0.2204 4.496613
0.2205 3.967618
0.2206 1.388147
0.2207 3.823905
0.2208 6.364831
0.2209 6.803754
0.2210 2.458494
0.2211 5.175227
0.2212 6.852972
0.2213 6.289677
0.2214 5.638478
0.2215 5.117432
0.2216 8.703106
0.2217 6.503628
0.2218 5.317026
0.2219 5.982665
0.2220 6.697695
0.2221 6.506996
0.2222 7.269073
0.2223 5.936938
0.2224 10.624929
0.2225 7.300279
0.2226 9.100040
0.2227 9.001386
0.2228 8.807496
0.2229 12.604151
0.2230 7.521316
0.2231 7.486800
0.2232 6.348932
0.2233 11.893685
0.2234 8.285965
0.2235 7.616437
0.2236 9.905695
0.2237 7.172174
0.2238 10.338507
0.2239 11.265175
0.2240 11.396726
0.2241 8.779347
0.2242 12.171718
0.2243 11.532976
0.2244 14.682987
0.2245 8.719431
0.2246 10.847907
0.2247 9.888503
0.2248 11.625532
0.2249 10.205963
0.2250 11.648448
0.2251 15.036037
0.2252 14.369395
0.2253 14.804008
0.2254 15.224408
0.2255 9.709819
0.2256 16.957783
0.2257 14.116155
0.2258 11.357884
0.2259 16.660317
0.2260 16.925134
0.2261 13.072201
0.2262 23.198421
0.2263 34.236033
0.2264 36.152354
0.2265 48.052776
0.2266 58.872373
0.2267 92.555771
0.2268 111.864293
0.2269 158.689281
0.2270 211.121804
0.2271 243.179295
0.2272 289.809182
0.2273 332.166990
0.2274 363.208293
0.2275 391.079444
0.2276 420.772198
0.2277 435.242209
0.2278 468.413768
0.2279 504.813321
0.2280 537.763833
0.2281 568.479000
0.2282 579.096038
0.2283 586.668791
0.2284 617.103575
0.2285 637.292851
0.2286 657.299438
0.2287 683.059889
0.2288 711.425102
0.2289 744.554860
0.2290 768.520258
0.2291 796.335596
0.2292 832.857989
0.2293 862.194864
0.2294 884.400485
0.2295 894.387674
0.2296 919.285016
0.2297 931.088905
0.2298 944.807255
0.2299 963.435130
0.2300 976.976038
0.2301 981.472002
0.2302 1003.907758
0.2303 1024.223773
0.2304 1039.348075
0.2305 1047.365853
0.2306 1048.360588
0.2307 1061.312163
0.2308 1084.144929
0.2309 1097.742296
0.2310 1115.149679
0.2311 1140.334512
0.2312 1155.338328
0.2313 1171.186664
0.2314 1174.964903
0.2315 1182.677158
0.2316 1192.245398
0.2317 1188.809248
0.2318 1198.339033
0.2319 1201.728916
0.2320 1205.083722
0.2321 1220.401837
0.2322 1238.635989
0.2323 1236.821768
0.2324 1238.009394
0.2325 1247.157501
0.2326 1252.282486
0.2327 1250.381428
0.2328 1260.479480
0.2329 1267.519052
0.2330 1272.504790
0.2331 1277.351526
0.2332 1278.177520
0.2333 1283.987049
0.2334 1280.716120
0.2335 1281.305687
0.2336 1282.838178
0.2337 1284.260395
0.2338 1281.661342
0.2339 1290.045339
0.2340 1287.303617
0.2341 1291.526555
0.2342 1294.743171
0.2343 1289.961375
0.2344 1290.189190
0.2345 1275.362071
0.2346 1265.548907
0.2347 1259.666106
0.2348 1266.771381
0.2349 1262.867592
0.2350 1270.814598
0.2351 1279.719938
0.2352 1282.583908
0.2353 1280.455902
0.2354 1283.324236
0.2355 1291.157565
0.2356 1289.980173
0.2357 1292.791562
0.2358 1292.607754
0.2359 1283.419689
0.2360 1284.063800
0.2361 1284.661613
0.2362 1279.264051
0.2363 1278.872212
0.2364 1282.474468
0.2365 1284.068936
0.2366 1287.653746
0.2367 1288.226018
0.2368 1284.801559
0.2369 1282.383644
0.2370 1278.996418
0.2371 1264.652991
0.2372 1256.376713
0.2373 1248.139752
0.2374 1229.968003
0.2375 1224.856452
0.2376 1210.792716
0.2377 1210.786187
0.2378 1211.762735
0.2379 1217.675911
0.2380 1207.520503
0.2381 1200.410353
0.2382 1195.328874
0.2383 1193.271130
0.2384 1193.221831
0.2385 1189.171881
0.2386 1185.136886
0.2387 1178.149118
0.2388 1173.189013
0.2389 1174.239576
0.2390 1161.233681
0.2391 1158.222913
0.2392 1144.248556
0.2393 1135.260218
0.2394 1136.252623
0.2395 1128.251052
0.2396 1104.329256
0.2397 1074.546420
0.2398 1055.905960
0.2399 1036.374345
0.2400 1016.933515
0.2401 997.607617
0.2402 990.345252
0.2403 993.096593
0.2404 981.879019
0.2405 986.665115
0.2406 981.452524
0.2407 985.255959
0.2408 991.022368
0.2409 992.773990
0.2410 996.519076
0.2411 1001.239294
0.2412 1001.807106
0.2413 993.410811
0.2414 998.917896
0.2415 999.363508
0.2416 989.836284
0.2417 986.346669
0.2418 987.848319
0.2419 990.340281
0.2420 993.822425
0.2421 992.300182
0.2422 987.798836
0.2423 989.301549
0.2424 990.803416
0.2425 990.295333
0.2426 993.785764
0.2427 991.264636
0.2428 986.771425
0.2429 986.295419
0.2430 975.844409
0.2431 967.435427
0.2432 963.062640
0.2433 964.703810
0.2434 970.314854
0.2435 972.914884
0.2436 975.488922
0.2437 977.058398
0.2438 978.620256
0.2439 980.177887
0.2440 984.710968
0.2441 986.236104
0.2442 989.742808
0.2443 992.235332
0.2444 987.735510
0.2445 981.260558
0.2446 976.825845
0.2447 967.436539
0.2448 960.029827
0.2449 960.552883
0.2450 961.072821
0.2451 951.609202
0.2452 952.177509
0.2453 951.748869
0.2454 956.308180
0.2455 956.856807
0.2456 964.331392
0.2457 960.702818
0.2458 952.114306
0.2459 943.573540
0.2460 933.081501
0.2461 928.626433
0.2462 924.191503
0.2463 924.772598
0.2464 924.359487
0.2465 922.939933
0.2466 921.529894
0.2467 919.113415
0.2468 914.736309
0.2469 909.366179
0.2470 902.911678
0.2471 902.477183
0.2472 904.035755
0.2473 898.609276
0.2474 896.194917
0.2475 896.787170
0.2476 896.386470
0.2477 904.956936
0.2478 906.506741
0.2479 903.059158
0.2480 898.627446
0.2481 893.227059
0.2482 891.840834
0.2483 882.483319
0.2484 883.141542
0.2485 873.842159
0.2486 870.571606
0.2487 866.319399
0.2488 866.069758
0.2489 858.840591
0.2490 856.639429
0.2491 853.456483
0.2492 852.292001
0.2493 854.113120
0.2494 849.944219
0.2495 845.934041
0.2496 839.949715
0.2497 834.986718
0.2498 825.066052
0.2499 815.205014
