0 0
0.0001 0
0.0002 0
0.0003 0
0.0004 0
0.0005 0
0.0006 0
0.0007 0
0.0008 0
0.0009 0
0.001 0
0.0011 0
0.0012 0
0.0013 0
0.0014 0
0.0015 0
0.0016 0
0.0017 0
0.0018 0
0.0019 0
0.002 0
0.0021 0
0.0022 0
0.0023 0
0.0024 0
0.0025 0
0.0026 0
0.0027 0
0.0028 0
0.0029 0
0.003 0
0.0031 0
0.0032 0
0.0033 0
0.0034 0
0.0035 1
0.0036 1
0.0037 1
0.0038 1
0.0039 0
0.004 0
0.0041 0
0.0042 0
0.0043 0
0.0044 0
0.0045 0
0.0046 0
0.0047 0
0.0048 0
0.0049 0
0.005 0
0.0051 0
0.0052 0
0.0053 0
0.0054 0
0.0055 0
0.0056 0
0.0057 0
0.0058 0
0.0059 0
0.006 0
0.0061 2
0.0062 2
0.0063 2
0.0064 2
0.0065 2
0.0066 2
0.0067 2
0.0068 2
0.0069 2
0.007 1
0.0071 1
0.0072 1
0.0073 1
0.0074 1
0.0075 1
0.0076 1
0.0077 1
0.0078 2
0.0079 2
0.008 2
0.0081 2
0.0082 1
0.0083 1
0.0084 1
0.0085 1
0.0086 1
0.0087 1
0.0088 1
0.0089 2
0.009 2
0.0091 2
0.0092 3
0.0093 3
0.0094 3
0.0095 3
0.0096 3
0.0097 3
0.0098 3
0.0099 4
0.01 4
0.0101 4
0.0102 5
0.0103 5
0.0104 5
0.0105 5
0.0106 4
0.0107 4
0.0108 4
0.0109 4
0.011 4
0.0111 4
0.0112 4
0.0113 4
0.0114 4
0.0115 4
0.0116 4
0.0117 4
0.0118 3
0.0119 3
0.012 3
0.0121 3
0.0122 3
0.0123 4
0.0124 4
0.0125 4
0.0126 4
0.0127 3
0.0128 3
0.0129 2
0.013 2
0.0131 2
0.0132 2
0.0133 2
0.0134 2
0.0135 2
0.0136 3
0.0137 3
0.0138 3
0.0139 3
0.014 3
0.0141 4
0.0142 4
0.0143 4
0.0144 4
0.0145 3
0.0146 3
0.0147 3
0.0148 3
0.0149 3
0.015 4
0.0151 5
0.0152 6
0.0153 6
0.0154 6
0.0155 6
0.0156 5
0.0157 6
0.0158 6
0.0159 6
0.016 6
0.0161 6
0.0162 6
0.0163 6
0.0164 6
0.0165 7
0.0166 7
0.0167 7
0.0168 7
0.0169 5
0.017 5
0.0171 4
0.0172 4
0.0173 4
0.0174 4
0.0175 4
0.0176 3
0.0177 2
0.0178 2
0.0179 2
0.018 2
0.0181 2
0.0182 2
0.0183 2
0.0184 2
0.0185 2
0.0186 2
0.0187 2
0.0188 2
0.0189 2
0.019 2
0.0191 2
0.0192 3
0.0193 3
0.0194 3
0.0195 3
0.0196 4
0.0197 7
0.0198 7
0.0199 7
0.02 7
0.0201 7
0.0202 8
0.0203 8
0.0204 8
0.0205 8
0.0206 8
0.0207 7
0.0208 7
0.0209 7
0.021 7
0.0211 7
0.0212 7
0.0213 7
0.0214 7
0.0215 6
0.0216 6
0.0217 6
0.0218 6
0.0219 6
0.022 6
0.0221 6
0.0222 6
0.0223 7
0.0224 7
0.0225 6
0.0226 7
0.0227 6
0.0228 6
0.0229 7
0.023 7
0.0231 7
0.0232 7
0.0233 8
0.0234 9
0.0235 9
0.0236 8
0.0237 8
0.0238 8
0.0239 8
0.024 7
0.0241 7
0.0242 7
0.0243 8
0.0244 9
0.0245 9
0.0246 9
0.0247 9
0.0248 9
0.0249 9
0.025 9
0.0251 10
0.0252 9
0.0253 10
0.0254 10
0.0255 10
0.0256 10
0.0257 11
0.0258 11
0.0259 10
0.026 10
0.0261 10
0.0262 10
0.0263 9
0.0264 8
0.0265 9
0.0266 10
0.0267 10
0.0268 11
0.0269 10
0.027 10
0.0271 10
0.0272 10
0.0273 10
0.0274 10
0.0275 10
0.0276 11
0.0277 11
0.0278 11
0.0279 12
0.028 12
0.0281 13
0.0282 14
0.0283 14
0.0284 14
0.0285 14
0.0286 15
0.0287 15
0.0288 15
0.0289 15
0.029 15
0.0291 15
0.0292 15
0.0293 14
0.0294 14
0.0295 14
0.0296 14
0.0297 14
0.0298 16
0.0299 17
0.03 17
0.0301 17
0.0302 16
0.0303 16
0.0304 16
0.0305 16
0.0306 16
0.0307 16
0.0308 17
0.0309 17
0.031 17
0.0311 17
0.0312 17
0.0313 17
0.0314 18
0.0315 18
0.0316 18
0.0317 17
0.0318 17
0.0319 18
0.032 18
0.0321 18
0.0322 18
0.0323 18
0.0324 18
0.0325 18
0.0326 19
0.0327 19
0.0328 19
0.0329 19
0.033 19
0.0331 18
0.0332 18
0.0333 18
0.0334 17
0.0335 17
0.0336 17
0.0337 17
0.0338 18
0.0339 17
0.034 16
0.0341 16
0.0342 16
0.0343 16
0.0344 16
0.0345 16
0.0346 17
0.0347 16
0.0348 15
0.0349 14
0.035 14
0.0351 13
0.0352 15
0.0353 15
0.0354 16
0.0355 15
0.0356 14
0.0357 15
0.0358 16
0.0359 16
0.036 16
0.0361 16
0.0362 16
0.0363 16
0.0364 15
0.0365 16
0.0366 17
0.0367 18
0.0368 18
0.0369 18
0.037 18
0.0371 18
0.0372 17
0.0373 18
0.0374 18
0.0375 18
0.0376 18
0.0377 18
0.0378 18
0.0379 18
0.038 18
0.0381 18
0.0382 19
0.0383 19
0.0384 19
0.0385 21
0.0386 21
0.0387 21
0.0388 22
0.0389 23
0.039 23
0.0391 23
0.0392 23
0.0393 24
0.0394 24
0.0395 24
0.0396 23
0.0397 23
0.0398 23
0.0399 24
0.04 25
0.0401 25
0.0402 25
0.0403 24
0.0404 24
0.0405 21
0.0406 21
0.0407 21
0.0408 21
0.0409 21
0.041 20
0.0411 21
0.0412 21
0.0413 23
0.0414 23
0.0415 22
0.0416 23
0.0417 22
0.0418 22
0.0419 22
0.042 22
0.0421 24
0.0422 23
0.0423 22
0.0424 22
0.0425 22
0.0426 22
0.0427 22
0.0428 24
0.0429 24
0.043 24
0.0431 23
0.0432 24
0.0433 22
0.0434 22
0.0435 22
0.0436 21
0.0437 23
0.0438 23
0.0439 23
0.044 23
0.0441 23
0.0442 23
0.0443 22
0.0444 22
0.0445 22
0.0446 21
0.0447 21
0.0448 21
0.0449 20
0.045 20
0.0451 21
0.0452 21
0.0453 21
0.0454 21
0.0455 21
0.0456 21
0.0457 20
0.0458 19
0.0459 20
0.046 19
0.0461 19
0.0462 20
0.0463 20
0.0464 20
0.0465 20
0.0466 21
0.0467 22
0.0468 22
0.0469 21
0.047 20
0.0471 20
0.0472 20
0.0473 20
0.0474 20
0.0475 20
0.0476 20
0.0477 20
0.0478 20
0.0479 21
0.048 21
0.0481 21
0.0482 21
0.0483 21
0.0484 21
0.0485 20
0.0486 20
0.0487 20
0.0488 20
0.0489 20
0.049 21
0.0491 21
0.0492 20
0.0493 19
0.0494 19
0.0495 19
0.0496 19
0.0497 19
0.0498 18
0.0499 18
0.05 18
0.0501 18
0.0502 18
0.0503 17
0.0504 17
0.0505 16
0.0506 16
0.0507 18
0.0508 19
0.0509 19
0.051 19
0.0511 19
0.0512 19
0.0513 19
0.0514 18
0.0515 18
0.0516 19
0.0517 20
0.0518 21
0.0519 20
0.052 20
0.0521 19
0.0522 21
0.0523 20
0.0524 20
0.0525 20
0.0526 20
0.0527 19
0.0528 19
0.0529 18
0.053 18
0.0531 18
0.0532 18
0.0533 18
0.0534 18
0.0535 20
0.0536 19
0.0537 17
0.0538 15
0.0539 15
0.054 15
0.0541 15
0.0542 15
0.0543 15
0.0544 15
0.0545 15
0.0546 15
0.0547 15
0.0548 16
0.0549 16
0.055 16
0.0551 15
0.0552 17
0.0553 17
0.0554 15
0.0555 15
0.0556 15
0.0557 17
0.0558 17
0.0559 17
0.056 17
0.0561 16
0.0562 17
0.0563 16
0.0564 16
0.0565 16
0.0566 16
0.0567 16
0.0568 16
0.0569 16
0.057 16
0.0571 17
0.0572 17
0.0573 17
0.0574 18
0.0575 18
0.0576 18
0.0577 19
0.0578 20
0.0579 19
0.058 19
0.0581 19
0.0582 19
0.0583 19
0.0584 19
0.0585 18
0.0586 18
0.0587 19
0.0588 19
0.0589 20
0.059 20
0.0591 20
0.0592 20
0.0593 20
0.0594 20
0.0595 21
0.0596 21
0.0597 20
0.0598 19
0.0599 19
0.06 20
0.0601 20
0.0602 21
0.0603 20
0.0604 20
0.0605 19
0.0606 19
0.0607 19
0.0608 19
0.0609 20
0.061 20
0.0611 21
0.0612 21
0.0613 21
0.0614 21
0.0615 21
0.0616 21
0.0617 22
0.0618 22
0.0619 22
0.062 22
0.0621 22
0.0622 21
0.0623 20
0.0624 20
0.0625 20
0.0626 20
0.0627 20
0.0628 22
0.0629 22
0.063 22
0.0631 23
0.0632 23
0.0633 24
0.0634 24
0.0635 25
0.0636 25
0.0637 25
0.0638 25
0.0639 25
0.064 25
0.0641 26
0.0642 26
0.0643 26
0.0644 26
0.0645 25
0.0646 24
0.0647 25
0.0648 26
0.0649 29
0.065 29
0.0651 29
0.0652 28
0.0653 29
0.0654 29
0.0655 30
0.0656 30
0.0657 29
0.0658 28
0.0659 28
0.066 28
0.0661 28
0.0662 30
0.0663 29
0.0664 29
0.0665 29
0.0666 28
0.0667 27
0.0668 27
0.0669 27
0.067 26
0.0671 26
0.0672 25
0.0673 24
0.0674 24
0.0675 24
0.0676 24
0.0677 24
0.0678 24
0.0679 23
0.068 24
0.0681 23
0.0682 23
0.0683 23
0.0684 23
0.0685 23
0.0686 24
0.0687 24
0.0688 24
0.0689 24
0.069 25
0.0691 25
0.0692 26
0.0693 25
0.0694 25
0.0695 25
0.0696 26
0.0697 26
0.0698 25
0.0699 26
0.07 26
0.0701 27
0.0702 27
0.0703 27
0.0704 28
0.0705 28
0.0706 27
0.0707 28
0.0708 25
0.0709 24
0.071 24
0.0711 24
0.0712 24
0.0713 24
0.0714 24
0.0715 24
0.0716 24
0.0717 24
0.0718 24
0.0719 24
0.072 24
0.0721 23
0.0722 23
0.0723 23
0.0724 23
0.0725 24
0.0726 23
0.0727 23
0.0728 23
0.0729 23
0.073 24
0.0731 25
0.0732 25
0.0733 25
0.0734 25
0.0735 25
0.0736 25
0.0737 25
0.0738 24
0.0739 24
0.074 22
0.0741 22
0.0742 23
0.0743 23
0.0744 24
0.0745 24
0.0746 23
0.0747 23
0.0748 24
0.0749 24
0.075 24
0.0751 24
0.0752 24
0.0753 24
0.0754 23
0.0755 23
0.0756 23
0.0757 23
0.0758 23
0.0759 23
0.076 23
0.0761 23
0.0762 23
0.0763 23
0.0764 23
0.0765 23
0.0766 23
0.0767 23
0.0768 23
0.0769 23
0.077 23
0.0771 24
0.0772 23
0.0773 24
0.0774 24
0.0775 25
0.0776 24
0.0777 24
0.0778 24
0.0779 24
0.078 24
0.0781 24
0.0782 24
0.0783 24
0.0784 24
0.0785 23
0.0786 23
0.0787 22
0.0788 22
0.0789 23
0.079 22
0.0791 22
0.0792 22
0.0793 22
0.0794 22
0.0795 21
0.0796 20
0.0797 20
0.0798 19
0.0799 19
0.08 19
0.0801 19
0.0802 19
0.0803 19
0.0804 19
0.0805 19
0.0806 19
0.0807 19
0.0808 19
0.0809 19
0.081 19
0.0811 20
0.0812 20
0.0813 19
0.0814 20
0.0815 20
0.0816 20
0.0817 18
0.0818 19
0.0819 19
0.082 18
0.0821 19
0.0822 19
0.0823 19
0.0824 19
0.0825 20
0.0826 20
0.0827 19
0.0828 19
0.0829 19
0.083 19
0.0831 19
0.0832 19
0.0833 18
0.0834 18
0.0835 17
0.0836 18
0.0837 17
0.0838 17
0.0839 16
0.084 16
0.0841 16
0.0842 16
0.0843 17
0.0844 19
0.0845 19
0.0846 19
0.0847 18
0.0848 18
0.0849 19
0.085 19
0.0851 19
0.0852 19
0.0853 19
0.0854 19
0.0855 20
0.0856 21
0.0857 21
0.0858 21
0.0859 20
0.086 20
0.0861 20
0.0862 20
0.0863 21
0.0864 21
0.0865 20
0.0866 21
0.0867 22
0.0868 21
0.0869 22
0.087 22
0.0871 21
0.0872 21
0.0873 21
0.0874 22
0.0875 22
0.0876 23
0.0877 23
0.0878 23
0.0879 23
0.088 23
0.0881 21
0.0882 20
0.0883 20
0.0884 20
0.0885 20
0.0886 21
0.0887 20
0.0888 20
0.0889 20
0.089 19
0.0891 19
0.0892 19
0.0893 19
0.0894 19
0.0895 19
0.0896 19
0.0897 19
0.0898 19
0.0899 18
0.09 19
0.0901 19
0.0902 19
0.0903 19
0.0904 20
0.0905 20
0.0906 20
0.0907 21
0.0908 22
0.0909 22
0.091 22
0.0911 23
0.0912 23
0.0913 23
0.0914 21
0.0915 21
0.0916 23
0.0917 24
0.0918 23
0.0919 24
0.092 24
0.0921 24
0.0922 23
0.0923 23
0.0924 22
0.0925 22
0.0926 22
0.0927 22
0.0928 22
0.0929 22
0.093 21
0.0931 20
0.0932 20
0.0933 20
0.0934 21
0.0935 21
0.0936 21
0.0937 22
0.0938 22
0.0939 22
0.094 21
0.0941 21
0.0942 21
0.0943 23
0.0944 23
0.0945 22
0.0946 22
0.0947 22
0.0948 22
0.0949 23
0.095 24
0.0951 24
0.0952 24
0.0953 24
0.0954 23
0.0955 23
0.0956 23
0.0957 23
0.0958 23
0.0959 23
0.096 23
0.0961 24
0.0962 25
0.0963 25
0.0964 25
0.0965 25
0.0966 25
0.0967 25
0.0968 24
0.0969 25
0.097 25
0.0971 25
0.0972 25
0.0973 26
0.0974 26
0.0975 25
0.0976 26
0.0977 26
0.0978 25
0.0979 25
0.098 26
0.0981 27
0.0982 27
0.0983 28
0.0984 29
0.0985 29
0.0986 28
0.0987 29
0.0988 29
0.0989 29
0.099 29
0.0991 28
0.0992 30
0.0993 30
0.0994 30
0.0995 30
0.0996 29
0.0997 29
0.0998 29
0.0999 29
0.1 29
