0 0
0.0001 1
0.0002 5
0.0003 9
0.0004 17
0.0005 22
0.0006 31
0.0007 40
0.0008 42
0.0009 58
0.001 84
0.0011 109
0.0012 134
0.0013 136
0.0014 146
0.0015 163
0.0016 183
0.0017 211
0.0018 227
0.0019 234
0.002 250
0.0021 268
0.0022 285
0.0023 305
0.0024 339
0.0025 374
0.0026 407
0.0027 436
0.0028 476
0.0029 499
0.003 531
0.0031 567
0.0032 607
0.0033 632
0.0034 665
0.0035 697
0.0036 734
0.0037 760
0.0038 776
0.0039 811
0.004 855
0.0041 882
0.0042 928
0.0043 980
0.0044 1019
0.0045 1073
0.0046 1095
0.0047 1127
0.0048 1140
0.0049 1159
0.005 1188
0.0051 1192
0.0052 1195
0.0053 1206
0.0054 1210
0.0055 1227
0.0056 1254
0.0057 1270
0.0058 1273
0.0059 1269
0.006 1276
0.0061 1308
0.0062 1325
0.0063 1323
0.0064 1341
0.0065 1361
0.0066 1375
0.0067 1392
0.0068 1409
0.0069 1429
0.007 1432
0.0071 1456
0.0072 1481
0.0073 1487
0.0074 1509
0.0075 1529
0.0076 1546
0.0077 1549
0.0078 1558
0.0079 1563
0.008 1572
0.0081 1561
0.0082 1552
0.0083 1555
0.0084 1562
0.0085 1571
0.0086 1572
0.0087 1568
0.0088 1579
0.0089 1602
0.009 1610
0.0091 1624
0.0092 1651
0.0093 1671
0.0094 1673
0.0095 1677
0.0096 1664
0.0097 1672
0.0098 1661
0.0099 1664
0.01 1645
0.0101 1624
0.0102 1616
0.0103 1625
0.0104 1626
0.0105 1613
0.0106 1595
0.0107 1591
0.0108 1574
0.0109 1582
0.011 1580
0.0111 1591
0.0112 1621
0.0113 1624
0.0114 1610
0.0115 1609
0.0116 1612
0.0117 1612
0.0118 1606
0.0119 1637
0.012 1644
0.0121 1656
0.0122 1641
0.0123 1636
0.0124 1645
0.0125 1639
0.0126 1608
0.0127 1581
0.0128 1577
0.0129 1568
0.013 1582
0.0131 1571
0.0132 1551
0.0133 1552
0.0134 1573
0.0135 1571
0.0136 1584
0.0137 1586
0.0138 1621
0.0139 1637
0.014 1650
0.0141 1642
0.0142 1652
0.0143 1672
0.0144 1691
0.0145 1702
0.0146 1706
0.0147 1708
0.0148 1711
0.0149 1683
0.015 1661
0.0151 1643
0.0152 1629
0.0153 1622
0.0154 1622
0.0155 1627
0.0156 1621
0.0157 1646
0.0158 1642
0.0159 1671
0.016 1692
0.0161 1687
0.0162 1662
0.0163 1656
0.0164 1659
0.0165 1641
0.0166 1612
0.0167 1610
0.0168 1607
0.0169 1596
0.017 1601
0.0171 1587
0.0172 1575
0.0173 1565
0.0174 1551
0.0175 1502
0.0176 1480
0.0177 1464
0.0178 1442
0.0179 1449
0.018 1453
0.0181 1434
0.0182 1422
0.0183 1418
0.0184 1412
0.0185 1393
0.0186 1394
0.0187 1377
0.0188 1372
0.0189 1370
0.019 1326
0.0191 1317
0.0192 1313
0.0193 1306
0.0194 1292
0.0195 1270
0.0196 1271
0.0197 1271
0.0198 1269
0.0199 1257
0.02 1235
0.0201 1222
0.0202 1191
0.0203 1169
0.0204 1153
0.0205 1141
0.0206 1122
0.0207 1098
0.0208 1098
0.0209 1083
0.021 1075
0.0211 1061
0.0212 1045
0.0213 1027
0.0214 1005
0.0215 979
0.0216 955
0.0217 937
0.0218 932
0.0219 918
0.022 894
0.0221 859
0.0222 838
0.0223 802
0.0224 798
0.0225 764
0.0226 743
0.0227 716
0.0228 705
0.0229 689
0.023 657
0.0231 632
0.0232 609
0.0233 577
0.0234 561
0.0235 535
0.0236 491
0.0237 451
0.0238 425
0.0239 410
0.024 407
0.0241 383
0.0242 384
0.0243 386
0.0244 367
0.0245 344
0.0246 343
0.0247 331
0.0248 317
0.0249 317
0.025 312
0.0251 308
0.0252 295
0.0253 259
0.0254 236
0.0255 212
0.0256 182
0.0257 142
0.0258 127
0.0259 100
0.026 89
0.0261 85
0.0262 60
0.0263 51
0.0264 43
0.0265 29
0.0266 24
0.0267 15
0.0268 9
0.0269 8
0.027 10
0.0271 7
0.0272 2
0.0273 1
0.0274 1
0.0275 0
0.0276 0
0.0277 0
0.0278 0
0.0279 0
0.028 2
0.0281 2
0.0282 0
0.0283 0
0.0284 2
0.0285 0
0.0286 0
0.0287 2
0.0288 0
0.0289 0
0.029 0
0.0291 0
0.0292 0
0.0293 0
0.0294 2
0.0295 1
0.0296 0
0.0297 0
0.0298 0
0.0299 0
0.03 0
0.0301 0
0.0302 0
0.0303 0
0.0304 1
0.0305 1
0.0306 1
0.0307 0
0.0308 0
0.0309 0
0.031 2
0.0311 0
0.0312 1
0.0313 0
0.0314 0
0.0315 1
0.0316 1
0.0317 0
0.0318 0
0.0319 0
0.032 0
0.0321 0
0.0322 0
0.0323 0
0.0324 0
0.0325 0
0.0326 1
0.0327 0
0.0328 1
0.0329 0
0.033 2
0.0331 2
0.0332 0
0.0333 2
0.0334 1
0.0335 0
0.0336 1
0.0337 0
0.0338 0
0.0339 0
0.034 1
0.0341 0
0.0342 1
0.0343 1
0.0344 0
0.0345 0
0.0346 0
0.0347 0
0.0348 0
0.0349 1
0.035 0
0.0351 0
0.0352 0
0.0353 0
0.0354 0
0.0355 1
0.0356 2
0.0357 0
0.0358 1
0.0359 2
0.036 1
0.0361 1
0.0362 1
0.0363 0
0.0364 1
0.0365 0
0.0366 1
0.0367 2
0.0368 0
0.0369 0
0.037 1
0.0371 0
0.0372 0
0.0373 1
0.0374 1
0.0375 0
0.0376 0
0.0377 0
0.0378 1
0.0379 0
0.038 0
0.0381 2
0.0382 0
0.0383 1
0.0384 0
0.0385 0
0.0386 0
0.0387 0
0.0388 0
0.0389 1
0.039 0
0.0391 0
0.0392 0
0.0393 2
0.0394 0
0.0395 1
0.0396 1
0.0397 0
0.0398 0
0.0399 0
0.04 0
0.0401 1
0.0402 0
0.0403 0
0.0404 0
0.0405 0
0.0406 1
0.0407 0
0.0408 0
0.0409 1
0.041 0
0.0411 1
0.0412 2
0.0413 0
0.0414 0
0.0415 0
0.0416 0
0.0417 1
0.0418 1
0.0419 1
0.042 0
0.0421 1
0.0422 1
0.0423 0
0.0424 0
0.0425 0
0.0426 0
0.0427 1
0.0428 1
0.0429 2
0.043 1
0.0431 0
0.0432 0
0.0433 0
0.0434 0
0.0435 0
0.0436 0
0.0437 1
0.0438 2
0.0439 0
0.044 1
0.0441 1
0.0442 1
0.0443 1
0.0444 0
0.0445 1
0.0446 0
0.0447 1
0.0448 0
0.0449 0
0.045 1
0.0451 0
0.0452 0
0.0453 1
0.0454 0
0.0455 0
0.0456 1
0.0457 0
0.0458 0
0.0459 0
0.046 1
0.0461 2
0.0462 0
0.0463 0
0.0464 1
0.0465 1
0.0466 0
0.0467 0
0.0468 0
0.0469 0
0.047 2
0.0471 0
0.0472 0
0.0473 0
0.0474 0
0.0475 1
0.0476 2
0.0477 0
0.0478 1
0.0479 0
0.048 0
0.0481 1
0.0482 0
0.0483 0
0.0484 0
0.0485 0
0.0486 1
0.0487 0
0.0488 0
0.0489 1
0.049 1
0.0491 1
0.0492 0
0.0493 0
0.0494 1
0.0495 0
0.0496 0
0.0497 2
0.0498 1
0.0499 0
0.05 0
0.0501 0
0.0502 1
0.0503 0
0.0504 0
0.0505 0
0.0506 0
0.0507 2
0.0508 2
0.0509 0
0.051 0
0.0511 1
0.0512 1
0.0513 0
0.0514 3
0.0515 0
0.0516 1
0.0517 1
0.0518 3
0.0519 3
0.052 3
0.0521 0
0.0522 2
0.0523 0
0.0524 1
0.0525 0
0.0526 1
0.0527 0
0.0528 3
0.0529 0
0.053 1
0.0531 0
0.0532 1
0.0533 0
0.0534 0
0.0535 1
0.0536 1
0.0537 2
0.0538 1
0.0539 1
0.054 1
0.0541 1
0.0542 1
0.0543 0
0.0544 0
0.0545 0
0.0546 1
0.0547 1
0.0548 3
0.0549 1
0.055 2
0.0551 2
0.0552 2
0.0553 1
0.0554 1
0.0555 0
0.0556 0
0.0557 0
0.0558 1
0.0559 0
0.056 2
0.0561 0
0.0562 0
0.0563 2
0.0564 0
0.0565 0
0.0566 2
0.0567 2
0.0568 1
0.0569 1
0.057 1
0.0571 2
0.0572 1
0.0573 2
0.0574 0
0.0575 1
0.0576 2
0.0577 0
0.0578 1
0.0579 2
0.058 1
0.0581 1
0.0582 1
0.0583 1
0.0584 2
0.0585 2
0.0586 0
0.0587 0
0.0588 1
0.0589 0
0.059 2
0.0591 1
0.0592 1
0.0593 1
0.0594 2
0.0595 1
0.0596 3
0.0597 0
0.0598 0
0.0599 1
0.06 0
0.0601 1
0.0602 4
0.0603 3
0.0604 4
0.0605 3
0.0606 3
0.0607 3
0.0608 3
0.0609 0
0.061 0
0.0611 1
0.0612 1
0.0613 1
0.0614 2
0.0615 1
0.0616 0
0.0617 2
0.0618 0
0.0619 1
0.062 2
0.0621 0
0.0622 0
0.0623 1
0.0624 2
0.0625 3
0.0626 2
0.0627 2
0.0628 1
0.0629 2
0.063 0
0.0631 2
0.0632 0
0.0633 2
0.0634 1
0.0635 1
0.0636 4
0.0637 1
0.0638 0
0.0639 2
0.064 2
0.0641 1
0.0642 0
0.0643 2
0.0644 1
0.0645 0
0.0646 2
0.0647 0
0.0648 1
0.0649 4
0.065 2
0.0651 2
0.0652 1
0.0653 2
0.0654 2
0.0655 3
0.0656 3
0.0657 2
0.0658 0
0.0659 2
0.066 2
0.0661 2
0.0662 4
0.0663 3
0.0664 2
0.0665 0
0.0666 5
0.0667 3
0.0668 2
0.0669 2
0.067 1
0.0671 2
0.0672 2
0.0673 0
0.0674 1
0.0675 0
0.0676 0
0.0677 1
0.0678 0
0.0679 0
0.068 2
0.0681 2
0.0682 1
0.0683 2
0.0684 2
0.0685 0
0.0686 0
0.0687 1
0.0688 0
0.0689 1
0.069 2
0.0691 2
0.0692 0
0.0693 3
0.0694 2
0.0695 0
0.0696 1
0.0697 1
0.0698 3
0.0699 0
0.07 4
0.0701 3
0.0702 4
0.0703 2
0.0704 1
0.0705 2
0.0706 0
0.0707 2
0.0708 2
0.0709 1
0.071 5
0.0711 7
0.0712 8
0.0713 6
0.0714 2
0.0715 2
0.0716 3
0.0717 2
0.0718 3
0.0719 4
0.072 2
0.0721 3
0.0722 0
0.0723 0
0.0724 2
0.0725 0
0.0726 3
0.0727 3
0.0728 4
0.0729 0
0.073 3
0.0731 5
0.0732 0
0.0733 1
0.0734 4
0.0735 5
0.0736 4
0.0737 4
0.0738 0
0.0739 0
0.074 1
0.0741 2
0.0742 6
0.0743 4
0.0744 1
0.0745 1
0.0746 8
0.0747 4
0.0748 10
0.0749 7
0.075 3
0.0751 6
0.0752 6
0.0753 6
0.0754 6
0.0755 3
0.0756 9
0.0757 5
0.0758 8
0.0759 6
0.076 6
0.0761 7
0.0762 6
0.0763 11
0.0764 10
0.0765 4
0.0766 12
0.0767 8
0.0768 5
0.0769 9
0.077 5
0.0771 3
0.0772 2
0.0773 3
0.0774 5
0.0775 5
0.0776 4
0.0777 7
0.0778 15
0.0779 9
0.078 10
0.0781 20
0.0782 24
0.0783 25
0.0784 26
0.0785 20
0.0786 20
0.0787 18
0.0788 21
0.0789 21
0.079 21
0.0791 25
0.0792 31
0.0793 23
0.0794 24
0.0795 24
0.0796 22
0.0797 24
0.0798 28
0.0799 15
0.08 19
0.0801 35
0.0802 34
0.0803 36
0.0804 36
0.0805 34
0.0806 31
0.0807 31
0.0808 23
0.0809 21
0.081 18
0.0811 11
0.0812 15
0.0813 14
0.0814 15
0.0815 13
0.0816 25
0.0817 19
0.0818 18
0.0819 20
0.082 17
0.0821 12
0.0822 13
0.0823 20
0.0824 24
0.0825 16
0.0826 13
0.0827 5
0.0828 5
0.0829 3
0.083 1
0.0831 5
0.0832 3
0.0833 1
0.0834 0
0.0835 2
0.0836 4
0.0837 3
0.0838 3
0.0839 2
0.084 5
0.0841 1
0.0842 0
0.0843 2
0.0844 4
0.0845 7
0.0846 4
0.0847 6
0.0848 2
0.0849 2
0.085 6
0.0851 3
0.0852 0
0.0853 1
0.0854 6
0.0855 1
0.0856 0
0.0857 2
0.0858 2
0.0859 2
0.086 7
0.0861 6
0.0862 4
0.0863 7
0.0864 3
0.0865 6
0.0866 5
0.0867 3
0.0868 6
0.0869 4
0.087 2
0.0871 8
0.0872 5
0.0873 4
0.0874 2
0.0875 3
0.0876 2
0.0877 1
0.0878 2
0.0879 9
0.088 4
0.0881 4
0.0882 4
0.0883 2
0.0884 4
0.0885 1
0.0886 3
0.0887 3
0.0888 4
0.0889 5
0.089 0
0.0891 2
0.0892 0
0.0893 0
0.0894 4
0.0895 4
0.0896 5
0.0897 3
0.0898 2
0.0899 2
0.09 0
0.0901 2
0.0902 1
0.0903 4
0.0904 3
0.0905 2
0.0906 5
0.0907 2
0.0908 2
0.0909 4
0.091 1
0.0911 6
0.0912 1
0.0913 1
0.0914 1
0.0915 1
0.0916 4
0.0917 5
0.0918 5
0.0919 2
0.092 3
0.0921 3
0.0922 3
0.0923 3
0.0924 0
0.0925 0
0.0926 3
0.0927 0
0.0928 2
0.0929 1
0.093 1
0.0931 3
0.0932 6
0.0933 8
0.0934 13
0.0935 5
0.0936 10
0.0937 5
0.0938 6
0.0939 4
0.094 5
0.0941 6
0.0942 5
0.0943 13
0.0944 11
0.0945 7
0.0946 6
0.0947 8
0.0948 8
0.0949 8
0.095 14
0.0951 12
0.0952 13
0.0953 7
0.0954 9
0.0955 5
0.0956 5
0.0957 10
0.0958 5
0.0959 14
0.096 8
0.0961 10
0.0962 8
0.0963 9
0.0964 4
0.0965 8
0.0966 9
0.0967 9
0.0968 10
0.0969 13
0.097 7
0.0971 9
0.0972 4
0.0973 5
0.0974 5
0.0975 4
0.0976 6
0.0977 5
0.0978 7
0.0979 3
0.098 5
0.0981 3
0.0982 3
0.0983 4
0.0984 3
0.0985 1
0.0986 2
0.0987 8
0.0988 6
0.0989 4
0.099 9
0.0991 2
0.0992 0
0.0993 5
0.0994 4
0.0995 1
0.0996 2
0.0997 2
0.0998 3
0.0999 5
0.1 4
0.1001 3
0.1002 2
0.1003 1
0.1004 5
0.1005 5
0.1006 2
0.1007 7
0.1008 1
0.1009 1
0.101 4
0.1011 4
0.1012 1
0.1013 1
0.1014 2
0.1015 0
0.1016 2
0.1017 3
0.1018 1
0.1019 3
0.102 5
0.1021 4
0.1022 1
0.1023 1
0.1024 5
0.1025 3
0.1026 3
0.1027 2
0.1028 2
0.1029 2
0.103 2
0.1031 1
0.1032 1
0.1033 0
0.1034 5
0.1035 0
0.1036 2
0.1037 1
0.1038 0
0.1039 2
0.104 0
0.1041 2
0.1042 0
0.1043 0
0.1044 0
0.1045 1
0.1046 0
0.1047 1
0.1048 6
0.1049 7
0.105 6
0.1051 3
0.1052 4
0.1053 4
0.1054 6
0.1055 4
0.1056 4
0.1057 2
0.1058 6
0.1059 6
0.106 4
0.1061 4
0.1062 5
0.1063 3
0.1064 5
0.1065 6
0.1066 5
0.1067 6
0.1068 7
0.1069 5
0.107 5
0.1071 8
0.1072 4
0.1073 2
0.1074 4
0.1075 5
0.1076 6
0.1077 8
0.1078 12
0.1079 6
0.108 6
0.1081 7
0.1082 7
0.1083 2
0.1084 6
0.1085 2
0.1086 5
0.1087 5
0.1088 8
0.1089 6
0.109 13
0.1091 9
0.1092 17
0.1093 19
0.1094 15
0.1095 11
0.1096 12
0.1097 7
0.1098 2
0.1099 6
0.11 5
0.1101 5
0.1102 7
0.1103 7
0.1104 6
0.1105 10
0.1106 6
0.1107 3
0.1108 5
0.1109 7
0.111 10
0.1111 13
0.1112 22
0.1113 39
0.1114 44
0.1115 49
0.1116 48
0.1117 53
0.1118 52
0.1119 57
0.112 63
0.1121 61
0.1122 56
0.1123 62
0.1124 59
0.1125 59
0.1126 68
0.1127 63
0.1128 76
0.1129 88
0.113 105
0.1131 113
0.1132 128
0.1133 142
0.1134 151
0.1135 167
0.1136 172
0.1137 170
0.1138 181
0.1139 181
0.114 178
0.1141 168
0.1142 167
0.1143 157
0.1144 150
0.1145 143
0.1146 135
0.1147 130
0.1148 134
0.1149 165
0.115 196
0.1151 217
0.1152 254
0.1153 287
0.1154 309
0.1155 346
0.1156 369
0.1157 400
0.1158 408
0.1159 411
0.116 416
0.1161 420
0.1162 439
0.1163 445
0.1164 459
0.1165 468
0.1166 492
0.1167 507
0.1168 526
0.1169 545
0.117 555
0.1171 571
0.1172 565
0.1173 584
0.1174 609
0.1175 621
0.1176 638
0.1177 670
0.1178 676
0.1179 694
0.118 732
0.1181 756
0.1182 778
0.1183 802
0.1184 811
0.1185 834
0.1186 839
0.1187 853
0.1188 862
0.1189 872
0.119 888
0.1191 894
0.1192 896
0.1193 903
0.1194 902
0.1195 905
0.1196 923
0.1197 943
0.1198 953
0.1199 967
0.12 1009
0.1201 1054
0.1202 1059
0.1203 1069
0.1204 1095
0.1205 1100
0.1206 1097
0.1207 1086
0.1208 1073
0.1209 1068
0.121 1083
0.1211 1079
0.1212 1060
0.1213 1077
0.1214 1082
0.1215 1065
0.1216 1077
0.1217 1092
0.1218 1104
0.1219 1113
0.122 1116
0.1221 1142
0.1222 1171
0.1223 1180
0.1224 1178
0.1225 1178
0.1226 1159
0.1227 1159
0.1228 1151
0.1229 1171
0.123 1183
0.1231 1180
0.1232 1176
0.1233 1149
0.1234 1160
0.1235 1154
0.1236 1135
0.1237 1131
0.1238 1113
0.1239 1122
0.124 1105
0.1241 1111
0.1242 1121
0.1243 1122
0.1244 1134
0.1245 1150
0.1246 1157
0.1247 1179
0.1248 1184
0.1249 1200
0.125 1200
0.1251 1186
0.1252 1187
0.1253 1164
0.1254 1179
0.1255 1176
0.1256 1185
0.1257 1209
0.1258 1229
0.1259 1246
0.126 1259
0.1261 1282
0.1262 1276
0.1263 1286
0.1264 1283
0.1265 1267
0.1266 1266
0.1267 1259
0.1268 1259
0.1269 1227
0.127 1221
0.1271 1190
0.1272 1177
0.1273 1178
0.1274 1162
0.1275 1138
0.1276 1150
0.1277 1130
0.1278 1107
0.1279 1091
0.128 1090
0.1281 1087
0.1282 1074
0.1283 1068
0.1284 1054
0.1285 1046
0.1286 1049
0.1287 1031
0.1288 1004
0.1289 998
0.129 1011
0.1291 1014
0.1292 998
0.1293 992
0.1294 972
0.1295 958
0.1296 944
0.1297 927
0.1298 936
0.1299 923
0.13 886
0.1301 884
0.1302 894
0.1303 890
0.1304 864
0.1305 838
0.1306 830
0.1307 798
0.1308 795
0.1309 780
0.131 756
0.1311 739
0.1312 728
0.1313 730
0.1314 711
0.1315 695
0.1316 686
0.1317 659
0.1318 640
0.1319 619
0.132 617
0.1321 598
0.1322 584
0.1323 564
0.1324 544
0.1325 521
0.1326 499
0.1327 490
0.1328 476
0.1329 456
0.133 438
0.1331 394
0.1332 389
0.1333 382
0.1334 371
0.1335 378
0.1336 372
0.1337 351
0.1338 350
0.1339 341
0.134 340
0.1341 315
0.1342 303
0.1343 291
0.1344 285
0.1345 269
0.1346 239
0.1347 223
0.1348 206
0.1349 161
0.135 148
0.1351 130
0.1352 132
0.1353 122
0.1354 119
0.1355 112
0.1356 101
0.1357 101
0.1358 88
0.1359 77
0.136 55
0.1361 53
0.1362 35
0.1363 14
0.1364 8
0.1365 7
0.1366 5
0.1367 4
0.1368 3
0.1369 2
0.137 1
0.1371 0
0.1372 1
0.1373 3
0.1374 3
0.1375 3
0.1376 0
0.1377 1
0.1378 2
0.1379 1
0.138 0
0.1381 1
0.1382 0
0.1383 0
0.1384 1
0.1385 2
0.1386 0
0.1387 2
0.1388 1
0.1389 0
0.139 0
0.1391 0
0.1392 1
0.1393 1
0.1394 0
0.1395 0
0.1396 0
0.1397 0
0.1398 0
0.1399 0
0.14 0
0.1401 0
0.1402 2
0.1403 0
0.1404 1
0.1405 1
0.1406 0
0.1407 1
0.1408 0
0.1409 0
0.141 1
0.1411 0
0.1412 0
0.1413 2
0.1414 0
0.1415 0
0.1416 0
0.1417 0
0.1418 0
0.1419 0
0.142 0
0.1421 1
0.1422 1
0.1423 0
0.1424 1
0.1425 0
0.1426 0
0.1427 0
0.1428 1
0.1429 0
0.143 0
0.1431 1
0.1432 2
0.1433 0
0.1434 0
0.1435 1
0.1436 1
0.1437 0
0.1438 0
0.1439 0
0.144 0
0.1441 0
0.1442 1
0.1443 0
0.1444 0
0.1445 1
0.1446 0
0.1447 0
0.1448 0
0.1449 2
0.145 1
0.1451 2
0.1452 0
0.1453 1
0.1454 1
0.1455 0
0.1456 1
0.1457 1
0.1458 2
0.1459 1
0.146 1
0.1461 1
0.1462 0
0.1463 0
0.1464 1
0.1465 0
0.1466 0
0.1467 0
0.1468 1
0.1469 0
0.147 0
0.1471 0
0.1472 1
0.1473 1
0.1474 0
0.1475 0
0.1476 0
0.1477 0
0.1478 0
0.1479 0
0.148 0
0.1481 0
0.1482 1
0.1483 2
0.1484 0
0.1485 0
0.1486 0
0.1487 0
0.1488 0
0.1489 0
0.149 0
0.1491 1
0.1492 0
0.1493 0
0.1494 0
0.1495 0
0.1496 0
0.1497 0
0.1498 2
0.1499 1
0.15 1
0.1501 2
0.1502 0
0.1503 0
0.1504 0
0.1505 1
0.1506 0
0.1507 1
0.1508 1
0.1509 0
0.151 0
0.1511 0
0.1512 0
0.1513 0
0.1514 0
0.1515 1
0.1516 1
0.1517 0
0.1518 0
0.1519 0
0.152 2
0.1521 0
0.1522 1
0.1523 1
0.1524 1
0.1525 1
0.1526 0
0.1527 0
0.1528 1
0.1529 1
0.153 0
0.1531 1
0.1532 0
0.1533 0
0.1534 0
0.1535 1
0.1536 3
0.1537 0
0.1538 0
0.1539 0
0.154 1
0.1541 0
0.1542 4
0.1543 1
0.1544 0
0.1545 1
0.1546 0
0.1547 0
0.1548 0
0.1549 0
0.155 0
0.1551 0
0.1552 0
0.1553 0
0.1554 0
0.1555 0
0.1556 0
0.1557 0
0.1558 0
0.1559 0
0.156 1
0.1561 0
0.1562 1
0.1563 0
0.1564 0
0.1565 1
0.1566 0
0.1567 0
0.1568 4
0.1569 0
0.157 1
0.1571 0
0.1572 0
0.1573 0
0.1574 0
0.1575 2
0.1576 0
0.1577 1
0.1578 0
0.1579 0
0.158 1
0.1581 1
0.1582 0
0.1583 0
0.1584 0
0.1585 0
0.1586 1
0.1587 0
0.1588 1
0.1589 0
0.159 1
0.1591 1
0.1592 1
0.1593 1
0.1594 0
0.1595 2
0.1596 1
0.1597 1
0.1598 3
0.1599 1
0.16 0
0.1601 3
0.1602 0
0.1603 0
0.1604 1
0.1605 2
0.1606 0
0.1607 0
0.1608 0
0.1609 1
0.161 0
0.1611 1
0.1612 1
0.1613 0
0.1614 0
0.1615 1
0.1616 3
0.1617 0
0.1618 0
0.1619 0
0.162 0
0.1621 0
0.1622 1
0.1623 0
0.1624 1
0.1625 0
0.1626 0
0.1627 2
0.1628 1
0.1629 0
0.163 3
0.1631 2
0.1632 2
0.1633 0
0.1634 0
0.1635 1
0.1636 1
0.1637 1
0.1638 1
0.1639 0
0.164 2
0.1641 3
0.1642 0
0.1643 1
0.1644 3
0.1645 1
0.1646 4
0.1647 4
0.1648 1
0.1649 1
0.165 1
0.1651 2
0.1652 0
0.1653 1
0.1654 0
0.1655 0
0.1656 1
0.1657 2
0.1658 2
0.1659 1
0.166 1
0.1661 1
0.1662 1
0.1663 1
0.1664 2
0.1665 2
0.1666 0
0.1667 2
0.1668 0
0.1669 1
0.167 0
0.1671 0
0.1672 0
0.1673 1
0.1674 1
0.1675 1
0.1676 2
0.1677 0
0.1678 0
0.1679 0
0.168 0
0.1681 1
0.1682 1
0.1683 2
0.1684 0
0.1685 1
0.1686 1
0.1687 1
0.1688 0
0.1689 0
0.169 1
0.1691 0
0.1692 0
0.1693 1
0.1694 0
0.1695 1
0.1696 0
0.1697 2
0.1698 0
0.1699 0
0.17 0
0.1701 4
0.1702 0
0.1703 2
0.1704 2
0.1705 1
0.1706 0
0.1707 3
0.1708 1
0.1709 2
0.171 0
0.1711 0
0.1712 0
0.1713 1
0.1714 0
0.1715 3
0.1716 3
0.1717 1
0.1718 0
0.1719 0
0.172 1
0.1721 1
0.1722 0
0.1723 0
0.1724 1
0.1725 0
0.1726 1
0.1727 2
0.1728 4
0.1729 1
0.173 3
0.1731 4
0.1732 5
0.1733 2
0.1734 2
0.1735 0
0.1736 1
0.1737 0
0.1738 0
0.1739 1
0.174 1
0.1741 1
0.1742 2
0.1743 1
0.1744 0
0.1745 1
0.1746 0
0.1747 0
0.1748 0
0.1749 1
0.175 1
0.1751 2
0.1752 2
0.1753 1
0.1754 2
0.1755 0
0.1756 2
0.1757 1
0.1758 1
0.1759 2
0.176 4
0.1761 6
0.1762 3
0.1763 4
0.1764 2
0.1765 5
0.1766 2
0.1767 2
0.1768 3
0.1769 1
0.177 0
0.1771 1
0.1772 1
0.1773 1
0.1774 0
0.1775 1
0.1776 6
0.1777 3
0.1778 2
0.1779 0
0.178 1
0.1781 1
0.1782 2
0.1783 1
0.1784 2
0.1785 3
0.1786 0
0.1787 2
0.1788 0
0.1789 2
0.179 1
0.1791 3
0.1792 4
0.1793 1
0.1794 2
0.1795 1
0.1796 4
0.1797 0
0.1798 2
0.1799 3
0.18 0
0.1801 2
0.1802 0
0.1803 0
0.1804 0
0.1805 3
0.1806 5
0.1807 3
0.1808 1
0.1809 2
0.181 3
0.1811 1
0.1812 1
0.1813 1
0.1814 1
0.1815 0
0.1816 1
0.1817 3
0.1818 5
0.1819 1
0.182 1
0.1821 2
0.1822 1
0.1823 2
0.1824 1
0.1825 1
0.1826 2
0.1827 0
0.1828 1
0.1829 2
0.183 0
0.1831 2
0.1832 1
0.1833 5
0.1834 0
0.1835 3
0.1836 8
0.1837 8
0.1838 4
0.1839 12
0.184 10
0.1841 16
0.1842 6
0.1843 10
0.1844 10
0.1845 10
0.1846 3
0.1847 3
0.1848 6
0.1849 6
0.185 4
0.1851 10
0.1852 3
0.1853 5
0.1854 4
0.1855 2
0.1856 2
0.1857 3
0.1858 2
0.1859 5
0.186 6
0.1861 5
0.1862 4
0.1863 2
0.1864 3
0.1865 2
0.1866 4
0.1867 2
0.1868 5
0.1869 0
0.187 2
0.1871 0
0.1872 1
0.1873 2
0.1874 3
0.1875 4
0.1876 4
0.1877 5
0.1878 2
0.1879 6
0.188 1
0.1881 3
0.1882 2
0.1883 2
0.1884 1
0.1885 4
0.1886 5
0.1887 4
0.1888 3
0.1889 4
0.189 4
0.1891 2
0.1892 1
0.1893 2
0.1894 3
0.1895 0
0.1896 0
0.1897 1
0.1898 0
0.1899 3
0.19 4
0.1901 4
0.1902 4
0.1903 3
0.1904 6
0.1905 0
0.1906 2
0.1907 5
0.1908 4
0.1909 1
0.191 3
0.1911 2
0.1912 4
0.1913 2
0.1914 2
0.1915 3
0.1916 5
0.1917 3
0.1918 3
0.1919 3
0.192 1
0.1921 0
0.1922 4
0.1923 3
0.1924 2
0.1925 3
0.1926 3
0.1927 8
0.1928 5
0.1929 6
0.193 5
0.1931 4
0.1932 2
0.1933 5
0.1934 5
0.1935 5
0.1936 2
0.1937 6
0.1938 7
0.1939 4
0.194 5
0.1941 8
0.1942 2
0.1943 6
0.1944 6
0.1945 6
0.1946 2
0.1947 3
0.1948 1
0.1949 4
0.195 1
0.1951 4
0.1952 5
0.1953 9
0.1954 7
0.1955 6
0.1956 4
0.1957 1
0.1958 2
0.1959 1
0.196 0
0.1961 4
0.1962 3
0.1963 6
0.1964 4
0.1965 5
0.1966 4
0.1967 1
0.1968 4
0.1969 8
0.197 5
0.1971 4
0.1972 3
0.1973 1
0.1974 2
0.1975 3
0.1976 7
0.1977 8
0.1978 2
0.1979 1
0.198 2
0.1981 2
0.1982 1
0.1983 5
0.1984 8
0.1985 7
0.1986 3
0.1987 6
0.1988 4
0.1989 7
0.199 5
0.1991 4
0.1992 3
0.1993 4
0.1994 3
0.1995 4
0.1996 3
0.1997 3
0.1998 3
0.1999 6
0.2 7
0.2001 5
0.2002 7
0.2003 0
0.2004 2
0.2005 1
0.2006 2
0.2007 1
0.2008 1
0.2009 4
0.201 3
0.2011 4
0.2012 3
0.2013 3
0.2014 2
0.2015 3
0.2016 3
0.2017 6
0.2018 8
0.2019 5
0.202 11
0.2021 6
0.2022 3
0.2023 0
0.2024 1
0.2025 1
0.2026 1
0.2027 1
0.2028 7
0.2029 1
0.203 2
0.2031 4
0.2032 1
0.2033 4
0.2034 6
0.2035 5
0.2036 5
0.2037 3
0.2038 8
0.2039 4
0.204 4
0.2041 6
0.2042 6
0.2043 5
0.2044 7
0.2045 4
0.2046 2
0.2047 5
0.2048 7
0.2049 8
0.205 11
0.2051 13
0.2052 15
0.2053 19
0.2054 21
0.2055 34
0.2056 26
0.2057 33
0.2058 51
0.2059 65
0.206 71
0.2061 75
0.2062 83
0.2063 82
0.2064 91
0.2065 100
0.2066 108
0.2067 118
0.2068 124
0.2069 118
0.207 126
0.2071 132
0.2072 138
0.2073 158
0.2074 172
0.2075 157
0.2076 160
0.2077 156
0.2078 157
0.2079 153
0.208 154
0.2081 179
0.2082 199
0.2083 212
0.2084 244
0.2085 262
0.2086 292
0.2087 313
0.2088 364
0.2089 393
0.209 429
0.2091 441
0.2092 473
0.2093 494
0.2094 520
0.2095 550
0.2096 580
0.2097 601
0.2098 626
0.2099 649
0.21 652
0.2101 662
0.2102 673
0.2103 699
0.2104 719
0.2105 737
0.2106 743
0.2107 767
0.2108 779
0.2109 808
0.211 830
0.2111 845
0.2112 883
0.2113 912
0.2114 961
0.2115 978
0.2116 1003
0.2117 1025
0.2118 1044
0.2119 1061
0.212 1048
0.2121 1052
0.2122 1071
0.2123 1082
0.2124 1093
0.2125 1108
0.2126 1116
0.2127 1105
0.2128 1085
0.2129 1076
0.213 1082
0.2131 1069
0.2132 1059
0.2133 1051
0.2134 1051
0.2135 1045
0.2136 1041
0.2137 1061
0.2138 1053
0.2139 1064
0.214 1071
0.2141 1091
0.2142 1117
0.2143 1157
0.2144 1179
0.2145 1217
0.2146 1245
0.2147 1256
0.2148 1264
0.2149 1284
0.215 1279
0.2151 1276
0.2152 1249
0.2153 1230
0.2154 1221
0.2155 1235
0.2156 1229
0.2157 1201
0.2158 1207
0.2159 1203
0.216 1201
0.2161 1200
0.2162 1195
0.2163 1196
0.2164 1201
0.2165 1206
0.2166 1188
0.2167 1194
0.2168 1189
0.2169 1196
0.217 1190
0.2171 1190
0.2172 1200
0.2173 1196
0.2174 1201
0.2175 1215
0.2176 1194
0.2177 1197
0.2178 1220
0.2179 1202
0.218 1195
0.2181 1220
0.2182 1235
0.2183 1239
0.2184 1249
0.2185 1254
0.2186 1262
0.2187 1273
0.2188 1283
0.2189 1295
0.219 1303
0.2191 1306
0.2192 1295
0.2193 1283
0.2194 1261
0.2195 1255
0.2196 1236
0.2197 1250
0.2198 1259
0.2199 1252
0.22 1247
0.2201 1227
0.2202 1204
0.2203 1195
0.2204 1171
0.2205 1148
0.2206 1121
0.2207 1110
0.2208 1107
0.2209 1103
0.221 1093
0.2211 1120
0.2212 1122
0.2213 1119
0.2214 1122
0.2215 1101
0.2216 1074
0.2217 1078
0.2218 1075
0.2219 1067
0.222 1062
0.2221 1067
0.2222 1071
0.2223 1075
0.2224 1074
0.2225 1082
0.2226 1090
0.2227 1089
0.2228 1075
0.2229 1072
0.223 1076
0.2231 1077
0.2232 1078
0.2233 1063
0.2234 1083
0.2235 1065
0.2236 1084
0.2237 1087
0.2238 1075
0.2239 1094
0.224 1122
0.2241 1138
0.2242 1144
0.2243 1109
0.2244 1087
0.2245 1056
0.2246 1042
0.2247 1034
0.2248 1031
0.2249 1016
0.225 984
0.2251 940
0.2252 929
0.2253 910
0.2254 885
0.2255 855
0.2256 834
0.2257 838
0.2258 814
0.2259 799
0.226 780
0.2261 771
0.2262 759
0.2263 733
0.2264 731
0.2265 721
0.2266 708
0.2267 711
0.2268 706
0.2269 697
0.227 691
0.2271 691
0.2272 650
0.2273 635
0.2274 615
0.2275 607
0.2276 582
0.2277 571
0.2278 561
0.2279 569
0.228 559
0.2281 560
0.2282 574
0.2283 566
0.2284 560
0.2285 559
0.2286 549
0.2287 535
0.2288 506
0.2289 504
0.229 492
0.2291 475
0.2292 457
0.2293 437
0.2294 411
0.2295 403
0.2296 378
0.2297 362
0.2298 351
0.2299 309
0.23 297
0.2301 274
0.2302 248
0.2303 253
0.2304 252
0.2305 251
0.2306 262
0.2307 253
0.2308 248
0.2309 234
0.231 228
0.2311 221
0.2312 208
0.2313 190
0.2314 175
0.2315 150
0.2316 120
0.2317 99
0.2318 75
0.2319 62
0.232 44
0.2321 40
0.2322 15
0.2323 19
0.2324 9
0.2325 3
0.2326 3
0.2327 2
0.2328 0
0.2329 0
0.233 0
0.2331 3
0.2332 0
0.2333 2
0.2334 3
0.2335 5
0.2336 7
0.2337 4
0.2338 6
0.2339 4
0.234 2
0.2341 1
0.2342 3
0.2343 4
0.2344 0
0.2345 1
0.2346 1
0.2347 1
0.2348 0
0.2349 3
0.235 1
0.2351 1
0.2352 0
0.2353 0
0.2354 2
0.2355 1
0.2356 2
0.2357 0
0.2358 0
0.2359 0
0.236 0
0.2361 0
0.2362 0
0.2363 0
0.2364 0
0.2365 1
0.2366 0
0.2367 1
0.2368 0
0.2369 0
0.237 1
0.2371 1
0.2372 0
0.2373 0
0.2374 0
0.2375 1
0.2376 1
0.2377 0
0.2378 0
0.2379 0
0.238 0
0.2381 0
0.2382 0
0.2383 0
0.2384 0
0.2385 1
0.2386 0
0.2387 0
0.2388 0
0.2389 1
0.239 0
0.2391 0
0.2392 0
0.2393 0
0.2394 0
0.2395 0
0.2396 0
0.2397 0
0.2398 0
0.2399 0
0.24 0
0.2401 0
0.2402 1
0.2403 0
0.2404 1
0.2405 0
0.2406 0
0.2407 0
0.2408 1
0.2409 0
0.241 0
0.2411 0
0.2412 0
0.2413 0
0.2414 2
0.2415 0
0.2416 1
0.2417 1
0.2418 0
0.2419 0
0.242 0
0.2421 0
0.2422 1
0.2423 1
0.2424 0
0.2425 0
0.2426 0
0.2427 0
0.2428 1
0.2429 0
0.243 0
0.2431 0
0.2432 0
0.2433 0
0.2434 0
0.2435 0
0.2436 0
0.2437 1
0.2438 0
0.2439 0
0.244 0
0.2441 0
0.2442 0
0.2443 2
0.2444 0
0.2445 0
0.2446 1
0.2447 0
0.2448 0
0.2449 0
0.245 0
0.2451 0
0.2452 1
0.2453 0
0.2454 1
0.2455 1
0.2456 0
0.2457 1
0.2458 1
0.2459 0
0.246 0
0.2461 1
0.2462 0
0.2463 1
0.2464 0
0.2465 0
0.2466 1
0.2467 1
0.2468 0
0.2469 3
0.247 1
0.2471 1
0.2472 0
0.2473 0
0.2474 1
0.2475 2
0.2476 0
0.2477 4
0.2478 0
0.2479 1
0.248 0
0.2481 2
0.2482 2
0.2483 0
0.2484 2
0.2485 0
0.2486 0
0.2487 1
0.2488 0
0.2489 0
0.249 3
0.2491 1
0.2492 1
0.2493 0
0.2494 0
0.2495 1
0.2496 3
0.2497 0
0.2498 0
0.2499 1
0.25 1
