0 0
0.0001 0
0.0002 0
0.0003 0
0.0004 0
0.0005 0
0.0006 0
0.0007 0
0.0008 0
0.0009 0
0.001 0
0.0011 0
0.0012 0
0.0013 0
0.0014 0
0.0015 0
0.0016 0
0.0017 0
0.0018 0
0.0019 0
0.002 0
0.0021 0
0.0022 0
0.0023 0
0.0024 0
0.0025 0
0.0026 0
0.0027 0
0.0028 0
0.0029 0
0.003 0
0.0031 0
0.0032 0
0.0033 0
0.0034 0
0.0035 0
0.0036 0
0.0037 1
0.0038 0
0.0039 1
0.004 0
0.0041 0
0.0042 0
0.0043 0
0.0044 2
0.0045 1
0.0046 0
0.0047 0
0.0048 0
0.0049 2
0.005 1
0.0051 1
0.0052 0
0.0053 1
0.0054 2
0.0055 1
0.0056 0
0.0057 0
0.0058 1
0.0059 0
0.006 1
0.0061 1
0.0062 0
0.0063 1
0.0064 1
0.0065 2
0.0066 2
0.0067 1
0.0068 1
0.0069 3
0.007 0
0.0071 0
0.0072 0
0.0073 0
0.0074 2
0.0075 1
0.0076 1
0.0077 3
0.0078 0
0.0079 3
0.008 3
0.0081 3
0.0082 1
0.0083 2
0.0084 0
0.0085 1
0.0086 0
0.0087 1
0.0088 1
0.0089 5
0.009 3
0.0091 1
0.0092 1
0.0093 2
0.0094 2
0.0095 1
0.0096 0
0.0097 2
0.0098 4
0.0099 2
0.01 2
0.0101 0
0.0102 3
0.0103 2
0.0104 2
0.0105 1
0.0106 4
0.0107 3
0.0108 1
0.0109 1
0.011 3
0.0111 1
0.0112 3
0.0113 1
0.0114 1
0.0115 1
0.0116 2
0.0117 3
0.0118 3
0.0119 4
0.012 3
0.0121 1
0.0122 2
0.0123 4
0.0124 3
0.0125 1
0.0126 3
0.0127 4
0.0128 3
0.0129 1
0.013 2
0.0131 3
0.0132 4
0.0133 4
0.0134 2
0.0135 3
0.0136 2
0.0137 4
0.0138 5
0.0139 2
0.014 3
0.0141 4
0.0142 5
0.0143 3
0.0144 3
0.0145 6
0.0146 5
0.0147 3
0.0148 2
0.0149 3
0.015 2
0.0151 3
0.0152 8
0.0153 5
0.0154 3
0.0155 6
0.0156 4
0.0157 5
0.0158 8
0.0159 3
0.016 3
0.0161 4
0.0162 8
0.0163 9
0.0164 4
0.0165 5
0.0166 5
0.0167 9
0.0168 3
0.0169 3
0.017 9
0.0171 7
0.0172 4
0.0173 4
0.0174 12
0.0175 9
0.0176 7
0.0177 13
0.0178 7
0.0179 2
0.018 11
0.0181 9
0.0182 11
0.0183 4
0.0184 8
0.0185 5
0.0186 11
0.0187 5
0.0188 9
0.0189 5
0.019 8
0.0191 8
0.0192 12
0.0193 9
0.0194 12
0.0195 8
0.0196 7
0.0197 11
0.0198 7
0.0199 8
0.02 12
0.0201 18
0.0202 11
0.0203 12
0.0204 12
0.0205 19
0.0206 8
0.0207 12
0.0208 16
0.0209 15
0.021 13
0.0211 10
0.0212 13
0.0213 21
0.0214 17
0.0215 14
0.0216 19
0.0217 14
0.0218 7
0.0219 18
0.022 15
0.0221 14
0.0222 12
0.0223 19
0.0224 17
0.0225 16
0.0226 19
0.0227 15
0.0228 25
0.0229 20
0.023 25
0.0231 18
0.0232 11
0.0233 24
0.0234 17
0.0235 21
0.0236 19
0.0237 25
0.0238 22
0.0239 22
0.024 20
0.0241 29
0.0242 26
0.0243 23
0.0244 26
0.0245 19
0.0246 26
0.0247 23
0.0248 34
0.0249 34
0.025 46
0.0251 35
0.0252 50
0.0253 36
0.0254 42
0.0255 47
0.0256 50
0.0257 33
0.0258 41
0.0259 41
0.026 38
0.0261 53
0.0262 53
0.0263 46
0.0264 48
0.0265 42
0.0266 43
0.0267 56
0.0268 43
0.0269 50
0.027 56
0.0271 49
0.0272 47
0.0273 52
0.0274 50
0.0275 52
0.0276 56
0.0277 62
0.0278 54
0.0279 58
0.028 60
0.0281 67
0.0282 58
0.0283 66
0.0284 73
0.0285 89
0.0286 74
0.0287 74
0.0288 74
0.0289 87
0.029 91
0.0291 86
0.0292 94
0.0293 97
0.0294 88
0.0295 100
0.0296 95
0.0297 85
0.0298 107
0.0299 108
0.03 123
0.0301 128
0.0302 155
0.0303 174
0.0304 184
0.0305 206
0.0306 217
0.0307 223
0.0308 232
0.0309 238
0.031 266
0.0311 288
0.0312 282
0.0313 302
0.0314 328
0.0315 352
0.0316 383
0.0317 399
0.0318 415
0.0319 428
0.032 436
0.0321 454
0.0322 457
0.0323 471
0.0324 469
0.0325 472
0.0326 475
0.0327 479
0.0328 492
0.0329 506
0.033 528
0.0331 561
0.0332 587
0.0333 619
0.0334 632
0.0335 671
0.0336 703
0.0337 723
0.0338 759
0.0339 801
0.034 827
0.0341 854
0.0342 882
0.0343 896
0.0344 925
0.0345 941
0.0346 956
0.0347 974
0.0348 1000
0.0349 1003
0.035 1016
0.0351 1036
0.0352 1059
0.0353 1072
0.0354 1085
0.0355 1089
0.0356 1111
0.0357 1130
0.0358 1136
0.0359 1152
0.036 1164
0.0361 1165
0.0362 1193
0.0363 1211
0.0364 1221
0.0365 1239
0.0366 1258
0.0367 1293
0.0368 1296
0.0369 1311
0.037 1324
0.0371 1336
0.0372 1345
0.0373 1361
0.0374 1368
0.0375 1377
0.0376 1372
0.0377 1380
0.0378 1385
0.0379 1388
0.038 1389
0.0381 1403
0.0382 1415
0.0383 1419
0.0384 1422
0.0385 1425
0.0386 1428
0.0387 1427
0.0388 1438
0.0389 1449
0.039 1449
0.0391 1453
0.0392 1459
0.0393 1465
0.0394 1470
0.0395 1471
0.0396 1459
0.0397 1437
0.0398 1431
0.0399 1424
0.04 1414
0.0401 1400
0.0402 1378
0.0403 1368
0.0404 1375
0.0405 1366
0.0406 1375
0.0407 1380
0.0408 1388
0.0409 1378
0.041 1380
0.0411 1376
0.0412 1383
0.0413 1389
0.0414 1387
0.0415 1384
0.0416 1387
0.0417 1384
0.0418 1380
0.0419 1377
0.042 1382
0.0421 1394
0.0422 1390
0.0423 1401
0.0424 1399
0.0425 1392
0.0426 1390
0.0427 1372
0.0428 1361
0.0429 1356
0.043 1348
0.0431 1351
0.0432 1344
0.0433 1345
0.0434 1346
0.0435 1339
0.0436 1334
0.0437 1323
0.0438 1315
0.0439 1308
0.044 1295
0.0441 1276
0.0442 1269
0.0443 1268
0.0444 1268
0.0445 1275
0.0446 1271
0.0447 1271
0.0448 1272
0.0449 1267
0.045 1263
0.0451 1255
0.0452 1253
0.0453 1254
0.0454 1258
0.0455 1248
0.0456 1246
0.0457 1242
0.0458 1233
0.0459 1224
0.046 1216
0.0461 1203
0.0462 1204
0.0463 1198
0.0464 1192
0.0465 1191
0.0466 1193
0.0467 1190
0.0468 1194
0.0469 1188
0.047 1191
0.0471 1194
0.0472 1187
0.0473 1178
0.0474 1176
0.0475 1177
0.0476 1171
0.0477 1159
0.0478 1144
0.0479 1126
0.048 1108
0.0481 1081
0.0482 1071
0.0483 1063
0.0484 1059
0.0485 1046
0.0486 1034
0.0487 1032
0.0488 1029
0.0489 1022
0.049 1015
0.0491 1004
0.0492 1011
0.0493 1007
0.0494 999
0.0495 991
0.0496 990
0.0497 995
0.0498 989
0.0499 987
0.05 988
0.0501 987
0.0502 988
0.0503 991
0.0504 984
0.0505 977
0.0506 971
0.0507 970
0.0508 969
0.0509 965
0.051 962
0.0511 961
0.0512 960
0.0513 959
0.0514 947
0.0515 944
0.0516 948
0.0517 947
0.0518 952
0.0519 946
0.052 940
0.0521 929
0.0522 921
0.0523 913
0.0524 910
0.0525 903
0.0526 900
0.0527 895
0.0528 888
0.0529 885
0.053 887
0.0531 880
0.0532 868
0.0533 856
0.0534 850
0.0535 850
0.0536 841
0.0537 838
0.0538 837
0.0539 831
0.054 828
0.0541 825
0.0542 821
0.0543 814
0.0544 815
0.0545 806
0.0546 791
0.0547 778
0.0548 776
0.0549 768
0.055 743
0.0551 716
0.0552 691
0.0553 670
0.0554 650
0.0555 633
0.0556 627
0.0557 614
0.0558 620
0.0559 621
0.056 622
0.0561 615
0.0562 620
0.0563 620
0.0564 612
0.0565 611
0.0566 608
0.0567 584
0.0568 562
0.0569 547
0.057 532
0.0571 523
0.0572 526
0.0573 531
0.0574 535
0.0575 534
0.0576 537
0.0577 538
0.0578 528
0.0579 516
0.058 509
0.0581 505
0.0582 496
0.0583 487
0.0584 478
0.0585 460
0.0586 439
0.0587 428
0.0588 424
0.0589 418
0.059 420
0.0591 420
0.0592 421
0.0593 429
0.0594 441
0.0595 443
0.0596 455
0.0597 456
0.0598 457
0.0599 456
0.06 459
0.0601 455
0.0602 445
0.0603 446
0.0604 444
0.0605 435
0.0606 433
0.0607 426
0.0608 420
0.0609 420
0.061 421
0.0611 411
0.0612 409
0.0613 401
0.0614 397
0.0615 391
0.0616 389
0.0617 375
0.0618 374
0.0619 371
0.062 361
0.0621 365
0.0622 371
0.0623 371
0.0624 370
0.0625 371
0.0626 384
0.0627 394
0.0628 394
0.0629 400
0.063 410
0.0631 414
0.0632 417
0.0633 423
0.0634 423
0.0635 432
0.0636 435
0.0637 433
0.0638 439
0.0639 439
0.064 444
0.0641 454
0.0642 453
0.0643 447
0.0644 449
0.0645 453
0.0646 452
0.0647 451
0.0648 454
0.0649 447
0.065 450
0.0651 446
0.0652 449
0.0653 453
0.0654 447
0.0655 440
0.0656 432
0.0657 410
0.0658 393
0.0659 378
0.066 374
0.0661 362
0.0662 358
0.0663 356
0.0664 357
0.0665 358
0.0666 351
0.0667 338
0.0668 318
0.0669 300
0.067 269
0.0671 228
0.0672 216
0.0673 182
0.0674 162
0.0675 145
0.0676 130
0.0677 129
0.0678 106
0.0679 100
0.068 81
0.0681 59
0.0682 62
0.0683 57
0.0684 49
0.0685 34
0.0686 30
0.0687 20
0.0688 18
0.0689 23
0.069 16
0.0691 22
0.0692 27
0.0693 21
0.0694 20
0.0695 24
0.0696 17
0.0697 16
0.0698 15
0.0699 8
0.07 14
0.0701 17
0.0702 11
0.0703 16
0.0704 14
0.0705 13
0.0706 11
0.0707 11
0.0708 13
0.0709 10
0.071 8
0.0711 6
0.0712 6
0.0713 6
0.0714 5
0.0715 7
0.0716 2
0.0717 4
0.0718 4
0.0719 10
0.072 8
0.0721 4
0.0722 4
0.0723 7
0.0724 6
0.0725 7
0.0726 6
0.0727 6
0.0728 4
0.0729 4
0.073 2
0.0731 6
0.0732 4
0.0733 4
0.0734 8
0.0735 3
0.0736 4
0.0737 7
0.0738 3
0.0739 3
0.074 3
0.0741 3
0.0742 6
0.0743 6
0.0744 5
0.0745 3
0.0746 8
0.0747 4
0.0748 5
0.0749 7
0.075 2
0.0751 1
0.0752 4
0.0753 4
0.0754 5
0.0755 5
0.0756 8
0.0757 2
0.0758 2
0.0759 5
0.076 3
0.0761 6
0.0762 1
0.0763 7
0.0764 4
0.0765 7
0.0766 7
0.0767 4
0.0768 5
0.0769 7
0.077 7
0.0771 6
0.0772 3
0.0773 6
0.0774 6
0.0775 6
0.0776 3
0.0777 7
0.0778 0
0.0779 6
0.078 6
0.0781 5
0.0782 8
0.0783 6
0.0784 7
0.0785 5
0.0786 3
0.0787 7
0.0788 8
0.0789 4
0.079 7
0.0791 4
0.0792 4
0.0793 3
0.0794 6
0.0795 7
0.0796 4
0.0797 3
0.0798 2
0.0799 3
0.08 2
0.0801 7
0.0802 11
0.0803 8
0.0804 8
0.0805 6
0.0806 5
0.0807 6
0.0808 3
0.0809 9
0.081 4
0.0811 11
0.0812 9
0.0813 4
0.0814 7
0.0815 9
0.0816 9
0.0817 13
0.0818 6
0.0819 9
0.082 8
0.0821 10
0.0822 7
0.0823 4
0.0824 13
0.0825 10
0.0826 17
0.0827 11
0.0828 11
0.0829 10
0.083 7
0.0831 5
0.0832 1
0.0833 11
0.0834 16
0.0835 10
0.0836 12
0.0837 11
0.0838 15
0.0839 15
0.084 15
0.0841 10
0.0842 10
0.0843 13
0.0844 12
0.0845 13
0.0846 17
0.0847 23
0.0848 22
0.0849 12
0.085 18
0.0851 10
0.0852 18
0.0853 20
0.0854 18
0.0855 19
0.0856 12
0.0857 20
0.0858 17
0.0859 21
0.086 20
0.0861 23
0.0862 25
0.0863 27
0.0864 20
0.0865 34
0.0866 30
0.0867 31
0.0868 36
0.0869 37
0.087 46
0.0871 41
0.0872 29
0.0873 34
0.0874 34
0.0875 35
0.0876 38
0.0877 39
0.0878 46
0.0879 49
0.088 49
0.0881 65
0.0882 52
0.0883 42
0.0884 42
0.0885 54
0.0886 50
0.0887 59
0.0888 64
0.0889 75
0.089 90
0.0891 98
0.0892 114
0.0893 136
0.0894 146
0.0895 168
0.0896 163
0.0897 168
0.0898 163
0.0899 176
0.09 180
0.0901 194
0.0902 196
0.0903 206
0.0904 208
0.0905 211
0.0906 230
0.0907 238
0.0908 246
0.0909 267
0.091 302
0.0911 317
0.0912 354
0.0913 387
0.0914 422
0.0915 455
0.0916 489
0.0917 528
0.0918 566
0.0919 595
0.092 614
0.0921 639
0.0922 675
0.0923 714
0.0924 723
0.0925 729
0.0926 750
0.0927 755
0.0928 732
0.0929 737
0.093 728
0.0931 725
0.0932 748
0.0933 755
0.0934 772
0.0935 760
0.0936 745
0.0937 749
0.0938 740
0.0939 735
0.094 748
0.0941 763
0.0942 770
0.0943 748
0.0944 748
0.0945 750
0.0946 754
0.0947 759
0.0948 777
0.0949 801
0.095 818
0.0951 830
0.0952 845
0.0953 868
0.0954 885
0.0955 921
0.0956 945
0.0957 969
0.0958 994
0.0959 1021
0.096 1042
0.0961 1077
0.0962 1085
0.0963 1104
0.0964 1112
0.0965 1116
0.0966 1138
0.0967 1151
0.0968 1140
0.0969 1131
0.097 1112
0.0971 1090
0.0972 1090
0.0973 1092
0.0974 1072
0.0975 1059
0.0976 1031
0.0977 1032
0.0978 1036
0.0979 1047
0.098 1057
0.0981 1081
0.0982 1099
0.0983 1118
0.0984 1141
0.0985 1152
0.0986 1171
0.0987 1193
0.0988 1203
0.0989 1224
0.099 1240
0.0991 1257
0.0992 1272
0.0993 1291
0.0994 1308
0.0995 1318
0.0996 1324
0.0997 1334
0.0998 1336
0.0999 1339
0.1 1340
0.1001 1354
0.1002 1361
0.1003 1363
0.1004 1369
0.1005 1378
0.1006 1384
0.1007 1396
0.1008 1393
0.1009 1389
0.101 1379
0.1011 1356
0.1012 1320
0.1013 1274
0.1014 1247
0.1015 1201
0.1016 1171
0.1017 1153
0.1018 1159
0.1019 1152
0.102 1159
0.1021 1158
0.1022 1173
0.1023 1176
0.1024 1187
0.1025 1188
0.1026 1184
0.1027 1177
0.1028 1178
0.1029 1187
0.103 1188
0.1031 1189
0.1032 1164
0.1033 1140
0.1034 1105
0.1035 1090
0.1036 1071
0.1037 1078
0.1038 1075
0.1039 1080
0.104 1080
0.1041 1081
0.1042 1079
0.1043 1085
0.1044 1085
0.1045 1092
0.1046 1099
0.1047 1102
0.1048 1112
0.1049 1123
0.105 1138
0.1051 1143
0.1052 1161
0.1053 1166
0.1054 1176
0.1055 1178
0.1056 1174
0.1057 1179
0.1058 1177
0.1059 1168
0.106 1159
0.1061 1161
0.1062 1156
0.1063 1158
0.1064 1156
0.1065 1157
0.1066 1157
0.1067 1148
0.1068 1149
0.1069 1150
0.107 1150
0.1071 1147
0.1072 1141
0.1073 1139
0.1074 1148
0.1075 1156
0.1076 1153
0.1077 1146
0.1078 1142
0.1079 1138
0.108 1143
0.1081 1126
0.1082 1132
0.1083 1121
0.1084 1113
0.1085 1106
0.1086 1110
0.1087 1115
0.1088 1122
0.1089 1130
0.109 1139
0.1091 1141
0.1092 1138
0.1093 1141
0.1094 1149
0.1095 1147
0.1096 1138
0.1097 1136
0.1098 1139
0.1099 1136
0.11 1142
0.1101 1139
0.1102 1136
0.1103 1133
0.1104 1139
0.1105 1140
0.1106 1148
0.1107 1150
0.1108 1155
0.1109 1160
0.111 1151
0.1111 1152
0.1112 1153
0.1113 1158
0.1114 1160
0.1115 1161
0.1116 1162
0.1117 1159
0.1118 1155
0.1119 1154
0.112 1151
0.1121 1151
0.1122 1148
0.1123 1148
0.1124 1150
0.1125 1143
0.1126 1137
0.1127 1123
0.1128 1117
0.1129 1125
0.113 1127
0.1131 1124
0.1132 1119
0.1133 1120
0.1134 1101
0.1135 1081
0.1136 1061
0.1137 1038
0.1138 1019
0.1139 1009
0.114 1007
0.1141 1004
0.1142 995
0.1143 993
0.1144 982
0.1145 982
0.1146 968
0.1147 968
0.1148 968
0.1149 973
0.115 976
0.1151 981
0.1152 978
0.1153 974
0.1154 971
0.1155 963
0.1156 955
0.1157 956
0.1158 958
0.1159 956
0.116 954
0.1161 954
0.1162 952
0.1163 950
0.1164 949
0.1165 941
0.1166 930
0.1167 928
0.1168 929
0.1169 930
0.117 923
0.1171 918
0.1172 916
0.1173 910
0.1174 914
0.1175 916
0.1176 907
0.1177 908
0.1178 905
0.1179 897
0.118 885
0.1181 881
0.1182 870
0.1183 866
0.1184 857
0.1185 846
0.1186 835
0.1187 826
0.1188 827
0.1189 822
0.119 817
0.1191 809
0.1192 800
0.1193 796
0.1194 791
0.1195 792
0.1196 796
0.1197 796
0.1198 795
0.1199 791
0.12 792
0.1201 789
0.1202 782
0.1203 775
0.1204 775
0.1205 770
0.1206 764
0.1207 766
0.1208 770
0.1209 767
0.121 753
0.1211 729
0.1212 699
0.1213 672
0.1214 645
0.1215 620
0.1216 595
0.1217 550
0.1218 524
0.1219 507
0.122 487
0.1221 467
0.1222 464
0.1223 457
0.1224 458
0.1225 467
0.1226 471
0.1227 474
0.1228 482
0.1229 489
0.123 499
0.1231 493
0.1232 504
0.1233 510
0.1234 513
0.1235 514
0.1236 518
0.1237 523
0.1238 519
0.1239 511
0.124 505
0.1241 494
0.1242 483
0.1243 468
0.1244 448
0.1245 434
0.1246 432
0.1247 433
0.1248 408
0.1249 399
0.125 381
0.1251 356
0.1252 350
0.1253 341
0.1254 340
0.1255 342
0.1256 334
0.1257 334
0.1258 327
0.1259 326
0.126 319
0.1261 318
0.1262 308
0.1263 310
0.1264 321
0.1265 325
0.1266 309
0.1267 298
0.1268 273
0.1269 257
0.127 252
0.1271 240
0.1272 248
0.1273 246
0.1274 243
0.1275 245
0.1276 252
0.1277 256
0.1278 267
0.1279 276
0.128 286
0.1281 286
0.1282 300
0.1283 309
0.1284 316
0.1285 316
0.1286 327
0.1287 331
0.1288 330
0.1289 334
0.129 345
0.1291 355
0.1292 366
0.1293 378
0.1294 381
0.1295 392
0.1296 400
0.1297 401
0.1298 408
0.1299 422
0.13 419
0.1301 415
0.1302 410
0.1303 423
0.1304 427
0.1305 417
0.1306 402
0.1307 407
0.1308 404
0.1309 403
0.131 401
0.1311 400
0.1312 410
0.1313 406
0.1314 409
0.1315 403
0.1316 404
0.1317 407
0.1318 411
0.1319 414
0.132 418
0.1321 425
0.1322 426
0.1323 425
0.1324 424
0.1325 417
0.1326 411
0.1327 395
0.1328 393
0.1329 404
0.133 401
0.1331 402
0.1332 406
0.1333 410
0.1334 406
0.1335 408
0.1336 417
0.1337 420
0.1338 427
0.1339 428
0.134 432
0.1341 437
0.1342 438
0.1343 446
0.1344 449
0.1345 454
0.1346 449
0.1347 448
0.1348 452
0.1349 440
0.135 434
0.1351 428
0.1352 418
0.1353 401
0.1354 387
0.1355 366
0.1356 349
0.1357 334
0.1358 317
0.1359 283
0.136 260
0.1361 226
0.1362 187
0.1363 136
0.1364 109
0.1365 86
0.1366 65
0.1367 57
0.1368 48
0.1369 27
0.137 24
0.1371 16
0.1372 17
0.1373 12
0.1374 12
0.1375 16
0.1376 16
0.1377 21
0.1378 16
0.1379 11
0.138 8
0.1381 16
0.1382 15
0.1383 12
0.1384 11
0.1385 12
0.1386 9
0.1387 10
0.1388 7
0.1389 5
0.139 8
0.1391 10
0.1392 5
0.1393 11
0.1394 6
0.1395 5
0.1396 7
0.1397 8
0.1398 4
0.1399 4
0.14 8
0.1401 10
0.1402 8
0.1403 7
0.1404 9
0.1405 9
0.1406 7
0.1407 5
0.1408 8
0.1409 7
0.141 8
0.1411 6
0.1412 7
0.1413 5
0.1414 5
0.1415 8
0.1416 4
0.1417 8
0.1418 9
0.1419 7
0.142 7
0.1421 8
0.1422 8
0.1423 7
0.1424 8
0.1425 7
0.1426 8
0.1427 5
0.1428 4
0.1429 11
0.143 11
0.1431 10
0.1432 6
0.1433 7
0.1434 10
0.1435 4
0.1436 7
0.1437 4
0.1438 9
0.1439 7
0.144 4
0.1441 7
0.1442 8
0.1443 5
0.1444 10
0.1445 11
0.1446 11
0.1447 4
0.1448 13
0.1449 13
0.145 12
0.1451 8
0.1452 10
0.1453 16
0.1454 11
0.1455 10
0.1456 8
0.1457 8
0.1458 13
0.1459 8
0.146 8
0.1461 12
0.1462 7
0.1463 14
0.1464 12
0.1465 17
0.1466 12
0.1467 13
0.1468 8
0.1469 13
0.147 12
0.1471 5
0.1472 4
0.1473 16
0.1474 6
0.1475 10
0.1476 13
0.1477 12
0.1478 9
0.1479 19
0.148 10
0.1481 10
0.1482 22
0.1483 10
0.1484 14
0.1485 23
0.1486 14
0.1487 19
0.1488 13
0.1489 20
0.149 22
0.1491 17
0.1492 15
0.1493 16
0.1494 21
0.1495 22
0.1496 14
0.1497 19
0.1498 11
0.1499 21
0.15 11
0.1501 12
0.1502 11
0.1503 13
0.1504 15
0.1505 16
0.1506 14
0.1507 17
0.1508 12
0.1509 17
0.151 16
0.1511 24
0.1512 22
0.1513 16
0.1514 12
0.1515 13
0.1516 13
0.1517 19
0.1518 15
0.1519 16
0.152 16
0.1521 17
0.1522 15
0.1523 9
0.1524 16
0.1525 11
0.1526 12
0.1527 13
0.1528 20
0.1529 25
0.153 20
0.1531 20
0.1532 20
0.1533 17
0.1534 21
0.1535 21
0.1536 20
0.1537 22
0.1538 25
0.1539 17
0.154 12
0.1541 14
0.1542 17
0.1543 25
0.1544 29
0.1545 37
0.1546 21
0.1547 26
0.1548 33
0.1549 26
0.155 23
0.1551 24
0.1552 26
0.1553 39
0.1554 21
0.1555 19
0.1556 27
0.1557 35
0.1558 23
0.1559 21
0.156 28
0.1561 32
0.1562 34
0.1563 32
0.1564 20
0.1565 41
0.1566 44
0.1567 44
0.1568 52
0.1569 62
0.157 58
0.1571 64
0.1572 58
0.1573 64
0.1574 75
0.1575 77
0.1576 78
0.1577 67
0.1578 70
0.1579 51
0.158 73
0.1581 68
0.1582 70
0.1583 69
0.1584 78
0.1585 75
0.1586 89
0.1587 96
0.1588 117
0.1589 137
0.159 155
0.1591 183
0.1592 215
0.1593 234
0.1594 270
0.1595 302
0.1596 313
0.1597 320
0.1598 323
0.1599 323
0.16 345
0.1601 350
0.1602 372
0.1603 378
0.1604 381
0.1605 375
0.1606 387
0.1607 404
0.1608 424
0.1609 444
0.161 480
0.1611 509
0.1612 528
0.1613 529
0.1614 523
0.1615 528
0.1616 532
0.1617 526
0.1618 526
0.1619 520
0.162 520
0.1621 511
0.1622 488
0.1623 483
0.1624 486
0.1625 488
0.1626 489
0.1627 492
0.1628 490
0.1629 487
0.163 492
0.1631 495
0.1632 498
0.1633 510
0.1634 522
0.1635 525
0.1636 538
0.1637 549
0.1638 559
0.1639 551
0.164 553
0.1641 573
0.1642 589
0.1643 607
0.1644 630
0.1645 651
0.1646 684
0.1647 710
0.1648 735
0.1649 774
0.165 787
0.1651 815
0.1652 828
0.1653 857
0.1654 872
0.1655 886
0.1656 910
0.1657 934
0.1658 954
0.1659 976
0.166 1007
0.1661 1022
0.1662 1037
0.1663 1057
0.1664 1080
0.1665 1107
0.1666 1104
0.1667 1112
0.1668 1124
0.1669 1130
0.167 1134
0.1671 1145
0.1672 1157
0.1673 1168
0.1674 1174
0.1675 1193
0.1676 1210
0.1677 1216
0.1678 1198
0.1679 1180
0.168 1155
0.1681 1125
0.1682 1116
0.1683 1107
0.1684 1105
0.1685 1102
0.1686 1093
0.1687 1103
0.1688 1102
0.1689 1099
0.169 1097
0.1691 1107
0.1692 1110
0.1693 1114
0.1694 1124
0.1695 1129
0.1696 1138
0.1697 1149
0.1698 1160
0.1699 1174
0.17 1178
0.1701 1185
0.1702 1188
0.1703 1185
0.1704 1209
0.1705 1211
0.1706 1215
0.1707 1214
0.1708 1228
0.1709 1221
0.171 1218
0.1711 1199
0.1712 1205
0.1713 1209
0.1714 1218
0.1715 1216
0.1716 1211
0.1717 1217
0.1718 1222
0.1719 1223
0.172 1225
0.1721 1228
0.1722 1228
0.1723 1221
0.1724 1221
0.1725 1227
0.1726 1226
0.1727 1228
0.1728 1231
0.1729 1231
0.173 1233
0.1731 1223
0.1732 1225
0.1733 1226
0.1734 1234
0.1735 1231
0.1736 1239
0.1737 1238
0.1738 1233
0.1739 1222
0.174 1204
0.1741 1201
0.1742 1176
0.1743 1143
0.1744 1117
0.1745 1091
0.1746 1079
0.1747 1071
0.1748 1050
0.1749 1047
0.175 1053
0.1751 1055
0.1752 1050
0.1753 1040
0.1754 1027
0.1755 1023
0.1756 1029
0.1757 1022
0.1758 1034
0.1759 1042
0.176 1039
0.1761 1046
0.1762 1057
0.1763 1063
0.1764 1059
0.1765 1060
0.1766 1057
0.1767 1058
0.1768 1063
0.1769 1060
0.177 1050
0.1771 1052
0.1772 1044
0.1773 1037
0.1774 1043
0.1775 1039
0.1776 1045
0.1777 1044
0.1778 1049
0.1779 1043
0.178 1046
0.1781 1043
0.1782 1042
0.1783 1034
0.1784 1042
0.1785 1043
0.1786 1048
0.1787 1050
0.1788 1040
0.1789 1041
0.179 1031
0.1791 1023
0.1792 1020
0.1793 1020
0.1794 1017
0.1795 1014
0.1796 1004
0.1797 1003
0.1798 1004
0.1799 1000
0.18 998
0.1801 987
0.1802 992
0.1803 988
0.1804 983
0.1805 975
0.1806 968
0.1807 958
0.1808 955
0.1809 955
0.181 957
0.1811 958
0.1812 965
0.1813 967
0.1814 963
0.1815 957
0.1816 949
0.1817 947
0.1818 952
0.1819 952
0.182 954
0.1821 952
0.1822 954
0.1823 958
0.1824 957
0.1825 959
0.1826 964
0.1827 968
0.1828 965
0.1829 954
0.183 950
0.1831 941
0.1832 928
0.1833 920
0.1834 918
0.1835 905
0.1836 903
0.1837 904
0.1838 902
0.1839 904
0.184 906
0.1841 907
0.1842 911
0.1843 908
0.1844 905
0.1845 903
0.1846 900
0.1847 896
0.1848 894
0.1849 894
0.185 893
0.1851 894
0.1852 893
0.1853 892
0.1854 886
0.1855 886
0.1856 880
0.1857 874
0.1858 855
0.1859 849
0.186 844
0.1861 832
0.1862 830
0.1863 818
0.1864 799
0.1865 783
0.1866 773
0.1867 773
0.1868 763
0.1869 752
0.187 748
0.1871 748
0.1872 749
0.1873 755
0.1874 752
0.1875 746
0.1876 743
0.1877 748
0.1878 747
0.1879 754
0.188 757
0.1881 754
0.1882 753
0.1883 755
0.1884 755
0.1885 755
0.1886 758
0.1887 757
0.1888 751
0.1889 745
0.189 735
0.1891 729
0.1892 718
0.1893 720
0.1894 719
0.1895 714
0.1896 708
0.1897 703
0.1898 697
0.1899 699
0.19 694
0.1901 689
0.1902 685
0.1903 678
0.1904 686
0.1905 681
0.1906 680
0.1907 677
0.1908 674
0.1909 673
0.191 665
0.1911 661
0.1912 654
0.1913 661
0.1914 666
0.1915 667
0.1916 662
0.1917 651
0.1918 646
0.1919 645
0.192 641
0.1921 636
0.1922 637
0.1923 638
0.1924 636
0.1925 642
0.1926 643
0.1927 637
0.1928 618
0.1929 595
0.193 575
0.1931 568
0.1932 565
0.1933 563
0.1934 557
0.1935 564
0.1936 567
0.1937 574
0.1938 576
0.1939 583
0.194 594
0.1941 592
0.1942 589
0.1943 588
0.1944 586
0.1945 587
0.1946 587
0.1947 589
0.1948 589
0.1949 584
0.195 579
0.1951 569
0.1952 561
0.1953 566
0.1954 563
0.1955 552
0.1956 523
0.1957 500
0.1958 468
0.1959 421
0.196 394
0.1961 362
0.1962 329
0.1963 302
0.1964 267
0.1965 249
0.1966 232
0.1967 213
0.1968 209
0.1969 208
0.197 214
0.1971 217
0.1972 220
0.1973 223
0.1974 219
0.1975 231
0.1976 232
0.1977 237
0.1978 242
0.1979 259
0.198 261
0.1981 271
0.1982 282
0.1983 294
0.1984 297
0.1985 299
0.1986 299
0.1987 289
0.1988 269
0.1989 265
0.199 258
0.1991 253
0.1992 246
0.1993 255
0.1994 254
0.1995 264
0.1996 273
0.1997 278
0.1998 287
0.1999 293
0.2 303
0.2001 309
0.2002 314
0.2003 323
0.2004 322
0.2005 322
0.2006 328
0.2007 330
0.2008 338
0.2009 341
0.201 345
0.2011 353
0.2012 347
0.2013 353
0.2014 358
0.2015 360
0.2016 362
0.2017 369
0.2018 374
0.2019 381
0.202 386
0.2021 397
0.2022 402
0.2023 412
0.2024 423
0.2025 421
0.2026 418
0.2027 416
0.2028 415
0.2029 409
0.203 408
0.2031 405
0.2032 411
0.2033 403
0.2034 395
0.2035 397
0.2036 393
0.2037 386
0.2038 373
0.2039 373
0.204 376
0.2041 371
0.2042 374
0.2043 379
0.2044 381
0.2045 383
0.2046 386
0.2047 389
0.2048 393
0.2049 397
0.205 399
0.2051 408
0.2052 407
0.2053 407
0.2054 408
0.2055 408
0.2056 409
0.2057 411
0.2058 411
0.2059 415
0.206 420
0.2061 429
0.2062 436
0.2063 443
0.2064 436
0.2065 439
0.2066 441
0.2067 435
0.2068 432
0.2069 425
0.207 425
0.2071 433
0.2072 428
0.2073 426
0.2074 418
0.2075 405
0.2076 398
0.2077 392
0.2078 386
0.2079 377
0.208 375
0.2081 371
0.2082 361
0.2083 352
0.2084 344
0.2085 340
0.2086 337
0.2087 328
0.2088 320
0.2089 320
0.209 319
0.2091 317
0.2092 296
0.2093 277
0.2094 259
0.2095 233
0.2096 211
0.2097 169
0.2098 142
0.2099 118
0.21 94
0.2101 72
0.2102 59
0.2103 57
0.2104 39
0.2105 33
0.2106 20
0.2107 16
0.2108 21
0.2109 22
0.211 22
0.2111 17
0.2112 12
0.2113 15
0.2114 13
0.2115 18
0.2116 17
0.2117 9
0.2118 14
0.2119 8
0.212 11
0.2121 4
0.2122 12
0.2123 9
0.2124 5
0.2125 10
0.2126 8
0.2127 8
0.2128 0
0.2129 7
0.213 8
0.2131 11
0.2132 5
0.2133 4
0.2134 6
0.2135 4
0.2136 6
0.2137 4
0.2138 7
0.2139 3
0.214 7
0.2141 5
0.2142 5
0.2143 6
0.2144 5
0.2145 13
0.2146 3
0.2147 6
0.2148 5
0.2149 3
0.215 2
0.2151 5
0.2152 9
0.2153 5
0.2154 6
0.2155 6
0.2156 1
0.2157 4
0.2158 6
0.2159 6
0.216 4
0.2161 4
0.2162 4
0.2163 6
0.2164 8
0.2165 5
0.2166 4
0.2167 7
0.2168 4
0.2169 3
0.217 6
0.2171 6
0.2172 4
0.2173 6
0.2174 5
0.2175 8
0.2176 5
0.2177 3
0.2178 4
0.2179 1
0.218 4
0.2181 4
0.2182 5
0.2183 7
0.2184 7
0.2185 5
0.2186 6
0.2187 1
0.2188 5
0.2189 6
0.219 6
0.2191 4
0.2192 5
0.2193 7
0.2194 8
0.2195 7
0.2196 7
0.2197 7
0.2198 5
0.2199 7
0.22 5
0.2201 6
0.2202 7
0.2203 11
0.2204 6
0.2205 6
0.2206 4
0.2207 3
0.2208 7
0.2209 8
0.221 7
0.2211 9
0.2212 9
0.2213 9
0.2214 12
0.2215 8
0.2216 8
0.2217 5
0.2218 8
0.2219 15
0.222 11
0.2221 6
0.2222 5
0.2223 17
0.2224 12
0.2225 5
0.2226 11
0.2227 8
0.2228 8
0.2229 13
0.223 8
0.2231 15
0.2232 12
0.2233 14
0.2234 5
0.2235 8
0.2236 11
0.2237 7
0.2238 13
0.2239 8
0.224 12
0.2241 12
0.2242 21
0.2243 17
0.2244 13
0.2245 14
0.2246 7
0.2247 12
0.2248 13
0.2249 9
0.225 13
0.2251 12
0.2252 13
0.2253 14
0.2254 16
0.2255 14
0.2256 10
0.2257 14
0.2258 17
0.2259 12
0.226 12
0.2261 15
0.2262 13
0.2263 15
0.2264 9
0.2265 13
0.2266 7
0.2267 13
0.2268 12
0.2269 16
0.227 14
0.2271 8
0.2272 16
0.2273 12
0.2274 18
0.2275 12
0.2276 15
0.2277 15
0.2278 19
0.2279 19
0.228 20
0.2281 15
0.2282 14
0.2283 18
0.2284 21
0.2285 17
0.2286 18
0.2287 18
0.2288 20
0.2289 14
0.229 31
0.2291 17
0.2292 17
0.2293 23
0.2294 22
0.2295 22
0.2296 24
0.2297 20
0.2298 12
0.2299 19
0.23 24
0.2301 34
0.2302 25
0.2303 24
0.2304 28
0.2305 26
0.2306 24
0.2307 25
0.2308 18
0.2309 21
0.231 15
0.2311 22
0.2312 28
0.2313 24
0.2314 38
0.2315 31
0.2316 26
0.2317 37
0.2318 31
0.2319 36
0.232 35
0.2321 41
0.2322 53
0.2323 58
0.2324 66
0.2325 61
0.2326 66
0.2327 80
0.2328 77
0.2329 81
0.233 80
0.2331 87
0.2332 91
0.2333 99
0.2334 111
0.2335 87
0.2336 104
0.2337 116
0.2338 124
0.2339 156
0.234 176
0.2341 202
0.2342 215
0.2343 245
0.2344 270
0.2345 299
0.2346 325
0.2347 364
0.2348 402
0.2349 443
0.235 472
0.2351 490
0.2352 505
0.2353 505
0.2354 496
0.2355 504
0.2356 497
0.2357 498
0.2358 503
0.2359 497
0.236 495
0.2361 464
0.2362 439
0.2363 413
0.2364 407
0.2365 384
0.2366 378
0.2367 386
0.2368 389
0.2369 413
0.237 395
0.2371 404
0.2372 405
0.2373 398
0.2374 388
0.2375 391
0.2376 393
0.2377 386
0.2378 398
0.2379 406
0.238 398
0.2381 388
0.2382 395
0.2383 393
0.2384 399
0.2385 414
0.2386 412
0.2387 418
0.2388 410
0.2389 428
0.239 445
0.2391 452
0.2392 445
0.2393 457
0.2394 459
0.2395 429
0.2396 428
0.2397 429
0.2398 423
0.2399 433
0.24 452
0.2401 476
0.2402 495
0.2403 529
0.2404 560
0.2405 598
0.2406 640
0.2407 655
0.2408 693
0.2409 718
0.241 762
0.2411 783
0.2412 806
0.2413 834
0.2414 859
0.2415 889
0.2416 923
0.2417 934
0.2418 956
0.2419 973
0.242 991
0.2421 1022
0.2422 1053
0.2423 1075
0.2424 1107
0.2425 1122
0.2426 1138
0.2427 1166
0.2428 1183
0.2429 1206
0.243 1229
0.2431 1242
0.2432 1262
0.2433 1274
0.2434 1278
0.2435 1292
0.2436 1301
0.2437 1296
0.2438 1306
0.2439 1319
0.244 1334
0.2441 1354
0.2442 1350
0.2443 1349
0.2444 1369
0.2445 1375
0.2446 1383
0.2447 1386
0.2448 1395
0.2449 1398
0.245 1409
0.2451 1404
0.2452 1408
0.2453 1405
0.2454 1414
0.2455 1416
0.2456 1418
0.2457 1420
0.2458 1423
0.2459 1412
0.246 1397
0.2461 1394
0.2462 1395
0.2463 1395
0.2464 1400
0.2465 1408
0.2466 1408
0.2467 1405
0.2468 1410
0.2469 1415
0.247 1409
0.2471 1410
0.2472 1412
0.2473 1418
0.2474 1419
0.2475 1420
0.2476 1424
0.2477 1429
0.2478 1422
0.2479 1426
0.248 1421
0.2481 1422
0.2482 1425
0.2483 1431
0.2484 1432
0.2485 1433
0.2486 1436
0.2487 1445
0.2488 1443
0.2489 1438
0.249 1444
0.2491 1444
0.2492 1435
0.2493 1423
0.2494 1413
0.2495 1413
0.2496 1403
0.2497 1394
0.2498 1388
0.2499 1382
0.25 1382
