0 0
0.0001 0
0.0002 0
0.0003 0
0.0004 0
0.0005 0
0.0006 0
0.0007 0
0.0008 0
0.0009 0
0.001 0
0.0011 0
0.0012 0
0.0013 0
0.0014 0
0.0015 0
0.0016 0
0.0017 0
0.0018 2
0.0019 2
0.002 4
0.0021 4
0.0022 6
0.0023 8
0.0024 9
0.0025 11
0.0026 12
0.0027 14
0.0028 17
0.0029 19
0.003 21
0.0031 23
0.0032 26
0.0033 28
0.0034 30
0.0035 32
0.0036 35
0.0037 38
0.0038 41
0.0039 44
0.004 47
0.0041 50
0.0042 53
0.0043 57
0.0044 61
0.0045 64
0.0046 69
0.0047 72
0.0048 77
0.0049 81
0.005 86
0.0051 90
0.0052 93
0.0053 99
0.0054 104
0.0055 110
0.0056 114
0.0057 120
0.0058 124
0.0059 130
0.006 136
0.0061 141
0.0062 147
0.0063 153
0.0064 158
0.0065 166
0.0066 171
0.0067 178
0.0068 183
0.0069 190
0.007 196
0.0071 203
0.0072 209
0.0073 217
0.0074 224
0.0075 232
0.0076 240
0.0077 248
0.0078 256
0.0079 264
0.008 271
0.0081 280
0.0082 289
0.0083 296
0.0084 305
0.0085 313
0.0086 321
0.0087 327
0.0088 337
0.0089 344
0.009 353
0.0091 362
0.0092 370
0.0093 378
0.0094 387
0.0095 395
0.0096 405
0.0097 413
0.0098 422
0.0099 431
0.01 441
0.0101 448
0.0102 457
0.0103 466
0.0104 475
0.0105 484
0.0106 491
0.0107 501
0.0108 508
0.0109 520
0.011 529
0.0111 537
0.0112 547
0.0113 555
0.0114 566
0.0115 574
0.0116 583
0.0117 592
0.0118 601
0.0119 609
0.012 621
0.0121 628
0.0122 638
0.0123 647
0.0124 654
0.0125 664
0.0126 674
0.0127 682
0.0128 690
0.0129 701
0.013 708
0.0131 715
0.0132 726
0.0133 738
0.0134 745
0.0135 754
0.0136 765
0.0137 774
0.0138 785
0.0139 795
0.014 802
0.0141 811
0.0142 818
0.0143 830
0.0144 839
0.0145 849
0.0146 857
0.0147 867
0.0148 877
0.0149 888
0.015 897
0.0151 904
0.0152 913
0.0153 924
0.0154 934
0.0155 945
0.0156 952
0.0157 963
0.0158 969
0.0159 981
0.016 990
0.0161 997
0.0162 1008
0.0163 1015
0.0164 1024
0.0165 1035
0.0166 1042
0.0167 1052
0.0168 1061
0.0169 1068
0.017 1073
0.0171 1087
0.0172 1094
0.0173 1101
0.0174 1107
0.0175 1117
0.0176 1124
0.0177 1128
0.0178 1142
0.0179 1150
0.018 1157
0.0181 1160
0.0182 1170
0.0183 1180
0.0184 1185
0.0185 1198
0.0186 1203
0.0187 1212
0.0188 1220
0.0189 1231
0.019 1236
0.0191 1248
0.0192 1253
0.0193 1264
0.0194 1273
0.0195 1281
0.0196 1295
0.0197 1303
0.0198 1312
0.0199 1321
0.02 1333
0.0201 1337
0.0202 1350
0.0203 1359
0.0204 1366
0.0205 1379
0.0206 1386
0.0207 1400
0.0208 1408
0.0209 1419
0.021 1424
0.0211 1437
0.0212 1448
0.0213 1457
0.0214 1465
0.0215 1473
0.0216 1483
0.0217 1496
0.0218 1501
0.0219 1517
0.022 1524
0.0221 1535
0.0222 1548
0.0223 1553
0.0224 1568
0.0225 1577
0.0226 1586
0.0227 1598
0.0228 1607
0.0229 1615
0.023 1628
0.0231 1637
0.0232 1644
0.0233 1652
0.0234 1665
0.0235 1681
0.0236 1688
0.0237 1696
0.0238 1706
0.0239 1716
0.024 1723
0.0241 1731
0.0242 1744
0.0243 1747
0.0244 1756
0.0245 1765
0.0246 1778
0.0247 1780
0.0248 1785
0.0249 1797
0.025 1814
0.0251 1825
0.0252 1830
0.0253 1833
0.0254 1842
0.0255 1849
0.0256 1852
0.0257 1860
0.0258 1868
0.0259 1877
0.026 1888
0.0261 1889
0.0262 1907
0.0263 1909
0.0264 1915
0.0265 1928
0.0266 1938
0.0267 1934
0.0268 1942
0.0269 1955
0.027 1967
0.0271 1966
0.0272 1981
0.0273 1984
0.0274 1986
0.0275 1993
0.0276 1998
0.0277 2008
0.0278 2012
0.0279 2019
0.028 2028
0.0281 2034
0.0282 2025
0.0283 2037
0.0284 2049
0.0285 2055
0.0286 2059
0.0287 2063
0.0288 2069
0.0289 2082
0.029 2093
0.0291 2082
0.0292 2079
0.0293 2087
0.0294 2092
0.0295 2086
0.0296 2079
0.0297 2075
0.0298 2067
0.0299 2064
0.03 2076
0.0301 2089
0.0302 2072
0.0303 2072
0.0304 2087
0.0305 2059
0.0306 2056
0.0307 2026
0.0308 2027
0.0309 1996
0.031 1996
0.0311 1981
0.0312 1956
0.0313 1919
0.0314 1880
0.0315 1837
0.0316 1801
0.0317 1765
0.0318 1740
0.0319 1699
0.032 1668
0.0321 1635
0.0322 1596
0.0323 1564
0.0324 1540
0.0325 1508
0.0326 1481
0.0327 1437
0.0328 1403
0.0329 1369
0.033 1340
0.0331 1311
0.0332 1294
0.0333 1270
0.0334 1232
0.0335 1202
0.0336 1173
0.0337 1148
0.0338 1131
0.0339 1114
0.034 1087
0.0341 1072
0.0342 1057
0.0343 1043
0.0344 1028
0.0345 1018
0.0346 989
0.0347 972
0.0348 958
0.0349 935
0.035 921
0.0351 899
0.0352 895
0.0353 878
0.0354 867
0.0355 851
0.0356 833
0.0357 816
0.0358 797
0.0359 777
0.036 762
0.0361 768
0.0362 770
0.0363 781
0.0364 796
0.0365 796
0.0366 778
0.0367 779
0.0368 770
0.0369 762
0.037 750
0.0371 747
0.0372 745
0.0373 732
0.0374 729
0.0375 715
0.0376 700
0.0377 681
0.0378 666
0.0379 657
0.038 649
0.0381 632
0.0382 625
0.0383 626
0.0384 617
0.0385 603
0.0386 599
0.0387 589
0.0388 580
0.0389 563
0.039 553
0.0391 544
0.0392 539
0.0393 532
0.0394 519
0.0395 505
0.0396 496
0.0397 484
0.0398 476
0.0399 467
0.04 461
0.0401 452
0.0402 440
0.0403 426
0.0404 421
0.0405 420
0.0406 412
0.0407 407
0.0408 406
0.0409 404
0.041 395
0.0411 391
0.0412 384
0.0413 385
0.0414 383
0.0415 369
0.0416 361
0.0417 362
0.0418 362
0.0419 362
0.042 362
0.0421 358
0.0422 363
0.0423 354
0.0424 355
0.0425 351
0.0426 346
0.0427 342
0.0428 339
0.0429 336
0.043 336
0.0431 336
0.0432 338
0.0433 343
0.0434 348
0.0435 345
0.0436 345
0.0437 342
0.0438 344
0.0439 341
0.044 341
0.0441 349
0.0442 351
0.0443 353
0.0444 376
0.0445 395
0.0446 410
0.0447 420
0.0448 423
0.0449 426
0.045 431
0.0451 435
0.0452 447
0.0453 445
0.0454 439
0.0455 429
0.0456 419
0.0457 412
0.0458 402
0.0459 395
0.046 393
0.0461 397
0.0462 396
0.0463 391
0.0464 401
0.0465 432
0.0466 455
0.0467 467
0.0468 474
0.0469 478
0.047 484
0.0471 489
0.0472 482
0.0473 480
0.0474 473
0.0475 476
0.0476 476
0.0477 487
0.0478 498
0.0479 492
0.048 476
0.0481 468
0.0482 465
0.0483 457
0.0484 450
0.0485 440
0.0486 427
0.0487 427
0.0488 428
0.0489 425
0.049 428
0.0491 428
0.0492 425
0.0493 423
0.0494 413
0.0495 416
0.0496 408
0.0497 408
0.0498 412
0.0499 423
0.05 420
0.0501 414
0.0502 409
0.0503 404
0.0504 394
0.0505 385
0.0506 374
0.0507 374
0.0508 359
0.0509 356
0.051 348
0.0511 346
0.0512 340
0.0513 330
0.0514 324
0.0515 322
0.0516 314
0.0517 307
0.0518 308
0.0519 301
0.052 306
0.0521 299
0.0522 301
0.0523 296
0.0524 294
0.0525 295
0.0526 297
0.0527 291
0.0528 284
0.0529 284
0.053 288
0.0531 287
0.0532 287
0.0533 293
0.0534 293
0.0535 290
0.0536 288
0.0537 279
0.0538 285
0.0539 285
0.054 291
0.0541 304
0.0542 328
0.0543 343
0.0544 350
0.0545 352
0.0546 353
0.0547 342
0.0548 335
0.0549 326
0.055 327
0.0551 322
0.0552 313
0.0553 308
0.0554 301
0.0555 307
0.0556 307
0.0557 302
0.0558 300
0.0559 307
0.056 304
0.0561 314
0.0562 309
0.0563 309
0.0564 303
0.0565 293
0.0566 296
0.0567 298
0.0568 295
0.0569 291
0.057 283
0.0571 280
0.0572 280
0.0573 276
0.0574 284
0.0575 288
0.0576 286
0.0577 285
0.0578 287
0.0579 282
0.058 283
0.0581 281
0.0582 279
0.0583 275
0.0584 274
0.0585 273
0.0586 273
0.0587 272
0.0588 263
0.0589 259
0.059 258
0.0591 259
0.0592 259
0.0593 253
0.0594 249
0.0595 244
0.0596 236
0.0597 230
0.0598 229
0.0599 230
0.06 239
0.0601 241
0.0602 241
0.0603 235
0.0604 236
0.0605 236
0.0606 240
0.0607 239
0.0608 238
0.0609 234
0.061 229
0.0611 223
0.0612 223
0.0613 220
0.0614 225
0.0615 219
0.0616 219
0.0617 226
0.0618 231
0.0619 234
0.062 234
0.0621 233
0.0622 227
0.0623 225
0.0624 221
0.0625 227
0.0626 227
0.0627 220
0.0628 219
0.0629 222
0.063 223
0.0631 225
0.0632 224
0.0633 218
0.0634 219
0.0635 216
0.0636 214
0.0637 211
0.0638 206
0.0639 206
0.064 203
0.0641 199
0.0642 202
0.0643 203
0.0644 197
0.0645 195
0.0646 199
0.0647 193
0.0648 189
0.0649 192
0.065 193
0.0651 199
0.0652 200
0.0653 206
0.0654 209
0.0655 211
0.0656 212
0.0657 228
0.0658 234
0.0659 240
0.066 243
0.0661 242
0.0662 239
0.0663 240
0.0664 234
0.0665 236
0.0666 234
0.0667 230
0.0668 229
0.0669 230
0.067 226
0.0671 219
0.0672 213
0.0673 213
0.0674 204
0.0675 204
0.0676 203
0.0677 204
0.0678 200
0.0679 194
0.068 192
0.0681 187
0.0682 189
0.0683 184
0.0684 182
0.0685 183
0.0686 178
0.0687 183
0.0688 194
0.0689 200
0.069 208
0.0691 213
0.0692 215
0.0693 221
0.0694 223
0.0695 223
0.0696 228
0.0697 241
0.0698 246
0.0699 250
0.07 253
0.0701 252
0.0702 257
0.0703 257
0.0704 260
0.0705 266
0.0706 263
0.0707 263
0.0708 271
0.0709 278
0.071 282
0.0711 286
0.0712 282
0.0713 290
0.0714 291
0.0715 290
0.0716 287
0.0717 286
0.0718 288
0.0719 284
0.072 280
0.0721 274
0.0722 276
0.0723 271
0.0724 266
0.0725 264
0.0726 260
0.0727 259
0.0728 258
0.0729 254
0.073 252
0.0731 242
0.0732 240
0.0733 238
0.0734 235
0.0735 226
0.0736 225
0.0737 221
0.0738 217
0.0739 215
0.074 209
0.0741 203
0.0742 206
0.0743 213
0.0744 216
0.0745 208
0.0746 206
0.0747 202
0.0748 196
0.0749 192
0.075 189
0.0751 189
0.0752 186
0.0753 184
0.0754 186
0.0755 191
0.0756 194
0.0757 193
0.0758 191
0.0759 190
0.076 195
0.0761 200
0.0762 204
0.0763 206
0.0764 207
0.0765 211
0.0766 213
0.0767 212
0.0768 213
0.0769 216
0.077 214
0.0771 217
0.0772 223
0.0773 223
0.0774 224
0.0775 229
0.0776 231
0.0777 244
0.0778 250
0.0779 249
0.078 248
0.0781 250
0.0782 259
0.0783 268
0.0784 270
0.0785 278
0.0786 279
0.0787 287
0.0788 291
0.0789 297
0.079 303
0.0791 314
0.0792 310
0.0793 314
0.0794 320
0.0795 315
0.0796 312
0.0797 317
0.0798 324
0.0799 319
0.08 320
0.0801 316
0.0802 315
0.0803 316
0.0804 317
0.0805 319
0.0806 318
0.0807 321
0.0808 324
0.0809 323
0.081 335
0.0811 365
0.0812 389
0.0813 409
0.0814 418
0.0815 443
0.0816 448
0.0817 459
0.0818 463
0.0819 457
0.082 471
0.0821 467
0.0822 465
0.0823 470
0.0824 469
0.0825 472
0.0826 467
0.0827 467
0.0828 471
0.0829 468
0.083 474
0.0831 473
0.0832 473
0.0833 474
0.0834 470
0.0835 473
0.0836 476
0.0837 476
0.0838 478
0.0839 478
0.084 477
0.0841 479
0.0842 478
0.0843 481
0.0844 482
0.0845 482
0.0846 484
0.0847 483
0.0848 484
0.0849 485
0.085 486
0.0851 490
0.0852 492
0.0853 494
0.0854 497
0.0855 497
0.0856 501
0.0857 503
0.0858 503
0.0859 509
0.086 511
0.0861 515
0.0862 517
0.0863 521
0.0864 525
0.0865 526
0.0866 529
0.0867 532
0.0868 536
0.0869 539
0.087 542
0.0871 544
0.0872 547
0.0873 551
0.0874 555
0.0875 559
0.0876 560
0.0877 563
0.0878 569
0.0879 571
0.088 577
0.0881 578
0.0882 585
0.0883 589
0.0884 594
0.0885 596
0.0886 602
0.0887 608
0.0888 613
0.0889 616
0.089 622
0.0891 629
0.0892 629
0.0893 638
0.0894 644
0.0895 644
0.0896 656
0.0897 660
0.0898 665
0.0899 673
0.09 678
0.0901 685
0.0902 693
0.0903 699
0.0904 705
0.0905 711
0.0906 718
0.0907 723
0.0908 730
0.0909 740
0.091 746
0.0911 752
0.0912 761
0.0913 766
0.0914 776
0.0915 783
0.0916 787
0.0917 799
0.0918 808
0.0919 815
0.092 825
0.0921 832
0.0922 841
0.0923 848
0.0924 856
0.0925 866
0.0926 873
0.0927 883
0.0928 893
0.0929 900
0.093 909
0.0931 918
0.0932 928
0.0933 938
0.0934 945
0.0935 954
0.0936 964
0.0937 974
0.0938 982
0.0939 991
0.094 1001
0.0941 1008
0.0942 1019
0.0943 1032
0.0944 1037
0.0945 1049
0.0946 1058
0.0947 1065
0.0948 1076
0.0949 1087
0.095 1095
0.0951 1102
0.0952 1110
0.0953 1124
0.0954 1133
0.0955 1142
0.0956 1151
0.0957 1157
0.0958 1167
0.0959 1174
0.096 1189
0.0961 1195
0.0962 1203
0.0963 1214
0.0964 1221
0.0965 1229
0.0966 1239
0.0967 1244
0.0968 1256
0.0969 1262
0.097 1272
0.0971 1280
0.0972 1284
0.0973 1295
0.0974 1303
0.0975 1312
0.0976 1319
0.0977 1330
0.0978 1340
0.0979 1347
0.098 1357
0.0981 1363
0.0982 1370
0.0983 1378
0.0984 1386
0.0985 1398
0.0986 1406
0.0987 1415
0.0988 1424
0.0989 1431
0.099 1441
0.0991 1447
0.0992 1457
0.0993 1467
0.0994 1476
0.0995 1484
0.0996 1495
0.0997 1503
0.0998 1509
0.0999 1522
0.1 1529
0.1001 1540
0.1002 1549
0.1003 1559
0.1004 1569
0.1005 1570
0.1006 1586
0.1007 1593
0.1008 1596
0.1009 1614
0.101 1616
0.1011 1625
0.1012 1633
0.1013 1636
0.1014 1643
0.1015 1654
0.1016 1662
0.1017 1664
0.1018 1680
0.1019 1678
0.102 1685
0.1021 1693
0.1022 1699
0.1023 1710
0.1024 1719
0.1025 1718
0.1026 1730
0.1027 1737
0.1028 1742
0.1029 1753
0.103 1757
0.1031 1764
0.1032 1771
0.1033 1779
0.1034 1783
0.1035 1793
0.1036 1804
0.1037 1809
0.1038 1819
0.1039 1827
0.104 1831
0.1041 1839
0.1042 1849
0.1043 1856
0.1044 1870
0.1045 1873
0.1046 1882
0.1047 1891
0.1048 1898
0.1049 1916
0.105 1913
0.1051 1910
0.1052 1930
0.1053 1940
0.1054 1939
0.1055 1956
0.1056 1954
0.1057 1954
0.1058 1957
0.1059 1963
0.106 1969
0.1061 1967
0.1062 1972
0.1063 1967
0.1064 1976
0.1065 1972
0.1066 1979
0.1067 1976
0.1068 1974
0.1069 1961
0.107 1949
0.1071 1921
0.1072 1906
0.1073 1886
0.1074 1849
0.1075 1831
0.1076 1794
0.1077 1764
0.1078 1737
0.1079 1687
0.108 1659
0.1081 1635
0.1082 1604
0.1083 1572
0.1084 1525
0.1085 1492
0.1086 1459
0.1087 1408
0.1088 1384
0.1089 1371
0.109 1366
0.1091 1375
0.1092 1369
0.1093 1346
0.1094 1335
0.1095 1310
0.1096 1298
0.1097 1305
0.1098 1301
0.1099 1287
0.11 1277
0.1101 1254
0.1102 1218
0.1103 1199
0.1104 1167
0.1105 1141
0.1106 1118
0.1107 1098
0.1108 1079
0.1109 1065
0.111 1047
0.1111 1019
0.1112 1001
0.1113 989
0.1114 983
0.1115 994
0.1116 1011
0.1117 1028
0.1118 1032
0.1119 1032
0.112 1010
0.1121 998
0.1122 977
0.1123 965
0.1124 953
0.1125 939
0.1126 932
0.1127 913
0.1128 897
0.1129 884
0.113 880
0.1131 863
0.1132 843
0.1133 825
0.1134 811
0.1135 793
0.1136 777
0.1137 762
0.1138 738
0.1139 719
0.114 708
0.1141 695
0.1142 692
0.1143 684
0.1144 675
0.1145 658
0.1146 651
0.1147 639
0.1148 627
0.1149 607
0.115 600
0.1151 593
0.1152 576
0.1153 575
0.1154 575
0.1155 594
0.1156 593
0.1157 599
0.1158 592
0.1159 583
0.116 571
0.1161 562
0.1162 555
0.1163 545
0.1164 536
0.1165 524
0.1166 514
0.1167 508
0.1168 510
0.1169 522
0.117 537
0.1171 551
0.1172 564
0.1173 563
0.1174 571
0.1175 561
0.1176 570
0.1177 559
0.1178 554
0.1179 542
0.118 534
0.1181 523
0.1182 510
0.1183 500
0.1184 493
0.1185 482
0.1186 467
0.1187 462
0.1188 457
0.1189 445
0.119 446
0.1191 445
0.1192 440
0.1193 435
0.1194 431
0.1195 428
0.1196 423
0.1197 424
0.1198 432
0.1199 432
0.12 429
0.1201 433
0.1202 431
0.1203 424
0.1204 418
0.1205 414
0.1206 415
0.1207 414
0.1208 412
0.1209 410
0.121 404
0.1211 402
0.1212 396
0.1213 385
0.1214 377
0.1215 367
0.1216 361
0.1217 353
0.1218 342
0.1219 339
0.122 337
0.1221 326
0.1222 318
0.1223 323
0.1224 323
0.1225 323
0.1226 314
0.1227 313
0.1228 317
0.1229 316
0.123 324
0.1231 340
0.1232 355
0.1233 360
0.1234 355
0.1235 353
0.1236 354
0.1237 347
0.1238 351
0.1239 354
0.124 358
0.1241 369
0.1242 369
0.1243 372
0.1244 375
0.1245 372
0.1246 363
0.1247 364
0.1248 353
0.1249 352
0.125 351
0.1251 344
0.1252 348
0.1253 348
0.1254 355
0.1255 353
0.1256 350
0.1257 340
0.1258 325
0.1259 320
0.126 311
0.1261 303
0.1262 294
0.1263 288
0.1264 284
0.1265 280
0.1266 275
0.1267 276
0.1268 286
0.1269 290
0.127 293
0.1271 295
0.1272 292
0.1273 301
0.1274 303
0.1275 301
0.1276 311
0.1277 313
0.1278 313
0.1279 307
0.128 305
0.1281 302
0.1282 296
0.1283 292
0.1284 283
0.1285 279
0.1286 269
0.1287 264
0.1288 253
0.1289 251
0.129 248
0.1291 244
0.1292 244
0.1293 242
0.1294 261
0.1295 286
0.1296 302
0.1297 313
0.1298 309
0.1299 313
0.13 308
0.1301 303
0.1302 302
0.1303 298
0.1304 299
0.1305 301
0.1306 299
0.1307 312
0.1308 316
0.1309 313
0.131 312
0.1311 312
0.1312 311
0.1313 309
0.1314 307
0.1315 306
0.1316 308
0.1317 313
0.1318 318
0.1319 320
0.132 320
0.1321 320
0.1322 323
0.1323 314
0.1324 310
0.1325 304
0.1326 305
0.1327 311
0.1328 319
0.1329 319
0.133 309
0.1331 312
0.1332 318
0.1333 313
0.1334 315
0.1335 316
0.1336 326
0.1337 325
0.1338 319
0.1339 307
0.134 304
0.1341 303
0.1342 304
0.1343 308
0.1344 311
0.1345 308
0.1346 307
0.1347 300
0.1348 300
0.1349 294
0.135 291
0.1351 296
0.1352 295
0.1353 292
0.1354 299
0.1355 292
0.1356 291
0.1357 294
0.1358 295
0.1359 291
0.136 304
0.1361 302
0.1362 301
0.1363 299
0.1364 301
0.1365 306
0.1366 310
0.1367 330
0.1368 373
0.1369 397
0.137 417
0.1371 444
0.1372 473
0.1373 501
0.1374 519
0.1375 524
0.1376 542
0.1377 546
0.1378 553
0.1379 569
0.138 578
0.1381 571
0.1382 562
0.1383 559
0.1384 551
0.1385 548
0.1386 546
0.1387 543
0.1388 539
0.1389 544
0.139 540
0.1391 533
0.1392 524
0.1393 513
0.1394 511
0.1395 509
0.1396 512
0.1397 506
0.1398 501
0.1399 501
0.14 500
0.1401 490
0.1402 485
0.1403 474
0.1404 471
0.1405 467
0.1406 462
0.1407 452
0.1408 442
0.1409 433
0.141 429
0.1411 430
0.1412 419
0.1413 416
0.1414 419
0.1415 421
0.1416 430
0.1417 430
0.1418 422
0.1419 415
0.142 418
0.1421 416
0.1422 412
0.1423 399
0.1424 397
0.1425 393
0.1426 392
0.1427 391
0.1428 388
0.1429 380
0.143 374
0.1431 369
0.1432 361
0.1433 353
0.1434 344
0.1435 346
0.1436 346
0.1437 345
0.1438 340
0.1439 332
0.144 330
0.1441 327
0.1442 327
0.1443 322
0.1444 321
0.1445 316
0.1446 317
0.1447 331
0.1448 346
0.1449 373
0.145 387
0.1451 410
0.1452 420
0.1453 435
0.1454 447
0.1455 447
0.1456 444
0.1457 453
0.1458 453
0.1459 460
0.146 471
0.1461 475
0.1462 481
0.1463 483
0.1464 486
0.1465 492
0.1466 491
0.1467 481
0.1468 485
0.1469 494
0.147 496
0.1471 501
0.1472 501
0.1473 506
0.1474 516
0.1475 519
0.1476 520
0.1477 524
0.1478 527
0.1479 523
0.148 529
0.1481 528
0.1482 524
0.1483 520
0.1484 531
0.1485 526
0.1486 513
0.1487 504
0.1488 496
0.1489 499
0.149 496
0.1491 492
0.1492 478
0.1493 466
0.1494 456
0.1495 444
0.1496 432
0.1497 429
0.1498 429
0.1499 423
0.15 417
0.1501 412
0.1502 399
0.1503 394
0.1504 395
0.1505 407
0.1506 409
0.1507 411
0.1508 414
0.1509 411
0.151 410
0.1511 407
0.1512 409
0.1513 407
0.1514 409
0.1515 417
0.1516 434
0.1517 446
0.1518 473
0.1519 499
0.152 529
0.1521 553
0.1522 568
0.1523 586
0.1524 610
0.1525 613
0.1526 617
0.1527 615
0.1528 613
0.1529 619
0.153 609
0.1531 604
0.1532 598
0.1533 594
0.1534 581
0.1535 578
0.1536 572
0.1537 562
0.1538 554
0.1539 538
0.154 527
0.1541 516
0.1542 503
0.1543 500
0.1544 488
0.1545 479
0.1546 475
0.1547 469
0.1548 468
0.1549 468
0.155 459
0.1551 469
0.1552 495
0.1553 522
0.1554 561
0.1555 584
0.1556 607
0.1557 632
0.1558 635
0.1559 636
0.156 636
0.1561 638
0.1562 639
0.1563 640
0.1564 645
0.1565 645
0.1566 643
0.1567 645
0.1568 641
0.1569 646
0.157 643
0.1571 647
0.1572 648
0.1573 651
0.1574 651
0.1575 654
0.1576 656
0.1577 654
0.1578 657
0.1579 660
0.158 664
0.1581 663
0.1582 668
0.1583 669
0.1584 671
0.1585 673
0.1586 675
0.1587 678
0.1588 684
0.1589 683
0.159 685
0.1591 690
0.1592 692
0.1593 694
0.1594 695
0.1595 700
0.1596 704
0.1597 705
0.1598 710
0.1599 712
0.16 715
0.1601 716
0.1602 723
0.1603 725
0.1604 728
0.1605 732
0.1606 736
0.1607 739
0.1608 742
0.1609 744
0.161 749
0.1611 752
0.1612 757
0.1613 759
0.1614 764
0.1615 769
0.1616 768
0.1617 774
0.1618 780
0.1619 782
0.162 788
0.1621 791
0.1622 795
0.1623 797
0.1624 801
0.1625 803
0.1626 807
0.1627 813
0.1628 816
0.1629 821
0.163 824
0.1631 831
0.1632 835
0.1633 836
0.1634 842
0.1635 846
0.1636 850
0.1637 854
0.1638 857
0.1639 865
0.164 870
0.1641 875
0.1642 880
0.1643 884
0.1644 886
0.1645 893
0.1646 901
0.1647 905
0.1648 908
0.1649 910
0.165 921
0.1651 926
0.1652 930
0.1653 938
0.1654 942
0.1655 946
0.1656 953
0.1657 958
0.1658 962
0.1659 969
0.166 975
0.1661 980
0.1662 986
0.1663 990
0.1664 1000
0.1665 1006
0.1666 1012
0.1667 1019
0.1668 1025
0.1669 1030
0.167 1038
0.1671 1043
0.1672 1049
0.1673 1056
0.1674 1062
0.1675 1069
0.1676 1079
0.1677 1085
0.1678 1091
0.1679 1094
0.168 1104
0.1681 1111
0.1682 1119
0.1683 1123
0.1684 1130
0.1685 1138
0.1686 1146
0.1687 1153
0.1688 1159
0.1689 1164
0.169 1173
0.1691 1179
0.1692 1182
0.1693 1192
0.1694 1197
0.1695 1206
0.1696 1211
0.1697 1213
0.1698 1226
0.1699 1234
0.17 1238
0.1701 1244
0.1702 1247
0.1703 1255
0.1704 1263
0.1705 1271
0.1706 1277
0.1707 1282
0.1708 1286
0.1709 1293
0.171 1303
0.1711 1308
0.1712 1317
0.1713 1324
0.1714 1327
0.1715 1334
0.1716 1335
0.1717 1344
0.1718 1352
0.1719 1356
0.172 1368
0.1721 1372
0.1722 1381
0.1723 1387
0.1724 1392
0.1725 1398
0.1726 1404
0.1727 1408
0.1728 1416
0.1729 1422
0.173 1427
0.1731 1429
0.1732 1440
0.1733 1444
0.1734 1450
0.1735 1453
0.1736 1459
0.1737 1463
0.1738 1471
0.1739 1477
0.174 1480
0.1741 1488
0.1742 1497
0.1743 1504
0.1744 1504
0.1745 1513
0.1746 1517
0.1747 1525
0.1748 1531
0.1749 1540
0.175 1543
0.1751 1549
0.1752 1563
0.1753 1566
0.1754 1572
0.1755 1582
0.1756 1588
0.1757 1595
0.1758 1595
0.1759 1605
0.176 1613
0.1761 1614
0.1762 1623
0.1763 1629
0.1764 1635
0.1765 1645
0.1766 1656
0.1767 1654
0.1768 1662
0.1769 1670
0.177 1675
0.1771 1682
0.1772 1678
0.1773 1694
0.1774 1702
0.1775 1707
0.1776 1705
0.1777 1715
0.1778 1718
0.1779 1721
0.178 1731
0.1781 1733
0.1782 1747
0.1783 1742
0.1784 1740
0.1785 1759
0.1786 1762
0.1787 1767
0.1788 1763
0.1789 1771
0.179 1777
0.1791 1775
0.1792 1783
0.1793 1783
0.1794 1774
0.1795 1771
0.1796 1763
0.1797 1743
0.1798 1732
0.1799 1709
0.18 1693
0.1801 1669
0.1802 1667
0.1803 1662
0.1804 1665
0.1805 1678
0.1806 1695
0.1807 1711
0.1808 1709
0.1809 1711
0.181 1692
0.1811 1671
0.1812 1640
0.1813 1609
0.1814 1581
0.1815 1556
0.1816 1538
0.1817 1523
0.1818 1512
0.1819 1487
0.182 1469
0.1821 1449
0.1822 1421
0.1823 1401
0.1824 1377
0.1825 1352
0.1826 1329
0.1827 1300
0.1828 1272
0.1829 1243
0.183 1224
0.1831 1199
0.1832 1183
0.1833 1170
0.1834 1157
0.1835 1145
0.1836 1121
0.1837 1105
0.1838 1088
0.1839 1062
0.184 1042
0.1841 1019
0.1842 1005
0.1843 993
0.1844 997
0.1845 991
0.1846 978
0.1847 961
0.1848 954
0.1849 939
0.185 920
0.1851 917
0.1852 902
0.1853 890
0.1854 868
0.1855 854
0.1856 843
0.1857 828
0.1858 821
0.1859 801
0.186 791
0.1861 784
0.1862 774
0.1863 763
0.1864 752
0.1865 731
0.1866 719
0.1867 706
0.1868 696
0.1869 687
0.187 674
0.1871 664
0.1872 645
0.1873 630
0.1874 616
0.1875 600
0.1876 584
0.1877 564
0.1878 555
0.1879 543
0.188 521
0.1881 513
0.1882 493
0.1883 481
0.1884 469
0.1885 466
0.1886 464
0.1887 458
0.1888 444
0.1889 441
0.189 428
0.1891 420
0.1892 418
0.1893 414
0.1894 412
0.1895 409
0.1896 402
0.1897 402
0.1898 401
0.1899 398
0.19 389
0.1901 391
0.1902 382
0.1903 372
0.1904 367
0.1905 366
0.1906 359
0.1907 356
0.1908 351
0.1909 351
0.191 338
0.1911 331
0.1912 331
0.1913 329
0.1914 328
0.1915 337
0.1916 345
0.1917 348
0.1918 349
0.1919 344
0.192 339
0.1921 332
0.1922 320
0.1923 320
0.1924 316
0.1925 308
0.1926 307
0.1927 301
0.1928 296
0.1929 291
0.193 289
0.1931 293
0.1932 303
0.1933 314
0.1934 321
0.1935 315
0.1936 313
0.1937 314
0.1938 307
0.1939 318
0.194 328
0.1941 336
0.1942 338
0.1943 344
0.1944 344
0.1945 346
0.1946 348
0.1947 354
0.1948 361
0.1949 369
0.195 363
0.1951 362
0.1952 356
0.1953 352
0.1954 348
0.1955 343
0.1956 339
0.1957 339
0.1958 332
0.1959 325
0.196 318
0.1961 317
0.1962 316
0.1963 319
0.1964 329
0.1965 346
0.1966 347
0.1967 350
0.1968 352
0.1969 353
0.197 353
0.1971 355
0.1972 353
0.1973 354
0.1974 347
0.1975 343
0.1976 335
0.1977 330
0.1978 324
0.1979 319
0.198 319
0.1981 318
0.1982 313
0.1983 301
0.1984 301
0.1985 293
0.1986 290
0.1987 284
0.1988 278
0.1989 278
0.199 275
0.1991 276
0.1992 274
0.1993 270
0.1994 263
0.1995 256
0.1996 252
0.1997 250
0.1998 245
0.1999 241
0.2 230
0.2001 230
0.2002 230
0.2003 224
0.2004 223
0.2005 222
0.2006 222
0.2007 229
0.2008 237
0.2009 243
0.201 253
0.2011 258
0.2012 268
0.2013 281
0.2014 286
0.2015 279
0.2016 277
0.2017 280
0.2018 280
0.2019 277
0.202 276
0.2021 278
0.2022 272
0.2023 270
0.2024 276
0.2025 275
0.2026 276
0.2027 285
0.2028 297
0.2029 306
0.203 312
0.2031 314
0.2032 315
0.2033 311
0.2034 316
0.2035 320
0.2036 319
0.2037 317
0.2038 323
0.2039 327
0.204 322
0.2041 313
0.2042 310
0.2043 307
0.2044 304
0.2045 297
0.2046 291
0.2047 293
0.2048 293
0.2049 292
0.205 288
0.2051 287
0.2052 282
0.2053 284
0.2054 282
0.2055 281
0.2056 286
0.2057 290
0.2058 293
0.2059 293
0.206 293
0.2061 290
0.2062 286
0.2063 289
0.2064 285
0.2065 284
0.2066 279
0.2067 278
0.2068 278
0.2069 282
0.207 283
0.2071 278
0.2072 287
0.2073 284
0.2074 294
0.2075 293
0.2076 297
0.2077 293
0.2078 288
0.2079 287
0.208 284
0.2081 281
0.2082 277
0.2083 282
0.2084 288
0.2085 285
0.2086 285
0.2087 287
0.2088 283
0.2089 284
0.209 287
0.2091 282
0.2092 285
0.2093 284
0.2094 280
0.2095 288
0.2096 283
0.2097 285
0.2098 286
0.2099 287
0.21 281
0.2101 279
0.2102 280
0.2103 280
0.2104 272
0.2105 277
0.2106 280
0.2107 292
0.2108 285
0.2109 288
0.211 287
0.2111 279
0.2112 274
0.2113 275
0.2114 272
0.2115 270
0.2116 272
0.2117 265
0.2118 263
0.2119 261
0.212 259
0.2121 261
0.2122 262
0.2123 271
0.2124 267
0.2125 265
0.2126 267
0.2127 273
0.2128 273
0.2129 273
0.213 278
0.2131 277
0.2132 276
0.2133 273
0.2134 275
0.2135 277
0.2136 283
0.2137 283
0.2138 311
0.2139 343
0.214 380
0.2141 426
0.2142 462
0.2143 484
0.2144 495
0.2145 495
0.2146 496
0.2147 501
0.2148 496
0.2149 486
0.215 481
0.2151 490
0.2152 505
0.2153 520
0.2154 536
0.2155 546
0.2156 550
0.2157 558
0.2158 556
0.2159 550
0.216 546
0.2161 544
0.2162 528
0.2163 517
0.2164 503
0.2165 492
0.2166 482
0.2167 476
0.2168 480
0.2169 474
0.217 462
0.2171 456
0.2172 443
0.2173 434
0.2174 430
0.2175 428
0.2176 424
0.2177 418
0.2178 423
0.2179 422
0.218 420
0.2181 412
0.2182 409
0.2183 407
0.2184 405
0.2185 411
0.2186 413
0.2187 415
0.2188 413
0.2189 409
0.219 403
0.2191 400
0.2192 390
0.2193 386
0.2194 378
0.2195 379
0.2196 382
0.2197 394
0.2198 399
0.2199 402
0.22 398
0.2201 397
0.2202 399
0.2203 397
0.2204 398
0.2205 406
0.2206 400
0.2207 391
0.2208 384
0.2209 375
0.221 371
0.2211 364
0.2212 359
0.2213 357
0.2214 352
0.2215 351
0.2216 348
0.2217 351
0.2218 353
0.2219 354
0.222 352
0.2221 350
0.2222 356
0.2223 360
0.2224 362
0.2225 357
0.2226 352
0.2227 354
0.2228 363
0.2229 366
0.223 361
0.2231 355
0.2232 352
0.2233 357
0.2234 357
0.2235 368
0.2236 368
0.2237 367
0.2238 369
0.2239 370
0.224 371
0.2241 375
0.2242 375
0.2243 374
0.2244 370
0.2245 361
0.2246 355
0.2247 341
0.2248 336
0.2249 340
0.225 344
0.2251 352
0.2252 366
0.2253 372
0.2254 367
0.2255 367
0.2256 364
0.2257 357
0.2258 359
0.2259 356
0.226 356
0.2261 356
0.2262 350
0.2263 345
0.2264 344
0.2265 331
0.2266 321
0.2267 314
0.2268 316
0.2269 313
0.227 314
0.2271 312
0.2272 306
0.2273 304
0.2274 301
0.2275 296
0.2276 289
0.2277 283
0.2278 279
0.2279 277
0.228 272
0.2281 274
0.2282 269
0.2283 272
0.2284 278
0.2285 279
0.2286 277
0.2287 277
0.2288 272
0.2289 277
0.229 279
0.2291 286
0.2292 285
0.2293 285
0.2294 294
0.2295 292
0.2296 300
0.2297 305
0.2298 324
0.2299 330
0.23 332
0.2301 334
0.2302 343
0.2303 345
0.2304 345
0.2305 352
0.2306 353
0.2307 361
0.2308 363
0.2309 358
0.231 357
0.2311 363
0.2312 372
0.2313 375
0.2314 385
0.2315 381
0.2316 382
0.2317 377
0.2318 385
0.2319 383
0.232 381
0.2321 379
0.2322 368
0.2323 359
0.2324 352
0.2325 345
0.2326 343
0.2327 340
0.2328 337
0.2329 329
0.233 322
0.2331 315
0.2332 310
0.2333 305
0.2334 298
0.2335 300
0.2336 303
0.2337 304
0.2338 302
0.2339 301
0.234 306
0.2341 310
0.2342 312
0.2343 315
0.2344 316
0.2345 318
0.2346 323
0.2347 328
0.2348 328
0.2349 322
0.235 323
0.2351 321
0.2352 317
0.2353 310
0.2354 307
0.2355 296
0.2356 289
0.2357 295
0.2358 305
0.2359 311
0.236 304
0.2361 305
0.2362 305
0.2363 309
0.2364 317
0.2365 318
0.2366 318
0.2367 325
0.2368 321
0.2369 322
0.237 328
0.2371 330
0.2372 330
0.2373 329
0.2374 323
0.2375 322
0.2376 318
0.2377 314
0.2378 305
0.2379 304
0.238 314
0.2381 328
0.2382 333
0.2383 340
0.2384 350
0.2385 354
0.2386 355
0.2387 359
0.2388 358
0.2389 353
0.239 352
0.2391 347
0.2392 346
0.2393 355
0.2394 381
0.2395 394
0.2396 402
0.2397 409
0.2398 423
0.2399 427
0.24 427
0.2401 426
0.2402 430
0.2403 432
0.2404 440
0.2405 440
0.2406 440
0.2407 440
0.2408 443
0.2409 444
0.241 446
0.2411 449
0.2412 448
0.2413 448
0.2414 453
0.2415 455
0.2416 456
0.2417 456
0.2418 458
0.2419 457
0.242 460
0.2421 459
0.2422 465
0.2423 467
0.2424 467
0.2425 471
0.2426 473
0.2427 473
0.2428 478
0.2429 480
0.243 480
0.2431 483
0.2432 486
0.2433 486
0.2434 491
0.2435 494
0.2436 497
0.2437 500
0.2438 498
0.2439 505
0.244 509
0.2441 511
0.2442 517
0.2443 519
0.2444 522
0.2445 527
0.2446 529
0.2447 535
0.2448 538
0.2449 542
0.245 544
0.2451 548
0.2452 551
0.2453 555
0.2454 560
0.2455 563
0.2456 569
0.2457 570
0.2458 578
0.2459 583
0.246 585
0.2461 593
0.2462 596
0.2463 602
0.2464 608
0.2465 612
0.2466 619
0.2467 624
0.2468 630
0.2469 635
0.247 639
0.2471 648
0.2472 653
0.2473 659
0.2474 665
0.2475 672
0.2476 679
0.2477 685
0.2478 691
0.2479 699
0.248 705
0.2481 711
0.2482 720
0.2483 728
0.2484 736
0.2485 745
0.2486 754
0.2487 761
0.2488 770
0.2489 779
0.249 787
0.2491 795
0.2492 801
0.2493 812
0.2494 820
0.2495 828
0.2496 842
0.2497 850
0.2498 859
0.2499 867
0.25 875
