0 0
0.0001 0
0.0002 0
0.0003 3
0.0004 8
0.0005 11
0.0006 16
0.0007 25
0.0008 30
0.0009 30
0.001 36
0.0011 45
0.0012 56
0.0013 63
0.0014 91
0.0015 109
0.0016 155
0.0017 182
0.0018 217
0.0019 243
0.002 276
0.0021 307
0.0022 340
0.0023 359
0.0024 388
0.0025 432
0.0026 469
0.0027 506
0.0028 565
0.0029 582
0.003 608
0.0031 637
0.0032 653
0.0033 663
0.0034 688
0.0035 690
0.0036 687
0.0037 688
0.0038 711
0.0039 738
0.004 778
0.0041 800
0.0042 836
0.0043 856
0.0044 883
0.0045 899
0.0046 917
0.0047 960
0.0048 1003
0.0049 1043
0.005 1090
0.0051 1119
0.0052 1157
0.0053 1179
0.0054 1206
0.0055 1232
0.0056 1252
0.0057 1256
0.0058 1279
0.0059 1303
0.006 1339
0.0061 1354
0.0062 1375
0.0063 1386
0.0064 1415
0.0065 1416
0.0066 1437
0.0067 1456
0.0068 1473
0.0069 1474
0.007 1470
0.0071 1473
0.0072 1480
0.0073 1483
0.0074 1481
0.0075 1498
0.0076 1498
0.0077 1495
0.0078 1515
0.0079 1507
0.008 1510
0.0081 1509
0.0082 1517
0.0083 1519
0.0084 1526
0.0085 1507
0.0086 1504
0.0087 1504
0.0088 1513
0.0089 1500
0.009 1507
0.0091 1500
0.0092 1533
0.0093 1572
0.0094 1586
0.0095 1600
0.0096 1620
0.0097 1612
0.0098 1601
0.0099 1578
0.01 1558
0.0101 1549
0.0102 1543
0.0103 1551
0.0104 1569
0.0105 1618
0.0106 1622
0.0107 1613
0.0108 1609
0.0109 1608
0.011 1600
0.0111 1574
0.0112 1584
0.0113 1595
0.0114 1598
0.0115 1597
0.0116 1616
0.0117 1639
0.0118 1644
0.0119 1675
0.012 1703
0.0121 1721
0.0122 1704
0.0123 1699
0.0124 1690
0.0125 1663
0.0126 1641
0.0127 1636
0.0128 1619
0.0129 1608
0.013 1622
0.0131 1640
0.0132 1616
0.0133 1581
0.0134 1573
0.0135 1571
0.0136 1548
0.0137 1524
0.0138 1517
0.0139 1508
0.014 1480
0.0141 1474
0.0142 1467
0.0143 1461
0.0144 1443
0.0145 1432
0.0146 1434
0.0147 1395
0.0148 1368
0.0149 1355
0.015 1343
0.0151 1347
0.0152 1347
0.0153 1349
0.0154 1334
0.0155 1346
0.0156 1348
0.0157 1320
0.0158 1307
0.0159 1305
0.016 1288
0.0161 1301
0.0162 1288
0.0163 1277
0.0164 1278
0.0165 1258
0.0166 1240
0.0167 1236
0.0168 1216
0.0169 1199
0.017 1174
0.0171 1151
0.0172 1134
0.0173 1128
0.0174 1129
0.0175 1130
0.0176 1136
0.0177 1132
0.0178 1136
0.0179 1147
0.018 1145
0.0181 1144
0.0182 1151
0.0183 1153
0.0184 1171
0.0185 1160
0.0186 1178
0.0187 1184
0.0188 1207
0.0189 1197
0.019 1176
0.0191 1180
0.0192 1173
0.0193 1178
0.0194 1162
0.0195 1175
0.0196 1186
0.0197 1188
0.0198 1188
0.0199 1193
0.02 1195
0.0201 1191
0.0202 1185
0.0203 1155
0.0204 1149
0.0205 1135
0.0206 1120
0.0207 1120
0.0208 1111
0.0209 1104
0.021 1084
0.0211 1066
0.0212 1062
0.0213 1057
0.0214 1038
0.0215 1033
0.0216 1026
0.0217 1007
0.0218 1006
0.0219 994
0.022 1004
0.0221 1001
0.0222 1007
0.0223 1009
0.0224 1008
0.0225 1010
0.0226 1011
0.0227 1001
0.0228 987
0.0229 991
0.023 985
0.0231 979
0.0232 958
0.0233 953
0.0234 925
0.0235 919
0.0236 913
0.0237 905
0.0238 898
0.0239 878
0.024 872
0.0241 856
0.0242 838
0.0243 839
0.0244 838
0.0245 822
0.0246 827
0.0247 842
0.0248 866
0.0249 872
0.025 862
0.0251 857
0.0252 862
0.0253 858
0.0254 843
0.0255 831
0.0256 822
0.0257 805
0.0258 805
0.0259 794
0.026 775
0.0261 775
0.0262 742
0.0263 722
0.0264 709
0.0265 713
0.0266 691
0.0267 677
0.0268 666
0.0269 658
0.027 643
0.0271 611
0.0272 593
0.0273 587
0.0274 584
0.0275 581
0.0276 589
0.0277 575
0.0278 559
0.0279 547
0.028 528
0.0281 508
0.0282 464
0.0283 431
0.0284 408
0.0285 395
0.0286 357
0.0287 341
0.0288 337
0.0289 310
0.029 288
0.0291 273
0.0292 257
0.0293 277
0.0294 268
0.0295 270
0.0296 234
0.0297 212
0.0298 165
0.0299 131
0.03 88
0.0301 58
0.0302 40
0.0303 19
0.0304 20
0.0305 13
0.0306 7
0.0307 3
0.0308 4
0.0309 3
0.031 0
0.0311 3
0.0312 1
0.0313 0
0.0314 0
0.0315 0
0.0316 1
0.0317 0
0.0318 1
0.0319 1
0.032 0
0.0321 0
0.0322 0
0.0323 0
0.0324 0
0.0325 2
0.0326 0
0.0327 0
0.0328 0
0.0329 1
0.033 1
0.0331 1
0.0332 0
0.0333 0
0.0334 0
0.0335 0
0.0336 1
0.0337 0
0.0338 2
0.0339 0
0.034 0
0.0341 1
0.0342 1
0.0343 1
0.0344 1
0.0345 0
0.0346 1
0.0347 0
0.0348 0
0.0349 1
0.035 4
0.0351 1
0.0352 0
0.0353 0
0.0354 0
0.0355 1
0.0356 0
0.0357 0
0.0358 3
0.0359 0
0.036 1
0.0361 1
0.0362 0
0.0363 0
0.0364 0
0.0365 0
0.0366 0
0.0367 1
0.0368 0
0.0369 1
0.037 0
0.0371 0
0.0372 2
0.0373 0
0.0374 0
0.0375 0
0.0376 1
0.0377 2
0.0378 1
0.0379 0
0.038 0
0.0381 1
0.0382 0
0.0383 0
0.0384 0
0.0385 0
0.0386 0
0.0387 0
0.0388 1
0.0389 0
0.039 1
0.0391 0
0.0392 0
0.0393 0
0.0394 0
0.0395 0
0.0396 1
0.0397 0
0.0398 1
0.0399 0
0.04 0
0.0401 0
0.0402 1
0.0403 0
0.0404 0
0.0405 0
0.0406 0
0.0407 0
0.0408 0
0.0409 0
0.041 0
0.0411 1
0.0412 0
0.0413 0
0.0414 0
0.0415 0
0.0416 0
0.0417 0
0.0418 0
0.0419 0
0.042 1
0.0421 0
0.0422 2
0.0423 0
0.0424 1
0.0425 0
0.0426 0
0.0427 1
0.0428 0
0.0429 0
0.043 0
0.0431 0
0.0432 1
0.0433 1
0.0434 1
0.0435 1
0.0436 2
0.0437 0
0.0438 0
0.0439 1
0.044 2
0.0441 2
0.0442 0
0.0443 0
0.0444 0
0.0445 1
0.0446 0
0.0447 1
0.0448 0
0.0449 0
0.045 0
0.0451 0
0.0452 0
0.0453 1
0.0454 0
0.0455 1
0.0456 0
0.0457 0
0.0458 0
0.0459 0
0.046 0
0.0461 1
0.0462 1
0.0463 0
0.0464 0
0.0465 0
0.0466 0
0.0467 0
0.0468 0
0.0469 1
0.047 0
0.0471 1
0.0472 1
0.0473 0
0.0474 1
0.0475 0
0.0476 0
0.0477 0
0.0478 1
0.0479 2
0.048 0
0.0481 1
0.0482 0
0.0483 0
0.0484 0
0.0485 2
0.0486 0
0.0487 0
0.0488 1
0.0489 0
0.049 1
0.0491 2
0.0492 0
0.0493 1
0.0494 0
0.0495 0
0.0496 0
0.0497 1
0.0498 1
0.0499 1
0.05 0
0.0501 0
0.0502 0
0.0503 0
0.0504 1
0.0505 0
0.0506 1
0.0507 1
0.0508 0
0.0509 2
0.051 1
0.0511 0
0.0512 1
0.0513 0
0.0514 0
0.0515 3
0.0516 0
0.0517 1
0.0518 2
0.0519 0
0.052 0
0.0521 0
0.0522 1
0.0523 0
0.0524 0
0.0525 0
0.0526 0
0.0527 1
0.0528 0
0.0529 1
0.053 0
0.0531 1
0.0532 0
0.0533 0
0.0534 1
0.0535 0
0.0536 3
0.0537 0
0.0538 3
0.0539 0
0.054 0
0.0541 1
0.0542 0
0.0543 0
0.0544 1
0.0545 0
0.0546 1
0.0547 2
0.0548 0
0.0549 0
0.055 1
0.0551 0
0.0552 0
0.0553 0
0.0554 0
0.0555 0
0.0556 1
0.0557 1
0.0558 1
0.0559 0
0.056 0
0.0561 1
0.0562 0
0.0563 1
0.0564 0
0.0565 2
0.0566 1
0.0567 0
0.0568 0
0.0569 0
0.057 0
0.0571 2
0.0572 1
0.0573 0
0.0574 3
0.0575 1
0.0576 2
0.0577 1
0.0578 0
0.0579 0
0.058 0
0.0581 1
0.0582 1
0.0583 0
0.0584 0
0.0585 0
0.0586 2
0.0587 0
0.0588 0
0.0589 3
0.059 3
0.0591 0
0.0592 0
0.0593 1
0.0594 0
0.0595 1
0.0596 0
0.0597 1
0.0598 0
0.0599 0
0.06 0
0.0601 0
0.0602 0
0.0603 1
0.0604 1
0.0605 0
0.0606 1
0.0607 0
0.0608 2
0.0609 1
0.061 0
0.0611 1
0.0612 0
0.0613 1
0.0614 1
0.0615 0
0.0616 2
0.0617 1
0.0618 0
0.0619 2
0.062 1
0.0621 0
0.0622 0
0.0623 0
0.0624 0
0.0625 2
0.0626 1
0.0627 0
0.0628 0
0.0629 0
0.063 0
0.0631 1
0.0632 1
0.0633 0
0.0634 0
0.0635 0
0.0636 2
0.0637 1
0.0638 1
0.0639 1
0.064 1
0.0641 0
0.0642 0
0.0643 4
0.0644 0
0.0645 3
0.0646 2
0.0647 2
0.0648 2
0.0649 0
0.065 1
0.0651 1
0.0652 2
0.0653 0
0.0654 0
0.0655 1
0.0656 6
0.0657 4
0.0658 5
0.0659 6
0.066 3
0.0661 0
0.0662 1
0.0663 3
0.0664 0
0.0665 0
0.0666 2
0.0667 1
0.0668 0
0.0669 1
0.067 0
0.0671 2
0.0672 3
0.0673 2
0.0674 2
0.0675 2
0.0676 1
0.0677 0
0.0678 0
0.0679 0
0.068 1
0.0681 0
0.0682 0
0.0683 0
0.0684 0
0.0685 2
0.0686 0
0.0687 2
0.0688 2
0.0689 0
0.069 1
0.0691 4
0.0692 0
0.0693 1
0.0694 0
0.0695 2
0.0696 5
0.0697 2
0.0698 1
0.0699 1
0.07 0
0.0701 0
0.0702 1
0.0703 1
0.0704 0
0.0705 1
0.0706 1
0.0707 0
0.0708 1
0.0709 1
0.071 0
0.0711 1
0.0712 1
0.0713 0
0.0714 0
0.0715 1
0.0716 1
0.0717 2
0.0718 3
0.0719 1
0.072 1
0.0721 3
0.0722 0
0.0723 2
0.0724 1
0.0725 0
0.0726 4
0.0727 4
0.0728 1
0.0729 4
0.073 0
0.0731 1
0.0732 1
0.0733 0
0.0734 2
0.0735 1
0.0736 0
0.0737 1
0.0738 1
0.0739 3
0.074 2
0.0741 2
0.0742 1
0.0743 0
0.0744 1
0.0745 3
0.0746 0
0.0747 0
0.0748 1
0.0749 2
0.075 0
0.0751 2
0.0752 3
0.0753 1
0.0754 0
0.0755 4
0.0756 7
0.0757 8
0.0758 2
0.0759 5
0.076 3
0.0761 2
0.0762 1
0.0763 2
0.0764 5
0.0765 1
0.0766 0
0.0767 1
0.0768 1
0.0769 2
0.077 3
0.0771 2
0.0772 2
0.0773 0
0.0774 1
0.0775 0
0.0776 1
0.0777 1
0.0778 0
0.0779 1
0.078 1
0.0781 1
0.0782 1
0.0783 2
0.0784 2
0.0785 0
0.0786 0
0.0787 0
0.0788 0
0.0789 2
0.079 1
0.0791 0
0.0792 3
0.0793 0
0.0794 0
0.0795 0
0.0796 0
0.0797 0
0.0798 0
0.0799 2
0.08 1
0.0801 2
0.0802 4
0.0803 2
0.0804 4
0.0805 5
0.0806 5
0.0807 1
0.0808 4
0.0809 1
0.081 1
0.0811 2
0.0812 3
0.0813 3
0.0814 4
0.0815 9
0.0816 6
0.0817 0
0.0818 4
0.0819 7
0.082 3
0.0821 3
0.0822 2
0.0823 9
0.0824 7
0.0825 3
0.0826 3
0.0827 5
0.0828 8
0.0829 2
0.083 1
0.0831 3
0.0832 2
0.0833 2
0.0834 3
0.0835 3
0.0836 5
0.0837 8
0.0838 5
0.0839 5
0.084 5
0.0841 2
0.0842 4
0.0843 5
0.0844 4
0.0845 9
0.0846 9
0.0847 22
0.0848 20
0.0849 20
0.085 23
0.0851 25
0.0852 23
0.0853 25
0.0854 22
0.0855 18
0.0856 18
0.0857 47
0.0858 56
0.0859 64
0.086 62
0.0861 73
0.0862 76
0.0863 80
0.0864 82
0.0865 78
0.0866 85
0.0867 98
0.0868 112
0.0869 131
0.087 132
0.0871 126
0.0872 123
0.0873 123
0.0874 122
0.0875 114
0.0876 126
0.0877 121
0.0878 130
0.0879 122
0.088 140
0.0881 174
0.0882 198
0.0883 244
0.0884 293
0.0885 348
0.0886 403
0.0887 446
0.0888 492
0.0889 519
0.089 552
0.0891 573
0.0892 600
0.0893 619
0.0894 619
0.0895 634
0.0896 631
0.0897 653
0.0898 681
0.0899 697
0.09 704
0.0901 721
0.0902 749
0.0903 771
0.0904 791
0.0905 814
0.0906 864
0.0907 908
0.0908 952
0.0909 993
0.091 1038
0.0911 1076
0.0912 1105
0.0913 1120
0.0914 1137
0.0915 1130
0.0916 1133
0.0917 1125
0.0918 1144
0.0919 1148
0.092 1170
0.0921 1169
0.0922 1164
0.0923 1131
0.0924 1123
0.0925 1114
0.0926 1109
0.0927 1144
0.0928 1145
0.0929 1168
0.093 1172
0.0931 1171
0.0932 1145
0.0933 1132
0.0934 1151
0.0935 1165
0.0936 1163
0.0937 1176
0.0938 1155
0.0939 1141
0.094 1134
0.0941 1125
0.0942 1132
0.0943 1139
0.0944 1147
0.0945 1171
0.0946 1189
0.0947 1214
0.0948 1199
0.0949 1221
0.095 1215
0.0951 1205
0.0952 1204
0.0953 1225
0.0954 1216
0.0955 1199
0.0956 1201
0.0957 1209
0.0958 1226
0.0959 1231
0.096 1228
0.0961 1206
0.0962 1204
0.0963 1209
0.0964 1200
0.0965 1211
0.0966 1191
0.0967 1183
0.0968 1179
0.0969 1180
0.097 1183
0.0971 1159
0.0972 1145
0.0973 1120
0.0974 1106
0.0975 1085
0.0976 1074
0.0977 1056
0.0978 1044
0.0979 1017
0.098 1000
0.0981 974
0.0982 969
0.0983 957
0.0984 976
0.0985 960
0.0986 956
0.0987 961
0.0988 966
0.0989 960
0.099 983
0.0991 976
0.0992 989
0.0993 1005
0.0994 1015
0.0995 1020
0.0996 1034
0.0997 1024
0.0998 1000
0.0999 986
0.1 986
0.1001 982
0.1002 972
0.1003 945
0.1004 933
0.1005 905
0.1006 885
0.1007 866
0.1008 840
0.1009 813
0.101 796
0.1011 807
0.1012 814
0.1013 817
0.1014 811
0.1015 793
0.1016 808
0.1017 806
0.1018 808
0.1019 807
0.102 806
0.1021 780
0.1022 766
0.1023 742
0.1024 743
0.1025 728
0.1026 737
0.1027 722
0.1028 700
0.1029 664
0.103 644
0.1031 609
0.1032 578
0.1033 557
0.1034 558
0.1035 545
0.1036 528
0.1037 527
0.1038 543
0.1039 526
0.104 520
0.1041 496
0.1042 487
0.1043 495
0.1044 503
0.1045 507
0.1046 515
0.1047 527
0.1048 524
0.1049 531
0.105 538
0.1051 534
0.1052 557
0.1053 561
0.1054 559
0.1055 565
0.1056 569
0.1057 552
0.1058 541
0.1059 543
0.106 545
0.1061 541
0.1062 528
0.1063 499
0.1064 509
0.1065 498
0.1066 497
0.1067 478
0.1068 458
0.1069 443
0.107 435
0.1071 425
0.1072 408
0.1073 388
0.1074 393
0.1075 380
0.1076 370
0.1077 367
0.1078 364
0.1079 373
0.108 372
0.1081 365
0.1082 391
0.1083 382
0.1084 390
0.1085 396
0.1086 382
0.1087 343
0.1088 329
0.1089 306
0.109 290
0.1091 281
0.1092 271
0.1093 271
0.1094 247
0.1095 233
0.1096 225
0.1097 218
0.1098 196
0.1099 162
0.11 125
0.1101 94
0.1102 74
0.1103 34
0.1104 27
0.1105 19
0.1106 6
0.1107 6
0.1108 8
0.1109 9
0.111 1
0.1111 3
0.1112 2
0.1113 1
0.1114 0
0.1115 0
0.1116 1
0.1117 1
0.1118 0
0.1119 0
0.112 0
0.1121 1
0.1122 0
0.1123 4
0.1124 1
0.1125 0
0.1126 0
0.1127 0
0.1128 0
0.1129 0
0.113 0
0.1131 0
0.1132 1
0.1133 1
0.1134 0
0.1135 0
0.1136 0
0.1137 2
0.1138 1
0.1139 0
0.114 0
0.1141 0
0.1142 1
0.1143 0
0.1144 0
0.1145 0
0.1146 2
0.1147 0
0.1148 0
0.1149 0
0.115 0
0.1151 0
0.1152 0
0.1153 0
0.1154 0
0.1155 0
0.1156 0
0.1157 0
0.1158 1
0.1159 0
0.116 0
0.1161 1
0.1162 0
0.1163 0
0.1164 0
0.1165 1
0.1166 0
0.1167 0
0.1168 0
0.1169 0
0.117 0
0.1171 0
0.1172 0
0.1173 0
0.1174 0
0.1175 0
0.1176 0
0.1177 0
0.1178 1
0.1179 1
0.118 0
0.1181 0
0.1182 0
0.1183 1
0.1184 0
0.1185 0
0.1186 0
0.1187 1
0.1188 0
0.1189 0
0.119 0
0.1191 1
0.1192 0
0.1193 0
0.1194 0
0.1195 0
0.1196 0
0.1197 0
0.1198 0
0.1199 1
0.12 0
0.1201 0
0.1202 0
0.1203 1
0.1204 1
0.1205 1
0.1206 0
0.1207 0
0.1208 4
0.1209 0
0.121 0
0.1211 0
0.1212 0
0.1213 1
0.1214 1
0.1215 1
0.1216 0
0.1217 1
0.1218 0
0.1219 0
0.122 1
0.1221 0
0.1222 2
0.1223 1
0.1224 1
0.1225 2
0.1226 0
0.1227 1
0.1228 1
0.1229 1
0.123 0
0.1231 0
0.1232 0
0.1233 0
0.1234 1
0.1235 0
0.1236 0
0.1237 0
0.1238 1
0.1239 1
0.124 0
0.1241 1
0.1242 1
0.1243 0
0.1244 0
0.1245 1
0.1246 0
0.1247 0
0.1248 1
0.1249 2
0.125 2
0.1251 1
0.1252 0
0.1253 2
0.1254 0
0.1255 0
0.1256 0
0.1257 0
0.1258 0
0.1259 0
0.126 1
0.1261 1
0.1262 1
0.1263 1
0.1264 0
0.1265 0
0.1266 1
0.1267 1
0.1268 2
0.1269 1
0.127 2
0.1271 0
0.1272 0
0.1273 0
0.1274 0
0.1275 4
0.1276 1
0.1277 0
0.1278 1
0.1279 0
0.128 1
0.1281 1
0.1282 0
0.1283 2
0.1284 0
0.1285 0
0.1286 0
0.1287 0
0.1288 0
0.1289 0
0.129 0
0.1291 1
0.1292 0
0.1293 1
0.1294 0
0.1295 0
0.1296 1
0.1297 0
0.1298 0
0.1299 0
0.13 0
0.1301 0
0.1302 0
0.1303 0
0.1304 0
0.1305 0
0.1306 0
0.1307 0
0.1308 1
0.1309 2
0.131 0
0.1311 0
0.1312 1
0.1313 1
0.1314 1
0.1315 0
0.1316 0
0.1317 0
0.1318 2
0.1319 0
0.132 1
0.1321 2
0.1322 2
0.1323 0
0.1324 0
0.1325 0
0.1326 0
0.1327 0
0.1328 0
0.1329 0
0.133 0
0.1331 0
0.1332 0
0.1333 0
0.1334 1
0.1335 2
0.1336 0
0.1337 0
0.1338 0
0.1339 0
0.134 0
0.1341 0
0.1342 1
0.1343 1
0.1344 0
0.1345 0
0.1346 2
0.1347 0
0.1348 1
0.1349 2
0.135 0
0.1351 1
0.1352 0
0.1353 0
0.1354 0
0.1355 0
0.1356 0
0.1357 1
0.1358 0
0.1359 2
0.136 1
0.1361 1
0.1362 2
0.1363 0
0.1364 0
0.1365 0
0.1366 1
0.1367 0
0.1368 0
0.1369 0
0.137 0
0.1371 0
0.1372 0
0.1373 2
0.1374 0
0.1375 2
0.1376 1
0.1377 1
0.1378 1
0.1379 0
0.138 1
0.1381 1
0.1382 0
0.1383 1
0.1384 0
0.1385 0
0.1386 0
0.1387 1
0.1388 2
0.1389 1
0.139 2
0.1391 1
0.1392 0
0.1393 0
0.1394 0
0.1395 1
0.1396 0
0.1397 1
0.1398 0
0.1399 0
0.14 0
0.1401 2
0.1402 2
0.1403 3
0.1404 3
0.1405 0
0.1406 0
0.1407 1
0.1408 1
0.1409 1
0.141 0
0.1411 1
0.1412 1
0.1413 0
0.1414 0
0.1415 0
0.1416 1
0.1417 0
0.1418 2
0.1419 0
0.142 0
0.1421 1
0.1422 1
0.1423 0
0.1424 0
0.1425 2
0.1426 0
0.1427 0
0.1428 0
0.1429 0
0.143 1
0.1431 0
0.1432 2
0.1433 1
0.1434 2
0.1435 1
0.1436 1
0.1437 2
0.1438 2
0.1439 1
0.144 0
0.1441 2
0.1442 1
0.1443 2
0.1444 2
0.1445 1
0.1446 0
0.1447 1
0.1448 2
0.1449 1
0.145 2
0.1451 1
0.1452 0
0.1453 1
0.1454 2
0.1455 1
0.1456 3
0.1457 1
0.1458 2
0.1459 3
0.146 0
0.1461 0
0.1462 2
0.1463 1
0.1464 2
0.1465 5
0.1466 2
0.1467 1
0.1468 0
0.1469 1
0.147 1
0.1471 0
0.1472 1
0.1473 3
0.1474 2
0.1475 2
0.1476 2
0.1477 3
0.1478 0
0.1479 3
0.148 0
0.1481 1
0.1482 1
0.1483 1
0.1484 0
0.1485 0
0.1486 0
0.1487 2
0.1488 2
0.1489 3
0.149 0
0.1491 2
0.1492 1
0.1493 3
0.1494 0
0.1495 2
0.1496 3
0.1497 2
0.1498 1
0.1499 0
0.15 1
0.1501 2
0.1502 0
0.1503 0
0.1504 1
0.1505 1
0.1506 0
0.1507 0
0.1508 2
0.1509 1
0.151 1
0.1511 0
0.1512 0
0.1513 0
0.1514 2
0.1515 3
0.1516 1
0.1517 0
0.1518 1
0.1519 0
0.152 0
0.1521 1
0.1522 2
0.1523 0
0.1524 1
0.1525 0
0.1526 1
0.1527 2
0.1528 4
0.1529 2
0.153 4
0.1531 1
0.1532 0
0.1533 4
0.1534 3
0.1535 1
0.1536 1
0.1537 2
0.1538 5
0.1539 3
0.154 0
0.1541 2
0.1542 0
0.1543 0
0.1544 0
0.1545 1
0.1546 2
0.1547 2
0.1548 1
0.1549 4
0.155 2
0.1551 1
0.1552 1
0.1553 1
0.1554 0
0.1555 0
0.1556 1
0.1557 1
0.1558 1
0.1559 0
0.156 0
0.1561 0
0.1562 0
0.1563 1
0.1564 0
0.1565 0
0.1566 2
0.1567 1
0.1568 4
0.1569 5
0.157 1
0.1571 2
0.1572 2
0.1573 1
0.1574 1
0.1575 0
0.1576 2
0.1577 2
0.1578 2
0.1579 1
0.158 3
0.1581 0
0.1582 3
0.1583 2
0.1584 0
0.1585 1
0.1586 3
0.1587 3
0.1588 3
0.1589 3
0.159 6
0.1591 5
0.1592 4
0.1593 7
0.1594 2
0.1595 1
0.1596 16
0.1597 6
0.1598 10
0.1599 11
0.16 7
0.1601 12
0.1602 9
0.1603 3
0.1604 2
0.1605 1
0.1606 2
0.1607 2
0.1608 4
0.1609 3
0.161 1
0.1611 0
0.1612 1
0.1613 0
0.1614 1
0.1615 2
0.1616 3
0.1617 6
0.1618 2
0.1619 5
0.162 6
0.1621 2
0.1622 3
0.1623 3
0.1624 2
0.1625 5
0.1626 0
0.1627 2
0.1628 2
0.1629 1
0.163 4
0.1631 2
0.1632 6
0.1633 9
0.1634 4
0.1635 2
0.1636 1
0.1637 0
0.1638 2
0.1639 1
0.164 3
0.1641 4
0.1642 3
0.1643 6
0.1644 1
0.1645 1
0.1646 3
0.1647 2
0.1648 1
0.1649 7
0.165 3
0.1651 4
0.1652 5
0.1653 5
0.1654 5
0.1655 2
0.1656 1
0.1657 4
0.1658 5
0.1659 2
0.166 5
0.1661 5
0.1662 6
0.1663 8
0.1664 6
0.1665 10
0.1666 8
0.1667 10
0.1668 11
0.1669 14
0.167 10
0.1671 16
0.1672 15
0.1673 24
0.1674 20
0.1675 20
0.1676 19
0.1677 18
0.1678 15
0.1679 17
0.168 22
0.1681 16
0.1682 13
0.1683 17
0.1684 18
0.1685 22
0.1686 17
0.1687 15
0.1688 16
0.1689 25
0.169 24
0.1691 45
0.1692 54
0.1693 63
0.1694 76
0.1695 83
0.1696 89
0.1697 105
0.1698 104
0.1699 112
0.17 118
0.1701 128
0.1702 129
0.1703 139
0.1704 145
0.1705 158
0.1706 160
0.1707 159
0.1708 166
0.1709 165
0.171 179
0.1711 195
0.1712 203
0.1713 206
0.1714 201
0.1715 191
0.1716 198
0.1717 204
0.1718 216
0.1719 223
0.172 253
0.1721 266
0.1722 280
0.1723 297
0.1724 290
0.1725 306
0.1726 346
0.1727 364
0.1728 384
0.1729 398
0.173 419
0.1731 442
0.1732 483
0.1733 505
0.1734 517
0.1735 517
0.1736 518
0.1737 520
0.1738 543
0.1739 558
0.174 580
0.1741 605
0.1742 613
0.1743 630
0.1744 654
0.1745 683
0.1746 717
0.1747 742
0.1748 766
0.1749 799
0.175 817
0.1751 836
0.1752 842
0.1753 847
0.1754 885
0.1755 897
0.1756 915
0.1757 932
0.1758 934
0.1759 963
0.176 989
0.1761 1014
0.1762 1024
0.1763 1039
0.1764 1042
0.1765 1060
0.1766 1074
0.1767 1087
0.1768 1103
0.1769 1141
0.177 1145
0.1771 1143
0.1772 1166
0.1773 1167
0.1774 1179
0.1775 1181
0.1776 1196
0.1777 1206
0.1778 1213
0.1779 1208
0.178 1216
0.1781 1210
0.1782 1224
0.1783 1218
0.1784 1239
0.1785 1263
0.1786 1255
0.1787 1238
0.1788 1235
0.1789 1223
0.179 1216
0.1791 1208
0.1792 1196
0.1793 1205
0.1794 1202
0.1795 1175
0.1796 1160
0.1797 1175
0.1798 1179
0.1799 1164
0.18 1160
0.1801 1166
0.1802 1197
0.1803 1210
0.1804 1208
0.1805 1211
0.1806 1214
0.1807 1212
0.1808 1201
0.1809 1209
0.181 1209
0.1811 1214
0.1812 1212
0.1813 1229
0.1814 1233
0.1815 1222
0.1816 1234
0.1817 1251
0.1818 1273
0.1819 1274
0.182 1271
0.1821 1252
0.1822 1227
0.1823 1228
0.1824 1199
0.1825 1179
0.1826 1156
0.1827 1144
0.1828 1134
0.1829 1126
0.183 1128
0.1831 1102
0.1832 1072
0.1833 1044
0.1834 1024
0.1835 990
0.1836 970
0.1837 959
0.1838 960
0.1839 957
0.184 930
0.1841 918
0.1842 919
0.1843 902
0.1844 894
0.1845 875
0.1846 889
0.1847 904
0.1848 943
0.1849 950
0.185 940
0.1851 950
0.1852 935
0.1853 943
0.1854 949
0.1855 959
0.1856 971
0.1857 997
0.1858 988
0.1859 1017
0.186 1020
0.1861 1033
0.1862 1034
0.1863 1056
0.1864 1068
0.1865 1060
0.1866 1059
0.1867 1043
0.1868 1051
0.1869 1020
0.187 1004
0.1871 982
0.1872 972
0.1873 967
0.1874 967
0.1875 961
0.1876 982
0.1877 983
0.1878 982
0.1879 1003
0.188 1003
0.1881 985
0.1882 986
0.1883 988
0.1884 979
0.1885 994
0.1886 1019
0.1887 1013
0.1888 1020
0.1889 1017
0.189 1018
0.1891 1037
0.1892 1013
0.1893 1003
0.1894 977
0.1895 962
0.1896 946
0.1897 937
0.1898 926
0.1899 933
0.19 934
0.1901 930
0.1902 921
0.1903 909
0.1904 894
0.1905 884
0.1906 869
0.1907 849
0.1908 830
0.1909 826
0.191 821
0.1911 812
0.1912 818
0.1913 797
0.1914 778
0.1915 781
0.1916 764
0.1917 756
0.1918 737
0.1919 725
0.192 701
0.1921 679
0.1922 658
0.1923 651
0.1924 631
0.1925 620
0.1926 631
0.1927 596
0.1928 579
0.1929 566
0.193 546
0.1931 514
0.1932 508
0.1933 461
0.1934 445
0.1935 410
0.1936 372
0.1937 341
0.1938 338
0.1939 311
0.194 295
0.1941 272
0.1942 284
0.1943 282
0.1944 267
0.1945 275
0.1946 250
0.1947 245
0.1948 234
0.1949 202
0.195 154
0.1951 127
0.1952 112
0.1953 84
0.1954 45
0.1955 28
0.1956 14
0.1957 6
0.1958 8
0.1959 6
0.196 6
0.1961 2
0.1962 0
0.1963 3
0.1964 2
0.1965 2
0.1966 3
0.1967 1
0.1968 1
0.1969 1
0.197 2
0.1971 0
0.1972 2
0.1973 0
0.1974 0
0.1975 1
0.1976 1
0.1977 0
0.1978 0
0.1979 0
0.198 1
0.1981 0
0.1982 4
0.1983 0
0.1984 0
0.1985 0
0.1986 0
0.1987 0
0.1988 1
0.1989 1
0.199 3
0.1991 0
0.1992 0
0.1993 0
0.1994 1
0.1995 0
0.1996 1
0.1997 1
0.1998 0
0.1999 0
0.2 2
0.2001 0
0.2002 0
0.2003 1
0.2004 0
0.2005 0
0.2006 0
0.2007 1
0.2008 1
0.2009 1
0.201 1
0.2011 0
0.2012 0
0.2013 1
0.2014 0
0.2015 0
0.2016 1
0.2017 0
0.2018 1
0.2019 1
0.202 0
0.2021 0
0.2022 0
0.2023 0
0.2024 0
0.2025 0
0.2026 1
0.2027 0
0.2028 0
0.2029 0
0.203 0
0.2031 0
0.2032 0
0.2033 0
0.2034 1
0.2035 0
0.2036 1
0.2037 0
0.2038 0
0.2039 0
0.204 0
0.2041 1
0.2042 0
0.2043 0
0.2044 0
0.2045 0
0.2046 1
0.2047 0
0.2048 0
0.2049 1
0.205 0
0.2051 0
0.2052 0
0.2053 0
0.2054 0
0.2055 0
0.2056 1
0.2057 1
0.2058 0
0.2059 0
0.206 0
0.2061 0
0.2062 0
0.2063 0
0.2064 0
0.2065 1
0.2066 0
0.2067 0
0.2068 0
0.2069 0
0.207 1
0.2071 1
0.2072 0
0.2073 0
0.2074 0
0.2075 0
0.2076 0
0.2077 1
0.2078 0
0.2079 0
0.208 0
0.2081 0
0.2082 0
0.2083 0
0.2084 0
0.2085 0
0.2086 1
0.2087 0
0.2088 1
0.2089 0
0.209 2
0.2091 0
0.2092 2
0.2093 4
0.2094 0
0.2095 0
0.2096 1
0.2097 0
0.2098 1
0.2099 0
0.21 0
0.2101 1
0.2102 1
0.2103 0
0.2104 0
0.2105 0
0.2106 0
0.2107 1
0.2108 0
0.2109 0
0.211 1
0.2111 0
0.2112 0
0.2113 0
0.2114 0
0.2115 0
0.2116 0
0.2117 1
0.2118 0
0.2119 0
0.212 0
0.2121 0
0.2122 0
0.2123 0
0.2124 0
0.2125 2
0.2126 0
0.2127 0
0.2128 0
0.2129 1
0.213 0
0.2131 0
0.2132 0
0.2133 0
0.2134 0
0.2135 0
0.2136 2
0.2137 1
0.2138 0
0.2139 2
0.214 0
0.2141 0
0.2142 2
0.2143 0
0.2144 1
0.2145 1
0.2146 1
0.2147 0
0.2148 3
0.2149 2
0.215 1
0.2151 0
0.2152 0
0.2153 0
0.2154 0
0.2155 0
0.2156 1
0.2157 1
0.2158 1
0.2159 1
0.216 0
0.2161 2
0.2162 0
0.2163 0
0.2164 0
0.2165 0
0.2166 1
0.2167 1
0.2168 0
0.2169 1
0.217 1
0.2171 2
0.2172 0
0.2173 0
0.2174 0
0.2175 0
0.2176 1
0.2177 3
0.2178 2
0.2179 1
0.218 3
0.2181 0
0.2182 1
0.2183 2
0.2184 2
0.2185 0
0.2186 1
0.2187 1
0.2188 1
0.2189 0
0.219 0
0.2191 1
0.2192 1
0.2193 0
0.2194 2
0.2195 1
0.2196 2
0.2197 0
0.2198 0
0.2199 1
0.22 0
0.2201 0
0.2202 1
0.2203 2
0.2204 0
0.2205 0
0.2206 0
0.2207 1
0.2208 0
0.2209 0
0.221 1
0.2211 2
0.2212 3
0.2213 2
0.2214 3
0.2215 3
0.2216 0
0.2217 1
0.2218 0
0.2219 2
0.222 0
0.2221 0
0.2222 1
0.2223 1
0.2224 1
0.2225 1
0.2226 4
0.2227 0
0.2228 3
0.2229 1
0.223 0
0.2231 1
0.2232 0
0.2233 0
0.2234 0
0.2235 0
0.2236 0
0.2237 1
0.2238 2
0.2239 0
0.224 0
0.2241 1
0.2242 0
0.2243 0
0.2244 1
0.2245 0
0.2246 3
0.2247 1
0.2248 0
0.2249 2
0.225 0
0.2251 3
0.2252 2
0.2253 1
0.2254 2
0.2255 0
0.2256 1
0.2257 0
0.2258 0
0.2259 0
0.226 0
0.2261 1
0.2262 0
0.2263 0
0.2264 0
0.2265 0
0.2266 0
0.2267 0
0.2268 0
0.2269 0
0.227 2
0.2271 0
0.2272 2
0.2273 0
0.2274 0
0.2275 0
0.2276 3
0.2277 1
0.2278 3
0.2279 1
0.228 1
0.2281 2
0.2282 3
0.2283 3
0.2284 2
0.2285 1
0.2286 0
0.2287 1
0.2288 2
0.2289 5
0.229 0
0.2291 3
0.2292 0
0.2293 3
0.2294 3
0.2295 2
0.2296 1
0.2297 4
0.2298 2
0.2299 3
0.23 2
0.2301 3
0.2302 2
0.2303 2
0.2304 2
0.2305 1
0.2306 0
0.2307 2
0.2308 6
0.2309 4
0.231 1
0.2311 3
0.2312 2
0.2313 2
0.2314 1
0.2315 0
0.2316 2
0.2317 2
0.2318 0
0.2319 2
0.232 1
0.2321 1
0.2322 4
0.2323 5
0.2324 1
0.2325 6
0.2326 0
0.2327 2
0.2328 3
0.2329 1
0.233 1
0.2331 3
0.2332 2
0.2333 2
0.2334 0
0.2335 2
0.2336 3
0.2337 1
0.2338 1
0.2339 1
0.234 2
0.2341 3
0.2342 6
0.2343 0
0.2344 1
0.2345 0
0.2346 2
0.2347 3
0.2348 2
0.2349 1
0.235 1
0.2351 1
0.2352 2
0.2353 0
0.2354 1
0.2355 1
0.2356 1
0.2357 4
0.2358 10
0.2359 6
0.236 5
0.2361 8
0.2362 5
0.2363 5
0.2364 8
0.2365 11
0.2366 7
0.2367 12
0.2368 12
0.2369 5
0.237 8
0.2371 3
0.2372 3
0.2373 5
0.2374 7
0.2375 3
0.2376 3
0.2377 5
0.2378 4
0.2379 2
0.238 4
0.2381 3
0.2382 2
0.2383 4
0.2384 2
0.2385 5
0.2386 9
0.2387 4
0.2388 4
0.2389 5
0.239 4
0.2391 2
0.2392 6
0.2393 2
0.2394 4
0.2395 2
0.2396 2
0.2397 2
0.2398 3
0.2399 1
0.24 2
0.2401 1
0.2402 1
0.2403 1
0.2404 0
0.2405 3
0.2406 2
0.2407 2
0.2408 1
0.2409 4
0.241 4
0.2411 3
0.2412 2
0.2413 4
0.2414 4
0.2415 6
0.2416 11
0.2417 8
0.2418 4
0.2419 5
0.242 7
0.2421 4
0.2422 6
0.2423 5
0.2424 3
0.2425 3
0.2426 6
0.2427 2
0.2428 2
0.2429 4
0.243 6
0.2431 1
0.2432 4
0.2433 5
0.2434 5
0.2435 3
0.2436 1
0.2437 2
0.2438 3
0.2439 0
0.244 0
0.2441 1
0.2442 0
0.2443 2
0.2444 1
0.2445 4
0.2446 2
0.2447 2
0.2448 2
0.2449 1
0.245 0
0.2451 2
0.2452 3
0.2453 3
0.2454 2
0.2455 1
0.2456 2
0.2457 3
0.2458 1
0.2459 0
0.246 0
0.2461 3
0.2462 4
0.2463 2
0.2464 2
0.2465 1
0.2466 2
0.2467 1
0.2468 3
0.2469 2
0.247 2
0.2471 2
0.2472 2
0.2473 0
0.2474 4
0.2475 0
0.2476 0
0.2477 2
0.2478 2
0.2479 4
0.248 3
0.2481 2
0.2482 3
0.2483 2
0.2484 1
0.2485 2
0.2486 3
0.2487 2
0.2488 1
0.2489 3
0.249 5
0.2491 2
0.2492 1
0.2493 2
0.2494 4
0.2495 2
0.2496 4
0.2497 2
0.2498 4
0.2499 2
0.25 2
