0 0
0.0001 0
0.0002 0
0.0003 0
0.0004 0
0.0005 1
0.0006 1
0.0007 1
0.0008 1
0.0009 1
0.001 1
0.0011 1
0.0012 1
0.0013 1
0.0014 1
0.0015 1
0.0016 1
0.0017 1
0.0018 1
0.0019 1
0.002 1
0.0021 1
0.0022 1
0.0023 1
0.0024 1
0.0025 1
0.0026 1
0.0027 1
0.0028 1
0.0029 1
0.003 1
0.0031 1
0.0032 1
0.0033 1
0.0034 1
0.0035 1
0.0036 1
0.0037 1
0.0038 1
0.0039 2
0.004 2
0.0041 4
0.0042 4
0.0043 4
0.0044 5
0.0045 5
0.0046 4
0.0047 4
0.0048 4
0.0049 3
0.005 3
0.0051 1
0.0052 1
0.0053 1
0.0054 1
0.0055 1
0.0056 1
0.0057 1
0.0058 2
0.0059 2
0.006 2
0.0061 2
0.0062 2
0.0063 2
0.0064 2
0.0065 1
0.0066 2
0.0067 1
0.0068 1
0.0069 1
0.007 1
0.0071 1
0.0072 1
0.0073 1
0.0074 2
0.0075 2
0.0076 1
0.0077 1
0.0078 1
0.0079 1
0.008 1
0.0081 1
0.0082 1
0.0083 1
0.0084 1
0.0085 1
0.0086 1
0.0087 1
0.0088 1
0.0089 1
0.009 1
0.0091 1
0.0092 1
0.0093 1
0.0094 1
0.0095 1
0.0096 1
0.0097 1
0.0098 1
0.0099 1
0.01 1
0.0101 1
0.0102 1
0.0103 1
0.0104 1
0.0105 3
0.0106 3
0.0107 3
0.0108 2
0.0109 2
0.011 2
0.0111 3
0.0112 3
0.0113 3
0.0114 4
0.0115 4
0.0116 2
0.0117 3
0.0118 3
0.0119 3
0.012 4
0.0121 4
0.0122 4
0.0123 3
0.0124 4
0.0125 4
0.0126 4
0.0127 5
0.0128 5
0.0129 5
0.013 5
0.0131 5
0.0132 5
0.0133 5
0.0134 5
0.0135 5
0.0136 5
0.0137 5
0.0138 6
0.0139 7
0.014 5
0.0141 4
0.0142 4
0.0143 6
0.0144 7
0.0145 7
0.0146 7
0.0147 6
0.0148 7
0.0149 6
0.015 6
0.0151 6
0.0152 6
0.0153 6
0.0154 7
0.0155 6
0.0156 6
0.0157 6
0.0158 7
0.0159 8
0.016 7
0.0161 7
0.0162 6
0.0163 5
0.0164 3
0.0165 3
0.0166 3
0.0167 3
0.0168 3
0.0169 3
0.017 3
0.0171 3
0.0172 3
0.0173 3
0.0174 3
0.0175 2
0.0176 2
0.0177 2
0.0178 3
0.0179 4
0.018 4
0.0181 4
0.0182 4
0.0183 4
0.0184 4
0.0185 3
0.0186 3
0.0187 3
0.0188 3
0.0189 3
0.019 3
0.0191 3
0.0192 4
0.0193 4
0.0194 5
0.0195 5
0.0196 3
0.0197 3
0.0198 4
0.0199 4
0.02 5
0.0201 5
0.0202 4
0.0203 4
0.0204 4
0.0205 5
0.0206 4
0.0207 5
0.0208 4
0.0209 4
0.021 4
0.0211 4
0.0212 5
0.0213 3
0.0214 3
0.0215 3
0.0216 3
0.0217 3
0.0218 2
0.0219 1
0.022 1
0.0221 1
0.0222 2
0.0223 2
0.0224 2
0.0225 2
0.0226 2
0.0227 2
0.0228 2
0.0229 2
0.023 2
0.0231 2
0.0232 2
0.0233 2
0.0234 2
0.0235 2
0.0236 2
0.0237 1
0.0238 1
0.0239 0
0.024 1
0.0241 1
0.0242 1
0.0243 1
0.0244 1
0.0245 2
0.0246 2
0.0247 2
0.0248 2
0.0249 2
0.025 2
0.0251 3
0.0252 3
0.0253 3
0.0254 3
0.0255 3
0.0256 4
0.0257 5
0.0258 5
0.0259 5
0.026 8
0.0261 7
0.0262 6
0.0263 6
0.0264 6
0.0265 7
0.0266 7
0.0267 6
0.0268 6
0.0269 8
0.027 9
0.0271 9
0.0272 9
0.0273 9
0.0274 10
0.0275 9
0.0276 8
0.0277 8
0.0278 8
0.0279 8
0.028 7
0.0281 6
0.0282 6
0.0283 6
0.0284 5
0.0285 5
0.0286 5
0.0287 5
0.0288 5
0.0289 4
0.029 5
0.0291 5
0.0292 5
0.0293 5
0.0294 5
0.0295 4
0.0296 4
0.0297 4
0.0298 4
0.0299 4
0.03 4
0.0301 4
0.0302 4
0.0303 4
0.0304 5
0.0305 5
0.0306 5
0.0307 7
0.0308 7
0.0309 7
0.031 7
0.0311 7
0.0312 7
0.0313 6
0.0314 4
0.0315 4
0.0316 4
0.0317 4
0.0318 5
0.0319 4
0.032 3
0.0321 3
0.0322 3
0.0323 3
0.0324 3
0.0325 3
0.0326 3
0.0327 3
0.0328 3
0.0329 3
0.033 3
0.0331 4
0.0332 5
0.0333 5
0.0334 5
0.0335 5
0.0336 4
0.0337 4
0.0338 4
0.0339 4
0.034 3
0.0341 3
0.0342 2
0.0343 3
0.0344 2
0.0345 1
0.0346 2
0.0347 2
0.0348 2
0.0349 2
0.035 3
0.0351 3
0.0352 4
0.0353 3
0.0354 3
0.0355 4
0.0356 4
0.0357 4
0.0358 3
0.0359 3
0.036 3
0.0361 2
0.0362 2
0.0363 1
0.0364 1
0.0365 1
0.0366 1
0.0367 1
0.0368 2
0.0369 2
0.037 2
0.0371 3
0.0372 3
0.0373 3
0.0374 4
0.0375 5
0.0376 5
0.0377 5
0.0378 5
0.0379 5
0.038 5
0.0381 5
0.0382 5
0.0383 5
0.0384 5
0.0385 5
0.0386 5
0.0387 6
0.0388 6
0.0389 6
0.039 7
0.0391 7
0.0392 7
0.0393 8
0.0394 8
0.0395 7
0.0396 7
0.0397 8
0.0398 8
0.0399 7
0.04 8
0.0401 6
0.0402 5
0.0403 5
0.0404 5
0.0405 5
0.0406 5
0.0407 5
0.0408 5
0.0409 4
0.041 5
0.0411 5
0.0412 5
0.0413 5
0.0414 5
0.0415 5
0.0416 4
0.0417 3
0.0418 3
0.0419 4
0.042 4
0.0421 4
0.0422 4
0.0423 3
0.0424 3
0.0425 3
0.0426 4
0.0427 4
0.0428 4
0.0429 4
0.043 5
0.0431 4
0.0432 4
0.0433 4
0.0434 4
0.0435 4
0.0436 3
0.0437 3
0.0438 4
0.0439 4
0.044 3
0.0441 3
0.0442 3
0.0443 3
0.0444 2
0.0445 2
0.0446 2
0.0447 2
0.0448 2
0.0449 2
0.045 2
0.0451 3
0.0452 3
0.0453 3
0.0454 5
0.0455 4
0.0456 4
0.0457 5
0.0458 6
0.0459 6
0.046 6
0.0461 7
0.0462 7
0.0463 7
0.0464 7
0.0465 5
0.0466 5
0.0467 5
0.0468 5
0.0469 6
0.047 6
0.0471 6
0.0472 6
0.0473 7
0.0474 8
0.0475 9
0.0476 8
0.0477 10
0.0478 8
0.0479 8
0.048 8
0.0481 5
0.0482 3
0.0483 3
0.0484 3
0.0485 3
0.0486 2
0.0487 3
0.0488 3
0.0489 4
0.049 3
0.0491 4
0.0492 4
0.0493 5
0.0494 5
0.0495 5
0.0496 5
0.0497 5
0.0498 6
0.0499 6
0.05 6
0.0501 6
0.0502 6
0.0503 7
0.0504 7
0.0505 7
0.0506 7
0.0507 7
0.0508 8
0.0509 7
0.051 7
0.0511 6
0.0512 5
0.0513 6
0.0514 6
0.0515 6
0.0516 6
0.0517 6
0.0518 6
0.0519 6
0.052 5
0.0521 4
0.0522 4
0.0523 4
0.0524 4
0.0525 4
0.0526 4
0.0527 4
0.0528 4
0.0529 5
0.053 5
0.0531 5
0.0532 5
0.0533 5
0.0534 3
0.0535 3
0.0536 3
0.0537 3
0.0538 3
0.0539 4
0.054 5
0.0541 4
0.0542 4
0.0543 4
0.0544 4
0.0545 3
0.0546 4
0.0547 3
0.0548 3
0.0549 3
0.055 4
0.0551 4
0.0552 4
0.0553 4
0.0554 4
0.0555 4
0.0556 4
0.0557 4
0.0558 4
0.0559 4
0.056 4
0.0561 5
0.0562 5
0.0563 5
0.0564 5
0.0565 4
0.0566 4
0.0567 4
0.0568 4
0.0569 4
0.057 4
0.0571 4
0.0572 3
0.0573 3
0.0574 3
0.0575 4
0.0576 4
0.0577 4
0.0578 4
0.0579 4
0.058 4
0.0581 4
0.0582 4
0.0583 4
0.0584 5
0.0585 3
0.0586 3
0.0587 3
0.0588 3
0.0589 3
0.059 4
0.0591 4
0.0592 4
0.0593 5
0.0594 4
0.0595 4
0.0596 4
0.0597 4
0.0598 4
0.0599 5
0.06 5
0.0601 5
0.0602 4
0.0603 4
0.0604 4
0.0605 4
0.0606 4
0.0607 4
0.0608 4
0.0609 4
0.061 4
0.0611 4
0.0612 4
0.0613 4
0.0614 4
0.0615 5
0.0616 5
0.0617 5
0.0618 5
0.0619 6
0.062 6
0.0621 6
0.0622 6
0.0623 6
0.0624 6
0.0625 6
0.0626 6
0.0627 6
0.0628 6
0.0629 6
0.063 5
0.0631 5
0.0632 5
0.0633 5
0.0634 5
0.0635 5
0.0636 5
0.0637 4
0.0638 4
0.0639 4
0.064 4
0.0641 4
0.0642 4
0.0643 4
0.0644 4
0.0645 4
0.0646 5
0.0647 4
0.0648 4
0.0649 4
0.065 4
0.0651 4
0.0652 5
0.0653 5
0.0654 5
0.0655 5
0.0656 5
0.0657 5
0.0658 5
0.0659 5
0.066 5
0.0661 6
0.0662 6
0.0663 6
0.0664 6
0.0665 6
0.0666 6
0.0667 6
0.0668 7
0.0669 7
0.067 8
0.0671 8
0.0672 8
0.0673 7
0.0674 7
0.0675 7
0.0676 7
0.0677 6
0.0678 6
0.0679 6
0.068 6
0.0681 7
0.0682 7
0.0683 9
0.0684 8
0.0685 8
0.0686 7
0.0687 7
0.0688 7
0.0689 7
0.069 6
0.0691 5
0.0692 5
0.0693 5
0.0694 5
0.0695 4
0.0696 4
0.0697 4
0.0698 4
0.0699 4
0.07 4
0.0701 4
0.0702 4
0.0703 4
0.0704 5
0.0705 5
0.0706 5
0.0707 6
0.0708 6
0.0709 7
0.071 7
0.0711 7
0.0712 7
0.0713 7
0.0714 7
0.0715 7
0.0716 7
0.0717 6
0.0718 6
0.0719 6
0.072 6
0.0721 6
0.0722 7
0.0723 7
0.0724 6
0.0725 6
0.0726 7
0.0727 5
0.0728 5
0.0729 5
0.073 5
0.0731 5
0.0732 4
0.0733 4
0.0734 4
0.0735 4
0.0736 3
0.0737 3
0.0738 3
0.0739 4
0.074 3
0.0741 3
0.0742 3
0.0743 3
0.0744 3
0.0745 3
0.0746 3
0.0747 3
0.0748 4
0.0749 4
0.075 4
0.0751 3
0.0752 3
0.0753 3
0.0754 3
0.0755 3
0.0756 3
0.0757 3
0.0758 3
0.0759 4
0.076 3
0.0761 3
0.0762 4
0.0763 4
0.0764 4
0.0765 4
0.0766 5
0.0767 4
0.0768 4
0.0769 5
0.077 5
0.0771 5
0.0772 4
0.0773 4
0.0774 4
0.0775 3
0.0776 3
0.0777 2
0.0778 2
0.0779 2
0.078 2
0.0781 2
0.0782 2
0.0783 3
0.0784 3
0.0785 2
0.0786 2
0.0787 2
0.0788 2
0.0789 1
0.079 0
0.0791 0
0.0792 0
0.0793 0
0.0794 0
0.0795 0
0.0796 0
0.0797 0
0.0798 0
0.0799 1
0.08 1
0.0801 2
0.0802 2
0.0803 2
0.0804 2
0.0805 2
0.0806 3
0.0807 3
0.0808 4
0.0809 4
0.081 4
0.0811 4
0.0812 4
0.0813 3
0.0814 3
0.0815 2
0.0816 2
0.0817 2
0.0818 2
0.0819 2
0.082 2
0.0821 2
0.0822 2
0.0823 2
0.0824 3
0.0825 3
0.0826 3
0.0827 3
0.0828 3
0.0829 3
0.083 3
0.0831 3
0.0832 3
0.0833 3
0.0834 4
0.0835 5
0.0836 5
0.0837 5
0.0838 5
0.0839 5
0.084 7
0.0841 7
0.0842 7
0.0843 7
0.0844 6
0.0845 6
0.0846 6
0.0847 5
0.0848 5
0.0849 5
0.085 5
0.0851 5
0.0852 5
0.0853 5
0.0854 5
0.0855 5
0.0856 5
0.0857 5
0.0858 5
0.0859 5
0.086 5
0.0861 5
0.0862 5
0.0863 5
0.0864 5
0.0865 4
0.0866 4
0.0867 4
0.0868 4
0.0869 4
0.087 3
0.0871 3
0.0872 3
0.0873 3
0.0874 3
0.0875 5
0.0876 5
0.0877 6
0.0878 4
0.0879 4
0.088 4
0.0881 5
0.0882 3
0.0883 3
0.0884 3
0.0885 3
0.0886 3
0.0887 2
0.0888 2
0.0889 2
0.089 2
0.0891 2
0.0892 2
0.0893 2
0.0894 2
0.0895 2
0.0896 2
0.0897 2
0.0898 2
0.0899 2
0.09 3
0.0901 3
0.0902 3
0.0903 2
0.0904 2
0.0905 2
0.0906 2
0.0907 3
0.0908 3
0.0909 4
0.091 4
0.0911 3
0.0912 3
0.0913 4
0.0914 4
0.0915 4
0.0916 4
0.0917 5
0.0918 5
0.0919 5
0.092 4
0.0921 4
0.0922 4
0.0923 5
0.0924 4
0.0925 5
0.0926 4
0.0927 4
0.0928 4
0.0929 3
0.093 3
0.0931 3
0.0932 3
0.0933 3
0.0934 3
0.0935 2
0.0936 2
0.0937 3
0.0938 3
0.0939 3
0.094 3
0.0941 3
0.0942 2
0.0943 3
0.0944 3
0.0945 3
0.0946 3
0.0947 2
0.0948 2
0.0949 2
0.095 2
0.0951 2
0.0952 2
0.0953 3
0.0954 3
0.0955 3
0.0956 3
0.0957 3
0.0958 3
0.0959 3
0.096 3
0.0961 3
0.0962 3
0.0963 4
0.0964 4
0.0965 4
0.0966 6
0.0967 5
0.0968 5
0.0969 5
0.097 5
0.0971 5
0.0972 4
0.0973 3
0.0974 3
0.0975 3
0.0976 3
0.0977 4
0.0978 3
0.0979 3
0.098 3
0.0981 3
0.0982 2
0.0983 2
0.0984 2
0.0985 2
0.0986 2
0.0987 2
0.0988 2
0.0989 1
0.099 1
0.0991 1
0.0992 1
0.0993 1
0.0994 1
0.0995 1
0.0996 2
0.0997 2
0.0998 2
0.0999 2
0.1 2
