0 0
0.0001 4
0.0002 10
0.0003 27
0.0004 37
0.0005 52
0.0006 64
0.0007 82
0.0008 136
0.0009 169
0.001 209
0.0011 238
0.0012 264
0.0013 291
0.0014 322
0.0015 359
0.0016 397
0.0017 433
0.0018 467
0.0019 500
0.002 525
0.0021 569
0.0022 595
0.0023 639
0.0024 678
0.0025 723
0.0026 753
0.0027 798
0.0028 841
0.0029 894
0.003 920
0.0031 931
0.0032 955
0.0033 984
0.0034 1003
0.0035 1010
0.0036 1038
0.0037 1077
0.0038 1099
0.0039 1125
0.004 1150
0.0041 1184
0.0042 1194
0.0043 1231
0.0044 1274
0.0045 1298
0.0046 1324
0.0047 1379
0.0048 1429
0.0049 1465
0.005 1475
0.0051 1462
0.0052 1472
0.0053 1504
0.0054 1513
0.0055 1512
0.0056 1517
0.0057 1534
0.0058 1541
0.0059 1542
0.006 1552
0.0061 1566
0.0062 1606
0.0063 1640
0.0064 1670
0.0065 1703
0.0066 1730
0.0067 1744
0.0068 1774
0.0069 1796
0.007 1800
0.0071 1799
0.0072 1806
0.0073 1802
0.0074 1795
0.0075 1809
0.0076 1839
0.0077 1848
0.0078 1846
0.0079 1847
0.008 1869
0.0081 1871
0.0082 1878
0.0083 1879
0.0084 1890
0.0085 1893
0.0086 1899
0.0087 1893
0.0088 1906
0.0089 1899
0.009 1899
0.0091 1886
0.0092 1886
0.0093 1898
0.0094 1919
0.0095 1915
0.0096 1930
0.0097 1924
0.0098 1944
0.0099 1936
0.01 1916
0.0101 1932
0.0102 1940
0.0103 1937
0.0104 1922
0.0105 1922
0.0106 1932
0.0107 1937
0.0108 1963
0.0109 1959
0.011 1958
0.0111 1971
0.0112 1976
0.0113 1984
0.0114 1971
0.0115 1969
0.0116 1974
0.0117 1985
0.0118 1978
0.0119 1950
0.012 1944
0.0121 1928
0.0122 1899
0.0123 1893
0.0124 1879
0.0125 1860
0.0126 1857
0.0127 1851
0.0128 1854
0.0129 1837
0.013 1811
0.0131 1788
0.0132 1772
0.0133 1759
0.0134 1760
0.0135 1739
0.0136 1733
0.0137 1735
0.0138 1746
0.0139 1730
0.014 1738
0.0141 1749
0.0142 1764
0.0143 1780
0.0144 1774
0.0145 1778
0.0146 1796
0.0147 1809
0.0148 1830
0.0149 1819
0.015 1839
0.0151 1848
0.0152 1837
0.0153 1825
0.0154 1836
0.0155 1870
0.0156 1858
0.0157 1851
0.0158 1837
0.0159 1823
0.016 1789
0.0161 1779
0.0162 1756
0.0163 1750
0.0164 1745
0.0165 1734
0.0166 1700
0.0167 1666
0.0168 1648
0.0169 1632
0.017 1620
0.0171 1615
0.0172 1610
0.0173 1607
0.0174 1595
0.0175 1585
0.0176 1567
0.0177 1576
0.0178 1582
0.0179 1572
0.018 1559
0.0181 1543
0.0182 1527
0.0183 1543
0.0184 1518
0.0185 1497
0.0186 1470
0.0187 1440
0.0188 1413
0.0189 1385
0.019 1331
0.0191 1313
0.0192 1298
0.0193 1287
0.0194 1278
0.0195 1276
0.0196 1265
0.0197 1272
0.0198 1261
0.0199 1268
0.02 1239
0.0201 1205
0.0202 1204
0.0203 1188
0.0204 1183
0.0205 1180
0.0206 1183
0.0207 1162
0.0208 1148
0.0209 1136
0.021 1126
0.0211 1100
0.0212 1081
0.0213 1062
0.0214 1036
0.0215 1021
0.0216 992
0.0217 957
0.0218 954
0.0219 947
0.022 930
0.0221 940
0.0222 937
0.0223 944
0.0224 897
0.0225 881
0.0226 846
0.0227 830
0.0228 798
0.0229 785
0.023 776
0.0231 769
0.0232 753
0.0233 740
0.0234 745
0.0235 742
0.0236 738
0.0237 719
0.0238 719
0.0239 716
0.024 706
0.0241 693
0.0242 683
0.0243 672
0.0244 671
0.0245 660
0.0246 630
0.0247 615
0.0248 586
0.0249 555
0.025 533
0.0251 509
0.0252 504
0.0253 495
0.0254 494
0.0255 478
0.0256 476
0.0257 466
0.0258 434
0.0259 412
0.026 403
0.0261 385
0.0262 362
0.0263 338
0.0264 326
0.0265 327
0.0266 322
0.0267 313
0.0268 310
0.0269 307
0.027 307
0.0271 305
0.0272 299
0.0273 321
0.0274 309
0.0275 295
0.0276 294
0.0277 270
0.0278 259
0.0279 252
0.028 239
0.0281 231
0.0282 199
0.0283 175
0.0284 147
0.0285 108
0.0286 90
0.0287 84
0.0288 91
0.0289 87
0.029 82
0.0291 74
0.0292 65
0.0293 57
0.0294 63
0.0295 46
0.0296 30
0.0297 15
0.0298 11
0.0299 9
0.03 7
0.0301 6
0.0302 7
0.0303 4
0.0304 4
0.0305 8
0.0306 6
0.0307 6
0.0308 5
0.0309 4
0.031 3
0.0311 0
0.0312 1
0.0313 0
0.0314 0
0.0315 2
0.0316 0
0.0317 3
0.0318 1
0.0319 2
0.032 0
0.0321 0
0.0322 0
0.0323 0
0.0324 0
0.0325 0
0.0326 0
0.0327 3
0.0328 2
0.0329 1
0.033 4
0.0331 4
0.0332 1
0.0333 3
0.0334 0
0.0335 4
0.0336 1
0.0337 2
0.0338 1
0.0339 0
0.034 0
0.0341 0
0.0342 4
0.0343 1
0.0344 0
0.0345 0
0.0346 0
0.0347 1
0.0348 0
0.0349 0
0.035 0
0.0351 1
0.0352 0
0.0353 1
0.0354 3
0.0355 3
0.0356 0
0.0357 2
0.0358 1
0.0359 3
0.036 1
0.0361 3
0.0362 1
0.0363 0
0.0364 0
0.0365 0
0.0366 1
0.0367 1
0.0368 0
0.0369 0
0.037 0
0.0371 0
0.0372 0
0.0373 1
0.0374 0
0.0375 2
0.0376 1
0.0377 1
0.0378 1
0.0379 2
0.038 5
0.0381 0
0.0382 0
0.0383 0
0.0384 2
0.0385 0
0.0386 2
0.0387 0
0.0388 0
0.0389 1
0.039 0
0.0391 0
0.0392 0
0.0393 0
0.0394 2
0.0395 0
0.0396 1
0.0397 1
0.0398 3
0.0399 3
0.04 3
0.0401 0
0.0402 4
0.0403 5
0.0404 0
0.0405 3
0.0406 0
0.0407 2
0.0408 3
0.0409 0
0.041 1
0.0411 0
0.0412 0
0.0413 2
0.0414 2
0.0415 3
0.0416 0
0.0417 2
0.0418 1
0.0419 0
0.042 1
0.0421 0
0.0422 1
0.0423 0
0.0424 0
0.0425 0
0.0426 0
0.0427 1
0.0428 1
0.0429 0
0.043 1
0.0431 4
0.0432 5
0.0433 9
0.0434 3
0.0435 4
0.0436 6
0.0437 3
0.0438 3
0.0439 1
0.044 6
0.0441 6
0.0442 3
0.0443 2
0.0444 2
0.0445 8
0.0446 9
0.0447 17
0.0448 14
0.0449 14
0.045 19
0.0451 14
0.0452 23
0.0453 14
0.0454 23
0.0455 21
0.0456 16
0.0457 13
0.0458 5
0.0459 3
0.046 4
0.0461 6
0.0462 6
0.0463 7
0.0464 4
0.0465 5
0.0466 5
0.0467 2
0.0468 2
0.0469 1
0.047 2
0.0471 2
0.0472 2
0.0473 0
0.0474 1
0.0475 0
0.0476 0
0.0477 1
0.0478 2
0.0479 2
0.048 1
0.0481 0
0.0482 3
0.0483 1
0.0484 0
0.0485 1
0.0486 0
0.0487 0
0.0488 0
0.0489 0
0.049 0
0.0491 1
0.0492 0
0.0493 0
0.0494 0
0.0495 0
0.0496 0
0.0497 0
0.0498 2
0.0499 0
0.05 0
0.0501 2
0.0502 8
0.0503 12
0.0504 10
0.0505 12
0.0506 15
0.0507 9
0.0508 5
0.0509 7
0.051 6
0.0511 4
0.0512 2
0.0513 5
0.0514 2
0.0515 1
0.0516 2
0.0517 0
0.0518 0
0.0519 1
0.052 4
0.0521 4
0.0522 8
0.0523 7
0.0524 2
0.0525 1
0.0526 5
0.0527 3
0.0528 6
0.0529 4
0.053 5
0.0531 3
0.0532 3
0.0533 3
0.0534 5
0.0535 1
0.0536 4
0.0537 4
0.0538 4
0.0539 6
0.054 15
0.0541 17
0.0542 26
0.0543 30
0.0544 38
0.0545 32
0.0546 35
0.0547 42
0.0548 33
0.0549 33
0.055 31
0.0551 26
0.0552 14
0.0553 17
0.0554 15
0.0555 22
0.0556 19
0.0557 20
0.0558 21
0.0559 29
0.056 34
0.0561 35
0.0562 40
0.0563 51
0.0564 53
0.0565 54
0.0566 65
0.0567 64
0.0568 72
0.0569 77
0.057 82
0.0571 96
0.0572 109
0.0573 114
0.0574 119
0.0575 121
0.0576 112
0.0577 91
0.0578 76
0.0579 84
0.058 105
0.0581 122
0.0582 150
0.0583 154
0.0584 151
0.0585 168
0.0586 171
0.0587 184
0.0588 193
0.0589 207
0.059 204
0.0591 194
0.0592 198
0.0593 203
0.0594 224
0.0595 241
0.0596 269
0.0597 277
0.0598 310
0.0599 328
0.06 357
0.0601 371
0.0602 399
0.0603 408
0.0604 426
0.0605 427
0.0606 446
0.0607 470
0.0608 471
0.0609 492
0.061 507
0.0611 529
0.0612 561
0.0613 594
0.0614 600
0.0615 616
0.0616 666
0.0617 712
0.0618 738
0.0619 743
0.062 765
0.0621 774
0.0622 793
0.0623 796
0.0624 799
0.0625 788
0.0626 800
0.0627 801
0.0628 798
0.0629 824
0.063 863
0.0631 879
0.0632 876
0.0633 890
0.0634 882
0.0635 907
0.0636 898
0.0637 873
0.0638 859
0.0639 863
0.064 852
0.0641 838
0.0642 814
0.0643 803
0.0644 783
0.0645 769
0.0646 766
0.0647 741
0.0648 726
0.0649 715
0.065 716
0.0651 704
0.0652 704
0.0653 696
0.0654 686
0.0655 706
0.0656 712
0.0657 720
0.0658 733
0.0659 731
0.066 725
0.0661 730
0.0662 732
0.0663 719
0.0664 719
0.0665 705
0.0666 706
0.0667 704
0.0668 672
0.0669 661
0.067 654
0.0671 648
0.0672 637
0.0673 661
0.0674 665
0.0675 654
0.0676 653
0.0677 664
0.0678 664
0.0679 644
0.068 625
0.0681 652
0.0682 647
0.0683 637
0.0684 638
0.0685 646
0.0686 665
0.0687 657
0.0688 667
0.0689 657
0.069 652
0.0691 654
0.0692 658
0.0693 670
0.0694 676
0.0695 684
0.0696 677
0.0697 673
0.0698 685
0.0699 687
0.07 680
0.0701 676
0.0702 682
0.0703 678
0.0704 687
0.0705 695
0.0706 699
0.0707 716
0.0708 737
0.0709 740
0.071 733
0.0711 722
0.0712 728
0.0713 723
0.0714 720
0.0715 711
0.0716 712
0.0717 723
0.0718 703
0.0719 706
0.072 706
0.0721 680
0.0722 680
0.0723 672
0.0724 694
0.0725 681
0.0726 651
0.0727 655
0.0728 645
0.0729 628
0.073 620
0.0731 604
0.0732 591
0.0733 570
0.0734 568
0.0735 569
0.0736 555
0.0737 552
0.0738 534
0.0739 510
0.074 492
0.0741 466
0.0742 439
0.0743 418
0.0744 414
0.0745 406
0.0746 389
0.0747 393
0.0748 389
0.0749 385
0.075 380
0.0751 391
0.0752 396
0.0753 395
0.0754 381
0.0755 384
0.0756 367
0.0757 338
0.0758 313
0.0759 304
0.076 284
0.0761 236
0.0762 210
0.0763 192
0.0764 160
0.0765 127
0.0766 97
0.0767 78
0.0768 75
0.0769 50
0.077 46
0.0771 52
0.0772 39
0.0773 39
0.0774 24
0.0775 11
0.0776 7
0.0777 6
0.0778 6
0.0779 3
0.078 3
0.0781 1
0.0782 1
0.0783 2
0.0784 5
0.0785 4
0.0786 3
0.0787 4
0.0788 7
0.0789 4
0.079 2
0.0791 3
0.0792 1
0.0793 3
0.0794 0
0.0795 1
0.0796 2
0.0797 0
0.0798 4
0.0799 4
0.08 1
0.0801 0
0.0802 3
0.0803 1
0.0804 1
0.0805 1
0.0806 2
0.0807 3
0.0808 4
0.0809 3
0.081 2
0.0811 2
0.0812 0
0.0813 0
0.0814 0
0.0815 0
0.0816 0
0.0817 0
0.0818 0
0.0819 0
0.082 0
0.0821 0
0.0822 0
0.0823 2
0.0824 2
0.0825 0
0.0826 0
0.0827 1
0.0828 2
0.0829 0
0.083 1
0.0831 1
0.0832 1
0.0833 1
0.0834 7
0.0835 4
0.0836 1
0.0837 1
0.0838 4
0.0839 6
0.084 5
0.0841 2
0.0842 0
0.0843 4
0.0844 4
0.0845 2
0.0846 0
0.0847 2
0.0848 2
0.0849 2
0.085 0
0.0851 0
0.0852 0
0.0853 2
0.0854 4
0.0855 2
0.0856 3
0.0857 2
0.0858 3
0.0859 1
0.086 8
0.0861 8
0.0862 3
0.0863 7
0.0864 3
0.0865 4
0.0866 1
0.0867 5
0.0868 2
0.0869 4
0.087 6
0.0871 5
0.0872 8
0.0873 10
0.0874 7
0.0875 3
0.0876 2
0.0877 3
0.0878 0
0.0879 1
0.088 1
0.0881 1
0.0882 2
0.0883 2
0.0884 0
0.0885 1
0.0886 3
0.0887 1
0.0888 3
0.0889 1
0.089 2
0.0891 0
0.0892 0
0.0893 0
0.0894 0
0.0895 2
0.0896 1
0.0897 3
0.0898 0
0.0899 2
0.09 4
0.0901 0
0.0902 3
0.0903 4
0.0904 6
0.0905 4
0.0906 5
0.0907 1
0.0908 2
0.0909 4
0.091 2
0.0911 4
0.0912 5
0.0913 7
0.0914 10
0.0915 13
0.0916 7
0.0917 7
0.0918 3
0.0919 4
0.092 8
0.0921 4
0.0922 2
0.0923 1
0.0924 3
0.0925 7
0.0926 4
0.0927 9
0.0928 7
0.0929 5
0.093 2
0.0931 1
0.0932 3
0.0933 4
0.0934 2
0.0935 4
0.0936 3
0.0937 5
0.0938 2
0.0939 1
0.094 1
0.0941 1
0.0942 4
0.0943 0
0.0944 2
0.0945 0
0.0946 0
0.0947 1
0.0948 0
0.0949 0
0.095 2
0.0951 0
0.0952 3
0.0953 2
0.0954 3
0.0955 0
0.0956 3
0.0957 1
0.0958 0
0.0959 1
0.096 2
0.0961 0
0.0962 1
0.0963 1
0.0964 0
0.0965 1
0.0966 5
0.0967 1
0.0968 2
0.0969 1
0.097 1
0.0971 2
0.0972 1
0.0973 4
0.0974 2
0.0975 3
0.0976 0
0.0977 0
0.0978 2
0.0979 2
0.098 1
0.0981 0
0.0982 0
0.0983 2
0.0984 1
0.0985 1
0.0986 1
0.0987 1
0.0988 1
0.0989 0
0.099 1
0.0991 5
0.0992 3
0.0993 1
0.0994 4
0.0995 0
0.0996 0
0.0997 0
0.0998 1
0.0999 3
0.1 7
0.1001 8
0.1002 2
0.1003 1
0.1004 6
0.1005 1
0.1006 3
0.1007 2
0.1008 2
0.1009 4
0.101 3
0.1011 12
0.1012 13
0.1013 18
0.1014 11
0.1015 11
0.1016 15
0.1017 10
0.1018 8
0.1019 7
0.102 6
0.1021 5
0.1022 6
0.1023 3
0.1024 4
0.1025 2
0.1026 0
0.1027 2
0.1028 1
0.1029 1
0.103 3
0.1031 2
0.1032 1
0.1033 2
0.1034 1
0.1035 3
0.1036 2
0.1037 9
0.1038 13
0.1039 20
0.104 33
0.1041 39
0.1042 49
0.1043 52
0.1044 52
0.1045 46
0.1046 34
0.1047 23
0.1048 18
0.1049 16
0.105 13
0.1051 10
0.1052 5
0.1053 3
0.1054 8
0.1055 7
0.1056 9
0.1057 9
0.1058 10
0.1059 2
0.106 3
0.1061 4
0.1062 4
0.1063 2
0.1064 2
0.1065 6
0.1066 1
0.1067 0
0.1068 0
0.1069 0
0.107 0
0.1071 3
0.1072 3
0.1073 10
0.1074 18
0.1075 29
0.1076 26
0.1077 18
0.1078 12
0.1079 12
0.108 16
0.1081 14
0.1082 28
0.1083 32
0.1084 46
0.1085 45
0.1086 76
0.1087 94
0.1088 77
0.1089 73
0.109 100
0.1091 104
0.1092 96
0.1093 85
0.1094 87
0.1095 78
0.1096 87
0.1097 68
0.1098 64
0.1099 70
0.11 68
0.1101 75
0.1102 79
0.1103 78
0.1104 56
0.1105 52
0.1106 43
0.1107 32
0.1108 32
0.1109 23
0.111 21
0.1111 14
0.1112 17
0.1113 17
0.1114 8
0.1115 9
0.1116 22
0.1117 44
0.1118 54
0.1119 92
0.112 135
0.1121 137
0.1122 170
0.1123 191
0.1124 204
0.1125 219
0.1126 242
0.1127 255
0.1128 285
0.1129 305
0.113 305
0.1131 307
0.1132 331
0.1133 362
0.1134 372
0.1135 371
0.1136 392
0.1137 407
0.1138 435
0.1139 458
0.114 481
0.1141 522
0.1142 535
0.1143 535
0.1144 522
0.1145 529
0.1146 534
0.1147 538
0.1148 534
0.1149 547
0.115 545
0.1151 526
0.1152 547
0.1153 540
0.1154 536
0.1155 559
0.1156 567
0.1157 580
0.1158 624
0.1159 647
0.116 670
0.1161 700
0.1162 716
0.1163 728
0.1164 748
0.1165 775
0.1166 775
0.1167 765
0.1168 765
0.1169 781
0.117 778
0.1171 771
0.1172 766
0.1173 753
0.1174 729
0.1175 728
0.1176 719
0.1177 708
0.1178 707
0.1179 708
0.118 706
0.1181 682
0.1182 650
0.1183 649
0.1184 644
0.1185 616
0.1186 606
0.1187 601
0.1188 610
0.1189 606
0.119 577
0.1191 574
0.1192 559
0.1193 528
0.1194 509
0.1195 504
0.1196 489
0.1197 498
0.1198 511
0.1199 488
0.12 500
0.1201 496
0.1202 516
0.1203 516
0.1204 508
0.1205 486
0.1206 486
0.1207 476
0.1208 473
0.1209 470
0.121 445
0.1211 426
0.1212 398
0.1213 378
0.1214 370
0.1215 375
0.1216 394
0.1217 389
0.1218 396
0.1219 401
0.122 423
0.1221 429
0.1222 438
0.1223 438
0.1224 448
0.1225 454
0.1226 450
0.1227 461
0.1228 456
0.1229 457
0.123 461
0.1231 455
0.1232 459
0.1233 443
0.1234 465
0.1235 475
0.1236 486
0.1237 468
0.1238 447
0.1239 411
0.124 379
0.1241 353
0.1242 306
0.1243 266
0.1244 227
0.1245 197
0.1246 173
0.1247 147
0.1248 110
0.1249 83
0.125 69
0.1251 53
0.1252 37
0.1253 31
0.1254 28
0.1255 35
0.1256 36
0.1257 29
0.1258 29
0.1259 16
0.126 14
0.1261 16
0.1262 9
0.1263 6
0.1264 9
0.1265 2
0.1266 1
0.1267 3
0.1268 1
0.1269 3
0.127 15
0.1271 10
0.1272 11
0.1273 9
0.1274 4
0.1275 2
0.1276 4
0.1277 1
0.1278 0
0.1279 2
0.128 0
0.1281 3
0.1282 3
0.1283 4
0.1284 1
0.1285 7
0.1286 2
0.1287 4
0.1288 1
0.1289 2
0.129 5
0.1291 1
0.1292 7
0.1293 8
0.1294 12
0.1295 16
0.1296 15
0.1297 12
0.1298 5
0.1299 4
0.13 3
0.1301 1
0.1302 0
0.1303 3
0.1304 2
0.1305 1
0.1306 3
0.1307 2
0.1308 4
0.1309 1
0.131 1
0.1311 0
0.1312 2
0.1313 0
0.1314 0
0.1315 1
0.1316 3
0.1317 2
0.1318 1
0.1319 0
0.132 1
0.1321 1
0.1322 0
0.1323 2
0.1324 1
0.1325 1
0.1326 1
0.1327 1
0.1328 0
0.1329 0
0.133 1
0.1331 1
0.1332 4
0.1333 0
0.1334 1
0.1335 2
0.1336 1
0.1337 1
0.1338 1
0.1339 1
0.134 0
0.1341 0
0.1342 0
0.1343 0
0.1344 0
0.1345 1
0.1346 0
0.1347 1
0.1348 1
0.1349 1
0.135 0
0.1351 0
0.1352 0
0.1353 1
0.1354 1
0.1355 2
0.1356 1
0.1357 1
0.1358 4
0.1359 4
0.136 3
0.1361 5
0.1362 5
0.1363 1
0.1364 0
0.1365 4
0.1366 1
0.1367 1
0.1368 0
0.1369 0
0.137 3
0.1371 1
0.1372 0
0.1373 1
0.1374 1
0.1375 2
0.1376 2
0.1377 0
0.1378 2
0.1379 0
0.138 0
0.1381 0
0.1382 1
0.1383 1
0.1384 1
0.1385 1
0.1386 4
0.1387 4
0.1388 1
0.1389 0
0.139 5
0.1391 7
0.1392 2
0.1393 5
0.1394 3
0.1395 3
0.1396 1
0.1397 1
0.1398 2
0.1399 2
0.14 2
0.1401 3
0.1402 10
0.1403 16
0.1404 7
0.1405 16
0.1406 22
0.1407 28
0.1408 33
0.1409 31
0.141 39
0.1411 27
0.1412 27
0.1413 17
0.1414 13
0.1415 11
0.1416 5
0.1417 7
0.1418 4
0.1419 4
0.142 3
0.1421 3
0.1422 3
0.1423 3
0.1424 4
0.1425 2
0.1426 1
0.1427 4
0.1428 2
0.1429 0
0.143 0
0.1431 3
0.1432 1
0.1433 0
0.1434 0
0.1435 1
0.1436 1
0.1437 1
0.1438 0
0.1439 2
0.144 1
0.1441 1
0.1442 0
0.1443 0
0.1444 1
0.1445 1
0.1446 1
0.1447 2
0.1448 1
0.1449 0
0.145 0
0.1451 0
0.1452 1
0.1453 0
0.1454 1
0.1455 2
0.1456 1
0.1457 1
0.1458 1
0.1459 1
0.146 0
0.1461 0
0.1462 0
0.1463 0
0.1464 2
0.1465 2
0.1466 1
0.1467 0
0.1468 1
0.1469 2
0.147 0
0.1471 1
0.1472 2
0.1473 2
0.1474 3
0.1475 2
0.1476 4
0.1477 3
0.1478 4
0.1479 6
0.148 6
0.1481 1
0.1482 7
0.1483 7
0.1484 3
0.1485 3
0.1486 0
0.1487 1
0.1488 0
0.1489 4
0.149 2
0.1491 3
0.1492 2
0.1493 6
0.1494 0
0.1495 0
0.1496 3
0.1497 1
0.1498 1
0.1499 0
0.15 1
0.1501 2
0.1502 4
0.1503 3
0.1504 1
0.1505 1
0.1506 2
0.1507 1
0.1508 4
0.1509 4
0.151 4
0.1511 3
0.1512 10
0.1513 5
0.1514 7
0.1515 7
0.1516 9
0.1517 5
0.1518 2
0.1519 0
0.152 3
0.1521 0
0.1522 0
0.1523 0
0.1524 3
0.1525 3
0.1526 2
0.1527 2
0.1528 4
0.1529 1
0.153 5
0.1531 1
0.1532 3
0.1533 0
0.1534 2
0.1535 1
0.1536 3
0.1537 7
0.1538 1
0.1539 3
0.154 6
0.1541 1
0.1542 2
0.1543 2
0.1544 2
0.1545 1
0.1546 1
0.1547 2
0.1548 1
0.1549 4
0.155 2
0.1551 3
0.1552 1
0.1553 2
0.1554 2
0.1555 2
0.1556 2
0.1557 0
0.1558 1
0.1559 2
0.156 0
0.1561 0
0.1562 1
0.1563 0
0.1564 4
0.1565 6
0.1566 4
0.1567 6
0.1568 2
0.1569 2
0.157 2
0.1571 10
0.1572 7
0.1573 3
0.1574 11
0.1575 7
0.1576 12
0.1577 13
0.1578 21
0.1579 21
0.158 9
0.1581 18
0.1582 9
0.1583 25
0.1584 17
0.1585 19
0.1586 33
0.1587 36
0.1588 37
0.1589 40
0.159 35
0.1591 46
0.1592 37
0.1593 33
0.1594 21
0.1595 13
0.1596 13
0.1597 9
0.1598 18
0.1599 37
0.16 61
0.1601 59
0.1602 66
0.1603 65
0.1604 49
0.1605 28
0.1606 24
0.1607 26
0.1608 37
0.1609 45
0.161 41
0.1611 36
0.1612 48
0.1613 56
0.1614 70
0.1615 78
0.1616 84
0.1617 97
0.1618 110
0.1619 125
0.162 151
0.1621 150
0.1622 182
0.1623 207
0.1624 243
0.1625 262
0.1626 280
0.1627 325
0.1628 366
0.1629 416
0.163 444
0.1631 469
0.1632 492
0.1633 519
0.1634 550
0.1635 580
0.1636 593
0.1637 634
0.1638 664
0.1639 679
0.164 711
0.1641 736
0.1642 755
0.1643 770
0.1644 779
0.1645 776
0.1646 774
0.1647 761
0.1648 776
0.1649 782
0.165 769
0.1651 774
0.1652 771
0.1653 772
0.1654 765
0.1655 760
0.1656 775
0.1657 798
0.1658 815
0.1659 839
0.166 872
0.1661 894
0.1662 906
0.1663 913
0.1664 922
0.1665 928
0.1666 944
0.1667 951
0.1668 969
0.1669 971
0.167 970
0.1671 984
0.1672 985
0.1673 981
0.1674 988
0.1675 989
0.1676 1009
0.1677 998
0.1678 1017
0.1679 1012
0.168 1015
0.1681 1018
0.1682 1002
0.1683 1022
0.1684 1026
0.1685 1026
0.1686 1005
0.1687 991
0.1688 985
0.1689 955
0.169 958
0.1691 940
0.1692 922
0.1693 898
0.1694 880
0.1695 881
0.1696 889
0.1697 894
0.1698 911
0.1699 913
0.17 901
0.1701 899
0.1702 874
0.1703 868
0.1704 860
0.1705 839
0.1706 818
0.1707 807
0.1708 796
0.1709 810
0.171 798
0.1711 786
0.1712 785
0.1713 788
0.1714 788
0.1715 759
0.1716 749
0.1717 748
0.1718 753
0.1719 746
0.172 728
0.1721 713
0.1722 683
0.1723 690
0.1724 685
0.1725 687
0.1726 703
0.1727 724
0.1728 732
0.1729 741
0.173 725
0.1731 726
0.1732 726
0.1733 726
0.1734 715
0.1735 712
0.1736 712
0.1737 722
0.1738 737
0.1739 721
0.174 729
0.1741 731
0.1742 723
0.1743 722
0.1744 721
0.1745 731
0.1746 721
0.1747 728
0.1748 712
0.1749 709
0.175 700
0.1751 683
0.1752 673
0.1753 639
0.1754 607
0.1755 598
0.1756 578
0.1757 554
0.1758 544
0.1759 527
0.176 514
0.1761 501
0.1762 494
0.1763 498
0.1764 495
0.1765 475
0.1766 464
0.1767 456
0.1768 439
0.1769 426
0.177 413
0.1771 410
0.1772 421
0.1773 421
0.1774 435
0.1775 439
0.1776 459
0.1777 466
0.1778 473
0.1779 500
0.178 527
0.1781 503
0.1782 500
0.1783 493
0.1784 445
0.1785 431
0.1786 428
0.1787 428
0.1788 422
0.1789 436
0.179 451
0.1791 467
0.1792 468
0.1793 471
0.1794 478
0.1795 490
0.1796 490
0.1797 483
0.1798 479
0.1799 461
0.18 425
0.1801 394
0.1802 370
0.1803 338
0.1804 316
0.1805 283
0.1806 269
0.1807 244
0.1808 237
0.1809 223
0.181 205
0.1811 196
0.1812 202
0.1813 199
0.1814 191
0.1815 174
0.1816 146
0.1817 114
0.1818 92
0.1819 64
0.182 43
0.1821 29
0.1822 22
0.1823 18
0.1824 8
0.1825 3
0.1826 3
0.1827 2
0.1828 2
0.1829 5
0.183 5
0.1831 6
0.1832 7
0.1833 1
0.1834 7
0.1835 6
0.1836 7
0.1837 12
0.1838 18
0.1839 27
0.184 33
0.1841 41
0.1842 40
0.1843 34
0.1844 35
0.1845 35
0.1846 23
0.1847 22
0.1848 21
0.1849 20
0.185 13
0.1851 12
0.1852 23
0.1853 30
0.1854 37
0.1855 40
0.1856 37
0.1857 23
0.1858 17
0.1859 9
0.186 7
0.1861 1
0.1862 4
0.1863 2
0.1864 0
0.1865 2
0.1866 2
0.1867 4
0.1868 2
0.1869 9
0.187 15
0.1871 17
0.1872 14
0.1873 16
0.1874 15
0.1875 23
0.1876 24
0.1877 6
0.1878 10
0.1879 9
0.188 3
0.1881 2
0.1882 8
0.1883 6
0.1884 5
0.1885 4
0.1886 0
0.1887 0
0.1888 1
0.1889 2
0.189 2
0.1891 1
0.1892 3
0.1893 7
0.1894 3
0.1895 7
0.1896 5
0.1897 3
0.1898 3
0.1899 2
0.19 2
0.1901 2
0.1902 10
0.1903 5
0.1904 8
0.1905 9
0.1906 4
0.1907 3
0.1908 4
0.1909 6
0.191 2
0.1911 2
0.1912 4
0.1913 2
0.1914 3
0.1915 2
0.1916 2
0.1917 2
0.1918 6
0.1919 1
0.192 1
0.1921 2
0.1922 2
0.1923 1
0.1924 0
0.1925 2
0.1926 1
0.1927 1
0.1928 1
0.1929 1
0.193 0
0.1931 0
0.1932 2
0.1933 0
0.1934 1
0.1935 2
0.1936 2
0.1937 2
0.1938 0
0.1939 2
0.194 3
0.1941 0
0.1942 4
0.1943 8
0.1944 18
0.1945 17
0.1946 16
0.1947 12
0.1948 20
0.1949 31
0.195 32
0.1951 39
0.1952 41
0.1953 44
0.1954 47
0.1955 37
0.1956 23
0.1957 23
0.1958 38
0.1959 30
0.196 29
0.1961 21
0.1962 12
0.1963 10
0.1964 6
0.1965 4
0.1966 8
0.1967 0
0.1968 1
0.1969 0
0.197 1
0.1971 1
0.1972 0
0.1973 0
0.1974 2
0.1975 3
0.1976 2
0.1977 3
0.1978 0
0.1979 2
0.198 2
0.1981 2
0.1982 0
0.1983 1
0.1984 0
0.1985 4
0.1986 2
0.1987 4
0.1988 3
0.1989 3
0.199 10
0.1991 13
0.1992 21
0.1993 15
0.1994 9
0.1995 13
0.1996 8
0.1997 8
0.1998 12
0.1999 14
0.2 3
0.2001 13
0.2002 10
0.2003 17
0.2004 11
0.2005 4
0.2006 9
0.2007 4
0.2008 5
0.2009 1
0.201 4
0.2011 0
0.2012 4
0.2013 0
0.2014 0
0.2015 2
0.2016 4
0.2017 5
0.2018 6
0.2019 5
0.202 3
0.2021 6
0.2022 12
0.2023 9
0.2024 4
0.2025 4
0.2026 0
0.2027 0
0.2028 3
0.2029 6
0.203 1
0.2031 1
0.2032 1
0.2033 2
0.2034 6
0.2035 5
0.2036 1
0.2037 2
0.2038 1
0.2039 5
0.204 7
0.2041 3
0.2042 6
0.2043 5
0.2044 0
0.2045 1
0.2046 0
0.2047 0
0.2048 1
0.2049 0
0.205 2
0.2051 0
0.2052 2
0.2053 0
0.2054 1
0.2055 1
0.2056 0
0.2057 0
0.2058 1
0.2059 0
0.206 1
0.2061 1
0.2062 0
0.2063 2
0.2064 2
0.2065 0
0.2066 1
0.2067 0
0.2068 0
0.2069 0
0.207 0
0.2071 1
0.2072 0
0.2073 1
0.2074 1
0.2075 0
0.2076 0
0.2077 1
0.2078 1
0.2079 1
0.208 2
0.2081 1
0.2082 2
0.2083 2
0.2084 1
0.2085 1
0.2086 14
0.2087 16
0.2088 13
0.2089 3
0.209 8
0.2091 10
0.2092 2
0.2093 4
0.2094 7
0.2095 6
0.2096 5
0.2097 5
0.2098 7
0.2099 3
0.21 3
0.2101 5
0.2102 16
0.2103 8
0.2104 7
0.2105 8
0.2106 8
0.2107 7
0.2108 9
0.2109 4
0.211 6
0.2111 6
0.2112 6
0.2113 4
0.2114 3
0.2115 1
0.2116 0
0.2117 1
0.2118 4
0.2119 6
0.212 3
0.2121 3
0.2122 3
0.2123 1
0.2124 1
0.2125 3
0.2126 1
0.2127 1
0.2128 3
0.2129 5
0.213 6
0.2131 3
0.2132 10
0.2133 26
0.2134 24
0.2135 33
0.2136 36
0.2137 33
0.2138 53
0.2139 42
0.214 26
0.2141 26
0.2142 20
0.2143 8
0.2144 6
0.2145 5
0.2146 5
0.2147 5
0.2148 7
0.2149 4
0.215 8
0.2151 6
0.2152 2
0.2153 2
0.2154 4
0.2155 2
0.2156 5
0.2157 1
0.2158 1
0.2159 7
0.216 7
0.2161 16
0.2162 24
0.2163 29
0.2164 35
0.2165 29
0.2166 27
0.2167 23
0.2168 24
0.2169 24
0.217 23
0.2171 23
0.2172 17
0.2173 17
0.2174 14
0.2175 18
0.2176 7
0.2177 7
0.2178 10
0.2179 11
0.218 8
0.2181 15
0.2182 25
0.2183 39
0.2184 42
0.2185 43
0.2186 39
0.2187 52
0.2188 65
0.2189 75
0.219 91
0.2191 108
0.2192 128
0.2193 131
0.2194 142
0.2195 135
0.2196 137
0.2197 124
0.2198 118
0.2199 132
0.22 112
0.2201 92
0.2202 74
0.2203 63
0.2204 59
0.2205 57
0.2206 64
0.2207 75
0.2208 79
0.2209 80
0.221 92
0.2211 99
0.2212 98
0.2213 92
0.2214 78
0.2215 82
0.2216 92
0.2217 112
0.2218 108
0.2219 119
0.222 112
0.2221 114
0.2222 110
0.2223 111
0.2224 110
0.2225 102
0.2226 91
0.2227 87
0.2228 89
0.2229 77
0.223 76
0.2231 85
0.2232 86
0.2233 98
0.2234 127
0.2235 138
0.2236 149
0.2237 162
0.2238 175
0.2239 179
0.224 166
0.2241 152
0.2242 160
0.2243 162
0.2244 179
0.2245 188
0.2246 212
0.2247 241
0.2248 258
0.2249 278
0.225 306
0.2251 305
0.2252 326
0.2253 313
0.2254 333
0.2255 339
0.2256 343
0.2257 347
0.2258 344
0.2259 347
0.226 348
0.2261 367
0.2262 372
0.2263 374
0.2264 370
0.2265 386
0.2266 395
0.2267 398
0.2268 395
0.2269 392
0.227 374
0.2271 379
0.2272 390
0.2273 399
0.2274 403
0.2275 412
0.2276 422
0.2277 434
0.2278 424
0.2279 423
0.228 426
0.2281 448
0.2282 468
0.2283 475
0.2284 471
0.2285 474
0.2286 465
0.2287 450
0.2288 456
0.2289 463
0.229 468
0.2291 452
0.2292 450
0.2293 434
0.2294 430
0.2295 440
0.2296 468
0.2297 476
0.2298 471
0.2299 475
0.23 454
0.2301 440
0.2302 425
0.2303 434
0.2304 438
0.2305 433
0.2306 449
0.2307 469
0.2308 491
0.2309 505
0.231 507
0.2311 512
0.2312 523
0.2313 522
0.2314 512
0.2315 514
0.2316 530
0.2317 506
0.2318 526
0.2319 524
0.232 533
0.2321 546
0.2322 553
0.2323 556
0.2324 543
0.2325 574
0.2326 542
0.2327 545
0.2328 556
0.2329 568
0.233 590
0.2331 589
0.2332 591
0.2333 594
0.2334 586
0.2335 594
0.2336 595
0.2337 600
0.2338 605
0.2339 625
0.234 640
0.2341 637
0.2342 624
0.2343 633
0.2344 644
0.2345 656
0.2346 656
0.2347 645
0.2348 662
0.2349 640
0.235 618
0.2351 600
0.2352 586
0.2353 561
0.2354 545
0.2355 535
0.2356 530
0.2357 528
0.2358 517
0.2359 531
0.236 538
0.2361 567
0.2362 576
0.2363 578
0.2364 561
0.2365 556
0.2366 556
0.2367 548
0.2368 528
0.2369 526
0.237 537
0.2371 537
0.2372 541
0.2373 573
0.2374 574
0.2375 572
0.2376 532
0.2377 515
0.2378 498
0.2379 483
0.238 495
0.2381 481
0.2382 477
0.2383 464
0.2384 449
0.2385 452
0.2386 452
0.2387 452
0.2388 435
0.2389 446
0.239 440
0.2391 432
0.2392 443
0.2393 426
0.2394 382
0.2395 349
0.2396 328
0.2397 307
0.2398 255
0.2399 233
0.24 227
0.2401 234
0.2402 244
0.2403 239
0.2404 236
0.2405 246
0.2406 250
0.2407 240
0.2408 267
0.2409 304
0.241 302
0.2411 314
0.2412 330
0.2413 331
0.2414 322
0.2415 315
0.2416 317
0.2417 310
0.2418 310
0.2419 328
0.242 351
0.2421 362
0.2422 367
0.2423 360
0.2424 357
0.2425 350
0.2426 339
0.2427 334
0.2428 300
0.2429 301
0.243 295
0.2431 302
0.2432 306
0.2433 329
0.2434 332
0.2435 336
0.2436 338
0.2437 340
0.2438 331
0.2439 318
0.244 318
0.2441 319
0.2442 325
0.2443 342
0.2444 330
0.2445 339
0.2446 361
0.2447 386
0.2448 401
0.2449 390
0.245 397
0.2451 407
0.2452 418
0.2453 421
0.2454 429
0.2455 428
0.2456 415
0.2457 411
0.2458 426
0.2459 399
0.246 388
0.2461 374
0.2462 359
0.2463 330
0.2464 328
0.2465 320
0.2466 300
0.2467 289
0.2468 303
0.2469 314
0.247 322
0.2471 330
0.2472 318
0.2473 300
0.2474 284
0.2475 280
0.2476 282
0.2477 251
0.2478 237
0.2479 210
0.248 209
0.2481 220
0.2482 208
0.2483 205
0.2484 192
0.2485 170
0.2486 147
0.2487 126
0.2488 125
0.2489 134
0.249 121
0.2491 126
0.2492 110
0.2493 88
0.2494 89
0.2495 96
0.2496 82
0.2497 77
0.2498 54
0.2499 48
0.25 50
