0 0
0.0001 0
0.0002 0
0.0003 0
0.0004 0
0.0005 0
0.0006 0
0.0007 0
0.0008 0
0.0009 0
0.001 0
0.0011 0
0.0012 0
0.0013 0
0.0014 0
0.0015 0
0.0016 0
0.0017 0
0.0018 0
0.0019 1
0.002 1
0.0021 1
0.0022 1
0.0023 2
0.0024 3
0.0025 4
0.0026 4
0.0027 5
0.0028 6
0.0029 9
0.003 11
0.0031 11
0.0032 12
0.0033 15
0.0034 20
0.0035 23
0.0036 28
0.0037 28
0.0038 33
0.0039 37
0.004 41
0.0041 44
0.0042 45
0.0043 46
0.0044 49
0.0045 51
0.0046 50
0.0047 51
0.0048 54
0.0049 59
0.005 63
0.0051 66
0.0052 65
0.0053 70
0.0054 75
0.0055 78
0.0056 80
0.0057 83
0.0058 91
0.0059 95
0.006 98
0.0061 106
0.0062 108
0.0063 113
0.0064 118
0.0065 123
0.0066 133
0.0067 137
0.0068 144
0.0069 149
0.007 154
0.0071 156
0.0072 161
0.0073 173
0.0074 176
0.0075 184
0.0076 192
0.0077 200
0.0078 204
0.0079 214
0.008 218
0.0081 231
0.0082 236
0.0083 242
0.0084 248
0.0085 255
0.0086 267
0.0087 274
0.0088 286
0.0089 297
0.009 301
0.0091 307
0.0092 312
0.0093 319
0.0094 321
0.0095 325
0.0096 332
0.0097 341
0.0098 349
0.0099 353
0.01 361
0.0101 367
0.0102 374
0.0103 382
0.0104 387
0.0105 389
0.0106 395
0.0107 404
0.0108 410
0.0109 423
0.011 434
0.0111 442
0.0112 443
0.0113 452
0.0114 452
0.0115 459
0.0116 466
0.0117 477
0.0118 485
0.0119 497
0.012 499
0.0121 508
0.0122 516
0.0123 532
0.0124 540
0.0125 554
0.0126 566
0.0127 574
0.0128 578
0.0129 587
0.013 590
0.0131 598
0.0132 609
0.0133 620
0.0134 627
0.0135 635
0.0136 643
0.0137 647
0.0138 654
0.0139 663
0.014 673
0.0141 683
0.0142 688
0.0143 704
0.0144 707
0.0145 715
0.0146 723
0.0147 733
0.0148 741
0.0149 751
0.015 761
0.0151 775
0.0152 782
0.0153 798
0.0154 809
0.0155 825
0.0156 837
0.0157 845
0.0158 856
0.0159 865
0.016 872
0.0161 887
0.0162 898
0.0163 897
0.0164 909
0.0165 914
0.0166 919
0.0167 931
0.0168 943
0.0169 956
0.017 967
0.0171 977
0.0172 990
0.0173 991
0.0174 1002
0.0175 1010
0.0176 1019
0.0177 1028
0.0178 1040
0.0179 1051
0.018 1053
0.0181 1061
0.0182 1073
0.0183 1080
0.0184 1091
0.0185 1097
0.0186 1105
0.0187 1111
0.0188 1118
0.0189 1131
0.019 1135
0.0191 1147
0.0192 1153
0.0193 1158
0.0194 1167
0.0195 1172
0.0196 1186
0.0197 1190
0.0198 1196
0.0199 1193
0.02 1209
0.0201 1215
0.0202 1222
0.0203 1233
0.0204 1244
0.0205 1253
0.0206 1266
0.0207 1267
0.0208 1285
0.0209 1289
0.021 1304
0.0211 1313
0.0212 1313
0.0213 1328
0.0214 1339
0.0215 1354
0.0216 1367
0.0217 1371
0.0218 1380
0.0219 1394
0.022 1401
0.0221 1413
0.0222 1424
0.0223 1439
0.0224 1453
0.0225 1453
0.0226 1456
0.0227 1467
0.0228 1477
0.0229 1489
0.023 1497
0.0231 1502
0.0232 1509
0.0233 1525
0.0234 1532
0.0235 1536
0.0236 1542
0.0237 1548
0.0238 1558
0.0239 1577
0.024 1584
0.0241 1591
0.0242 1593
0.0243 1609
0.0244 1612
0.0245 1616
0.0246 1635
0.0247 1636
0.0248 1647
0.0249 1637
0.025 1658
0.0251 1674
0.0252 1674
0.0253 1694
0.0254 1711
0.0255 1715
0.0256 1723
0.0257 1723
0.0258 1732
0.0259 1735
0.026 1749
0.0261 1750
0.0262 1763
0.0263 1760
0.0264 1758
0.0265 1758
0.0266 1758
0.0267 1768
0.0268 1766
0.0269 1759
0.027 1765
0.0271 1768
0.0272 1769
0.0273 1763
0.0274 1755
0.0275 1746
0.0276 1740
0.0277 1722
0.0278 1694
0.0279 1666
0.028 1645
0.0281 1621
0.0282 1592
0.0283 1579
0.0284 1568
0.0285 1555
0.0286 1526
0.0287 1481
0.0288 1454
0.0289 1417
0.029 1401
0.0291 1384
0.0292 1354
0.0293 1326
0.0294 1314
0.0295 1306
0.0296 1276
0.0297 1248
0.0298 1236
0.0299 1220
0.03 1204
0.0301 1177
0.0302 1150
0.0303 1139
0.0304 1121
0.0305 1096
0.0306 1082
0.0307 1087
0.0308 1098
0.0309 1106
0.031 1113
0.0311 1112
0.0312 1101
0.0313 1109
0.0314 1103
0.0315 1097
0.0316 1079
0.0317 1054
0.0318 1039
0.0319 1024
0.032 1016
0.0321 986
0.0322 972
0.0323 963
0.0324 959
0.0325 941
0.0326 937
0.0327 909
0.0328 887
0.0329 862
0.033 853
0.0331 832
0.0332 816
0.0333 793
0.0334 784
0.0335 771
0.0336 759
0.0337 740
0.0338 730
0.0339 708
0.034 693
0.0341 676
0.0342 662
0.0343 653
0.0344 649
0.0345 639
0.0346 620
0.0347 611
0.0348 601
0.0349 593
0.035 588
0.0351 584
0.0352 573
0.0353 569
0.0354 566
0.0355 554
0.0356 542
0.0357 541
0.0358 532
0.0359 515
0.036 506
0.0361 500
0.0362 494
0.0363 481
0.0364 468
0.0365 450
0.0366 446
0.0367 437
0.0368 431
0.0369 422
0.037 411
0.0371 399
0.0372 399
0.0373 390
0.0374 383
0.0375 370
0.0376 360
0.0377 353
0.0378 348
0.0379 344
0.038 336
0.0381 331
0.0382 332
0.0383 324
0.0384 317
0.0385 314
0.0386 308
0.0387 300
0.0388 291
0.0389 283
0.039 279
0.0391 282
0.0392 287
0.0393 282
0.0394 282
0.0395 281
0.0396 279
0.0397 281
0.0398 279
0.0399 276
0.04 275
0.0401 271
0.0402 272
0.0403 265
0.0404 269
0.0405 272
0.0406 269
0.0407 264
0.0408 260
0.0409 258
0.041 260
0.0411 261
0.0412 257
0.0413 254
0.0414 246
0.0415 242
0.0416 235
0.0417 241
0.0418 246
0.0419 242
0.042 260
0.0421 272
0.0422 284
0.0423 292
0.0424 301
0.0425 300
0.0426 304
0.0427 307
0.0428 312
0.0429 319
0.043 339
0.0431 343
0.0432 346
0.0433 347
0.0434 346
0.0435 346
0.0436 345
0.0437 343
0.0438 340
0.0439 336
0.044 332
0.0441 325
0.0442 326
0.0443 328
0.0444 333
0.0445 351
0.0446 363
0.0447 375
0.0448 385
0.0449 390
0.045 410
0.0451 427
0.0452 435
0.0453 438
0.0454 437
0.0455 437
0.0456 447
0.0457 461
0.0458 470
0.0459 472
0.046 476
0.0461 480
0.0462 476
0.0463 469
0.0464 465
0.0465 459
0.0466 453
0.0467 448
0.0468 443
0.0469 435
0.047 429
0.0471 444
0.0472 454
0.0473 456
0.0474 456
0.0475 460
0.0476 463
0.0477 461
0.0478 459
0.0479 452
0.048 456
0.0481 468
0.0482 472
0.0483 475
0.0484 472
0.0485 470
0.0486 464
0.0487 465
0.0488 461
0.0489 456
0.049 446
0.0491 451
0.0492 452
0.0493 450
0.0494 451
0.0495 453
0.0496 443
0.0497 441
0.0498 444
0.0499 443
0.05 438
0.0501 435
0.0502 426
0.0503 421
0.0504 419
0.0505 414
0.0506 424
0.0507 441
0.0508 457
0.0509 463
0.051 474
0.0511 472
0.0512 480
0.0513 477
0.0514 484
0.0515 489
0.0516 489
0.0517 480
0.0518 475
0.0519 471
0.052 456
0.0521 453
0.0522 455
0.0523 451
0.0524 449
0.0525 449
0.0526 455
0.0527 451
0.0528 447
0.0529 438
0.053 427
0.0531 422
0.0532 422
0.0533 417
0.0534 415
0.0535 410
0.0536 407
0.0537 412
0.0538 408
0.0539 413
0.054 413
0.0541 408
0.0542 400
0.0543 393
0.0544 393
0.0545 390
0.0546 382
0.0547 375
0.0548 365
0.0549 357
0.055 349
0.0551 349
0.0552 349
0.0553 353
0.0554 368
0.0555 392
0.0556 416
0.0557 427
0.0558 464
0.0559 493
0.056 523
0.0561 544
0.0562 577
0.0563 606
0.0564 637
0.0565 657
0.0566 686
0.0567 716
0.0568 751
0.0569 780
0.057 813
0.0571 833
0.0572 866
0.0573 880
0.0574 892
0.0575 900
0.0576 914
0.0577 926
0.0578 938
0.0579 948
0.058 948
0.0581 953
0.0582 961
0.0583 958
0.0584 972
0.0585 978
0.0586 983
0.0587 983
0.0588 980
0.0589 980
0.059 990
0.0591 1002
0.0592 1009
0.0593 1015
0.0594 1020
0.0595 1027
0.0596 1028
0.0597 1022
0.0598 1028
0.0599 1033
0.06 1028
0.0601 1035
0.0602 1036
0.0603 1043
0.0604 1037
0.0605 1044
0.0606 1047
0.0607 1047
0.0608 1056
0.0609 1051
0.061 1057
0.0611 1055
0.0612 1059
0.0613 1062
0.0614 1059
0.0615 1062
0.0616 1073
0.0617 1075
0.0618 1077
0.0619 1080
0.062 1080
0.0621 1087
0.0622 1087
0.0623 1092
0.0624 1095
0.0625 1103
0.0626 1108
0.0627 1114
0.0628 1120
0.0629 1127
0.063 1128
0.0631 1136
0.0632 1139
0.0633 1144
0.0634 1140
0.0635 1141
0.0636 1145
0.0637 1151
0.0638 1164
0.0639 1164
0.064 1174
0.0641 1181
0.0642 1173
0.0643 1180
0.0644 1187
0.0645 1191
0.0646 1192
0.0647 1190
0.0648 1200
0.0649 1199
0.065 1204
0.0651 1217
0.0652 1217
0.0653 1221
0.0654 1224
0.0655 1235
0.0656 1239
0.0657 1238
0.0658 1251
0.0659 1255
0.066 1263
0.0661 1277
0.0662 1279
0.0663 1286
0.0664 1284
0.0665 1293
0.0666 1295
0.0667 1297
0.0668 1308
0.0669 1304
0.067 1322
0.0671 1321
0.0672 1320
0.0673 1331
0.0674 1334
0.0675 1332
0.0676 1345
0.0677 1344
0.0678 1354
0.0679 1355
0.068 1369
0.0681 1366
0.0682 1366
0.0683 1365
0.0684 1386
0.0685 1386
0.0686 1396
0.0687 1397
0.0688 1406
0.0689 1410
0.069 1409
0.0691 1413
0.0692 1409
0.0693 1414
0.0694 1422
0.0695 1429
0.0696 1433
0.0697 1432
0.0698 1439
0.0699 1445
0.07 1446
0.0701 1441
0.0702 1446
0.0703 1464
0.0704 1475
0.0705 1471
0.0706 1477
0.0707 1474
0.0708 1487
0.0709 1498
0.071 1500
0.0711 1504
0.0712 1512
0.0713 1522
0.0714 1520
0.0715 1528
0.0716 1537
0.0717 1537
0.0718 1533
0.0719 1541
0.072 1557
0.0721 1560
0.0722 1552
0.0723 1558
0.0724 1569
0.0725 1576
0.0726 1573
0.0727 1581
0.0728 1591
0.0729 1594
0.073 1613
0.0731 1620
0.0732 1613
0.0733 1619
0.0734 1623
0.0735 1624
0.0736 1632
0.0737 1637
0.0738 1647
0.0739 1654
0.074 1655
0.0741 1662
0.0742 1672
0.0743 1665
0.0744 1675
0.0745 1685
0.0746 1681
0.0747 1687
0.0748 1701
0.0749 1704
0.075 1704
0.0751 1711
0.0752 1715
0.0753 1716
0.0754 1731
0.0755 1732
0.0756 1731
0.0757 1734
0.0758 1731
0.0759 1730
0.076 1728
0.0761 1731
0.0762 1731
0.0763 1739
0.0764 1733
0.0765 1740
0.0766 1726
0.0767 1734
0.0768 1727
0.0769 1734
0.077 1741
0.0771 1738
0.0772 1718
0.0773 1731
0.0774 1743
0.0775 1752
0.0776 1756
0.0777 1753
0.0778 1768
0.0779 1774
0.078 1780
0.0781 1771
0.0782 1766
0.0783 1790
0.0784 1804
0.0785 1807
0.0786 1810
0.0787 1797
0.0788 1793
0.0789 1778
0.079 1788
0.0791 1784
0.0792 1769
0.0793 1763
0.0794 1766
0.0795 1771
0.0796 1768
0.0797 1760
0.0798 1741
0.0799 1724
0.08 1719
0.0801 1701
0.0802 1690
0.0803 1687
0.0804 1683
0.0805 1667
0.0806 1653
0.0807 1640
0.0808 1626
0.0809 1597
0.081 1570
0.0811 1549
0.0812 1530
0.0813 1513
0.0814 1500
0.0815 1484
0.0816 1452
0.0817 1438
0.0818 1407
0.0819 1393
0.082 1387
0.0821 1382
0.0822 1372
0.0823 1355
0.0824 1321
0.0825 1304
0.0826 1275
0.0827 1263
0.0828 1252
0.0829 1261
0.083 1261
0.0831 1243
0.0832 1256
0.0833 1268
0.0834 1271
0.0835 1278
0.0836 1299
0.0837 1305
0.0838 1341
0.0839 1362
0.084 1372
0.0841 1401
0.0842 1420
0.0843 1423
0.0844 1426
0.0845 1416
0.0846 1408
0.0847 1381
0.0848 1350
0.0849 1330
0.085 1319
0.0851 1306
0.0852 1275
0.0853 1246
0.0854 1225
0.0855 1207
0.0856 1183
0.0857 1150
0.0858 1130
0.0859 1120
0.086 1095
0.0861 1070
0.0862 1033
0.0863 1000
0.0864 986
0.0865 985
0.0866 971
0.0867 954
0.0868 939
0.0869 923
0.087 902
0.0871 876
0.0872 859
0.0873 838
0.0874 818
0.0875 803
0.0876 781
0.0877 772
0.0878 759
0.0879 753
0.088 749
0.0881 743
0.0882 730
0.0883 730
0.0884 710
0.0885 692
0.0886 674
0.0887 663
0.0888 651
0.0889 641
0.089 640
0.0891 630
0.0892 630
0.0893 628
0.0894 635
0.0895 636
0.0896 627
0.0897 617
0.0898 617
0.0899 619
0.09 615
0.0901 603
0.0902 599
0.0903 593
0.0904 589
0.0905 584
0.0906 584
0.0907 588
0.0908 575
0.0909 586
0.091 592
0.0911 581
0.0912 567
0.0913 562
0.0914 553
0.0915 547
0.0916 538
0.0917 530
0.0918 530
0.0919 519
0.092 502
0.0921 497
0.0922 495
0.0923 492
0.0924 487
0.0925 481
0.0926 476
0.0927 477
0.0928 478
0.0929 471
0.093 473
0.0931 469
0.0932 454
0.0933 457
0.0934 456
0.0935 442
0.0936 439
0.0937 432
0.0938 427
0.0939 416
0.094 412
0.0941 399
0.0942 398
0.0943 394
0.0944 386
0.0945 385
0.0946 373
0.0947 364
0.0948 356
0.0949 353
0.095 349
0.0951 344
0.0952 337
0.0953 332
0.0954 324
0.0955 318
0.0956 308
0.0957 300
0.0958 295
0.0959 285
0.096 279
0.0961 277
0.0962 275
0.0963 273
0.0964 273
0.0965 277
0.0966 287
0.0967 280
0.0968 273
0.0969 273
0.097 271
0.0971 271
0.0972 268
0.0973 266
0.0974 262
0.0975 261
0.0976 257
0.0977 255
0.0978 250
0.0979 260
0.098 276
0.0981 276
0.0982 277
0.0983 286
0.0984 290
0.0985 290
0.0986 284
0.0987 287
0.0988 295
0.0989 299
0.099 305
0.0991 306
0.0992 311
0.0993 309
0.0994 317
0.0995 330
0.0996 348
0.0997 356
0.0998 356
0.0999 362
0.1 364
0.1001 360
0.1002 363
0.1003 359
0.1004 364
0.1005 367
0.1006 378
0.1007 376
0.1008 379
0.1009 372
0.101 367
0.1011 360
0.1012 366
0.1013 367
0.1014 370
0.1015 372
0.1016 366
0.1017 366
0.1018 361
0.1019 367
0.102 358
0.1021 358
0.1022 355
0.1023 349
0.1024 346
0.1025 348
0.1026 352
0.1027 350
0.1028 348
0.1029 347
0.103 341
0.1031 346
0.1032 349
0.1033 357
0.1034 356
0.1035 366
0.1036 371
0.1037 366
0.1038 363
0.1039 366
0.104 365
0.1041 363
0.1042 363
0.1043 358
0.1044 371
0.1045 372
0.1046 361
0.1047 354
0.1048 351
0.1049 349
0.105 350
0.1051 345
0.1052 336
0.1053 329
0.1054 322
0.1055 318
0.1056 309
0.1057 301
0.1058 298
0.1059 293
0.106 284
0.1061 284
0.1062 284
0.1063 278
0.1064 278
0.1065 277
0.1066 276
0.1067 270
0.1068 269
0.1069 267
0.107 262
0.1071 270
0.1072 283
0.1073 283
0.1074 288
0.1075 294
0.1076 295
0.1077 296
0.1078 300
0.1079 301
0.108 296
0.1081 296
0.1082 300
0.1083 293
0.1084 295
0.1085 293
0.1086 294
0.1087 301
0.1088 305
0.1089 301
0.109 297
0.1091 297
0.1092 301
0.1093 302
0.1094 301
0.1095 302
0.1096 303
0.1097 297
0.1098 295
0.1099 301
0.11 297
0.1101 297
0.1102 292
0.1103 296
0.1104 306
0.1105 306
0.1106 302
0.1107 317
0.1108 327
0.1109 333
0.111 343
0.1111 366
0.1112 377
0.1113 393
0.1114 391
0.1115 399
0.1116 397
0.1117 393
0.1118 395
0.1119 405
0.112 405
0.1121 406
0.1122 403
0.1123 401
0.1124 392
0.1125 382
0.1126 378
0.1127 374
0.1128 370
0.1129 360
0.113 357
0.1131 359
0.1132 353
0.1133 346
0.1134 343
0.1135 345
0.1136 355
0.1137 358
0.1138 359
0.1139 361
0.114 371
0.1141 372
0.1142 391
0.1143 405
0.1144 428
0.1145 449
0.1146 468
0.1147 482
0.1148 473
0.1149 475
0.115 483
0.1151 481
0.1152 479
0.1153 481
0.1154 487
0.1155 487
0.1156 480
0.1157 473
0.1158 461
0.1159 452
0.116 444
0.1161 435
0.1162 425
0.1163 417
0.1164 413
0.1165 407
0.1166 397
0.1167 399
0.1168 399
0.1169 400
0.117 397
0.1171 402
0.1172 394
0.1173 389
0.1174 386
0.1175 380
0.1176 381
0.1177 367
0.1178 371
0.1179 366
0.118 360
0.1181 355
0.1182 348
0.1183 344
0.1184 346
0.1185 355
0.1186 359
0.1187 365
0.1188 375
0.1189 380
0.119 384
0.1191 387
0.1192 390
0.1193 386
0.1194 382
0.1195 377
0.1196 375
0.1197 385
0.1198 383
0.1199 391
0.12 401
0.1201 406
0.1202 406
0.1203 394
0.1204 393
0.1205 393
0.1206 383
0.1207 375
0.1208 368
0.1209 361
0.121 355
0.1211 353
0.1212 340
0.1213 335
0.1214 325
0.1215 327
0.1216 325
0.1217 318
0.1218 315
0.1219 311
0.122 308
0.1221 303
0.1222 296
0.1223 297
0.1224 296
0.1225 298
0.1226 299
0.1227 307
0.1228 310
0.1229 307
0.123 311
0.1231 308
0.1232 306
0.1233 313
0.1234 321
0.1235 334
0.1236 349
0.1237 361
0.1238 382
0.1239 397
0.124 428
0.1241 453
0.1242 490
0.1243 506
0.1244 535
0.1245 545
0.1246 568
0.1247 584
0.1248 587
0.1249 599
0.125 595
0.1251 602
0.1252 612
0.1253 615
0.1254 622
0.1255 628
0.1256 637
0.1257 645
0.1258 650
0.1259 651
0.126 651
0.1261 655
0.1262 651
0.1263 655
0.1264 660
0.1265 662
0.1266 673
0.1267 673
0.1268 675
0.1269 678
0.127 685
0.1271 695
0.1272 696
0.1273 698
0.1274 691
0.1275 697
0.1276 699
0.1277 701
0.1278 704
0.1279 711
0.128 708
0.1281 712
0.1282 713
0.1283 715
0.1284 713
0.1285 716
0.1286 715
0.1287 718
0.1288 722
0.1289 732
0.129 731
0.1291 733
0.1292 736
0.1293 737
0.1294 740
0.1295 735
0.1296 740
0.1297 744
0.1298 741
0.1299 749
0.13 758
0.1301 756
0.1302 760
0.1303 767
0.1304 764
0.1305 772
0.1306 774
0.1307 786
0.1308 789
0.1309 790
0.131 795
0.1311 801
0.1312 805
0.1313 815
0.1314 816
0.1315 824
0.1316 831
0.1317 838
0.1318 844
0.1319 845
0.132 852
0.1321 866
0.1322 879
0.1323 881
0.1324 893
0.1325 898
0.1326 897
0.1327 901
0.1328 902
0.1329 908
0.133 916
0.1331 922
0.1332 932
0.1333 941
0.1334 956
0.1335 956
0.1336 962
0.1337 968
0.1338 976
0.1339 988
0.134 994
0.1341 1002
0.1342 1003
0.1343 1011
0.1344 1018
0.1345 1028
0.1346 1035
0.1347 1040
0.1348 1046
0.1349 1058
0.135 1067
0.1351 1077
0.1352 1089
0.1353 1097
0.1354 1104
0.1355 1105
0.1356 1111
0.1357 1121
0.1358 1125
0.1359 1138
0.136 1139
0.1361 1145
0.1362 1153
0.1363 1163
0.1364 1170
0.1365 1170
0.1366 1171
0.1367 1178
0.1368 1196
0.1369 1193
0.137 1213
0.1371 1217
0.1372 1232
0.1373 1236
0.1374 1244
0.1375 1253
0.1376 1268
0.1377 1266
0.1378 1272
0.1379 1287
0.138 1297
0.1381 1305
0.1382 1314
0.1383 1319
0.1384 1328
0.1385 1329
0.1386 1338
0.1387 1347
0.1388 1353
0.1389 1368
0.139 1375
0.1391 1382
0.1392 1390
0.1393 1393
0.1394 1404
0.1395 1416
0.1396 1424
0.1397 1429
0.1398 1437
0.1399 1439
0.14 1455
0.1401 1456
0.1402 1467
0.1403 1474
0.1404 1476
0.1405 1488
0.1406 1498
0.1407 1514
0.1408 1519
0.1409 1528
0.141 1538
0.1411 1546
0.1412 1551
0.1413 1562
0.1414 1567
0.1415 1569
0.1416 1570
0.1417 1587
0.1418 1595
0.1419 1607
0.142 1606
0.1421 1620
0.1422 1623
0.1423 1635
0.1424 1644
0.1425 1650
0.1426 1642
0.1427 1657
0.1428 1663
0.1429 1667
0.143 1673
0.1431 1692
0.1432 1694
0.1433 1711
0.1434 1721
0.1435 1712
0.1436 1713
0.1437 1727
0.1438 1730
0.1439 1730
0.144 1735
0.1441 1733
0.1442 1741
0.1443 1750
0.1444 1751
0.1445 1747
0.1446 1749
0.1447 1765
0.1448 1763
0.1449 1772
0.145 1768
0.1451 1788
0.1452 1783
0.1453 1789
0.1454 1787
0.1455 1769
0.1456 1761
0.1457 1749
0.1458 1731
0.1459 1707
0.146 1678
0.1461 1626
0.1462 1586
0.1463 1553
0.1464 1520
0.1465 1485
0.1466 1456
0.1467 1424
0.1468 1388
0.1469 1362
0.147 1334
0.1471 1307
0.1472 1278
0.1473 1236
0.1474 1211
0.1475 1183
0.1476 1151
0.1477 1116
0.1478 1094
0.1479 1054
0.148 1036
0.1481 998
0.1482 977
0.1483 964
0.1484 949
0.1485 930
0.1486 904
0.1487 889
0.1488 874
0.1489 868
0.149 859
0.1491 847
0.1492 830
0.1493 826
0.1494 818
0.1495 811
0.1496 796
0.1497 788
0.1498 779
0.1499 772
0.15 769
0.1501 751
0.1502 736
0.1503 726
0.1504 708
0.1505 691
0.1506 682
0.1507 662
0.1508 655
0.1509 644
0.151 627
0.1511 617
0.1512 598
0.1513 582
0.1514 572
0.1515 559
0.1516 555
0.1517 547
0.1518 545
0.1519 533
0.152 528
0.1521 511
0.1522 506
0.1523 495
0.1524 492
0.1525 494
0.1526 491
0.1527 486
0.1528 479
0.1529 475
0.153 470
0.1531 466
0.1532 467
0.1533 474
0.1534 479
0.1535 473
0.1536 479
0.1537 503
0.1538 539
0.1539 573
0.154 610
0.1541 665
0.1542 707
0.1543 741
0.1544 760
0.1545 773
0.1546 772
0.1547 764
0.1548 749
0.1549 750
0.155 748
0.1551 726
0.1552 725
0.1553 718
0.1554 698
0.1555 673
0.1556 666
0.1557 647
0.1558 631
0.1559 622
0.156 615
0.1561 605
0.1562 600
0.1563 589
0.1564 582
0.1565 570
0.1566 561
0.1567 554
0.1568 541
0.1569 522
0.157 511
0.1571 506
0.1572 502
0.1573 500
0.1574 498
0.1575 500
0.1576 493
0.1577 491
0.1578 498
0.1579 493
0.158 495
0.1581 486
0.1582 489
0.1583 486
0.1584 480
0.1585 469
0.1586 462
0.1587 459
0.1588 456
0.1589 454
0.159 444
0.1591 436
0.1592 435
0.1593 431
0.1594 423
0.1595 415
0.1596 414
0.1597 409
0.1598 406
0.1599 406
0.16 404
0.1601 402
0.1602 392
0.1603 382
0.1604 378
0.1605 366
0.1606 362
0.1607 351
0.1608 344
0.1609 333
0.161 325
0.1611 320
0.1612 315
0.1613 311
0.1614 311
0.1615 310
0.1616 316
0.1617 316
0.1618 314
0.1619 312
0.162 316
0.1621 312
0.1622 312
0.1623 314
0.1624 309
0.1625 303
0.1626 304
0.1627 299
0.1628 300
0.1629 304
0.163 307
0.1631 305
0.1632 309
0.1633 308
0.1634 302
0.1635 297
0.1636 300
0.1637 301
0.1638 306
0.1639 301
0.164 296
0.1641 291
0.1642 284
0.1643 277
0.1644 271
0.1645 269
0.1646 270
0.1647 269
0.1648 283
0.1649 300
0.165 312
0.1651 333
0.1652 349
0.1653 357
0.1654 363
0.1655 365
0.1656 374
0.1657 373
0.1658 373
0.1659 378
0.166 377
0.1661 379
0.1662 377
0.1663 373
0.1664 374
0.1665 374
0.1666 371
0.1667 365
0.1668 361
0.1669 363
0.167 356
0.1671 354
0.1672 344
0.1673 348
0.1674 344
0.1675 347
0.1676 354
0.1677 357
0.1678 361
0.1679 362
0.168 361
0.1681 362
0.1682 355
0.1683 346
0.1684 343
0.1685 335
0.1686 326
0.1687 325
0.1688 333
0.1689 344
0.169 367
0.1691 402
0.1692 431
0.1693 458
0.1694 506
0.1695 571
0.1696 610
0.1697 638
0.1698 652
0.1699 672
0.17 682
0.1701 673
0.1702 673
0.1703 682
0.1704 695
0.1705 711
0.1706 718
0.1707 730
0.1708 735
0.1709 738
0.171 743
0.1711 738
0.1712 737
0.1713 729
0.1714 713
0.1715 700
0.1716 687
0.1717 678
0.1718 671
0.1719 663
0.172 661
0.1721 656
0.1722 639
0.1723 623
0.1724 603
0.1725 590
0.1726 575
0.1727 561
0.1728 550
0.1729 532
0.173 522
0.1731 513
0.1732 496
0.1733 486
0.1734 490
0.1735 501
0.1736 512
0.1737 522
0.1738 534
0.1739 535
0.174 531
0.1741 525
0.1742 525
0.1743 519
0.1744 514
0.1745 514
0.1746 520
0.1747 540
0.1748 564
0.1749 595
0.175 610
0.1751 636
0.1752 657
0.1753 689
0.1754 704
0.1755 741
0.1756 754
0.1757 766
0.1758 773
0.1759 778
0.176 789
0.1761 799
0.1762 797
0.1763 800
0.1764 805
0.1765 798
0.1766 785
0.1767 779
0.1768 771
0.1769 755
0.177 740
0.1771 739
0.1772 728
0.1773 718
0.1774 710
0.1775 702
0.1776 699
0.1777 681
0.1778 667
0.1779 653
0.178 646
0.1781 631
0.1782 628
0.1783 637
0.1784 636
0.1785 641
0.1786 661
0.1787 681
0.1788 696
0.1789 724
0.179 733
0.1791 747
0.1792 780
0.1793 791
0.1794 814
0.1795 827
0.1796 826
0.1797 825
0.1798 840
0.1799 849
0.18 859
0.1801 870
0.1802 874
0.1803 890
0.1804 888
0.1805 902
0.1806 911
0.1807 914
0.1808 927
0.1809 939
0.181 940
0.1811 957
0.1812 966
0.1813 971
0.1814 969
0.1815 980
0.1816 980
0.1817 978
0.1818 989
0.1819 991
0.182 989
0.1821 998
0.1822 990
0.1823 996
0.1824 1003
0.1825 1005
0.1826 1002
0.1827 1005
0.1828 1012
0.1829 1009
0.183 1017
0.1831 1015
0.1832 1020
0.1833 1019
0.1834 1018
0.1835 1017
0.1836 1021
0.1837 1019
0.1838 1021
0.1839 1033
0.184 1031
0.1841 1034
0.1842 1037
0.1843 1036
0.1844 1030
0.1845 1039
0.1846 1045
0.1847 1043
0.1848 1051
0.1849 1054
0.185 1060
0.1851 1066
0.1852 1073
0.1853 1077
0.1854 1078
0.1855 1079
0.1856 1084
0.1857 1088
0.1858 1095
0.1859 1090
0.186 1097
0.1861 1104
0.1862 1113
0.1863 1119
0.1864 1117
0.1865 1117
0.1866 1118
0.1867 1125
0.1868 1133
0.1869 1128
0.187 1133
0.1871 1135
0.1872 1143
0.1873 1138
0.1874 1151
0.1875 1152
0.1876 1162
0.1877 1162
0.1878 1168
0.1879 1172
0.188 1169
0.1881 1169
0.1882 1167
0.1883 1175
0.1884 1180
0.1885 1167
0.1886 1187
0.1887 1188
0.1888 1195
0.1889 1193
0.189 1201
0.1891 1198
0.1892 1204
0.1893 1198
0.1894 1209
0.1895 1212
0.1896 1215
0.1897 1224
0.1898 1237
0.1899 1233
0.19 1233
0.1901 1233
0.1902 1241
0.1903 1248
0.1904 1256
0.1905 1258
0.1906 1268
0.1907 1271
0.1908 1275
0.1909 1286
0.191 1288
0.1911 1294
0.1912 1298
0.1913 1307
0.1914 1310
0.1915 1318
0.1916 1324
0.1917 1330
0.1918 1328
0.1919 1336
0.192 1344
0.1921 1343
0.1922 1358
0.1923 1361
0.1924 1373
0.1925 1381
0.1926 1375
0.1927 1378
0.1928 1389
0.1929 1404
0.193 1410
0.1931 1414
0.1932 1418
0.1933 1422
0.1934 1421
0.1935 1431
0.1936 1442
0.1937 1442
0.1938 1451
0.1939 1460
0.194 1456
0.1941 1452
0.1942 1467
0.1943 1467
0.1944 1479
0.1945 1484
0.1946 1483
0.1947 1498
0.1948 1502
0.1949 1500
0.195 1503
0.1951 1511
0.1952 1508
0.1953 1509
0.1954 1510
0.1955 1515
0.1956 1520
0.1957 1526
0.1958 1531
0.1959 1542
0.196 1551
0.1961 1545
0.1962 1551
0.1963 1560
0.1964 1565
0.1965 1570
0.1966 1570
0.1967 1578
0.1968 1578
0.1969 1596
0.197 1597
0.1971 1597
0.1972 1605
0.1973 1602
0.1974 1601
0.1975 1622
0.1976 1627
0.1977 1638
0.1978 1642
0.1979 1634
0.198 1653
0.1981 1643
0.1982 1650
0.1983 1649
0.1984 1659
0.1985 1655
0.1986 1653
0.1987 1664
0.1988 1677
0.1989 1668
0.199 1679
0.1991 1678
0.1992 1673
0.1993 1686
0.1994 1682
0.1995 1688
0.1996 1683
0.1997 1679
0.1998 1672
0.1999 1665
0.2 1670
0.2001 1684
0.2002 1683
0.2003 1694
0.2004 1704
0.2005 1710
0.2006 1699
0.2007 1680
0.2008 1653
0.2009 1639
0.201 1618
0.2011 1585
0.2012 1557
0.2013 1526
0.2014 1504
0.2015 1462
0.2016 1431
0.2017 1393
0.2018 1369
0.2019 1337
0.202 1317
0.2021 1281
0.2022 1245
0.2023 1206
0.2024 1170
0.2025 1131
0.2026 1106
0.2027 1072
0.2028 1043
0.2029 1011
0.203 977
0.2031 951
0.2032 927
0.2033 909
0.2034 891
0.2035 875
0.2036 861
0.2037 844
0.2038 827
0.2039 811
0.204 796
0.2041 783
0.2042 764
0.2043 745
0.2044 730
0.2045 714
0.2046 688
0.2047 679
0.2048 664
0.2049 649
0.205 640
0.2051 634
0.2052 631
0.2053 622
0.2054 611
0.2055 602
0.2056 598
0.2057 592
0.2058 575
0.2059 570
0.206 567
0.2061 558
0.2062 557
0.2063 555
0.2064 553
0.2065 551
0.2066 557
0.2067 550
0.2068 558
0.2069 558
0.207 554
0.2071 547
0.2072 547
0.2073 539
0.2074 536
0.2075 536
0.2076 537
0.2077 525
0.2078 523
0.2079 518
0.208 515
0.2081 502
0.2082 495
0.2083 485
0.2084 474
0.2085 465
0.2086 450
0.2087 445
0.2088 443
0.2089 440
0.209 436
0.2091 427
0.2092 421
0.2093 411
0.2094 408
0.2095 401
0.2096 403
0.2097 396
0.2098 398
0.2099 405
0.21 393
0.2101 402
0.2102 408
0.2103 410
0.2104 407
0.2105 407
0.2106 401
0.2107 401
0.2108 400
0.2109 398
0.211 389
0.2111 386
0.2112 376
0.2113 370
0.2114 375
0.2115 378
0.2116 375
0.2117 377
0.2118 380
0.2119 380
0.212 371
0.2121 365
0.2122 355
0.2123 350
0.2124 344
0.2125 344
0.2126 340
0.2127 344
0.2128 341
0.2129 342
0.213 349
0.2131 341
0.2132 336
0.2133 341
0.2134 337
0.2135 334
0.2136 327
0.2137 324
0.2138 322
0.2139 318
0.214 316
0.2141 310
0.2142 303
0.2143 297
0.2144 310
0.2145 314
0.2146 308
0.2147 315
0.2148 312
0.2149 314
0.215 321
0.2151 321
0.2152 321
0.2153 319
0.2154 319
0.2155 316
0.2156 315
0.2157 313
0.2158 310
0.2159 308
0.216 305
0.2161 300
0.2162 294
0.2163 290
0.2164 280
0.2165 273
0.2166 258
0.2167 258
0.2168 252
0.2169 247
0.217 247
0.2171 254
0.2172 253
0.2173 246
0.2174 245
0.2175 246
0.2176 251
0.2177 247
0.2178 243
0.2179 233
0.218 239
0.2181 238
0.2182 234
0.2183 232
0.2184 232
0.2185 232
0.2186 240
0.2187 268
0.2188 300
0.2189 346
0.219 367
0.2191 386
0.2192 401
0.2193 400
0.2194 418
0.2195 424
0.2196 439
0.2197 450
0.2198 453
0.2199 458
0.22 453
0.2201 449
0.2202 446
0.2203 450
0.2204 447
0.2205 446
0.2206 450
0.2207 451
0.2208 450
0.2209 451
0.221 454
0.2211 458
0.2212 473
0.2213 503
0.2214 537
0.2215 559
0.2216 586
0.2217 609
0.2218 635
0.2219 656
0.222 679
0.2221 692
0.2222 702
0.2223 723
0.2224 745
0.2225 754
0.2226 762
0.2227 777
0.2228 772
0.2229 781
0.223 795
0.2231 798
0.2232 798
0.2233 793
0.2234 786
0.2235 788
0.2236 792
0.2237 805
0.2238 805
0.2239 811
0.224 827
0.2241 827
0.2242 829
0.2243 831
0.2244 828
0.2245 847
0.2246 855
0.2247 879
0.2248 887
0.2249 897
0.225 907
0.2251 923
0.2252 953
0.2253 979
0.2254 983
0.2255 984
0.2256 984
0.2257 983
0.2258 974
0.2259 971
0.226 980
0.2261 974
0.2262 979
0.2263 994
0.2264 998
0.2265 988
0.2266 987
0.2267 997
0.2268 981
0.2269 992
0.227 974
0.2271 965
0.2272 960
0.2273 958
0.2274 949
0.2275 950
0.2276 941
0.2277 941
0.2278 944
0.2279 933
0.228 922
0.2281 909
0.2282 892
0.2283 881
0.2284 851
0.2285 836
0.2286 822
0.2287 808
0.2288 797
0.2289 786
0.229 767
0.2291 752
0.2292 729
0.2293 712
0.2294 706
0.2295 693
0.2296 677
0.2297 670
0.2298 661
0.2299 638
0.23 630
0.2301 625
0.2302 615
0.2303 606
0.2304 599
0.2305 581
0.2306 577
0.2307 567
0.2308 554
0.2309 557
0.231 560
0.2311 574
0.2312 598
0.2313 627
0.2314 643
0.2315 649
0.2316 664
0.2317 688
0.2318 707
0.2319 728
0.232 760
0.2321 783
0.2322 806
0.2323 835
0.2324 842
0.2325 847
0.2326 865
0.2327 890
0.2328 899
0.2329 895
0.233 895
0.2331 893
0.2332 894
0.2333 888
0.2334 896
0.2335 908
0.2336 920
0.2337 922
0.2338 927
0.2339 944
0.234 957
0.2341 967
0.2342 959
0.2343 968
0.2344 977
0.2345 984
0.2346 986
0.2347 986
0.2348 992
0.2349 1002
0.235 1025
0.2351 1029
0.2352 1033
0.2353 1036
0.2354 1049
0.2355 1053
0.2356 1061
0.2357 1067
0.2358 1070
0.2359 1074
0.236 1082
0.2361 1085
0.2362 1088
0.2363 1087
0.2364 1083
0.2365 1089
0.2366 1089
0.2367 1096
0.2368 1088
0.2369 1093
0.237 1096
0.2371 1097
0.2372 1103
0.2373 1109
0.2374 1107
0.2375 1108
0.2376 1117
0.2377 1118
0.2378 1125
0.2379 1121
0.238 1126
0.2381 1125
0.2382 1127
0.2383 1133
0.2384 1134
0.2385 1136
0.2386 1135
0.2387 1143
0.2388 1143
0.2389 1148
0.239 1141
0.2391 1145
0.2392 1151
0.2393 1156
0.2394 1158
0.2395 1160
0.2396 1163
0.2397 1171
0.2398 1173
0.2399 1177
0.24 1181
0.2401 1176
0.2402 1190
0.2403 1183
0.2404 1192
0.2405 1202
0.2406 1207
0.2407 1219
0.2408 1216
0.2409 1225
0.241 1233
0.2411 1239
0.2412 1242
0.2413 1244
0.2414 1254
0.2415 1258
0.2416 1265
0.2417 1266
0.2418 1273
0.2419 1287
0.242 1291
0.2421 1289
0.2422 1303
0.2423 1305
0.2424 1313
0.2425 1320
0.2426 1323
0.2427 1322
0.2428 1334
0.2429 1332
0.243 1338
0.2431 1332
0.2432 1350
0.2433 1358
0.2434 1357
0.2435 1364
0.2436 1370
0.2437 1377
0.2438 1375
0.2439 1370
0.244 1378
0.2441 1388
0.2442 1391
0.2443 1392
0.2444 1393
0.2445 1415
0.2446 1408
0.2447 1417
0.2448 1422
0.2449 1423
0.245 1436
0.2451 1436
0.2452 1440
0.2453 1437
0.2454 1443
0.2455 1439
0.2456 1449
0.2457 1446
0.2458 1462
0.2459 1468
0.246 1461
0.2461 1465
0.2462 1474
0.2463 1475
0.2464 1488
0.2465 1496
0.2466 1491
0.2467 1501
0.2468 1499
0.2469 1514
0.247 1522
0.2471 1539
0.2472 1539
0.2473 1545
0.2474 1549
0.2475 1554
0.2476 1564
0.2477 1564
0.2478 1574
0.2479 1571
0.248 1576
0.2481 1580
0.2482 1595
0.2483 1592
0.2484 1594
0.2485 1603
0.2486 1616
0.2487 1618
0.2488 1624
0.2489 1614
0.249 1613
0.2491 1615
0.2492 1620
0.2493 1629
0.2494 1630
0.2495 1619
0.2496 1630
0.2497 1631
0.2498 1631
0.2499 1633
0.25 1643
