0.0000 0.000000
0.0001 0.000000
0.0002 0.000000
0.0003 0.000000
0.0004 0.000000
0.0005 0.000000
0.0006 0.000000
0.0007 0.000000
0.0008 0.000000
0.0009 0.000000
0.0010 0.000000
0.0011 0.000000
0.0012 0.000000
0.0013 0.000000
0.0014 0.000000
0.0015 0.000000
0.0016 0.000000
0.0017 0.143225
0.0018 0.409841
0.0019 0.686423
0.0020 1.083824
0.0021 0.483702
0.0022 0.882188
0.0023 0.483275
0.0024 0.283478
0.0025 1.124959
0.0026 1.072672
0.0027 1.139455
0.0028 0.207545
0.0029 0.277248
0.0030 0.346685
0.0031 0.304734
0.0032 0.411717
0.0033 0.835218
0.0034 0.306436
0.0035 0.777806
0.0036 0.248769
0.0037 0.719672
0.0038 1.190195
0.0039 0.660850
0.0040 1.130593
0.0041 0.732247
0.0042 0.336715
0.0043 0.940037
0.0044 1.651076
0.0045 0.536396
0.0046 0.739253
0.0047 1.012754
0.0048 0.287469
0.0049 0.640989
0.0050 1.146295
0.0051 0.822972
0.0052 0.807754
0.0053 1.120386
0.0054 0.601540
0.0055 0.221725
0.0056 0.585323
0.0057 0.978890
0.0058 0.461578
0.0059 1.121276
0.0060 0.316115
0.0061 0.870113
0.0062 0.308616
0.0063 0.742633
0.0064 0.475781
0.0065 1.647692
0.0066 1.114418
0.0067 0.384011
0.0068 1.698208
0.0069 0.320256
0.0070 1.126747
0.0071 2.099973
0.0072 1.090724
0.0073 1.023473
0.0074 -0.083703
0.0075 1.972635
0.0076 0.177890
0.0077 0.386488
0.0078 1.547905
0.0079 0.920847
0.0080 1.469518
0.0081 2.051608
0.0082 1.691897
0.0083 1.255026
0.0084 0.791938
0.0085 1.147050
0.0086 1.850886
0.0087 0.670118
0.0088 0.341034
0.0089 0.951413
0.0090 1.853839
0.0091 0.839000
0.0092 1.974026
0.0093 1.208486
0.0094 1.471076
0.0095 0.571831
0.0096 0.841237
0.0097 3.039557
0.0098 1.254891
0.0099 1.455473
0.0100 1.822038
0.0101 1.421755
0.0102 0.273675
0.0103 1.175255
0.0104 0.419767
0.0105 0.725066
0.0106 1.974789
0.0107 0.170046
0.0108 2.426272
0.0109 1.609178
0.0110 0.752329
0.0111 1.924865
0.0112 0.976345
0.0113 2.986843
0.0114 0.843949
0.0115 0.902574
0.0116 1.051453
0.0117 1.082760
0.0118 1.985316
0.0119 3.038135
0.0120 2.072128
0.0121 3.187135
0.0122 1.134957
0.0123 0.971104
0.0124 2.645599
0.0125 1.277879
0.0126 2.183651
0.0127 0.404516
0.0128 3.707485
0.0129 1.926343
0.0130 2.027788
0.0131 4.222579
0.0132 1.389330
0.0133 0.793485
0.0134 3.026767
0.0135 1.336964
0.0136 1.809577
0.0137 2.606940
0.0138 1.796558
0.0139 2.153494
0.0140 2.437628
0.0141 2.514856
0.0142 2.568021
0.0143 2.932186
0.0144 1.593588
0.0145 3.364064
0.0146 2.154284
0.0147 3.928496
0.0148 4.929835
0.0149 1.237429
0.0150 1.562327
0.0151 1.873349
0.0152 1.060294
0.0153 0.300597
0.0154 0.593919
0.0155 0.883107
0.0156 5.192653
0.0157 0.499211
0.0158 4.717784
0.0159 1.677814
0.0160 1.711067
0.0161 0.972555
0.0162 2.149536
0.0163 2.372530
0.0164 0.636972
0.0165 0.728579
0.0166 2.546033
0.0167 2.135264
0.0168 2.639873
0.0169 1.149916
0.0170 4.613010
0.0171 0.982263
0.0172 0.302911
0.0173 1.658153
0.0174 6.123098
0.0175 3.460056
0.0176 5.549978
0.0177 0.513194
0.0178 1.454866
0.0179 7.371274
0.0180 2.346566
0.0181 0.269160
0.0182 6.229295
0.0183 3.420547
0.0184 6.624939
0.0185 5.692192
0.0186 3.653743
0.0187 2.420618
0.0188 3.979684
0.0189 1.462191
0.0190 3.009627
0.0191 1.477554
0.0192 0.902250
0.0193 4.201506
0.0194 4.495665
0.0195 3.805578
0.0196 4.283994
0.0197 4.978679
0.0198 2.566840
0.0199 1.116853
0.0200 1.456139
0.0201 0.522286
0.0202 6.562440
0.0203 5.397648
0.0204 4.914014
0.0205 1.275824
0.0206 1.855597
0.0207 2.586085
0.0208 5.438138
0.0209 5.193671
0.0210 3.898621
0.0211 3.580680
0.0212 3.228966
0.0213 2.943873
0.0214 11.653998
0.0215 6.307939
0.0216 8.923439
0.0217 4.560902
0.0218 1.575061
0.0219 6.734946
0.0220 4.032812
0.0221 3.307738
0.0222 3.451260
0.0223 4.602490
0.0224 7.527558
0.0225 3.411366
0.0226 8.240164
0.0227 4.799408
0.0228 5.978078
0.0229 7.187293
0.0230 6.329726
0.0231 5.397099
0.0232 6.470633
0.0233 5.609159
0.0234 3.900259
0.0235 5.128218
0.0236 6.303638
0.0237 9.417423
0.0238 8.599991
0.0239 9.889989
0.0240 10.358909
0.0241 6.962465
0.0242 3.658603
0.0243 6.507843
0.0244 11.439157
0.0245 12.542345
0.0246 4.931838
0.0247 9.414479
0.0248 6.808606
0.0249 6.051606
0.0250 9.186783
0.0251 8.331025
0.0252 8.364932
0.0253 9.384649
0.0254 14.637538
0.0255 11.985205
0.0256 8.387717
0.0257 9.827139
0.0258 7.251351
0.0259 16.634294
0.0260 16.004102
0.0261 15.431027
0.0262 13.859528
0.0263 13.246524
0.0264 22.815361
0.0265 17.656709
0.0266 26.739641
0.0267 19.035287
0.0268 23.254977
0.0269 29.315917
0.0270 27.132402
0.0271 39.906879
0.0272 27.617945
0.0273 42.064670
0.0274 52.368208
0.0275 67.575486
0.0276 87.298285
0.0277 106.753312
0.0278 117.939548
0.0279 122.008975
0.0280 125.831863
0.0281 136.633964
0.0282 144.365733
0.0283 156.929807
0.0284 191.374303
0.0285 209.603579
0.0286 244.515639
0.0287 263.996543
0.0288 295.325831
0.0289 328.483447
0.0290 367.466805
0.0291 403.232731
0.0292 415.818691
0.0293 434.229510
0.0294 461.327366
0.0295 493.073322
0.0296 529.632408
0.0297 568.924976
0.0298 603.804753
0.0299 629.519424
0.0300 664.927495
0.0301 698.015359
0.0302 727.957589
0.0303 767.664102
0.0304 792.121092
0.0305 824.399667
0.0306 856.404580
0.0307 882.237221
0.0308 907.874816
0.0309 934.038622
0.0310 951.812086
0.0311 971.482078
0.0312 996.031466
0.0313 1008.465346
0.0314 1010.859910
0.0315 1015.122541
0.0316 1015.247336
0.0317 1021.339988
0.0318 1030.397141
0.0319 1035.361951
0.0320 1046.208883
0.0321 1058.950009
0.0322 1054.559358
0.0323 1046.886071
0.0324 1054.156100
0.0325 1062.369407
0.0326 1074.528392
0.0327 1087.434509
0.0328 1098.202748
0.0329 1100.928119
0.0330 1112.542049
0.0331 1125.016118
0.0332 1128.320970
0.0333 1139.557840
0.0334 1142.549848
0.0335 1154.339866
0.0336 1159.844232
0.0337 1169.273719
0.0338 1175.679802
0.0339 1177.045968
0.0340 1187.397456
0.0341 1191.695761
0.0342 1192.908629
0.0343 1197.044101
0.0344 1196.119568
0.0345 1202.998300
0.0346 1212.801853
0.0347 1224.553538
0.0348 1233.237626
0.0349 1234.894716
0.0350 1224.573101
0.0351 1214.332890
0.0352 1211.061426
0.0353 1211.718945
0.0354 1211.356154
0.0355 1224.960055
0.0356 1228.527911
0.0357 1237.949980
0.0358 1242.313690
0.0359 1253.622132
0.0360 1256.895675
0.0361 1265.140793
0.0362 1273.354734
0.0363 1282.474540
0.0364 1283.469247
0.0365 1295.435908
0.0366 1299.253562
0.0367 1302.034473
0.0368 1300.797690
0.0369 1290.595713
0.0370 1289.411731
0.0371 1293.233023
0.0372 1297.024154
0.0373 1300.798480
0.0374 1292.591644
0.0375 1296.396818
0.0376 1288.219126
0.0377 1282.015511
0.0378 1265.791159
0.0379 1242.670689
0.0380 1228.664439
0.0381 1200.727296
0.0382 1188.783740
0.0383 1182.897936
0.0384 1179.053634
0.0385 1174.218946
0.0386 1173.402698
0.0387 1173.586536
0.0388 1179.738545
0.0389 1187.602372
0.0390 1187.300889
0.0391 1187.012224
0.0392 1188.716568
0.0393 1192.397810
0.0394 1188.090242
0.0395 1186.810888
0.0396 1188.510051
0.0397 1192.204508
0.0398 1186.904260
0.0399 1184.608018
0.0400 1184.331044
0.0401 1182.067303
0.0402 1179.765242
0.0403 1177.385329
0.0404 1176.005379
0.0405 1180.621036
0.0406 1177.251392
0.0407 1178.870101
0.0408 1180.463812
0.0409 1185.053012
0.0410 1173.673478
0.0411 1177.308262
0.0412 1176.932580
0.0413 1179.567775
0.0414 1183.076204
0.0415 1180.542246
0.0416 1184.004153
0.0417 1182.472480
0.0418 1189.921641
0.0419 1182.358115
0.0420 1179.821572
0.0421 1180.296080
0.0422 1169.812175
0.0423 1148.391142
0.0424 1135.061008
0.0425 1098.886333
0.0426 1070.873345
0.0427 1048.937364
0.0428 1027.046386
0.0429 1012.254018
0.0430 990.563498
0.0431 964.987576
0.0432 942.554340
0.0433 896.281852
0.0434 861.198292
0.0435 808.255257
0.0436 738.613887
0.0437 682.279056
0.0438 628.149335
0.0439 577.301631
0.0440 557.668011
0.0441 540.124029
0.0442 534.642183
0.0443 537.156321
0.0444 530.718310
0.0445 535.262690
0.0446 531.788431
0.0447 528.355321
0.0448 521.949002
0.0449 511.556476
0.0450 512.062394
0.0451 519.463273
0.0452 528.778366
0.0453 523.085058
0.0454 534.394344
0.0455 557.605711
0.0456 568.731719
0.0457 580.767852
0.0458 590.758314
0.0459 604.686627
0.0460 602.584695
0.0461 607.477832
0.0462 619.317617
0.0463 625.111199
0.0464 627.876880
0.0465 633.621773
0.0466 638.348881
0.0467 641.054968
0.0468 653.722013
0.0469 667.316048
0.0470 676.852321
0.0471 691.311670
0.0472 702.711084
0.0473 708.062286
0.0474 707.402189
0.0475 709.733422
0.0476 719.065865
0.0477 719.341843
0.0478 723.622938
0.0479 731.858130
0.0480 741.044196
0.0481 744.199687
0.0482 752.320431
0.0483 753.426037
0.0484 756.511252
0.0485 757.578606
0.0486 773.606161
0.0487 777.592654
0.0488 775.570787
0.0489 779.542237
0.0490 776.507802
0.0491 785.455322
0.0492 775.395591
0.0493 774.380502
0.0494 773.364153
0.0495 768.364678
0.0496 765.382589
0.0497 759.421424
0.0498 751.519603
0.0499 747.645542
0.0500 742.790319
0.0501 737.957752
0.0502 734.145917
0.0503 736.342272
0.0504 742.514293
0.0505 742.667198
0.0506 733.826657
0.0507 736.024402
0.0508 743.197189
0.0509 750.321215
0.0510 753.427684
0.0511 751.526910
0.0512 751.639458
0.0513 756.733236
0.0514 761.792205
0.0515 763.837710
0.0516 767.862052
0.0517 764.877061
0.0518 763.901901
0.0519 751.979236
0.0520 749.088380
0.0521 743.221045
0.0522 742.374503
0.0523 740.534307
0.0524 750.669165
0.0525 750.767157
0.0526 744.905296
0.0527 739.055769
0.0528 745.105680
0.0529 750.105222
0.0530 743.104853
0.0531 746.108946
0.0532 744.115147
0.0533 742.132678
0.0534 739.154337
0.0535 743.184443
0.0536 738.211373
0.0537 742.232492
0.0538 740.263624
0.0539 740.291453
0.0540 739.373216
0.0541 733.790523
0.0542 725.281851
0.0543 722.797320
0.0544 717.333491
0.0545 700.941548
0.0546 689.618013
0.0547 684.347971
0.0548 680.095845
0.0549 677.853961
0.0550 678.620800
0.0551 683.368076
0.0552 687.100018
0.0553 684.819533
0.0554 687.536505
0.0555 685.255959
0.0556 679.989375
0.0557 671.768560
0.0558 665.585904
0.0559 663.421486
0.0560 664.268956
0.0561 656.126516
0.0562 659.009202
0.0563 660.869893
0.0564 658.738077
0.0565 657.621297
0.0566 656.502173
0.0567 658.393602
0.0568 660.255341
0.0569 657.124376
0.0570 660.984953
0.0571 662.836171
0.0572 649.719072
0.0573 640.676791
0.0574 633.661739
0.0575 622.696209
0.0576 610.747774
0.0577 613.741276
0.0578 604.752063
0.0579 610.760644
0.0580 591.811815
0.0581 578.962104
0.0582 577.143941
0.0583 552.388710
0.0584 544.670390
0.0585 536.903190
0.0586 542.133481
0.0587 532.377180
0.0588 541.569885
0.0589 540.673950
0.0590 540.775373
0.0591 545.878004
0.0592 541.961928
0.0593 544.057955
0.0594 546.131684
0.0595 541.215903
0.0596 540.308413
0.0597 538.412250
0.0598 537.537312
0.0599 532.662158
0.0600 533.805646
0.0601 532.938613
0.0602 529.090314
0.0603 529.259215
0.0604 523.432441
0.0605 516.649533
0.0606 514.882724
0.0607 508.155514
0.0608 501.446783
0.0609 498.756540
0.0610 497.081800
0.0611 478.452104
0.0612 458.941128
0.0613 439.540320
0.0614 414.270831
0.0615 407.071739
0.0616 400.911373
0.0617 402.754291
0.0618 395.622907
0.0619 392.503738
0.0620 394.394275
0.0621 394.282204
0.0622 399.147420
0.0623 399.013668
0.0624 398.877742
0.0625 395.728168
0.0626 376.643233
0.0627 348.697463
0.0628 319.895495
0.0629 295.226841
0.0630 265.725304
0.0631 215.448127
0.0632 183.372962
0.0633 147.476225
0.0634 95.797197
0.0635 67.504078
0.0636 48.312365
0.0637 26.253163
0.0638 26.247498
0.0639 15.243116
0.0640 8.310978
0.0641 19.378368
0.0642 7.443960
0.0643 10.533479
0.0644 8.622500
0.0645 8.704090
0.0646 4.807215
0.0647 5.904800
0.0648 3.996697
0.0649 5.105395
0.0650 5.336611
0.0651 4.565529
0.0652 3.876771
0.0653 1.495478
0.0654 7.271541
0.0655 5.054025
0.0656 6.830567
0.0657 1.818534
0.0658 0.756663
0.0659 2.681714
0.0660 4.606096
0.0661 2.658475
0.0662 5.839397
0.0663 2.026338
0.0664 4.219325
0.0665 1.447168
0.0666 1.778994
0.0667 1.242181
0.0668 2.733749
0.0669 1.196017
0.0670 1.661612
0.0671 4.115889
0.0672 2.576357
0.0673 3.219632
0.0674 3.117828
0.0675 0.212009
0.0676 2.610741
0.0677 5.242390
0.0678 2.940413
0.0679 4.107478
0.0680 4.630290
0.0681 1.231531
0.0682 3.004422
0.0683 1.791645
0.0684 0.589974
0.0685 3.511797
0.0686 2.660156
0.0687 1.271774
0.0688 3.087369
0.0689 1.962442
0.0690 2.062166
0.0691 1.630603
0.0692 2.213281
0.0693 3.807768
0.0694 1.631735
0.0695 3.760372
0.0696 1.923678
0.0697 3.078318
0.0698 2.236854
0.0699 2.606712
0.0700 3.239502
0.0701 3.061894
0.0702 1.805872
0.0703 3.385751
0.0704 3.966714
0.0705 1.651945
0.0706 4.378600
0.0707 2.053188
0.0708 5.609113
0.0709 2.250700
0.0710 2.978138
0.0711 2.856534
0.0712 0.814325
0.0713 4.806357
0.0714 5.724020
0.0715 2.330105
0.0716 2.881454
0.0717 0.480152
0.0718 4.228221
0.0719 1.001751
0.0720 3.657382
0.0721 7.413444
0.0722 4.140440
0.0723 5.271705
0.0724 2.629551
0.0725 1.704931
0.0726 4.677639
0.0727 1.921655
0.0728 3.291320
0.0729 1.759167
0.0730 2.282995
0.0731 0.908241
0.0732 4.464830
0.0733 1.277228
0.0734 4.227564
0.0735 0.198561
0.0736 3.967211
0.0737 2.479177
0.0738 4.878701
0.0739 3.466433
0.0740 1.955114
0.0741 2.531834
0.0742 3.386505
0.0743 2.783138
0.0744 1.418454
0.0745 2.942025
0.0746 3.243652
0.0747 4.291337
0.0748 5.274260
0.0749 5.304243
0.0750 2.190213
0.0751 5.988926
0.0752 5.720531
0.0753 3.470398
0.0754 2.311323
0.0755 3.937928
0.0756 3.627645
0.0757 1.514402
0.0758 4.296429
0.0759 3.053719
0.0760 4.958267
0.0761 1.905180
0.0762 5.015490
0.0763 10.220540
0.0764 2.180896
0.0765 5.281964
0.0766 4.610709
0.0767 9.876788
0.0768 5.135463
0.0769 7.656964
0.0770 9.358987
0.0771 6.774690
0.0772 5.979607
0.0773 7.657941
0.0774 3.354352
0.0775 5.627228
0.0776 5.842739
0.0777 6.942302
0.0778 5.880802
0.0779 10.818165
0.0780 3.755122
0.0781 5.627162
0.0782 2.395901
0.0783 10.087283
0.0784 12.794956
0.0785 3.469683
0.0786 3.129924
0.0787 3.618365
0.0788 3.166833
0.0789 4.967392
0.0790 5.775890
0.0791 8.495523
0.0792 7.040116
0.0793 5.433605
0.0794 8.822586
0.0795 7.304893
0.0796 9.694292
0.0797 3.125429
0.0798 10.579724
0.0799 6.980477
0.0800 10.373027
0.0801 6.720505
0.0802 5.802138
0.0803 4.821167
0.0804 6.896658
0.0805 8.012585
0.0806 14.081058
0.0807 10.987365
0.0808 11.658428
0.0809 15.244568
0.0810 13.820589
0.0811 11.511848
0.0812 8.292296
0.0813 13.181785
0.0814 15.109401
0.0815 16.847479
0.0816 20.503308
0.0817 19.181735
0.0818 16.871249
0.0819 11.522980
0.0820 15.931659
0.0821 18.194609
0.0822 22.458511
0.0823 12.046531
0.0824 18.684431
0.0825 18.076968
0.0826 8.516552
0.0827 13.521717
0.0828 12.745058
0.0829 10.983188
0.0830 18.281922
0.0831 19.753003
0.0832 22.122731
0.0833 20.452183
0.0834 30.659530
0.0835 25.165967
0.0836 28.743270
0.0837 33.223172
0.0838 32.488998
0.0839 42.719684
0.0840 34.963788
0.0841 36.037537
0.0842 43.793744
0.0843 37.606540
0.0844 32.561646
0.0845 44.515086
0.0846 39.336180
0.0847 45.162105
0.0848 50.907753
0.0849 54.485642
0.0850 72.916502
0.0851 93.236958
0.0852 116.318617
0.0853 130.153655
0.0854 155.885903
0.0855 198.414156
0.0856 241.708085
0.0857 288.632974
0.0858 333.323499
0.0859 363.777195
0.0860 401.950070
0.0861 426.815586
0.0862 451.544630
0.0863 481.122108
0.0864 509.520018
0.0865 524.689596
0.0866 562.738617
0.0867 608.570518
0.0868 648.114994
0.0869 681.387104
0.0870 721.443315
0.0871 750.326497
0.0872 772.991860
0.0873 803.455803
0.0874 825.771193
0.0875 845.982938
0.0876 864.101036
0.0877 887.044390
0.0878 919.652076
0.0879 941.093968
0.0880 962.404396
0.0881 979.579357
0.0882 1000.459121
0.0883 1010.171607
0.0884 1027.596664
0.0885 1035.954232
0.0886 1045.265640
0.0887 1055.456382
0.0888 1069.505482
0.0889 1090.478324
0.0890 1107.333971
0.0891 1129.961293
0.0892 1149.460886
0.0893 1162.885161
0.0894 1169.245744
0.0895 1183.566246
0.0896 1202.782876
0.0897 1221.900134
0.0898 1234.943445
0.0899 1247.917642
0.0900 1270.781913
0.0901 1288.413726
0.0902 1301.935519
0.0903 1311.287123
0.0904 1318.580234
0.0905 1317.804602
0.0906 1327.937457
0.0907 1330.995213
0.0908 1327.859399
0.0909 1325.675975
0.0910 1316.541760
0.0911 1311.429284
0.0912 1312.358001
0.0913 1302.287006
0.0914 1289.287065
0.0915 1289.310218
0.0916 1296.328583
0.0917 1296.319699
0.0918 1288.334872
0.0919 1291.381825
0.0920 1297.392782
0.0921 1292.390199
0.0922 1294.400926
0.0923 1307.368471
0.0924 1317.272131
0.0925 1319.153337
0.0926 1328.000180
0.0927 1329.825166
0.0928 1339.572521
0.0929 1345.188706
0.0930 1352.769666
0.0931 1359.323061
0.0932 1368.831391
0.0933 1376.298788
0.0934 1382.606930
0.0935 1381.870959
0.0936 1384.133198
0.0937 1376.420882
0.0938 1370.727717
0.0939 1365.081546
0.0940 1365.452722
0.0941 1366.803537
0.0942 1358.194219
0.0943 1346.625651
0.0944 1354.069197
0.0945 1344.432927
0.0946 1346.634487
0.0947 1343.838890
0.0948 1341.060566
0.0949 1341.281106
0.0950 1340.509687
0.0951 1344.734045
0.0952 1343.942187
0.0953 1344.146992
0.0954 1343.364610
0.0955 1347.558406
0.0956 1346.754515
0.0957 1342.884120
0.0958 1340.958041
0.0959 1351.929286
0.0960 1358.812834
0.0961 1356.679428
0.0962 1352.559307
0.0963 1348.457884
0.0964 1348.374828
0.0965 1348.222214
0.0966 1339.979837
0.0967 1341.675717
0.0968 1334.384587
0.0969 1336.099722
0.0970 1329.831690
0.0971 1325.586745
0.0972 1319.360452
0.0973 1319.025423
0.0974 1309.728967
0.0975 1306.454330
0.0976 1296.198037
0.0977 1294.862040
0.0978 1290.537070
0.0979 1287.241829
0.0980 1281.963409
0.0981 1273.733308
0.0982 1267.500291
0.0983 1261.206193
0.0984 1256.929674
0.0985 1257.657706
0.0986 1258.385604
0.0987 1255.122999
0.0988 1253.868952
0.0989 1252.616048
0.0990 1251.380779
0.0991 1247.103821
0.0992 1246.629422
0.0993 1233.185207
0.0994 1231.692861
0.0995 1220.199691
0.0996 1208.761916
0.0997 1196.386901
0.0998 1192.920715
0.0999 1184.493831
0.1000 1180.094009
0.1001 1171.738289
0.1002 1165.414547
0.1003 1158.119703
0.1004 1156.787856
0.1005 1153.389025
0.1006 1148.047441
0.1007 1148.683895
0.1008 1139.348737
0.1009 1133.061006
0.1010 1122.810092
0.1011 1108.629227
0.1012 1090.537061
0.1013 1081.515893
0.1014 1045.601525
0.1015 1033.844055
0.1016 1014.160359
0.1017 1008.536987
0.1018 991.973199
0.1019 981.485755
0.1020 981.030094
0.1021 981.565817
0.1022 989.087571
0.1023 993.580631
0.1024 987.070038
0.1025 990.575061
0.1026 987.079114
0.1027 984.599539
0.1028 982.126326
0.1029 981.668607
0.1030 988.186930
0.1031 995.676670
0.1032 991.148554
0.1033 990.643057
0.1034 978.160941
0.1035 978.717119
0.1036 980.253252
0.1037 974.820053
0.1038 976.392203
0.1039 969.976303
0.1040 961.604490
0.1041 955.275368
0.1042 950.962795
0.1043 948.672184
0.1044 953.377950
0.1045 952.079639
0.1046 948.788028
0.1047 951.513024
0.1048 949.223911
0.1049 947.946422
0.1050 948.654579
0.1051 955.353956
0.1052 958.016293
0.1053 956.672872
0.1054 952.365548
0.1055 957.051826
0.1056 959.712840
0.1057 955.381749
0.1058 955.057267
0.1059 959.727284
0.1060 954.392940
0.1061 954.075553
0.1062 946.784930
0.1063 943.514035
0.1064 939.273126
0.1065 933.053005
0.1066 921.895354
0.1067 905.802487
0.1068 890.779079
0.1069 880.831147
0.1070 872.932432
0.1071 872.057375
0.1072 867.202574
0.1073 864.372025
0.1074 857.557464
0.1075 851.785022
0.1076 842.035385
0.1077 842.317642
0.1078 839.610669
0.1079 834.932676
0.1080 831.267691
0.1081 827.637360
0.1082 831.986924
0.1083 828.334403
0.1084 821.727004
0.1085 823.120270
0.1086 825.504665
0.1087 815.800640
0.1088 805.979763
0.1089 803.200348
0.1090 797.454525
0.1091 792.727340
0.1092 782.046134
0.1093 764.450291
0.1094 743.942948
0.1095 726.542109
0.1096 716.204899
0.1097 706.927723
0.1098 702.687607
0.1099 705.457741
0.1100 702.231092
0.1101 704.990672
0.1102 708.738522
0.1103 713.463237
0.1104 715.175273
0.1105 712.888161
0.1106 711.599801
0.1107 703.331798
0.1108 707.080256
0.1109 705.826374
0.1110 708.564031
0.1111 706.302004
0.1112 698.077460
0.1113 697.782286
0.1114 696.460205
0.1115 695.126404
0.1116 685.839321
0.1117 685.561110
0.1118 676.313859
0.1119 676.089688
0.1120 660.910204
0.1121 662.765062
0.1122 662.613324
0.1123 664.456051
0.1124 661.313945
0.1125 655.186819
0.1126 652.080766
0.1127 647.012778
0.1128 635.969999
0.1129 617.013497
0.1130 576.217748
0.1131 543.612940
0.1132 512.075185
0.1133 500.634370
0.1134 492.228441
0.1135 479.892051
0.1136 483.570106
0.1137 481.239391
0.1138 472.945120
0.1139 474.672569
0.1140 468.400089
0.1141 464.161702
0.1142 437.991832
0.1143 416.969244
0.1144 404.041985
0.1145 398.159730
0.1146 390.336830
0.1147 384.673471
0.1148 383.014879
0.1149 397.339346
0.1150 389.631435
0.1151 391.960766
0.1152 388.267171
0.1153 387.595434
0.1154 381.937266
0.1155 385.267123
0.1156 391.586183
0.1157 393.792883
0.1158 408.915567
0.1159 412.982326
0.1160 417.011484
0.1161 421.031013
0.1162 430.015135
0.1163 436.955077
0.1164 438.870029
0.1165 450.761981
0.1166 464.570482
0.1167 464.333930
0.1168 475.076509
0.1169 482.772173
0.1170 491.425760
0.1171 499.036840
0.1172 499.620841
0.1173 498.213671
0.1174 501.795791
0.1175 501.368382
0.1176 499.946069
0.1177 494.541832
0.1178 491.176252
0.1179 480.832185
0.1180 463.562928
0.1181 442.406213
0.1182 416.369888
0.1183 388.493212
0.1184 370.741194
0.1185 343.088722
0.1186 318.594729
0.1187 304.200075
0.1188 293.876210
0.1189 292.582744
0.1190 293.273811
0.1191 294.972386
0.1192 308.609388
0.1193 314.206962
0.1194 317.775377
0.1195 324.330958
0.1196 334.828138
0.1197 340.273646
0.1198 340.716369
0.1199 348.132829
0.1200 351.532291
0.1201 358.885484
0.1202 362.204733
0.1203 368.516308
0.1204 374.794612
0.1205 384.021260
0.1206 390.212937
0.1207 400.349614
0.1208 405.449346
0.1209 406.533598
0.1210 407.618299
0.1211 409.695292
0.1212 417.755996
0.1213 420.777407
0.1214 424.766989
0.1215 427.754435
0.1216 433.703543
0.1217 430.647039
0.1218 428.601598
0.1219 419.583410
0.1220 411.620938
0.1221 411.684007
0.1222 401.769905
0.1223 396.904768
0.1224 407.006114
0.1225 402.113550
0.1226 399.231028
0.1227 403.348963
0.1228 401.468156
0.1229 410.569832
0.1230 410.530098
0.1231 412.457265
0.1232 412.388276
0.1233 412.306188
0.1234 413.237872
0.1235 414.160585
0.1236 417.052229
0.1237 417.947831
0.1238 424.822397
0.1239 429.672698
0.1240 432.493568
0.1241 440.286425
0.1242 443.049865
0.1243 448.804058
0.1244 445.531137
0.1245 441.280820
0.1246 437.058474
0.1247 431.859377
0.1248 433.674275
0.1249 438.477775
0.1250 437.262421
0.1251 438.041524
0.1252 435.830032
0.1253 419.670067
0.1254 412.574419
0.1255 410.500131
0.1256 406.448704
0.1257 403.414259
0.1258 398.404740
0.1259 406.384627
0.1260 408.326068
0.1261 404.276900
0.1262 401.248367
0.1263 397.232376
0.1264 391.251559
0.1265 385.312293
0.1266 390.374737
0.1267 381.443782
0.1268 379.536775
0.1269 381.638030
0.1270 382.729089
0.1271 387.796788
0.1272 395.827909
0.1273 387.861175
0.1274 370.963066
0.1275 359.140184
0.1276 347.365166
0.1277 330.689926
0.1278 306.128363
0.1279 289.667144
0.1280 267.315551
0.1281 242.080255
0.1282 218.976740
0.1283 206.970101
0.1284 200.999844
0.1285 189.093809
0.1286 187.222183
0.1287 194.350871
0.1288 193.457089
0.1289 191.550010
0.1290 187.672253
0.1291 184.809617
0.1292 190.946904
0.1293 203.018137
0.1294 209.054783
0.1295 218.033763
0.1296 219.991883
0.1297 227.925184
0.1298 231.823595
0.1299 239.701860
0.1300 248.527566
0.1301 252.318467
0.1302 256.093482
0.1303 262.834721
0.1304 261.555761
0.1305 258.296496
0.1306 250.074788
0.1307 240.894501
0.1308 240.743049
0.1309 233.615174
0.1310 221.501102
0.1311 190.523727
0.1312 173.682780
0.1313 154.954671
0.1314 137.299842
0.1315 123.741497
0.1316 111.168572
0.1317 108.574517
0.1318 107.990690
0.1319 105.434273
0.1320 113.834498
0.1321 109.291105
0.1322 98.003045
0.1323 82.770161
0.1324 64.619699
0.1325 48.576312
0.1326 50.596049
0.1327 43.615259
0.1328 34.696331
0.1329 23.819275
0.1330 14.986144
0.1331 10.256020
0.1332 4.598433
0.1333 4.969943
0.1334 11.345150
0.1335 7.706015
0.1336 7.118314
0.1337 4.865558
0.1338 6.640213
0.1339 3.417018
0.1340 5.283724
0.1341 1.322710
0.1342 2.697924
0.1343 2.153456
0.1344 1.614196
0.1345 2.142033
0.1346 4.928385
0.1347 0.781498
0.1348 3.711243
0.1349 1.210929
0.1350 4.873890
0.1351 5.547082
0.1352 2.338456
0.1353 2.170012
0.1354 2.104269
0.1355 2.132291
0.1356 2.200402
0.1357 5.178795
0.1358 3.427132
0.1359 2.901883
0.1360 3.431707
0.1361 1.396151
0.1362 4.515061
0.1363 2.611086
0.1364 0.887730
0.1365 4.327439
0.1366 1.846082
0.1367 2.255476
0.1368 3.461385
0.1369 1.590903
0.1370 0.835182
0.1371 3.115299
0.1372 1.391062
0.1373 1.742845
0.1374 4.386851
0.1375 2.175740
0.1376 2.924545
0.1377 6.597268
0.1378 1.376747
0.1379 2.198764
0.1380 4.132937
0.1381 2.192985
0.1382 1.378263
0.1383 1.517927
0.1384 1.856524
0.1385 4.197177
0.1386 2.522987
0.1387 2.917520
0.1388 2.281310
0.1389 1.607297
0.1390 3.882985
0.1391 4.093530
0.1392 3.365027
0.1393 0.955755
0.1394 1.585367
0.1395 3.357155
0.1396 1.152817
0.1397 2.904706
0.1398 1.655457
0.1399 1.453722
0.1400 1.502035
0.1401 4.656867
0.1402 1.870969
0.1403 3.024531
0.1404 4.286904
0.1405 2.613491
0.1406 0.923918
0.1407 3.417359
0.1408 3.002151
0.1409 4.652322
0.1410 1.287443
0.1411 4.500681
0.1412 1.636478
0.1413 2.568953
0.1414 3.397919
0.1415 5.352064
0.1416 3.428899
0.1417 1.515657
0.1418 3.570117
0.1419 3.600403
0.1420 1.822459
0.1421 2.057258
0.1422 3.126038
0.1423 1.244181
0.1424 2.481881
0.1425 1.839296
0.1426 4.475248
0.1427 2.265449
0.1428 4.224252
0.1429 2.091579
0.1430 2.850339
0.1431 7.270110
0.1432 2.420761
0.1433 3.564123
0.1434 3.821513
0.1435 4.107524
0.1436 2.451600
0.1437 8.640625
0.1438 1.869447
0.1439 4.169258
0.1440 2.462913
0.1441 3.683737
0.1442 2.899138
0.1443 4.128936
0.1444 3.439896
0.1445 1.690875
0.1446 0.894551
0.1447 2.990987
0.1448 4.075416
0.1449 6.067924
0.1450 2.020255
0.1451 1.073524
0.1452 4.164052
0.1453 5.280659
0.1454 6.498722
0.1455 1.719760
0.1456 3.881942
0.1457 1.993336
0.1458 5.346489
0.1459 4.710318
0.1460 6.059695
0.1461 4.440306
0.1462 7.915522
0.1463 1.393328
0.1464 1.180010
0.1465 4.050718
0.1466 6.733450
0.1467 2.349284
0.1468 9.057394
0.1469 5.798500
0.1470 4.639814
0.1471 0.577747
0.1472 7.570856
0.1473 4.462991
0.1474 9.139400
0.1475 5.924462
0.1476 7.669916
0.1477 5.296700
0.1478 4.813944
0.1479 3.300443
0.1480 3.673232
0.1481 4.130071
0.1482 2.795177
0.1483 5.549070
0.1484 4.300219
0.1485 3.824176
0.1486 5.199097
0.1487 3.489951
0.1488 6.721461
0.1489 5.918088
0.1490 6.222376
0.1491 4.622309
0.1492 5.875911
0.1493 5.012420
0.1494 9.053623
0.1495 4.197299
0.1496 7.182413
0.1497 8.021057
0.1498 9.055391
0.1499 6.244937
0.1500 4.336610
0.1501 8.400108
0.1502 5.729011
0.1503 8.319454
0.1504 9.955631
0.1505 12.297738
0.1506 9.581147
0.1507 7.072914
0.1508 13.533162
0.1509 10.993150
0.1510 6.340966
0.1511 9.406814
0.1512 9.465850
0.1513 5.529609
0.1514 9.796177
0.1515 9.122179
0.1516 6.339999
0.1517 7.413363
0.1518 15.340720
0.1519 9.037597
0.1520 6.685193
0.1521 15.249372
0.1522 2.770842
0.1523 21.304419
0.1524 15.659310
0.1525 9.788514
0.1526 19.890353
0.1527 26.955797
0.1528 16.895133
0.1529 27.806255
0.1530 26.699235
0.1531 28.656103
0.1532 33.576595
0.1533 49.396974
0.1534 58.146379
0.1535 73.719274
0.1536 95.048364
0.1537 107.210089
0.1538 150.146056
0.1539 190.821482
0.1540 240.151577
0.1541 292.239642
0.1542 335.994193
0.1543 373.451765
0.1544 407.692728
0.1545 447.565897
0.1546 473.202621
0.1547 514.535424
0.1548 552.632079
0.1549 583.383200
0.1550 615.879165
0.1551 657.165207
0.1552 693.052255
0.1553 728.664694
0.1554 773.883278
0.1555 794.779616
0.1556 817.478120
0.1557 835.076418
0.1558 869.378807
0.1559 892.203044
0.1560 904.789478
0.1561 917.248260
0.1562 930.631862
0.1563 951.870012
0.1564 974.921139
0.1565 996.851868
0.1566 1007.694356
0.1567 1023.459283
0.1568 1039.145565
0.1569 1048.556708
0.1570 1065.827262
0.1571 1076.037738
0.1572 1100.141992
0.1573 1115.020552
0.1574 1127.826368
0.1575 1136.589901
0.1576 1151.272534
0.1577 1165.871703
0.1578 1180.405718
0.1579 1183.880295
0.1580 1200.246281
0.1581 1215.442441
0.1582 1227.482428
0.1583 1234.421927
0.1584 1242.313275
0.1585 1243.076915
0.1586 1248.821182
0.1587 1250.532387
0.1588 1247.220045
0.1589 1253.799027
0.1590 1250.310851
0.1591 1250.631036
0.1592 1249.937328
0.1593 1260.215322
0.1594 1258.467521
0.1595 1245.756583
0.1596 1232.117386
0.1597 1219.581964
0.1598 1214.071717
0.1599 1222.537770
0.1600 1224.998910
0.1601 1226.308832
0.1602 1224.428411
0.1603 1223.489660
0.1604 1224.527176
0.1605 1229.503974
0.1606 1220.399005
0.1607 1221.329407
0.1608 1220.276791
0.1609 1209.246545
0.1610 1204.250942
0.1611 1202.277895
0.1612 1206.295269
0.1613 1214.278135
0.1614 1214.098548
0.1615 1204.949621
0.1616 1188.873499
0.1617 1180.870138
0.1618 1174.900899
0.1619 1161.981965
0.1620 1164.082991
0.1621 1161.199880
0.1622 1158.321117
0.1623 1160.437750
0.1624 1164.533241
0.1625 1174.574267
0.1626 1173.494464
0.1627 1181.360917
0.1628 1184.094833
0.1629 1187.807741
0.1630 1190.501870
0.1631 1192.181993
0.1632 1188.888140
0.1633 1183.600762
0.1634 1185.187138
0.1635 1175.779634
0.1636 1163.305628
0.1637 1148.900711
0.1638 1133.566472
0.1639 1127.300573
0.1640 1121.080399
0.1641 1122.867512
0.1642 1120.663392
0.1643 1119.457867
0.1644 1111.273723
0.1645 1100.146560
0.1646 1095.065630
0.1647 1095.001889
0.1648 1098.926816
0.1649 1096.847168
0.1650 1099.757579
0.1651 1106.653054
0.1652 1114.506826
0.1653 1117.321142
0.1654 1117.132379
0.1655 1117.950171
0.1656 1114.770347
0.1657 1112.607221
0.1658 1109.452134
0.1659 1104.330853
0.1660 1103.209910
0.1661 1096.111936
0.1662 1092.048593
0.1663 1085.015019
0.1664 1068.034639
0.1665 1044.174729
0.1666 1026.349046
0.1667 1022.530029
0.1668 1010.738429
0.1669 1008.006985
0.1670 1003.293572
0.1671 1005.579114
0.1672 1009.842298
0.1673 1007.101972
0.1674 1009.368375
0.1675 1006.638613
0.1676 1013.906172
0.1677 1004.167480
0.1678 998.465056
0.1679 1000.781074
0.1680 989.104743
0.1681 986.485187
0.1682 982.885474
0.1683 981.288725
0.1684 979.709893
0.1685 976.132603
0.1686 973.449446
0.1687 968.781530
0.1688 958.140486
0.1689 955.535578
0.1690 955.953360
0.1691 947.375331
0.1692 927.873347
0.1693 912.486124
0.1694 902.152843
0.1695 894.876118
0.1696 881.643266
0.1697 876.327207
0.1698 872.042728
0.1699 868.781988
0.1700 874.513227
0.1701 876.218294
0.1702 882.902899
0.1703 883.568931
0.1704 886.231262
0.1705 873.907095
0.1706 863.665191
0.1707 851.474004
0.1708 845.314812
0.1709 843.191994
0.1710 844.074960
0.1711 843.955025
0.1712 848.820955
0.1713 843.698246
0.1714 846.569012
0.1715 849.430807
0.1716 847.272714
0.1717 846.121524
0.1718 835.887614
0.1719 829.684920
0.1720 822.532128
0.1721 808.304015
0.1722 805.108689
0.1723 805.921380
0.1724 809.733273
0.1725 806.541248
0.1726 809.338119
0.1727 807.143276
0.1728 809.933220
0.1729 814.712052
0.1730 818.478918
0.1731 814.241131
0.1732 810.031385
0.1733 796.879776
0.1734 793.888860
0.1735 794.892460
0.1736 791.905944
0.1737 795.919369
0.1738 795.912752
0.1739 801.781444
0.1740 800.625380
0.1741 797.477801
0.1742 797.329942
0.1743 796.199686
0.1744 795.064298
0.1745 795.929226
0.1746 796.797047
0.1747 796.655601
0.1748 793.525677
0.1749 794.410650
0.1750 795.284641
0.1751 791.171489
0.1752 777.092035
0.1753 770.085666
0.1754 757.124961
0.1755 752.207022
0.1756 747.319763
0.1757 746.446767
0.1758 754.560733
0.1759 754.649885
0.1760 750.736666
0.1761 751.845487
0.1762 751.953446
0.1763 751.068442
0.1764 750.168577
0.1765 753.264854
0.1766 752.365893
0.1767 760.445483
0.1768 763.501743
0.1769 766.535406
0.1770 766.552399
0.1771 769.572657
0.1772 767.580232
0.1773 759.605129
0.1774 745.683571
0.1775 735.847285
0.1776 729.055517
0.1777 729.282327
0.1778 737.484582
0.1779 734.674474
0.1780 736.857000
0.1781 733.049398
0.1782 731.247501
0.1783 730.456893
0.1784 726.680202
0.1785 717.945315
0.1786 715.248948
0.1787 712.550737
0.1788 709.873562
0.1789 708.198721
0.1790 707.536340
0.1791 703.894433
0.1792 703.258653
0.1793 700.624725
0.1794 698.009083
0.1795 695.410077
0.1796 685.835040
0.1797 681.297104
0.1798 675.797503
0.1799 674.306037
0.1800 671.835818
0.1801 670.378119
0.1802 665.924280
0.1803 665.482862
0.1804 670.032752
0.1805 665.583436
0.1806 660.166927
0.1807 653.776196
0.1808 653.405086
0.1809 656.031296
0.1810 659.640120
0.1811 653.250504
0.1812 646.897196
0.1813 643.579963
0.1814 640.262621
0.1815 629.992232
0.1816 630.749352
0.1817 632.496619
0.1818 630.251476
0.1819 624.014551
0.1820 613.824008
0.1821 612.666339
0.1822 611.520878
0.1823 607.382694
0.1824 609.247641
0.1825 593.155513
0.1826 574.158273
0.1827 569.229254
0.1828 565.325015
0.1829 557.449176
0.1830 550.615027
0.1831 547.799927
0.1832 543.007474
0.1833 537.240811
0.1834 532.509217
0.1835 532.788846
0.1836 531.069288
0.1837 535.342675
0.1838 538.593676
0.1839 537.836626
0.1840 536.097507
0.1841 541.341812
0.1842 545.565697
0.1843 543.779145
0.1844 544.002918
0.1845 544.224774
0.1846 550.424441
0.1847 545.617614
0.1848 537.854011
0.1849 528.127225
0.1850 517.374002
0.1851 513.619522
0.1852 505.888878
0.1853 499.192862
0.1854 502.513960
0.1855 502.823431
0.1856 508.109256
0.1857 507.386885
0.1858 506.670941
0.1859 507.951737
0.1860 503.232327
0.1861 503.537310
0.1862 493.855267
0.1863 488.231293
0.1864 486.614554
0.1865 478.026556
0.1866 469.487503
0.1867 468.964421
0.1868 464.463481
0.1869 457.999442
0.1870 451.561311
0.1871 452.140907
0.1872 451.722376
0.1873 447.317373
0.1874 449.908717
0.1875 446.504458
0.1876 438.124057
0.1877 430.788602
0.1878 425.493818
0.1879 421.230038
0.1880 418.968796
0.1881 420.716635
0.1882 410.489910
0.1883 383.360461
0.1884 353.405482
0.1885 335.558894
0.1886 320.816071
0.1887 309.130323
0.1888 290.546338
0.1889 284.002913
0.1890 283.478153
0.1891 288.947197
0.1892 290.390973
0.1893 290.834259
0.1894 292.276092
0.1895 292.715716
0.1896 295.147161
0.1897 298.565947
0.1898 290.977818
0.1899 288.428006
0.1900 281.894539
0.1901 279.383223
0.1902 274.909221
0.1903 270.446627
0.1904 265.014877
0.1905 270.589001
0.1906 259.165181
0.1907 255.787840
0.1908 254.420791
0.1909 255.056543
0.1910 251.702623
0.1911 244.364949
0.1912 243.059456
0.1913 230.779400
0.1914 215.575633
0.1915 207.437959
0.1916 199.349102
0.1917 202.276039
0.1918 205.181579
0.1919 202.097373
0.1920 186.057601
0.1921 170.105073
0.1922 144.260049
0.1923 94.630293
0.1924 66.202830
0.1925 51.903840
0.1926 47.653203
0.1927 33.431633
0.1928 25.278026
0.1929 19.164409
0.1930 9.098048
0.1931 2.051952
0.1932 7.031160
0.1933 4.013238
0.1934 2.996828
0.1935 4.972267
0.1936 2.948948
0.1937 1.932245
0.1938 4.913643
0.1939 4.026023
0.1940 7.269447
0.1941 1.512923
0.1942 2.845690
0.1943 2.290723
0.1944 2.082463
0.1945 2.870351
0.1946 5.664066
0.1947 1.453841
0.1948 2.237112
0.1949 6.089633
0.1950 3.148020
0.1951 0.244613
0.1952 6.346443
0.1953 2.536883
0.1954 2.722151
0.1955 2.047941
0.1956 3.371597
0.1957 1.697464
0.1958 1.076639
0.1959 1.712200
0.1960 4.442924
0.1961 3.172951
0.1962 2.903111
0.1963 3.630685
0.1964 4.357947
0.1965 0.084157
0.1966 1.816690
0.1967 2.550173
0.1968 1.371818
0.1969 0.374292
0.1970 2.558687
0.1971 0.857786
0.1972 2.335236
0.1973 2.783827
0.1974 2.515055
0.1975 0.416148
0.1976 2.601813
0.1977 2.014305
0.1978 0.486269
0.1979 2.872904
0.1980 3.291719
0.1981 1.764767
0.1982 1.206631
0.1983 1.756893
0.1984 2.383370
0.1985 1.127827
0.1986 1.087396
0.1987 4.022467
0.1988 1.898270
0.1989 0.772383
0.1990 3.652333
0.1991 1.725777
0.1992 2.229367
0.1993 2.777539
0.1994 1.297616
0.1995 2.833000
0.1996 0.510444
0.1997 1.087697
0.1998 0.874314
0.1999 0.756989
0.2000 4.917538
0.2001 2.075210
0.2002 0.402377
0.2003 2.160773
0.2004 1.381903
0.2005 1.671664
0.2006 1.695485
0.2007 3.670693
0.2008 1.555508
0.2009 1.449966
0.2010 2.372590
0.2011 1.462226
0.2012 3.507483
0.2013 0.710128
0.2014 3.929799
0.2015 1.202706
0.2016 1.514031
0.2017 1.817009
0.2018 1.108108
0.2019 2.406358
0.2020 1.887274
0.2021 1.569988
0.2022 1.260108
0.2023 1.167130
0.2024 3.174143
0.2025 3.319439
0.2026 2.512341
0.2027 4.871889
0.2028 2.278941
0.2029 1.635264
0.2030 4.996851
0.2031 2.519586
0.2032 1.614748
0.2033 1.646488
0.2034 6.697968
0.2035 1.937367
0.2036 3.102081
0.2037 3.270738
0.2038 2.527372
0.2039 1.794642
0.2040 2.353628
0.2041 3.226180
0.2042 4.125445
0.2043 2.945607
0.2044 0.873354
0.2045 3.973880
0.2046 1.164913
0.2047 2.265494
0.2048 4.590240
0.2049 1.753179
0.2050 3.925816
0.2051 4.022831
0.2052 2.010971
0.2053 2.684653
0.2054 3.136571
0.2055 1.602671
0.2056 2.101022
0.2057 1.547196
0.2058 3.000257
0.2059 3.447889
0.2060 1.959299
0.2061 3.442885
0.2062 5.878384
0.2063 1.638522
0.2064 2.989694
0.2065 5.487708
0.2066 1.963267
0.2067 2.228168
0.2068 3.484430
0.2069 0.445567
0.2070 2.271987
0.2071 2.095512
0.2072 2.809930
0.2073 5.405451
0.2074 4.087433
0.2075 4.006973
0.2076 2.836708
0.2077 4.536428
0.2078 3.141055
0.2079 2.697841
0.2080 8.168305
0.2081 2.584490
0.2082 4.893993
0.2083 4.096363
0.2084 3.260299
0.2085 4.410630
0.2086 3.298168
0.2087 5.191200
0.2088 7.875206
0.2089 4.351530
0.2090 6.259676
0.2091 2.314289
0.2092 6.574046
0.2093 3.000766
0.2094 2.406834
0.2095 1.829925
0.2096 2.287786
0.2097 1.871131
0.2098 6.608948
0.2099 5.623345
0.2100 7.787894
0.2101 5.842523
0.2102 5.971637
0.2103 6.068046
0.2104 10.070467
0.2105 5.847952
0.2106 4.201087
0.2107 3.873480
0.2108 10.755461
0.2109 4.413243
0.2110 4.901551
0.2111 4.344587
0.2112 7.879525
0.2113 5.405319
0.2114 6.060755
0.2115 2.861999
0.2116 5.773558
0.2117 5.701955
0.2118 4.824511
0.2119 6.042671
0.2120 8.324823
0.2121 6.778060
0.2122 6.416698
0.2123 5.933598
0.2124 3.737995
0.2125 5.528037
0.2126 6.328544
0.2127 6.311652
0.2128 5.511957
0.2129 11.838955
0.2130 7.980029
0.2131 12.007305
0.2132 7.862433
0.2133 10.422615
0.2134 6.908123
0.2135 14.451357
0.2136 9.904267
0.2137 11.366560
0.2138 12.908297
0.2139 9.607586
0.2140 10.006400
0.2141 15.320919
0.2142 13.616875
0.2143 10.638305
0.2144 21.545143
0.2145 17.292672
0.2146 20.974825
0.2147 14.707422
0.2148 22.302240
0.2149 15.915801
0.2150 29.371256
0.2151 29.787806
0.2152 31.095338
0.2153 56.292302
0.2154 73.327660
0.2155 97.284782
0.2156 129.984915
0.2157 178.464926
0.2158 232.581241
0.2159 270.340421
0.2160 319.080736
0.2161 351.544930
0.2162 399.657497
0.2163 446.301885
0.2164 499.664276
0.2165 546.756647
0.2166 584.545179
0.2167 615.112107
0.2168 651.350398
0.2169 690.323276
0.2170 726.898384
0.2171 765.147956
0.2172 803.812788
0.2173 845.233948
0.2174 884.429696
0.2175 915.397520
0.2176 943.109831
0.2177 965.653823
0.2178 988.985899
0.2179 1002.222031
0.2180 1009.256459
0.2181 1041.086549
0.2182 1072.666870
0.2183 1099.890392
0.2184 1118.979788
0.2185 1135.757725
0.2186 1153.388228
0.2187 1170.929531
0.2188 1194.356113
0.2189 1217.645593
0.2190 1229.843892
0.2191 1252.776979
0.2192 1269.374518
0.2193 1291.735387
0.2194 1307.814183
0.2195 1318.725932
0.2196 1328.594280
0.2197 1343.401714
0.2198 1354.002456
0.2199 1367.538460
0.2200 1383.000595
0.2201 1387.391676
0.2202 1389.776237
0.2203 1403.115346
0.2204 1410.399125
0.2205 1420.560584
0.2206 1438.448801
0.2207 1451.208696
0.2208 1458.831358
0.2209 1471.400668
0.2210 1468.937318
0.2211 1473.472682
0.2212 1479.969297
0.2213 1486.313009
0.2214 1489.616613
0.2215 1494.903404
0.2216 1490.160108
0.2217 1490.287317
0.2218 1499.296495
0.2219 1504.275070
0.2220 1504.233476
0.2221 1513.125836
0.2222 1518.886230
0.2223 1518.629711
0.2224 1517.379247
0.2225 1512.921312
0.2226 1519.409236
0.2227 1529.848378
0.2228 1527.254844
0.2229 1530.539381
0.2230 1523.746462
0.2231 1521.934168
0.2232 1517.140012
0.2233 1512.377061
0.2234 1514.610231
0.2235 1518.833672
0.2236 1519.038236
0.2237 1516.220670
0.2238 1518.301388
0.2239 1518.368118
0.2240 1519.305385
0.2241 1520.093316
0.2242 1512.800826
0.2243 1507.513671
0.2244 1505.139815
0.2245 1505.751367
0.2246 1501.260209
0.2247 1497.628116
0.2248 1485.048610
0.2249 1472.545223
0.2250 1471.956411
0.2251 1472.345755
0.2252 1469.726585
0.2253 1460.147779
0.2254 1454.616488
0.2255 1453.969020
0.2256 1454.315970
0.2257 1458.650742
0.2258 1459.974822
0.2259 1462.277704
0.2260 1455.601801
0.2261 1453.946522
0.2262 1457.290103
0.2263 1448.648706
0.2264 1435.061007
0.2265 1431.513066
0.2266 1425.996750
0.2267 1432.471428
0.2268 1430.946530
0.2269 1434.378741
0.2270 1434.578357
0.2271 1431.763015
0.2272 1434.946111
0.2273 1435.121151
0.2274 1448.255172
0.2275 1455.347183
0.2276 1451.383600
0.2277 1449.341899
0.2278 1459.291379
0.2279 1462.201331
0.2280 1466.086466
0.2281 1462.982772
0.2282 1461.872430
0.2283 1461.788214
0.2284 1455.710180
0.2285 1450.660023
0.2286 1448.633466
0.2287 1442.490402
0.2288 1436.374279
0.2289 1431.159259
0.2290 1429.761700
0.2291 1426.312894
0.2292 1422.860711
0.2293 1418.313966
0.2294 1404.825014
0.2295 1389.415764
0.2296 1377.943144
0.2297 1374.493770
0.2298 1366.991174
0.2299 1361.484544
0.2300 1355.993450
0.2301 1347.556815
0.2302 1340.148148
0.2303 1331.792502
0.2304 1327.464735
0.2305 1322.165303
0.2306 1319.877143
0.2307 1317.602614
0.2308 1316.343741
0.2309 1319.074803
0.2310 1314.822644
0.2311 1307.598701
0.2312 1303.403525
0.2313 1306.222906
0.2314 1308.009372
0.2315 1301.817301
0.2316 1295.650800
0.2317 1293.512618
0.2318 1273.421416
0.2319 1242.472848
0.2320 1209.677753
0.2321 1168.960226
0.2322 1152.272857
0.2323 1134.671919
0.2324 1124.163057
0.2325 1103.731401
0.2326 1092.371857
0.2327 1075.087431
0.2328 1064.890139
0.2329 1055.749364
0.2330 1044.650196
0.2331 1042.589505
0.2332 1032.546993
0.2333 1021.575309
0.2334 996.705845
0.2335 987.907397
0.2336 962.208597
0.2337 933.656727
0.2338 868.343973
0.2339 825.357235
0.2340 793.572006
0.2341 778.888328
0.2342 764.278246
0.2343 755.750360
0.2344 762.209389
0.2345 763.528840
0.2346 752.874111
0.2347 757.223639
0.2348 748.574481
0.2349 750.951846
0.2350 749.340228
0.2351 754.725817
0.2352 747.098328
0.2353 754.477734
0.2354 757.811077
0.2355 762.131849
0.2356 774.400064
0.2357 777.640421
0.2358 782.869734
0.2359 788.061483
0.2360 788.248820
0.2361 782.431449
0.2362 781.654665
0.2363 781.859231
0.2364 782.060073
0.2365 788.251356
0.2366 796.401265
0.2367 795.523518
0.2368 784.654451
0.2369 746.932474
0.2370 732.369543
0.2371 722.864288
0.2372 709.423549
0.2373 702.056347
0.2374 690.714951
0.2375 681.424303
0.2376 675.198868
0.2377 673.987862
0.2378 672.784070
0.2379 676.555903
0.2380 676.339186
0.2381 675.128177
0.2382 680.902264
0.2383 680.653951
0.2384 685.391426
0.2385 690.119342
0.2386 690.825058
0.2387 696.512229
0.2388 704.153649
0.2389 713.748860
0.2390 723.299042
0.2391 727.808712
0.2392 731.303246
0.2393 737.763950
0.2394 748.188681
0.2395 754.559338
0.2396 755.912856
0.2397 747.278495
0.2398 746.673459
0.2399 750.060273
0.2400 751.429163
0.2401 751.759013
0.2402 748.000749
0.2403 743.266629
0.2404 744.557142
0.2405 743.836910
0.2406 741.106326
0.2407 736.417325
0.2408 726.771054
0.2409 725.138638
0.2410 716.547640
0.2411 711.991084
0.2412 703.464461
0.2413 694.003248
0.2414 687.577407
0.2415 689.156483
0.2416 692.711063
0.2417 693.254926
0.2418 692.798928
0.2419 694.347623
0.2420 699.874866
0.2421 700.387184
0.2422 702.873257
0.2423 700.400962
0.2424 689.947950
0.2425 682.537198
0.2426 681.146621
0.2427 683.736546
0.2428 673.368266
0.2429 669.038788
0.2430 672.708430
0.2431 675.364094
0.2432 678.011276
0.2433 677.644048
0.2434 684.265553
0.2435 685.865297
0.2436 687.460873
0.2437 683.058600
0.2438 686.655511
0.2439 690.232366
0.2440 699.772488
0.2441 699.282653
0.2442 696.804585
0.2443 696.342869
0.2444 698.872670
0.2445 696.385652
0.2446 689.937531
0.2447 691.494009
0.2448 690.058509
0.2449 694.618311
0.2450 695.161758
0.2451 695.700370
0.2452 694.227531
0.2453 695.772710
0.2454 689.333313
0.2455 683.906642
0.2456 675.520689
0.2457 667.189506
0.2458 663.881267
0.2459 662.586794
0.2460 659.261893
0.2461 652.876274
0.2462 637.544805
0.2463 636.258576
0.2464 630.009013
0.2465 620.788847
0.2466 613.605951
0.2467 613.446264
0.2468 615.285762
0.2469 615.127598
0.2470 614.964154
0.2471 618.794523
0.2472 616.625628
0.2473 617.443449
0.2474 618.253823
0.2475 621.057831
0.2476 608.902709
0.2477 580.843584
0.2478 548.952093
0.2479 523.210191
0.2480 494.622534
0.2481 477.147351
0.2482 462.771062
0.2483 457.425644
0.2484 452.120971
0.2485 449.844658
0.2486 449.575896
0.2487 450.298970
0.2488 446.030327
0.2489 449.770316
0.2490 453.483016
0.2491 465.152448
0.2492 472.770865
0.2493 477.358529
0.2494 480.919806
0.2495 461.521388
0.2496 453.205724
0.2497 433.980571
0.2498 415.833177
0.2499 401.774489
