0 0
0.0001 0
0.0002 0
0.0003 2
0.0004 2
0.0005 3
0.0006 5
0.0007 9
0.0008 11
0.0009 24
0.001 45
0.0011 58
0.0012 76
0.0013 87
0.0014 106
0.0015 136
0.0016 178
0.0017 218
0.0018 258
0.0019 285
0.002 329
0.0021 369
0.0022 408
0.0023 423
0.0024 456
0.0025 489
0.0026 525
0.0027 577
0.0028 610
0.0029 673
0.003 709
0.0031 771
0.0032 808
0.0033 868
0.0034 936
0.0035 989
0.0036 1036
0.0037 1082
0.0038 1121
0.0039 1144
0.004 1158
0.0041 1178
0.0042 1204
0.0043 1222
0.0044 1214
0.0045 1219
0.0046 1236
0.0047 1249
0.0048 1267
0.0049 1292
0.005 1312
0.0051 1297
0.0052 1289
0.0053 1313
0.0054 1328
0.0055 1342
0.0056 1369
0.0057 1372
0.0058 1401
0.0059 1434
0.006 1449
0.0061 1467
0.0062 1474
0.0063 1494
0.0064 1510
0.0065 1533
0.0066 1544
0.0067 1558
0.0068 1575
0.0069 1600
0.007 1620
0.0071 1627
0.0072 1645
0.0073 1673
0.0074 1699
0.0075 1714
0.0076 1733
0.0077 1751
0.0078 1761
0.0079 1780
0.008 1797
0.0081 1818
0.0082 1813
0.0083 1816
0.0084 1802
0.0085 1821
0.0086 1843
0.0087 1835
0.0088 1829
0.0089 1835
0.009 1823
0.0091 1813
0.0092 1788
0.0093 1777
0.0094 1756
0.0095 1721
0.0096 1706
0.0097 1697
0.0098 1700
0.0099 1706
0.01 1720
0.0101 1729
0.0102 1728
0.0103 1747
0.0104 1748
0.0105 1760
0.0106 1768
0.0107 1764
0.0108 1763
0.0109 1786
0.011 1797
0.0111 1788
0.0112 1769
0.0113 1762
0.0114 1763
0.0115 1759
0.0116 1778
0.0117 1792
0.0118 1809
0.0119 1833
0.012 1841
0.0121 1836
0.0122 1835
0.0123 1825
0.0124 1821
0.0125 1804
0.0126 1795
0.0127 1782
0.0128 1749
0.0129 1741
0.013 1744
0.0131 1758
0.0132 1769
0.0133 1782
0.0134 1787
0.0135 1789
0.0136 1790
0.0137 1775
0.0138 1742
0.0139 1725
0.014 1712
0.0141 1705
0.0142 1724
0.0143 1737
0.0144 1731
0.0145 1720
0.0146 1710
0.0147 1692
0.0148 1690
0.0149 1676
0.015 1677
0.0151 1684
0.0152 1662
0.0153 1625
0.0154 1606
0.0155 1595
0.0156 1591
0.0157 1591
0.0158 1598
0.0159 1599
0.016 1601
0.0161 1598
0.0162 1580
0.0163 1587
0.0164 1544
0.0165 1511
0.0166 1499
0.0167 1499
0.0168 1475
0.0169 1463
0.017 1440
0.0171 1440
0.0172 1427
0.0173 1424
0.0174 1419
0.0175 1407
0.0176 1414
0.0177 1421
0.0178 1404
0.0179 1409
0.018 1382
0.0181 1385
0.0182 1389
0.0183 1375
0.0184 1376
0.0185 1350
0.0186 1346
0.0187 1341
0.0188 1320
0.0189 1303
0.019 1285
0.0191 1263
0.0192 1228
0.0193 1204
0.0194 1204
0.0195 1206
0.0196 1193
0.0197 1182
0.0198 1178
0.0199 1157
0.02 1141
0.0201 1125
0.0202 1105
0.0203 1089
0.0204 1088
0.0205 1080
0.0206 1077
0.0207 1051
0.0208 1045
0.0209 1029
0.021 1035
0.0211 1029
0.0212 1021
0.0213 1028
0.0214 1035
0.0215 1020
0.0216 1018
0.0217 986
0.0218 966
0.0219 974
0.022 957
0.0221 959
0.0222 962
0.0223 947
0.0224 938
0.0225 932
0.0226 945
0.0227 933
0.0228 922
0.0229 918
0.023 904
0.0231 881
0.0232 884
0.0233 881
0.0234 874
0.0235 865
0.0236 853
0.0237 840
0.0238 834
0.0239 819
0.024 789
0.0241 793
0.0242 793
0.0243 798
0.0244 792
0.0245 773
0.0246 768
0.0247 763
0.0248 752
0.0249 740
0.025 742
0.0251 725
0.0252 723
0.0253 702
0.0254 701
0.0255 678
0.0256 651
0.0257 630
0.0258 605
0.0259 609
0.026 609
0.0261 615
0.0262 612
0.0263 630
0.0264 618
0.0265 635
0.0266 631
0.0267 616
0.0268 615
0.0269 601
0.027 636
0.0271 633
0.0272 625
0.0273 632
0.0274 633
0.0275 643
0.0276 647
0.0277 654
0.0278 669
0.0279 676
0.028 666
0.0281 685
0.0282 700
0.0283 686
0.0284 688
0.0285 689
0.0286 675
0.0287 660
0.0288 643
0.0289 660
0.029 645
0.0291 635
0.0292 641
0.0293 646
0.0294 629
0.0295 627
0.0296 618
0.0297 593
0.0298 590
0.0299 587
0.03 551
0.0301 533
0.0302 529
0.0303 509
0.0304 492
0.0305 500
0.0306 522
0.0307 520
0.0308 517
0.0309 511
0.031 520
0.0311 525
0.0312 507
0.0313 493
0.0314 494
0.0315 494
0.0316 461
0.0317 445
0.0318 438
0.0319 423
0.032 412
0.0321 400
0.0322 373
0.0323 368
0.0324 350
0.0325 348
0.0326 340
0.0327 345
0.0328 326
0.0329 277
0.033 245
0.0331 205
0.0332 156
0.0333 132
0.0334 108
0.0335 88
0.0336 65
0.0337 34
0.0338 25
0.0339 11
0.034 7
0.0341 3
0.0342 1
0.0343 1
0.0344 2
0.0345 1
0.0346 2
0.0347 0
0.0348 0
0.0349 3
0.035 2
0.0351 1
0.0352 0
0.0353 0
0.0354 1
0.0355 3
0.0356 0
0.0357 0
0.0358 1
0.0359 1
0.036 0
0.0361 2
0.0362 0
0.0363 2
0.0364 4
0.0365 2
0.0366 0
0.0367 0
0.0368 0
0.0369 0
0.037 0
0.0371 1
0.0372 0
0.0373 0
0.0374 0
0.0375 0
0.0376 0
0.0377 0
0.0378 2
0.0379 0
0.038 0
0.0381 0
0.0382 0
0.0383 0
0.0384 0
0.0385 1
0.0386 1
0.0387 0
0.0388 0
0.0389 0
0.039 0
0.0391 2
0.0392 0
0.0393 0
0.0394 0
0.0395 1
0.0396 1
0.0397 0
0.0398 1
0.0399 2
0.04 0
0.0401 0
0.0402 0
0.0403 0
0.0404 0
0.0405 0
0.0406 2
0.0407 0
0.0408 2
0.0409 0
0.041 1
0.0411 0
0.0412 1
0.0413 0
0.0414 0
0.0415 0
0.0416 0
0.0417 0
0.0418 0
0.0419 0
0.042 0
0.0421 0
0.0422 0
0.0423 2
0.0424 1
0.0425 0
0.0426 1
0.0427 1
0.0428 1
0.0429 0
0.043 2
0.0431 2
0.0432 0
0.0433 0
0.0434 1
0.0435 1
0.0436 1
0.0437 2
0.0438 1
0.0439 0
0.044 0
0.0441 0
0.0442 1
0.0443 0
0.0444 0
0.0445 2
0.0446 1
0.0447 3
0.0448 0
0.0449 1
0.045 0
0.0451 1
0.0452 1
0.0453 0
0.0454 1
0.0455 3
0.0456 3
0.0457 1
0.0458 2
0.0459 2
0.046 5
0.0461 0
0.0462 1
0.0463 0
0.0464 3
0.0465 0
0.0466 0
0.0467 0
0.0468 1
0.0469 0
0.047 0
0.0471 1
0.0472 0
0.0473 0
0.0474 0
0.0475 0
0.0476 0
0.0477 0
0.0478 0
0.0479 0
0.048 0
0.0481 0
0.0482 0
0.0483 0
0.0484 2
0.0485 1
0.0486 2
0.0487 0
0.0488 4
0.0489 2
0.049 1
0.0491 0
0.0492 0
0.0493 0
0.0494 1
0.0495 0
0.0496 0
0.0497 0
0.0498 0
0.0499 1
0.05 2
0.0501 0
0.0502 1
0.0503 1
0.0504 1
0.0505 0
0.0506 1
0.0507 0
0.0508 0
0.0509 1
0.051 1
0.0511 0
0.0512 0
0.0513 3
0.0514 2
0.0515 0
0.0516 0
0.0517 0
0.0518 1
0.0519 1
0.052 0
0.0521 1
0.0522 1
0.0523 2
0.0524 1
0.0525 0
0.0526 0
0.0527 1
0.0528 0
0.0529 1
0.053 1
0.0531 0
0.0532 1
0.0533 0
0.0534 0
0.0535 0
0.0536 0
0.0537 0
0.0538 0
0.0539 0
0.054 1
0.0541 0
0.0542 0
0.0543 0
0.0544 0
0.0545 0
0.0546 1
0.0547 0
0.0548 0
0.0549 0
0.055 0
0.0551 0
0.0552 0
0.0553 0
0.0554 0
0.0555 0
0.0556 1
0.0557 1
0.0558 1
0.0559 0
0.056 3
0.0561 2
0.0562 2
0.0563 4
0.0564 1
0.0565 1
0.0566 2
0.0567 1
0.0568 4
0.0569 3
0.057 1
0.0571 3
0.0572 1
0.0573 3
0.0574 3
0.0575 3
0.0576 1
0.0577 1
0.0578 0
0.0579 1
0.058 1
0.0581 2
0.0582 0
0.0583 3
0.0584 0
0.0585 1
0.0586 1
0.0587 0
0.0588 0
0.0589 2
0.059 1
0.0591 1
0.0592 2
0.0593 1
0.0594 3
0.0595 0
0.0596 2
0.0597 0
0.0598 1
0.0599 2
0.06 2
0.0601 0
0.0602 0
0.0603 0
0.0604 0
0.0605 0
0.0606 0
0.0607 0
0.0608 1
0.0609 1
0.061 1
0.0611 1
0.0612 1
0.0613 0
0.0614 2
0.0615 2
0.0616 0
0.0617 1
0.0618 3
0.0619 0
0.062 2
0.0621 0
0.0622 0
0.0623 0
0.0624 1
0.0625 0
0.0626 0
0.0627 2
0.0628 0
0.0629 2
0.063 0
0.0631 1
0.0632 0
0.0633 0
0.0634 0
0.0635 1
0.0636 2
0.0637 1
0.0638 0
0.0639 1
0.064 2
0.0641 0
0.0642 0
0.0643 2
0.0644 0
0.0645 0
0.0646 1
0.0647 0
0.0648 0
0.0649 0
0.065 0
0.0651 1
0.0652 1
0.0653 2
0.0654 0
0.0655 0
0.0656 0
0.0657 0
0.0658 0
0.0659 1
0.066 0
0.0661 0
0.0662 3
0.0663 0
0.0664 1
0.0665 2
0.0666 1
0.0667 2
0.0668 0
0.0669 1
0.067 2
0.0671 0
0.0672 1
0.0673 1
0.0674 4
0.0675 2
0.0676 1
0.0677 3
0.0678 3
0.0679 1
0.068 1
0.0681 0
0.0682 1
0.0683 2
0.0684 0
0.0685 0
0.0686 0
0.0687 1
0.0688 2
0.0689 0
0.069 0
0.0691 0
0.0692 0
0.0693 0
0.0694 0
0.0695 1
0.0696 2
0.0697 0
0.0698 1
0.0699 0
0.07 0
0.0701 1
0.0702 0
0.0703 0
0.0704 0
0.0705 0
0.0706 1
0.0707 1
0.0708 0
0.0709 0
0.071 1
0.0711 0
0.0712 0
0.0713 0
0.0714 2
0.0715 2
0.0716 1
0.0717 0
0.0718 0
0.0719 1
0.072 0
0.0721 0
0.0722 0
0.0723 0
0.0724 1
0.0725 2
0.0726 0
0.0727 1
0.0728 1
0.0729 0
0.073 0
0.0731 0
0.0732 1
0.0733 0
0.0734 0
0.0735 2
0.0736 0
0.0737 1
0.0738 2
0.0739 0
0.074 0
0.0741 1
0.0742 0
0.0743 1
0.0744 4
0.0745 2
0.0746 1
0.0747 2
0.0748 1
0.0749 3
0.075 2
0.0751 1
0.0752 0
0.0753 1
0.0754 0
0.0755 1
0.0756 4
0.0757 1
0.0758 1
0.0759 4
0.076 7
0.0761 3
0.0762 2
0.0763 2
0.0764 0
0.0765 0
0.0766 3
0.0767 4
0.0768 2
0.0769 2
0.077 0
0.0771 2
0.0772 1
0.0773 1
0.0774 0
0.0775 0
0.0776 2
0.0777 1
0.0778 1
0.0779 1
0.078 1
0.0781 3
0.0782 1
0.0783 2
0.0784 2
0.0785 1
0.0786 3
0.0787 2
0.0788 0
0.0789 4
0.079 0
0.0791 0
0.0792 0
0.0793 0
0.0794 2
0.0795 1
0.0796 1
0.0797 3
0.0798 0
0.0799 3
0.08 0
0.0801 5
0.0802 3
0.0803 4
0.0804 6
0.0805 4
0.0806 3
0.0807 1
0.0808 4
0.0809 12
0.081 18
0.0811 20
0.0812 25
0.0813 30
0.0814 41
0.0815 40
0.0816 61
0.0817 71
0.0818 91
0.0819 103
0.082 114
0.0821 153
0.0822 186
0.0823 226
0.0824 251
0.0825 306
0.0826 333
0.0827 355
0.0828 383
0.0829 387
0.083 387
0.0831 394
0.0832 418
0.0833 443
0.0834 476
0.0835 482
0.0836 493
0.0837 509
0.0838 526
0.0839 562
0.084 579
0.0841 607
0.0842 638
0.0843 652
0.0844 678
0.0845 703
0.0846 747
0.0847 787
0.0848 838
0.0849 849
0.085 855
0.0851 893
0.0852 906
0.0853 927
0.0854 935
0.0855 933
0.0856 932
0.0857 928
0.0858 939
0.0859 953
0.086 977
0.0861 992
0.0862 1005
0.0863 1018
0.0864 1045
0.0865 1061
0.0866 1092
0.0867 1125
0.0868 1136
0.0869 1161
0.087 1193
0.0871 1192
0.0872 1190
0.0873 1178
0.0874 1189
0.0875 1201
0.0876 1208
0.0877 1217
0.0878 1230
0.0879 1258
0.088 1279
0.0881 1305
0.0882 1305
0.0883 1303
0.0884 1298
0.0885 1303
0.0886 1323
0.0887 1327
0.0888 1330
0.0889 1327
0.089 1332
0.0891 1318
0.0892 1313
0.0893 1304
0.0894 1299
0.0895 1313
0.0896 1295
0.0897 1302
0.0898 1293
0.0899 1307
0.09 1276
0.0901 1245
0.0902 1223
0.0903 1203
0.0904 1179
0.0905 1167
0.0906 1143
0.0907 1144
0.0908 1122
0.0909 1124
0.091 1130
0.0911 1110
0.0912 1104
0.0913 1101
0.0914 1085
0.0915 1098
0.0916 1089
0.0917 1054
0.0918 1028
0.0919 1018
0.092 1001
0.0921 991
0.0922 980
0.0923 959
0.0924 958
0.0925 938
0.0926 939
0.0927 927
0.0928 929
0.0929 958
0.093 944
0.0931 938
0.0932 914
0.0933 907
0.0934 903
0.0935 909
0.0936 925
0.0937 910
0.0938 900
0.0939 916
0.094 936
0.0941 944
0.0942 935
0.0943 939
0.0944 931
0.0945 937
0.0946 924
0.0947 916
0.0948 906
0.0949 893
0.095 874
0.0951 865
0.0952 844
0.0953 829
0.0954 824
0.0955 800
0.0956 798
0.0957 789
0.0958 780
0.0959 748
0.096 728
0.0961 728
0.0962 720
0.0963 704
0.0964 683
0.0965 647
0.0966 593
0.0967 552
0.0968 526
0.0969 501
0.097 473
0.0971 455
0.0972 430
0.0973 395
0.0974 356
0.0975 323
0.0976 287
0.0977 270
0.0978 275
0.0979 257
0.098 258
0.0981 263
0.0982 259
0.0983 267
0.0984 265
0.0985 266
0.0986 255
0.0987 233
0.0988 223
0.0989 210
0.099 181
0.0991 176
0.0992 155
0.0993 162
0.0994 161
0.0995 143
0.0996 136
0.0997 122
0.0998 115
0.0999 103
0.1 96
0.1001 96
0.1002 96
0.1003 75
0.1004 50
0.1005 49
0.1006 50
0.1007 45
0.1008 40
0.1009 22
0.101 24
0.1011 7
0.1012 4
0.1013 4
0.1014 6
0.1015 12
0.1016 6
0.1017 10
0.1018 4
0.1019 11
0.102 7
0.1021 9
0.1022 8
0.1023 9
0.1024 5
0.1025 6
0.1026 1
0.1027 1
0.1028 4
0.1029 2
0.103 2
0.1031 4
0.1032 2
0.1033 7
0.1034 3
0.1035 3
0.1036 2
0.1037 3
0.1038 4
0.1039 3
0.104 2
0.1041 1
0.1042 1
0.1043 2
0.1044 3
0.1045 2
0.1046 1
0.1047 3
0.1048 1
0.1049 2
0.105 3
0.1051 1
0.1052 1
0.1053 1
0.1054 1
0.1055 0
0.1056 1
0.1057 1
0.1058 0
0.1059 0
0.106 1
0.1061 0
0.1062 2
0.1063 0
0.1064 0
0.1065 1
0.1066 0
0.1067 0
0.1068 1
0.1069 0
0.107 0
0.1071 2
0.1072 0
0.1073 0
0.1074 0
0.1075 0
0.1076 0
0.1077 0
0.1078 0
0.1079 0
0.108 0
0.1081 1
0.1082 1
0.1083 1
0.1084 0
0.1085 0
0.1086 1
0.1087 3
0.1088 5
0.1089 1
0.109 1
0.1091 1
0.1092 1
0.1093 1
0.1094 1
0.1095 0
0.1096 1
0.1097 1
0.1098 0
0.1099 0
0.11 0
0.1101 0
0.1102 0
0.1103 0
0.1104 1
0.1105 2
0.1106 0
0.1107 0
0.1108 0
0.1109 0
0.111 0
0.1111 1
0.1112 2
0.1113 0
0.1114 1
0.1115 0
0.1116 0
0.1117 2
0.1118 0
0.1119 1
0.112 2
0.1121 0
0.1122 1
0.1123 0
0.1124 0
0.1125 0
0.1126 0
0.1127 0
0.1128 0
0.1129 2
0.113 0
0.1131 0
0.1132 0
0.1133 0
0.1134 0
0.1135 1
0.1136 0
0.1137 0
0.1138 0
0.1139 0
0.114 0
0.1141 0
0.1142 1
0.1143 0
0.1144 0
0.1145 1
0.1146 1
0.1147 2
0.1148 0
0.1149 0
0.115 1
0.1151 0
0.1152 0
0.1153 0
0.1154 0
0.1155 0
0.1156 0
0.1157 0
0.1158 0
0.1159 0
0.116 0
0.1161 1
0.1162 1
0.1163 1
0.1164 0
0.1165 0
0.1166 1
0.1167 1
0.1168 0
0.1169 0
0.117 1
0.1171 0
0.1172 1
0.1173 0
0.1174 1
0.1175 0
0.1176 2
0.1177 1
0.1178 1
0.1179 1
0.118 0
0.1181 0
0.1182 0
0.1183 0
0.1184 0
0.1185 0
0.1186 0
0.1187 0
0.1188 0
0.1189 0
0.119 0
0.1191 0
0.1192 0
0.1193 1
0.1194 1
0.1195 0
0.1196 2
0.1197 2
0.1198 0
0.1199 0
0.12 0
0.1201 0
0.1202 1
0.1203 3
0.1204 0
0.1205 4
0.1206 1
0.1207 1
0.1208 1
0.1209 1
0.121 2
0.1211 1
0.1212 1
0.1213 2
0.1214 1
0.1215 0
0.1216 0
0.1217 0
0.1218 0
0.1219 0
0.122 0
0.1221 0
0.1222 0
0.1223 0
0.1224 0
0.1225 0
0.1226 0
0.1227 1
0.1228 2
0.1229 1
0.123 0
0.1231 0
0.1232 0
0.1233 1
0.1234 0
0.1235 0
0.1236 1
0.1237 0
0.1238 4
0.1239 0
0.124 1
0.1241 1
0.1242 0
0.1243 1
0.1244 1
0.1245 1
0.1246 0
0.1247 0
0.1248 0
0.1249 0
0.125 2
0.1251 0
0.1252 0
0.1253 1
0.1254 1
0.1255 0
0.1256 0
0.1257 2
0.1258 2
0.1259 1
0.126 0
0.1261 5
0.1262 3
0.1263 5
0.1264 3
0.1265 3
0.1266 3
0.1267 2
0.1268 2
0.1269 3
0.127 1
0.1271 0
0.1272 1
0.1273 1
0.1274 1
0.1275 1
0.1276 1
0.1277 0
0.1278 0
0.1279 2
0.128 0
0.1281 0
0.1282 0
0.1283 2
0.1284 0
0.1285 0
0.1286 0
0.1287 1
0.1288 3
0.1289 3
0.129 0
0.1291 1
0.1292 1
0.1293 2
0.1294 1
0.1295 0
0.1296 0
0.1297 1
0.1298 1
0.1299 0
0.13 0
0.1301 1
0.1302 0
0.1303 0
0.1304 0
0.1305 2
0.1306 3
0.1307 1
0.1308 0
0.1309 0
0.131 1
0.1311 2
0.1312 2
0.1313 1
0.1314 1
0.1315 0
0.1316 1
0.1317 1
0.1318 1
0.1319 1
0.132 2
0.1321 0
0.1322 0
0.1323 1
0.1324 0
0.1325 0
0.1326 0
0.1327 1
0.1328 3
0.1329 2
0.133 0
0.1331 1
0.1332 1
0.1333 0
0.1334 3
0.1335 0
0.1336 1
0.1337 2
0.1338 4
0.1339 6
0.134 3
0.1341 4
0.1342 12
0.1343 7
0.1344 3
0.1345 4
0.1346 5
0.1347 3
0.1348 3
0.1349 1
0.135 1
0.1351 1
0.1352 2
0.1353 2
0.1354 0
0.1355 1
0.1356 4
0.1357 4
0.1358 3
0.1359 3
0.136 3
0.1361 4
0.1362 9
0.1363 6
0.1364 7
0.1365 7
0.1366 19
0.1367 11
0.1368 14
0.1369 23
0.137 23
0.1371 27
0.1372 32
0.1373 43
0.1374 73
0.1375 80
0.1376 94
0.1377 105
0.1378 112
0.1379 107
0.138 101
0.1381 95
0.1382 86
0.1383 95
0.1384 94
0.1385 108
0.1386 136
0.1387 178
0.1388 211
0.1389 237
0.139 256
0.1391 256
0.1392 286
0.1393 316
0.1394 350
0.1395 384
0.1396 396
0.1397 413
0.1398 423
0.1399 448
0.14 464
0.1401 500
0.1402 541
0.1403 583
0.1404 615
0.1405 648
0.1406 682
0.1407 711
0.1408 740
0.1409 761
0.141 787
0.1411 789
0.1412 801
0.1413 818
0.1414 840
0.1415 843
0.1416 868
0.1417 879
0.1418 906
0.1419 902
0.142 911
0.1421 914
0.1422 902
0.1423 895
0.1424 896
0.1425 900
0.1426 889
0.1427 899
0.1428 907
0.1429 923
0.143 946
0.1431 953
0.1432 956
0.1433 959
0.1434 981
0.1435 991
0.1436 1013
0.1437 1024
0.1438 1023
0.1439 1035
0.144 1040
0.1441 1039
0.1442 1030
0.1443 1040
0.1444 1070
0.1445 1071
0.1446 1082
0.1447 1075
0.1448 1084
0.1449 1082
0.145 1091
0.1451 1107
0.1452 1123
0.1453 1122
0.1454 1142
0.1455 1149
0.1456 1147
0.1457 1144
0.1458 1131
0.1459 1122
0.146 1103
0.1461 1111
0.1462 1129
0.1463 1138
0.1464 1167
0.1465 1182
0.1466 1169
0.1467 1165
0.1468 1172
0.1469 1165
0.147 1190
0.1471 1197
0.1472 1248
0.1473 1257
0.1474 1264
0.1475 1285
0.1476 1270
0.1477 1280
0.1478 1286
0.1479 1268
0.148 1252
0.1481 1229
0.1482 1206
0.1483 1190
0.1484 1211
0.1485 1194
0.1486 1194
0.1487 1198
0.1488 1182
0.1489 1197
0.149 1195
0.1491 1202
0.1492 1209
0.1493 1224
0.1494 1216
0.1495 1225
0.1496 1207
0.1497 1178
0.1498 1165
0.1499 1151
0.15 1131
0.1501 1119
0.1502 1105
0.1503 1100
0.1504 1082
0.1505 1051
0.1506 1057
0.1507 1055
0.1508 1050
0.1509 1030
0.151 1004
0.1511 1016
0.1512 1013
0.1513 1035
0.1514 1024
0.1515 1030
0.1516 1005
0.1517 997
0.1518 987
0.1519 984
0.152 992
0.1521 976
0.1522 978
0.1523 987
0.1524 949
0.1525 950
0.1526 927
0.1527 897
0.1528 893
0.1529 883
0.153 871
0.1531 847
0.1532 823
0.1533 810
0.1534 799
0.1535 778
0.1536 779
0.1537 750
0.1538 727
0.1539 709
0.154 708
0.1541 698
0.1542 687
0.1543 672
0.1544 675
0.1545 710
0.1546 702
0.1547 723
0.1548 711
0.1549 701
0.155 695
0.1551 685
0.1552 672
0.1553 666
0.1554 655
0.1555 637
0.1556 612
0.1557 610
0.1558 573
0.1559 578
0.156 570
0.1561 552
0.1562 531
0.1563 533
0.1564 531
0.1565 511
0.1566 504
0.1567 484
0.1568 479
0.1569 488
0.157 490
0.1571 503
0.1572 501
0.1573 500
0.1574 489
0.1575 488
0.1576 500
0.1577 503
0.1578 497
0.1579 465
0.158 456
0.1581 439
0.1582 413
0.1583 382
0.1584 344
0.1585 299
0.1586 296
0.1587 280
0.1588 252
0.1589 207
0.159 173
0.1591 143
0.1592 118
0.1593 105
0.1594 75
0.1595 38
0.1596 21
0.1597 11
0.1598 3
0.1599 10
0.16 12
0.1601 17
0.1602 15
0.1603 21
0.1604 29
0.1605 25
0.1606 11
0.1607 22
0.1608 16
0.1609 9
0.161 15
0.1611 16
0.1612 13
0.1613 11
0.1614 9
0.1615 7
0.1616 6
0.1617 5
0.1618 4
0.1619 4
0.162 3
0.1621 4
0.1622 2
0.1623 2
0.1624 2
0.1625 1
0.1626 2
0.1627 0
0.1628 2
0.1629 2
0.163 3
0.1631 2
0.1632 4
0.1633 0
0.1634 4
0.1635 1
0.1636 1
0.1637 1
0.1638 1
0.1639 0
0.164 0
0.1641 0
0.1642 0
0.1643 0
0.1644 0
0.1645 0
0.1646 1
0.1647 0
0.1648 2
0.1649 1
0.165 0
0.1651 0
0.1652 1
0.1653 2
0.1654 1
0.1655 1
0.1656 0
0.1657 0
0.1658 0
0.1659 0
0.166 0
0.1661 1
0.1662 1
0.1663 0
0.1664 0
0.1665 0
0.1666 0
0.1667 2
0.1668 0
0.1669 1
0.167 0
0.1671 0
0.1672 0
0.1673 2
0.1674 0
0.1675 0
0.1676 0
0.1677 0
0.1678 0
0.1679 0
0.168 0
0.1681 1
0.1682 0
0.1683 1
0.1684 2
0.1685 2
0.1686 3
0.1687 1
0.1688 2
0.1689 1
0.169 2
0.1691 0
0.1692 0
0.1693 1
0.1694 1
0.1695 1
0.1696 1
0.1697 0
0.1698 0
0.1699 1
0.17 0
0.1701 0
0.1702 1
0.1703 1
0.1704 0
0.1705 2
0.1706 1
0.1707 0
0.1708 0
0.1709 1
0.171 1
0.1711 0
0.1712 1
0.1713 0
0.1714 0
0.1715 0
0.1716 0
0.1717 1
0.1718 0
0.1719 0
0.172 1
0.1721 1
0.1722 0
0.1723 1
0.1724 0
0.1725 0
0.1726 0
0.1727 0
0.1728 0
0.1729 0
0.173 0
0.1731 0
0.1732 0
0.1733 0
0.1734 4
0.1735 2
0.1736 0
0.1737 0
0.1738 0
0.1739 0
0.174 0
0.1741 0
0.1742 0
0.1743 0
0.1744 0
0.1745 0
0.1746 0
0.1747 0
0.1748 0
0.1749 0
0.175 0
0.1751 0
0.1752 0
0.1753 1
0.1754 0
0.1755 0
0.1756 2
0.1757 0
0.1758 0
0.1759 0
0.176 0
0.1761 0
0.1762 2
0.1763 0
0.1764 0
0.1765 0
0.1766 0
0.1767 0
0.1768 0
0.1769 0
0.177 0
0.1771 2
0.1772 0
0.1773 1
0.1774 0
0.1775 1
0.1776 0
0.1777 0
0.1778 0
0.1779 0
0.178 1
0.1781 0
0.1782 0
0.1783 0
0.1784 2
0.1785 0
0.1786 0
0.1787 1
0.1788 1
0.1789 0
0.179 0
0.1791 1
0.1792 0
0.1793 0
0.1794 0
0.1795 0
0.1796 0
0.1797 0
0.1798 1
0.1799 1
0.18 0
0.1801 0
0.1802 2
0.1803 0
0.1804 0
0.1805 0
0.1806 0
0.1807 0
0.1808 0
0.1809 0
0.181 0
0.1811 0
0.1812 2
0.1813 0
0.1814 1
0.1815 0
0.1816 2
0.1817 0
0.1818 0
0.1819 1
0.182 1
0.1821 0
0.1822 3
0.1823 0
0.1824 1
0.1825 2
0.1826 0
0.1827 0
0.1828 0
0.1829 2
0.183 0
0.1831 0
0.1832 0
0.1833 1
0.1834 0
0.1835 1
0.1836 0
0.1837 1
0.1838 0
0.1839 1
0.184 3
0.1841 0
0.1842 1
0.1843 0
0.1844 0
0.1845 0
0.1846 0
0.1847 3
0.1848 1
0.1849 0
0.185 0
0.1851 2
0.1852 0
0.1853 1
0.1854 1
0.1855 1
0.1856 0
0.1857 1
0.1858 0
0.1859 1
0.186 2
0.1861 2
0.1862 1
0.1863 0
0.1864 2
0.1865 2
0.1866 0
0.1867 0
0.1868 0
0.1869 2
0.187 1
0.1871 1
0.1872 1
0.1873 0
0.1874 0
0.1875 0
0.1876 0
0.1877 1
0.1878 1
0.1879 1
0.188 1
0.1881 0
0.1882 2
0.1883 2
0.1884 0
0.1885 0
0.1886 0
0.1887 0
0.1888 1
0.1889 1
0.189 1
0.1891 0
0.1892 0
0.1893 2
0.1894 2
0.1895 1
0.1896 0
0.1897 1
0.1898 0
0.1899 0
0.19 0
0.1901 0
0.1902 0
0.1903 0
0.1904 1
0.1905 0
0.1906 0
0.1907 0
0.1908 0
0.1909 1
0.191 1
0.1911 1
0.1912 0
0.1913 2
0.1914 2
0.1915 1
0.1916 2
0.1917 0
0.1918 2
0.1919 0
0.192 2
0.1921 1
0.1922 0
0.1923 2
0.1924 1
0.1925 1
0.1926 3
0.1927 2
0.1928 2
0.1929 1
0.193 0
0.1931 0
0.1932 4
0.1933 1
0.1934 4
0.1935 1
0.1936 0
0.1937 4
0.1938 2
0.1939 1
0.194 4
0.1941 1
0.1942 3
0.1943 1
0.1944 3
0.1945 1
0.1946 1
0.1947 2
0.1948 5
0.1949 3
0.195 2
0.1951 0
0.1952 4
0.1953 0
0.1954 1
0.1955 0
0.1956 2
0.1957 0
0.1958 1
0.1959 1
0.196 0
0.1961 1
0.1962 5
0.1963 4
0.1964 5
0.1965 3
0.1966 1
0.1967 2
0.1968 4
0.1969 1
0.197 2
0.1971 1
0.1972 1
0.1973 3
0.1974 3
0.1975 0
0.1976 1
0.1977 1
0.1978 3
0.1979 1
0.198 2
0.1981 4
0.1982 1
0.1983 0
0.1984 3
0.1985 0
0.1986 1
0.1987 2
0.1988 1
0.1989 2
0.199 3
0.1991 0
0.1992 0
0.1993 2
0.1994 0
0.1995 1
0.1996 5
0.1997 1
0.1998 4
0.1999 4
0.2 2
0.2001 0
0.2002 2
0.2003 3
0.2004 0
0.2005 0
0.2006 2
0.2007 9
0.2008 8
0.2009 5
0.201 4
0.2011 2
0.2012 2
0.2013 2
0.2014 3
0.2015 0
0.2016 1
0.2017 6
0.2018 4
0.2019 1
0.202 10
0.2021 8
0.2022 18
0.2023 23
0.2024 29
0.2025 44
0.2026 50
0.2027 62
0.2028 69
0.2029 79
0.203 102
0.2031 131
0.2032 145
0.2033 172
0.2034 224
0.2035 247
0.2036 264
0.2037 297
0.2038 316
0.2039 339
0.204 380
0.2041 411
0.2042 415
0.2043 432
0.2044 467
0.2045 484
0.2046 498
0.2047 497
0.2048 490
0.2049 483
0.205 501
0.2051 530
0.2052 554
0.2053 569
0.2054 582
0.2055 581
0.2056 602
0.2057 645
0.2058 678
0.2059 719
0.206 745
0.2061 767
0.2062 764
0.2063 784
0.2064 794
0.2065 817
0.2066 840
0.2067 860
0.2068 865
0.2069 892
0.207 925
0.2071 944
0.2072 993
0.2073 1026
0.2074 1040
0.2075 1054
0.2076 1042
0.2077 1050
0.2078 1061
0.2079 1072
0.208 1069
0.2081 1089
0.2082 1096
0.2083 1106
0.2084 1126
0.2085 1128
0.2086 1122
0.2087 1127
0.2088 1142
0.2089 1166
0.209 1171
0.2091 1170
0.2092 1166
0.2093 1174
0.2094 1188
0.2095 1209
0.2096 1186
0.2097 1178
0.2098 1156
0.2099 1135
0.21 1119
0.2101 1115
0.2102 1112
0.2103 1120
0.2104 1120
0.2105 1125
0.2106 1118
0.2107 1128
0.2108 1124
0.2109 1126
0.211 1147
0.2111 1158
0.2112 1171
0.2113 1192
0.2114 1180
0.2115 1193
0.2116 1214
0.2117 1217
0.2118 1231
0.2119 1232
0.212 1223
0.2121 1207
0.2122 1194
0.2123 1196
0.2124 1183
0.2125 1175
0.2126 1186
0.2127 1188
0.2128 1222
0.2129 1235
0.213 1266
0.2131 1267
0.2132 1288
0.2133 1305
0.2134 1315
0.2135 1345
0.2136 1346
0.2137 1346
0.2138 1361
0.2139 1348
0.214 1350
0.2141 1336
0.2142 1335
0.2143 1309
0.2144 1274
0.2145 1267
0.2146 1240
0.2147 1202
0.2148 1182
0.2149 1177
0.215 1181
0.2151 1168
0.2152 1159
0.2153 1155
0.2154 1117
0.2155 1106
0.2156 1103
0.2157 1104
0.2158 1095
0.2159 1070
0.216 1057
0.2161 1050
0.2162 1035
0.2163 1016
0.2164 1013
0.2165 1016
0.2166 996
0.2167 979
0.2168 990
0.2169 990
0.217 985
0.2171 997
0.2172 1015
0.2173 1014
0.2174 1004
0.2175 999
0.2176 1016
0.2177 1020
0.2178 1010
0.2179 1012
0.218 1000
0.2181 996
0.2182 988
0.2183 963
0.2184 949
0.2185 949
0.2186 924
0.2187 910
0.2188 886
0.2189 882
0.219 855
0.2191 815
0.2192 784
0.2193 752
0.2194 732
0.2195 702
0.2196 690
0.2197 668
0.2198 687
0.2199 706
0.22 742
0.2201 737
0.2202 736
0.2203 736
0.2204 725
0.2205 709
0.2206 698
0.2207 687
0.2208 675
0.2209 695
0.221 694
0.2211 722
0.2212 708
0.2213 700
0.2214 684
0.2215 662
0.2216 644
0.2217 626
0.2218 606
0.2219 597
0.222 593
0.2221 601
0.2222 591
0.2223 588
0.2224 590
0.2225 588
0.2226 589
0.2227 583
0.2228 575
0.2229 573
0.223 580
0.2231 545
0.2232 535
0.2233 516
0.2234 489
0.2235 474
0.2236 466
0.2237 441
0.2238 410
0.2239 401
0.224 387
0.2241 351
0.2242 332
0.2243 309
0.2244 276
0.2245 261
0.2246 252
0.2247 217
0.2248 196
0.2249 168
0.225 153
0.2251 147
0.2252 134
0.2253 115
0.2254 96
0.2255 70
0.2256 46
0.2257 27
0.2258 19
0.2259 10
0.226 14
0.2261 23
0.2262 10
0.2263 19
0.2264 19
0.2265 20
0.2266 9
0.2267 9
0.2268 7
0.2269 5
0.227 1
0.2271 3
0.2272 3
0.2273 1
0.2274 3
0.2275 2
0.2276 1
0.2277 3
0.2278 2
0.2279 2
0.228 1
0.2281 1
0.2282 0
0.2283 0
0.2284 0
0.2285 0
0.2286 0
0.2287 0
0.2288 1
0.2289 0
0.229 1
0.2291 2
0.2292 0
0.2293 0
0.2294 2
0.2295 0
0.2296 0
0.2297 0
0.2298 1
0.2299 0
0.23 1
0.2301 0
0.2302 2
0.2303 1
0.2304 0
0.2305 2
0.2306 1
0.2307 0
0.2308 0
0.2309 0
0.231 0
0.2311 1
0.2312 0
0.2313 0
0.2314 1
0.2315 0
0.2316 0
0.2317 2
0.2318 1
0.2319 0
0.232 1
0.2321 1
0.2322 1
0.2323 0
0.2324 2
0.2325 1
0.2326 0
0.2327 1
0.2328 0
0.2329 0
0.233 0
0.2331 0
0.2332 0
0.2333 0
0.2334 0
0.2335 0
0.2336 1
0.2337 0
0.2338 0
0.2339 0
0.234 1
0.2341 2
0.2342 0
0.2343 2
0.2344 5
0.2345 1
0.2346 0
0.2347 1
0.2348 1
0.2349 2
0.235 0
0.2351 0
0.2352 0
0.2353 0
0.2354 0
0.2355 0
0.2356 1
0.2357 1
0.2358 1
0.2359 0
0.236 0
0.2361 1
0.2362 0
0.2363 1
0.2364 2
0.2365 1
0.2366 1
0.2367 0
0.2368 1
0.2369 1
0.237 2
0.2371 2
0.2372 0
0.2373 0
0.2374 1
0.2375 0
0.2376 1
0.2377 1
0.2378 2
0.2379 0
0.238 1
0.2381 0
0.2382 1
0.2383 1
0.2384 0
0.2385 1
0.2386 1
0.2387 2
0.2388 0
0.2389 1
0.239 0
0.2391 1
0.2392 0
0.2393 0
0.2394 3
0.2395 5
0.2396 2
0.2397 2
0.2398 2
0.2399 0
0.24 2
0.2401 1
0.2402 1
0.2403 2
0.2404 1
0.2405 1
0.2406 0
0.2407 1
0.2408 0
0.2409 0
0.241 0
0.2411 0
0.2412 0
0.2413 0
0.2414 0
0.2415 0
0.2416 2
0.2417 0
0.2418 0
0.2419 1
0.242 0
0.2421 1
0.2422 0
0.2423 1
0.2424 0
0.2425 1
0.2426 0
0.2427 2
0.2428 1
0.2429 0
0.243 1
0.2431 2
0.2432 2
0.2433 2
0.2434 0
0.2435 5
0.2436 2
0.2437 1
0.2438 3
0.2439 3
0.244 4
0.2441 2
0.2442 3
0.2443 4
0.2444 0
0.2445 0
0.2446 1
0.2447 1
0.2448 0
0.2449 5
0.245 0
0.2451 1
0.2452 1
0.2453 1
0.2454 0
0.2455 1
0.2456 0
0.2457 0
0.2458 0
0.2459 0
0.246 1
0.2461 3
0.2462 1
0.2463 0
0.2464 3
0.2465 2
0.2466 0
0.2467 3
0.2468 1
0.2469 0
0.247 0
0.2471 1
0.2472 1
0.2473 3
0.2474 1
0.2475 0
0.2476 1
0.2477 0
0.2478 1
0.2479 0
0.248 0
0.2481 0
0.2482 0
0.2483 1
0.2484 0
0.2485 1
0.2486 1
0.2487 1
0.2488 0
0.2489 1
0.249 0
0.2491 1
0.2492 1
0.2493 0
0.2494 2
0.2495 0
0.2496 2
0.2497 0
0.2498 0
0.2499 1
0.25 0
