0 0
0.0001 21
0.0002 36
0.0003 59
0.0004 77
0.0005 94
0.0006 102
0.0007 108
0.0008 113
0.0009 111
0.001 116
0.0011 126
0.0012 122
0.0013 123
0.0014 122
0.0015 127
0.0016 132
0.0017 138
0.0018 142
0.0019 136
0.002 127
0.0021 121
0.0022 127
0.0023 129
0.0024 130
0.0025 127
0.0026 129
0.0027 130
0.0028 121
0.0029 120
0.003 106
0.0031 103
0.0032 107
0.0033 106
0.0034 102
0.0035 103
0.0036 107
0.0037 94
0.0038 96
0.0039 94
0.004 101
0.0041 101
0.0042 105
0.0043 105
0.0044 101
0.0045 96
0.0046 97
0.0047 113
0.0048 117
0.0049 113
0.005 112
0.0051 113
0.0052 107
0.0053 108
0.0054 109
0.0055 116
0.0056 107
0.0057 99
0.0058 96
0.0059 92
0.006 91
0.0061 93
0.0062 98
0.0063 102
0.0064 98
0.0065 87
0.0066 90
0.0067 94
0.0068 85
0.0069 84
0.007 86
0.0071 93
0.0072 89
0.0073 91
0.0074 91
0.0075 86
0.0076 83
0.0077 88
0.0078 86
0.0079 84
0.008 89
0.0081 90
0.0082 90
0.0083 85
0.0084 83
0.0085 78
0.0086 77
0.0087 73
0.0088 74
0.0089 79
0.009 77
0.0091 77
0.0092 69
0.0093 69
0.0094 63
0.0095 64
0.0096 66
0.0097 71
0.0098 75
0.0099 73
0.01 72
0.0101 65
0.0102 66
0.0103 72
0.0104 72
0.0105 73
0.0106 70
0.0107 74
0.0108 71
0.0109 70
0.011 67
0.0111 66
0.0112 73
0.0113 72
0.0114 71
0.0115 66
0.0116 68
0.0117 64
0.0118 65
0.0119 63
0.012 68
0.0121 63
0.0122 63
0.0123 58
0.0124 59
0.0125 62
0.0126 62
0.0127 63
0.0128 63
0.0129 62
0.013 59
0.0131 56
0.0132 57
0.0133 57
0.0134 59
0.0135 57
0.0136 57
0.0137 54
0.0138 54
0.0139 55
0.014 62
0.0141 57
0.0142 58
0.0143 61
0.0144 62
0.0145 67
0.0146 65
0.0147 58
0.0148 58
0.0149 59
0.015 57
0.0151 58
0.0152 56
0.0153 54
0.0154 54
0.0155 49
0.0156 50
0.0157 55
0.0158 53
0.0159 56
0.016 49
0.0161 49
0.0162 50
0.0163 46
0.0164 43
0.0165 47
0.0166 51
0.0167 48
0.0168 49
0.0169 48
0.017 49
0.0171 53
0.0172 55
0.0173 58
0.0174 55
0.0175 52
0.0176 48
0.0177 47
0.0178 50
0.0179 52
0.018 49
0.0181 44
0.0182 39
0.0183 33
0.0184 35
0.0185 41
0.0186 40
0.0187 38
0.0188 41
0.0189 43
0.019 43
0.0191 43
0.0192 41
0.0193 45
0.0194 42
0.0195 47
0.0196 46
0.0197 44
0.0198 41
0.0199 41
0.02 43
0.0201 41
0.0202 37
0.0203 35
0.0204 33
0.0205 35
0.0206 36
0.0207 31
0.0208 32
0.0209 38
0.021 37
0.0211 34
0.0212 34
0.0213 30
0.0214 31
0.0215 26
0.0216 25
0.0217 26
0.0218 25
0.0219 28
0.022 29
0.0221 28
0.0222 23
0.0223 23
0.0224 20
0.0225 20
0.0226 22
0.0227 19
0.0228 16
0.0229 13
0.023 18
0.0231 19
0.0232 21
0.0233 20
0.0234 18
0.0235 21
0.0236 20
0.0237 22
0.0238 25
0.0239 25
0.024 27
0.0241 29
0.0242 28
0.0243 28
0.0244 30
0.0245 27
0.0246 26
0.0247 26
0.0248 26
0.0249 27
0.025 28
0.0251 26
0.0252 29
0.0253 24
0.0254 24
0.0255 24
0.0256 28
0.0257 27
0.0258 26
0.0259 23
0.026 24
0.0261 24
0.0262 26
0.0263 26
0.0264 26
0.0265 26
0.0266 26
0.0267 24
0.0268 25
0.0269 22
0.027 23
0.0271 27
0.0272 27
0.0273 25
0.0274 25
0.0275 26
0.0276 27
0.0277 25
0.0278 30
0.0279 31
0.028 28
0.0281 31
0.0282 29
0.0283 27
0.0284 24
0.0285 25
0.0286 23
0.0287 21
0.0288 19
0.0289 20
0.029 21
0.0291 18
0.0292 21
0.0293 18
0.0294 20
0.0295 22
0.0296 22
0.0297 22
0.0298 22
0.0299 22
0.03 25
0.0301 25
0.0302 24
0.0303 23
0.0304 24
0.0305 25
0.0306 23
0.0307 20
0.0308 21
0.0309 19
0.031 21
0.0311 21
0.0312 20
0.0313 16
0.0314 16
0.0315 17
0.0316 18
0.0317 19
0.0318 22
0.0319 18
0.032 16
0.0321 16
0.0322 13
0.0323 14
0.0324 13
0.0325 15
0.0326 17
0.0327 17
0.0328 17
0.0329 16
0.033 14
0.0331 15
0.0332 16
0.0333 17
0.0334 17
0.0335 21
0.0336 19
0.0337 16
0.0338 15
0.0339 16
0.034 13
0.0341 15
0.0342 14
0.0343 18
0.0344 19
0.0345 15
0.0346 15
0.0347 14
0.0348 14
0.0349 15
0.035 17
0.0351 16
0.0352 15
0.0353 15
0.0354 15
0.0355 15
0.0356 13
0.0357 14
0.0358 14
0.0359 13
0.036 13
0.0361 14
0.0362 15
0.0363 13
0.0364 14
0.0365 13
0.0366 11
0.0367 11
0.0368 13
0.0369 13
0.037 12
0.0371 11
0.0372 11
0.0373 8
0.0374 7
0.0375 7
0.0376 8
0.0377 9
0.0378 9
0.0379 9
0.038 10
0.0381 6
0.0382 10
0.0383 9
0.0384 9
0.0385 9
0.0386 9
0.0387 11
0.0388 12
0.0389 13
0.039 13
0.0391 13
0.0392 13
0.0393 15
0.0394 14
0.0395 15
0.0396 14
0.0397 13
0.0398 12
0.0399 11
0.04 11
0.0401 11
0.0402 13
0.0403 15
0.0404 13
0.0405 13
0.0406 11
0.0407 13
0.0408 14
0.0409 13
0.041 11
0.0411 9
0.0412 8
0.0413 11
0.0414 11
0.0415 13
0.0416 11
0.0417 11
0.0418 7
0.0419 5
0.042 6
0.0421 7
0.0422 7
0.0423 6
0.0424 6
0.0425 7
0.0426 7
0.0427 8
0.0428 10
0.0429 11
0.043 16
0.0431 16
0.0432 15
0.0433 14
0.0434 15
0.0435 15
0.0436 12
0.0437 16
0.0438 16
0.0439 16
0.044 16
0.0441 16
0.0442 14
0.0443 14
0.0444 11
0.0445 9
0.0446 8
0.0447 9
0.0448 10
0.0449 11
0.045 10
0.0451 9
0.0452 9
0.0453 9
0.0454 11
0.0455 12
0.0456 11
0.0457 11
0.0458 12
0.0459 11
0.046 13
0.0461 13
0.0462 11
0.0463 12
0.0464 12
0.0465 14
0.0466 13
0.0467 13
0.0468 14
0.0469 14
0.047 13
0.0471 12
0.0472 9
0.0473 11
0.0474 12
0.0475 14
0.0476 14
0.0477 14
0.0478 12
0.0479 12
0.048 13
0.0481 12
0.0482 13
0.0483 10
0.0484 12
0.0485 10
0.0486 11
0.0487 9
0.0488 8
0.0489 7
0.049 8
0.0491 9
0.0492 10
0.0493 11
0.0494 11
0.0495 12
0.0496 12
0.0497 11
0.0498 11
0.0499 9
0.05 11
0.0501 12
0.0502 14
0.0503 12
0.0504 13
0.0505 12
0.0506 12
0.0507 10
0.0508 12
0.0509 12
0.051 11
0.0511 9
0.0512 9
0.0513 8
0.0514 9
0.0515 10
0.0516 10
0.0517 10
0.0518 11
0.0519 8
0.052 7
0.0521 9
0.0522 7
0.0523 8
0.0524 9
0.0525 7
0.0526 11
0.0527 13
0.0528 13
0.0529 11
0.053 12
0.0531 10
0.0532 9
0.0533 9
0.0534 10
0.0535 7
0.0536 8
0.0537 6
0.0538 7
0.0539 8
0.054 7
0.0541 7
0.0542 7
0.0543 8
0.0544 9
0.0545 10
0.0546 9
0.0547 7
0.0548 8
0.0549 7
0.055 9
0.0551 8
0.0552 10
0.0553 8
0.0554 9
0.0555 9
0.0556 12
0.0557 12
0.0558 10
0.0559 10
0.056 8
0.0561 7
0.0562 7
0.0563 5
0.0564 4
0.0565 4
0.0566 5
0.0567 4
0.0568 4
0.0569 5
0.057 6
0.0571 5
0.0572 6
0.0573 5
0.0574 5
0.0575 5
0.0576 7
0.0577 6
0.0578 5
0.0579 5
0.058 5
0.0581 6
0.0582 6
0.0583 5
0.0584 5
0.0585 6
0.0586 5
0.0587 7
0.0588 5
0.0589 5
0.059 3
0.0591 5
0.0592 5
0.0593 4
0.0594 3
0.0595 2
0.0596 1
0.0597 1
0.0598 1
0.0599 2
0.06 4
0.0601 4
0.0602 3
0.0603 2
0.0604 2
0.0605 1
0.0606 0
0.0607 0
0.0608 2
0.0609 3
0.061 4
0.0611 5
0.0612 4
0.0613 4
0.0614 5
0.0615 5
0.0616 7
0.0617 7
0.0618 7
0.0619 7
0.062 8
0.0621 5
0.0622 5
0.0623 6
0.0624 6
0.0625 5
0.0626 7
0.0627 7
0.0628 8
0.0629 10
0.063 9
0.0631 5
0.0632 5
0.0633 5
0.0634 5
0.0635 6
0.0636 6
0.0637 7
0.0638 7
0.0639 7
0.064 7
0.0641 7
0.0642 7
0.0643 7
0.0644 5
0.0645 5
0.0646 7
0.0647 7
0.0648 7
0.0649 5
0.065 4
0.0651 4
0.0652 4
0.0653 5
0.0654 3
0.0655 3
0.0656 3
0.0657 4
0.0658 4
0.0659 3
0.066 4
0.0661 3
0.0662 4
0.0663 4
0.0664 5
0.0665 4
0.0666 5
0.0667 5
0.0668 5
0.0669 5
0.067 6
0.0671 5
0.0672 5
0.0673 5
0.0674 6
0.0675 7
0.0676 7
0.0677 6
0.0678 7
0.0679 8
0.068 7
0.0681 6
0.0682 6
0.0683 6
0.0684 5
0.0685 5
0.0686 5
0.0687 6
0.0688 5
0.0689 5
0.069 6
0.0691 7
0.0692 9
0.0693 8
0.0694 10
0.0695 9
0.0696 7
0.0697 6
0.0698 5
0.0699 3
0.07 3
0.0701 5
0.0702 4
0.0703 4
0.0704 3
0.0705 2
0.0706 2
0.0707 2
0.0708 2
0.0709 4
0.071 4
0.0711 5
0.0712 5
0.0713 6
0.0714 6
0.0715 7
0.0716 7
0.0717 8
0.0718 5
0.0719 3
0.072 2
0.0721 2
0.0722 3
0.0723 2
0.0724 2
0.0725 1
0.0726 1
0.0727 2
0.0728 2
0.0729 1
0.073 1
0.0731 0
0.0732 1
0.0733 1
0.0734 2
0.0735 1
0.0736 1
0.0737 2
0.0738 2
0.0739 3
0.074 3
0.0741 3
0.0742 3
0.0743 4
0.0744 3
0.0745 4
0.0746 6
0.0747 4
0.0748 4
0.0749 5
0.075 5
0.0751 5
0.0752 6
0.0753 6
0.0754 5
0.0755 6
0.0756 6
0.0757 5
0.0758 5
0.0759 7
0.076 5
0.0761 6
0.0762 6
0.0763 6
0.0764 6
0.0765 8
0.0766 8
0.0767 7
0.0768 7
0.0769 7
0.077 8
0.0771 5
0.0772 5
0.0773 5
0.0774 5
0.0775 5
0.0776 5
0.0777 4
0.0778 4
0.0779 4
0.078 2
0.0781 2
0.0782 2
0.0783 3
0.0784 3
0.0785 2
0.0786 3
0.0787 3
0.0788 3
0.0789 3
0.079 3
0.0791 3
0.0792 3
0.0793 2
0.0794 3
0.0795 3
0.0796 3
0.0797 4
0.0798 3
0.0799 4
0.08 4
0.0801 5
0.0802 6
0.0803 7
0.0804 6
0.0805 5
0.0806 6
0.0807 6
0.0808 5
0.0809 4
0.081 5
0.0811 5
0.0812 5
0.0813 6
0.0814 6
0.0815 6
0.0816 6
0.0817 6
0.0818 7
0.0819 7
0.082 8
0.0821 8
0.0822 8
0.0823 8
0.0824 7
0.0825 8
0.0826 8
0.0827 7
0.0828 7
0.0829 6
0.083 7
0.0831 7
0.0832 8
0.0833 8
0.0834 6
0.0835 6
0.0836 5
0.0837 5
0.0838 4
0.0839 4
0.084 4
0.0841 4
0.0842 2
0.0843 2
0.0844 2
0.0845 4
0.0846 5
0.0847 5
0.0848 5
0.0849 4
0.085 4
0.0851 3
0.0852 3
0.0853 3
0.0854 1
0.0855 1
0.0856 1
0.0857 1
0.0858 1
0.0859 0
0.086 1
0.0861 1
0.0862 1
0.0863 1
0.0864 1
0.0865 0
0.0866 0
0.0867 0
0.0868 0
0.0869 0
0.087 0
0.0871 0
0.0872 0
0.0873 0
0.0874 0
0.0875 0
0.0876 0
0.0877 2
0.0878 1
0.0879 0
0.088 0
0.0881 1
0.0882 1
0.0883 1
0.0884 1
0.0885 1
0.0886 1
0.0887 2
0.0888 3
0.0889 3
0.089 3
0.0891 3
0.0892 2
0.0893 2
0.0894 2
0.0895 2
0.0896 2
0.0897 2
0.0898 3
0.0899 4
0.09 3
0.0901 4
0.0902 5
0.0903 5
0.0904 4
0.0905 4
0.0906 3
0.0907 3
0.0908 3
0.0909 3
0.091 3
0.0911 3
0.0912 3
0.0913 4
0.0914 5
0.0915 5
0.0916 6
0.0917 6
0.0918 4
0.0919 4
0.092 4
0.0921 4
0.0922 3
0.0923 3
0.0924 1
0.0925 3
0.0926 2
0.0927 2
0.0928 2
0.0929 2
0.093 3
0.0931 3
0.0932 3
0.0933 4
0.0934 4
0.0935 2
0.0936 2
0.0937 2
0.0938 2
0.0939 2
0.094 3
0.0941 3
0.0942 2
0.0943 1
0.0944 1
0.0945 2
0.0946 2
0.0947 2
0.0948 2
0.0949 2
0.095 3
0.0951 3
0.0952 3
0.0953 3
0.0954 2
0.0955 3
0.0956 2
0.0957 2
0.0958 2
0.0959 4
0.096 5
0.0961 5
0.0962 5
0.0963 5
0.0964 5
0.0965 5
0.0966 5
0.0967 4
0.0968 5
0.0969 5
0.097 5
0.0971 6
0.0972 7
0.0973 7
0.0974 8
0.0975 8
0.0976 5
0.0977 7
0.0978 7
0.0979 6
0.098 7
0.0981 7
0.0982 7
0.0983 8
0.0984 7
0.0985 7
0.0986 7
0.0987 6
0.0988 5
0.0989 6
0.099 3
0.0991 3
0.0992 2
0.0993 2
0.0994 2
0.0995 2
0.0996 3
0.0997 4
0.0998 4
0.0999 4
0.1 5
