0.0000 0.000000
0.0001 0.000000
0.0002 0.000000
0.0003 0.000000
0.0004 0.000000
0.0005 0.000000
0.0006 0.000000
0.0007 0.000000
0.0008 0.000000
0.0009 0.000000
0.0010 0.000000
0.0011 0.000000
0.0012 0.193450
0.0013 0.593488
0.0014 0.991387
0.0015 0.526299
0.0016 1.370537
0.0017 0.355979
0.0018 0.526907
0.0019 0.730412
0.0020 0.877312
0.0021 0.049833
0.0022 0.253855
0.0023 0.476350
0.0024 0.923504
0.0025 0.603661
0.0026 0.462501
0.0027 0.201355
0.0028 0.137335
0.0029 0.095038
0.0030 0.968718
0.0031 0.919901
0.0032 0.845023
0.0033 0.827885
0.0034 0.102893
0.0035 0.548790
0.0036 0.347409
0.0037 -0.842445
0.0038 0.971095
0.0039 0.777762
0.0040 0.416660
0.0041 1.047854
0.0042 0.723398
0.0043 0.489474
0.0044 1.434745
0.0045 0.380072
0.0046 0.587686
0.0047 1.797863
0.0048 1.009993
0.0049 0.340596
0.0050 1.044095
0.0051 0.794136
0.0052 0.672933
0.0053 0.725542
0.0054 0.742157
0.0055 0.692900
0.0056 0.783865
0.0057 -0.827717
0.0058 0.905071
0.0059 0.849231
0.0060 0.804367
0.0061 0.759955
0.0062 0.930136
0.0063 0.153664
0.0064 0.392262
0.0065 0.851911
0.0066 0.467229
0.0067 0.466545
0.0068 0.842979
0.0069 0.271077
0.0070 0.701482
0.0071 0.948734
0.0072 1.111634
0.0073 2.293764
0.0074 0.588566
0.0075 1.978282
0.0076 1.458092
0.0077 2.988704
0.0078 0.396048
0.0079 0.556798
0.0080 0.705100
0.0081 1.732592
0.0082 -0.273812
0.0083 0.617976
0.0084 0.503677
0.0085 0.319558
0.0086 0.906386
0.0087 1.591473
0.0088 0.523776
0.0089 0.816809
0.0090 0.213504
0.0091 0.446862
0.0092 0.710587
0.0093 2.147825
0.0094 1.901437
0.0095 0.464729
0.0096 0.966190
0.0097 1.376753
0.0098 3.631097
0.0099 0.902425
0.0100 1.376037
0.0101 0.769758
0.0102 2.161570
0.0103 2.528396
0.0104 1.088285
0.0105 1.678475
0.0106 2.128201
0.0107 0.502395
0.0108 1.918217
0.0109 2.220770
0.0110 0.648759
0.0111 2.005101
0.0112 4.537329
0.0113 0.423280
0.0114 0.404470
0.0115 2.250074
0.0116 1.936889
0.0117 0.499805
0.0118 1.062809
0.0119 1.576358
0.0120 0.163887
0.0121 4.896848
0.0122 1.085742
0.0123 0.586777
0.0124 4.276154
0.0125 3.009892
0.0126 1.815031
0.0127 1.730573
0.0128 2.628268
0.0129 2.619903
0.0130 2.048323
0.0131 2.593172
0.0132 1.352637
0.0133 1.134637
0.0134 1.087017
0.0135 2.950225
0.0136 1.811610
0.0137 0.511684
0.0138 3.145032
0.0139 1.980369
0.0140 2.702353
0.0141 0.511512
0.0142 1.098221
0.0143 0.689840
0.0144 5.394445
0.0145 3.149162
0.0146 1.747747
0.0147 4.290545
0.0148 1.661211
0.0149 0.961741
0.0150 1.263766
0.0151 1.517573
0.0152 1.938799
0.0153 3.358944
0.0154 3.701585
0.0155 1.930973
0.0156 4.216699
0.0157 2.925703
0.0158 1.683389
0.0159 0.530768
0.0160 0.122167
0.0161 0.557532
0.0162 1.989128
0.0163 2.392325
0.0164 1.693743
0.0165 4.829599
0.0166 1.852073
0.0167 5.848188
0.0168 4.892477
0.0169 1.188776
0.0170 3.394713
0.0171 0.977782
0.0172 2.810366
0.0173 1.380165
0.0174 1.822944
0.0175 2.023154
0.0176 2.260973
0.0177 1.707078
0.0178 4.224184
0.0179 1.927880
0.0180 6.504491
0.0181 2.206455
0.0182 5.953380
0.0183 3.677887
0.0184 2.267668
0.0185 3.829930
0.0186 3.325144
0.0187 1.774542
0.0188 0.081530
0.0189 2.395513
0.0190 0.756184
0.0191 1.188825
0.0192 2.604240
0.0193 3.032829
0.0194 1.416583
0.0195 4.664893
0.0196 1.089740
0.0197 5.470223
0.0198 4.760310
0.0199 4.145882
0.0200 2.661516
0.0201 4.201831
0.0202 2.655451
0.0203 1.187206
0.0204 3.923818
0.0205 3.650195
0.0206 5.387781
0.0207 3.141624
0.0208 4.090517
0.0209 2.905672
0.0210 4.781268
0.0211 2.735823
0.0212 6.681051
0.0213 6.610756
0.0214 6.687458
0.0215 4.779250
0.0216 3.779914
0.0217 5.530473
0.0218 5.344961
0.0219 7.249281
0.0220 4.197069
0.0221 3.041825
0.0222 6.808184
0.0223 5.579853
0.0224 8.386919
0.0225 5.207639
0.0226 4.238858
0.0227 9.263777
0.0228 4.587092
0.0229 10.199110
0.0230 3.698617
0.0231 4.180642
0.0232 2.644341
0.0233 3.009848
0.0234 8.500281
0.0235 5.008515
0.0236 2.450303
0.0237 5.704531
0.0238 9.755082
0.0239 7.697935
0.0240 5.645916
0.0241 5.329124
0.0242 12.744880
0.0243 5.074756
0.0244 4.363349
0.0245 3.366955
0.0246 10.413504
0.0247 6.523428
0.0248 6.528343
0.0249 1.407590
0.0250 4.074312
0.0251 5.582284
0.0252 5.996766
0.0253 4.449145
0.0254 8.232700
0.0255 4.113567
0.0256 6.968500
0.0257 6.698532
0.0258 8.488056
0.0259 8.287899
0.0260 9.990788
0.0261 5.719831
0.0262 7.446866
0.0263 9.179706
0.0264 6.762706
0.0265 6.233496
0.0266 7.724327
0.0267 9.393915
0.0268 8.125610
0.0269 7.761243
0.0270 7.357756
0.0271 8.862780
0.0272 6.220144
0.0273 4.662040
0.0274 11.954179
0.0275 4.133394
0.0276 10.200922
0.0277 8.183645
0.0278 8.415508
0.0279 9.500116
0.0280 7.461744
0.0281 7.023989
0.0282 8.537749
0.0283 5.961038
0.0284 9.298352
0.0285 11.440144
0.0286 9.595748
0.0287 4.876120
0.0288 10.066672
0.0289 9.128338
0.0290 9.972974
0.0291 6.818155
0.0292 7.732515
0.0293 6.498768
0.0294 7.228162
0.0295 9.138958
0.0296 17.118766
0.0297 4.322993
0.0298 8.618349
0.0299 15.007976
0.0300 8.381323
0.0301 9.763628
0.0302 8.057708
0.0303 13.448192
0.0304 10.684084
0.0305 10.840136
0.0306 15.802166
0.0307 12.561074
0.0308 10.258728
0.0309 8.836023
0.0310 19.388034
0.0311 12.960467
0.0312 12.550654
0.0313 12.104990
0.0314 17.654488
0.0315 22.177293
0.0316 17.943056
0.0317 24.013830
0.0318 35.079865
0.0319 36.176491
0.0320 39.171692
0.0321 52.069246
0.0322 79.898461
0.0323 103.361676
0.0324 139.602947
0.0325 192.569009
0.0326 243.124752
0.0327 281.343852
0.0328 308.402038
0.0329 335.185398
0.0330 371.781326
0.0331 415.139668
0.0332 436.147535
0.0333 462.858180
0.0334 458.480051
0.0335 469.091636
0.0336 487.525052
0.0337 512.822764
0.0338 541.866632
0.0339 569.680719
0.0340 597.111483
0.0341 621.244243
0.0342 638.254217
0.0343 649.085089
0.0344 638.930651
0.0345 650.774813
0.0346 661.539776
0.0347 679.233505
0.0348 703.827333
0.0349 746.236962
0.0350 766.456285
0.0351 797.549073
0.0352 822.499022
0.0353 845.325088
0.0354 874.020124
0.0355 897.553724
0.0356 921.935870
0.0357 929.122057
0.0358 929.195710
0.0359 925.170449
0.0360 935.042645
0.0361 939.757721
0.0362 954.430762
0.0363 973.991820
0.0364 985.453179
0.0365 1005.649372
0.0366 1010.595112
0.0367 1033.463411
0.0368 1043.256732
0.0369 1058.959931
0.0370 1056.611797
0.0371 1071.024734
0.0372 1081.279038
0.0373 1096.384649
0.0374 1101.423673
0.0375 1102.356419
0.0376 1111.233054
0.0377 1120.067692
0.0378 1126.856032
0.0379 1146.568094
0.0380 1172.166192
0.0381 1185.657438
0.0382 1199.079899
0.0383 1201.453550
0.0384 1219.772862
0.0385 1228.037038
0.0386 1241.194632
0.0387 1252.203955
0.0388 1257.152655
0.0389 1258.094016
0.0390 1261.008731
0.0391 1279.874689
0.0392 1282.671245
0.0393 1291.459936
0.0394 1300.190168
0.0395 1313.855145
0.0396 1309.409884
0.0397 1312.935552
0.0398 1312.442202
0.0399 1315.953505
0.0400 1320.449938
0.0401 1318.927037
0.0402 1328.371635
0.0403 1331.774064
0.0404 1337.035917
0.0405 1346.240953
0.0406 1346.429878
0.0407 1353.609405
0.0408 1349.783990
0.0409 1358.803963
0.0410 1361.800630
0.0411 1373.748213
0.0412 1375.661279
0.0413 1374.567640
0.0414 1376.464164
0.0415 1376.363394
0.0416 1363.309596
0.0417 1363.277973
0.0418 1365.238655
0.0419 1372.182050
0.0420 1372.107528
0.0421 1378.013197
0.0422 1378.904736
0.0423 1373.800125
0.0424 1375.717081
0.0425 1373.614163
0.0426 1379.501214
0.0427 1379.377840
0.0428 1373.276910
0.0429 1380.104292
0.0430 1379.844258
0.0431 1367.626295
0.0432 1360.459963
0.0433 1359.317213
0.0434 1355.182483
0.0435 1346.094661
0.0436 1340.040238
0.0437 1341.002117
0.0438 1337.975566
0.0439 1330.965090
0.0440 1329.979649
0.0441 1338.964528
0.0442 1350.909352
0.0443 1347.829978
0.0444 1353.741728
0.0445 1351.629643
0.0446 1352.522292
0.0447 1351.425086
0.0448 1349.323250
0.0449 1352.228331
0.0450 1343.151975
0.0451 1335.071822
0.0452 1335.910878
0.0453 1332.766796
0.0454 1326.544904
0.0455 1327.309489
0.0456 1328.011543
0.0457 1329.587764
0.0458 1335.063604
0.0459 1332.527945
0.0460 1329.999804
0.0461 1325.483561
0.0462 1319.003801
0.0463 1310.552464
0.0464 1300.164640
0.0465 1301.803889
0.0466 1306.413667
0.0467 1309.012469
0.0468 1316.575163
0.0469 1316.124953
0.0470 1317.673105
0.0471 1318.218005
0.0472 1318.754381
0.0473 1320.291096
0.0474 1320.776831
0.0475 1320.170431
0.0476 1319.460922
0.0477 1315.549533
0.0478 1308.519003
0.0479 1310.434029
0.0480 1307.357759
0.0481 1309.275810
0.0482 1303.206300
0.0483 1278.223701
0.0484 1254.366378
0.0485 1238.631120
0.0486 1221.962732
0.0487 1201.406427
0.0488 1183.862625
0.0489 1169.357525
0.0490 1161.905866
0.0491 1165.363350
0.0492 1153.827052
0.0493 1138.345500
0.0494 1137.910325
0.0495 1131.497318
0.0496 1140.081886
0.0497 1134.650710
0.0498 1123.231373
0.0499 1116.767423
0.0500 1116.308988
0.0501 1114.876108
0.0502 1114.435728
0.0503 1116.985589
0.0504 1116.537645
0.0505 1120.072165
0.0506 1105.643152
0.0507 1099.270611
0.0508 1079.960999
0.0509 1047.789047
0.0510 1023.787938
0.0511 1007.885721
0.0512 985.080221
0.0513 977.343390
0.0514 977.639526
0.0515 976.886442
0.0516 977.062992
0.0517 971.253821
0.0518 984.400931
0.0519 989.505867
0.0520 993.606504
0.0521 988.695951
0.0522 992.776584
0.0523 996.853447
0.0524 988.928902
0.0525 991.030111
0.0526 994.119548
0.0527 989.193930
0.0528 989.294219
0.0529 981.409113
0.0530 979.560682
0.0531 974.727731
0.0532 964.932986
0.0533 958.189334
0.0534 946.481033
0.0535 940.820303
0.0536 943.166564
0.0537 949.494057
0.0538 952.789434
0.0539 949.097737
0.0540 950.400219
0.0541 943.730241
0.0542 938.089112
0.0543 927.489155
0.0544 914.954335
0.0545 907.474613
0.0546 907.998735
0.0547 897.555753
0.0548 887.178800
0.0549 874.842966
0.0550 872.557752
0.0551 868.293939
0.0552 853.086449
0.0553 836.957508
0.0554 832.893262
0.0555 825.834549
0.0556 827.809371
0.0557 823.784452
0.0558 816.787426
0.0559 806.835373
0.0560 799.930913
0.0561 795.068045
0.0562 792.205775
0.0563 782.382883
0.0564 781.594491
0.0565 779.818689
0.0566 776.051502
0.0567 767.320651
0.0568 770.601171
0.0569 775.851518
0.0570 777.094676
0.0571 770.354628
0.0572 767.639516
0.0573 767.924938
0.0574 766.223949
0.0575 764.526838
0.0576 752.862947
0.0577 751.229824
0.0578 753.602320
0.0579 751.958476
0.0580 752.321567
0.0581 742.711539
0.0582 738.151955
0.0583 728.627844
0.0584 721.146978
0.0585 721.681236
0.0586 721.212184
0.0587 718.749155
0.0588 721.293132
0.0589 722.825851
0.0590 705.400346
0.0591 678.068472
0.0592 629.959998
0.0593 600.078996
0.0594 593.302760
0.0595 585.543430
0.0596 580.814189
0.0597 577.107707
0.0598 578.414664
0.0599 579.713779
0.0600 583.001928
0.0601 579.285083
0.0602 573.592203
0.0603 574.914514
0.0604 574.239062
0.0605 576.561278
0.0606 584.843154
0.0607 592.091329
0.0608 597.299601
0.0609 602.481323
0.0610 608.634240
0.0611 612.761081
0.0612 613.872045
0.0613 623.966365
0.0614 625.009564
0.0615 626.063254
0.0616 628.121790
0.0617 627.177537
0.0618 627.210440
0.0619 631.232191
0.0620 627.264594
0.0621 622.321901
0.0622 614.413223
0.0623 617.479036
0.0624 612.459066
0.0625 609.455682
0.0626 607.453571
0.0627 592.495271
0.0628 584.612404
0.0629 588.749118
0.0630 582.858036
0.0631 577.016935
0.0632 571.202264
0.0633 575.390634
0.0634 565.604216
0.0635 567.833411
0.0636 571.050493
0.0637 575.238123
0.0638 579.408143
0.0639 579.579681
0.0640 581.736869
0.0641 579.846005
0.0642 583.869139
0.0643 588.857631
0.0644 593.825306
0.0645 593.770596
0.0646 584.736286
0.0647 558.827649
0.0648 544.006710
0.0649 535.263814
0.0650 528.555118
0.0651 529.856594
0.0652 527.155651
0.0653 530.454727
0.0654 523.739197
0.0655 520.940191
0.0656 519.141563
0.0657 517.352974
0.0658 511.592835
0.0659 511.849277
0.0660 510.106610
0.0661 517.359047
0.0662 524.549195
0.0663 517.749248
0.0664 517.967811
0.0665 517.190734
0.0666 514.423543
0.0667 505.690569
0.0668 502.972387
0.0669 499.286073
0.0670 494.628675
0.0671 493.985157
0.0672 510.297355
0.0673 510.556248
0.0674 510.817043
0.0675 513.072103
0.0676 514.322223
0.0677 512.572025
0.0678 516.810032
0.0679 519.033902
0.0680 524.242158
0.0681 532.395204
0.0682 533.535309
0.0683 533.678358
0.0684 537.802076
0.0685 535.916531
0.0686 535.051521
0.0687 528.204446
0.0688 524.378417
0.0689 521.570547
0.0690 522.760569
0.0691 518.968267
0.0692 523.172171
0.0693 523.359403
0.0694 525.549556
0.0695 531.710721
0.0696 532.856730
0.0697 529.009165
0.0698 533.159398
0.0699 531.309003
0.0700 529.465348
0.0701 530.618552
0.0702 527.776692
0.0703 529.942932
0.0704 530.104329
0.0705 531.260340
0.0706 530.411030
0.0707 529.569981
0.0708 529.727116
0.0709 537.859384
0.0710 538.967911
0.0711 543.071982
0.0712 542.163308
0.0713 534.268836
0.0714 527.415623
0.0715 535.557494
0.0716 533.701252
0.0717 531.838231
0.0718 530.978796
0.0719 533.123924
0.0720 533.269404
0.0721 533.413517
0.0722 535.547072
0.0723 535.672841
0.0724 529.819528
0.0725 522.990594
0.0726 506.232422
0.0727 483.578585
0.0728 458.060394
0.0729 421.673647
0.0730 377.537007
0.0731 367.543607
0.0732 353.601837
0.0733 322.782158
0.0734 317.057519
0.0735 295.498277
0.0736 293.176408
0.0737 281.918793
0.0738 281.676570
0.0739 280.434955
0.0740 288.169491
0.0741 288.898362
0.0742 293.593179
0.0743 302.277333
0.0744 301.928784
0.0745 300.587907
0.0746 305.227709
0.0747 303.865170
0.0748 305.487785
0.0749 301.127710
0.0750 299.794718
0.0751 305.437828
0.0752 307.065333
0.0753 302.691768
0.0754 305.332004
0.0755 296.981602
0.0756 283.695064
0.0757 279.452815
0.0758 282.206226
0.0759 282.956073
0.0760 276.732804
0.0761 275.614813
0.0762 276.001742
0.0763 281.455375
0.0764 276.892710
0.0765 283.333453
0.0766 288.751333
0.0767 296.999694
0.0768 295.216728
0.0769 297.348066
0.0770 294.434058
0.0771 297.527682
0.0772 310.568511
0.0773 316.568145
0.0774 314.557911
0.0775 314.539925
0.0776 324.500370
0.0777 314.342930
0.0778 318.180378
0.0779 326.992837
0.0780 330.771894
0.0781 327.548219
0.0782 319.358580
0.0783 318.190081
0.0784 312.037093
0.0785 300.923627
0.0786 299.841564
0.0787 301.766677
0.0788 297.697818
0.0789 298.502252
0.0790 300.296457
0.0791 294.088131
0.0792 273.955082
0.0793 253.953008
0.0794 219.080903
0.0795 198.368294
0.0796 170.774807
0.0797 154.306256
0.0798 150.892744
0.0799 149.499632
0.0800 142.122270
0.0801 138.765955
0.0802 128.448143
0.0803 119.188897
0.0804 109.992213
0.0805 115.767244
0.0806 121.536221
0.0807 114.309109
0.0808 103.061647
0.0809 96.810078
0.0810 83.597776
0.0811 79.434671
0.0812 68.305973
0.0813 65.211907
0.0814 48.178345
0.0815 37.221056
0.0816 22.319302
0.0817 21.465143
0.0818 13.637297
0.0819 14.825764
0.0820 12.024511
0.0821 4.251912
0.0822 2.499589
0.0823 7.743486
0.0824 8.969507
0.0825 6.201119
0.0826 4.433442
0.0827 4.670908
0.0828 2.916200
0.0829 8.165330
0.0830 10.516807
0.0831 5.891274
0.0832 2.368832
0.0833 5.921416
0.0834 2.823460
0.0835 8.834520
0.0836 6.012725
0.0837 3.198813
0.0838 5.382629
0.0839 3.597217
0.0840 5.006493
0.0841 4.682420
0.0842 2.409617
0.0843 2.138968
0.0844 3.996212
0.0845 5.850284
0.0846 3.921159
0.0847 1.055640
0.0848 5.181268
0.0849 1.318824
0.0850 2.476257
0.0851 1.818685
0.0852 3.358541
0.0853 4.002259
0.0854 4.790931
0.0855 1.394190
0.0856 2.053825
0.0857 2.720918
0.0858 2.520298
0.0859 1.325965
0.0860 2.170899
0.0861 1.051996
0.0862 3.050405
0.0863 3.256506
0.0864 1.539297
0.0865 1.868130
0.0866 1.209461
0.0867 1.670129
0.0868 1.454066
0.0869 3.331649
0.0870 1.237810
0.0871 0.264010
0.0872 2.387797
0.0873 1.532794
0.0874 0.493386
0.0875 3.506099
0.0876 4.417252
0.0877 0.611367
0.0878 2.767770
0.0879 0.855136
0.0880 2.002047
0.0881 3.135997
0.0882 3.286621
0.0883 2.627056
0.0884 4.019478
0.0885 3.568804
0.0886 0.302034
0.0887 2.204497
0.0888 3.220146
0.0889 3.463599
0.0890 2.826207
0.0891 3.176198
0.0892 2.407958
0.0893 2.391553
0.0894 1.367297
0.0895 1.449582
0.0896 2.664319
0.0897 2.037504
0.0898 0.670209
0.0899 2.161423
0.0900 2.900144
0.0901 4.539918
0.0902 5.208872
0.0903 0.830299
0.0904 0.443216
0.0905 2.061810
0.0906 2.760107
0.0907 4.509271
0.0908 2.209598
0.0909 0.825783
0.0910 3.440617
0.0911 1.046453
0.0912 3.896840
0.0913 3.777211
0.0914 3.862102
0.0915 4.106736
0.0916 4.123272
0.0917 2.134572
0.0918 2.309231
0.0919 4.459145
0.0920 2.873954
0.0921 2.192660
0.0922 1.561109
0.0923 5.300905
0.0924 5.184552
0.0925 6.181861
0.0926 2.325519
0.0927 3.429306
0.0928 7.649006
0.0929 2.027341
0.0930 2.725737
0.0931 1.358193
0.0932 0.758585
0.0933 4.142173
0.0934 2.626723
0.0935 3.077138
0.0936 4.428639
0.0937 3.816082
0.0938 3.169061
0.0939 9.657526
0.0940 3.255840
0.0941 5.873580
0.0942 5.655955
0.0943 6.807631
0.0944 2.106432
0.0945 6.285489
0.0946 4.421458
0.0947 0.562761
0.0948 3.879455
0.0949 5.374165
0.0950 6.838334
0.0951 3.250011
0.0952 3.483045
0.0953 3.507997
0.0954 7.421693
0.0955 6.437605
0.0956 4.425527
0.0957 4.373915
0.0958 0.474843
0.0959 4.516887
0.0960 1.591551
0.0961 6.019312
0.0962 4.702088
0.0963 3.393764
0.0964 9.064100
0.0965 4.884262
0.0966 6.555086
0.0967 2.842992
0.0968 3.998137
0.0969 6.284169
0.0970 3.521949
0.0971 5.669426
0.0972 4.822715
0.0973 3.062893
0.0974 4.341625
0.0975 8.986059
0.0976 4.044374
0.0977 7.244316
0.0978 4.071960
0.0979 5.772059
0.0980 6.517291
0.0981 3.024627
0.0982 2.357062
0.0983 5.633971
0.0984 5.911359
0.0985 4.181355
0.0986 3.448894
0.0987 6.728683
0.0988 8.881274
0.0989 15.784803
0.0990 11.640386
0.0991 11.464910
0.0992 10.189031
0.0993 7.910728
0.0994 10.556685
0.0995 14.904419
0.0996 11.473009
0.0997 12.260485
0.0998 9.873190
0.0999 9.323186
0.1000 18.707662
0.1001 15.128437
0.1002 20.460503
0.1003 15.759911
0.1004 16.047993
0.1005 26.200348
0.1006 17.400131
0.1007 27.389913
0.1008 24.256055
0.1009 33.178300
0.1010 43.092107
0.1011 40.001434
0.1012 52.876567
0.1013 61.714045
0.1014 73.616031
0.1015 82.419700
0.1016 103.949496
0.1017 121.191712
0.1018 164.253573
0.1019 187.166168
0.1020 219.888664
0.1021 246.339762
0.1022 285.619086
0.1023 340.548468
0.1024 372.144301
0.1025 417.264753
0.1026 437.996428
0.1027 471.598839
0.1028 499.942188
0.1029 533.993846
0.1030 559.832408
0.1031 585.441081
0.1032 616.846568
0.1033 651.073929
0.1034 674.142914
0.1035 693.105763
0.1036 717.658061
0.1037 737.852123
0.1038 760.929346
0.1039 782.892039
0.1040 801.739074
0.1041 834.454673
0.1042 853.010815
0.1043 876.353167
0.1044 893.564690
0.1045 915.495335
0.1046 936.188979
0.1047 957.456360
0.1048 972.577000
0.1049 985.626228
0.1050 1003.568847
0.1051 1022.259410
0.1052 1032.690315
0.1053 1047.933621
0.1054 1061.034061
0.1055 1068.088945
0.1056 1078.044200
0.1057 1093.836940
0.1058 1100.579838
0.1059 1110.935042
0.1060 1116.178603
0.1061 1126.233239
0.1062 1125.269240
0.1063 1125.336854
0.1064 1130.385709
0.1065 1153.339683
0.1066 1165.103549
0.1067 1174.650450
0.1068 1178.151740
0.1069 1183.548374
0.1070 1193.853938
0.1071 1196.072001
0.1072 1192.230660
0.1073 1184.403101
0.1074 1188.581891
0.1075 1187.763932
0.1076 1195.934498
0.1077 1191.100281
0.1078 1180.291847
0.1079 1180.515061
0.1080 1188.711453
0.1081 1188.881796
0.1082 1184.065072
0.1083 1183.263134
0.1084 1186.463272
0.1085 1193.636398
0.1086 1191.781469
0.1087 1193.907045
0.1088 1192.918298
0.1089 1190.829210
0.1090 1186.718110
0.1091 1185.644818
0.1092 1186.562134
0.1093 1190.457345
0.1094 1191.350736
0.1095 1189.241231
0.1096 1183.159709
0.1097 1170.105329
0.1098 1138.075647
0.1099 1131.145507
0.1100 1120.255976
0.1101 1114.416031
0.1102 1117.570811
0.1103 1128.690344
0.1104 1125.789535
0.1105 1127.881693
0.1106 1131.967969
0.1107 1127.049096
0.1108 1122.158525
0.1109 1118.293684
0.1110 1120.448694
0.1111 1117.599016
0.1112 1115.754705
0.1113 1119.914982
0.1114 1121.045902
0.1115 1122.195782
0.1116 1117.340324
0.1117 1111.507494
0.1118 1118.664969
0.1119 1115.816466
0.1120 1119.969007
0.1121 1124.107173
0.1122 1130.200174
0.1123 1135.281854
0.1124 1137.340168
0.1125 1145.371096
0.1126 1147.312768
0.1127 1149.170647
0.1128 1153.010536
0.1129 1150.772147
0.1130 1141.504448
0.1131 1128.299766
0.1132 1119.062438
0.1133 1115.822197
0.1134 1105.611040
0.1135 1102.337504
0.1136 1095.050911
0.1137 1092.783729
0.1138 1089.540197
0.1139 1085.320881
0.1140 1085.100009
0.1141 1085.894560
0.1142 1085.676118
0.1143 1085.473340
0.1144 1081.275188
0.1145 1082.080618
0.1146 1082.879239
0.1147 1078.690975
0.1148 1076.520747
0.1149 1071.372234
0.1150 1064.235879
0.1151 1059.011000
0.1152 1056.808768
0.1153 1054.627060
0.1154 1055.444891
0.1155 1054.261086
0.1156 1058.070818
0.1157 1055.870729
0.1158 1057.613159
0.1159 1060.276160
0.1160 1057.928978
0.1161 1043.635884
0.1162 1037.392108
0.1163 1034.177384
0.1164 1025.997219
0.1165 1027.826575
0.1166 1020.675209
0.1167 1018.551445
0.1168 1022.416895
0.1169 1022.281606
0.1170 1031.113544
0.1171 1028.924130
0.1172 1020.765343
0.1173 1021.621151
0.1174 1015.500888
0.1175 1012.411340
0.1176 1009.337711
0.1177 1008.262711
0.1178 1003.212749
0.1179 992.207185
0.1180 991.227295
0.1181 997.240251
0.1182 1001.221405
0.1183 1005.186321
0.1184 1004.104646
0.1185 1012.909926
0.1186 1014.675813
0.1187 1006.464397
0.1188 1006.191628
0.1189 998.886556
0.1190 988.621935
0.1191 986.395443
0.1192 988.101587
0.1193 984.755764
0.1194 980.320555
0.1195 973.882665
0.1196 976.454120
0.1197 981.012222
0.1198 970.599466
0.1199 972.202495
0.1200 973.788771
0.1201 971.378175
0.1202 965.990990
0.1203 968.611519
0.1204 968.222245
0.1205 968.829271
0.1206 970.435437
0.1207 965.027295
0.1208 962.532275
0.1209 954.062419
0.1210 949.617428
0.1211 947.203073
0.1212 946.796680
0.1213 943.398397
0.1214 935.039986
0.1215 933.705162
0.1216 927.376578
0.1217 919.099243
0.1218 915.857876
0.1219 911.636943
0.1220 914.416239
0.1221 909.198603
0.1222 904.011095
0.1223 898.851727
0.1224 891.724076
0.1225 889.623511
0.1226 876.557253
0.1227 870.535203
0.1228 856.576752
0.1229 850.661985
0.1230 846.777401
0.1231 845.914757
0.1232 842.068481
0.1233 846.215080
0.1234 843.354942
0.1235 849.485023
0.1236 849.606163
0.1237 848.729596
0.1238 845.864439
0.1239 846.997532
0.1240 845.123203
0.1241 841.274551
0.1242 839.439972
0.1243 837.615259
0.1244 836.798218
0.1245 840.975957
0.1246 840.139848
0.1247 840.306628
0.1248 839.478082
0.1249 837.653940
0.1250 838.741929
0.1251 842.765425
0.1252 839.790950
0.1253 837.730764
0.1254 836.641848
0.1255 837.551763
0.1256 832.470381
0.1257 827.421924
0.1258 826.391498
0.1259 822.374987
0.1260 813.382554
0.1261 785.440773
0.1262 745.605976
0.1263 717.958281
0.1264 689.468260
0.1265 673.072284
0.1266 642.821181
0.1267 620.703473
0.1268 614.659223
0.1269 614.629546
0.1270 601.636496
0.1271 590.696857
0.1272 582.826327
0.1273 577.998051
0.1274 580.160752
0.1275 578.321095
0.1276 579.479133
0.1277 574.655455
0.1278 574.849806
0.1279 576.035529
0.1280 576.218246
0.1281 583.374815
0.1282 577.534698
0.1283 581.692250
0.1284 587.821387
0.1285 584.938474
0.1286 590.059536
0.1287 592.159798
0.1288 588.257565
0.1289 586.384724
0.1290 585.516538
0.1291 579.666893
0.1292 575.835416
0.1293 572.019252
0.1294 573.209139
0.1295 564.425340
0.1296 557.687704
0.1297 552.985397
0.1298 543.308944
0.1299 542.654620
0.1300 529.038743
0.1301 523.469106
0.1302 513.951217
0.1303 487.541439
0.1304 477.220150
0.1305 471.939051
0.1306 473.690125
0.1307 473.417109
0.1308 463.167447
0.1309 462.940034
0.1310 465.723880
0.1311 465.494558
0.1312 468.256029
0.1313 467.018361
0.1314 471.763895
0.1315 473.495557
0.1316 477.215123
0.1317 472.951439
0.1318 469.693948
0.1319 462.467933
0.1320 456.275127
0.1321 460.087102
0.1322 446.946946
0.1323 443.827752
0.1324 441.730316
0.1325 442.641364
0.1326 440.546608
0.1327 448.426350
0.1328 451.282357
0.1329 452.142644
0.1330 451.979675
0.1331 458.812047
0.1332 466.600800
0.1333 463.364704
0.1334 448.179289
0.1335 441.053289
0.1336 427.989835
0.1337 419.982797
0.1338 416.011683
0.1339 419.038302
0.1340 425.040732
0.1341 428.017839
0.1342 425.998294
0.1343 428.967899
0.1344 425.935008
0.1345 422.924431
0.1346 416.934856
0.1347 415.976262
0.1348 395.061763
0.1349 374.274042
0.1350 364.550874
0.1351 353.906697
0.1352 352.276973
0.1353 357.640192
0.1354 363.966522
0.1355 362.284956
0.1356 360.604515
0.1357 356.950388
0.1358 355.311815
0.1359 345.707985
0.1360 350.103631
0.1361 350.487713
0.1362 349.887501
0.1363 338.316319
0.1364 346.754385
0.1365 342.180751
0.1366 340.617552
0.1367 338.059265
0.1368 338.511334
0.1369 342.951066
0.1370 344.382090
0.1371 351.780942
0.1372 348.177666
0.1373 341.590213
0.1374 327.062835
0.1375 312.623249
0.1376 288.269559
0.1377 258.075073
0.1378 241.992102
0.1379 234.979071
0.1380 225.015762
0.1381 216.086964
0.1382 197.251834
0.1383 183.492805
0.1384 171.807809
0.1385 173.154305
0.1386 172.501894
0.1387 179.998220
0.1388 177.585939
0.1389 181.152709
0.1390 192.668767
0.1391 182.209708
0.1392 170.791607
0.1393 160.431480
0.1394 123.203614
0.1395 107.129102
0.1396 94.123594
0.1397 69.224008
0.1398 55.409221
0.1399 59.492745
0.1400 57.578960
0.1401 59.680897
0.1402 77.710286
0.1403 81.670597
0.1404 81.647182
0.1405 92.583419
0.1406 103.459683
0.1407 112.268739
0.1408 113.989422
0.1409 107.681257
0.1410 103.371182
0.1411 104.078761
0.1412 100.807678
0.1413 108.456146
0.1414 113.001947
0.1415 119.519509
0.1416 127.984300
0.1417 141.401893
0.1418 143.763849
0.1419 159.082690
0.1420 172.326089
0.1421 185.506626
0.1422 198.607618
0.1423 208.650325
0.1424 215.643979
0.1425 221.607911
0.1426 228.527758
0.1427 234.415737
0.1428 243.269584
0.1429 251.069714
0.1430 254.853168
0.1431 263.600765
0.1432 258.335599
0.1433 255.087758
0.1434 244.866153
0.1435 229.753654
0.1436 227.669914
0.1437 221.601146
0.1438 225.543795
0.1439 234.451415
0.1440 236.322906
0.1441 237.190467
0.1442 238.040392
0.1443 237.898293
0.1444 230.766199
0.1445 236.641694
0.1446 236.500549
0.1447 241.352989
0.1448 243.192208
0.1449 245.029364
0.1450 237.857236
0.1451 227.750364
0.1452 215.692280
0.1453 214.671405
0.1454 214.649241
0.1455 208.638582
0.1456 207.654542
0.1457 211.664118
0.1458 212.666993
0.1459 206.662175
0.1460 205.676594
0.1461 186.756541
0.1462 160.961137
0.1463 137.302422
0.1464 110.766662
0.1465 105.334421
0.1466 101.912589
0.1467 96.509902
0.1468 96.128879
0.1469 100.743891
0.1470 104.339181
0.1471 100.937454
0.1472 104.520054
0.1473 105.085851
0.1474 95.680538
0.1475 97.294492
0.1476 99.893655
0.1477 109.462439
0.1478 121.973756
0.1479 133.421233
0.1480 142.816305
0.1481 147.174788
0.1482 163.468268
0.1483 166.715289
0.1484 172.936942
0.1485 178.131271
0.1486 179.303613
0.1487 175.485492
0.1488 182.664932
0.1489 166.859318
0.1490 151.131572
0.1491 128.527637
0.1492 102.046050
0.1493 63.746351
0.1494 36.721849
0.1495 25.977662
0.1496 16.274481
0.1497 12.596658
0.1498 10.939848
0.1499 8.289488
0.1500 8.645379
0.1501 7.023510
0.1502 5.690300
0.1503 3.340212
0.1504 3.205840
0.1505 3.340286
0.1506 3.622833
0.1507 6.393141
0.1508 6.306390
0.1509 0.290311
0.1510 5.263320
0.1511 4.383125
0.1512 2.635788
0.1513 2.897035
0.1514 1.157660
0.1515 1.420073
0.1516 0.599369
0.1517 2.795376
0.1518 4.093141
0.1519 3.619991
0.1520 3.148928
0.1521 1.787745
0.1522 1.325254
0.1523 4.007937
0.1524 0.886586
0.1525 3.659459
0.1526 0.597119
0.1527 0.431945
0.1528 3.558052
0.1529 0.810168
0.1530 1.263192
0.1531 0.799781
0.1532 2.406638
0.1533 1.123648
0.1534 2.921081
0.1535 3.893756
0.1536 6.927843
0.1537 1.251445
0.1538 3.839878
0.1539 0.532634
0.1540 2.342677
0.1541 2.366087
0.1542 1.689554
0.1543 1.097963
0.1544 2.550446
0.1545 0.927694
0.1546 2.412807
0.1547 1.021433
0.1548 1.672941
0.1549 0.292955
0.1550 3.910131
0.1551 1.645342
0.1552 3.693306
0.1553 1.643665
0.1554 3.496090
0.1555 1.156432
0.1556 0.899236
0.1557 0.655498
0.1558 0.430896
0.1559 3.057086
0.1560 0.819226
0.1561 3.701906
0.1562 3.660032
0.1563 2.545034
0.1564 2.542269
0.1565 4.533160
0.1566 0.425893
0.1567 1.430615
0.1568 4.454133
0.1569 2.652094
0.1570 3.073803
0.1571 2.624986
0.1572 3.087284
0.1573 3.275260
0.1574 0.517697
0.1575 3.799174
0.1576 1.142118
0.1577 1.296229
0.1578 3.501871
0.1579 0.708412
0.1580 4.950780
0.1581 2.348306
0.1582 1.832590
0.1583 5.390146
0.1584 5.911117
0.1585 4.330021
0.1586 4.713221
0.1587 6.282992
0.1588 2.785934
0.1589 4.184786
0.1590 3.703888
0.1591 4.658804
0.1592 1.616430
0.1593 5.726690
0.1594 3.978143
0.1595 2.223917
0.1596 2.828753
0.1597 3.526999
0.1598 4.367848
0.1599 3.316860
0.1600 3.514784
0.1601 3.520340
0.1602 0.411760
0.1603 1.284265
0.1604 3.267153
0.1605 2.092823
0.1606 1.914392
0.1607 2.317218
0.1608 7.900945
0.1609 6.749027
0.1610 4.710444
0.1611 3.719850
0.1612 8.504268
0.1613 5.354047
0.1614 4.175462
0.1615 0.860541
0.1616 2.514553
0.1617 3.171582
0.1618 2.866851
0.1619 5.618382
0.1620 5.190692
0.1621 7.742237
0.1622 3.148558
0.1623 2.402739
0.1624 6.454668
0.1625 2.780440
0.1626 5.344878
0.1627 4.891969
0.1628 5.399396
0.1629 0.802842
0.1630 3.084933
0.1631 4.002917
0.1632 6.743051
0.1633 2.390168
0.1634 3.893786
0.1635 4.470168
0.1636 6.881652
0.1637 8.102829
0.1638 7.302011
0.1639 4.348830
0.1640 5.425210
0.1641 7.594819
0.1642 6.747218
0.1643 4.834861
0.1644 6.946940
0.1645 6.829336
0.1646 4.638466
0.1647 6.447463
0.1648 7.251927
0.1649 9.100223
0.1650 11.035503
0.1651 7.968320
0.1652 7.861944
0.1653 6.779519
0.1654 8.524860
0.1655 7.333913
0.1656 8.264505
0.1657 11.014068
0.1658 9.360885
0.1659 9.698333
0.1660 9.971747
0.1661 7.327018
0.1662 15.557867
0.1663 11.795916
0.1664 11.121993
0.1665 4.637837
0.1666 12.145992
0.1667 8.746383
0.1668 12.131616
0.1669 9.497619
0.1670 6.006360
0.1671 13.518731
0.1672 14.913705
0.1673 6.186233
0.1674 8.207359
0.1675 8.193599
0.1676 9.166796
0.1677 11.125741
0.1678 13.964959
0.1679 10.946407
0.1680 11.217860
0.1681 16.493028
0.1682 20.787271
0.1683 18.852416
0.1684 23.919181
0.1685 17.955670
0.1686 30.407026
0.1687 38.875778
0.1688 51.223183
0.1689 59.507096
0.1690 88.701753
0.1691 94.673473
0.1692 120.510406
0.1693 152.141388
0.1694 171.557425
0.1695 200.855764
0.1696 241.707466
0.1697 269.215017
0.1698 313.414102
0.1699 352.394722
0.1700 379.074681
0.1701 419.563536
0.1702 449.863406
0.1703 469.973177
0.1704 502.680985
0.1705 543.973814
0.1706 573.089459
0.1707 605.001916
0.1708 636.628883
0.1709 659.099009
0.1710 685.338463
0.1711 710.427357
0.1712 734.231517
0.1713 756.917289
0.1714 783.493184
0.1715 798.947582
0.1716 821.167220
0.1717 838.264808
0.1718 855.283279
0.1719 875.218474
0.1720 898.030430
0.1721 912.581608
0.1722 924.945706
0.1723 933.193505
0.1724 932.355084
0.1725 941.481294
0.1726 952.575152
0.1727 963.596939
0.1728 971.561231
0.1729 985.474498
0.1730 986.341156
0.1731 986.216431
0.1732 990.058034
0.1733 997.891289
0.1734 996.704035
0.1735 1004.498152
0.1736 1019.225419
0.1737 1020.892542
0.1738 1038.536628
0.1739 1053.076572
0.1740 1053.571143
0.1741 1061.065328
0.1742 1080.486874
0.1743 1103.703178
0.1744 1116.766146
0.1745 1125.764116
0.1746 1137.582729
0.1747 1150.339877
0.1748 1159.029249
0.1749 1167.562368
0.1750 1175.963502
0.1751 1181.131371
0.1752 1192.260133
0.1753 1201.319438
0.1754 1213.321575
0.1755 1224.273782
0.1756 1224.186137
0.1757 1222.103888
0.1758 1204.094820
0.1759 1196.123080
0.1760 1193.097519
0.1761 1179.090955
0.1762 1171.141267
0.1763 1160.241632
0.1764 1171.355843
0.1765 1166.450176
0.1766 1174.534908
0.1767 1178.574255
0.1768 1185.520829
0.1769 1189.369100
0.1770 1193.211401
0.1771 1196.891403
0.1772 1210.520106
0.1773 1211.017152
0.1774 1212.596059
0.1775 1214.164338
0.1776 1215.642323
0.1777 1218.030664
0.1778 1223.298634
0.1779 1228.538562
0.1780 1222.787093
0.1781 1215.065912
0.1782 1216.367448
0.1783 1207.585375
0.1784 1214.760241
0.1785 1209.889186
0.1786 1212.947138
0.1787 1211.992861
0.1788 1216.043012
0.1789 1223.063312
0.1790 1225.040577
0.1791 1227.010771
0.1792 1230.966845
0.1793 1224.927351
0.1794 1222.921792
0.1795 1219.923078
0.1796 1222.928683
0.1797 1226.918959
0.1798 1222.886687
0.1799 1213.765781
0.1800 1208.680137
0.1801 1211.604014
0.1802 1213.509908
0.1803 1208.432610
0.1804 1208.237842
0.1805 1204.049533
0.1806 1202.873590
0.1807 1207.684741
0.1808 1202.485589
0.1809 1194.336919
0.1810 1181.257950
0.1811 1180.206926
0.1812 1171.177057
0.1813 1158.210853
0.1814 1150.294514
0.1815 1148.416986
0.1816 1150.539978
0.1817 1157.620907
0.1818 1160.692496
0.1819 1159.743142
0.1820 1156.810282
0.1821 1154.850391
0.1822 1154.676622
0.1823 1156.361016
0.1824 1159.033112
0.1825 1163.689671
0.1826 1163.319685
0.1827 1163.956567
0.1828 1165.387237
0.1829 1171.726413
0.1830 1177.038854
0.1831 1184.310451
0.1832 1189.551402
0.1833 1194.768158
0.1834 1199.965220
0.1835 1196.145981
0.1836 1200.324960
0.1837 1202.450660
0.1838 1197.492360
0.1839 1195.540635
0.1840 1192.609918
0.1841 1191.691638
0.1842 1193.761173
0.1843 1189.844039
0.1844 1184.963014
0.1845 1170.119562
0.1846 1163.337581
0.1847 1165.567914
0.1848 1157.820590
0.1849 1151.098657
0.1850 1146.407266
0.1851 1142.745538
0.1852 1137.102080
0.1853 1123.528984
0.1854 1117.991364
0.1855 1107.497703
0.1856 1103.047203
0.1857 1095.571649
0.1858 1096.039886
0.1859 1087.522779
0.1860 1082.043563
0.1861 1074.603650
0.1862 1075.171689
0.1863 1072.752314
0.1864 1065.357221
0.1865 1066.983309
0.1866 1068.598618
0.1867 1061.238738
0.1868 1061.885757
0.1869 1057.543713
0.1870 1060.199715
0.1871 1061.723486
0.1872 1058.244293
0.1873 1051.801701
0.1874 1051.371546
0.1875 1038.970913
0.1876 1037.615247
0.1877 1033.269780
0.1878 1024.941369
0.1879 1020.539004
0.1880 1010.174716
0.1881 1002.857654
0.1882 998.564207
0.1883 1000.273788
0.1884 1000.982148
0.1885 996.708957
0.1886 992.453424
0.1887 993.136828
0.1888 988.754593
0.1889 985.397845
0.1890 986.989329
0.1891 982.508096
0.1892 981.054564
0.1893 978.607659
0.1894 975.175044
0.1895 962.780462
0.1896 964.409133
0.1897 962.049821
0.1898 954.721004
0.1899 953.404193
0.1900 955.093296
0.1901 949.788405
0.1902 951.357828
0.1903 942.952363
0.1904 940.572156
0.1905 938.204138
0.1906 932.856205
0.1907 929.534427
0.1908 923.230719
0.1909 918.964777
0.1910 909.738795
0.1911 904.539789
0.1912 899.379043
0.1913 900.228078
0.1914 892.950950
0.1915 891.710802
0.1916 881.483134
0.1917 879.297623
0.1918 870.149508
0.1919 867.034237
0.1920 862.947877
0.1921 854.887573
0.1922 850.844959
0.1923 846.840919
0.1924 842.844202
0.1925 837.872388
0.1926 830.940396
0.1927 831.028803
0.1928 831.107517
0.1929 830.195996
0.1930 826.294675
0.1931 830.401690
0.1932 831.488400
0.1933 828.577363
0.1934 827.669888
0.1935 823.779084
0.1936 822.904637
0.1937 821.035168
0.1938 822.174566
0.1939 825.285992
0.1940 819.413876
0.1941 819.554463
0.1942 814.712943
0.1943 805.905338
0.1944 802.131855
0.1945 801.363519
0.1946 798.606841
0.1947 799.845942
0.1948 799.095128
0.1949 796.346542
0.1950 795.610857
0.1951 789.900188
0.1952 787.207728
0.1953 790.511759
0.1954 788.812656
0.1955 787.127551
0.1956 787.440281
0.1957 779.770482
0.1958 778.127267
0.1959 775.497416
0.1960 774.867557
0.1961 770.257571
0.1962 768.673138
0.1963 769.089798
0.1964 765.507366
0.1965 762.939330
0.1966 760.384735
0.1967 756.899530
0.1968 754.649946
0.1969 753.414090
0.1970 751.163751
0.1971 752.802732
0.1972 745.447142
0.1973 743.126217
0.1974 738.820198
0.1975 739.523484
0.1976 725.273361
0.1977 713.084307
0.1978 710.931018
0.1979 706.798798
0.1980 705.674372
0.1981 709.545564
0.1982 713.407787
0.1983 699.290590
0.1984 698.214836
0.1985 689.168015
0.1986 693.136832
0.1987 689.100281
0.1988 684.086735
0.1989 683.095147
0.1990 679.106329
0.1991 677.044418
0.1992 674.958781
0.1993 671.879674
0.1994 669.818794
0.1995 668.764928
0.1996 665.732336
0.1997 660.626291
0.1998 650.501616
0.1999 625.474253
0.2000 593.628830
0.2001 561.933407
0.2002 524.409990
0.2003 497.070169
0.2004 469.885214
0.2005 453.809804
0.2006 440.813076
0.2007 426.882305
0.2008 407.043978
0.2009 409.269209
0.2010 397.500062
0.2011 388.797767
0.2012 391.110503
0.2013 384.434942
0.2014 386.766337
0.2015 384.033930
0.2016 386.235710
0.2017 393.411603
0.2018 390.584688
0.2019 387.768688
0.2020 387.957152
0.2021 391.134176
0.2022 393.301529
0.2023 398.443656
0.2024 399.575059
0.2025 401.697360
0.2026 411.778613
0.2027 416.819920
0.2028 416.855111
0.2029 416.886770
0.2030 415.918540
0.2031 418.944025
0.2032 417.969193
0.2033 411.020325
0.2034 413.084573
0.2035 402.152150
0.2036 404.256683
0.2037 394.379727
0.2038 390.545843
0.2039 396.695007
0.2040 399.821479
0.2041 397.958728
0.2042 399.089391
0.2043 398.222695
0.2044 367.443462
0.2045 346.791550
0.2046 334.226057
0.2047 316.767124
0.2048 303.378440
0.2049 300.036250
0.2050 295.713591
0.2051 286.414651
0.2052 253.228449
0.2053 214.229233
0.2054 174.458931
0.2055 160.825021
0.2056 127.334188
0.2057 111.961506
0.2058 97.676466
0.2059 97.445217
0.2060 100.176033
0.2061 102.907270
0.2062 106.596361
0.2063 109.147571
0.2064 108.702556
0.2065 110.240957
0.2066 114.767774
0.2067 112.291370
0.2068 128.781027
0.2069 136.211969
0.2070 143.592415
0.2071 146.943687
0.2072 143.287121
0.2073 141.665500
0.2074 151.023555
0.2075 161.298738
0.2076 178.526817
0.2077 174.698811
0.2078 185.865098
0.2079 190.001334
0.2080 187.116887
0.2081 187.244104
0.2082 163.609117
0.2083 138.208463
0.2084 120.916988
0.2085 88.753404
0.2086 80.829616
0.2087 48.174452
0.2088 37.602215
0.2089 28.082824
0.2090 23.642274
0.2091 10.219115
0.2092 14.822864
0.2093 6.425687
0.2094 15.040655
0.2095 11.623606
0.2096 9.247035
0.2097 20.132492
0.2098 11.257772
0.2099 6.686405
0.2100 7.120938
0.2101 5.559492
0.2102 7.008082
0.2103 6.435987
0.2104 2.743241
0.2105 5.234863
0.2106 3.814071
0.2107 2.454530
0.2108 3.178543
0.2109 2.902745
0.2110 2.947817
0.2111 2.120460
0.2112 0.385934
0.2113 3.786790
0.2114 3.312713
0.2115 6.039763
0.2116 4.765686
0.2117 3.589118
0.2118 4.384445
0.2119 1.105407
0.2120 3.981482
0.2121 5.063747
0.2122 1.396335
0.2123 3.859375
0.2124 2.592515
0.2125 0.357139
0.2126 3.276280
0.2127 3.141412
0.2128 1.803944
0.2129 1.409572
0.2130 3.099009
0.2131 1.945207
0.2132 6.935180
0.2133 2.949413
0.2134 6.150584
0.2135 2.520685
0.2136 2.927435
0.2137 2.445932
0.2138 1.246005
0.2139 3.196918
0.2140 1.438004
0.2141 1.886610
0.2142 2.591502
0.2143 1.327476
0.2144 7.282479
0.2145 2.224238
0.2146 1.910127
0.2147 3.577361
0.2148 2.469290
0.2149 3.833120
0.2150 1.252602
0.2151 2.598804
0.2152 3.982840
0.2153 1.203761
0.2154 3.402791
0.2155 3.554939
0.2156 2.705319
0.2157 4.857585
0.2158 5.045927
0.2159 1.270541
0.2160 1.432762
0.2161 1.718212
0.2162 3.014665
0.2163 3.097034
0.2164 3.987423
0.2165 3.747485
0.2166 3.599253
0.2167 4.662283
0.2168 2.736439
0.2169 2.777935
0.2170 3.953495
0.2171 2.168365
0.2172 4.439947
0.2173 5.687864
0.2174 3.172924
0.2175 4.749667
0.2176 6.301735
0.2177 1.793746
0.2178 2.335025
0.2179 0.883559
0.2180 6.505562
0.2181 1.232439
0.2182 0.932331
0.2183 5.568175
0.2184 3.068933
0.2185 3.721363
0.2186 2.445928
0.2187 5.224523
0.2188 1.071989
0.2189 3.330377
0.2190 4.551145
0.2191 2.862968
0.2192 3.142291
0.2193 3.328443
0.2194 1.548900
0.2195 2.619034
0.2196 4.570337
0.2197 3.521551
0.2198 1.291723
0.2199 4.943117
0.2200 4.314835
0.2201 1.645569
0.2202 2.227119
0.2203 3.849821
0.2204 2.449138
0.2205 2.997304
0.2206 0.481549
0.2207 0.766929
0.2208 3.780819
0.2209 5.743157
0.2210 0.889757
0.2211 4.112486
0.2212 2.568366
0.2213 5.013027
0.2214 1.217847
0.2215 4.482647
0.2216 3.889561
0.2217 3.143506
0.2218 5.149717
0.2219 5.038009
0.2220 9.014850
0.2221 5.891174
0.2222 4.900131
0.2223 5.345270
0.2224 4.978270
0.2225 4.766143
0.2226 3.827132
0.2227 3.744347
0.2228 2.606351
0.2229 2.425962
0.2230 0.381941
0.2231 4.440550
0.2232 5.482948
0.2233 4.409126
0.2234 3.675648
0.2235 6.110676
0.2236 4.322784
0.2237 1.798228
0.2238 6.428670
0.2239 3.856336
0.2240 3.211569
0.2241 5.765341
0.2242 2.444969
0.2243 3.152499
0.2244 6.035099
0.2245 8.875477
0.2246 2.635006
0.2247 7.480002
0.2248 8.376479
0.2249 3.146277
0.2250 7.793526
0.2251 7.670118
0.2252 6.622203
0.2253 5.626799
0.2254 3.628588
0.2255 8.628234
0.2256 9.760333
0.2257 6.902452
0.2258 9.994719
0.2259 6.050736
0.2260 6.253027
0.2261 10.687486
0.2262 4.945955
0.2263 7.254144
0.2264 8.646793
0.2265 6.049829
0.2266 14.440131
0.2267 13.778405
0.2268 12.084491
0.2269 19.439616
0.2270 17.817793
0.2271 9.293768
0.2272 15.775833
0.2273 21.012979
0.2274 20.210589
0.2275 24.401155
0.2276 21.458826
0.2277 37.399424
0.2278 39.120629
0.2279 66.768627
0.2280 66.196747
0.2281 75.531778
0.2282 96.686191
0.2283 98.664703
0.2284 105.334382
0.2285 116.814498
0.2286 139.096626
0.2287 142.318937
0.2288 131.497800
0.2289 112.664761
0.2290 112.718712
0.2291 112.605160
0.2292 103.232252
0.2293 115.801747
0.2294 134.221182
0.2295 157.340066
0.2296 172.249349
0.2297 199.857625
0.2298 241.106286
0.2299 267.000805
0.2300 302.715808
0.2301 334.176575
0.2302 363.396318
0.2303 389.326304
0.2304 416.907270
0.2305 447.288914
0.2306 478.498790
0.2307 506.528403
0.2308 545.391908
0.2309 570.097128
0.2310 596.594908
0.2311 624.881882
0.2312 657.009691
0.2313 694.883267
0.2314 735.487576
0.2315 771.741646
0.2316 802.807015
0.2317 823.677769
0.2318 852.340229
0.2319 879.748098
0.2320 903.001334
0.2321 916.140938
0.2322 935.052674
0.2323 951.749033
0.2324 973.239405
0.2325 986.604925
0.2326 1013.857941
0.2327 1037.973333
0.2328 1059.886195
0.2329 1076.626605
0.2330 1086.315425
0.2331 1101.812301
0.2332 1113.108752
0.2333 1128.321050
0.2334 1129.485429
0.2335 1147.592440
0.2336 1152.520705
0.2337 1158.418965
0.2338 1164.260965
0.2339 1175.085690
0.2340 1173.864038
0.2341 1158.686348
0.2342 1155.492658
0.2343 1152.245960
0.2344 1113.051789
0.2345 1086.916010
0.2346 1065.817513
0.2347 1042.852952
0.2348 1039.947353
0.2349 1032.069367
0.2350 1021.249504
0.2351 1019.459699
0.2352 1035.641960
0.2353 1038.768518
0.2354 1048.845800
0.2355 1063.785895
0.2356 1076.580133
0.2357 1081.342706
0.2358 1077.100314
0.2359 1089.709345
0.2360 1093.272295
0.2361 1103.785430
0.2362 1106.271910
0.2363 1113.744846
0.2364 1112.196478
0.2365 1117.639444
0.2366 1135.019402
0.2367 1141.339432
0.2368 1145.496305
0.2369 1162.595574
0.2370 1167.627484
0.2371 1171.635506
0.2372 1184.531258
0.2373 1193.294181
0.2374 1200.027741
0.2375 1198.662459
0.2376 1185.297464
0.2377 1163.997747
0.2378 1145.818442
0.2379 1141.686003
0.2380 1144.562286
0.2381 1139.450169
0.2382 1135.375190
0.2383 1137.300641
0.2384 1139.199472
0.2385 1144.091130
0.2386 1144.871974
0.2387 1139.623560
0.2388 1134.402796
0.2389 1135.198887
0.2390 1143.971607
0.2391 1143.718940
0.2392 1144.463129
0.2393 1151.181580
0.2394 1153.891095
0.2395 1151.582551
0.2396 1149.278593
0.2397 1149.986369
0.2398 1151.695597
0.2399 1150.394647
0.2400 1159.091672
0.2401 1154.764781
0.2402 1147.467855
0.2403 1139.206457
0.2404 1116.940841
0.2405 1081.810208
0.2406 1053.829062
0.2407 1049.927520
0.2408 1045.053527
0.2409 1043.201071
0.2410 1048.351776
0.2411 1045.479037
0.2412 1050.607686
0.2413 1051.610742
0.2414 1052.443317
0.2415 1064.237988
0.2416 1071.978184
0.2417 1077.686554
0.2418 1082.369994
0.2419 1089.020923
0.2420 1096.644548
0.2421 1102.226364
0.2422 1090.824327
0.2423 1087.475358
0.2424 1078.143566
0.2425 1085.813813
0.2426 1087.453428
0.2427 1082.104176
0.2428 1080.767517
0.2429 1075.455601
0.2430 1067.072486
0.2431 1072.677951
0.2432 1073.269711
0.2433 1073.852017
0.2434 1071.440341
0.2435 1075.017559
0.2436 1085.569188
0.2437 1094.060499
0.2438 1090.541576
0.2439 1094.028876
0.2440 1093.514767
0.2441 1091.994375
0.2442 1090.484504
0.2443 1084.991432
0.2444 1085.506698
0.2445 1087.022208
0.2446 1081.536074
0.2447 1077.092688
0.2448 1075.669556
0.2449 1075.245954
0.2450 1073.825725
0.2451 1071.401864
0.2452 1068.004260
0.2453 1064.630377
0.2454 1055.294793
0.2455 1045.001032
0.2456 1043.737426
0.2457 1034.507953
0.2458 1025.322177
0.2459 1025.157232
0.2460 1019.989002
0.2461 1019.712683
0.2462 1021.451741
0.2463 1021.175007
0.2464 1024.839462
0.2465 1024.420087
0.2466 1026.991722
0.2467 1029.549228
0.2468 1034.093637
0.2469 1038.613724
0.2470 1038.122754
0.2471 1038.626144
0.2472 1044.123514
0.2473 1034.630872
0.2474 1038.150309
0.2475 1037.659649
0.2476 1031.188532
0.2477 1016.766607
0.2478 1012.348579
0.2479 1002.893535
0.2480 994.477610
0.2481 989.139836
0.2482 991.035489
0.2483 992.921827
0.2484 995.803165
0.2485 996.680025
0.2486 999.528456
0.2487 1003.366778
0.2488 999.202701
0.2489 1001.045398
0.2490 1004.869227
0.2491 999.704038
0.2492 989.568568
0.2493 983.490686
0.2494 980.436128
0.2495 975.392375
0.2496 974.366580
0.2497 979.337511
0.2498 973.309288
0.2499 978.280283
