0.0000 0.000000
0.0001 0.000000
0.0002 0.000000
0.0003 0.000000
0.0004 0.000000
0.0005 0.000000
0.0006 0.000000
0.0007 0.000000
0.0008 0.000000
0.0009 0.000000
0.0010 0.000000
0.0011 0.000000
0.0012 0.000000
0.0013 0.000000
0.0014 0.000000
0.0015 0.000000
0.0016 0.070945
0.0017 0.204257
0.0018 0.346907
0.0019 0.691938
0.0020 0.955619
0.0021 0.222091
0.0022 0.561236
0.0023 0.959307
0.0024 0.359183
0.0025 0.758334
0.0026 1.155351
0.0027 0.739156
0.0028 1.269966
0.0029 0.925854
0.0030 0.594065
0.0031 0.260655
0.0032 1.092292
0.0033 0.142546
0.0034 1.345001
0.0035 0.480375
0.0036 0.682470
0.0037 0.885116
0.0038 1.087854
0.0039 0.334434
0.0040 0.766290
0.0041 0.241192
0.0042 0.712750
0.0043 1.182963
0.0044 0.784762
0.0045 0.390288
0.0046 0.101619
0.0047 0.920940
0.0048 1.076228
0.0049 0.351324
0.0050 0.770276
0.0051 1.178320
0.0052 0.559202
0.0053 1.186306
0.0054 1.962435
0.0055 0.907103
0.0056 0.808325
0.0057 0.040373
0.0058 1.253022
0.0059 0.515207
0.0060 1.727509
0.0061 1.075362
0.0062 0.557131
0.0063 1.038277
0.0064 0.531347
0.0065 0.210155
0.0066 0.959950
0.0067 0.709453
0.0068 1.454241
0.0069 2.014118
0.0070 0.542022
0.0071 1.109203
0.0072 0.819935
0.0073 0.836125
0.0074 0.912661
0.0075 0.966374
0.0076 0.190673
0.0077 1.477804
0.0078 0.996137
0.0079 1.596551
0.0080 0.233292
0.0081 0.705143
0.0082 2.125104
0.0083 1.498376
0.0084 0.811741
0.0085 1.096799
0.0086 0.267186
0.0087 0.471604
0.0088 0.757012
0.0089 1.049852
0.0090 0.280037
0.0091 0.696496
0.0092 2.181834
0.0093 0.829405
0.0094 0.516302
0.0095 2.202222
0.0096 0.890813
0.0097 1.697813
0.0098 0.652285
0.0099 0.608017
0.0100 0.665702
0.0101 0.785444
0.0102 1.863532
0.0103 0.803995
0.0104 0.887251
0.0105 2.195745
0.0106 0.613182
0.0107 2.088674
0.0108 0.578415
0.0109 2.038067
0.0110 0.554690
0.0111 1.049518
0.0112 0.545076
0.0113 3.287171
0.0114 1.157510
0.0115 0.231791
0.0116 1.409785
0.0117 1.752534
0.0118 1.092638
0.0119 0.592889
0.0120 0.289358
0.0121 0.949231
0.0122 1.645012
0.0123 0.418206
0.0124 1.196282
0.0125 2.251254
0.0126 0.333715
0.0127 0.433658
0.0128 1.725844
0.0129 1.207787
0.0130 1.163040
0.0131 2.232757
0.0132 1.427407
0.0133 1.462305
0.0134 0.339508
0.0135 2.117499
0.0136 1.964428
0.0137 0.999135
0.0138 2.174169
0.0139 1.358708
0.0140 0.738649
0.0141 1.082995
0.0142 -0.710969
0.0143 2.369291
0.0144 1.672530
0.0145 0.967819
0.0146 1.270852
0.0147 0.586869
0.0148 2.912265
0.0149 2.112283
0.0150 1.250907
0.0151 1.506999
0.0152 2.764742
0.0153 2.161164
0.0154 4.697472
0.0155 2.267841
0.0156 2.839028
0.0157 0.393738
0.0158 0.915968
0.0159 0.801883
0.0160 1.820067
0.0161 0.861367
0.0162 1.904324
0.0163 0.589202
0.0164 4.066005
0.0165 3.497467
0.0166 2.982970
0.0167 2.557636
0.0168 3.365983
0.0169 1.332130
0.0170 3.228446
0.0171 1.255821
0.0172 3.454087
0.0173 0.641289
0.0174 1.791264
0.0175 0.247739
0.0176 1.131119
0.0177 5.031528
0.0178 2.185060
0.0179 3.149378
0.0180 2.049642
0.0181 1.017520
0.0182 1.115906
0.0183 2.250658
0.0184 3.289927
0.0185 3.424354
0.0186 1.606185
0.0187 1.875907
0.0188 1.944919
0.0189 4.083694
0.0190 0.285915
0.0191 3.462588
0.0192 1.595588
0.0193 2.525370
0.0194 2.173350
0.0195 6.412571
0.0196 2.519633
0.0197 3.707805
0.0198 1.855781
0.0199 2.778375
0.0200 4.612797
0.0201 0.509934
0.0202 4.345050
0.0203 4.179308
0.0204 3.980607
0.0205 2.812589
0.0206 1.717805
0.0207 4.453113
0.0208 3.278737
0.0209 5.316858
0.0210 0.414699
0.0211 0.643648
0.0212 4.976114
0.0213 3.269640
0.0214 3.658783
0.0215 5.182429
0.0216 3.817972
0.0217 4.473939
0.0218 4.238811
0.0219 5.678822
0.0220 4.114552
0.0221 3.473584
0.0222 8.586015
0.0223 2.560067
0.0224 3.565024
0.0225 4.562884
0.0226 4.576982
0.0227 3.534047
0.0228 5.485682
0.0229 2.275146
0.0230 5.937178
0.0231 7.733671
0.0232 3.685187
0.0233 5.524383
0.0234 5.666246
0.0235 5.095220
0.0236 4.536936
0.0237 7.673559
0.0238 7.773913
0.0239 6.864217
0.0240 6.108384
0.0241 6.201242
0.0242 8.147767
0.0243 4.968699
0.0244 6.947428
0.0245 3.899356
0.0246 2.740462
0.0247 10.522917
0.0248 8.324534
0.0249 9.115681
0.0250 7.017888
0.0251 9.779901
0.0252 7.613753
0.0253 7.442347
0.0254 9.126372
0.0255 6.647250
0.0256 8.191191
0.0257 8.857475
0.0258 5.669781
0.0259 8.654253
0.0260 3.853340
0.0261 6.171287
0.0262 2.519855
0.0263 3.867242
0.0264 5.049893
0.0265 5.130488
0.0266 8.942665
0.0267 9.749987
0.0268 6.553339
0.0269 6.364158
0.0270 9.058089
0.0271 9.942509
0.0272 9.880308
0.0273 6.816109
0.0274 6.934783
0.0275 8.383512
0.0276 11.856423
0.0277 10.319572
0.0278 3.627093
0.0279 4.753122
0.0280 16.106367
0.0281 9.568620
0.0282 11.159459
0.0283 8.779186
0.0284 16.494919
0.0285 14.184317
0.0286 11.662289
0.0287 17.933238
0.0288 14.090670
0.0289 11.354813
0.0290 23.463288
0.0291 15.375330
0.0292 27.206032
0.0293 24.920729
0.0294 30.552243
0.0295 29.095490
0.0296 36.591264
0.0297 46.770768
0.0298 72.762936
0.0299 94.608228
0.0300 126.008207
0.0301 159.884130
0.0302 197.575458
0.0303 238.907718
0.0304 286.743404
0.0305 336.189585
0.0306 375.193948
0.0307 422.862796
0.0308 453.229370
0.0309 494.393820
0.0310 528.353034
0.0311 571.026455
0.0312 604.448871
0.0313 636.412936
0.0314 678.205645
0.0315 710.791989
0.0316 731.214037
0.0317 759.393459
0.0318 790.280141
0.0319 811.018416
0.0320 844.601491
0.0321 868.940387
0.0322 892.110864
0.0323 922.187742
0.0324 942.073114
0.0325 973.562986
0.0326 1006.678423
0.0327 1029.300360
0.0328 1052.817325
0.0329 1072.200596
0.0330 1094.499196
0.0331 1122.648497
0.0332 1140.676311
0.0333 1156.581472
0.0334 1167.139572
0.0335 1182.393270
0.0336 1198.563458
0.0337 1221.516874
0.0338 1237.257554
0.0339 1251.855127
0.0340 1261.275118
0.0341 1265.642864
0.0342 1278.912549
0.0343 1289.065707
0.0344 1305.009756
0.0345 1309.881931
0.0346 1313.614557
0.0347 1318.168382
0.0348 1321.571739
0.0349 1320.962311
0.0350 1318.261053
0.0351 1315.467350
0.0352 1312.522008
0.0353 1330.511433
0.0354 1338.451770
0.0355 1350.322174
0.0356 1356.161729
0.0357 1359.950864
0.0358 1361.737716
0.0359 1367.500079
0.0360 1371.161174
0.0361 1369.717324
0.0362 1370.177751
0.0363 1381.606194
0.0364 1384.016039
0.0365 1388.403811
0.0366 1390.760511
0.0367 1392.106872
0.0368 1391.458095
0.0369 1395.805967
0.0370 1401.131759
0.0371 1402.377895
0.0372 1404.540771
0.0373 1406.677666
0.0374 1412.787992
0.0375 1417.690259
0.0376 1420.496677
0.0377 1418.296298
0.0378 1418.106534
0.0379 1421.898444
0.0380 1418.570603
0.0381 1423.104674
0.0382 1426.613326
0.0383 1426.111861
0.0384 1421.623412
0.0385 1426.132055
0.0386 1426.484294
0.0387 1423.848049
0.0388 1424.220787
0.0389 1424.601900
0.0390 1421.985823
0.0391 1423.379931
0.0392 1422.746889
0.0393 1415.016575
0.0394 1415.297878
0.0395 1415.495294
0.0396 1412.657837
0.0397 1410.833086
0.0398 1405.008903
0.0399 1405.224680
0.0400 1401.426520
0.0401 1393.497601
0.0402 1386.512705
0.0403 1381.514541
0.0404 1382.447343
0.0405 1376.391667
0.0406 1371.362706
0.0407 1364.363186
0.0408 1363.394484
0.0409 1368.402088
0.0410 1362.405571
0.0411 1357.322444
0.0412 1363.236824
0.0413 1361.130262
0.0414 1357.046313
0.0415 1344.999281
0.0416 1339.017179
0.0417 1339.039781
0.0418 1337.067295
0.0419 1339.099175
0.0420 1339.122271
0.0421 1334.160423
0.0422 1330.225183
0.0423 1325.299197
0.0424 1327.387028
0.0425 1330.460915
0.0426 1332.526112
0.0427 1331.587037
0.0428 1328.659221
0.0429 1320.762153
0.0430 1312.908842
0.0431 1310.078612
0.0432 1314.248254
0.0433 1308.425677
0.0434 1297.556227
0.0435 1288.695708
0.0436 1273.906698
0.0437 1264.168070
0.0438 1258.479019
0.0439 1248.826290
0.0440 1244.211161
0.0441 1241.611245
0.0442 1245.022353
0.0443 1238.429739
0.0444 1234.863118
0.0445 1231.321742
0.0446 1226.800916
0.0447 1220.322579
0.0448 1223.847880
0.0449 1218.358760
0.0450 1209.922533
0.0451 1196.534690
0.0452 1194.188520
0.0453 1183.881385
0.0454 1175.631905
0.0455 1171.312124
0.0456 1162.986738
0.0457 1155.702279
0.0458 1146.467237
0.0459 1145.262036
0.0460 1146.010643
0.0461 1141.689126
0.0462 1133.388292
0.0463 1132.131304
0.0464 1137.825588
0.0465 1134.402148
0.0466 1129.867056
0.0467 1121.364957
0.0468 1104.933205
0.0469 1095.569281
0.0470 1086.158692
0.0471 1078.752996
0.0472 1069.402545
0.0473 1056.099056
0.0474 1045.865790
0.0475 1031.694164
0.0476 1028.577146
0.0477 1016.504661
0.0478 1009.466374
0.0479 1003.474060
0.0480 997.504725
0.0481 984.591852
0.0482 980.737421
0.0483 973.893770
0.0484 969.958634
0.0485 967.035573
0.0486 969.106589
0.0487 966.186783
0.0488 962.289410
0.0489 959.406325
0.0490 959.529190
0.0491 947.679292
0.0492 939.883227
0.0493 930.133539
0.0494 924.422318
0.0495 910.763620
0.0496 903.168598
0.0497 898.605281
0.0498 903.043647
0.0499 900.475058
0.0500 899.923651
0.0501 905.351571
0.0502 898.783835
0.0503 891.257124
0.0504 881.764146
0.0505 875.321748
0.0506 872.900284
0.0507 869.504368
0.0508 868.108290
0.0509 869.712181
0.0510 870.316506
0.0511 871.921396
0.0512 873.512300
0.0513 874.088421
0.0514 874.668728
0.0515 873.250593
0.0516 866.849336
0.0517 860.493991
0.0518 853.158358
0.0519 843.876981
0.0520 840.631853
0.0521 834.408552
0.0522 827.222732
0.0523 824.068959
0.0524 817.936694
0.0525 819.814742
0.0526 821.676761
0.0527 815.559955
0.0528 805.356847
0.0529 808.027698
0.0530 817.664919
0.0531 818.283777
0.0532 811.911346
0.0533 805.576261
0.0534 806.256071
0.0535 803.948510
0.0536 804.635985
0.0537 799.338307
0.0538 794.065872
0.0539 787.830464
0.0540 774.641096
0.0541 761.523637
0.0542 750.475711
0.0543 751.446096
0.0544 740.445941
0.0545 730.500277
0.0546 726.602756
0.0547 723.709905
0.0548 721.838564
0.0549 724.968756
0.0550 722.084534
0.0551 720.214229
0.0552 716.363907
0.0553 707.557434
0.0554 705.774450
0.0555 700.013553
0.0556 691.279287
0.0557 684.587106
0.0558 678.939746
0.0559 678.303723
0.0560 677.670085
0.0561 677.044782
0.0562 673.422994
0.0563 673.815537
0.0564 670.213580
0.0565 664.636321
0.0566 663.075637
0.0567 661.518112
0.0568 655.982432
0.0569 653.476884
0.0570 656.965040
0.0571 656.440782
0.0572 649.938937
0.0573 650.451310
0.0574 639.993641
0.0575 629.587489
0.0576 631.200063
0.0577 617.855220
0.0578 613.539638
0.0579 609.261943
0.0580 594.033331
0.0581 590.859924
0.0582 588.697171
0.0583 581.567974
0.0584 572.486051
0.0585 574.408990
0.0586 571.336805
0.0587 568.275109
0.0588 569.227563
0.0589 571.163902
0.0590 570.107436
0.0591 571.059098
0.0592 568.008996
0.0593 564.970103
0.0594 559.944152
0.0595 554.954113
0.0596 549.992821
0.0597 549.052833
0.0598 544.123664
0.0599 541.212844
0.0600 541.290931
0.0601 537.400776
0.0602 543.498964
0.0603 543.571963
0.0604 547.643654
0.0605 550.698781
0.0606 554.738911
0.0607 555.760436
0.0608 557.782862
0.0609 558.795678
0.0610 554.813724
0.0611 547.852032
0.0612 540.934630
0.0613 529.063500
0.0614 527.236370
0.0615 527.411255
0.0616 526.592691
0.0617 532.744824
0.0618 528.893976
0.0619 524.077574
0.0620 517.286267
0.0621 508.534706
0.0622 500.830823
0.0623 493.159467
0.0624 489.522259
0.0625 475.928566
0.0626 472.381372
0.0627 474.838183
0.0628 478.282008
0.0629 478.714778
0.0630 480.141224
0.0631 485.551874
0.0632 480.958558
0.0633 480.372342
0.0634 480.797062
0.0635 475.229474
0.0636 470.700029
0.0637 462.199604
0.0638 458.734458
0.0639 465.254095
0.0640 466.756370
0.0641 461.269536
0.0642 459.793843
0.0643 457.340535
0.0644 452.904260
0.0645 453.477876
0.0646 455.037490
0.0647 451.607562
0.0648 447.195100
0.0649 439.810914
0.0650 436.475021
0.0651 428.152024
0.0652 416.892476
0.0653 419.642884
0.0654 416.403709
0.0655 418.158022
0.0656 411.922737
0.0657 409.709764
0.0658 405.524600
0.0659 402.354581
0.0660 393.227742
0.0661 377.165823
0.0662 368.163357
0.0663 352.235440
0.0664 348.360634
0.0665 338.516385
0.0666 336.707220
0.0667 338.893205
0.0668 336.083711
0.0669 331.300069
0.0670 320.560772
0.0671 315.851421
0.0672 303.192974
0.0673 301.578561
0.0674 300.966224
0.0675 303.342904
0.0676 303.723186
0.0677 302.110033
0.0678 296.508959
0.0679 292.929809
0.0680 287.382675
0.0681 289.834959
0.0682 298.256902
0.0683 301.654007
0.0684 298.054296
0.0685 301.449860
0.0686 302.827809
0.0687 305.206650
0.0688 302.567890
0.0689 305.930194
0.0690 302.299385
0.0691 302.672042
0.0692 299.071678
0.0693 292.495171
0.0694 295.914081
0.0695 295.319121
0.0696 288.759476
0.0697 291.209376
0.0698 290.651478
0.0699 289.095039
0.0700 288.547005
0.0701 288.000908
0.0702 289.448639
0.0703 290.896302
0.0704 288.344120
0.0705 284.805004
0.0706 291.258640
0.0707 296.682926
0.0708 291.109402
0.0709 295.541460
0.0710 291.978376
0.0711 292.424081
0.0712 288.871542
0.0713 288.318790
0.0714 287.774938
0.0715 283.236235
0.0716 276.739329
0.0717 273.264328
0.0718 270.801703
0.0719 271.347002
0.0720 264.920874
0.0721 264.508955
0.0722 248.121667
0.0723 241.808429
0.0724 241.515080
0.0725 242.233863
0.0726 238.932901
0.0727 238.656114
0.0728 241.366628
0.0729 230.096929
0.0730 231.860837
0.0731 232.617255
0.0732 225.393347
0.0733 228.173182
0.0734 227.953234
0.0735 226.729857
0.0736 230.507001
0.0737 236.252771
0.0738 237.981831
0.0739 234.707163
0.0740 240.438381
0.0741 241.149662
0.0742 237.870086
0.0743 229.622150
0.0744 224.406447
0.0745 232.187078
0.0746 233.939299
0.0747 237.659845
0.0748 238.386411
0.0749 239.100908
0.0750 239.821108
0.0751 238.534356
0.0752 240.265545
0.0753 235.991051
0.0754 238.710754
0.0755 245.418262
0.0756 246.107058
0.0757 252.767978
0.0758 253.405353
0.0759 249.051547
0.0760 247.725376
0.0761 241.414926
0.0762 239.125797
0.0763 233.858282
0.0764 243.584246
0.0765 243.273037
0.0766 240.971356
0.0767 246.663490
0.0768 249.333826
0.0769 257.974947
0.0770 258.589236
0.0771 260.201606
0.0772 263.808416
0.0773 267.391132
0.0774 264.965584
0.0775 267.537352
0.0776 272.086380
0.0777 274.636225
0.0778 270.174690
0.0779 264.749797
0.0780 265.336069
0.0781 269.899675
0.0782 270.451716
0.0783 268.011216
0.0784 262.597943
0.0785 261.193076
0.0786 256.799369
0.0787 258.409250
0.0788 259.027503
0.0789 258.630765
0.0790 252.259256
0.0791 246.921214
0.0792 245.604829
0.0793 244.287488
0.0794 243.982860
0.0795 242.685300
0.0796 241.379904
0.0797 247.077848
0.0798 248.755804
0.0799 247.411837
0.0800 250.076032
0.0801 254.717555
0.0802 253.352693
0.0803 251.001414
0.0804 248.662633
0.0805 244.341917
0.0806 237.047074
0.0807 226.807040
0.0808 218.614794
0.0809 215.451321
0.0810 218.285543
0.0811 216.118637
0.0812 213.962997
0.0813 208.835574
0.0814 195.758513
0.0815 188.720878
0.0816 190.701953
0.0817 191.681955
0.0818 189.656032
0.0819 190.635804
0.0820 184.620318
0.0821 181.637367
0.0822 178.669092
0.0823 176.714576
0.0824 167.790174
0.0825 168.880727
0.0826 166.978070
0.0827 170.082103
0.0828 173.171066
0.0829 172.250092
0.0830 170.330990
0.0831 172.414585
0.0832 170.510616
0.0833 170.606273
0.0834 172.681229
0.0835 169.756302
0.0836 174.837987
0.0837 175.893493
0.0838 173.954187
0.0839 176.019874
0.0840 180.059935
0.0841 180.101426
0.0842 185.124899
0.0843 188.123091
0.0844 191.100751
0.0845 199.058983
0.0846 199.993203
0.0847 203.918810
0.0848 205.826664
0.0849 210.708405
0.0850 214.566358
0.0851 212.418399
0.0852 210.289896
0.0853 204.179557
0.0854 200.096962
0.0855 200.025553
0.0856 197.962808
0.0857 191.918868
0.0858 186.904220
0.0859 183.901412
0.0860 172.936557
0.0861 169.017431
0.0862 163.128386
0.0863 161.258689
0.0864 156.410008
0.0865 154.579278
0.0866 153.790692
0.0867 150.251872
0.0868 154.706662
0.0869 156.144850
0.0870 152.591216
0.0871 150.052601
0.0872 147.520822
0.0873 143.999966
0.0874 137.517464
0.0875 134.053125
0.0876 123.630002
0.0877 118.249877
0.0878 121.877596
0.0879 121.507609
0.0880 119.125217
0.0881 109.779401
0.0882 113.452678
0.0883 114.113380
0.0884 111.776302
0.0885 112.437307
0.0886 112.108662
0.0887 116.762264
0.0888 118.406252
0.0889 121.035110
0.0890 125.643891
0.0891 131.218234
0.0892 140.751508
0.0893 147.245140
0.0894 151.715949
0.0895 151.174041
0.0896 157.602340
0.0897 157.026066
0.0898 156.456617
0.0899 153.887359
0.0900 154.324478
0.0901 152.765977
0.0902 151.216483
0.0903 145.550875
0.0904 143.914212
0.0905 140.279587
0.0906 146.636597
0.0907 145.983108
0.0908 142.341378
0.0909 146.697873
0.0910 146.045768
0.0911 150.384281
0.0912 150.711953
0.0913 157.027298
0.0914 154.323358
0.0915 155.628195
0.0916 159.913826
0.0917 160.189652
0.0918 162.461728
0.0919 168.708377
0.0920 169.931558
0.0921 171.153164
0.0922 171.365679
0.0923 176.563488
0.0924 174.752527
0.0925 175.948327
0.0926 182.118309
0.0927 181.276977
0.0928 177.447183
0.0929 176.629922
0.0930 173.815271
0.0931 175.021195
0.0932 165.241896
0.0933 160.503386
0.0934 160.774719
0.0935 159.058169
0.0936 155.354387
0.0937 151.664098
0.0938 150.989307
0.0939 159.288696
0.0940 162.558605
0.0941 158.834608
0.0942 159.117865
0.0943 161.391393
0.0944 162.659313
0.0945 168.913756
0.0946 167.140049
0.0947 163.384538
0.0948 161.652567
0.0949 161.921127
0.0950 160.188467
0.0951 155.476692
0.0952 157.767174
0.0953 154.069513
0.0954 154.370760
0.0955 151.683614
0.0956 146.011914
0.0957 137.383196
0.0958 133.789286
0.0959 125.233713
0.0960 121.705227
0.0961 117.195336
0.0962 109.725080
0.0963 108.255962
0.0964 101.827734
0.0965 99.423764
0.0966 95.037710
0.0967 94.667803
0.0968 89.304345
0.0969 87.963224
0.0970 88.619188
0.0971 89.279351
0.0972 90.934265
0.0973 90.494261
0.0974 91.005057
0.0975 94.512105
0.0976 93.014718
0.0977 93.517655
0.0978 92.013011
0.0979 88.613888
0.0980 79.292098
0.0981 81.998070
0.0982 78.708860
0.0983 73.433208
0.0984 70.185984
0.0985 66.951759
0.0986 66.733747
0.0987 61.529094
0.0988 61.333459
0.0989 63.147389
0.0990 65.947237
0.0991 67.727377
0.0992 69.493029
0.0993 69.249666
0.0994 63.026102
0.0995 65.817314
0.0996 67.595664
0.0997 70.360066
0.0998 73.107548
0.0999 72.838487
0.1000 69.599141
0.1001 68.367437
0.1002 67.133594
0.1003 71.888582
0.1004 69.638538
0.1005 64.420295
0.1006 63.220779
0.1007 63.017617
0.1008 65.804416
0.1009 59.598469
0.1010 56.429633
0.1011 54.257924
0.1012 56.103650
0.1013 52.947350
0.1014 52.794714
0.1015 54.634101
0.1016 49.492619
0.1017 55.352268
0.1018 53.208917
0.1019 45.071448
0.1020 50.951235
0.1021 47.813752
0.1022 45.693710
0.1023 44.586770
0.1024 46.477879
0.1025 47.359090
0.1026 43.251510
0.1027 49.119330
0.1028 53.849846
0.1029 55.558022
0.1030 58.258724
0.1031 55.958755
0.1032 55.791401
0.1033 54.626017
0.1034 47.493967
0.1035 50.364444
0.1036 43.247325
0.1037 36.189689
0.1038 34.273230
0.1039 32.364020
0.1040 33.463518
0.1041 29.561879
0.1042 16.693934
0.1043 11.886730
0.1044 10.099775
0.1045 10.315584
0.1046 7.664202
0.1047 10.014046
0.1048 11.357347
0.1049 7.707081
0.1050 7.067137
0.1051 8.433778
0.1052 6.971130
0.1053 11.739380
0.1054 5.587580
0.1055 1.504000
0.1056 1.372773
0.1057 6.147591
0.1058 3.926469
0.1059 5.713233
0.1060 2.496465
0.1061 4.292395
0.1062 4.349521
0.1063 2.535608
0.1064 2.745199
0.1065 6.117487
0.1066 0.578201
0.1067 3.165769
0.1068 1.923829
0.1069 2.650855
0.1070 2.379831
0.1071 1.380791
0.1072 1.184575
0.1073 2.992279
0.1074 1.876069
0.1075 2.008480
0.1076 2.142630
0.1077 0.321474
0.1078 2.639988
0.1079 1.950034
0.1080 0.489660
0.1081 1.138230
0.1082 0.810377
0.1083 1.611616
0.1084 2.438613
0.1085 1.469155
0.1086 -0.455169
0.1087 0.621141
0.1088 1.692746
0.1089 2.783149
0.1090 0.177248
0.1091 1.654914
0.1092 2.182986
0.1093 0.795972
0.1094 0.648794
0.1095 1.829792
0.1096 2.166981
0.1097 1.559764
0.1098 2.974111
0.1099 1.359736
0.1100 1.670439
0.1101 1.951415
0.1102 1.449539
0.1103 0.141317
0.1104 0.828307
0.1105 0.785424
0.1106 1.988185
0.1107 1.967401
0.1108 3.188746
0.1109 0.424114
0.1110 1.950510
0.1111 3.553017
0.1112 1.185256
0.1113 0.875563
0.1114 0.487149
0.1115 1.977272
0.1116 1.603944
0.1117 1.351328
0.1118 2.342857
0.1119 0.303945
0.1120 0.940525
0.1121 1.694276
0.1122 0.584421
0.1123 1.660364
0.1124 4.039276
0.1125 0.544406
0.1126 2.103484
0.1127 2.805475
0.1128 1.636049
0.1129 0.431382
0.1130 4.181996
0.1131 2.634185
0.1132 2.122636
0.1133 0.652243
0.1134 3.153380
0.1135 0.719372
0.1136 2.128198
0.1137 1.434282
0.1138 1.793632
0.1139 1.487873
0.1140 0.291149
0.1141 3.194665
0.1142 1.928550
0.1143 -0.446444
0.1144 3.582786
0.1145 2.616578
0.1146 1.576825
0.1147 0.547921
0.1148 3.644014
0.1149 3.707889
0.1150 4.126912
0.1151 2.875883
0.1152 2.774965
0.1153 1.685087
0.1154 0.640439
0.1155 2.799887
0.1156 0.962300
0.1157 3.007624
0.1158 0.831708
0.1159 0.328322
0.1160 2.823213
0.1161 2.316482
0.1162 1.752135
0.1163 1.331403
0.1164 1.102566
0.1165 2.926700
0.1166 1.087217
0.1167 2.281553
0.1168 3.576158
0.1169 3.115164
0.1170 2.462449
0.1171 1.954172
0.1172 0.512783
0.1173 1.771240
0.1174 4.061958
0.1175 1.419680
0.1176 1.659319
0.1177 1.857171
0.1178 6.933273
0.1179 2.922231
0.1180 2.945746
0.1181 3.971623
0.1182 2.006500
0.1183 2.018418
0.1184 9.990966
0.1185 4.247510
0.1186 2.677440
0.1187 3.148096
0.1188 5.500184
0.1189 5.509146
0.1190 2.486189
0.1191 2.515994
0.1192 2.440725
0.1193 2.179380
0.1194 5.834257
0.1195 1.773879
0.1196 1.762929
0.1197 2.388208
0.1198 4.141453
0.1199 6.680778
0.1200 3.253952
0.1201 3.017077
0.1202 3.786185
0.1203 3.674508
0.1204 6.354454
0.1205 2.908841
0.1206 2.453451
0.1207 3.848678
0.1208 2.209492
0.1209 3.556115
0.1210 4.960265
0.1211 0.230955
0.1212 2.673143
0.1213 5.108462
0.1214 3.734164
0.1215 1.184116
0.1216 2.671831
0.1217 10.103939
0.1218 5.714353
0.1219 2.291249
0.1220 2.834103
0.1221 4.451993
0.1222 4.068202
0.1223 2.685480
0.1224 5.315440
0.1225 5.694340
0.1226 2.099521
0.1227 3.314547
0.1228 6.399240
0.1229 7.272795
0.1230 6.858355
0.1231 4.529826
0.1232 5.233294
0.1233 5.903472
0.1234 4.580253
0.1235 7.359621
0.1236 9.162352
0.1237 3.942724
0.1238 6.615844
0.1239 4.159329
0.1240 2.955590
0.1241 5.757961
0.1242 7.464798
0.1243 6.231458
0.1244 6.890605
0.1245 7.425978
0.1246 13.001948
0.1247 6.661151
0.1248 7.194971
0.1249 5.734379
0.1250 3.404767
0.1251 15.940794
0.1252 11.457476
0.1253 16.260090
0.1254 10.317120
0.1255 10.376892
0.1256 8.510074
0.1257 16.501912
0.1258 6.320594
0.1259 8.917553
0.1260 5.336391
0.1261 10.716418
0.1262 11.114643
0.1263 6.319053
0.1264 5.446080
0.1265 11.556832
0.1266 7.667410
0.1267 14.871275
0.1268 8.881922
0.1269 9.789753
0.1270 19.613938
0.1271 16.365870
0.1272 15.890053
0.1273 19.203802
0.1274 12.585625
0.1275 14.824051
0.1276 21.839769
0.1277 12.852025
0.1278 15.661277
0.1279 18.532600
0.1280 20.508505
0.1281 20.453744
0.1282 23.177745
0.1283 27.926815
0.1284 33.510774
0.1285 35.005063
0.1286 47.472016
0.1287 61.868577
0.1288 65.087959
0.1289 84.250308
0.1290 114.290676
0.1291 137.129224
0.1292 167.742570
0.1293 206.040869
0.1294 224.183048
0.1295 250.207840
0.1296 274.997454
0.1297 292.624581
0.1298 315.154562
0.1299 325.591007
0.1300 363.885308
0.1301 387.028748
0.1302 425.002233
0.1303 457.790182
0.1304 489.395658
0.1305 516.751377
0.1306 536.806124
0.1307 568.745010
0.1308 581.531757
0.1309 607.230038
0.1310 636.791894
0.1311 657.213269
0.1312 679.514540
0.1313 695.584425
0.1314 720.471286
0.1315 747.056023
0.1316 769.485581
0.1317 788.799025
0.1318 809.927169
0.1319 828.889698
0.1320 842.770551
0.1321 859.567303
0.1322 877.212361
0.1323 892.683038
0.1324 897.975351
0.1325 919.183465
0.1326 942.273397
0.1327 958.249053
0.1328 975.143564
0.1329 990.855994
0.1330 1004.458853
0.1331 1013.002888
0.1332 1029.486822
0.1333 1041.825581
0.1334 1056.887960
0.1335 1061.885731
0.1336 1069.859900
0.1337 1079.784351
0.1338 1080.570495
0.1339 1085.308358
0.1340 1085.898224
0.1341 1085.491221
0.1342 1093.057489
0.1343 1093.619338
0.1344 1110.120601
0.1345 1115.570742
0.1346 1124.963242
0.1347 1125.340320
0.1348 1127.703051
0.1349 1132.054049
0.1350 1134.386444
0.1351 1138.711629
0.1352 1136.027878
0.1353 1127.366081
0.1354 1126.739591
0.1355 1128.101557
0.1356 1135.434871
0.1357 1133.639684
0.1358 1141.826046
0.1359 1149.957079
0.1360 1152.979564
0.1361 1149.844338
0.1362 1156.534812
0.1363 1156.145245
0.1364 1159.678103
0.1365 1167.167175
0.1366 1175.637610
0.1367 1179.066559
0.1368 1176.490419
0.1369 1179.921273
0.1370 1191.310181
0.1371 1180.700381
0.1372 1177.132437
0.1373 1178.562371
0.1374 1178.979111
0.1375 1181.396344
0.1376 1185.743561
0.1377 1183.000479
0.1378 1171.300502
0.1379 1170.625881
0.1380 1169.960267
0.1381 1166.311302
0.1382 1164.674863
0.1383 1168.029811
0.1384 1173.348896
0.1385 1171.663941
0.1386 1173.971543
0.1387 1171.302753
0.1388 1167.639623
0.1389 1165.993779
0.1390 1167.347695
0.1391 1170.599046
0.1392 1169.794672
0.1393 1168.996333
0.1394 1167.216316
0.1395 1172.417698
0.1396 1165.497916
0.1397 1162.592244
0.1398 1160.695827
0.1399 1155.830384
0.1400 1161.958179
0.1401 1162.017630
0.1402 1161.995909
0.1403 1159.915987
0.1404 1161.767207
0.1405 1161.609445
0.1406 1158.460102
0.1407 1156.322010
0.1408 1157.189667
0.1409 1155.069199
0.1410 1141.979795
0.1411 1122.973006
0.1412 1108.071985
0.1413 1102.215098
0.1414 1096.383724
0.1415 1085.595079
0.1416 1073.880734
0.1417 1070.205211
0.1418 1063.544272
0.1419 1062.917947
0.1420 1062.285856
0.1421 1068.639826
0.1422 1066.984385
0.1423 1065.346335
0.1424 1068.692127
0.1425 1069.038404
0.1426 1067.387517
0.1427 1070.737766
0.1428 1066.089451
0.1429 1061.466132
0.1430 1065.836737
0.1431 1065.199169
0.1432 1061.569030
0.1433 1057.962236
0.1434 1052.379920
0.1435 1048.817692
0.1436 1037.291428
0.1437 1026.830737
0.1438 1022.405296
0.1439 1022.000491
0.1440 1018.607245
0.1441 1017.219335
0.1442 1013.842321
0.1443 1009.474902
0.1444 1007.011737
0.1445 1000.565206
0.1446 997.152731
0.1447 996.748852
0.1448 992.358323
0.1449 976.011930
0.1450 969.740258
0.1451 966.483701
0.1452 965.234820
0.1453 961.006200
0.1454 951.822919
0.1455 944.683418
0.1456 934.578992
0.1457 929.525546
0.1458 916.521714
0.1459 913.550910
0.1460 911.461348
0.1461 914.267602
0.1462 915.035353
0.1463 918.796559
0.1464 923.530891
0.1465 928.230729
0.1466 930.920917
0.1467 931.597712
0.1468 930.270198
0.1469 931.948335
0.1470 927.629495
0.1471 917.349343
0.1472 916.100938
0.1473 905.893966
0.1474 900.725731
0.1475 899.472514
0.1476 901.182611
0.1477 893.866913
0.1478 892.485152
0.1479 885.114774
0.1480 882.776825
0.1481 872.472199
0.1482 863.145772
0.1483 858.067091
0.1484 854.147322
0.1485 851.248884
0.1486 849.358316
0.1487 841.494085
0.1488 837.664459
0.1489 830.849545
0.1490 825.079762
0.1491 821.338076
0.1492 815.618946
0.1493 801.947567
0.1494 797.324984
0.1495 780.764804
0.1496 777.270248
0.1497 766.799996
0.1498 765.362905
0.1499 763.931150
0.1500 768.489177
0.1501 767.035730
0.1502 764.599251
0.1503 764.171525
0.1504 762.753113
0.1505 759.348680
0.1506 755.957563
0.1507 758.568550
0.1508 761.174908
0.1509 758.745484
0.1510 752.233806
0.1511 746.758874
0.1512 743.296297
0.1513 738.851128
0.1514 738.425525
0.1515 724.904181
0.1516 726.409228
0.1517 723.920487
0.1518 728.432847
0.1519 726.821308
0.1520 723.203705
0.1521 722.593218
0.1522 716.004328
0.1523 714.438228
0.1524 700.913745
0.1525 694.448812
0.1526 687.017921
0.1527 686.602477
0.1528 675.221224
0.1529 676.866365
0.1530 671.504072
0.1531 661.209286
0.1532 655.953072
0.1533 656.708372
0.1534 653.462368
0.1535 651.239226
0.1536 651.025828
0.1537 646.820586
0.1538 641.635296
0.1539 636.474372
0.1540 639.322995
0.1541 633.186762
0.1542 623.074979
0.1543 609.052492
0.1544 601.072359
0.1545 586.152032
0.1546 578.299923
0.1547 571.493490
0.1548 569.700478
0.1549 559.941914
0.1550 560.215351
0.1551 555.493029
0.1552 556.767049
0.1553 549.067806
0.1554 547.390885
0.1555 554.706100
0.1556 555.993817
0.1557 558.273040
0.1558 553.559505
0.1559 553.862366
0.1560 555.164574
0.1561 553.464981
0.1562 549.772128
0.1563 543.117830
0.1564 533.497648
0.1565 510.938194
0.1566 489.530297
0.1567 472.223422
0.1568 460.997241
0.1569 445.845462
0.1570 439.731790
0.1571 432.649218
0.1572 422.628750
0.1573 419.645137
0.1574 412.688577
0.1575 398.789619
0.1576 398.921149
0.1577 399.043588
0.1578 404.154766
0.1579 403.254402
0.1580 406.344430
0.1581 409.417105
0.1582 407.496113
0.1583 408.580400
0.1584 401.673465
0.1585 392.821417
0.1586 385.997164
0.1587 385.200214
0.1588 378.412670
0.1589 381.640176
0.1590 381.856335
0.1591 383.071092
0.1592 390.273914
0.1593 394.433039
0.1594 391.593149
0.1595 393.763405
0.1596 392.928511
0.1597 393.097562
0.1598 391.273926
0.1599 391.455968
0.1600 390.624638
0.1601 398.774842
0.1602 397.905040
0.1603 396.045187
0.1604 391.205521
0.1605 388.380482
0.1606 389.555834
0.1607 390.737601
0.1608 392.903393
0.1609 390.075826
0.1610 394.241009
0.1611 397.386110
0.1612 397.524081
0.1613 400.658123
0.1614 402.771770
0.1615 402.879038
0.1616 398.996145
0.1617 391.152209
0.1618 383.344096
0.1619 384.554611
0.1620 381.757487
0.1621 384.961430
0.1622 381.183149
0.1623 379.421191
0.1624 382.654101
0.1625 384.859914
0.1626 385.066959
0.1627 387.267995
0.1628 387.452627
0.1629 379.669487
0.1630 377.911917
0.1631 382.150867
0.1632 379.367915
0.1633 388.584351
0.1634 385.777438
0.1635 386.968335
0.1636 387.160729
0.1637 387.348863
0.1638 388.529598
0.1639 383.729141
0.1640 380.941278
0.1641 379.167621
0.1642 374.419901
0.1643 369.695405
0.1644 363.002058
0.1645 354.348761
0.1646 354.718723
0.1647 354.098235
0.1648 353.474432
0.1649 358.837428
0.1650 362.177505
0.1651 366.484009
0.1652 363.801409
0.1653 363.122644
0.1654 355.458147
0.1655 358.816045
0.1656 363.150076
0.1657 366.461838
0.1658 370.757073
0.1659 369.042398
0.1660 371.335649
0.1661 370.617551
0.1662 368.885684
0.1663 365.185203
0.1664 361.503519
0.1665 363.822605
0.1666 358.020830
0.1667 365.214023
0.1668 363.392944
0.1669 357.604126
0.1670 352.832365
0.1671 354.957885
0.1672 356.061300
0.1673 358.144288
0.1674 363.213833
0.1675 362.270105
0.1676 367.309029
0.1677 364.347311
0.1678 362.400382
0.1679 360.466085
0.1680 366.517703
0.1681 370.541562
0.1682 372.552650
0.1683 372.546630
0.1684 372.549336
0.1685 371.542451
0.1686 368.555898
0.1687 369.572931
0.1688 370.593081
0.1689 369.606816
0.1690 367.633236
0.1691 365.671704
0.1692 362.715131
0.1693 359.781506
0.1694 359.857840
0.1695 358.936228
0.1696 360.009143
0.1697 350.106503
0.1698 348.234580
0.1699 347.366571
0.1700 345.513741
0.1701 346.654103
0.1702 349.791063
0.1703 348.920075
0.1704 346.055787
0.1705 340.212303
0.1706 337.391797
0.1707 331.600232
0.1708 324.842159
0.1709 324.114056
0.1710 314.403755
0.1711 309.736213
0.1712 298.109354
0.1713 296.507611
0.1714 297.911515
0.1715 295.355830
0.1716 287.071852
0.1717 283.815361
0.1718 283.566364
0.1719 281.196469
0.1720 279.827229
0.1721 281.456883
0.1722 278.091765
0.1723 276.747016
0.1724 273.400451
0.1725 269.083334
0.1726 264.790770
0.1727 268.490669
0.1728 263.199302
0.1729 257.936213
0.1730 255.692619
0.1731 250.466768
0.1732 251.248750
0.1733 253.023740
0.1734 246.810947
0.1735 247.620242
0.1736 250.421532
0.1737 247.223395
0.1738 240.045522
0.1739 238.894490
0.1740 235.759256
0.1741 236.626916
0.1742 237.481596
0.1743 239.339753
0.1744 240.185088
0.1745 244.028813
0.1746 244.854152
0.1747 242.737609
0.1748 241.018884
0.1749 238.350971
0.1750 232.620705
0.1751 229.914629
0.1752 232.207096
0.1753 229.506394
0.1754 225.818363
0.1755 226.149669
0.1756 227.473454
0.1757 227.791713
0.1758 224.108044
0.1759 225.433046
0.1760 226.757804
0.1761 227.068876
0.1762 225.316224
0.1763 229.485907
0.1764 226.669991
0.1765 223.852230
0.1766 221.057509
0.1767 213.287004
0.1768 200.571023
0.1769 188.927779
0.1770 184.332990
0.1771 173.780426
0.1772 160.292288
0.1773 153.849772
0.1774 141.453730
0.1775 132.117639
0.1776 139.788408
0.1777 139.434668
0.1778 141.085462
0.1779 139.739926
0.1780 144.378924
0.1781 144.009763
0.1782 149.617420
0.1783 153.206591
0.1784 158.774454
0.1785 167.312025
0.1786 168.816986
0.1787 175.289977
0.1788 172.765777
0.1789 166.348001
0.1790 173.975153
0.1791 169.594222
0.1792 166.229224
0.1793 166.867731
0.1794 161.518046
0.1795 160.194421
0.1796 170.851609
0.1797 173.467404
0.1798 176.949010
0.1799 173.413457
0.1800 179.867427
0.1801 181.301446
0.1802 184.714530
0.1803 191.108092
0.1804 191.485153
0.1805 187.890401
0.1806 184.298070
0.1807 177.725362
0.1808 173.192860
0.1809 166.660730
0.1810 144.221840
0.1811 131.878327
0.1812 120.581488
0.1813 106.378311
0.1814 102.233113
0.1815 95.106446
0.1816 87.028433
0.1817 94.945533
0.1818 89.863967
0.1819 95.653990
0.1820 97.402951
0.1821 107.124837
0.1822 101.838561
0.1823 103.551903
0.1824 102.269489
0.1825 90.026198
0.1826 92.793211
0.1827 88.566569
0.1828 93.348284
0.1829 91.129145
0.1830 97.884767
0.1831 98.626500
0.1832 99.359109
0.1833 102.088701
0.1834 104.801027
0.1835 112.479634
0.1836 111.145784
0.1837 105.828089
0.1838 109.522953
0.1839 113.198003
0.1840 116.850134
0.1841 119.485610
0.1842 125.094628
0.1843 129.677002
0.1844 131.243855
0.1845 135.802297
0.1846 134.355525
0.1847 129.911648
0.1848 129.479517
0.1849 124.055898
0.1850 117.683149
0.1851 115.336525
0.1852 110.004071
0.1853 109.688857
0.1854 111.370040
0.1855 108.047122
0.1856 112.732178
0.1857 115.388620
0.1858 113.046842
0.1859 119.696975
0.1860 119.243870
0.1861 113.742392
0.1862 115.257640
0.1863 114.767711
0.1864 115.280710
0.1865 117.793803
0.1866 116.301695
0.1867 109.826272
0.1868 115.364055
0.1869 117.870067
0.1870 126.415509
0.1871 124.017165
0.1872 127.598855
0.1873 119.198472
0.1874 116.841584
0.1875 109.500411
0.1876 105.189585
0.1877 106.891077
0.1878 102.593061
0.1879 93.325872
0.1880 92.099291
0.1881 94.859020
0.1882 92.618410
0.1883 92.395930
0.1884 98.149737
0.1885 107.860483
0.1886 113.537946
0.1887 112.202764
0.1888 115.842337
0.1889 117.418777
0.1890 117.922949
0.1891 120.421854
0.1892 124.902840
0.1893 124.363624
0.1894 124.834108
0.1895 130.280107
0.1896 132.717100
0.1897 134.138949
0.1898 138.542170
0.1899 142.936634
0.1900 148.295544
0.1901 144.648617
0.1902 145.010200
0.1903 148.360130
0.1904 156.673202
0.1905 157.961463
0.1906 159.240746
0.1907 157.531588
0.1908 154.820998
0.1909 152.137116
0.1910 153.462312
0.1911 153.770898
0.1912 151.087445
0.1913 151.408307
0.1914 156.715861
0.1915 159.014241
0.1916 164.285829
0.1917 161.543370
0.1918 160.819655
0.1919 162.093874
0.1920 162.360928
0.1921 162.623670
0.1922 164.883613
0.1923 166.132730
0.1924 167.379868
0.1925 169.617959
0.1926 170.839247
0.1927 175.048279
0.1928 172.244973
0.1929 174.441432
0.1930 176.635634
0.1931 171.936821
0.1932 175.269152
0.1933 176.597493
0.1934 173.917586
0.1935 174.252031
0.1936 170.601886
0.1937 162.971854
0.1938 148.399655
0.1939 142.887762
0.1940 140.398846
0.1941 141.924141
0.1942 136.441446
0.1943 136.974420
0.1944 129.516790
0.1945 126.098712
0.1946 120.700309
0.1947 125.312075
0.1948 118.915201
0.1949 111.593827
0.1950 110.395828
0.1951 112.208253
0.1952 105.021367
0.1953 103.726122
0.1954 103.433710
0.1955 110.125195
0.1956 106.808011
0.1957 105.518418
0.1958 113.197064
0.1959 114.851509
0.1960 113.504038
0.1961 117.158418
0.1962 121.791728
0.1963 125.389437
0.1964 130.971104
0.1965 131.532457
0.1966 134.091687
0.1967 139.629121
0.1968 140.150614
0.1969 135.679018
0.1970 134.219318
0.1971 134.764849
0.1972 136.314072
0.1973 135.856160
0.1974 143.320780
0.1975 141.695003
0.1976 143.061598
0.1977 138.445153
0.1978 137.837981
0.1979 145.210262
0.1980 141.571781
0.1981 137.958164
0.1982 128.372385
0.1983 116.847881
0.1984 100.412147
0.1985 95.028646
0.1986 76.704093
0.1987 70.436914
0.1988 61.233138
0.1989 46.083366
0.1990 33.998405
0.1991 27.975436
0.1992 28.056611
0.1993 18.206098
0.1994 8.400159
0.1995 5.731000
0.1996 4.251640
0.1997 2.906642
0.1998 3.581060
0.1999 1.383857
0.2000 4.486946
0.2001 4.665605
0.2002 3.870331
0.2003 6.107991
0.2004 5.349746
0.2005 3.540568
0.2006 5.654361
0.2007 2.739532
0.2008 1.732588
0.2009 5.651079
0.2010 1.784940
0.2011 1.973134
0.2012 2.238671
0.2013 2.536685
0.2014 2.854658
0.2015 1.369337
0.2016 2.099198
0.2017 2.827108
0.2018 6.551330
0.2019 5.275000
0.2020 3.006444
0.2021 0.979400
0.2022 0.980331
0.2023 1.001192
0.2024 1.994572
0.2025 3.184957
0.2026 0.587261
0.2027 2.116304
0.2028 1.775635
0.2029 1.556109
0.2030 2.351797
0.2031 4.151301
0.2032 2.949135
0.2033 1.918348
0.2034 3.995785
0.2035 1.193031
0.2036 3.313463
0.2037 4.379543
0.2038 2.510627
0.2039 0.594328
0.2040 3.669095
0.2041 0.830100
0.2042 0.984668
0.2043 1.923469
0.2044 1.927555
0.2045 1.114114
0.2046 1.408374
0.2047 1.722183
0.2048 2.163989
0.2049 0.789289
0.2050 3.611400
0.2051 1.690873
0.2052 2.856829
0.2053 0.139295
0.2054 1.468746
0.2055 0.884838
0.2056 3.298515
0.2057 2.712763
0.2058 1.130493
0.2059 0.557616
0.2060 2.990814
0.2061 0.526177
0.2062 2.246837
0.2063 2.827208
0.2064 1.482729
0.2065 1.168003
0.2066 2.851804
0.2067 1.559247
0.2068 0.393569
0.2069 0.615218
0.2070 2.152601
0.2071 0.967938
0.2072 0.975798
0.2073 1.267806
0.2074 0.726876
0.2075 0.484181
0.2076 4.239531
0.2077 3.813859
0.2078 1.401118
0.2079 0.956441
0.2080 0.570249
0.2081 3.266194
0.2082 1.937597
0.2083 0.444191
0.2084 1.466507
0.2085 2.405088
0.2086 1.533658
0.2087 2.687734
0.2088 3.841527
0.2089 2.994147
0.2090 6.170569
0.2091 8.332788
0.2092 1.469907
0.2093 1.623821
0.2094 0.610163
0.2095 1.523102
0.2096 0.653950
0.2097 4.698126
0.2098 1.679326
0.2099 1.569040
0.2100 1.455868
0.2101 2.297526
0.2102 1.934585
0.2103 1.568533
0.2104 0.088018
0.2105 2.526901
0.2106 2.791828
0.2107 3.102049
0.2108 1.620284
0.2109 2.240151
0.2110 0.859594
0.2111 0.694749
0.2112 2.814876
0.2113 4.890776
0.2114 5.162122
0.2115 1.555503
0.2116 4.143242
0.2117 2.710281
0.2118 2.521888
0.2119 2.369266
0.2120 1.195621
0.2121 1.234097
0.2122 2.319171
0.2123 2.256203
0.2124 1.369524
0.2125 3.594192
0.2126 2.951671
0.2127 3.457008
0.2128 2.040983
0.2129 2.740927
0.2130 1.443211
0.2131 2.061091
0.2132 1.688217
0.2133 1.189591
0.2134 1.667440
0.2135 4.030709
0.2136 2.352515
0.2137 2.925542
0.2138 2.488328
0.2139 3.086871
0.2140 1.719588
0.2141 4.392753
0.2142 2.769188
0.2143 2.089650
0.2144 2.285468
0.2145 2.403552
0.2146 2.492826
0.2147 5.512164
0.2148 1.781443
0.2149 2.119049
0.2150 5.394040
0.2151 2.752461
0.2152 1.185655
0.2153 8.639801
0.2154 1.993738
0.2155 3.288560
0.2156 2.661244
0.2157 2.245433
0.2158 0.755260
0.2159 4.375221
0.2160 5.006878
0.2161 2.659599
0.2162 0.272697
0.2163 3.693436
0.2164 5.049856
0.2165 4.245723
0.2166 4.257264
0.2167 4.341942
0.2168 1.540274
0.2169 5.762557
0.2170 3.843967
0.2171 2.949090
0.2172 2.055570
0.2173 5.804675
0.2174 7.383110
0.2175 5.063548
0.2176 2.947865
0.2177 1.773741
0.2178 4.427367
0.2179 2.954333
0.2180 5.370643
0.2181 3.643096
0.2182 3.847110
0.2183 2.094617
0.2184 5.095861
0.2185 5.075065
0.2186 4.866191
0.2187 2.617730
0.2188 4.817209
0.2189 3.098902
0.2190 4.507467
0.2191 8.020943
0.2192 1.575223
0.2193 6.430197
0.2194 6.257802
0.2195 5.265083
0.2196 4.405313
0.2197 2.716674
0.2198 2.970318
0.2199 5.049809
0.2200 7.014040
0.2201 4.957594
0.2202 4.965834
0.2203 6.210710
0.2204 7.383718
0.2205 7.732106
0.2206 11.934300
0.2207 8.898609
0.2208 10.947982
0.2209 6.015224
0.2210 15.175929
0.2211 7.107516
0.2212 4.152820
0.2213 8.087355
0.2214 3.899743
0.2215 4.560026
0.2216 1.253738
0.2217 4.891546
0.2218 6.282087
0.2219 2.551168
0.2220 6.692087
0.2221 4.837177
0.2222 9.892489
0.2223 7.999900
0.2224 10.298607
0.2225 7.701399
0.2226 8.053718
0.2227 3.449733
0.2228 10.947358
0.2229 9.691803
0.2230 4.574229
0.2231 12.378167
0.2232 7.223530
0.2233 9.152080
0.2234 14.247381
0.2235 11.427018
0.2236 19.588739
0.2237 17.627804
0.2238 17.494310
0.2239 14.416659
0.2240 27.327747
0.2241 29.159226
0.2242 28.874928
0.2243 53.497712
0.2244 57.044200
0.2245 61.367343
0.2246 83.406186
0.2247 100.284849
0.2248 135.847412
0.2249 161.216232
0.2250 188.447172
0.2251 232.322084
0.2252 256.565912
0.2253 264.634145
0.2254 281.518579
0.2255 303.214775
0.2256 316.645461
0.2257 342.980082
0.2258 372.147377
0.2259 387.203380
0.2260 428.104685
0.2261 448.860324
0.2262 482.466658
0.2263 512.770654
0.2264 543.842001
0.2265 563.564256
0.2266 584.084821
0.2267 604.456234
0.2268 630.690325
0.2269 652.816159
0.2270 680.799322
0.2271 694.664629
0.2272 716.421522
0.2273 732.955163
0.2274 750.404583
0.2275 764.774186
0.2276 766.106387
0.2277 780.230478
0.2278 801.153079
0.2279 820.953735
0.2280 842.530750
0.2281 868.998194
0.2282 872.317497
0.2283 890.363050
0.2284 902.303474
0.2285 917.189748
0.2286 929.063934
0.2287 938.900676
0.2288 959.432924
0.2289 968.887932
0.2290 974.296786
0.2291 984.678718
0.2292 995.980174
0.2293 1015.139933
0.2294 1028.103304
0.2295 1044.890366
0.2296 1055.616543
0.2297 1070.256609
0.2298 1090.809532
0.2299 1104.271103
0.2300 1115.675297
0.2301 1118.035773
0.2302 1127.364229
0.2303 1125.675250
0.2304 1135.958532
0.2305 1144.197027
0.2306 1151.389242
0.2307 1155.546214
0.2308 1153.707864
0.2309 1141.881430
0.2310 1143.094042
0.2311 1144.303435
0.2312 1144.492977
0.2313 1152.558762
0.2314 1153.330079
0.2315 1153.965693
0.2316 1157.592569
0.2317 1168.183427
0.2318 1169.685311
0.2319 1174.896695
0.2320 1180.989572
0.2321 1194.909046
0.2322 1200.775471
0.2323 1203.597931
0.2324 1214.289738
0.2325 1216.922662
0.2326 1215.549569
0.2327 1216.141485
0.2328 1217.632680
0.2329 1221.107964
0.2330 1222.557251
0.2331 1217.030630
0.2332 1209.541263
0.2333 1210.059742
0.2334 1212.583034
0.2335 1222.067416
0.2336 1224.517273
0.2337 1223.963552
0.2338 1224.412928
0.2339 1226.856098
0.2340 1229.203012
0.2341 1232.487165
0.2342 1230.764008
0.2343 1231.042388
0.2344 1236.305955
0.2345 1241.541291
0.2346 1243.756044
0.2347 1245.958073
0.2348 1248.158346
0.2349 1249.334803
0.2350 1241.532635
0.2351 1243.737759
0.2352 1239.958534
0.2353 1235.194555
0.2354 1233.361442
0.2355 1229.417433
0.2356 1221.457631
0.2357 1221.516633
0.2358 1227.557232
0.2359 1231.558410
0.2360 1230.424737
0.2361 1222.324201
0.2362 1210.282313
0.2363 1206.271748
0.2364 1210.273475
0.2365 1213.232149
0.2366 1214.067840
0.2367 1213.888605
0.2368 1210.601845
0.2369 1211.308701
0.2370 1203.046807
0.2371 1194.826669
0.2372 1186.634366
0.2373 1178.361470
0.2374 1176.120289
0.2375 1170.898170
0.2376 1167.691051
0.2377 1175.379791
0.2378 1170.030874
0.2379 1166.700904
0.2380 1168.381296
0.2381 1166.060258
0.2382 1163.747913
0.2383 1157.468040
0.2384 1150.212082
0.2385 1145.997640
0.2386 1139.810029
0.2387 1137.638881
0.2388 1133.474322
0.2389 1113.401224
0.2390 1110.377036
0.2391 1104.382071
0.2392 1098.416170
0.2393 1096.472002
0.2394 1093.542748
0.2395 1098.606462
0.2396 1094.660797
0.2397 1087.747927
0.2398 1081.873257
0.2399 1082.011400
0.2400 1079.158307
0.2401 1081.300212
0.2402 1077.448303
0.2403 1078.603716
0.2404 1078.759159
0.2405 1079.907858
0.2406 1080.049554
0.2407 1074.204060
0.2408 1071.383087
0.2409 1070.569633
0.2410 1064.789469
0.2411 1048.061683
0.2412 1037.411205
0.2413 1026.824996
0.2414 1024.152694
0.2415 1024.466268
0.2416 1021.782773
0.2417 1016.122088
0.2418 1012.478647
0.2419 1006.869991
0.2420 1007.269268
0.2421 1001.687453
0.2422 1001.122606
0.2423 996.494016
0.2424 999.816612
0.2425 999.128003
0.2426 996.449394
0.2427 998.772853
0.2428 1001.086824
0.2429 1001.382653
0.2430 998.689151
0.2431 992.017787
0.2432 990.323735
0.2433 985.560309
0.2434 978.827654
0.2435 976.120844
0.2436 976.431539
0.2437 973.745445
0.2438 968.079233
0.2439 966.424327
0.2440 957.811117
0.2441 960.210045
0.2442 958.596369
0.2443 958.984664
0.2444 954.390808
0.2445 956.793562
0.2446 954.210219
0.2447 949.634003
0.2448 938.102701
0.2449 918.661252
0.2450 903.324104
0.2451 897.029744
0.2452 890.765735
0.2453 888.524912
0.2454 880.333206
0.2455 868.183105
0.2456 863.081452
0.2457 856.996543
0.2458 844.964872
0.2459 836.983091
0.2460 827.052734
0.2461 820.173475
0.2462 812.322793
0.2463 811.510707
0.2464 811.694833
0.2465 809.885091
0.2466 811.077590
0.2467 802.283979
0.2468 785.558257
0.2469 778.903608
0.2470 774.147177
0.2471 771.413109
0.2472 768.688465
0.2473 759.000463
0.2474 750.357234
0.2475 746.692905
0.2476 739.965490
0.2477 734.277307
0.2478 727.629465
0.2479 721.014578
0.2480 710.437347
0.2481 705.916562
0.2482 705.394061
0.2483 703.886714
0.2484 703.384906
0.2485 706.868762
0.2486 705.338785
0.2487 703.824133
0.2488 700.333737
0.2489 696.854863
0.2490 697.321794
0.2491 697.712604
0.2492 697.109268
0.2493 693.509516
0.2494 688.935987
0.2495 682.397486
0.2496 679.885327
0.2497 673.409532
0.2498 671.935356
0.2499 672.455586
