0 0
0.0001 2
0.0002 8
0.0003 14
0.0004 25
0.0005 28
0.0006 43
0.0007 52
0.0008 57
0.0009 62
0.001 66
0.0011 72
0.0012 76
0.0013 84
0.0014 93
0.0015 105
0.0016 105
0.0017 115
0.0018 122
0.0019 129
0.002 155
0.0021 183
0.0022 209
0.0023 234
0.0024 247
0.0025 269
0.0026 308
0.0027 337
0.0028 375
0.0029 402
0.003 412
0.0031 449
0.0032 480
0.0033 525
0.0034 566
0.0035 589
0.0036 631
0.0037 663
0.0038 692
0.0039 725
0.004 741
0.0041 767
0.0042 801
0.0043 810
0.0044 816
0.0045 817
0.0046 829
0.0047 852
0.0048 882
0.0049 914
0.005 946
0.0051 976
0.0052 1023
0.0053 1073
0.0054 1109
0.0055 1139
0.0056 1173
0.0057 1213
0.0058 1251
0.0059 1261
0.006 1300
0.0061 1301
0.0062 1319
0.0063 1332
0.0064 1352
0.0065 1368
0.0066 1376
0.0067 1389
0.0068 1408
0.0069 1406
0.007 1419
0.0071 1431
0.0072 1452
0.0073 1470
0.0074 1485
0.0075 1494
0.0076 1518
0.0077 1525
0.0078 1527
0.0079 1534
0.008 1514
0.0081 1496
0.0082 1474
0.0083 1453
0.0084 1467
0.0085 1460
0.0086 1462
0.0087 1462
0.0088 1476
0.0089 1467
0.009 1461
0.0091 1465
0.0092 1467
0.0093 1461
0.0094 1479
0.0095 1460
0.0096 1447
0.0097 1448
0.0098 1444
0.0099 1431
0.01 1413
0.0101 1417
0.0102 1423
0.0103 1411
0.0104 1401
0.0105 1390
0.0106 1396
0.0107 1409
0.0108 1441
0.0109 1423
0.011 1432
0.0111 1430
0.0112 1410
0.0113 1415
0.0114 1429
0.0115 1402
0.0116 1401
0.0117 1418
0.0118 1413
0.0119 1414
0.012 1398
0.0121 1391
0.0122 1388
0.0123 1413
0.0124 1426
0.0125 1428
0.0126 1403
0.0127 1405
0.0128 1401
0.0129 1415
0.013 1452
0.0131 1461
0.0132 1480
0.0133 1520
0.0134 1528
0.0135 1528
0.0136 1531
0.0137 1538
0.0138 1549
0.0139 1560
0.014 1552
0.0141 1549
0.0142 1564
0.0143 1562
0.0144 1560
0.0145 1548
0.0146 1555
0.0147 1559
0.0148 1577
0.0149 1590
0.015 1581
0.0151 1582
0.0152 1568
0.0153 1560
0.0154 1554
0.0155 1542
0.0156 1517
0.0157 1501
0.0158 1481
0.0159 1457
0.016 1451
0.0161 1440
0.0162 1430
0.0163 1432
0.0164 1438
0.0165 1411
0.0166 1411
0.0167 1402
0.0168 1396
0.0169 1387
0.017 1377
0.0171 1369
0.0172 1362
0.0173 1347
0.0174 1328
0.0175 1336
0.0176 1327
0.0177 1294
0.0178 1277
0.0179 1265
0.018 1247
0.0181 1235
0.0182 1213
0.0183 1200
0.0184 1194
0.0185 1160
0.0186 1143
0.0187 1135
0.0188 1121
0.0189 1099
0.019 1064
0.0191 1031
0.0192 1028
0.0193 1009
0.0194 1005
0.0195 984
0.0196 966
0.0197 952
0.0198 956
0.0199 959
0.02 954
0.0201 940
0.0202 942
0.0203 934
0.0204 927
0.0205 911
0.0206 903
0.0207 872
0.0208 850
0.0209 821
0.021 814
0.0211 816
0.0212 807
0.0213 788
0.0214 783
0.0215 753
0.0216 747
0.0217 736
0.0218 735
0.0219 722
0.022 721
0.0221 711
0.0222 680
0.0223 666
0.0224 661
0.0225 678
0.0226 669
0.0227 680
0.0228 664
0.0229 665
0.023 662
0.0231 662
0.0232 664
0.0233 642
0.0234 650
0.0235 632
0.0236 619
0.0237 587
0.0238 555
0.0239 541
0.024 506
0.0241 469
0.0242 450
0.0243 436
0.0244 425
0.0245 400
0.0246 384
0.0247 374
0.0248 350
0.0249 321
0.025 301
0.0251 284
0.0252 256
0.0253 237
0.0254 216
0.0255 206
0.0256 193
0.0257 173
0.0258 145
0.0259 133
0.026 118
0.0261 94
0.0262 66
0.0263 46
0.0264 31
0.0265 25
0.0266 20
0.0267 11
0.0268 10
0.0269 4
0.027 5
0.0271 1
0.0272 5
0.0273 5
0.0274 1
0.0275 2
0.0276 3
0.0277 1
0.0278 5
0.0279 2
0.028 1
0.0281 1
0.0282 0
0.0283 1
0.0284 3
0.0285 3
0.0286 1
0.0287 1
0.0288 1
0.0289 1
0.029 2
0.0291 1
0.0292 0
0.0293 0
0.0294 0
0.0295 3
0.0296 4
0.0297 1
0.0298 0
0.0299 0
0.03 0
0.0301 0
0.0302 1
0.0303 0
0.0304 0
0.0305 1
0.0306 1
0.0307 0
0.0308 0
0.0309 1
0.031 0
0.0311 2
0.0312 1
0.0313 0
0.0314 0
0.0315 2
0.0316 0
0.0317 0
0.0318 1
0.0319 0
0.032 0
0.0321 0
0.0322 0
0.0323 0
0.0324 1
0.0325 2
0.0326 0
0.0327 3
0.0328 1
0.0329 0
0.033 0
0.0331 0
0.0332 0
0.0333 0
0.0334 0
0.0335 0
0.0336 0
0.0337 0
0.0338 0
0.0339 1
0.034 1
0.0341 0
0.0342 1
0.0343 0
0.0344 0
0.0345 0
0.0346 3
0.0347 1
0.0348 0
0.0349 0
0.035 0
0.0351 1
0.0352 0
0.0353 0
0.0354 1
0.0355 0
0.0356 0
0.0357 0
0.0358 0
0.0359 0
0.036 1
0.0361 0
0.0362 0
0.0363 0
0.0364 0
0.0365 0
0.0366 0
0.0367 1
0.0368 0
0.0369 0
0.037 0
0.0371 0
0.0372 0
0.0373 0
0.0374 0
0.0375 0
0.0376 0
0.0377 0
0.0378 0
0.0379 0
0.038 0
0.0381 1
0.0382 0
0.0383 2
0.0384 1
0.0385 0
0.0386 0
0.0387 0
0.0388 1
0.0389 0
0.039 0
0.0391 1
0.0392 0
0.0393 0
0.0394 0
0.0395 1
0.0396 0
0.0397 0
0.0398 0
0.0399 0
0.04 1
0.0401 3
0.0402 0
0.0403 0
0.0404 0
0.0405 2
0.0406 1
0.0407 1
0.0408 0
0.0409 1
0.041 1
0.0411 0
0.0412 3
0.0413 1
0.0414 0
0.0415 0
0.0416 0
0.0417 0
0.0418 0
0.0419 1
0.042 0
0.0421 0
0.0422 2
0.0423 1
0.0424 1
0.0425 0
0.0426 2
0.0427 2
0.0428 0
0.0429 1
0.043 0
0.0431 2
0.0432 2
0.0433 5
0.0434 2
0.0435 4
0.0436 1
0.0437 1
0.0438 0
0.0439 1
0.044 0
0.0441 1
0.0442 0
0.0443 0
0.0444 0
0.0445 1
0.0446 1
0.0447 0
0.0448 0
0.0449 0
0.045 0
0.0451 1
0.0452 0
0.0453 3
0.0454 0
0.0455 1
0.0456 0
0.0457 0
0.0458 1
0.0459 0
0.046 1
0.0461 0
0.0462 1
0.0463 0
0.0464 0
0.0465 0
0.0466 0
0.0467 1
0.0468 0
0.0469 0
0.047 0
0.0471 0
0.0472 3
0.0473 2
0.0474 1
0.0475 0
0.0476 0
0.0477 0
0.0478 1
0.0479 0
0.048 1
0.0481 0
0.0482 1
0.0483 0
0.0484 1
0.0485 0
0.0486 0
0.0487 0
0.0488 0
0.0489 0
0.049 1
0.0491 0
0.0492 2
0.0493 1
0.0494 0
0.0495 2
0.0496 1
0.0497 0
0.0498 1
0.0499 1
0.05 0
0.0501 0
0.0502 2
0.0503 0
0.0504 1
0.0505 1
0.0506 1
0.0507 2
0.0508 0
0.0509 0
0.051 1
0.0511 0
0.0512 1
0.0513 0
0.0514 0
0.0515 0
0.0516 1
0.0517 1
0.0518 0
0.0519 1
0.052 1
0.0521 0
0.0522 0
0.0523 0
0.0524 1
0.0525 1
0.0526 3
0.0527 0
0.0528 0
0.0529 0
0.053 2
0.0531 0
0.0532 0
0.0533 0
0.0534 3
0.0535 1
0.0536 2
0.0537 0
0.0538 1
0.0539 3
0.054 1
0.0541 2
0.0542 0
0.0543 0
0.0544 2
0.0545 1
0.0546 1
0.0547 0
0.0548 1
0.0549 1
0.055 0
0.0551 1
0.0552 1
0.0553 1
0.0554 1
0.0555 0
0.0556 1
0.0557 1
0.0558 0
0.0559 1
0.056 3
0.0561 1
0.0562 1
0.0563 2
0.0564 0
0.0565 0
0.0566 1
0.0567 0
0.0568 1
0.0569 1
0.057 0
0.0571 1
0.0572 2
0.0573 2
0.0574 1
0.0575 1
0.0576 0
0.0577 0
0.0578 1
0.0579 0
0.058 0
0.0581 0
0.0582 0
0.0583 0
0.0584 0
0.0585 0
0.0586 1
0.0587 1
0.0588 1
0.0589 0
0.059 2
0.0591 4
0.0592 0
0.0593 2
0.0594 3
0.0595 1
0.0596 3
0.0597 5
0.0598 1
0.0599 2
0.06 2
0.0601 2
0.0602 4
0.0603 1
0.0604 2
0.0605 0
0.0606 1
0.0607 1
0.0608 3
0.0609 0
0.061 3
0.0611 0
0.0612 1
0.0613 0
0.0614 2
0.0615 1
0.0616 2
0.0617 1
0.0618 1
0.0619 2
0.062 1
0.0621 1
0.0622 0
0.0623 3
0.0624 1
0.0625 6
0.0626 1
0.0627 1
0.0628 2
0.0629 1
0.063 1
0.0631 0
0.0632 2
0.0633 1
0.0634 2
0.0635 2
0.0636 1
0.0637 0
0.0638 0
0.0639 3
0.064 2
0.0641 0
0.0642 2
0.0643 2
0.0644 0
0.0645 3
0.0646 1
0.0647 1
0.0648 3
0.0649 0
0.065 3
0.0651 3
0.0652 3
0.0653 1
0.0654 2
0.0655 4
0.0656 4
0.0657 2
0.0658 2
0.0659 3
0.066 9
0.0661 4
0.0662 6
0.0663 3
0.0664 3
0.0665 4
0.0666 6
0.0667 7
0.0668 6
0.0669 5
0.067 4
0.0671 1
0.0672 1
0.0673 1
0.0674 3
0.0675 2
0.0676 3
0.0677 1
0.0678 1
0.0679 2
0.068 0
0.0681 1
0.0682 0
0.0683 2
0.0684 1
0.0685 1
0.0686 2
0.0687 1
0.0688 0
0.0689 2
0.069 2
0.0691 4
0.0692 1
0.0693 1
0.0694 2
0.0695 3
0.0696 1
0.0697 0
0.0698 2
0.0699 0
0.07 2
0.0701 0
0.0702 2
0.0703 2
0.0704 1
0.0705 3
0.0706 0
0.0707 1
0.0708 1
0.0709 1
0.071 3
0.0711 3
0.0712 1
0.0713 0
0.0714 1
0.0715 0
0.0716 1
0.0717 0
0.0718 1
0.0719 0
0.072 4
0.0721 0
0.0722 2
0.0723 1
0.0724 0
0.0725 1
0.0726 1
0.0727 1
0.0728 2
0.0729 0
0.073 1
0.0731 2
0.0732 1
0.0733 3
0.0734 0
0.0735 0
0.0736 0
0.0737 4
0.0738 3
0.0739 1
0.074 2
0.0741 2
0.0742 0
0.0743 1
0.0744 3
0.0745 0
0.0746 1
0.0747 3
0.0748 5
0.0749 3
0.075 1
0.0751 0
0.0752 0
0.0753 1
0.0754 0
0.0755 0
0.0756 0
0.0757 1
0.0758 0
0.0759 0
0.076 0
0.0761 1
0.0762 0
0.0763 1
0.0764 5
0.0765 2
0.0766 4
0.0767 5
0.0768 4
0.0769 6
0.077 7
0.0771 3
0.0772 1
0.0773 3
0.0774 4
0.0775 1
0.0776 5
0.0777 4
0.0778 0
0.0779 0
0.078 1
0.0781 2
0.0782 3
0.0783 0
0.0784 0
0.0785 1
0.0786 2
0.0787 2
0.0788 6
0.0789 2
0.079 2
0.0791 1
0.0792 5
0.0793 3
0.0794 2
0.0795 1
0.0796 4
0.0797 2
0.0798 1
0.0799 5
0.08 5
0.0801 2
0.0802 4
0.0803 8
0.0804 4
0.0805 5
0.0806 4
0.0807 3
0.0808 7
0.0809 6
0.081 3
0.0811 5
0.0812 1
0.0813 5
0.0814 2
0.0815 3
0.0816 5
0.0817 3
0.0818 4
0.0819 6
0.082 8
0.0821 3
0.0822 3
0.0823 5
0.0824 4
0.0825 10
0.0826 2
0.0827 8
0.0828 7
0.0829 1
0.083 3
0.0831 4
0.0832 3
0.0833 4
0.0834 9
0.0835 12
0.0836 18
0.0837 17
0.0838 19
0.0839 21
0.084 26
0.0841 19
0.0842 18
0.0843 14
0.0844 15
0.0845 11
0.0846 13
0.0847 10
0.0848 10
0.0849 12
0.085 10
0.0851 9
0.0852 11
0.0853 14
0.0854 13
0.0855 10
0.0856 16
0.0857 15
0.0858 11
0.0859 7
0.086 13
0.0861 10
0.0862 8
0.0863 10
0.0864 11
0.0865 19
0.0866 22
0.0867 26
0.0868 16
0.0869 18
0.087 14
0.0871 15
0.0872 14
0.0873 7
0.0874 9
0.0875 8
0.0876 4
0.0877 5
0.0878 11
0.0879 7
0.088 8
0.0881 9
0.0882 10
0.0883 11
0.0884 12
0.0885 14
0.0886 19
0.0887 21
0.0888 19
0.0889 17
0.089 17
0.0891 24
0.0892 22
0.0893 18
0.0894 13
0.0895 17
0.0896 12
0.0897 12
0.0898 8
0.0899 8
0.09 8
0.0901 6
0.0902 7
0.0903 4
0.0904 3
0.0905 7
0.0906 3
0.0907 5
0.0908 6
0.0909 6
0.091 3
0.0911 3
0.0912 2
0.0913 13
0.0914 9
0.0915 6
0.0916 8
0.0917 6
0.0918 8
0.0919 5
0.092 5
0.0921 6
0.0922 3
0.0923 2
0.0924 1
0.0925 1
0.0926 5
0.0927 3
0.0928 5
0.0929 6
0.093 5
0.0931 10
0.0932 8
0.0933 8
0.0934 7
0.0935 10
0.0936 8
0.0937 8
0.0938 9
0.0939 2
0.094 5
0.0941 4
0.0942 4
0.0943 6
0.0944 9
0.0945 7
0.0946 5
0.0947 10
0.0948 9
0.0949 11
0.095 13
0.0951 11
0.0952 8
0.0953 8
0.0954 19
0.0955 31
0.0956 38
0.0957 34
0.0958 40
0.0959 43
0.096 41
0.0961 50
0.0962 58
0.0963 62
0.0964 61
0.0965 72
0.0966 72
0.0967 69
0.0968 67
0.0969 80
0.097 109
0.0971 138
0.0972 165
0.0973 169
0.0974 182
0.0975 201
0.0976 208
0.0977 204
0.0978 203
0.0979 208
0.098 220
0.0981 229
0.0982 263
0.0983 294
0.0984 327
0.0985 349
0.0986 361
0.0987 397
0.0988 409
0.0989 439
0.099 458
0.0991 476
0.0992 486
0.0993 502
0.0994 510
0.0995 529
0.0996 584
0.0997 619
0.0998 647
0.0999 665
0.1 681
0.1001 694
0.1002 709
0.1003 707
0.1004 720
0.1005 748
0.1006 759
0.1007 770
0.1008 787
0.1009 810
0.101 822
0.1011 824
0.1012 837
0.1013 844
0.1014 838
0.1015 838
0.1016 832
0.1017 844
0.1018 853
0.1019 847
0.102 844
0.1021 844
0.1022 850
0.1023 871
0.1024 872
0.1025 890
0.1026 919
0.1027 932
0.1028 969
0.1029 1001
0.103 1024
0.1031 1050
0.1032 1064
0.1033 1073
0.1034 1096
0.1035 1103
0.1036 1141
0.1037 1159
0.1038 1179
0.1039 1198
0.104 1233
0.1041 1260
0.1042 1279
0.1043 1294
0.1044 1326
0.1045 1325
0.1046 1328
0.1047 1321
0.1048 1304
0.1049 1286
0.105 1272
0.1051 1252
0.1052 1264
0.1053 1255
0.1054 1237
0.1055 1227
0.1056 1207
0.1057 1188
0.1058 1184
0.1059 1183
0.106 1170
0.1061 1168
0.1062 1163
0.1063 1180
0.1064 1199
0.1065 1221
0.1066 1228
0.1067 1224
0.1068 1222
0.1069 1228
0.107 1242
0.1071 1263
0.1072 1246
0.1073 1228
0.1074 1207
0.1075 1202
0.1076 1202
0.1077 1193
0.1078 1180
0.1079 1184
0.108 1183
0.1081 1209
0.1082 1233
0.1083 1268
0.1084 1295
0.1085 1298
0.1086 1314
0.1087 1303
0.1088 1297
0.1089 1288
0.109 1283
0.1091 1279
0.1092 1271
0.1093 1256
0.1094 1244
0.1095 1230
0.1096 1213
0.1097 1218
0.1098 1220
0.1099 1206
0.11 1215
0.1101 1212
0.1102 1194
0.1103 1213
0.1104 1240
0.1105 1247
0.1106 1262
0.1107 1281
0.1108 1289
0.1109 1289
0.111 1306
0.1111 1296
0.1112 1286
0.1113 1262
0.1114 1252
0.1115 1225
0.1116 1201
0.1117 1186
0.1118 1164
0.1119 1156
0.112 1165
0.1121 1170
0.1122 1154
0.1123 1154
0.1124 1143
0.1125 1137
0.1126 1112
0.1127 1108
0.1128 1124
0.1129 1130
0.113 1114
0.1131 1109
0.1132 1112
0.1133 1130
0.1134 1137
0.1135 1143
0.1136 1129
0.1137 1152
0.1138 1174
0.1139 1198
0.114 1198
0.1141 1174
0.1142 1158
0.1143 1168
0.1144 1164
0.1145 1166
0.1146 1124
0.1147 1092
0.1148 1072
0.1149 1085
0.115 1086
0.1151 1059
0.1152 1046
0.1153 1035
0.1154 1013
0.1155 968
0.1156 958
0.1157 951
0.1158 928
0.1159 910
0.116 890
0.1161 888
0.1162 890
0.1163 871
0.1164 844
0.1165 835
0.1166 810
0.1167 806
0.1168 788
0.1169 786
0.117 758
0.1171 740
0.1172 752
0.1173 736
0.1174 720
0.1175 720
0.1176 711
0.1177 703
0.1178 701
0.1179 689
0.118 679
0.1181 666
0.1182 622
0.1183 628
0.1184 618
0.1185 608
0.1186 602
0.1187 578
0.1188 557
0.1189 519
0.119 504
0.1191 490
0.1192 459
0.1193 445
0.1194 440
0.1195 421
0.1196 402
0.1197 376
0.1198 340
0.1199 332
0.12 307
0.1201 297
0.1202 270
0.1203 253
0.1204 231
0.1205 213
0.1206 199
0.1207 186
0.1208 175
0.1209 168
0.121 137
0.1211 126
0.1212 113
0.1213 94
0.1214 75
0.1215 76
0.1216 61
0.1217 49
0.1218 42
0.1219 39
0.122 41
0.1221 28
0.1222 13
0.1223 5
0.1224 6
0.1225 1
0.1226 2
0.1227 2
0.1228 0
0.1229 2
0.123 0
0.1231 0
0.1232 2
0.1233 0
0.1234 0
0.1235 1
0.1236 0
0.1237 1
0.1238 0
0.1239 0
0.124 0
0.1241 0
0.1242 0
0.1243 0
0.1244 0
0.1245 1
0.1246 3
0.1247 0
0.1248 0
0.1249 0
0.125 0
0.1251 0
0.1252 0
0.1253 0
0.1254 0
0.1255 1
0.1256 0
0.1257 0
0.1258 0
0.1259 0
0.126 0
0.1261 0
0.1262 0
0.1263 0
0.1264 0
0.1265 0
0.1266 0
0.1267 2
0.1268 0
0.1269 0
0.127 0
0.1271 0
0.1272 0
0.1273 0
0.1274 0
0.1275 0
0.1276 0
0.1277 0
0.1278 0
0.1279 0
0.128 0
0.1281 0
0.1282 0
0.1283 0
0.1284 0
0.1285 1
0.1286 0
0.1287 0
0.1288 1
0.1289 0
0.129 0
0.1291 0
0.1292 0
0.1293 0
0.1294 0
0.1295 0
0.1296 0
0.1297 1
0.1298 2
0.1299 0
0.13 0
0.1301 0
0.1302 0
0.1303 0
0.1304 1
0.1305 0
0.1306 1
0.1307 0
0.1308 0
0.1309 0
0.131 1
0.1311 0
0.1312 0
0.1313 0
0.1314 1
0.1315 1
0.1316 1
0.1317 0
0.1318 0
0.1319 0
0.132 0
0.1321 0
0.1322 0
0.1323 0
0.1324 0
0.1325 0
0.1326 0
0.1327 0
0.1328 0
0.1329 0
0.133 0
0.1331 0
0.1332 0
0.1333 0
0.1334 0
0.1335 0
0.1336 3
0.1337 0
0.1338 0
0.1339 2
0.134 0
0.1341 1
0.1342 0
0.1343 0
0.1344 0
0.1345 1
0.1346 0
0.1347 0
0.1348 1
0.1349 0
0.135 1
0.1351 0
0.1352 0
0.1353 0
0.1354 0
0.1355 0
0.1356 1
0.1357 0
0.1358 0
0.1359 0
0.136 1
0.1361 0
0.1362 0
0.1363 2
0.1364 0
0.1365 0
0.1366 0
0.1367 0
0.1368 1
0.1369 0
0.137 0
0.1371 0
0.1372 0
0.1373 0
0.1374 0
0.1375 0
0.1376 0
0.1377 0
0.1378 0
0.1379 0
0.138 0
0.1381 0
0.1382 0
0.1383 0
0.1384 2
0.1385 0
0.1386 0
0.1387 0
0.1388 0
0.1389 0
0.139 0
0.1391 1
0.1392 0
0.1393 0
0.1394 3
0.1395 0
0.1396 1
0.1397 0
0.1398 0
0.1399 2
0.14 1
0.1401 1
0.1402 0
0.1403 3
0.1404 0
0.1405 0
0.1406 0
0.1407 0
0.1408 0
0.1409 0
0.141 0
0.1411 0
0.1412 0
0.1413 0
0.1414 1
0.1415 0
0.1416 0
0.1417 1
0.1418 1
0.1419 0
0.142 0
0.1421 1
0.1422 0
0.1423 0
0.1424 0
0.1425 0
0.1426 0
0.1427 0
0.1428 1
0.1429 2
0.143 0
0.1431 0
0.1432 0
0.1433 0
0.1434 0
0.1435 1
0.1436 0
0.1437 2
0.1438 0
0.1439 0
0.144 0
0.1441 0
0.1442 0
0.1443 0
0.1444 1
0.1445 1
0.1446 0
0.1447 0
0.1448 0
0.1449 0
0.145 0
0.1451 0
0.1452 0
0.1453 0
0.1454 0
0.1455 2
0.1456 1
0.1457 0
0.1458 1
0.1459 0
0.146 0
0.1461 0
0.1462 2
0.1463 1
0.1464 0
0.1465 0
0.1466 1
0.1467 0
0.1468 0
0.1469 0
0.147 0
0.1471 0
0.1472 0
0.1473 0
0.1474 0
0.1475 0
0.1476 0
0.1477 1
0.1478 2
0.1479 0
0.148 1
0.1481 0
0.1482 1
0.1483 2
0.1484 1
0.1485 0
0.1486 1
0.1487 1
0.1488 0
0.1489 0
0.149 0
0.1491 0
0.1492 0
0.1493 0
0.1494 0
0.1495 0
0.1496 0
0.1497 0
0.1498 0
0.1499 0
0.15 0
0.1501 0
0.1502 1
0.1503 3
0.1504 1
0.1505 1
0.1506 1
0.1507 0
0.1508 1
0.1509 2
0.151 0
0.1511 0
0.1512 0
0.1513 0
0.1514 0
0.1515 1
0.1516 1
0.1517 3
0.1518 3
0.1519 2
0.152 1
0.1521 0
0.1522 1
0.1523 3
0.1524 2
0.1525 0
0.1526 0
0.1527 0
0.1528 2
0.1529 2
0.153 0
0.1531 2
0.1532 0
0.1533 0
0.1534 1
0.1535 0
0.1536 1
0.1537 0
0.1538 0
0.1539 0
0.154 0
0.1541 1
0.1542 0
0.1543 2
0.1544 0
0.1545 2
0.1546 1
0.1547 1
0.1548 1
0.1549 0
0.155 1
0.1551 1
0.1552 0
0.1553 1
0.1554 2
0.1555 1
0.1556 4
0.1557 0
0.1558 0
0.1559 0
0.156 0
0.1561 2
0.1562 0
0.1563 3
0.1564 0
0.1565 3
0.1566 3
0.1567 1
0.1568 4
0.1569 3
0.157 1
0.1571 2
0.1572 4
0.1573 2
0.1574 1
0.1575 2
0.1576 1
0.1577 1
0.1578 1
0.1579 1
0.158 0
0.1581 0
0.1582 0
0.1583 0
0.1584 0
0.1585 0
0.1586 1
0.1587 0
0.1588 1
0.1589 4
0.159 0
0.1591 0
0.1592 5
0.1593 2
0.1594 2
0.1595 5
0.1596 3
0.1597 2
0.1598 3
0.1599 1
0.16 2
0.1601 4
0.1602 5
0.1603 0
0.1604 1
0.1605 2
0.1606 3
0.1607 1
0.1608 1
0.1609 2
0.161 0
0.1611 1
0.1612 1
0.1613 0
0.1614 0
0.1615 0
0.1616 2
0.1617 1
0.1618 0
0.1619 0
0.162 1
0.1621 2
0.1622 0
0.1623 1
0.1624 0
0.1625 0
0.1626 0
0.1627 0
0.1628 0
0.1629 0
0.163 2
0.1631 1
0.1632 0
0.1633 0
0.1634 0
0.1635 2
0.1636 2
0.1637 3
0.1638 6
0.1639 3
0.164 5
0.1641 2
0.1642 2
0.1643 1
0.1644 0
0.1645 0
0.1646 5
0.1647 3
0.1648 1
0.1649 2
0.165 1
0.1651 1
0.1652 0
0.1653 0
0.1654 2
0.1655 3
0.1656 5
0.1657 4
0.1658 2
0.1659 2
0.166 4
0.1661 2
0.1662 1
0.1663 3
0.1664 3
0.1665 1
0.1666 3
0.1667 2
0.1668 2
0.1669 5
0.167 3
0.1671 2
0.1672 4
0.1673 4
0.1674 3
0.1675 2
0.1676 3
0.1677 4
0.1678 3
0.1679 1
0.168 1
0.1681 1
0.1682 0
0.1683 3
0.1684 1
0.1685 5
0.1686 4
0.1687 1
0.1688 3
0.1689 5
0.169 5
0.1691 0
0.1692 2
0.1693 3
0.1694 0
0.1695 0
0.1696 0
0.1697 3
0.1698 2
0.1699 3
0.17 1
0.1701 0
0.1702 1
0.1703 1
0.1704 0
0.1705 1
0.1706 1
0.1707 3
0.1708 1
0.1709 1
0.171 0
0.1711 2
0.1712 1
0.1713 2
0.1714 1
0.1715 3
0.1716 4
0.1717 4
0.1718 2
0.1719 1
0.172 3
0.1721 8
0.1722 10
0.1723 5
0.1724 4
0.1725 3
0.1726 3
0.1727 4
0.1728 9
0.1729 8
0.173 12
0.1731 15
0.1732 10
0.1733 5
0.1734 7
0.1735 12
0.1736 13
0.1737 7
0.1738 10
0.1739 9
0.174 7
0.1741 10
0.1742 7
0.1743 10
0.1744 24
0.1745 35
0.1746 39
0.1747 44
0.1748 45
0.1749 40
0.175 51
0.1751 55
0.1752 73
0.1753 76
0.1754 89
0.1755 90
0.1756 84
0.1757 95
0.1758 111
0.1759 116
0.176 128
0.1761 135
0.1762 124
0.1763 124
0.1764 135
0.1765 144
0.1766 143
0.1767 162
0.1768 184
0.1769 199
0.177 207
0.1771 214
0.1772 215
0.1773 237
0.1774 250
0.1775 279
0.1776 329
0.1777 362
0.1778 392
0.1779 416
0.178 452
0.1781 477
0.1782 496
0.1783 513
0.1784 540
0.1785 565
0.1786 566
0.1787 579
0.1788 601
0.1789 594
0.179 587
0.1791 606
0.1792 602
0.1793 615
0.1794 639
0.1795 656
0.1796 678
0.1797 712
0.1798 720
0.1799 735
0.18 758
0.1801 773
0.1802 807
0.1803 831
0.1804 845
0.1805 875
0.1806 906
0.1807 939
0.1808 944
0.1809 948
0.181 939
0.1811 945
0.1812 959
0.1813 966
0.1814 959
0.1815 959
0.1816 978
0.1817 986
0.1818 1001
0.1819 1007
0.182 1028
0.1821 1070
0.1822 1080
0.1823 1072
0.1824 1084
0.1825 1095
0.1826 1083
0.1827 1089
0.1828 1091
0.1829 1093
0.183 1116
0.1831 1121
0.1832 1158
0.1833 1172
0.1834 1186
0.1835 1206
0.1836 1221
0.1837 1249
0.1838 1281
0.1839 1281
0.184 1302
0.1841 1299
0.1842 1300
0.1843 1272
0.1844 1271
0.1845 1250
0.1846 1240
0.1847 1236
0.1848 1251
0.1849 1261
0.185 1252
0.1851 1265
0.1852 1244
0.1853 1239
0.1854 1237
0.1855 1237
0.1856 1230
0.1857 1240
0.1858 1242
0.1859 1249
0.186 1239
0.1861 1250
0.1862 1238
0.1863 1255
0.1864 1238
0.1865 1232
0.1866 1236
0.1867 1233
0.1868 1237
0.1869 1230
0.187 1233
0.1871 1243
0.1872 1236
0.1873 1238
0.1874 1246
0.1875 1234
0.1876 1210
0.1877 1200
0.1878 1204
0.1879 1173
0.188 1155
0.1881 1150
0.1882 1138
0.1883 1124
0.1884 1120
0.1885 1120
0.1886 1115
0.1887 1116
0.1888 1122
0.1889 1108
0.189 1126
0.1891 1127
0.1892 1121
0.1893 1112
0.1894 1114
0.1895 1111
0.1896 1079
0.1897 1068
0.1898 1044
0.1899 1027
0.19 1014
0.1901 1014
0.1902 983
0.1903 974
0.1904 935
0.1905 911
0.1906 877
0.1907 857
0.1908 827
0.1909 815
0.191 800
0.1911 792
0.1912 770
0.1913 780
0.1914 758
0.1915 742
0.1916 727
0.1917 722
0.1918 716
0.1919 722
0.192 706
0.1921 712
0.1922 705
0.1923 724
0.1924 748
0.1925 760
0.1926 737
0.1927 749
0.1928 736
0.1929 725
0.193 696
0.1931 686
0.1932 674
0.1933 659
0.1934 661
0.1935 633
0.1936 624
0.1937 589
0.1938 579
0.1939 559
0.194 549
0.1941 525
0.1942 546
0.1943 534
0.1944 522
0.1945 506
0.1946 478
0.1947 468
0.1948 463
0.1949 461
0.195 459
0.1951 461
0.1952 459
0.1953 434
0.1954 429
0.1955 429
0.1956 428
0.1957 434
0.1958 433
0.1959 437
0.196 433
0.1961 430
0.1962 443
0.1963 451
0.1964 453
0.1965 446
0.1966 433
0.1967 444
0.1968 444
0.1969 442
0.197 430
0.1971 425
0.1972 402
0.1973 401
0.1974 382
0.1975 358
0.1976 331
0.1977 304
0.1978 300
0.1979 304
0.198 271
0.1981 243
0.1982 212
0.1983 199
0.1984 187
0.1985 171
0.1986 162
0.1987 126
0.1988 99
0.1989 84
0.199 62
0.1991 51
0.1992 45
0.1993 46
0.1994 28
0.1995 17
0.1996 8
0.1997 9
0.1998 4
0.1999 7
0.2 6
0.2001 6
0.2002 2
0.2003 3
0.2004 2
0.2005 1
0.2006 3
0.2007 1
0.2008 1
0.2009 1
0.201 0
0.2011 0
0.2012 0
0.2013 0
0.2014 0
0.2015 0
0.2016 0
0.2017 1
0.2018 0
0.2019 0
0.202 0
0.2021 0
0.2022 0
0.2023 1
0.2024 1
0.2025 1
0.2026 0
0.2027 0
0.2028 1
0.2029 0
0.203 1
0.2031 0
0.2032 0
0.2033 0
0.2034 1
0.2035 0
0.2036 0
0.2037 0
0.2038 0
0.2039 0
0.204 0
0.2041 0
0.2042 0
0.2043 0
0.2044 1
0.2045 0
0.2046 0
0.2047 0
0.2048 1
0.2049 1
0.205 0
0.2051 0
0.2052 2
0.2053 1
0.2054 1
0.2055 0
0.2056 3
0.2057 1
0.2058 0
0.2059 0
0.206 0
0.2061 0
0.2062 0
0.2063 0
0.2064 0
0.2065 0
0.2066 0
0.2067 0
0.2068 0
0.2069 0
0.207 1
0.2071 0
0.2072 0
0.2073 0
0.2074 0
0.2075 0
0.2076 0
0.2077 0
0.2078 2
0.2079 1
0.208 0
0.2081 1
0.2082 6
0.2083 3
0.2084 2
0.2085 0
0.2086 2
0.2087 0
0.2088 0
0.2089 1
0.209 0
0.2091 1
0.2092 0
0.2093 0
0.2094 0
0.2095 1
0.2096 0
0.2097 1
0.2098 0
0.2099 3
0.21 2
0.2101 1
0.2102 0
0.2103 1
0.2104 1
0.2105 0
0.2106 0
0.2107 1
0.2108 0
0.2109 0
0.211 0
0.2111 0
0.2112 0
0.2113 1
0.2114 0
0.2115 0
0.2116 2
0.2117 0
0.2118 0
0.2119 1
0.212 0
0.2121 0
0.2122 1
0.2123 0
0.2124 1
0.2125 0
0.2126 1
0.2127 0
0.2128 2
0.2129 1
0.213 1
0.2131 3
0.2132 4
0.2133 0
0.2134 2
0.2135 1
0.2136 0
0.2137 1
0.2138 0
0.2139 0
0.214 0
0.2141 4
0.2142 2
0.2143 3
0.2144 0
0.2145 0
0.2146 0
0.2147 1
0.2148 0
0.2149 1
0.215 0
0.2151 0
0.2152 1
0.2153 1
0.2154 1
0.2155 0
0.2156 0
0.2157 0
0.2158 0
0.2159 0
0.216 0
0.2161 0
0.2162 0
0.2163 2
0.2164 2
0.2165 0
0.2166 0
0.2167 1
0.2168 1
0.2169 2
0.217 2
0.2171 0
0.2172 2
0.2173 2
0.2174 1
0.2175 1
0.2176 0
0.2177 0
0.2178 1
0.2179 0
0.218 2
0.2181 0
0.2182 1
0.2183 1
0.2184 1
0.2185 0
0.2186 0
0.2187 0
0.2188 0
0.2189 1
0.219 2
0.2191 0
0.2192 0
0.2193 0
0.2194 0
0.2195 0
0.2196 1
0.2197 1
0.2198 0
0.2199 0
0.22 0
0.2201 1
0.2202 2
0.2203 1
0.2204 0
0.2205 0
0.2206 0
0.2207 2
0.2208 1
0.2209 0
0.221 1
0.2211 3
0.2212 0
0.2213 2
0.2214 1
0.2215 1
0.2216 0
0.2217 0
0.2218 1
0.2219 0
0.222 0
0.2221 1
0.2222 0
0.2223 1
0.2224 3
0.2225 2
0.2226 0
0.2227 1
0.2228 0
0.2229 0
0.223 0
0.2231 1
0.2232 1
0.2233 1
0.2234 1
0.2235 0
0.2236 1
0.2237 0
0.2238 0
0.2239 0
0.224 1
0.2241 1
0.2242 1
0.2243 0
0.2244 3
0.2245 0
0.2246 2
0.2247 1
0.2248 1
0.2249 0
0.225 0
0.2251 1
0.2252 1
0.2253 1
0.2254 0
0.2255 0
0.2256 0
0.2257 0
0.2258 0
0.2259 1
0.226 0
0.2261 0
0.2262 0
0.2263 2
0.2264 1
0.2265 1
0.2266 0
0.2267 0
0.2268 0
0.2269 4
0.227 3
0.2271 2
0.2272 1
0.2273 0
0.2274 1
0.2275 2
0.2276 1
0.2277 0
0.2278 0
0.2279 0
0.228 1
0.2281 0
0.2282 0
0.2283 0
0.2284 0
0.2285 0
0.2286 2
0.2287 1
0.2288 1
0.2289 0
0.229 0
0.2291 1
0.2292 2
0.2293 2
0.2294 7
0.2295 2
0.2296 1
0.2297 2
0.2298 2
0.2299 1
0.23 0
0.2301 1
0.2302 2
0.2303 0
0.2304 1
0.2305 0
0.2306 1
0.2307 1
0.2308 0
0.2309 0
0.231 0
0.2311 0
0.2312 0
0.2313 0
0.2314 0
0.2315 2
0.2316 0
0.2317 1
0.2318 0
0.2319 1
0.232 0
0.2321 0
0.2322 0
0.2323 2
0.2324 2
0.2325 1
0.2326 3
0.2327 3
0.2328 1
0.2329 0
0.233 1
0.2331 0
0.2332 0
0.2333 1
0.2334 1
0.2335 1
0.2336 3
0.2337 1
0.2338 1
0.2339 0
0.234 1
0.2341 1
0.2342 3
0.2343 3
0.2344 1
0.2345 3
0.2346 0
0.2347 1
0.2348 4
0.2349 1
0.235 2
0.2351 0
0.2352 0
0.2353 2
0.2354 1
0.2355 3
0.2356 0
0.2357 2
0.2358 0
0.2359 0
0.236 2
0.2361 1
0.2362 3
0.2363 3
0.2364 0
0.2365 3
0.2366 2
0.2367 3
0.2368 4
0.2369 2
0.237 0
0.2371 2
0.2372 1
0.2373 0
0.2374 2
0.2375 2
0.2376 0
0.2377 3
0.2378 3
0.2379 1
0.238 2
0.2381 2
0.2382 1
0.2383 3
0.2384 1
0.2385 1
0.2386 1
0.2387 2
0.2388 3
0.2389 3
0.239 3
0.2391 3
0.2392 4
0.2393 2
0.2394 2
0.2395 2
0.2396 6
0.2397 3
0.2398 2
0.2399 3
0.24 3
0.2401 2
0.2402 0
0.2403 1
0.2404 3
0.2405 3
0.2406 5
0.2407 5
0.2408 2
0.2409 3
0.241 1
0.2411 4
0.2412 2
0.2413 1
0.2414 3
0.2415 0
0.2416 0
0.2417 2
0.2418 5
0.2419 2
0.242 5
0.2421 4
0.2422 4
0.2423 3
0.2424 6
0.2425 6
0.2426 4
0.2427 2
0.2428 4
0.2429 3
0.243 2
0.2431 1
0.2432 2
0.2433 4
0.2434 3
0.2435 3
0.2436 4
0.2437 0
0.2438 0
0.2439 0
0.244 1
0.2441 0
0.2442 1
0.2443 0
0.2444 2
0.2445 1
0.2446 2
0.2447 6
0.2448 4
0.2449 5
0.245 5
0.2451 8
0.2452 5
0.2453 1
0.2454 7
0.2455 4
0.2456 3
0.2457 3
0.2458 2
0.2459 1
0.246 3
0.2461 1
0.2462 2
0.2463 9
0.2464 5
0.2465 4
0.2466 1
0.2467 4
0.2468 5
0.2469 5
0.247 13
0.2471 15
0.2472 10
0.2473 5
0.2474 2
0.2475 4
0.2476 6
0.2477 3
0.2478 13
0.2479 5
0.248 10
0.2481 8
0.2482 13
0.2483 21
0.2484 26
0.2485 31
0.2486 19
0.2487 14
0.2488 15
0.2489 14
0.249 17
0.2491 18
0.2492 9
0.2493 10
0.2494 9
0.2495 7
0.2496 5
0.2497 10
0.2498 8
0.2499 6
0.25 5
