0 0
0.0001 0
0.0002 0
0.0003 0
0.0004 0
0.0005 0
0.0006 1
0.0007 1
0.0008 1
0.0009 1
0.001 1
0.0011 1
0.0012 1
0.0013 1
0.0014 1
0.0015 1
0.0016 1
0.0017 1
0.0018 1
0.0019 1
0.002 1
0.0021 1
0.0022 2
0.0023 3
0.0024 3
0.0025 3
0.0026 3
0.0027 5
0.0028 6
0.0029 6
0.003 7
0.0031 7
0.0032 9
0.0033 9
0.0034 10
0.0035 10
0.0036 10
0.0037 11
0.0038 11
0.0039 11
0.004 11
0.0041 11
0.0042 11
0.0043 11
0.0044 13
0.0045 13
0.0046 13
0.0047 14
0.0048 15
0.0049 16
0.005 17
0.0051 18
0.0052 19
0.0053 21
0.0054 21
0.0055 21
0.0056 22
0.0057 23
0.0058 24
0.0059 25
0.006 25
0.0061 26
0.0062 26
0.0063 26
0.0064 27
0.0065 27
0.0066 27
0.0067 27
0.0068 28
0.0069 28
0.007 28
0.0071 29
0.0072 29
0.0073 31
0.0074 32
0.0075 32
0.0076 32
0.0077 32
0.0078 32
0.0079 32
0.008 32
0.0081 32
0.0082 32
0.0083 33
0.0084 34
0.0085 34
0.0086 35
0.0087 35
0.0088 36
0.0089 37
0.009 38
0.0091 38
0.0092 38
0.0093 38
0.0094 38
0.0095 39
0.0096 39
0.0097 39
0.0098 40
0.0099 40
0.01 40
0.0101 41
0.0102 42
0.0103 42
0.0104 42
0.0105 44
0.0106 45
0.0107 47
0.0108 47
0.0109 47
0.011 47
0.0111 48
0.0112 52
0.0113 52
0.0114 52
0.0115 53
0.0116 53
0.0117 54
0.0118 55
0.0119 55
0.012 55
0.0121 56
0.0122 58
0.0123 58
0.0124 59
0.0125 61
0.0126 61
0.0127 62
0.0128 62
0.0129 63
0.013 64
0.0131 64
0.0132 64
0.0133 65
0.0134 65
0.0135 67
0.0136 67
0.0137 70
0.0138 71
0.0139 72
0.014 72
0.0141 72
0.0142 71
0.0143 71
0.0144 71
0.0145 71
0.0146 72
0.0147 73
0.0148 73
0.0149 75
0.015 75
0.0151 76
0.0152 77
0.0153 77
0.0154 77
0.0155 78
0.0156 79
0.0157 79
0.0158 79
0.0159 80
0.016 80
0.0161 81
0.0162 82
0.0163 82
0.0164 85
0.0165 85
0.0166 86
0.0167 88
0.0168 89
0.0169 90
0.017 90
0.0171 90
0.0172 91
0.0173 93
0.0174 97
0.0175 97
0.0176 98
0.0177 99
0.0178 98
0.0179 98
0.018 98
0.0181 98
0.0182 98
0.0183 97
0.0184 98
0.0185 98
0.0186 98
0.0187 99
0.0188 99
0.0189 99
0.019 99
0.0191 99
0.0192 99
0.0193 99
0.0194 99
0.0195 99
0.0196 99
0.0197 100
0.0198 100
0.0199 100
0.02 101
0.0201 101
0.0202 101
0.0203 102
0.0204 102
0.0205 102
0.0206 102
0.0207 105
0.0208 105
0.0209 106
0.021 107
0.0211 109
0.0212 110
0.0213 110
0.0214 111
0.0215 112
0.0216 113
0.0217 113
0.0218 113
0.0219 117
0.022 118
0.0221 119
0.0222 120
0.0223 120
0.0224 120
0.0225 120
0.0226 120
0.0227 121
0.0228 122
0.0229 123
0.023 124
0.0231 125
0.0232 125
0.0233 127
0.0234 129
0.0235 130
0.0236 131
0.0237 133
0.0238 133
0.0239 133
0.024 133
0.0241 132
0.0242 132
0.0243 132
0.0244 134
0.0245 134
0.0246 136
0.0247 137
0.0248 137
0.0249 138
0.025 138
0.0251 138
0.0252 139
0.0253 139
0.0254 140
0.0255 140
0.0256 140
0.0257 142
0.0258 144
0.0259 144
0.026 146
0.0261 146
0.0262 147
0.0263 147
0.0264 148
0.0265 148
0.0266 148
0.0267 150
0.0268 150
0.0269 149
0.027 149
0.0271 150
0.0272 150
0.0273 151
0.0274 151
0.0275 151
0.0276 152
0.0277 151
0.0278 152
0.0279 152
0.028 152
0.0281 152
0.0282 153
0.0283 156
0.0284 155
0.0285 155
0.0286 155
0.0287 155
0.0288 155
0.0289 155
0.029 157
0.0291 158
0.0292 158
0.0293 158
0.0294 158
0.0295 158
0.0296 160
0.0297 160
0.0298 161
0.0299 161
0.03 162
0.0301 163
0.0302 162
0.0303 163
0.0304 164
0.0305 164
0.0306 165
0.0307 166
0.0308 166
0.0309 166
0.031 166
0.0311 165
0.0312 165
0.0313 166
0.0314 166
0.0315 166
0.0316 166
0.0317 166
0.0318 166
0.0319 166
0.032 166
0.0321 166
0.0322 166
0.0323 168
0.0324 168
0.0325 169
0.0326 169
0.0327 169
0.0328 169
0.0329 169
0.033 170
0.0331 170
0.0332 171
0.0333 172
0.0334 172
0.0335 173
0.0336 175
0.0337 174
0.0338 173
0.0339 173
0.034 175
0.0341 176
0.0342 177
0.0343 177
0.0344 178
0.0345 178
0.0346 177
0.0347 177
0.0348 177
0.0349 177
0.035 178
0.0351 178
0.0352 178
0.0353 177
0.0354 177
0.0355 178
0.0356 178
0.0357 178
0.0358 178
0.0359 178
0.036 178
0.0361 178
0.0362 178
0.0363 178
0.0364 179
0.0365 180
0.0366 181
0.0367 182
0.0368 183
0.0369 182
0.037 183
0.0371 184
0.0372 186
0.0373 185
0.0374 187
0.0375 187
0.0376 187
0.0377 188
0.0378 188
0.0379 190
0.038 190
0.0381 190
0.0382 190
0.0383 190
0.0384 192
0.0385 192
0.0386 192
0.0387 193
0.0388 193
0.0389 193
0.039 194
0.0391 194
0.0392 195
0.0393 197
0.0394 197
0.0395 197
0.0396 197
0.0397 199
0.0398 199
0.0399 199
0.04 199
0.0401 200
0.0402 200
0.0403 202
0.0404 203
0.0405 203
0.0406 203
0.0407 204
0.0408 204
0.0409 206
0.041 206
0.0411 206
0.0412 206
0.0413 206
0.0414 206
0.0415 206
0.0416 207
0.0417 208
0.0418 208
0.0419 210
0.042 211
0.0421 212
0.0422 212
0.0423 213
0.0424 213
0.0425 214
0.0426 216
0.0427 217
0.0428 217
0.0429 217
0.043 219
0.0431 220
0.0432 221
0.0433 221
0.0434 221
0.0435 222
0.0436 223
0.0437 223
0.0438 223
0.0439 223
0.044 223
0.0441 224
0.0442 224
0.0443 225
0.0444 226
0.0445 227
0.0446 228
0.0447 229
0.0448 229
0.0449 229
0.045 229
0.0451 229
0.0452 229
0.0453 229
0.0454 229
0.0455 229
0.0456 229
0.0457 229
0.0458 230
0.0459 230
0.046 231
0.0461 232
0.0462 232
0.0463 233
0.0464 234
0.0465 236
0.0466 237
0.0467 237
0.0468 238
0.0469 238
0.047 238
0.0471 239
0.0472 239
0.0473 240
0.0474 239
0.0475 239
0.0476 240
0.0477 240
0.0478 241
0.0479 242
0.048 242
0.0481 244
0.0482 245
0.0483 245
0.0484 246
0.0485 247
0.0486 247
0.0487 247
0.0488 247
0.0489 247
0.049 247
0.0491 247
0.0492 247
0.0493 245
0.0494 247
0.0495 247
0.0496 247
0.0497 247
0.0498 247
0.0499 248
0.05 248
0.0501 248
0.0502 248
0.0503 248
0.0504 247
0.0505 247
0.0506 247
0.0507 246
0.0508 247
0.0509 248
0.051 249
0.0511 249
0.0512 248
0.0513 248
0.0514 248
0.0515 248
0.0516 248
0.0517 248
0.0518 248
0.0519 249
0.052 249
0.0521 249
0.0522 249
0.0523 250
0.0524 250
0.0525 250
0.0526 251
0.0527 251
0.0528 252
0.0529 252
0.053 253
0.0531 254
0.0532 255
0.0533 256
0.0534 256
0.0535 257
0.0536 257
0.0537 257
0.0538 257
0.0539 257
0.054 256
0.0541 257
0.0542 258
0.0543 257
0.0544 257
0.0545 256
0.0546 256
0.0547 257
0.0548 257
0.0549 258
0.055 258
0.0551 257
0.0552 256
0.0553 256
0.0554 256
0.0555 257
0.0556 257
0.0557 257
0.0558 257
0.0559 256
0.056 256
0.0561 258
0.0562 258
0.0563 258
0.0564 258
0.0565 259
0.0566 259
0.0567 259
0.0568 260
0.0569 261
0.057 261
0.0571 261
0.0572 261
0.0573 262
0.0574 262
0.0575 261
0.0576 262
0.0577 262
0.0578 262
0.0579 262
0.058 262
0.0581 262
0.0582 262
0.0583 262
0.0584 261
0.0585 262
0.0586 263
0.0587 263
0.0588 263
0.0589 263
0.059 263
0.0591 263
0.0592 265
0.0593 264
0.0594 264
0.0595 264
0.0596 264
0.0597 264
0.0598 265
0.0599 265
0.06 265
0.0601 265
0.0602 265
0.0603 265
0.0604 266
0.0605 266
0.0606 266
0.0607 267
0.0608 267
0.0609 267
0.061 267
0.0611 267
0.0612 267
0.0613 267
0.0614 266
0.0615 266
0.0616 266
0.0617 266
0.0618 267
0.0619 268
0.062 268
0.0621 267
0.0622 267
0.0623 267
0.0624 266
0.0625 266
0.0626 266
0.0627 265
0.0628 265
0.0629 265
0.063 266
0.0631 266
0.0632 267
0.0633 267
0.0634 268
0.0635 268
0.0636 270
0.0637 270
0.0638 270
0.0639 270
0.064 270
0.0641 271
0.0642 271
0.0643 272
0.0644 273
0.0645 273
0.0646 272
0.0647 272
0.0648 272
0.0649 273
0.065 273
0.0651 273
0.0652 273
0.0653 273
0.0654 275
0.0655 275
0.0656 275
0.0657 274
0.0658 274
0.0659 274
0.066 273
0.0661 274
0.0662 275
0.0663 274
0.0664 274
0.0665 274
0.0666 274
0.0667 275
0.0668 275
0.0669 276
0.067 276
0.0671 276
0.0672 276
0.0673 275
0.0674 275
0.0675 275
0.0676 276
0.0677 276
0.0678 276
0.0679 276
0.068 277
0.0681 277
0.0682 277
0.0683 277
0.0684 277
0.0685 277
0.0686 276
0.0687 276
0.0688 276
0.0689 275
0.069 276
0.0691 276
0.0692 276
0.0693 277
0.0694 277
0.0695 277
0.0696 279
0.0697 279
0.0698 279
0.0699 278
0.07 278
0.0701 277
0.0702 278
0.0703 278
0.0704 278
0.0705 279
0.0706 280
0.0707 280
0.0708 280
0.0709 279
0.071 279
0.0711 279
0.0712 278
0.0713 278
0.0714 278
0.0715 278
0.0716 277
0.0717 276
0.0718 277
0.0719 277
0.072 277
0.0721 277
0.0722 277
0.0723 276
0.0724 276
0.0725 276
0.0726 276
0.0727 277
0.0728 277
0.0729 277
0.073 277
0.0731 278
0.0732 279
0.0733 278
0.0734 278
0.0735 278
0.0736 278
0.0737 278
0.0738 278
0.0739 278
0.074 280
0.0741 282
0.0742 282
0.0743 282
0.0744 282
0.0745 281
0.0746 282
0.0747 282
0.0748 282
0.0749 284
0.075 284
0.0751 285
0.0752 284
0.0753 285
0.0754 286
0.0755 286
0.0756 286
0.0757 286
0.0758 285
0.0759 285
0.076 286
0.0761 287
0.0762 288
0.0763 288
0.0764 288
0.0765 289
0.0766 290
0.0767 293
0.0768 292
0.0769 292
0.077 292
0.0771 292
0.0772 292
0.0773 290
0.0774 290
0.0775 291
0.0776 292
0.0777 292
0.0778 292
0.0779 292
0.078 292
0.0781 292
0.0782 292
0.0783 292
0.0784 291
0.0785 291
0.0786 291
0.0787 290
0.0788 289
0.0789 292
0.079 292
0.0791 293
0.0792 294
0.0793 294
0.0794 294
0.0795 294
0.0796 294
0.0797 295
0.0798 296
0.0799 297
0.08 297
0.0801 298
0.0802 298
0.0803 298
0.0804 298
0.0805 298
0.0806 298
0.0807 299
0.0808 299
0.0809 299
0.081 298
0.0811 298
0.0812 297
0.0813 298
0.0814 298
0.0815 297
0.0816 297
0.0817 298
0.0818 298
0.0819 298
0.082 298
0.0821 298
0.0822 298
0.0823 299
0.0824 299
0.0825 299
0.0826 298
0.0827 298
0.0828 298
0.0829 298
0.083 298
0.0831 298
0.0832 299
0.0833 299
0.0834 299
0.0835 300
0.0836 302
0.0837 302
0.0838 302
0.0839 302
0.084 302
0.0841 302
0.0842 302
0.0843 302
0.0844 302
0.0845 302
0.0846 303
0.0847 303
0.0848 303
0.0849 304
0.085 304
0.0851 304
0.0852 304
0.0853 305
0.0854 304
0.0855 304
0.0856 304
0.0857 303
0.0858 303
0.0859 302
0.086 302
0.0861 302
0.0862 302
0.0863 302
0.0864 303
0.0865 303
0.0866 303
0.0867 303
0.0868 303
0.0869 303
0.087 303
0.0871 303
0.0872 303
0.0873 303
0.0874 302
0.0875 302
0.0876 301
0.0877 301
0.0878 301
0.0879 302
0.088 302
0.0881 303
0.0882 303
0.0883 304
0.0884 304
0.0885 304
0.0886 304
0.0887 304
0.0888 305
0.0889 304
0.089 304
0.0891 304
0.0892 304
0.0893 304
0.0894 304
0.0895 304
0.0896 304
0.0897 305
0.0898 305
0.0899 306
0.09 306
0.0901 306
0.0902 306
0.0903 306
0.0904 306
0.0905 306
0.0906 306
0.0907 306
0.0908 306
0.0909 306
0.091 307
0.0911 307
0.0912 307
0.0913 308
0.0914 308
0.0915 309
0.0916 311
0.0917 311
0.0918 311
0.0919 311
0.092 311
0.0921 312
0.0922 312
0.0923 312
0.0924 313
0.0925 313
0.0926 312
0.0927 311
0.0928 312
0.0929 312
0.093 312
0.0931 311
0.0932 310
0.0933 310
0.0934 311
0.0935 311
0.0936 311
0.0937 311
0.0938 311
0.0939 310
0.094 310
0.0941 310
0.0942 311
0.0943 311
0.0944 312
0.0945 312
0.0946 312
0.0947 313
0.0948 313
0.0949 313
0.095 313
0.0951 313
0.0952 312
0.0953 313
0.0954 315
0.0955 315
0.0956 316
0.0957 316
0.0958 316
0.0959 316
0.096 316
0.0961 316
0.0962 316
0.0963 316
0.0964 316
0.0965 316
0.0966 316
0.0967 317
0.0968 317
0.0969 317
0.097 317
0.0971 317
0.0972 317
0.0973 318
0.0974 319
0.0975 319
0.0976 319
0.0977 319
0.0978 319
0.0979 319
0.098 319
0.0981 319
0.0982 319
0.0983 320
0.0984 320
0.0985 321
0.0986 323
0.0987 323
0.0988 323
0.0989 323
0.099 322
0.0991 321
0.0992 321
0.0993 319
0.0994 319
0.0995 318
0.0996 318
0.0997 318
0.0998 318
0.0999 318
0.1 318
