0 665
0.01 628
0.02 593
0.03 561
0.04 539
0.05 520
0.06 496
0.07 484
0.08 464
0.09 439
0.1 427
0.11 419
0.12 404
0.13 392
0.14 379
0.15 367
0.16 356
0.17 337
0.18 323
0.19 315
0.2 310
0.21 300
0.22 295
0.23 291
0.24 284
0.25 279
0.26 267
0.27 258
0.28 249
0.29 243
0.3 234
0.31 227
0.32 225
0.33 223
0.34 212
0.35 207
0.36 200
0.37 197
0.38 189
0.39 182
0.4 180
0.41 175
0.42 168
0.43 163
0.44 157
0.45 153
0.46 152
0.47 151
0.48 146
0.49 139
0.5 135
0.51 128
0.52 126
0.53 120
0.54 117
0.55 114
0.56 112
0.57 110
0.58 107
0.59 103
0.6 96
0.61 93
0.62 86
0.63 85
0.64 83
0.65 79
0.66 77
0.67 76
0.68 75
0.69 73
0.7 73
0.71 72
0.72 70
0.73 69
0.74 65
0.75 63
0.76 63
0.77 62
0.78 60
0.79 60
0.8 58
0.81 55
0.82 54
0.83 53
0.84 50
0.85 48
0.86 46
0.87 42
0.88 43
0.89 40
0.9 39
0.91 39
0.92 39
0.93 37
0.94 37
0.95 35
0.96 35
0.97 33
0.98 30
0.99 30
1 31
1.01 29
1.02 28
1.03 30
1.04 29
1.05 27
1.06 26
1.07 26
1.08 26
1.09 25
1.1 23
1.11 23
1.12 23
1.13 23
1.14 22
1.15 20
1.16 19
1.17 18
1.18 18
1.19 18
1.2 17
1.21 19
1.22 18
1.23 18
1.24 17
1.25 16
1.26 16
1.27 16
1.28 16
1.29 17
1.3 15
1.31 16
1.32 15
1.33 14
1.34 14
1.35 14
1.36 14
1.37 13
1.38 13
1.39 13
1.4 14
1.41 13
1.42 12
1.43 13
1.44 14
1.45 14
1.46 15
1.47 15
1.48 13
1.49 14
1.5 14
1.51 14
1.52 13
1.53 14
1.54 14
1.55 14
1.56 14
1.57 14
1.58 14
1.59 13
1.6 13
1.61 12
1.62 12
1.63 13
1.64 11
1.65 11
1.66 12
1.67 12
1.68 12
1.69 12
1.7 11
1.71 11
1.72 14
1.73 14
1.74 15
1.75 14
1.76 13
1.77 14
1.78 13
1.79 12
1.8 10
1.81 9
1.82 10
1.83 9
1.84 8
1.85 7
1.86 9
1.87 8
1.88 8
1.89 8
1.9 8
1.91 7
1.92 7
1.93 6
1.94 6
1.95 7
1.96 7
1.97 7
1.98 6
1.99 6
2 4
