0 0
0.0001 0
0.0002 0
0.0003 0
0.0004 0
0.0005 0
0.0006 0
0.0007 0
0.0008 0
0.0009 0
0.001 0
0.0011 0
0.0012 0
0.0013 0
0.0014 0
0.0015 0
0.0016 0
0.0017 0
0.0018 0
0.0019 0
0.002 0
0.0021 0
0.0022 0
0.0023 0
0.0024 0
0.0025 0
0.0026 0
0.0027 0
0.0028 0
0.0029 0
0.003 0
0.0031 0
0.0032 0
0.0033 0
0.0034 0
0.0035 0
0.0036 0
0.0037 1
0.0038 0
0.0039 0
0.004 1
0.0041 0
0.0042 1
0.0043 0
0.0044 0
0.0045 1
0.0046 0
0.0047 0
0.0048 0
0.0049 0
0.005 0
0.0051 0
0.0052 0
0.0053 0
0.0054 0
0.0055 2
0.0056 0
0.0057 2
0.0058 1
0.0059 1
0.006 3
0.0061 1
0.0062 0
0.0063 1
0.0064 1
0.0065 2
0.0066 1
0.0067 1
0.0068 0
0.0069 3
0.007 2
0.0071 2
0.0072 3
0.0073 0
0.0074 1
0.0075 2
0.0076 1
0.0077 1
0.0078 0
0.0079 1
0.008 1
0.0081 1
0.0082 1
0.0083 0
0.0084 1
0.0085 1
0.0086 1
0.0087 0
0.0088 2
0.0089 0
0.009 2
0.0091 0
0.0092 1
0.0093 2
0.0094 2
0.0095 3
0.0096 1
0.0097 2
0.0098 1
0.0099 3
0.01 1
0.0101 2
0.0102 2
0.0103 2
0.0104 3
0.0105 2
0.0106 2
0.0107 2
0.0108 3
0.0109 2
0.011 5
0.0111 0
0.0112 1
0.0113 3
0.0114 2
0.0115 1
0.0116 3
0.0117 2
0.0118 1
0.0119 3
0.012 1
0.0121 1
0.0122 0
0.0123 1
0.0124 5
0.0125 3
0.0126 3
0.0127 1
0.0128 0
0.0129 1
0.013 4
0.0131 1
0.0132 2
0.0133 5
0.0134 4
0.0135 2
0.0136 3
0.0137 4
0.0138 5
0.0139 1
0.014 3
0.0141 2
0.0142 0
0.0143 4
0.0144 3
0.0145 6
0.0146 1
0.0147 5
0.0148 0
0.0149 1
0.015 4
0.0151 3
0.0152 4
0.0153 6
0.0154 2
0.0155 7
0.0156 4
0.0157 7
0.0158 4
0.0159 5
0.016 2
0.0161 5
0.0162 3
0.0163 7
0.0164 3
0.0165 3
0.0166 4
0.0167 5
0.0168 3
0.0169 7
0.017 1
0.0171 6
0.0172 4
0.0173 4
0.0174 7
0.0175 6
0.0176 10
0.0177 7
0.0178 6
0.0179 10
0.018 4
0.0181 2
0.0182 3
0.0183 4
0.0184 5
0.0185 10
0.0186 7
0.0187 9
0.0188 9
0.0189 5
0.019 9
0.0191 7
0.0192 13
0.0193 9
0.0194 5
0.0195 5
0.0196 4
0.0197 4
0.0198 6
0.0199 9
0.02 12
0.0201 7
0.0202 13
0.0203 8
0.0204 11
0.0205 13
0.0206 9
0.0207 11
0.0208 8
0.0209 9
0.021 11
0.0211 11
0.0212 2
0.0213 8
0.0214 7
0.0215 10
0.0216 7
0.0217 13
0.0218 8
0.0219 8
0.022 6
0.0221 7
0.0222 11
0.0223 9
0.0224 8
0.0225 8
0.0226 15
0.0227 15
0.0228 9
0.0229 12
0.023 9
0.0231 12
0.0232 12
0.0233 16
0.0234 8
0.0235 7
0.0236 12
0.0237 13
0.0238 11
0.0239 9
0.024 9
0.0241 14
0.0242 14
0.0243 13
0.0244 10
0.0245 16
0.0246 18
0.0247 9
0.0248 13
0.0249 20
0.025 12
0.0251 12
0.0252 18
0.0253 13
0.0254 10
0.0255 6
0.0256 8
0.0257 16
0.0258 17
0.0259 15
0.026 14
0.0261 15
0.0262 15
0.0263 22
0.0264 23
0.0265 22
0.0266 26
0.0267 24
0.0268 26
0.0269 16
0.027 23
0.0271 23
0.0272 20
0.0273 20
0.0274 24
0.0275 23
0.0276 33
0.0277 23
0.0278 26
0.0279 27
0.028 34
0.0281 33
0.0282 32
0.0283 31
0.0284 30
0.0285 29
0.0286 26
0.0287 39
0.0288 36
0.0289 45
0.029 42
0.0291 49
0.0292 38
0.0293 34
0.0294 24
0.0295 42
0.0296 43
0.0297 52
0.0298 46
0.0299 42
0.03 47
0.0301 67
0.0302 71
0.0303 77
0.0304 72
0.0305 76
0.0306 69
0.0307 79
0.0308 77
0.0309 80
0.031 81
0.0311 84
0.0312 96
0.0313 103
0.0314 104
0.0315 105
0.0316 115
0.0317 110
0.0318 129
0.0319 135
0.032 140
0.0321 162
0.0322 175
0.0323 182
0.0324 205
0.0325 227
0.0326 260
0.0327 288
0.0328 319
0.0329 351
0.033 373
0.0331 401
0.0332 432
0.0333 452
0.0334 492
0.0335 531
0.0336 559
0.0337 587
0.0338 613
0.0339 640
0.034 658
0.0341 691
0.0342 727
0.0343 747
0.0344 761
0.0345 784
0.0346 813
0.0347 828
0.0348 827
0.0349 832
0.035 843
0.0351 861
0.0352 871
0.0353 867
0.0354 868
0.0355 882
0.0356 887
0.0357 896
0.0358 892
0.0359 892
0.036 866
0.0361 867
0.0362 860
0.0363 879
0.0364 904
0.0365 916
0.0366 933
0.0367 946
0.0368 973
0.0369 988
0.037 1018
0.0371 1036
0.0372 1062
0.0373 1056
0.0374 1046
0.0375 1038
0.0376 1015
0.0377 1019
0.0378 1019
0.0379 1015
0.038 1026
0.0381 1029
0.0382 1043
0.0383 1056
0.0384 1063
0.0385 1073
0.0386 1092
0.0387 1098
0.0388 1117
0.0389 1125
0.039 1134
0.0391 1163
0.0392 1178
0.0393 1193
0.0394 1203
0.0395 1230
0.0396 1234
0.0397 1252
0.0398 1257
0.0399 1250
0.04 1276
0.0401 1283
0.0402 1284
0.0403 1290
0.0404 1297
0.0405 1297
0.0406 1298
0.0407 1286
0.0408 1291
0.0409 1294
0.041 1306
0.0411 1315
0.0412 1323
0.0413 1328
0.0414 1331
0.0415 1340
0.0416 1349
0.0417 1350
0.0418 1350
0.0419 1357
0.042 1358
0.0421 1366
0.0422 1366
0.0423 1378
0.0424 1364
0.0425 1368
0.0426 1356
0.0427 1344
0.0428 1335
0.0429 1325
0.043 1326
0.0431 1336
0.0432 1342
0.0433 1353
0.0434 1362
0.0435 1373
0.0436 1378
0.0437 1383
0.0438 1395
0.0439 1395
0.044 1393
0.0441 1372
0.0442 1344
0.0443 1302
0.0444 1277
0.0445 1231
0.0446 1210
0.0447 1172
0.0448 1148
0.0449 1127
0.045 1099
0.0451 1083
0.0452 1063
0.0453 1071
0.0454 1069
0.0455 1078
0.0456 1067
0.0457 1046
0.0458 1002
0.0459 978
0.046 946
0.0461 898
0.0462 865
0.0463 829
0.0464 797
0.0465 758
0.0466 743
0.0467 724
0.0468 702
0.0469 712
0.047 695
0.0471 684
0.0472 682
0.0473 682
0.0474 685
0.0475 682
0.0476 679
0.0477 684
0.0478 692
0.0479 683
0.048 680
0.0481 681
0.0482 688
0.0483 681
0.0484 669
0.0485 660
0.0486 646
0.0487 622
0.0488 615
0.0489 624
0.049 624
0.0491 635
0.0492 653
0.0493 660
0.0494 667
0.0495 667
0.0496 661
0.0497 658
0.0498 644
0.0499 630
0.05 632
0.0501 632
0.0502 649
0.0503 653
0.0504 663
0.0505 679
0.0506 687
0.0507 693
0.0508 699
0.0509 711
0.051 713
0.0511 723
0.0512 733
0.0513 737
0.0514 748
0.0515 757
0.0516 760
0.0517 765
0.0518 771
0.0519 784
0.052 791
0.0521 799
0.0522 805
0.0523 815
0.0524 820
0.0525 835
0.0526 836
0.0527 844
0.0528 856
0.0529 870
0.053 878
0.0531 878
0.0532 883
0.0533 884
0.0534 888
0.0535 891
0.0536 889
0.0537 875
0.0538 862
0.0539 839
0.054 825
0.0541 820
0.0542 814
0.0543 816
0.0544 815
0.0545 821
0.0546 828
0.0547 834
0.0548 843
0.0549 840
0.055 824
0.0551 798
0.0552 776
0.0553 751
0.0554 720
0.0555 700
0.0556 657
0.0557 628
0.0558 599
0.0559 587
0.056 572
0.0561 569
0.0562 567
0.0563 571
0.0564 577
0.0565 590
0.0566 594
0.0567 604
0.0568 607
0.0569 616
0.057 623
0.0571 634
0.0572 629
0.0573 629
0.0574 629
0.0575 631
0.0576 631
0.0577 622
0.0578 626
0.0579 637
0.058 648
0.0581 641
0.0582 646
0.0583 642
0.0584 650
0.0585 651
0.0586 660
0.0587 669
0.0588 670
0.0589 685
0.059 672
0.0591 662
0.0592 656
0.0593 654
0.0594 656
0.0595 657
0.0596 629
0.0597 611
0.0598 582
0.0599 553
0.06 538
0.0601 521
0.0602 510
0.0603 522
0.0604 513
0.0605 500
0.0606 506
0.0607 497
0.0608 489
0.0609 484
0.061 484
0.0611 483
0.0612 481
0.0613 489
0.0614 497
0.0615 507
0.0616 507
0.0617 521
0.0618 528
0.0619 536
0.062 542
0.0621 547
0.0622 552
0.0623 563
0.0624 566
0.0625 571
0.0626 574
0.0627 588
0.0628 595
0.0629 607
0.063 612
0.0631 625
0.0632 634
0.0633 640
0.0634 646
0.0635 643
0.0636 650
0.0637 649
0.0638 657
0.0639 662
0.064 660
0.0641 667
0.0642 673
0.0643 679
0.0644 673
0.0645 666
0.0646 670
0.0647 668
0.0648 658
0.0649 649
0.065 638
0.0651 616
0.0652 607
0.0653 561
0.0654 534
0.0655 492
0.0656 448
0.0657 408
0.0658 377
0.0659 360
0.066 339
0.0661 305
0.0662 270
0.0663 267
0.0664 253
0.0665 236
0.0666 223
0.0667 212
0.0668 192
0.0669 182
0.067 168
0.0671 148
0.0672 134
0.0673 103
0.0674 88
0.0675 66
0.0676 57
0.0677 41
0.0678 35
0.0679 33
0.068 24
0.0681 18
0.0682 12
0.0683 19
0.0684 13
0.0685 17
0.0686 14
0.0687 11
0.0688 12
0.0689 10
0.069 8
0.0691 12
0.0692 6
0.0693 11
0.0694 8
0.0695 9
0.0696 9
0.0697 9
0.0698 10
0.0699 7
0.07 11
0.0701 9
0.0702 11
0.0703 14
0.0704 12
0.0705 14
0.0706 10
0.0707 7
0.0708 7
0.0709 10
0.071 8
0.0711 6
0.0712 9
0.0713 10
0.0714 6
0.0715 7
0.0716 10
0.0717 7
0.0718 7
0.0719 11
0.072 10
0.0721 11
0.0722 3
0.0723 7
0.0724 7
0.0725 12
0.0726 14
0.0727 6
0.0728 9
0.0729 12
0.073 17
0.0731 13
0.0732 7
0.0733 9
0.0734 8
0.0735 6
0.0736 11
0.0737 12
0.0738 7
0.0739 12
0.074 11
0.0741 9
0.0742 17
0.0743 11
0.0744 11
0.0745 13
0.0746 11
0.0747 13
0.0748 18
0.0749 13
0.075 18
0.0751 15
0.0752 11
0.0753 13
0.0754 14
0.0755 16
0.0756 13
0.0757 8
0.0758 17
0.0759 8
0.076 12
0.0761 15
0.0762 14
0.0763 10
0.0764 11
0.0765 6
0.0766 10
0.0767 14
0.0768 13
0.0769 9
0.077 18
0.0771 14
0.0772 12
0.0773 10
0.0774 13
0.0775 11
0.0776 11
0.0777 13
0.0778 17
0.0779 12
0.078 9
0.0781 10
0.0782 10
0.0783 14
0.0784 15
0.0785 12
0.0786 14
0.0787 14
0.0788 17
0.0789 22
0.079 25
0.0791 16
0.0792 18
0.0793 16
0.0794 16
0.0795 17
0.0796 18
0.0797 25
0.0798 25
0.0799 15
0.08 19
0.0801 22
0.0802 16
0.0803 23
0.0804 27
0.0805 33
0.0806 27
0.0807 42
0.0808 28
0.0809 27
0.081 37
0.0811 47
0.0812 41
0.0813 59
0.0814 64
0.0815 64
0.0816 68
0.0817 69
0.0818 78
0.0819 74
0.082 93
0.0821 82
0.0822 101
0.0823 104
0.0824 116
0.0825 113
0.0826 108
0.0827 102
0.0828 114
0.0829 120
0.083 120
0.0831 131
0.0832 124
0.0833 117
0.0834 123
0.0835 139
0.0836 149
0.0837 132
0.0838 132
0.0839 120
0.084 130
0.0841 133
0.0842 130
0.0843 143
0.0844 132
0.0845 156
0.0846 139
0.0847 130
0.0848 117
0.0849 107
0.085 100
0.0851 100
0.0852 95
0.0853 117
0.0854 106
0.0855 109
0.0856 115
0.0857 99
0.0858 104
0.0859 98
0.086 96
0.0861 86
0.0862 78
0.0863 78
0.0864 75
0.0865 76
0.0866 77
0.0867 68
0.0868 96
0.0869 100
0.087 111
0.0871 114
0.0872 122
0.0873 148
0.0874 153
0.0875 166
0.0876 189
0.0877 202
0.0878 230
0.0879 251
0.088 285
0.0881 319
0.0882 354
0.0883 378
0.0884 417
0.0885 431
0.0886 455
0.0887 478
0.0888 498
0.0889 534
0.089 538
0.0891 533
0.0892 551
0.0893 578
0.0894 612
0.0895 646
0.0896 687
0.0897 736
0.0898 766
0.0899 803
0.09 831
0.0901 852
0.0902 871
0.0903 917
0.0904 937
0.0905 953
0.0906 971
0.0907 984
0.0908 997
0.0909 1015
0.091 1045
0.0911 1068
0.0912 1090
0.0913 1114
0.0914 1133
0.0915 1136
0.0916 1146
0.0917 1130
0.0918 1123
0.0919 1114
0.092 1098
0.0921 1073
0.0922 1057
0.0923 1031
0.0924 1014
0.0925 1009
0.0926 1031
0.0927 1046
0.0928 1055
0.0929 1068
0.093 1081
0.0931 1095
0.0932 1101
0.0933 1125
0.0934 1139
0.0935 1148
0.0936 1155
0.0937 1163
0.0938 1174
0.0939 1183
0.094 1171
0.0941 1147
0.0942 1133
0.0943 1132
0.0944 1151
0.0945 1154
0.0946 1163
0.0947 1158
0.0948 1175
0.0949 1192
0.095 1212
0.0951 1207
0.0952 1210
0.0953 1220
0.0954 1239
0.0955 1249
0.0956 1253
0.0957 1272
0.0958 1298
0.0959 1308
0.096 1315
0.0961 1322
0.0962 1324
0.0963 1341
0.0964 1356
0.0965 1369
0.0966 1379
0.0967 1397
0.0968 1403
0.0969 1425
0.097 1434
0.0971 1454
0.0972 1479
0.0973 1492
0.0974 1503
0.0975 1508
0.0976 1526
0.0977 1525
0.0978 1529
0.0979 1534
0.098 1545
0.0981 1552
0.0982 1538
0.0983 1539
0.0984 1546
0.0985 1554
0.0986 1563
0.0987 1566
0.0988 1566
0.0989 1563
0.099 1567
0.0991 1567
0.0992 1567
0.0993 1571
0.0994 1573
0.0995 1567
0.0996 1561
0.0997 1566
0.0998 1570
0.0999 1576
0.1 1574
0.1001 1571
0.1002 1574
0.1003 1576
0.1004 1575
0.1005 1572
0.1006 1565
0.1007 1564
0.1008 1563
0.1009 1563
0.101 1566
0.1011 1568
0.1012 1569
0.1013 1562
0.1014 1558
0.1015 1553
0.1016 1549
0.1017 1553
0.1018 1558
0.1019 1542
0.102 1535
0.1021 1525
0.1022 1522
0.1023 1513
0.1024 1510
0.1025 1508
0.1026 1514
0.1027 1503
0.1028 1493
0.1029 1487
0.103 1480
0.1031 1465
0.1032 1452
0.1033 1445
0.1034 1428
0.1035 1409
0.1036 1393
0.1037 1387
0.1038 1380
0.1039 1370
0.104 1364
0.1041 1349
0.1042 1313
0.1043 1272
0.1044 1226
0.1045 1190
0.1046 1166
0.1047 1141
0.1048 1129
0.1049 1111
0.105 1103
0.1051 1097
0.1052 1098
0.1053 1100
0.1054 1095
0.1055 1083
0.1056 1078
0.1057 1075
0.1058 1078
0.1059 1068
0.106 1052
0.1061 1029
0.1062 1016
0.1063 1001
0.1064 1003
0.1065 997
0.1066 994
0.1067 994
0.1068 1002
0.1069 1004
0.107 1004
0.1071 1006
0.1072 1005
0.1073 1009
0.1074 1010
0.1075 1011
0.1076 999
0.1077 979
0.1078 976
0.1079 969
0.108 966
0.1081 959
0.1082 964
0.1083 955
0.1084 951
0.1085 956
0.1086 961
0.1087 970
0.1088 975
0.1089 971
0.109 968
0.1091 968
0.1092 980
0.1093 981
0.1094 992
0.1095 999
0.1096 1000
0.1097 993
0.1098 982
0.1099 974
0.11 968
0.1101 959
0.1102 954
0.1103 952
0.1104 938
0.1105 938
0.1106 931
0.1107 925
0.1108 919
0.1109 927
0.111 920
0.1111 918
0.1112 919
0.1113 921
0.1114 926
0.1115 926
0.1116 930
0.1117 924
0.1118 925
0.1119 927
0.112 932
0.1121 928
0.1122 932
0.1123 917
0.1124 894
0.1125 870
0.1126 847
0.1127 829
0.1128 831
0.1129 826
0.113 824
0.1131 820
0.1132 817
0.1133 824
0.1134 827
0.1135 820
0.1136 820
0.1137 823
0.1138 825
0.1139 824
0.114 822
0.1141 826
0.1142 819
0.1143 814
0.1144 819
0.1145 821
0.1146 823
0.1147 824
0.1148 828
0.1149 827
0.115 830
0.1151 838
0.1152 834
0.1153 825
0.1154 822
0.1155 822
0.1156 822
0.1157 813
0.1158 809
0.1159 795
0.116 797
0.1161 795
0.1162 794
0.1163 795
0.1164 794
0.1165 799
0.1166 804
0.1167 806
0.1168 808
0.1169 805
0.117 811
0.1171 803
0.1172 799
0.1173 790
0.1174 780
0.1175 774
0.1176 769
0.1177 767
0.1178 764
0.1179 756
0.118 740
0.1181 728
0.1182 723
0.1183 710
0.1184 701
0.1185 677
0.1186 658
0.1187 630
0.1188 617
0.1189 605
0.119 601
0.1191 594
0.1192 591
0.1193 602
0.1194 599
0.1195 591
0.1196 589
0.1197 580
0.1198 574
0.1199 574
0.12 569
0.1201 570
0.1202 560
0.1203 557
0.1204 562
0.1205 561
0.1206 570
0.1207 565
0.1208 565
0.1209 566
0.121 570
0.1211 566
0.1212 565
0.1213 572
0.1214 576
0.1215 574
0.1216 569
0.1217 568
0.1218 549
0.1219 534
0.122 507
0.1221 487
0.1222 467
0.1223 438
0.1224 411
0.1225 387
0.1226 364
0.1227 335
0.1228 316
0.1229 300
0.123 291
0.1231 277
0.1232 267
0.1233 265
0.1234 263
0.1235 270
0.1236 277
0.1237 285
0.1238 294
0.1239 282
0.124 267
0.1241 255
0.1242 238
0.1243 232
0.1244 235
0.1245 243
0.1246 244
0.1247 243
0.1248 253
0.1249 245
0.125 229
0.1251 233
0.1252 228
0.1253 209
0.1254 188
0.1255 164
0.1256 143
0.1257 139
0.1258 103
0.1259 84
0.126 72
0.1261 52
0.1262 41
0.1263 34
0.1264 29
0.1265 28
0.1266 27
0.1267 19
0.1268 16
0.1269 19
0.127 28
0.1271 23
0.1272 23
0.1273 20
0.1274 18
0.1275 16
0.1276 12
0.1277 14
0.1278 11
0.1279 14
0.128 7
0.1281 10
0.1282 10
0.1283 6
0.1284 6
0.1285 14
0.1286 9
0.1287 7
0.1288 5
0.1289 8
0.129 6
0.1291 11
0.1292 6
0.1293 9
0.1294 12
0.1295 11
0.1296 12
0.1297 8
0.1298 12
0.1299 5
0.13 13
0.1301 8
0.1302 8
0.1303 5
0.1304 6
0.1305 5
0.1306 12
0.1307 8
0.1308 8
0.1309 9
0.131 13
0.1311 15
0.1312 9
0.1313 16
0.1314 5
0.1315 12
0.1316 6
0.1317 13
0.1318 9
0.1319 6
0.132 9
0.1321 13
0.1322 14
0.1323 12
0.1324 10
0.1325 7
0.1326 19
0.1327 13
0.1328 12
0.1329 7
0.133 8
0.1331 8
0.1332 10
0.1333 14
0.1334 4
0.1335 13
0.1336 14
0.1337 14
0.1338 19
0.1339 14
0.134 13
0.1341 12
0.1342 12
0.1343 14
0.1344 17
0.1345 17
0.1346 16
0.1347 10
0.1348 14
0.1349 9
0.135 14
0.1351 12
0.1352 14
0.1353 16
0.1354 12
0.1355 9
0.1356 14
0.1357 11
0.1358 15
0.1359 15
0.136 18
0.1361 13
0.1362 16
0.1363 15
0.1364 14
0.1365 11
0.1366 14
0.1367 19
0.1368 11
0.1369 17
0.137 10
0.1371 8
0.1372 12
0.1373 16
0.1374 16
0.1375 21
0.1376 19
0.1377 14
0.1378 12
0.1379 13
0.138 10
0.1381 15
0.1382 19
0.1383 18
0.1384 25
0.1385 25
0.1386 23
0.1387 18
0.1388 25
0.1389 29
0.139 22
0.1391 19
0.1392 24
0.1393 32
0.1394 27
0.1395 26
0.1396 31
0.1397 32
0.1398 30
0.1399 31
0.14 36
0.1401 27
0.1402 32
0.1403 31
0.1404 29
0.1405 20
0.1406 38
0.1407 33
0.1408 31
0.1409 34
0.141 33
0.1411 40
0.1412 44
0.1413 53
0.1414 59
0.1415 72
0.1416 80
0.1417 62
0.1418 79
0.1419 72
0.142 72
0.1421 77
0.1422 82
0.1423 98
0.1424 100
0.1425 109
0.1426 114
0.1427 119
0.1428 136
0.1429 145
0.143 154
0.1431 145
0.1432 161
0.1433 161
0.1434 160
0.1435 171
0.1436 184
0.1437 179
0.1438 176
0.1439 173
0.144 179
0.1441 170
0.1442 174
0.1443 170
0.1444 176
0.1445 182
0.1446 195
0.1447 189
0.1448 205
0.1449 218
0.145 215
0.1451 214
0.1452 205
0.1453 199
0.1454 203
0.1455 204
0.1456 211
0.1457 212
0.1458 210
0.1459 208
0.146 227
0.1461 216
0.1462 217
0.1463 221
0.1464 209
0.1465 230
0.1466 238
0.1467 232
0.1468 236
0.1469 233
0.147 225
0.1471 219
0.1472 225
0.1473 228
0.1474 219
0.1475 209
0.1476 223
0.1477 224
0.1478 244
0.1479 248
0.148 227
0.1481 225
0.1482 235
0.1483 238
0.1484 252
0.1485 277
0.1486 282
0.1487 325
0.1488 369
0.1489 396
0.149 427
0.1491 467
0.1492 481
0.1493 507
0.1494 525
0.1495 548
0.1496 568
0.1497 588
0.1498 600
0.1499 594
0.15 592
0.1501 587
0.1502 580
0.1503 600
0.1504 601
0.1505 597
0.1506 592
0.1507 586
0.1508 585
0.1509 583
0.151 588
0.1511 603
0.1512 616
0.1513 650
0.1514 676
0.1515 706
0.1516 748
0.1517 770
0.1518 798
0.1519 827
0.152 848
0.1521 867
0.1522 904
0.1523 929
0.1524 957
0.1525 971
0.1526 976
0.1527 976
0.1528 984
0.1529 985
0.153 985
0.1531 991
0.1532 1003
0.1533 1026
0.1534 1032
0.1535 1047
0.1536 1067
0.1537 1087
0.1538 1111
0.1539 1132
0.154 1142
0.1541 1160
0.1542 1159
0.1543 1186
0.1544 1192
0.1545 1195
0.1546 1199
0.1547 1219
0.1548 1216
0.1549 1219
0.155 1229
0.1551 1240
0.1552 1262
0.1553 1286
0.1554 1297
0.1555 1303
0.1556 1312
0.1557 1318
0.1558 1328
0.1559 1326
0.156 1343
0.1561 1357
0.1562 1364
0.1563 1385
0.1564 1399
0.1565 1409
0.1566 1415
0.1567 1430
0.1568 1437
0.1569 1449
0.157 1456
0.1571 1464
0.1572 1473
0.1573 1481
0.1574 1499
0.1575 1514
0.1576 1524
0.1577 1526
0.1578 1529
0.1579 1530
0.158 1523
0.1581 1517
0.1582 1523
0.1583 1515
0.1584 1513
0.1585 1514
0.1586 1519
0.1587 1519
0.1588 1520
0.1589 1519
0.159 1521
0.1591 1524
0.1592 1533
0.1593 1542
0.1594 1547
0.1595 1546
0.1596 1549
0.1597 1553
0.1598 1551
0.1599 1551
0.16 1541
0.1601 1538
0.1602 1535
0.1603 1536
0.1604 1535
0.1605 1530
0.1606 1531
0.1607 1529
0.1608 1516
0.1609 1504
0.161 1496
0.1611 1488
0.1612 1483
0.1613 1471
0.1614 1450
0.1615 1430
0.1616 1417
0.1617 1408
0.1618 1399
0.1619 1385
0.162 1378
0.1621 1375
0.1622 1364
0.1623 1354
0.1624 1348
0.1625 1345
0.1626 1344
0.1627 1346
0.1628 1344
0.1629 1341
0.163 1346
0.1631 1333
0.1632 1328
0.1633 1330
0.1634 1321
0.1635 1309
0.1636 1306
0.1637 1289
0.1638 1281
0.1639 1250
0.164 1233
0.1641 1212
0.1642 1198
0.1643 1196
0.1644 1187
0.1645 1170
0.1646 1164
0.1647 1149
0.1648 1131
0.1649 1108
0.165 1108
0.1651 1101
0.1652 1098
0.1653 1096
0.1654 1096
0.1655 1098
0.1656 1092
0.1657 1083
0.1658 1082
0.1659 1072
0.166 1077
0.1661 1083
0.1662 1081
0.1663 1094
0.1664 1095
0.1665 1078
0.1666 1077
0.1667 1067
0.1668 1068
0.1669 1076
0.167 1076
0.1671 1079
0.1672 1079
0.1673 1075
0.1674 1082
0.1675 1080
0.1676 1074
0.1677 1063
0.1678 1059
0.1679 1052
0.168 1046
0.1681 1038
0.1682 1025
0.1683 1027
0.1684 1021
0.1685 1018
0.1686 1020
0.1687 1020
0.1688 1018
0.1689 1016
0.169 997
0.1691 987
0.1692 972
0.1693 972
0.1694 974
0.1695 963
0.1696 957
0.1697 958
0.1698 957
0.1699 959
0.17 963
0.1701 970
0.1702 972
0.1703 962
0.1704 965
0.1705 969
0.1706 965
0.1707 955
0.1708 952
0.1709 953
0.171 957
0.1711 943
0.1712 939
0.1713 938
0.1714 939
0.1715 933
0.1716 930
0.1717 932
0.1718 926
0.1719 919
0.172 894
0.1721 876
0.1722 867
0.1723 856
0.1724 850
0.1725 845
0.1726 827
0.1727 815
0.1728 809
0.1729 809
0.173 808
0.1731 808
0.1732 796
0.1733 777
0.1734 766
0.1735 761
0.1736 760
0.1737 753
0.1738 754
0.1739 745
0.174 741
0.1741 738
0.1742 731
0.1743 717
0.1744 704
0.1745 704
0.1746 707
0.1747 701
0.1748 691
0.1749 674
0.175 658
0.1751 641
0.1752 630
0.1753 614
0.1754 603
0.1755 602
0.1756 596
0.1757 592
0.1758 586
0.1759 590
0.176 593
0.1761 596
0.1762 595
0.1763 597
0.1764 605
0.1765 614
0.1766 622
0.1767 625
0.1768 630
0.1769 636
0.177 643
0.1771 641
0.1772 643
0.1773 643
0.1774 647
0.1775 651
0.1776 650
0.1777 657
0.1778 651
0.1779 659
0.178 664
0.1781 660
0.1782 659
0.1783 662
0.1784 662
0.1785 658
0.1786 654
0.1787 655
0.1788 660
0.1789 665
0.179 675
0.1791 672
0.1792 665
0.1793 668
0.1794 657
0.1795 645
0.1796 626
0.1797 610
0.1798 588
0.1799 576
0.18 551
0.1801 529
0.1802 504
0.1803 472
0.1804 449
0.1805 427
0.1806 396
0.1807 352
0.1808 302
0.1809 259
0.181 222
0.1811 198
0.1812 173
0.1813 153
0.1814 140
0.1815 128
0.1816 119
0.1817 105
0.1818 97
0.1819 93
0.182 84
0.1821 90
0.1822 90
0.1823 86
0.1824 77
0.1825 77
0.1826 74
0.1827 65
0.1828 60
0.1829 77
0.183 83
0.1831 95
0.1832 94
0.1833 99
0.1834 98
0.1835 89
0.1836 79
0.1837 71
0.1838 65
0.1839 65
0.184 64
0.1841 57
0.1842 56
0.1843 59
0.1844 55
0.1845 48
0.1846 41
0.1847 29
0.1848 31
0.1849 29
0.185 37
0.1851 35
0.1852 27
0.1853 34
0.1854 32
0.1855 30
0.1856 33
0.1857 31
0.1858 31
0.1859 30
0.186 34
0.1861 29
0.1862 20
0.1863 16
0.1864 22
0.1865 20
0.1866 16
0.1867 17
0.1868 18
0.1869 17
0.187 12
0.1871 15
0.1872 10
0.1873 9
0.1874 15
0.1875 5
0.1876 10
0.1877 9
0.1878 14
0.1879 11
0.188 7
0.1881 6
0.1882 5
0.1883 7
0.1884 5
0.1885 11
0.1886 8
0.1887 8
0.1888 10
0.1889 4
0.189 6
0.1891 9
0.1892 5
0.1893 6
0.1894 6
0.1895 12
0.1896 10
0.1897 7
0.1898 6
0.1899 5
0.19 2
0.1901 5
0.1902 10
0.1903 5
0.1904 5
0.1905 7
0.1906 3
0.1907 5
0.1908 6
0.1909 3
0.191 7
0.1911 11
0.1912 9
0.1913 4
0.1914 9
0.1915 7
0.1916 9
0.1917 9
0.1918 13
0.1919 9
0.192 8
0.1921 4
0.1922 4
0.1923 8
0.1924 7
0.1925 10
0.1926 10
0.1927 5
0.1928 5
0.1929 3
0.193 10
0.1931 11
0.1932 6
0.1933 10
0.1934 17
0.1935 5
0.1936 10
0.1937 12
0.1938 8
0.1939 10
0.194 9
0.1941 10
0.1942 9
0.1943 7
0.1944 7
0.1945 10
0.1946 9
0.1947 12
0.1948 12
0.1949 9
0.195 6
0.1951 11
0.1952 13
0.1953 7
0.1954 11
0.1955 14
0.1956 15
0.1957 13
0.1958 17
0.1959 3
0.196 9
0.1961 8
0.1962 8
0.1963 7
0.1964 5
0.1965 8
0.1966 9
0.1967 10
0.1968 9
0.1969 7
0.197 7
0.1971 8
0.1972 9
0.1973 18
0.1974 13
0.1975 7
0.1976 13
0.1977 12
0.1978 11
0.1979 10
0.198 13
0.1981 11
0.1982 15
0.1983 9
0.1984 16
0.1985 10
0.1986 7
0.1987 9
0.1988 10
0.1989 8
0.199 9
0.1991 10
0.1992 16
0.1993 12
0.1994 12
0.1995 6
0.1996 10
0.1997 9
0.1998 10
0.1999 9
0.2 8
0.2001 9
0.2002 9
0.2003 9
0.2004 12
0.2005 10
0.2006 14
0.2007 14
0.2008 13
0.2009 10
0.201 18
0.2011 12
0.2012 16
0.2013 19
0.2014 14
0.2015 13
0.2016 16
0.2017 13
0.2018 17
0.2019 18
0.202 17
0.2021 13
0.2022 19
0.2023 26
0.2024 23
0.2025 18
0.2026 27
0.2027 18
0.2028 13
0.2029 14
0.203 12
0.2031 18
0.2032 26
0.2033 22
0.2034 24
0.2035 35
0.2036 16
0.2037 26
0.2038 28
0.2039 26
0.204 27
0.2041 32
0.2042 26
0.2043 23
0.2044 15
0.2045 25
0.2046 27
0.2047 21
0.2048 27
0.2049 33
0.205 29
0.2051 31
0.2052 35
0.2053 26
0.2054 36
0.2055 38
0.2056 34
0.2057 37
0.2058 23
0.2059 40
0.206 36
0.2061 44
0.2062 38
0.2063 35
0.2064 44
0.2065 43
0.2066 46
0.2067 50
0.2068 44
0.2069 52
0.207 58
0.2071 65
0.2072 68
0.2073 66
0.2074 68
0.2075 54
0.2076 53
0.2077 59
0.2078 69
0.2079 68
0.208 68
0.2081 74
0.2082 70
0.2083 75
0.2084 84
0.2085 81
0.2086 106
0.2087 105
0.2088 113
0.2089 106
0.209 120
0.2091 132
0.2092 134
0.2093 127
0.2094 116
0.2095 126
0.2096 154
0.2097 149
0.2098 146
0.2099 151
0.21 168
0.2101 189
0.2102 199
0.2103 240
0.2104 273
0.2105 314
0.2106 361
0.2107 406
0.2108 472
0.2109 523
0.211 555
0.2111 573
0.2112 609
0.2113 636
0.2114 673
0.2115 703
0.2116 736
0.2117 754
0.2118 784
0.2119 813
0.212 848
0.2121 860
0.2122 868
0.2123 881
0.2124 875
0.2125 845
0.2126 823
0.2127 822
0.2128 807
0.2129 785
0.213 784
0.2131 793
0.2132 801
0.2133 817
0.2134 844
0.2135 869
0.2136 884
0.2137 902
0.2138 933
0.2139 960
0.214 978
0.2141 1003
0.2142 1022
0.2143 1046
0.2144 1035
0.2145 1032
0.2146 999
0.2147 989
0.2148 959
0.2149 956
0.215 933
0.2151 935
0.2152 935
0.2153 919
0.2154 933
0.2155 932
0.2156 950
0.2157 967
0.2158 984
0.2159 1008
0.216 1024
0.2161 1030
0.2162 1034
0.2163 1055
0.2164 1079
0.2165 1083
0.2166 1086
0.2167 1091
0.2168 1086
0.2169 1086
0.217 1098
0.2171 1107
0.2172 1110
0.2173 1120
0.2174 1120
0.2175 1110
0.2176 1115
0.2177 1124
0.2178 1130
0.2179 1140
0.218 1152
0.2181 1164
0.2182 1172
0.2183 1184
0.2184 1196
0.2185 1216
0.2186 1218
0.2187 1236
0.2188 1241
0.2189 1247
0.219 1268
0.2191 1275
0.2192 1294
0.2193 1322
0.2194 1338
0.2195 1349
0.2196 1357
0.2197 1366
0.2198 1375
0.2199 1380
0.22 1397
0.2201 1409
0.2202 1423
0.2203 1434
0.2204 1444
0.2205 1448
0.2206 1449
0.2207 1454
0.2208 1456
0.2209 1449
0.221 1458
0.2211 1461
0.2212 1457
0.2213 1463
0.2214 1457
0.2215 1461
0.2216 1459
0.2217 1466
0.2218 1475
0.2219 1470
0.222 1474
0.2221 1468
0.2222 1473
0.2223 1474
0.2224 1483
0.2225 1485
0.2226 1493
0.2227 1491
0.2228 1480
0.2229 1465
0.223 1464
0.2231 1456
0.2232 1448
0.2233 1456
0.2234 1459
0.2235 1459
0.2236 1469
0.2237 1479
0.2238 1478
0.2239 1482
0.224 1480
0.2241 1470
0.2242 1469
0.2243 1467
0.2244 1462
0.2245 1454
0.2246 1453
0.2247 1441
0.2248 1444
0.2249 1436
0.225 1428
0.2251 1426
0.2252 1417
0.2253 1413
0.2254 1407
0.2255 1395
0.2256 1394
0.2257 1391
0.2258 1383
0.2259 1373
0.226 1364
0.2261 1350
0.2262 1334
0.2263 1323
0.2264 1310
0.2265 1300
0.2266 1290
0.2267 1293
0.2268 1285
0.2269 1276
0.227 1275
0.2271 1275
0.2272 1268
0.2273 1258
0.2274 1242
0.2275 1231
0.2276 1216
0.2277 1208
0.2278 1189
0.2279 1183
0.228 1172
0.2281 1167
0.2282 1167
0.2283 1157
0.2284 1151
0.2285 1136
0.2286 1133
0.2287 1126
0.2288 1100
0.2289 1082
0.229 1077
0.2291 1073
0.2292 1068
0.2293 1059
0.2294 1045
0.2295 1034
0.2296 1025
0.2297 1016
0.2298 1008
0.2299 1006
0.23 1002
0.2301 998
0.2302 1003
0.2303 1010
0.2304 1002
0.2305 995
0.2306 989
0.2307 981
0.2308 978
0.2309 981
0.231 961
0.2311 943
0.2312 931
0.2313 927
0.2314 925
0.2315 928
0.2316 922
0.2317 917
0.2318 914
0.2319 904
0.232 895
0.2321 893
0.2322 886
0.2323 887
0.2324 893
0.2325 888
0.2326 885
0.2327 888
0.2328 875
0.2329 860
0.233 841
0.2331 837
0.2332 829
0.2333 825
0.2334 815
0.2335 808
0.2336 806
0.2337 807
0.2338 805
0.2339 808
0.234 812
0.2341 815
0.2342 823
0.2343 823
0.2344 830
0.2345 827
0.2346 832
0.2347 839
0.2348 839
0.2349 832
0.235 832
0.2351 829
0.2352 830
0.2353 829
0.2354 833
0.2355 833
0.2356 828
0.2357 831
0.2358 833
0.2359 825
0.236 827
0.2361 825
0.2362 834
0.2363 837
0.2364 836
0.2365 831
0.2366 835
0.2367 837
0.2368 822
0.2369 816
0.237 815
0.2371 804
0.2372 796
0.2373 792
0.2374 788
0.2375 773
0.2376 772
0.2377 775
0.2378 781
0.2379 778
0.238 776
0.2381 780
0.2382 781
0.2383 783
0.2384 791
0.2385 781
0.2386 775
0.2387 772
0.2388 771
0.2389 771
0.239 773
0.2391 773
0.2392 774
0.2393 775
0.2394 776
0.2395 777
0.2396 774
0.2397 778
0.2398 785
0.2399 775
0.24 768
0.2401 767
0.2402 764
0.2403 758
0.2404 751
0.2405 751
0.2406 747
0.2407 749
0.2408 751
0.2409 755
0.241 750
0.2411 749
0.2412 747
0.2413 740
0.2414 747
0.2415 740
0.2416 736
0.2417 739
0.2418 738
0.2419 735
0.242 735
0.2421 724
0.2422 712
0.2423 704
0.2424 700
0.2425 694
0.2426 695
0.2427 697
0.2428 689
0.2429 698
0.243 698
0.2431 702
0.2432 699
0.2433 695
0.2434 691
0.2435 690
0.2436 680
0.2437 676
0.2438 673
0.2439 664
0.244 662
0.2441 661
0.2442 655
0.2443 647
0.2444 641
0.2445 636
0.2446 633
0.2447 631
0.2448 628
0.2449 617
0.245 618
0.2451 610
0.2452 617
0.2453 624
0.2454 623
0.2455 619
0.2456 618
0.2457 620
0.2458 624
0.2459 623
0.246 619
0.2461 623
0.2462 623
0.2463 624
0.2464 623
0.2465 621
0.2466 623
0.2467 621
0.2468 621
0.2469 621
0.247 624
0.2471 620
0.2472 619
0.2473 611
0.2474 609
0.2475 602
0.2476 596
0.2477 585
0.2478 577
0.2479 573
0.248 563
0.2481 561
0.2482 562
0.2483 563
0.2484 556
0.2485 552
0.2486 549
0.2487 545
0.2488 543
0.2489 534
0.249 534
0.2491 533
0.2492 529
0.2493 527
0.2494 526
0.2495 522
0.2496 525
0.2497 519
0.2498 519
0.2499 517
0.25 511
