0 0
0.01 1
0.02 4
0.03 16
0.04 28
0.05 49
0.06 68
0.07 90
0.08 100
0.09 117
0.1 135
0.11 150
0.12 166
0.13 185
0.14 199
0.15 212
0.16 221
0.17 232
0.18 249
0.19 261
0.2 273
0.21 283
0.22 295
0.23 306
0.24 325
0.25 334
0.26 337
0.27 350
0.28 356
0.29 361
0.3 364
0.31 370
0.32 373
0.33 374
0.34 382
0.35 386
0.36 390
0.37 394
0.38 398
0.39 405
0.4 411
0.41 420
0.42 428
0.43 430
0.44 435
0.45 442
0.46 451
0.47 450
0.48 456
0.49 458
0.5 463
0.51 471
0.52 473
0.53 477
0.54 478
0.55 478
0.56 480
0.57 486
0.58 485
0.59 495
0.6 502
0.61 502
0.62 501
0.63 506
0.64 511
0.65 514
0.66 524
0.67 525
0.68 525
0.69 527
0.7 526
0.71 528
0.72 528
0.73 531
0.74 535
0.75 532
0.76 533
0.77 531
0.78 531
0.79 539
0.8 539
0.81 544
0.82 542
0.83 546
0.84 548
0.85 554
0.86 556
0.87 560
0.88 555
0.89 558
0.9 559
0.91 560
0.92 562
0.93 564
0.94 564
0.95 564
0.96 565
0.97 561
0.98 561
0.99 563
1 564
1.01 565
1.02 569
1.03 571
1.04 572
1.05 574
1.06 580
1.07 584
1.08 584
1.09 589
1.1 584
1.11 582
1.12 579
1.13 583
1.14 587
1.15 579
1.16 584
1.17 587
1.18 584
1.19 582
1.2 586
1.21 585
1.22 587
1.23 587
1.24 589
1.25 588
1.26 589
1.27 591
1.28 594
1.29 596
1.3 598
1.31 590
1.32 588
1.33 586
1.34 587
1.35 586
1.36 590
1.37 591
1.38 592
1.39 594
1.4 600
1.41 600
1.42 604
1.43 606
1.44 604
1.45 601
1.46 602
1.47 600
1.48 602
1.49 606
1.5 606
1.51 606
1.52 603
1.53 600
1.54 598
1.55 599
1.56 596
1.57 592
1.58 595
1.59 599
1.6 600
1.61 602
1.62 603
1.63 601
1.64 601
1.65 596
1.66 589
1.67 588
1.68 588
1.69 595
1.7 595
1.71 594
1.72 599
1.73 599
1.74 603
1.75 601
1.76 600
1.77 598
1.78 598
1.79 599
1.8 600
1.81 600
1.82 593
1.83 592
1.84 593
1.85 590
1.86 595
1.87 594
1.88 595
1.89 596
1.9 597
1.91 594
1.92 595
1.93 592
1.94 592
1.95 595
1.96 595
1.97 593
1.98 597
1.99 601
2 597
