0 0
0.0001 0
0.0002 1
0.0003 2
0.0004 2
0.0005 2
0.0006 2
0.0007 2
0.0008 2
0.0009 3
0.001 3
0.0011 4
0.0012 4
0.0013 4
0.0014 4
0.0015 4
0.0016 4
0.0017 4
0.0018 4
0.0019 5
0.002 5
0.0021 5
0.0022 6
0.0023 9
0.0024 9
0.0025 9
0.0026 9
0.0027 9
0.0028 9
0.0029 9
0.003 10
0.0031 11
0.0032 11
0.0033 11
0.0034 12
0.0035 12
0.0036 12
0.0037 12
0.0038 13
0.0039 13
0.004 15
0.0041 16
0.0042 16
0.0043 16
0.0044 16
0.0045 16
0.0046 16
0.0047 16
0.0048 16
0.0049 16
0.005 19
0.0051 21
0.0052 21
0.0053 21
0.0054 21
0.0055 22
0.0056 24
0.0057 25
0.0058 25
0.0059 25
0.006 25
0.0061 26
0.0062 27
0.0063 28
0.0064 29
0.0065 30
0.0066 30
0.0067 30
0.0068 31
0.0069 31
0.007 31
0.0071 31
0.0072 35
0.0073 34
0.0074 34
0.0075 34
0.0076 34
0.0077 34
0.0078 34
0.0079 34
0.008 34
0.0081 35
0.0082 36
0.0083 36
0.0084 36
0.0085 38
0.0086 40
0.0087 41
0.0088 42
0.0089 41
0.009 41
0.0091 41
0.0092 41
0.0093 42
0.0094 44
0.0095 44
0.0096 44
0.0097 44
0.0098 45
0.0099 45
0.01 47
0.0101 47
0.0102 48
0.0103 48
0.0104 49
0.0105 50
0.0106 51
0.0107 51
0.0108 51
0.0109 51
0.011 51
0.0111 52
0.0112 52
0.0113 52
0.0114 52
0.0115 53
0.0116 54
0.0117 56
0.0118 56
0.0119 57
0.012 57
0.0121 57
0.0122 57
0.0123 57
0.0124 59
0.0125 59
0.0126 59
0.0127 59
0.0128 60
0.0129 60
0.013 61
0.0131 61
0.0132 61
0.0133 60
0.0134 60
0.0135 60
0.0136 60
0.0137 61
0.0138 61
0.0139 62
0.014 62
0.0141 64
0.0142 65
0.0143 67
0.0144 67
0.0145 67
0.0146 68
0.0147 68
0.0148 68
0.0149 69
0.015 69
0.0151 69
0.0152 69
0.0153 69
0.0154 70
0.0155 70
0.0156 72
0.0157 77
0.0158 77
0.0159 77
0.016 77
0.0161 77
0.0162 78
0.0163 78
0.0164 79
0.0165 79
0.0166 81
0.0167 81
0.0168 82
0.0169 82
0.017 83
0.0171 83
0.0172 83
0.0173 83
0.0174 83
0.0175 85
0.0176 85
0.0177 87
0.0178 88
0.0179 89
0.018 90
0.0181 91
0.0182 91
0.0183 92
0.0184 92
0.0185 92
0.0186 92
0.0187 93
0.0188 96
0.0189 96
0.019 97
0.0191 97
0.0192 99
0.0193 100
0.0194 100
0.0195 102
0.0196 102
0.0197 103
0.0198 104
0.0199 104
0.02 107
0.0201 107
0.0202 107
0.0203 107
0.0204 107
0.0205 107
0.0206 107
0.0207 108
0.0208 109
0.0209 110
0.021 110
0.0211 110
0.0212 110
0.0213 110
0.0214 111
0.0215 113
0.0216 114
0.0217 114
0.0218 115
0.0219 115
0.022 115
0.0221 115
0.0222 115
0.0223 116
0.0224 116
0.0225 117
0.0226 116
0.0227 117
0.0228 117
0.0229 119
0.023 119
0.0231 119
0.0232 120
0.0233 120
0.0234 122
0.0235 122
0.0236 122
0.0237 123
0.0238 123
0.0239 123
0.024 124
0.0241 125
0.0242 125
0.0243 126
0.0244 127
0.0245 128
0.0246 128
0.0247 128
0.0248 129
0.0249 129
0.025 130
0.0251 130
0.0252 130
0.0253 130
0.0254 131
0.0255 131
0.0256 131
0.0257 132
0.0258 132
0.0259 132
0.026 132
0.0261 134
0.0262 134
0.0263 134
0.0264 135
0.0265 135
0.0266 136
0.0267 136
0.0268 136
0.0269 137
0.027 137
0.0271 138
0.0272 139
0.0273 140
0.0274 143
0.0275 146
0.0276 147
0.0277 148
0.0278 148
0.0279 148
0.028 148
0.0281 149
0.0282 150
0.0283 150
0.0284 151
0.0285 153
0.0286 154
0.0287 155
0.0288 155
0.0289 155
0.029 156
0.0291 156
0.0292 156
0.0293 156
0.0294 157
0.0295 158
0.0296 158
0.0297 160
0.0298 161
0.0299 161
0.03 163
0.0301 164
0.0302 165
0.0303 165
0.0304 165
0.0305 167
0.0306 167
0.0307 167
0.0308 167
0.0309 168
0.031 169
0.0311 169
0.0312 170
0.0313 170
0.0314 173
0.0315 173
0.0316 173
0.0317 174
0.0318 174
0.0319 174
0.032 175
0.0321 176
0.0322 177
0.0323 178
0.0324 179
0.0325 179
0.0326 179
0.0327 179
0.0328 179
0.0329 180
0.033 179
0.0331 179
0.0332 180
0.0333 180
0.0334 180
0.0335 180
0.0336 180
0.0337 180
0.0338 180
0.0339 181
0.034 182
0.0341 183
0.0342 183
0.0343 183
0.0344 183
0.0345 183
0.0346 184
0.0347 185
0.0348 185
0.0349 185
0.035 185
0.0351 186
0.0352 186
0.0353 186
0.0354 186
0.0355 188
0.0356 188
0.0357 188
0.0358 189
0.0359 189
0.036 191
0.0361 191
0.0362 192
0.0363 192
0.0364 192
0.0365 192
0.0366 192
0.0367 191
0.0368 191
0.0369 191
0.037 191
0.0371 192
0.0372 192
0.0373 194
0.0374 195
0.0375 196
0.0376 196
0.0377 196
0.0378 196
0.0379 197
0.038 197
0.0381 197
0.0382 198
0.0383 199
0.0384 201
0.0385 202
0.0386 202
0.0387 203
0.0388 203
0.0389 203
0.039 203
0.0391 204
0.0392 205
0.0393 205
0.0394 204
0.0395 204
0.0396 203
0.0397 203
0.0398 203
0.0399 203
0.04 203
0.0401 203
0.0402 203
0.0403 204
0.0404 204
0.0405 204
0.0406 204
0.0407 204
0.0408 204
0.0409 206
0.041 205
0.0411 205
0.0412 204
0.0413 205
0.0414 207
0.0415 207
0.0416 208
0.0417 208
0.0418 211
0.0419 212
0.042 211
0.0421 211
0.0422 211
0.0423 211
0.0424 211
0.0425 211
0.0426 211
0.0427 213
0.0428 213
0.0429 213
0.043 215
0.0431 214
0.0432 213
0.0433 214
0.0434 215
0.0435 215
0.0436 215
0.0437 215
0.0438 216
0.0439 214
0.044 214
0.0441 214
0.0442 213
0.0443 214
0.0444 214
0.0445 215
0.0446 215
0.0447 215
0.0448 216
0.0449 217
0.045 219
0.0451 219
0.0452 220
0.0453 220
0.0454 220
0.0455 220
0.0456 220
0.0457 220
0.0458 221
0.0459 222
0.046 223
0.0461 223
0.0462 223
0.0463 224
0.0464 224
0.0465 224
0.0466 225
0.0467 227
0.0468 227
0.0469 227
0.047 227
0.0471 227
0.0472 227
0.0473 228
0.0474 228
0.0475 228
0.0476 228
0.0477 229
0.0478 231
0.0479 232
0.048 231
0.0481 231
0.0482 232
0.0483 232
0.0484 236
0.0485 236
0.0486 236
0.0487 237
0.0488 237
0.0489 241
0.049 241
0.0491 241
0.0492 241
0.0493 241
0.0494 242
0.0495 242
0.0496 242
0.0497 242
0.0498 242
0.0499 244
0.05 243
0.0501 243
0.0502 243
0.0503 243
0.0504 243
0.0505 243
0.0506 243
0.0507 243
0.0508 243
0.0509 243
0.051 243
0.0511 243
0.0512 244
0.0513 244
0.0514 244
0.0515 245
0.0516 246
0.0517 247
0.0518 246
0.0519 246
0.052 246
0.0521 246
0.0522 246
0.0523 246
0.0524 246
0.0525 247
0.0526 247
0.0527 246
0.0528 249
0.0529 249
0.053 249
0.0531 250
0.0532 251
0.0533 252
0.0534 254
0.0535 254
0.0536 254
0.0537 254
0.0538 254
0.0539 254
0.054 254
0.0541 256
0.0542 257
0.0543 257
0.0544 257
0.0545 257
0.0546 258
0.0547 259
0.0548 258
0.0549 258
0.055 258
0.0551 258
0.0552 260
0.0553 261
0.0554 261
0.0555 261
0.0556 261
0.0557 264
0.0558 263
0.0559 263
0.056 264
0.0561 265
0.0562 266
0.0563 266
0.0564 266
0.0565 267
0.0566 267
0.0567 267
0.0568 267
0.0569 267
0.057 267
0.0571 267
0.0572 267
0.0573 267
0.0574 268
0.0575 268
0.0576 269
0.0577 269
0.0578 269
0.0579 270
0.058 270
0.0581 270
0.0582 271
0.0583 271
0.0584 272
0.0585 272
0.0586 272
0.0587 272
0.0588 273
0.0589 272
0.059 272
0.0591 272
0.0592 272
0.0593 272
0.0594 273
0.0595 273
0.0596 273
0.0597 273
0.0598 273
0.0599 273
0.06 273
0.0601 273
0.0602 274
0.0603 275
0.0604 275
0.0605 276
0.0606 276
0.0607 276
0.0608 276
0.0609 276
0.061 276
0.0611 275
0.0612 275
0.0613 276
0.0614 276
0.0615 275
0.0616 276
0.0617 276
0.0618 276
0.0619 276
0.062 277
0.0621 277
0.0622 278
0.0623 278
0.0624 279
0.0625 279
0.0626 279
0.0627 280
0.0628 280
0.0629 280
0.063 277
0.0631 277
0.0632 277
0.0633 277
0.0634 276
0.0635 276
0.0636 275
0.0637 274
0.0638 274
0.0639 275
0.064 275
0.0641 275
0.0642 275
0.0643 275
0.0644 275
0.0645 275
0.0646 276
0.0647 277
0.0648 277
0.0649 276
0.065 276
0.0651 276
0.0652 277
0.0653 276
0.0654 276
0.0655 276
0.0656 277
0.0657 279
0.0658 279
0.0659 279
0.066 279
0.0661 279
0.0662 279
0.0663 280
0.0664 281
0.0665 280
0.0666 279
0.0667 279
0.0668 280
0.0669 280
0.067 280
0.0671 280
0.0672 281
0.0673 280
0.0674 280
0.0675 281
0.0676 281
0.0677 281
0.0678 281
0.0679 281
0.068 282
0.0681 281
0.0682 281
0.0683 282
0.0684 282
0.0685 283
0.0686 283
0.0687 283
0.0688 283
0.0689 283
0.069 283
0.0691 284
0.0692 284
0.0693 284
0.0694 284
0.0695 284
0.0696 284
0.0697 284
0.0698 284
0.0699 284
0.07 284
0.0701 285
0.0702 284
0.0703 284
0.0704 284
0.0705 284
0.0706 284
0.0707 284
0.0708 285
0.0709 286
0.071 286
0.0711 285
0.0712 285
0.0713 285
0.0714 285
0.0715 286
0.0716 285
0.0717 285
0.0718 286
0.0719 286
0.072 286
0.0721 287
0.0722 287
0.0723 287
0.0724 288
0.0725 286
0.0726 286
0.0727 285
0.0728 285
0.0729 284
0.073 285
0.0731 285
0.0732 285
0.0733 285
0.0734 285
0.0735 285
0.0736 286
0.0737 287
0.0738 287
0.0739 288
0.074 289
0.0741 290
0.0742 290
0.0743 290
0.0744 290
0.0745 289
0.0746 289
0.0747 290
0.0748 290
0.0749 292
0.075 292
0.0751 292
0.0752 292
0.0753 292
0.0754 292
0.0755 292
0.0756 292
0.0757 293
0.0758 292
0.0759 292
0.076 292
0.0761 293
0.0762 293
0.0763 293
0.0764 294
0.0765 293
0.0766 292
0.0767 293
0.0768 295
0.0769 295
0.077 295
0.0771 295
0.0772 296
0.0773 296
0.0774 295
0.0775 297
0.0776 296
0.0777 295
0.0778 295
0.0779 296
0.078 296
0.0781 297
0.0782 297
0.0783 298
0.0784 298
0.0785 298
0.0786 297
0.0787 298
0.0788 298
0.0789 300
0.079 300
0.0791 300
0.0792 299
0.0793 298
0.0794 299
0.0795 299
0.0796 299
0.0797 299
0.0798 299
0.0799 300
0.08 300
0.0801 300
0.0802 300
0.0803 300
0.0804 300
0.0805 301
0.0806 301
0.0807 301
0.0808 301
0.0809 301
0.081 301
0.0811 301
0.0812 301
0.0813 301
0.0814 302
0.0815 302
0.0816 303
0.0817 303
0.0818 303
0.0819 304
0.082 304
0.0821 304
0.0822 305
0.0823 305
0.0824 305
0.0825 305
0.0826 305
0.0827 305
0.0828 305
0.0829 305
0.083 305
0.0831 306
0.0832 305
0.0833 304
0.0834 304
0.0835 305
0.0836 305
0.0837 305
0.0838 305
0.0839 306
0.084 306
0.0841 306
0.0842 306
0.0843 306
0.0844 308
0.0845 307
0.0846 308
0.0847 308
0.0848 308
0.0849 308
0.085 308
0.0851 308
0.0852 308
0.0853 309
0.0854 309
0.0855 309
0.0856 309
0.0857 309
0.0858 309
0.0859 309
0.086 308
0.0861 307
0.0862 306
0.0863 306
0.0864 306
0.0865 306
0.0866 306
0.0867 306
0.0868 307
0.0869 309
0.087 309
0.0871 309
0.0872 309
0.0873 309
0.0874 309
0.0875 309
0.0876 309
0.0877 309
0.0878 309
0.0879 309
0.088 311
0.0881 310
0.0882 310
0.0883 310
0.0884 311
0.0885 311
0.0886 311
0.0887 311
0.0888 310
0.0889 310
0.089 309
0.0891 311
0.0892 312
0.0893 312
0.0894 312
0.0895 312
0.0896 311
0.0897 312
0.0898 313
0.0899 314
0.09 314
0.0901 314
0.0902 312
0.0903 312
0.0904 312
0.0905 314
0.0906 314
0.0907 314
0.0908 314
0.0909 313
0.091 313
0.0911 311
0.0912 311
0.0913 311
0.0914 311
0.0915 311
0.0916 311
0.0917 311
0.0918 311
0.0919 311
0.092 311
0.0921 312
0.0922 312
0.0923 312
0.0924 312
0.0925 312
0.0926 312
0.0927 312
0.0928 312
0.0929 311
0.093 311
0.0931 311
0.0932 310
0.0933 309
0.0934 310
0.0935 311
0.0936 311
0.0937 311
0.0938 313
0.0939 313
0.094 314
0.0941 314
0.0942 315
0.0943 316
0.0944 316
0.0945 316
0.0946 316
0.0947 317
0.0948 317
0.0949 317
0.095 317
0.0951 316
0.0952 316
0.0953 316
0.0954 315
0.0955 316
0.0956 316
0.0957 316
0.0958 315
0.0959 317
0.096 318
0.0961 318
0.0962 318
0.0963 319
0.0964 319
0.0965 320
0.0966 321
0.0967 321
0.0968 321
0.0969 321
0.097 320
0.0971 320
0.0972 320
0.0973 319
0.0974 320
0.0975 320
0.0976 321
0.0977 321
0.0978 321
0.0979 321
0.098 321
0.0981 321
0.0982 321
0.0983 321
0.0984 321
0.0985 321
0.0986 321
0.0987 321
0.0988 321
0.0989 321
0.099 321
0.0991 322
0.0992 322
0.0993 323
0.0994 323
0.0995 323
0.0996 323
0.0997 324
0.0998 324
0.0999 324
0.1 324
