0 0
0.0001 0
0.0002 0
0.0003 2
0.0004 7
0.0005 33
0.0006 70
0.0007 101
0.0008 147
0.0009 197
0.001 245
0.0011 280
0.0012 325
0.0013 372
0.0014 408
0.0015 449
0.0016 486
0.0017 527
0.0018 570
0.0019 614
0.002 663
0.0021 694
0.0022 721
0.0023 757
0.0024 788
0.0025 828
0.0026 871
0.0027 914
0.0028 948
0.0029 988
0.003 1022
0.0031 1049
0.0032 1069
0.0033 1100
0.0034 1123
0.0035 1127
0.0036 1177
0.0037 1212
0.0038 1245
0.0039 1279
0.004 1332
0.0041 1344
0.0042 1353
0.0043 1368
0.0044 1381
0.0045 1398
0.0046 1419
0.0047 1439
0.0048 1458
0.0049 1489
0.005 1509
0.0051 1534
0.0052 1557
0.0053 1589
0.0054 1600
0.0055 1611
0.0056 1610
0.0057 1606
0.0058 1622
0.0059 1623
0.006 1653
0.0061 1673
0.0062 1676
0.0063 1688
0.0064 1680
0.0065 1678
0.0066 1665
0.0067 1644
0.0068 1642
0.0069 1649
0.007 1660
0.0071 1672
0.0072 1681
0.0073 1678
0.0074 1681
0.0075 1671
0.0076 1681
0.0077 1683
0.0078 1703
0.0079 1718
0.008 1754
0.0081 1768
0.0082 1767
0.0083 1775
0.0084 1782
0.0085 1768
0.0086 1761
0.0087 1757
0.0088 1740
0.0089 1734
0.009 1716
0.0091 1698
0.0092 1725
0.0093 1729
0.0094 1727
0.0095 1708
0.0096 1690
0.0097 1680
0.0098 1657
0.0099 1622
0.01 1605
0.0101 1576
0.0102 1558
0.0103 1543
0.0104 1523
0.0105 1507
0.0106 1539
0.0107 1549
0.0108 1563
0.0109 1563
0.011 1564
0.0111 1555
0.0112 1528
0.0113 1524
0.0114 1527
0.0115 1499
0.0116 1512
0.0117 1500
0.0118 1480
0.0119 1466
0.012 1468
0.0121 1491
0.0122 1479
0.0123 1483
0.0124 1486
0.0125 1496
0.0126 1505
0.0127 1498
0.0128 1489
0.0129 1506
0.013 1500
0.0131 1483
0.0132 1478
0.0133 1476
0.0134 1478
0.0135 1478
0.0136 1454
0.0137 1442
0.0138 1434
0.0139 1420
0.014 1380
0.0141 1360
0.0142 1355
0.0143 1332
0.0144 1321
0.0145 1315
0.0146 1297
0.0147 1309
0.0148 1302
0.0149 1286
0.015 1276
0.0151 1266
0.0152 1263
0.0153 1245
0.0154 1237
0.0155 1226
0.0156 1229
0.0157 1243
0.0158 1257
0.0159 1253
0.016 1236
0.0161 1215
0.0162 1200
0.0163 1186
0.0164 1182
0.0165 1165
0.0166 1139
0.0167 1114
0.0168 1107
0.0169 1103
0.017 1089
0.0171 1092
0.0172 1084
0.0173 1069
0.0174 1060
0.0175 1051
0.0176 1048
0.0177 1039
0.0178 1029
0.0179 1029
0.018 1042
0.0181 1057
0.0182 1079
0.0183 1079
0.0184 1086
0.0185 1094
0.0186 1129
0.0187 1152
0.0188 1135
0.0189 1097
0.019 1086
0.0191 1069
0.0192 1046
0.0193 1028
0.0194 1010
0.0195 1004
0.0196 988
0.0197 952
0.0198 933
0.0199 952
0.02 939
0.0201 928
0.0202 929
0.0203 933
0.0204 934
0.0205 907
0.0206 893
0.0207 891
0.0208 870
0.0209 875
0.021 876
0.0211 894
0.0212 916
0.0213 923
0.0214 951
0.0215 961
0.0216 939
0.0217 935
0.0218 925
0.0219 903
0.022 869
0.0221 862
0.0222 832
0.0223 794
0.0224 755
0.0225 727
0.0226 702
0.0227 702
0.0228 691
0.0229 675
0.023 678
0.0231 681
0.0232 666
0.0233 648
0.0234 639
0.0235 641
0.0236 631
0.0237 620
0.0238 589
0.0239 566
0.024 565
0.0241 556
0.0242 549
0.0243 529
0.0244 520
0.0245 497
0.0246 484
0.0247 488
0.0248 481
0.0249 467
0.025 474
0.0251 454
0.0252 435
0.0253 409
0.0254 372
0.0255 333
0.0256 315
0.0257 276
0.0258 231
0.0259 183
0.026 151
0.0261 122
0.0262 81
0.0263 77
0.0264 61
0.0265 56
0.0266 46
0.0267 35
0.0268 45
0.0269 35
0.027 36
0.0271 46
0.0272 35
0.0273 43
0.0274 39
0.0275 41
0.0276 28
0.0277 25
0.0278 16
0.0279 5
0.028 3
0.0281 4
0.0282 3
0.0283 3
0.0284 0
0.0285 0
0.0286 3
0.0287 0
0.0288 1
0.0289 2
0.029 2
0.0291 0
0.0292 0
0.0293 0
0.0294 1
0.0295 0
0.0296 0
0.0297 3
0.0298 0
0.0299 1
0.03 2
0.0301 5
0.0302 1
0.0303 0
0.0304 1
0.0305 2
0.0306 0
0.0307 0
0.0308 1
0.0309 0
0.031 0
0.0311 1
0.0312 0
0.0313 0
0.0314 0
0.0315 0
0.0316 0
0.0317 1
0.0318 0
0.0319 0
0.032 0
0.0321 0
0.0322 2
0.0323 0
0.0324 1
0.0325 0
0.0326 1
0.0327 1
0.0328 1
0.0329 0
0.033 0
0.0331 0
0.0332 2
0.0333 1
0.0334 0
0.0335 0
0.0336 0
0.0337 0
0.0338 0
0.0339 1
0.034 1
0.0341 0
0.0342 0
0.0343 1
0.0344 0
0.0345 0
0.0346 0
0.0347 1
0.0348 1
0.0349 1
0.035 0
0.0351 0
0.0352 0
0.0353 1
0.0354 0
0.0355 0
0.0356 1
0.0357 0
0.0358 0
0.0359 1
0.036 0
0.0361 0
0.0362 1
0.0363 1
0.0364 0
0.0365 0
0.0366 0
0.0367 2
0.0368 2
0.0369 0
0.037 0
0.0371 0
0.0372 0
0.0373 2
0.0374 0
0.0375 0
0.0376 0
0.0377 0
0.0378 0
0.0379 0
0.038 0
0.0381 0
0.0382 0
0.0383 1
0.0384 1
0.0385 1
0.0386 0
0.0387 0
0.0388 0
0.0389 0
0.039 0
0.0391 1
0.0392 0
0.0393 0
0.0394 1
0.0395 3
0.0396 1
0.0397 0
0.0398 0
0.0399 0
0.04 0
0.0401 1
0.0402 0
0.0403 0
0.0404 2
0.0405 0
0.0406 1
0.0407 0
0.0408 1
0.0409 0
0.041 1
0.0411 0
0.0412 0
0.0413 0
0.0414 0
0.0415 0
0.0416 2
0.0417 1
0.0418 1
0.0419 0
0.042 0
0.0421 0
0.0422 0
0.0423 0
0.0424 0
0.0425 0
0.0426 0
0.0427 0
0.0428 0
0.0429 0
0.043 0
0.0431 1
0.0432 0
0.0433 1
0.0434 1
0.0435 1
0.0436 0
0.0437 0
0.0438 1
0.0439 0
0.044 3
0.0441 2
0.0442 0
0.0443 0
0.0444 1
0.0445 0
0.0446 2
0.0447 0
0.0448 0
0.0449 0
0.045 0
0.0451 1
0.0452 0
0.0453 2
0.0454 0
0.0455 2
0.0456 4
0.0457 2
0.0458 0
0.0459 0
0.046 1
0.0461 1
0.0462 1
0.0463 2
0.0464 5
0.0465 3
0.0466 0
0.0467 4
0.0468 3
0.0469 4
0.047 3
0.0471 0
0.0472 3
0.0473 1
0.0474 1
0.0475 1
0.0476 3
0.0477 3
0.0478 1
0.0479 3
0.048 0
0.0481 3
0.0482 0
0.0483 1
0.0484 2
0.0485 0
0.0486 0
0.0487 0
0.0488 1
0.0489 1
0.049 1
0.0491 0
0.0492 0
0.0493 0
0.0494 0
0.0495 0
0.0496 1
0.0497 3
0.0498 5
0.0499 3
0.05 2
0.0501 0
0.0502 2
0.0503 2
0.0504 2
0.0505 3
0.0506 2
0.0507 0
0.0508 2
0.0509 1
0.051 2
0.0511 1
0.0512 0
0.0513 1
0.0514 1
0.0515 0
0.0516 0
0.0517 2
0.0518 2
0.0519 0
0.052 1
0.0521 1
0.0522 3
0.0523 2
0.0524 1
0.0525 2
0.0526 0
0.0527 1
0.0528 2
0.0529 1
0.053 1
0.0531 1
0.0532 1
0.0533 1
0.0534 1
0.0535 0
0.0536 2
0.0537 0
0.0538 0
0.0539 1
0.054 0
0.0541 1
0.0542 2
0.0543 1
0.0544 1
0.0545 0
0.0546 0
0.0547 1
0.0548 2
0.0549 0
0.055 0
0.0551 3
0.0552 0
0.0553 1
0.0554 0
0.0555 0
0.0556 0
0.0557 0
0.0558 0
0.0559 0
0.056 0
0.0561 0
0.0562 2
0.0563 0
0.0564 0
0.0565 0
0.0566 1
0.0567 1
0.0568 0
0.0569 1
0.057 1
0.0571 1
0.0572 0
0.0573 0
0.0574 1
0.0575 0
0.0576 1
0.0577 0
0.0578 1
0.0579 1
0.058 0
0.0581 1
0.0582 1
0.0583 1
0.0584 1
0.0585 0
0.0586 1
0.0587 1
0.0588 0
0.0589 0
0.059 3
0.0591 0
0.0592 0
0.0593 2
0.0594 1
0.0595 1
0.0596 2
0.0597 2
0.0598 1
0.0599 1
0.06 2
0.0601 1
0.0602 2
0.0603 1
0.0604 1
0.0605 1
0.0606 2
0.0607 0
0.0608 2
0.0609 0
0.061 2
0.0611 1
0.0612 0
0.0613 2
0.0614 0
0.0615 0
0.0616 2
0.0617 1
0.0618 0
0.0619 1
0.062 1
0.0621 1
0.0622 1
0.0623 3
0.0624 4
0.0625 2
0.0626 0
0.0627 1
0.0628 1
0.0629 0
0.063 1
0.0631 3
0.0632 1
0.0633 1
0.0634 3
0.0635 0
0.0636 1
0.0637 0
0.0638 2
0.0639 1
0.064 1
0.0641 2
0.0642 2
0.0643 0
0.0644 4
0.0645 0
0.0646 3
0.0647 1
0.0648 2
0.0649 2
0.065 1
0.0651 3
0.0652 1
0.0653 1
0.0654 1
0.0655 1
0.0656 5
0.0657 0
0.0658 5
0.0659 1
0.066 0
0.0661 0
0.0662 1
0.0663 0
0.0664 1
0.0665 1
0.0666 2
0.0667 1
0.0668 0
0.0669 1
0.067 4
0.0671 1
0.0672 2
0.0673 4
0.0674 2
0.0675 1
0.0676 3
0.0677 1
0.0678 0
0.0679 1
0.068 0
0.0681 1
0.0682 1
0.0683 1
0.0684 0
0.0685 3
0.0686 0
0.0687 3
0.0688 3
0.0689 2
0.069 2
0.0691 3
0.0692 4
0.0693 2
0.0694 1
0.0695 1
0.0696 2
0.0697 1
0.0698 2
0.0699 2
0.07 4
0.0701 3
0.0702 2
0.0703 1
0.0704 0
0.0705 2
0.0706 0
0.0707 0
0.0708 0
0.0709 1
0.071 2
0.0711 5
0.0712 1
0.0713 2
0.0714 2
0.0715 1
0.0716 1
0.0717 2
0.0718 1
0.0719 4
0.072 5
0.0721 7
0.0722 7
0.0723 5
0.0724 10
0.0725 10
0.0726 7
0.0727 3
0.0728 3
0.0729 1
0.073 2
0.0731 2
0.0732 3
0.0733 3
0.0734 11
0.0735 8
0.0736 6
0.0737 10
0.0738 5
0.0739 8
0.074 5
0.0741 8
0.0742 10
0.0743 7
0.0744 4
0.0745 6
0.0746 9
0.0747 3
0.0748 4
0.0749 5
0.075 5
0.0751 1
0.0752 4
0.0753 9
0.0754 4
0.0755 2
0.0756 3
0.0757 6
0.0758 7
0.0759 6
0.076 7
0.0761 9
0.0762 7
0.0763 6
0.0764 5
0.0765 6
0.0766 3
0.0767 3
0.0768 5
0.0769 3
0.077 1
0.0771 1
0.0772 2
0.0773 5
0.0774 4
0.0775 1
0.0776 3
0.0777 2
0.0778 2
0.0779 4
0.078 1
0.0781 1
0.0782 2
0.0783 0
0.0784 2
0.0785 2
0.0786 4
0.0787 5
0.0788 5
0.0789 4
0.079 7
0.0791 7
0.0792 3
0.0793 4
0.0794 7
0.0795 3
0.0796 3
0.0797 9
0.0798 6
0.0799 7
0.08 8
0.0801 3
0.0802 3
0.0803 0
0.0804 1
0.0805 1
0.0806 0
0.0807 1
0.0808 3
0.0809 0
0.081 2
0.0811 0
0.0812 1
0.0813 1
0.0814 1
0.0815 5
0.0816 1
0.0817 8
0.0818 4
0.0819 5
0.082 7
0.0821 0
0.0822 2
0.0823 2
0.0824 1
0.0825 1
0.0826 3
0.0827 2
0.0828 2
0.0829 0
0.083 0
0.0831 2
0.0832 0
0.0833 2
0.0834 3
0.0835 2
0.0836 2
0.0837 1
0.0838 0
0.0839 5
0.084 5
0.0841 2
0.0842 5
0.0843 5
0.0844 3
0.0845 4
0.0846 0
0.0847 0
0.0848 1
0.0849 4
0.085 4
0.0851 6
0.0852 1
0.0853 0
0.0854 2
0.0855 1
0.0856 5
0.0857 8
0.0858 6
0.0859 12
0.086 8
0.0861 21
0.0862 32
0.0863 38
0.0864 46
0.0865 37
0.0866 49
0.0867 57
0.0868 58
0.0869 52
0.087 53
0.0871 51
0.0872 62
0.0873 65
0.0874 68
0.0875 81
0.0876 84
0.0877 85
0.0878 80
0.0879 71
0.088 76
0.0881 79
0.0882 73
0.0883 76
0.0884 87
0.0885 94
0.0886 98
0.0887 101
0.0888 103
0.0889 98
0.089 105
0.0891 105
0.0892 118
0.0893 138
0.0894 159
0.0895 187
0.0896 209
0.0897 223
0.0898 246
0.0899 251
0.09 263
0.0901 267
0.0902 282
0.0903 292
0.0904 297
0.0905 318
0.0906 345
0.0907 366
0.0908 396
0.0909 437
0.091 484
0.0911 530
0.0912 552
0.0913 578
0.0914 593
0.0915 598
0.0916 596
0.0917 609
0.0918 641
0.0919 672
0.092 692
0.0921 724
0.0922 761
0.0923 808
0.0924 826
0.0925 854
0.0926 896
0.0927 924
0.0928 943
0.0929 956
0.093 945
0.0931 967
0.0932 989
0.0933 1007
0.0934 1035
0.0935 1072
0.0936 1096
0.0937 1100
0.0938 1105
0.0939 1100
0.094 1112
0.0941 1121
0.0942 1136
0.0943 1178
0.0944 1201
0.0945 1216
0.0946 1218
0.0947 1199
0.0948 1213
0.0949 1244
0.095 1249
0.0951 1243
0.0952 1239
0.0953 1242
0.0954 1225
0.0955 1216
0.0956 1215
0.0957 1211
0.0958 1210
0.0959 1188
0.096 1191
0.0961 1202
0.0962 1191
0.0963 1191
0.0964 1204
0.0965 1210
0.0966 1224
0.0967 1207
0.0968 1183
0.0969 1178
0.097 1175
0.0971 1170
0.0972 1192
0.0973 1201
0.0974 1189
0.0975 1212
0.0976 1196
0.0977 1192
0.0978 1186
0.0979 1187
0.098 1177
0.0981 1190
0.0982 1188
0.0983 1193
0.0984 1182
0.0985 1181
0.0986 1191
0.0987 1186
0.0988 1184
0.0989 1177
0.099 1183
0.0991 1184
0.0992 1196
0.0993 1192
0.0994 1176
0.0995 1169
0.0996 1159
0.0997 1151
0.0998 1147
0.0999 1149
0.1 1134
0.1001 1126
0.1002 1092
0.1003 1060
0.1004 1030
0.1005 1020
0.1006 1008
0.1007 1006
0.1008 978
0.1009 958
0.101 959
0.1011 953
0.1012 957
0.1013 952
0.1014 946
0.1015 939
0.1016 921
0.1017 931
0.1018 914
0.1019 923
0.102 934
0.1021 919
0.1022 933
0.1023 929
0.1024 929
0.1025 908
0.1026 885
0.1027 894
0.1028 898
0.1029 895
0.103 919
0.1031 943
0.1032 952
0.1033 949
0.1034 958
0.1035 925
0.1036 918
0.1037 921
0.1038 902
0.1039 874
0.104 873
0.1041 860
0.1042 851
0.1043 836
0.1044 835
0.1045 812
0.1046 807
0.1047 792
0.1048 782
0.1049 774
0.105 762
0.1051 777
0.1052 765
0.1053 772
0.1054 764
0.1055 762
0.1056 739
0.1057 717
0.1058 731
0.1059 727
0.106 704
0.1061 696
0.1062 708
0.1063 706
0.1064 693
0.1065 690
0.1066 684
0.1067 666
0.1068 654
0.1069 632
0.107 611
0.1071 602
0.1072 591
0.1073 588
0.1074 605
0.1075 598
0.1076 610
0.1077 608
0.1078 604
0.1079 585
0.108 562
0.1081 557
0.1082 548
0.1083 552
0.1084 561
0.1085 546
0.1086 534
0.1087 516
0.1088 524
0.1089 519
0.109 508
0.1091 475
0.1092 458
0.1093 456
0.1094 459
0.1095 439
0.1096 424
0.1097 422
0.1098 411
0.1099 391
0.11 397
0.1101 408
0.1102 395
0.1103 397
0.1104 387
0.1105 380
0.1106 365
0.1107 351
0.1108 327
0.1109 304
0.111 286
0.1111 269
0.1112 255
0.1113 237
0.1114 203
0.1115 173
0.1116 158
0.1117 145
0.1118 121
0.1119 95
0.112 79
0.1121 46
0.1122 23
0.1123 13
0.1124 7
0.1125 10
0.1126 8
0.1127 16
0.1128 16
0.1129 15
0.113 11
0.1131 8
0.1132 5
0.1133 1
0.1134 1
0.1135 0
0.1136 2
0.1137 0
0.1138 0
0.1139 0
0.114 0
0.1141 0
0.1142 1
0.1143 1
0.1144 1
0.1145 0
0.1146 1
0.1147 0
0.1148 0
0.1149 0
0.115 2
0.1151 1
0.1152 0
0.1153 2
0.1154 1
0.1155 1
0.1156 0
0.1157 0
0.1158 2
0.1159 0
0.116 1
0.1161 0
0.1162 1
0.1163 1
0.1164 0
0.1165 0
0.1166 0
0.1167 1
0.1168 0
0.1169 4
0.117 2
0.1171 3
0.1172 5
0.1173 3
0.1174 3
0.1175 4
0.1176 1
0.1177 0
0.1178 1
0.1179 1
0.118 2
0.1181 0
0.1182 0
0.1183 1
0.1184 0
0.1185 0
0.1186 0
0.1187 0
0.1188 0
0.1189 1
0.119 1
0.1191 1
0.1192 0
0.1193 0
0.1194 0
0.1195 0
0.1196 0
0.1197 0
0.1198 0
0.1199 0
0.12 1
0.1201 1
0.1202 1
0.1203 0
0.1204 1
0.1205 0
0.1206 0
0.1207 0
0.1208 0
0.1209 0
0.121 0
0.1211 0
0.1212 1
0.1213 0
0.1214 0
0.1215 0
0.1216 0
0.1217 0
0.1218 0
0.1219 0
0.122 0
0.1221 0
0.1222 1
0.1223 0
0.1224 0
0.1225 0
0.1226 0
0.1227 0
0.1228 1
0.1229 0
0.123 0
0.1231 1
0.1232 0
0.1233 0
0.1234 0
0.1235 0
0.1236 0
0.1237 0
0.1238 2
0.1239 2
0.124 0
0.1241 0
0.1242 1
0.1243 1
0.1244 1
0.1245 1
0.1246 1
0.1247 0
0.1248 0
0.1249 0
0.125 1
0.1251 0
0.1252 0
0.1253 0
0.1254 0
0.1255 2
0.1256 0
0.1257 2
0.1258 1
0.1259 0
0.126 0
0.1261 0
0.1262 2
0.1263 2
0.1264 1
0.1265 0
0.1266 4
0.1267 1
0.1268 1
0.1269 0
0.127 1
0.1271 2
0.1272 0
0.1273 0
0.1274 1
0.1275 1
0.1276 1
0.1277 1
0.1278 0
0.1279 0
0.128 1
0.1281 0
0.1282 0
0.1283 0
0.1284 0
0.1285 0
0.1286 0
0.1287 1
0.1288 0
0.1289 0
0.129 0
0.1291 0
0.1292 1
0.1293 0
0.1294 0
0.1295 0
0.1296 0
0.1297 0
0.1298 0
0.1299 0
0.13 2
0.1301 0
0.1302 0
0.1303 1
0.1304 1
0.1305 0
0.1306 0
0.1307 0
0.1308 0
0.1309 6
0.131 3
0.1311 4
0.1312 1
0.1313 0
0.1314 2
0.1315 2
0.1316 1
0.1317 0
0.1318 1
0.1319 0
0.132 0
0.1321 0
0.1322 1
0.1323 0
0.1324 4
0.1325 1
0.1326 1
0.1327 0
0.1328 1
0.1329 2
0.133 6
0.1331 1
0.1332 7
0.1333 3
0.1334 3
0.1335 5
0.1336 2
0.1337 1
0.1338 0
0.1339 2
0.134 1
0.1341 1
0.1342 1
0.1343 2
0.1344 1
0.1345 0
0.1346 0
0.1347 1
0.1348 1
0.1349 2
0.135 0
0.1351 2
0.1352 2
0.1353 2
0.1354 1
0.1355 0
0.1356 1
0.1357 0
0.1358 1
0.1359 1
0.136 0
0.1361 1
0.1362 0
0.1363 0
0.1364 0
0.1365 0
0.1366 0
0.1367 1
0.1368 0
0.1369 0
0.137 1
0.1371 1
0.1372 0
0.1373 0
0.1374 1
0.1375 0
0.1376 1
0.1377 0
0.1378 3
0.1379 2
0.138 1
0.1381 1
0.1382 1
0.1383 2
0.1384 3
0.1385 1
0.1386 0
0.1387 0
0.1388 2
0.1389 0
0.139 1
0.1391 0
0.1392 1
0.1393 1
0.1394 0
0.1395 0
0.1396 0
0.1397 0
0.1398 2
0.1399 2
0.14 0
0.1401 0
0.1402 3
0.1403 5
0.1404 4
0.1405 2
0.1406 2
0.1407 1
0.1408 1
0.1409 2
0.141 2
0.1411 0
0.1412 0
0.1413 0
0.1414 1
0.1415 0
0.1416 1
0.1417 2
0.1418 2
0.1419 3
0.142 2
0.1421 1
0.1422 1
0.1423 0
0.1424 1
0.1425 3
0.1426 0
0.1427 3
0.1428 0
0.1429 2
0.143 0
0.1431 0
0.1432 2
0.1433 1
0.1434 0
0.1435 1
0.1436 2
0.1437 2
0.1438 0
0.1439 0
0.144 0
0.1441 1
0.1442 1
0.1443 2
0.1444 0
0.1445 1
0.1446 1
0.1447 2
0.1448 2
0.1449 0
0.145 3
0.1451 1
0.1452 0
0.1453 0
0.1454 0
0.1455 0
0.1456 0
0.1457 2
0.1458 0
0.1459 3
0.146 4
0.1461 1
0.1462 0
0.1463 3
0.1464 2
0.1465 5
0.1466 1
0.1467 4
0.1468 2
0.1469 0
0.147 1
0.1471 4
0.1472 3
0.1473 1
0.1474 2
0.1475 5
0.1476 0
0.1477 2
0.1478 0
0.1479 0
0.148 0
0.1481 1
0.1482 1
0.1483 2
0.1484 0
0.1485 1
0.1486 1
0.1487 0
0.1488 1
0.1489 0
0.149 1
0.1491 1
0.1492 0
0.1493 1
0.1494 2
0.1495 3
0.1496 2
0.1497 5
0.1498 13
0.1499 4
0.15 2
0.1501 5
0.1502 7
0.1503 4
0.1504 2
0.1505 5
0.1506 4
0.1507 2
0.1508 4
0.1509 2
0.151 0
0.1511 1
0.1512 5
0.1513 5
0.1514 7
0.1515 1
0.1516 5
0.1517 0
0.1518 0
0.1519 5
0.152 0
0.1521 0
0.1522 0
0.1523 3
0.1524 4
0.1525 9
0.1526 5
0.1527 0
0.1528 0
0.1529 4
0.153 0
0.1531 0
0.1532 2
0.1533 7
0.1534 9
0.1535 9
0.1536 4
0.1537 4
0.1538 4
0.1539 2
0.154 4
0.1541 2
0.1542 2
0.1543 4
0.1544 6
0.1545 11
0.1546 4
0.1547 14
0.1548 19
0.1549 21
0.155 11
0.1551 4
0.1552 6
0.1553 10
0.1554 7
0.1555 5
0.1556 4
0.1557 2
0.1558 2
0.1559 8
0.156 4
0.1561 2
0.1562 3
0.1563 5
0.1564 4
0.1565 3
0.1566 0
0.1567 5
0.1568 3
0.1569 2
0.157 0
0.1571 5
0.1572 3
0.1573 3
0.1574 4
0.1575 0
0.1576 2
0.1577 0
0.1578 1
0.1579 8
0.158 4
0.1581 3
0.1582 6
0.1583 6
0.1584 1
0.1585 1
0.1586 2
0.1587 8
0.1588 12
0.1589 11
0.159 6
0.1591 9
0.1592 2
0.1593 3
0.1594 7
0.1595 9
0.1596 3
0.1597 13
0.1598 18
0.1599 18
0.16 27
0.1601 32
0.1602 52
0.1603 80
0.1604 87
0.1605 121
0.1606 160
0.1607 201
0.1608 248
0.1609 290
0.161 344
0.1611 379
0.1612 423
0.1613 458
0.1614 498
0.1615 543
0.1616 583
0.1617 621
0.1618 664
0.1619 706
0.162 754
0.1621 770
0.1622 777
0.1623 801
0.1624 824
0.1625 829
0.1626 827
0.1627 825
0.1628 847
0.1629 857
0.163 878
0.1631 878
0.1632 894
0.1633 899
0.1634 895
0.1635 896
0.1636 907
0.1637 921
0.1638 946
0.1639 984
0.164 988
0.1641 994
0.1642 1034
0.1643 1046
0.1644 1036
0.1645 1034
0.1646 1022
0.1647 1014
0.1648 1020
0.1649 1032
0.165 1040
0.1651 1044
0.1652 1070
0.1653 1090
0.1654 1108
0.1655 1124
0.1656 1134
0.1657 1176
0.1658 1206
0.1659 1220
0.166 1218
0.1661 1211
0.1662 1221
0.1663 1230
0.1664 1264
0.1665 1271
0.1666 1276
0.1667 1273
0.1668 1270
0.1669 1288
0.167 1290
0.1671 1295
0.1672 1283
0.1673 1303
0.1674 1296
0.1675 1287
0.1676 1283
0.1677 1273
0.1678 1248
0.1679 1218
0.168 1203
0.1681 1186
0.1682 1159
0.1683 1156
0.1684 1153
0.1685 1171
0.1686 1173
0.1687 1179
0.1688 1185
0.1689 1178
0.169 1172
0.1691 1169
0.1692 1185
0.1693 1186
0.1694 1183
0.1695 1202
0.1696 1202
0.1697 1214
0.1698 1206
0.1699 1200
0.17 1209
0.1701 1199
0.1702 1214
0.1703 1225
0.1704 1207
0.1705 1210
0.1706 1207
0.1707 1194
0.1708 1182
0.1709 1152
0.171 1127
0.1711 1103
0.1712 1078
0.1713 1046
0.1714 1020
0.1715 1006
0.1716 991
0.1717 975
0.1718 952
0.1719 934
0.172 926
0.1721 921
0.1722 928
0.1723 909
0.1724 915
0.1725 910
0.1726 913
0.1727 923
0.1728 945
0.1729 961
0.173 964
0.1731 976
0.1732 984
0.1733 1013
0.1734 1035
0.1735 1029
0.1736 1042
0.1737 1026
0.1738 1026
0.1739 1037
0.174 1031
0.1741 1024
0.1742 999
0.1743 977
0.1744 977
0.1745 978
0.1746 985
0.1747 989
0.1748 988
0.1749 979
0.175 968
0.1751 962
0.1752 970
0.1753 985
0.1754 974
0.1755 970
0.1756 957
0.1757 923
0.1758 932
0.1759 942
0.176 960
0.1761 961
0.1762 983
0.1763 990
0.1764 966
0.1765 953
0.1766 936
0.1767 921
0.1768 921
0.1769 922
0.177 917
0.1771 895
0.1772 850
0.1773 841
0.1774 827
0.1775 827
0.1776 813
0.1777 806
0.1778 784
0.1779 781
0.178 774
0.1781 762
0.1782 753
0.1783 717
0.1784 686
0.1785 650
0.1786 633
0.1787 607
0.1788 568
0.1789 538
0.179 507
0.1791 469
0.1792 436
0.1793 390
0.1794 338
0.1795 306
0.1796 264
0.1797 236
0.1798 213
0.1799 186
0.18 137
0.1801 101
0.1802 67
0.1803 43
0.1804 19
0.1805 10
0.1806 8
0.1807 6
0.1808 12
0.1809 6
0.181 13
0.1811 15
0.1812 15
0.1813 13
0.1814 6
0.1815 8
0.1816 7
0.1817 1
0.1818 4
0.1819 4
0.182 2
0.1821 1
0.1822 2
0.1823 2
0.1824 2
0.1825 0
0.1826 0
0.1827 2
0.1828 1
0.1829 1
0.183 0
0.1831 0
0.1832 0
0.1833 0
0.1834 0
0.1835 0
0.1836 0
0.1837 0
0.1838 1
0.1839 0
0.184 0
0.1841 0
0.1842 0
0.1843 0
0.1844 0
0.1845 0
0.1846 0
0.1847 0
0.1848 0
0.1849 0
0.185 3
0.1851 1
0.1852 3
0.1853 1
0.1854 2
0.1855 2
0.1856 2
0.1857 0
0.1858 1
0.1859 1
0.186 0
0.1861 1
0.1862 1
0.1863 0
0.1864 3
0.1865 0
0.1866 1
0.1867 2
0.1868 0
0.1869 0
0.187 0
0.1871 0
0.1872 1
0.1873 1
0.1874 1
0.1875 0
0.1876 0
0.1877 0
0.1878 0
0.1879 0
0.188 1
0.1881 0
0.1882 1
0.1883 0
0.1884 0
0.1885 0
0.1886 2
0.1887 0
0.1888 0
0.1889 0
0.189 0
0.1891 0
0.1892 0
0.1893 1
0.1894 0
0.1895 0
0.1896 0
0.1897 0
0.1898 0
0.1899 1
0.19 0
0.1901 0
0.1902 0
0.1903 0
0.1904 0
0.1905 0
0.1906 0
0.1907 0
0.1908 0
0.1909 0
0.191 0
0.1911 0
0.1912 1
0.1913 0
0.1914 0
0.1915 0
0.1916 1
0.1917 0
0.1918 0
0.1919 0
0.192 0
0.1921 2
0.1922 0
0.1923 0
0.1924 1
0.1925 3
0.1926 2
0.1927 0
0.1928 1
0.1929 0
0.193 0
0.1931 2
0.1932 1
0.1933 1
0.1934 0
0.1935 0
0.1936 0
0.1937 0
0.1938 0
0.1939 0
0.194 0
0.1941 1
0.1942 1
0.1943 1
0.1944 0
0.1945 0
0.1946 1
0.1947 1
0.1948 4
0.1949 2
0.195 2
0.1951 0
0.1952 7
0.1953 3
0.1954 1
0.1955 1
0.1956 1
0.1957 1
0.1958 1
0.1959 0
0.196 0
0.1961 3
0.1962 1
0.1963 1
0.1964 0
0.1965 1
0.1966 0
0.1967 0
0.1968 1
0.1969 0
0.197 0
0.1971 0
0.1972 1
0.1973 0
0.1974 3
0.1975 1
0.1976 0
0.1977 1
0.1978 2
0.1979 1
0.198 3
0.1981 0
0.1982 0
0.1983 0
0.1984 1
0.1985 0
0.1986 1
0.1987 2
0.1988 0
0.1989 0
0.199 0
0.1991 0
0.1992 0
0.1993 0
0.1994 0
0.1995 3
0.1996 2
0.1997 3
0.1998 1
0.1999 3
0.2 1
0.2001 1
0.2002 0
0.2003 1
0.2004 1
0.2005 0
0.2006 1
0.2007 0
0.2008 1
0.2009 0
0.201 1
0.2011 0
0.2012 1
0.2013 3
0.2014 0
0.2015 0
0.2016 0
0.2017 0
0.2018 0
0.2019 0
0.202 0
0.2021 1
0.2022 1
0.2023 0
0.2024 0
0.2025 0
0.2026 0
0.2027 0
0.2028 0
0.2029 1
0.203 0
0.2031 0
0.2032 1
0.2033 1
0.2034 1
0.2035 1
0.2036 0
0.2037 0
0.2038 0
0.2039 1
0.204 0
0.2041 1
0.2042 0
0.2043 2
0.2044 0
0.2045 0
0.2046 0
0.2047 0
0.2048 0
0.2049 0
0.205 1
0.2051 0
0.2052 2
0.2053 2
0.2054 4
0.2055 6
0.2056 2
0.2057 5
0.2058 5
0.2059 2
0.206 4
0.2061 5
0.2062 4
0.2063 5
0.2064 1
0.2065 2
0.2066 0
0.2067 6
0.2068 4
0.2069 4
0.207 0
0.2071 0
0.2072 0
0.2073 0
0.2074 1
0.2075 0
0.2076 2
0.2077 0
0.2078 0
0.2079 0
0.208 0
0.2081 4
0.2082 1
0.2083 5
0.2084 3
0.2085 5
0.2086 4
0.2087 2
0.2088 0
0.2089 1
0.209 2
0.2091 0
0.2092 1
0.2093 1
0.2094 0
0.2095 1
0.2096 2
0.2097 0
0.2098 1
0.2099 1
0.21 0
0.2101 1
0.2102 0
0.2103 0
0.2104 0
0.2105 1
0.2106 2
0.2107 0
0.2108 0
0.2109 1
0.211 1
0.2111 3
0.2112 2
0.2113 1
0.2114 1
0.2115 0
0.2116 1
0.2117 1
0.2118 1
0.2119 0
0.212 0
0.2121 0
0.2122 0
0.2123 0
0.2124 0
0.2125 1
0.2126 1
0.2127 2
0.2128 3
0.2129 2
0.213 3
0.2131 2
0.2132 8
0.2133 10
0.2134 4
0.2135 5
0.2136 3
0.2137 7
0.2138 1
0.2139 6
0.214 1
0.2141 2
0.2142 2
0.2143 3
0.2144 3
0.2145 4
0.2146 1
0.2147 2
0.2148 3
0.2149 2
0.215 3
0.2151 1
0.2152 1
0.2153 4
0.2154 2
0.2155 3
0.2156 1
0.2157 0
0.2158 1
0.2159 0
0.216 0
0.2161 2
0.2162 3
0.2163 0
0.2164 2
0.2165 2
0.2166 2
0.2167 2
0.2168 1
0.2169 2
0.217 1
0.2171 3
0.2172 8
0.2173 10
0.2174 12
0.2175 11
0.2176 13
0.2177 23
0.2178 12
0.2179 15
0.218 9
0.2181 8
0.2182 12
0.2183 17
0.2184 14
0.2185 14
0.2186 10
0.2187 9
0.2188 4
0.2189 10
0.219 3
0.2191 4
0.2192 2
0.2193 6
0.2194 11
0.2195 4
0.2196 4
0.2197 7
0.2198 2
0.2199 2
0.22 1
0.2201 4
0.2202 3
0.2203 1
0.2204 6
0.2205 3
0.2206 4
0.2207 0
0.2208 5
0.2209 4
0.221 0
0.2211 3
0.2212 3
0.2213 2
0.2214 1
0.2215 0
0.2216 1
0.2217 1
0.2218 6
0.2219 1
0.222 3
0.2221 2
0.2222 0
0.2223 1
0.2224 1
0.2225 1
0.2226 0
0.2227 1
0.2228 1
0.2229 1
0.223 1
0.2231 1
0.2232 1
0.2233 1
0.2234 3
0.2235 2
0.2236 0
0.2237 0
0.2238 2
0.2239 1
0.224 10
0.2241 7
0.2242 12
0.2243 4
0.2244 10
0.2245 6
0.2246 3
0.2247 6
0.2248 3
0.2249 2
0.225 0
0.2251 2
0.2252 2
0.2253 2
0.2254 3
0.2255 2
0.2256 2
0.2257 3
0.2258 3
0.2259 5
0.226 15
0.2261 15
0.2262 7
0.2263 11
0.2264 15
0.2265 7
0.2266 13
0.2267 10
0.2268 12
0.2269 4
0.227 2
0.2271 5
0.2272 3
0.2273 3
0.2274 2
0.2275 2
0.2276 2
0.2277 4
0.2278 5
0.2279 16
0.228 15
0.2281 15
0.2282 13
0.2283 7
0.2284 10
0.2285 5
0.2286 6
0.2287 6
0.2288 9
0.2289 5
0.229 12
0.2291 15
0.2292 16
0.2293 23
0.2294 20
0.2295 16
0.2296 18
0.2297 34
0.2298 27
0.2299 41
0.23 47
0.2301 48
0.2302 55
0.2303 65
0.2304 81
0.2305 104
0.2306 126
0.2307 157
0.2308 189
0.2309 215
0.231 246
0.2311 288
0.2312 306
0.2313 327
0.2314 330
0.2315 342
0.2316 375
0.2317 392
0.2318 402
0.2319 432
0.232 440
0.2321 452
0.2322 468
0.2323 483
0.2324 492
0.2325 506
0.2326 520
0.2327 529
0.2328 529
0.2329 533
0.233 531
0.2331 547
0.2332 579
0.2333 603
0.2334 650
0.2335 695
0.2336 726
0.2337 747
0.2338 774
0.2339 799
0.234 831
0.2341 860
0.2342 879
0.2343 883
0.2344 877
0.2345 886
0.2346 894
0.2347 907
0.2348 929
0.2349 928
0.235 919
0.2351 918
0.2352 926
0.2353 935
0.2354 926
0.2355 933
0.2356 926
0.2357 900
0.2358 880
0.2359 885
0.236 897
0.2361 940
0.2362 948
0.2363 962
0.2364 928
0.2365 921
0.2366 920
0.2367 906
0.2368 900
0.2369 889
0.237 872
0.2371 868
0.2372 874
0.2373 902
0.2374 905
0.2375 889
0.2376 886
0.2377 884
0.2378 882
0.2379 858
0.238 850
0.2381 826
0.2382 837
0.2383 824
0.2384 828
0.2385 824
0.2386 815
0.2387 781
0.2388 754
0.2389 735
0.239 730
0.2391 731
0.2392 708
0.2393 711
0.2394 708
0.2395 693
0.2396 673
0.2397 667
0.2398 673
0.2399 672
0.24 667
0.2401 660
0.2402 668
0.2403 665
0.2404 654
0.2405 670
0.2406 691
0.2407 702
0.2408 685
0.2409 678
0.241 665
0.2411 668
0.2412 665
0.2413 660
0.2414 647
0.2415 629
0.2416 625
0.2417 620
0.2418 611
0.2419 584
0.242 540
0.2421 506
0.2422 472
0.2423 441
0.2424 414
0.2425 396
0.2426 371
0.2427 363
0.2428 339
0.2429 351
0.243 342
0.2431 360
0.2432 371
0.2433 370
0.2434 382
0.2435 382
0.2436 389
0.2437 374
0.2438 373
0.2439 352
0.244 346
0.2441 345
0.2442 358
0.2443 364
0.2444 382
0.2445 374
0.2446 366
0.2447 352
0.2448 361
0.2449 365
0.245 347
0.2451 327
0.2452 336
0.2453 301
0.2454 276
0.2455 243
0.2456 214
0.2457 187
0.2458 180
0.2459 143
0.246 100
0.2461 81
0.2462 49
0.2463 45
0.2464 40
0.2465 40
0.2466 27
0.2467 31
0.2468 21
0.2469 22
0.247 23
0.2471 10
0.2472 13
0.2473 16
0.2474 23
0.2475 30
0.2476 34
0.2477 32
0.2478 18
0.2479 16
0.248 17
0.2481 15
0.2482 13
0.2483 22
0.2484 19
0.2485 15
0.2486 22
0.2487 28
0.2488 15
0.2489 13
0.249 14
0.2491 9
0.2492 5
0.2493 3
0.2494 0
0.2495 2
0.2496 2
0.2497 2
0.2498 0
0.2499 2
0.25 2
