0 0
0.0001 0
0.0002 0
0.0003 0
0.0004 0
0.0005 0
0.0006 0
0.0007 0
0.0008 0
0.0009 0
0.001 0
0.0011 1
0.0012 1
0.0013 1
0.0014 1
0.0015 0
0.0016 0
0.0017 0
0.0018 0
0.0019 0
0.002 0
0.0021 1
0.0022 1
0.0023 1
0.0024 1
0.0025 1
0.0026 1
0.0027 1
0.0028 1
0.0029 2
0.003 2
0.0031 2
0.0032 2
0.0033 2
0.0034 2
0.0035 2
0.0036 2
0.0037 2
0.0038 2
0.0039 2
0.004 2
0.0041 3
0.0042 3
0.0043 3
0.0044 3
0.0045 3
0.0046 3
0.0047 3
0.0048 3
0.0049 3
0.005 3
0.0051 3
0.0052 3
0.0053 3
0.0054 3
0.0055 3
0.0056 3
0.0057 3
0.0058 3
0.0059 3
0.006 3
0.0061 4
0.0062 4
0.0063 4
0.0064 4
0.0065 6
0.0066 6
0.0067 6
0.0068 7
0.0069 7
0.007 6
0.0071 7
0.0072 7
0.0073 7
0.0074 8
0.0075 7
0.0076 7
0.0077 7
0.0078 7
0.0079 7
0.008 6
0.0081 6
0.0082 7
0.0083 7
0.0084 6
0.0085 6
0.0086 6
0.0087 5
0.0088 5
0.0089 5
0.009 5
0.0091 4
0.0092 4
0.0093 4
0.0094 4
0.0095 4
0.0096 4
0.0097 4
0.0098 4
0.0099 4
0.01 4
0.0101 5
0.0102 5
0.0103 6
0.0104 7
0.0105 7
0.0106 7
0.0107 9
0.0108 9
0.0109 8
0.011 8
0.0111 8
0.0112 8
0.0113 8
0.0114 8
0.0115 8
0.0116 8
0.0117 8
0.0118 8
0.0119 8
0.012 8
0.0121 8
0.0122 8
0.0123 8
0.0124 9
0.0125 9
0.0126 9
0.0127 9
0.0128 9
0.0129 9
0.013 11
0.0131 11
0.0132 11
0.0133 12
0.0134 12
0.0135 12
0.0136 12
0.0137 13
0.0138 13
0.0139 13
0.014 13
0.0141 12
0.0142 12
0.0143 11
0.0144 11
0.0145 11
0.0146 11
0.0147 11
0.0148 11
0.0149 11
0.015 12
0.0151 12
0.0152 13
0.0153 13
0.0154 13
0.0155 13
0.0156 13
0.0157 13
0.0158 13
0.0159 13
0.016 12
0.0161 12
0.0162 12
0.0163 13
0.0164 14
0.0165 14
0.0166 14
0.0167 14
0.0168 14
0.0169 14
0.017 14
0.0171 13
0.0172 13
0.0173 13
0.0174 12
0.0175 12
0.0176 11
0.0177 11
0.0178 11
0.0179 11
0.018 11
0.0181 11
0.0182 11
0.0183 12
0.0184 12
0.0185 12
0.0186 12
0.0187 11
0.0188 11
0.0189 11
0.019 11
0.0191 11
0.0192 11
0.0193 11
0.0194 11
0.0195 11
0.0196 11
0.0197 11
0.0198 11
0.0199 11
0.02 11
0.0201 10
0.0202 11
0.0203 11
0.0204 11
0.0205 11
0.0206 11
0.0207 12
0.0208 12
0.0209 12
0.021 13
0.0211 14
0.0212 14
0.0213 14
0.0214 14
0.0215 14
0.0216 14
0.0217 14
0.0218 14
0.0219 14
0.022 14
0.0221 14
0.0222 14
0.0223 15
0.0224 15
0.0225 15
0.0226 15
0.0227 15
0.0228 15
0.0229 14
0.023 14
0.0231 14
0.0232 14
0.0233 13
0.0234 13
0.0235 13
0.0236 13
0.0237 13
0.0238 13
0.0239 13
0.024 12
0.0241 12
0.0242 12
0.0243 12
0.0244 12
0.0245 10
0.0246 10
0.0247 10
0.0248 10
0.0249 10
0.025 10
0.0251 10
0.0252 10
0.0253 10
0.0254 11
0.0255 11
0.0256 11
0.0257 11
0.0258 11
0.0259 11
0.026 11
0.0261 12
0.0262 12
0.0263 12
0.0264 12
0.0265 12
0.0266 12
0.0267 12
0.0268 14
0.0269 14
0.027 14
0.0271 14
0.0272 14
0.0273 14
0.0274 14
0.0275 14
0.0276 14
0.0277 14
0.0278 13
0.0279 13
0.028 13
0.0281 12
0.0282 12
0.0283 12
0.0284 12
0.0285 12
0.0286 12
0.0287 12
0.0288 12
0.0289 12
0.029 12
0.0291 11
0.0292 11
0.0293 11
0.0294 11
0.0295 11
0.0296 11
0.0297 11
0.0298 11
0.0299 11
0.03 11
0.0301 12
0.0302 12
0.0303 12
0.0304 12
0.0305 12
0.0306 12
0.0307 12
0.0308 12
0.0309 12
0.031 12
0.0311 12
0.0312 12
0.0313 12
0.0314 12
0.0315 12
0.0316 12
0.0317 12
0.0318 12
0.0319 12
0.032 12
0.0321 12
0.0322 12
0.0323 12
0.0324 12
0.0325 12
0.0326 12
0.0327 12
0.0328 12
0.0329 12
0.033 12
0.0331 12
0.0332 12
0.0333 12
0.0334 11
0.0335 11
0.0336 9
0.0337 9
0.0338 9
0.0339 9
0.034 9
0.0341 9
0.0342 9
0.0343 9
0.0344 9
0.0345 10
0.0346 10
0.0347 10
0.0348 12
0.0349 13
0.035 13
0.0351 13
0.0352 13
0.0353 13
0.0354 13
0.0355 13
0.0356 13
0.0357 12
0.0358 12
0.0359 12
0.036 12
0.0361 12
0.0362 12
0.0363 12
0.0364 13
0.0365 13
0.0366 13
0.0367 13
0.0368 13
0.0369 13
0.037 13
0.0371 12
0.0372 12
0.0373 12
0.0374 12
0.0375 11
0.0376 10
0.0377 10
0.0378 10
0.0379 11
0.038 11
0.0381 11
0.0382 11
0.0383 11
0.0384 11
0.0385 11
0.0386 11
0.0387 10
0.0388 10
0.0389 10
0.039 10
0.0391 10
0.0392 10
0.0393 10
0.0394 10
0.0395 10
0.0396 10
0.0397 10
0.0398 10
0.0399 10
0.04 10
0.0401 10
0.0402 10
0.0403 10
0.0404 10
0.0405 10
0.0406 10
0.0407 10
0.0408 10
0.0409 10
0.041 11
0.0411 10
0.0412 11
0.0413 11
0.0414 10
0.0415 10
0.0416 10
0.0417 10
0.0418 10
0.0419 9
0.042 9
0.0421 9
0.0422 9
0.0423 9
0.0424 9
0.0425 9
0.0426 8
0.0427 8
0.0428 8
0.0429 7
0.043 7
0.0431 7
0.0432 7
0.0433 6
0.0434 6
0.0435 6
0.0436 6
0.0437 7
0.0438 7
0.0439 7
0.044 7
0.0441 7
0.0442 7
0.0443 7
0.0444 6
0.0445 6
0.0446 6
0.0447 6
0.0448 6
0.0449 6
0.045 6
0.0451 6
0.0452 6
0.0453 6
0.0454 6
0.0455 5
0.0456 5
0.0457 5
0.0458 5
0.0459 5
0.046 5
0.0461 5
0.0462 4
0.0463 3
0.0464 4
0.0465 4
0.0466 4
0.0467 4
0.0468 4
0.0469 4
0.047 4
0.0471 4
0.0472 4
0.0473 4
0.0474 4
0.0475 4
0.0476 4
0.0477 4
0.0478 4
0.0479 4
0.048 4
0.0481 4
0.0482 4
0.0483 4
0.0484 4
0.0485 4
0.0486 4
0.0487 4
0.0488 4
0.0489 4
0.049 4
0.0491 4
0.0492 4
0.0493 5
0.0494 5
0.0495 5
0.0496 5
0.0497 5
0.0498 5
0.0499 5
0.05 5
0.0501 5
0.0502 4
0.0503 4
0.0504 4
0.0505 4
0.0506 4
0.0507 4
0.0508 4
0.0509 4
0.051 4
0.0511 4
0.0512 4
0.0513 4
0.0514 4
0.0515 4
0.0516 4
0.0517 4
0.0518 4
0.0519 4
0.052 4
0.0521 4
0.0522 4
0.0523 4
0.0524 4
0.0525 4
0.0526 4
0.0527 4
0.0528 4
0.0529 4
0.053 4
0.0531 5
0.0532 5
0.0533 6
0.0534 6
0.0535 6
0.0536 6
0.0537 5
0.0538 4
0.0539 4
0.054 4
0.0541 4
0.0542 4
0.0543 4
0.0544 4
0.0545 4
0.0546 4
0.0547 4
0.0548 4
0.0549 4
0.055 4
0.0551 4
0.0552 4
0.0553 4
0.0554 4
0.0555 4
0.0556 4
0.0557 4
0.0558 5
0.0559 5
0.056 5
0.0561 5
0.0562 5
0.0563 5
0.0564 5
0.0565 5
0.0566 5
0.0567 5
0.0568 5
0.0569 5
0.057 5
0.0571 5
0.0572 5
0.0573 5
0.0574 5
0.0575 5
0.0576 5
0.0577 5
0.0578 5
0.0579 5
0.058 5
0.0581 5
0.0582 5
0.0583 5
0.0584 5
0.0585 5
0.0586 5
0.0587 5
0.0588 5
0.0589 5
0.059 5
0.0591 5
0.0592 5
0.0593 5
0.0594 5
0.0595 5
0.0596 5
0.0597 5
0.0598 5
0.0599 5
0.06 5
0.0601 5
0.0602 5
0.0603 5
0.0604 5
0.0605 5
0.0606 5
0.0607 5
0.0608 5
0.0609 5
0.061 5
0.0611 5
0.0612 5
0.0613 5
0.0614 5
0.0615 5
0.0616 5
0.0617 5
0.0618 5
0.0619 5
0.062 6
0.0621 6
0.0622 6
0.0623 6
0.0624 6
0.0625 6
0.0626 6
0.0627 6
0.0628 6
0.0629 6
0.063 6
0.0631 6
0.0632 6
0.0633 6
0.0634 5
0.0635 5
0.0636 4
0.0637 4
0.0638 4
0.0639 4
0.064 4
0.0641 4
0.0642 4
0.0643 5
0.0644 5
0.0645 5
0.0646 5
0.0647 5
0.0648 5
0.0649 5
0.065 5
0.0651 5
0.0652 5
0.0653 5
0.0654 5
0.0655 5
0.0656 5
0.0657 5
0.0658 5
0.0659 5
0.066 5
0.0661 5
0.0662 5
0.0663 5
0.0664 5
0.0665 5
0.0666 5
0.0667 5
0.0668 5
0.0669 5
0.067 5
0.0671 5
0.0672 5
0.0673 5
0.0674 5
0.0675 5
0.0676 5
0.0677 5
0.0678 5
0.0679 5
0.068 5
0.0681 5
0.0682 4
0.0683 5
0.0684 5
0.0685 5
0.0686 5
0.0687 5
0.0688 5
0.0689 5
0.069 5
0.0691 5
0.0692 5
0.0693 5
0.0694 5
0.0695 5
0.0696 5
0.0697 4
0.0698 4
0.0699 4
0.07 4
0.0701 5
0.0702 5
0.0703 5
0.0704 5
0.0705 5
0.0706 5
0.0707 5
0.0708 5
0.0709 4
0.071 4
0.0711 4
0.0712 4
0.0713 4
0.0714 4
0.0715 4
0.0716 4
0.0717 4
0.0718 4
0.0719 4
0.072 4
0.0721 5
0.0722 5
0.0723 5
0.0724 5
0.0725 5
0.0726 5
0.0727 5
0.0728 5
0.0729 5
0.073 5
0.0731 5
0.0732 5
0.0733 5
0.0734 5
0.0735 5
0.0736 5
0.0737 5
0.0738 5
0.0739 5
0.074 5
0.0741 5
0.0742 5
0.0743 5
0.0744 5
0.0745 5
0.0746 5
0.0747 5
0.0748 5
0.0749 5
0.075 5
0.0751 5
0.0752 5
0.0753 5
0.0754 5
0.0755 5
0.0756 5
0.0757 5
0.0758 5
0.0759 6
0.076 6
0.0761 6
0.0762 6
0.0763 6
0.0764 6
0.0765 6
0.0766 6
0.0767 6
0.0768 6
0.0769 6
0.077 6
0.0771 6
0.0772 6
0.0773 5
0.0774 5
0.0775 5
0.0776 5
0.0777 5
0.0778 5
0.0779 5
0.078 5
0.0781 5
0.0782 5
0.0783 4
0.0784 4
0.0785 4
0.0786 5
0.0787 5
0.0788 5
0.0789 5
0.079 5
0.0791 5
0.0792 5
0.0793 5
0.0794 5
0.0795 5
0.0796 5
0.0797 5
0.0798 5
0.0799 5
0.08 5
0.0801 5
0.0802 5
0.0803 5
0.0804 5
0.0805 5
0.0806 5
0.0807 5
0.0808 5
0.0809 5
0.081 5
0.0811 5
0.0812 5
0.0813 5
0.0814 5
0.0815 5
0.0816 5
0.0817 5
0.0818 5
0.0819 5
0.082 5
0.0821 5
0.0822 5
0.0823 5
0.0824 5
0.0825 6
0.0826 6
0.0827 6
0.0828 6
0.0829 6
0.083 6
0.0831 6
0.0832 6
0.0833 6
0.0834 6
0.0835 6
0.0836 6
0.0837 6
0.0838 6
0.0839 6
0.084 6
0.0841 6
0.0842 6
0.0843 6
0.0844 6
0.0845 6
0.0846 6
0.0847 6
0.0848 6
0.0849 6
0.085 6
0.0851 6
0.0852 6
0.0853 5
0.0854 5
0.0855 5
0.0856 5
0.0857 6
0.0858 6
0.0859 6
0.086 6
0.0861 6
0.0862 6
0.0863 6
0.0864 6
0.0865 6
0.0866 6
0.0867 6
0.0868 6
0.0869 6
0.087 6
0.0871 6
0.0872 6
0.0873 5
0.0874 5
0.0875 5
0.0876 5
0.0877 5
0.0878 5
0.0879 5
0.088 5
0.0881 4
0.0882 4
0.0883 4
0.0884 4
0.0885 4
0.0886 4
0.0887 4
0.0888 5
0.0889 5
0.089 6
0.0891 6
0.0892 6
0.0893 6
0.0894 6
0.0895 6
0.0896 6
0.0897 6
0.0898 7
0.0899 7
0.09 7
0.0901 8
0.0902 8
0.0903 8
0.0904 8
0.0905 8
0.0906 8
0.0907 8
0.0908 8
0.0909 7
0.091 7
0.0911 7
0.0912 7
0.0913 7
0.0914 7
0.0915 7
0.0916 8
0.0917 8
0.0918 8
0.0919 8
0.092 9
0.0921 9
0.0922 9
0.0923 9
0.0924 9
0.0925 9
0.0926 9
0.0927 9
0.0928 9
0.0929 9
0.093 8
0.0931 8
0.0932 8
0.0933 8
0.0934 8
0.0935 8
0.0936 8
0.0937 8
0.0938 8
0.0939 8
0.094 9
0.0941 9
0.0942 8
0.0943 8
0.0944 8
0.0945 8
0.0946 8
0.0947 8
0.0948 8
0.0949 8
0.095 8
0.0951 9
0.0952 9
0.0953 9
0.0954 9
0.0955 9
0.0956 9
0.0957 9
0.0958 9
0.0959 7
0.096 7
0.0961 7
0.0962 7
0.0963 7
0.0964 6
0.0965 6
0.0966 5
0.0967 5
0.0968 5
0.0969 5
0.097 5
0.0971 5
0.0972 5
0.0973 5
0.0974 6
0.0975 6
0.0976 6
0.0977 6
0.0978 6
0.0979 6
0.098 6
0.0981 6
0.0982 6
0.0983 6
0.0984 6
0.0985 6
0.0986 6
0.0987 6
0.0988 6
0.0989 6
0.099 6
0.0991 6
0.0992 6
0.0993 6
0.0994 6
0.0995 6
0.0996 6
0.0997 6
0.0998 5
0.0999 6
0.1 6
