0 0
0.0001 0
0.0002 0
0.0003 0
0.0004 0
0.0005 0
0.0006 0
0.0007 0
0.0008 0
0.0009 0
0.001 0
0.0011 0
0.0012 0
0.0013 0
0.0014 0
0.0015 0
0.0016 1
0.0017 1
0.0018 2
0.0019 3
0.002 4
0.0021 5
0.0022 6
0.0023 7
0.0024 8
0.0025 9
0.0026 11
0.0027 12
0.0028 14
0.0029 16
0.003 18
0.0031 20
0.0032 21
0.0033 23
0.0034 25
0.0035 28
0.0036 30
0.0037 33
0.0038 34
0.0039 37
0.004 40
0.0041 40
0.0042 43
0.0043 45
0.0044 46
0.0045 49
0.0046 52
0.0047 54
0.0048 57
0.0049 60
0.005 62
0.0051 65
0.0052 68
0.0053 71
0.0054 74
0.0055 77
0.0056 80
0.0057 83
0.0058 87
0.0059 90
0.006 93
0.0061 96
0.0062 101
0.0063 105
0.0064 109
0.0065 114
0.0066 120
0.0067 125
0.0068 129
0.0069 135
0.007 138
0.0071 145
0.0072 149
0.0073 154
0.0074 158
0.0075 164
0.0076 170
0.0077 174
0.0078 180
0.0079 186
0.008 191
0.0081 195
0.0082 201
0.0083 206
0.0084 212
0.0085 219
0.0086 224
0.0087 228
0.0088 238
0.0089 243
0.009 250
0.0091 255
0.0092 263
0.0093 270
0.0094 276
0.0095 284
0.0096 289
0.0097 299
0.0098 308
0.0099 315
0.01 322
0.0101 329
0.0102 335
0.0103 343
0.0104 349
0.0105 357
0.0106 365
0.0107 372
0.0108 379
0.0109 385
0.011 393
0.0111 398
0.0112 407
0.0113 414
0.0114 421
0.0115 428
0.0116 435
0.0117 442
0.0118 448
0.0119 455
0.012 463
0.0121 469
0.0122 473
0.0123 483
0.0124 491
0.0125 498
0.0126 504
0.0127 514
0.0128 522
0.0129 531
0.013 536
0.0131 547
0.0132 553
0.0133 563
0.0134 572
0.0135 578
0.0136 586
0.0137 593
0.0138 601
0.0139 610
0.014 619
0.0141 626
0.0142 633
0.0143 640
0.0144 646
0.0145 657
0.0146 664
0.0147 669
0.0148 681
0.0149 687
0.015 697
0.0151 704
0.0152 712
0.0153 722
0.0154 727
0.0155 738
0.0156 744
0.0157 755
0.0158 761
0.0159 771
0.016 781
0.0161 787
0.0162 796
0.0163 805
0.0164 812
0.0165 821
0.0166 830
0.0167 836
0.0168 850
0.0169 856
0.017 866
0.0171 873
0.0172 879
0.0173 890
0.0174 898
0.0175 906
0.0176 915
0.0177 927
0.0178 935
0.0179 941
0.018 948
0.0181 960
0.0182 969
0.0183 976
0.0184 985
0.0185 993
0.0186 1002
0.0187 1012
0.0188 1017
0.0189 1028
0.019 1036
0.0191 1044
0.0192 1056
0.0193 1061
0.0194 1071
0.0195 1082
0.0196 1087
0.0197 1097
0.0198 1107
0.0199 1119
0.02 1130
0.0201 1136
0.0202 1148
0.0203 1158
0.0204 1166
0.0205 1173
0.0206 1184
0.0207 1197
0.0208 1203
0.0209 1213
0.021 1220
0.0211 1232
0.0212 1238
0.0213 1251
0.0214 1256
0.0215 1268
0.0216 1278
0.0217 1287
0.0218 1297
0.0219 1307
0.022 1315
0.0221 1326
0.0222 1333
0.0223 1345
0.0224 1354
0.0225 1366
0.0226 1371
0.0227 1383
0.0228 1394
0.0229 1401
0.023 1413
0.0231 1422
0.0232 1431
0.0233 1439
0.0234 1450
0.0235 1459
0.0236 1465
0.0237 1476
0.0238 1492
0.0239 1498
0.024 1505
0.0241 1515
0.0242 1519
0.0243 1533
0.0244 1543
0.0245 1548
0.0246 1560
0.0247 1570
0.0248 1578
0.0249 1591
0.025 1596
0.0251 1609
0.0252 1612
0.0253 1625
0.0254 1634
0.0255 1640
0.0256 1655
0.0257 1659
0.0258 1672
0.0259 1675
0.026 1689
0.0261 1690
0.0262 1702
0.0263 1707
0.0264 1714
0.0265 1725
0.0266 1726
0.0267 1742
0.0268 1749
0.0269 1741
0.027 1753
0.0271 1755
0.0272 1745
0.0273 1746
0.0274 1735
0.0275 1705
0.0276 1681
0.0277 1675
0.0278 1664
0.0279 1633
0.028 1603
0.0281 1579
0.0282 1549
0.0283 1514
0.0284 1470
0.0285 1436
0.0286 1400
0.0287 1374
0.0288 1336
0.0289 1311
0.029 1283
0.0291 1252
0.0292 1227
0.0293 1198
0.0294 1182
0.0295 1161
0.0296 1133
0.0297 1109
0.0298 1087
0.0299 1066
0.03 1037
0.0301 1025
0.0302 998
0.0303 975
0.0304 954
0.0305 938
0.0306 924
0.0307 898
0.0308 885
0.0309 870
0.031 855
0.0311 838
0.0312 815
0.0313 800
0.0314 784
0.0315 762
0.0316 760
0.0317 751
0.0318 750
0.0319 744
0.032 736
0.0321 721
0.0322 712
0.0323 699
0.0324 685
0.0325 674
0.0326 665
0.0327 663
0.0328 653
0.0329 639
0.033 629
0.0331 622
0.0332 613
0.0333 608
0.0334 597
0.0335 592
0.0336 589
0.0337 587
0.0338 573
0.0339 556
0.034 546
0.0341 542
0.0342 534
0.0343 524
0.0344 522
0.0345 512
0.0346 505
0.0347 504
0.0348 498
0.0349 493
0.035 485
0.0351 479
0.0352 488
0.0353 492
0.0354 489
0.0355 488
0.0356 489
0.0357 491
0.0358 491
0.0359 483
0.036 480
0.0361 465
0.0362 451
0.0363 444
0.0364 436
0.0365 432
0.0366 429
0.0367 422
0.0368 425
0.0369 416
0.037 406
0.0371 398
0.0372 396
0.0373 385
0.0374 384
0.0375 379
0.0376 375
0.0377 370
0.0378 360
0.0379 357
0.038 353
0.0381 352
0.0382 352
0.0383 352
0.0384 346
0.0385 347
0.0386 349
0.0387 349
0.0388 354
0.0389 357
0.039 358
0.0391 360
0.0392 354
0.0393 357
0.0394 354
0.0395 349
0.0396 344
0.0397 349
0.0398 349
0.0399 350
0.04 348
0.0401 350
0.0402 348
0.0403 359
0.0404 361
0.0405 351
0.0406 345
0.0407 347
0.0408 349
0.0409 345
0.041 342
0.0411 344
0.0412 349
0.0413 363
0.0414 375
0.0415 379
0.0416 381
0.0417 385
0.0418 382
0.0419 375
0.042 362
0.0421 357
0.0422 352
0.0423 352
0.0424 340
0.0425 339
0.0426 340
0.0427 338
0.0428 335
0.0429 335
0.043 332
0.0431 329
0.0432 325
0.0433 329
0.0434 327
0.0435 319
0.0436 318
0.0437 312
0.0438 307
0.0439 310
0.044 309
0.0441 303
0.0442 302
0.0443 300
0.0444 300
0.0445 295
0.0446 296
0.0447 301
0.0448 314
0.0449 314
0.045 309
0.0451 308
0.0452 313
0.0453 314
0.0454 315
0.0455 316
0.0456 309
0.0457 302
0.0458 295
0.0459 297
0.046 293
0.0461 292
0.0462 288
0.0463 290
0.0464 293
0.0465 291
0.0466 286
0.0467 278
0.0468 279
0.0469 280
0.047 279
0.0471 275
0.0472 280
0.0473 279
0.0474 279
0.0475 281
0.0476 280
0.0477 273
0.0478 272
0.0479 267
0.048 267
0.0481 264
0.0482 265
0.0483 262
0.0484 253
0.0485 252
0.0486 258
0.0487 265
0.0488 268
0.0489 271
0.049 271
0.0491 275
0.0492 271
0.0493 266
0.0494 263
0.0495 262
0.0496 258
0.0497 256
0.0498 249
0.0499 249
0.05 245
0.0501 246
0.0502 243
0.0503 244
0.0504 245
0.0505 246
0.0506 243
0.0507 247
0.0508 253
0.0509 254
0.051 260
0.0511 264
0.0512 265
0.0513 264
0.0514 264
0.0515 261
0.0516 267
0.0517 265
0.0518 257
0.0519 260
0.052 263
0.0521 263
0.0522 263
0.0523 261
0.0524 263
0.0525 262
0.0526 266
0.0527 269
0.0528 266
0.0529 268
0.053 265
0.0531 262
0.0532 264
0.0533 268
0.0534 265
0.0535 263
0.0536 263
0.0537 266
0.0538 269
0.0539 268
0.054 268
0.0541 274
0.0542 274
0.0543 268
0.0544 267
0.0545 262
0.0546 262
0.0547 269
0.0548 268
0.0549 261
0.055 263
0.0551 261
0.0552 265
0.0553 265
0.0554 265
0.0555 267
0.0556 269
0.0557 272
0.0558 272
0.0559 266
0.056 265
0.0561 261
0.0562 261
0.0563 261
0.0564 258
0.0565 259
0.0566 260
0.0567 260
0.0568 256
0.0569 251
0.057 240
0.0571 238
0.0572 235
0.0573 237
0.0574 238
0.0575 237
0.0576 232
0.0577 233
0.0578 236
0.0579 236
0.058 233
0.0581 229
0.0582 234
0.0583 231
0.0584 229
0.0585 231
0.0586 232
0.0587 231
0.0588 238
0.0589 232
0.059 238
0.0591 241
0.0592 241
0.0593 246
0.0594 243
0.0595 251
0.0596 257
0.0597 263
0.0598 266
0.0599 267
0.06 272
0.0601 269
0.0602 267
0.0603 258
0.0604 252
0.0605 252
0.0606 250
0.0607 250
0.0608 250
0.0609 242
0.061 252
0.0611 258
0.0612 263
0.0613 267
0.0614 266
0.0615 274
0.0616 282
0.0617 286
0.0618 296
0.0619 303
0.062 313
0.0621 322
0.0622 333
0.0623 334
0.0624 333
0.0625 340
0.0626 336
0.0627 329
0.0628 325
0.0629 318
0.063 312
0.0631 309
0.0632 309
0.0633 299
0.0634 300
0.0635 293
0.0636 295
0.0637 294
0.0638 294
0.0639 292
0.064 294
0.0641 292
0.0642 283
0.0643 281
0.0644 287
0.0645 290
0.0646 291
0.0647 293
0.0648 291
0.0649 297
0.065 292
0.0651 291
0.0652 292
0.0653 295
0.0654 295
0.0655 295
0.0656 287
0.0657 283
0.0658 280
0.0659 278
0.066 273
0.0661 270
0.0662 267
0.0663 274
0.0664 279
0.0665 278
0.0666 283
0.0667 284
0.0668 285
0.0669 288
0.067 280
0.0671 280
0.0672 272
0.0673 265
0.0674 258
0.0675 254
0.0676 249
0.0677 247
0.0678 247
0.0679 243
0.068 246
0.0681 246
0.0682 245
0.0683 247
0.0684 243
0.0685 238
0.0686 243
0.0687 250
0.0688 254
0.0689 259
0.069 266
0.0691 264
0.0692 262
0.0693 259
0.0694 255
0.0695 252
0.0696 249
0.0697 243
0.0698 244
0.0699 241
0.07 236
0.0701 235
0.0702 231
0.0703 230
0.0704 223
0.0705 218
0.0706 218
0.0707 218
0.0708 212
0.0709 211
0.071 207
0.0711 208
0.0712 210
0.0713 210
0.0714 212
0.0715 214
0.0716 213
0.0717 210
0.0718 207
0.0719 200
0.072 198
0.0721 197
0.0722 201
0.0723 207
0.0724 207
0.0725 206
0.0726 205
0.0727 207
0.0728 211
0.0729 214
0.073 218
0.0731 214
0.0732 213
0.0733 208
0.0734 206
0.0735 204
0.0736 206
0.0737 217
0.0738 222
0.0739 213
0.074 221
0.0741 229
0.0742 224
0.0743 225
0.0744 225
0.0745 229
0.0746 229
0.0747 227
0.0748 231
0.0749 227
0.075 223
0.0751 219
0.0752 220
0.0753 218
0.0754 215
0.0755 212
0.0756 208
0.0757 203
0.0758 200
0.0759 198
0.076 200
0.0761 210
0.0762 218
0.0763 229
0.0764 229
0.0765 224
0.0766 230
0.0767 230
0.0768 227
0.0769 227
0.077 229
0.0771 227
0.0772 229
0.0773 230
0.0774 229
0.0775 226
0.0776 221
0.0777 218
0.0778 221
0.0779 217
0.078 213
0.0781 207
0.0782 204
0.0783 202
0.0784 194
0.0785 190
0.0786 190
0.0787 188
0.0788 182
0.0789 179
0.079 176
0.0791 170
0.0792 166
0.0793 165
0.0794 163
0.0795 164
0.0796 164
0.0797 163
0.0798 156
0.0799 155
0.08 152
0.0801 153
0.0802 154
0.0803 162
0.0804 165
0.0805 168
0.0806 166
0.0807 171
0.0808 174
0.0809 170
0.081 170
0.0811 171
0.0812 170
0.0813 173
0.0814 170
0.0815 164
0.0816 164
0.0817 163
0.0818 165
0.0819 164
0.082 157
0.0821 154
0.0822 156
0.0823 156
0.0824 158
0.0825 157
0.0826 166
0.0827 166
0.0828 171
0.0829 169
0.083 177
0.0831 189
0.0832 189
0.0833 193
0.0834 197
0.0835 203
0.0836 215
0.0837 221
0.0838 225
0.0839 228
0.084 231
0.0841 242
0.0842 237
0.0843 236
0.0844 243
0.0845 245
0.0846 250
0.0847 249
0.0848 247
0.0849 250
0.085 252
0.0851 260
0.0852 274
0.0853 299
0.0854 316
0.0855 328
0.0856 336
0.0857 333
0.0858 334
0.0859 334
0.086 340
0.0861 346
0.0862 353
0.0863 363
0.0864 369
0.0865 368
0.0866 369
0.0867 373
0.0868 377
0.0869 376
0.087 374
0.0871 374
0.0872 376
0.0873 376
0.0874 376
0.0875 380
0.0876 386
0.0877 386
0.0878 383
0.0879 390
0.088 390
0.0881 385
0.0882 394
0.0883 394
0.0884 392
0.0885 395
0.0886 398
0.0887 399
0.0888 401
0.0889 401
0.089 406
0.0891 409
0.0892 403
0.0893 411
0.0894 414
0.0895 418
0.0896 419
0.0897 420
0.0898 422
0.0899 423
0.09 426
0.0901 431
0.0902 434
0.0903 436
0.0904 441
0.0905 443
0.0906 447
0.0907 449
0.0908 454
0.0909 456
0.091 461
0.0911 465
0.0912 468
0.0913 471
0.0914 476
0.0915 480
0.0916 484
0.0917 486
0.0918 493
0.0919 495
0.092 499
0.0921 504
0.0922 510
0.0923 515
0.0924 519
0.0925 521
0.0926 529
0.0927 533
0.0928 538
0.0929 542
0.093 547
0.0931 552
0.0932 558
0.0933 562
0.0934 568
0.0935 571
0.0936 576
0.0937 584
0.0938 588
0.0939 594
0.094 597
0.0941 601
0.0942 608
0.0943 612
0.0944 617
0.0945 622
0.0946 626
0.0947 632
0.0948 639
0.0949 642
0.095 647
0.0951 652
0.0952 657
0.0953 665
0.0954 670
0.0955 675
0.0956 678
0.0957 681
0.0958 691
0.0959 692
0.096 701
0.0961 705
0.0962 712
0.0963 716
0.0964 723
0.0965 728
0.0966 734
0.0967 740
0.0968 746
0.0969 753
0.097 759
0.0971 763
0.0972 772
0.0973 777
0.0974 783
0.0975 788
0.0976 794
0.0977 801
0.0978 805
0.0979 812
0.098 819
0.0981 825
0.0982 830
0.0983 839
0.0984 847
0.0985 850
0.0986 853
0.0987 860
0.0988 864
0.0989 872
0.099 876
0.0991 884
0.0992 888
0.0993 895
0.0994 898
0.0995 906
0.0996 911
0.0997 919
0.0998 924
0.0999 927
0.1 931
0.1001 942
0.1002 946
0.1003 952
0.1004 959
0.1005 962
0.1006 966
0.1007 975
0.1008 984
0.1009 988
0.101 993
0.1011 999
0.1012 1002
0.1013 1007
0.1014 1016
0.1015 1022
0.1016 1026
0.1017 1036
0.1018 1043
0.1019 1049
0.102 1056
0.1021 1065
0.1022 1067
0.1023 1077
0.1024 1085
0.1025 1088
0.1026 1095
0.1027 1101
0.1028 1104
0.1029 1113
0.103 1117
0.1031 1127
0.1032 1132
0.1033 1141
0.1034 1146
0.1035 1147
0.1036 1160
0.1037 1164
0.1038 1171
0.1039 1176
0.104 1181
0.1041 1190
0.1042 1193
0.1043 1202
0.1044 1207
0.1045 1212
0.1046 1224
0.1047 1226
0.1048 1236
0.1049 1244
0.105 1251
0.1051 1254
0.1052 1260
0.1053 1268
0.1054 1271
0.1055 1278
0.1056 1287
0.1057 1294
0.1058 1302
0.1059 1304
0.106 1310
0.1061 1314
0.1062 1326
0.1063 1328
0.1064 1334
0.1065 1343
0.1066 1351
0.1067 1352
0.1068 1364
0.1069 1369
0.107 1376
0.1071 1380
0.1072 1386
0.1073 1386
0.1074 1400
0.1075 1408
0.1076 1411
0.1077 1416
0.1078 1424
0.1079 1432
0.108 1437
0.1081 1444
0.1082 1452
0.1083 1454
0.1084 1464
0.1085 1462
0.1086 1473
0.1087 1478
0.1088 1481
0.1089 1488
0.109 1492
0.1091 1498
0.1092 1506
0.1093 1511
0.1094 1513
0.1095 1522
0.1096 1525
0.1097 1530
0.1098 1536
0.1099 1537
0.11 1545
0.1101 1548
0.1102 1560
0.1103 1552
0.1104 1564
0.1105 1560
0.1106 1570
0.1107 1574
0.1108 1572
0.1109 1572
0.111 1577
0.1111 1581
0.1112 1570
0.1113 1576
0.1114 1585
0.1115 1587
0.1116 1584
0.1117 1584
0.1118 1569
0.1119 1541
0.112 1512
0.1121 1491
0.1122 1455
0.1123 1433
0.1124 1392
0.1125 1373
0.1126 1341
0.1127 1317
0.1128 1288
0.1129 1271
0.113 1238
0.1131 1214
0.1132 1192
0.1133 1162
0.1134 1146
0.1135 1138
0.1136 1113
0.1137 1089
0.1138 1065
0.1139 1053
0.114 1035
0.1141 1021
0.1142 999
0.1143 973
0.1144 948
0.1145 927
0.1146 921
0.1147 894
0.1148 877
0.1149 862
0.115 847
0.1151 836
0.1152 822
0.1153 808
0.1154 798
0.1155 778
0.1156 762
0.1157 754
0.1158 739
0.1159 722
0.116 709
0.1161 706
0.1162 689
0.1163 690
0.1164 681
0.1165 674
0.1166 652
0.1167 645
0.1168 649
0.1169 640
0.117 637
0.1171 629
0.1172 616
0.1173 614
0.1174 606
0.1175 598
0.1176 588
0.1177 583
0.1178 579
0.1179 576
0.118 569
0.1181 560
0.1182 556
0.1183 551
0.1184 538
0.1185 523
0.1186 520
0.1187 512
0.1188 509
0.1189 501
0.119 491
0.1191 487
0.1192 479
0.1193 463
0.1194 452
0.1195 443
0.1196 437
0.1197 429
0.1198 418
0.1199 408
0.12 402
0.1201 393
0.1202 385
0.1203 386
0.1204 376
0.1205 369
0.1206 364
0.1207 359
0.1208 355
0.1209 350
0.121 342
0.1211 331
0.1212 326
0.1213 318
0.1214 309
0.1215 310
0.1216 305
0.1217 302
0.1218 301
0.1219 296
0.122 292
0.1221 287
0.1222 288
0.1223 287
0.1224 294
0.1225 289
0.1226 286
0.1227 291
0.1228 313
0.1229 317
0.123 316
0.1231 324
0.1232 329
0.1233 325
0.1234 324
0.1235 321
0.1236 311
0.1237 306
0.1238 297
0.1239 302
0.124 299
0.1241 302
0.1242 310
0.1243 310
0.1244 309
0.1245 303
0.1246 297
0.1247 294
0.1248 300
0.1249 295
0.125 302
0.1251 302
0.1252 301
0.1253 295
0.1254 290
0.1255 282
0.1256 279
0.1257 282
0.1258 289
0.1259 295
0.126 297
0.1261 302
0.1262 305
0.1263 317
0.1264 319
0.1265 332
0.1266 329
0.1267 324
0.1268 318
0.1269 320
0.127 319
0.1271 329
0.1272 328
0.1273 329
0.1274 327
0.1275 324
0.1276 323
0.1277 321
0.1278 321
0.1279 314
0.128 310
0.1281 315
0.1282 317
0.1283 310
0.1284 302
0.1285 297
0.1286 295
0.1287 291
0.1288 289
0.1289 288
0.129 282
0.1291 281
0.1292 277
0.1293 273
0.1294 273
0.1295 275
0.1296 270
0.1297 273
0.1298 269
0.1299 260
0.13 260
0.1301 264
0.1302 267
0.1303 270
0.1304 264
0.1305 260
0.1306 261
0.1307 264
0.1308 264
0.1309 263
0.131 258
0.1311 261
0.1312 257
0.1313 257
0.1314 262
0.1315 265
0.1316 261
0.1317 263
0.1318 261
0.1319 265
0.132 267
0.1321 272
0.1322 272
0.1323 269
0.1324 269
0.1325 259
0.1326 255
0.1327 252
0.1328 249
0.1329 246
0.133 249
0.1331 249
0.1332 251
0.1333 247
0.1334 251
0.1335 248
0.1336 247
0.1337 245
0.1338 241
0.1339 243
0.134 239
0.1341 229
0.1342 227
0.1343 228
0.1344 237
0.1345 240
0.1346 245
0.1347 246
0.1348 246
0.1349 241
0.135 242
0.1351 239
0.1352 229
0.1353 230
0.1354 233
0.1355 236
0.1356 230
0.1357 225
0.1358 222
0.1359 226
0.136 232
0.1361 235
0.1362 237
0.1363 240
0.1364 237
0.1365 233
0.1366 233
0.1367 233
0.1368 230
0.1369 228
0.137 223
0.1371 228
0.1372 226
0.1373 226
0.1374 230
0.1375 233
0.1376 228
0.1377 225
0.1378 225
0.1379 222
0.138 227
0.1381 229
0.1382 225
0.1383 222
0.1384 212
0.1385 208
0.1386 201
0.1387 200
0.1388 202
0.1389 204
0.139 202
0.1391 195
0.1392 199
0.1393 190
0.1394 183
0.1395 182
0.1396 183
0.1397 178
0.1398 173
0.1399 172
0.14 172
0.1401 178
0.1402 191
0.1403 193
0.1404 196
0.1405 196
0.1406 195
0.1407 193
0.1408 196
0.1409 195
0.141 198
0.1411 208
0.1412 210
0.1413 211
0.1414 221
0.1415 224
0.1416 231
0.1417 236
0.1418 236
0.1419 238
0.142 236
0.1421 236
0.1422 242
0.1423 243
0.1424 248
0.1425 256
0.1426 263
0.1427 265
0.1428 268
0.1429 270
0.143 276
0.1431 286
0.1432 291
0.1433 295
0.1434 301
0.1435 310
0.1436 310
0.1437 314
0.1438 317
0.1439 323
0.144 323
0.1441 321
0.1442 331
0.1443 322
0.1444 320
0.1445 319
0.1446 312
0.1447 310
0.1448 304
0.1449 301
0.145 300
0.1451 293
0.1452 289
0.1453 291
0.1454 291
0.1455 289
0.1456 284
0.1457 293
0.1458 289
0.1459 284
0.146 287
0.1461 281
0.1462 277
0.1463 278
0.1464 269
0.1465 274
0.1466 277
0.1467 291
0.1468 301
0.1469 302
0.147 308
0.1471 310
0.1472 307
0.1473 298
0.1474 296
0.1475 292
0.1476 289
0.1477 291
0.1478 283
0.1479 284
0.148 277
0.1481 276
0.1482 276
0.1483 277
0.1484 275
0.1485 270
0.1486 258
0.1487 245
0.1488 240
0.1489 233
0.149 227
0.1491 226
0.1492 224
0.1493 221
0.1494 219
0.1495 221
0.1496 237
0.1497 244
0.1498 247
0.1499 257
0.15 271
0.1501 273
0.1502 277
0.1503 278
0.1504 277
0.1505 277
0.1506 282
0.1507 284
0.1508 287
0.1509 285
0.151 285
0.1511 273
0.1512 273
0.1513 271
0.1514 264
0.1515 268
0.1516 261
0.1517 261
0.1518 272
0.1519 276
0.152 283
0.1521 287
0.1522 284
0.1523 289
0.1524 286
0.1525 288
0.1526 288
0.1527 287
0.1528 294
0.1529 296
0.153 291
0.1531 295
0.1532 295
0.1533 290
0.1534 289
0.1535 288
0.1536 282
0.1537 276
0.1538 268
0.1539 265
0.154 266
0.1541 270
0.1542 273
0.1543 276
0.1544 280
0.1545 281
0.1546 279
0.1547 282
0.1548 279
0.1549 281
0.155 284
0.1551 283
0.1552 282
0.1553 278
0.1554 276
0.1555 276
0.1556 271
0.1557 270
0.1558 264
0.1559 260
0.156 257
0.1561 252
0.1562 248
0.1563 247
0.1564 243
0.1565 239
0.1566 235
0.1567 230
0.1568 221
0.1569 213
0.157 211
0.1571 211
0.1572 218
0.1573 215
0.1574 216
0.1575 214
0.1576 214
0.1577 216
0.1578 214
0.1579 213
0.158 212
0.1581 207
0.1582 204
0.1583 202
0.1584 202
0.1585 197
0.1586 193
0.1587 199
0.1588 212
0.1589 225
0.159 245
0.1591 251
0.1592 256
0.1593 258
0.1594 267
0.1595 269
0.1596 272
0.1597 270
0.1598 277
0.1599 279
0.16 279
0.1601 286
0.1602 291
0.1603 287
0.1604 281
0.1605 286
0.1606 285
0.1607 284
0.1608 296
0.1609 294
0.161 299
0.1611 304
0.1612 306
0.1613 310
0.1614 309
0.1615 319
0.1616 324
0.1617 324
0.1618 323
0.1619 322
0.162 317
0.1621 321
0.1622 313
0.1623 315
0.1624 317
0.1625 315
0.1626 314
0.1627 312
0.1628 310
0.1629 302
0.163 303
0.1631 304
0.1632 300
0.1633 300
0.1634 294
0.1635 294
0.1636 287
0.1637 286
0.1638 286
0.1639 288
0.164 295
0.1641 301
0.1642 306
0.1643 305
0.1644 298
0.1645 297
0.1646 291
0.1647 285
0.1648 284
0.1649 281
0.165 283
0.1651 279
0.1652 279
0.1653 281
0.1654 286
0.1655 285
0.1656 285
0.1657 284
0.1658 289
0.1659 292
0.166 292
0.1661 293
0.1662 292
0.1663 289
0.1664 290
0.1665 284
0.1666 287
0.1667 289
0.1668 293
0.1669 290
0.167 293
0.1671 293
0.1672 295
0.1673 294
0.1674 293
0.1675 292
0.1676 294
0.1677 293
0.1678 292
0.1679 290
0.168 291
0.1681 289
0.1682 292
0.1683 293
0.1684 286
0.1685 280
0.1686 279
0.1687 287
0.1688 285
0.1689 285
0.169 282
0.1691 280
0.1692 276
0.1693 267
0.1694 265
0.1695 265
0.1696 262
0.1697 259
0.1698 255
0.1699 259
0.17 254
0.1701 252
0.1702 251
0.1703 249
0.1704 252
0.1705 258
0.1706 259
0.1707 261
0.1708 266
0.1709 270
0.171 275
0.1711 271
0.1712 266
0.1713 266
0.1714 262
0.1715 262
0.1716 263
0.1717 265
0.1718 265
0.1719 266
0.172 271
0.1721 278
0.1722 273
0.1723 280
0.1724 281
0.1725 269
0.1726 280
0.1727 278
0.1728 284
0.1729 281
0.173 284
0.1731 283
0.1732 282
0.1733 279
0.1734 279
0.1735 280
0.1736 282
0.1737 280
0.1738 270
0.1739 271
0.174 268
0.1741 266
0.1742 261
0.1743 258
0.1744 254
0.1745 253
0.1746 261
0.1747 259
0.1748 250
0.1749 242
0.175 237
0.1751 233
0.1752 229
0.1753 225
0.1754 222
0.1755 218
0.1756 212
0.1757 210
0.1758 207
0.1759 209
0.176 209
0.1761 218
0.1762 217
0.1763 217
0.1764 217
0.1765 224
0.1766 229
0.1767 242
0.1768 256
0.1769 265
0.177 264
0.1771 267
0.1772 269
0.1773 270
0.1774 272
0.1775 278
0.1776 287
0.1777 283
0.1778 289
0.1779 289
0.178 292
0.1781 291
0.1782 301
0.1783 298
0.1784 299
0.1785 296
0.1786 293
0.1787 296
0.1788 296
0.1789 300
0.179 293
0.1791 290
0.1792 285
0.1793 285
0.1794 286
0.1795 287
0.1796 293
0.1797 299
0.1798 299
0.1799 299
0.18 300
0.1801 304
0.1802 311
0.1803 323
0.1804 324
0.1805 332
0.1806 331
0.1807 335
0.1808 338
0.1809 338
0.181 339
0.1811 338
0.1812 337
0.1813 343
0.1814 343
0.1815 346
0.1816 346
0.1817 347
0.1818 345
0.1819 348
0.182 347
0.1821 348
0.1822 350
0.1823 348
0.1824 352
0.1825 351
0.1826 353
0.1827 353
0.1828 356
0.1829 359
0.183 359
0.1831 363
0.1832 365
0.1833 367
0.1834 366
0.1835 369
0.1836 372
0.1837 373
0.1838 377
0.1839 378
0.184 382
0.1841 381
0.1842 384
0.1843 388
0.1844 391
0.1845 391
0.1846 395
0.1847 396
0.1848 399
0.1849 400
0.185 405
0.1851 408
0.1852 413
0.1853 415
0.1854 417
0.1855 421
0.1856 425
0.1857 428
0.1858 432
0.1859 435
0.186 438
0.1861 442
0.1862 445
0.1863 452
0.1864 456
0.1865 461
0.1866 468
0.1867 472
0.1868 477
0.1869 481
0.187 488
0.1871 492
0.1872 499
0.1873 504
0.1874 509
0.1875 514
0.1876 523
0.1877 530
0.1878 534
0.1879 541
0.188 549
0.1881 554
0.1882 562
0.1883 569
0.1884 574
0.1885 581
0.1886 587
0.1887 594
0.1888 598
0.1889 608
0.189 611
0.1891 622
0.1892 624
0.1893 635
0.1894 641
0.1895 648
0.1896 654
0.1897 661
0.1898 669
0.1899 672
0.19 684
0.1901 690
0.1902 695
0.1903 704
0.1904 713
0.1905 715
0.1906 724
0.1907 733
0.1908 741
0.1909 748
0.191 756
0.1911 764
0.1912 769
0.1913 774
0.1914 783
0.1915 791
0.1916 798
0.1917 807
0.1918 813
0.1919 817
0.192 826
0.1921 832
0.1922 840
0.1923 844
0.1924 852
0.1925 860
0.1926 864
0.1927 874
0.1928 877
0.1929 883
0.193 892
0.1931 898
0.1932 903
0.1933 909
0.1934 917
0.1935 924
0.1936 931
0.1937 936
0.1938 944
0.1939 951
0.194 957
0.1941 962
0.1942 967
0.1943 977
0.1944 984
0.1945 992
0.1946 1000
0.1947 1005
0.1948 1014
0.1949 1017
0.195 1027
0.1951 1032
0.1952 1038
0.1953 1045
0.1954 1054
0.1955 1059
0.1956 1067
0.1957 1074
0.1958 1082
0.1959 1086
0.196 1096
0.1961 1102
0.1962 1109
0.1963 1121
0.1964 1128
0.1965 1136
0.1966 1141
0.1967 1149
0.1968 1152
0.1969 1161
0.197 1169
0.1971 1177
0.1972 1186
0.1973 1194
0.1974 1195
0.1975 1204
0.1976 1212
0.1977 1217
0.1978 1224
0.1979 1230
0.198 1243
0.1981 1247
0.1982 1255
0.1983 1262
0.1984 1270
0.1985 1274
0.1986 1286
0.1987 1291
0.1988 1299
0.1989 1306
0.199 1315
0.1991 1316
0.1992 1323
0.1993 1330
0.1994 1340
0.1995 1349
0.1996 1354
0.1997 1363
0.1998 1367
0.1999 1374
0.2 1383
0.2001 1393
0.2002 1392
0.2003 1402
0.2004 1408
0.2005 1414
0.2006 1424
0.2007 1429
0.2008 1432
0.2009 1438
0.201 1453
0.2011 1463
0.2012 1465
0.2013 1471
0.2014 1472
0.2015 1486
0.2016 1494
0.2017 1489
0.2018 1500
0.2019 1503
0.202 1511
0.2021 1507
0.2022 1527
0.2023 1519
0.2024 1524
0.2025 1522
0.2026 1513
0.2027 1499
0.2028 1482
0.2029 1453
0.203 1433
0.2031 1397
0.2032 1364
0.2033 1334
0.2034 1307
0.2035 1275
0.2036 1248
0.2037 1206
0.2038 1181
0.2039 1156
0.204 1130
0.2041 1100
0.2042 1077
0.2043 1059
0.2044 1035
0.2045 1013
0.2046 988
0.2047 953
0.2048 926
0.2049 897
0.205 880
0.2051 858
0.2052 841
0.2053 831
0.2054 817
0.2055 802
0.2056 788
0.2057 776
0.2058 752
0.2059 736
0.206 724
0.2061 714
0.2062 704
0.2063 691
0.2064 686
0.2065 676
0.2066 657
0.2067 648
0.2068 634
0.2069 613
0.207 614
0.2071 610
0.2072 603
0.2073 595
0.2074 584
0.2075 568
0.2076 557
0.2077 549
0.2078 544
0.2079 538
0.208 531
0.2081 524
0.2082 516
0.2083 511
0.2084 514
0.2085 511
0.2086 518
0.2087 516
0.2088 510
0.2089 510
0.209 504
0.2091 506
0.2092 504
0.2093 497
0.2094 492
0.2095 488
0.2096 475
0.2097 466
0.2098 457
0.2099 451
0.21 450
0.2101 441
0.2102 439
0.2103 437
0.2104 428
0.2105 419
0.2106 418
0.2107 411
0.2108 406
0.2109 400
0.211 400
0.2111 395
0.2112 391
0.2113 385
0.2114 382
0.2115 378
0.2116 377
0.2117 372
0.2118 367
0.2119 359
0.212 350
0.2121 347
0.2122 339
0.2123 340
0.2124 336
0.2125 326
0.2126 326
0.2127 316
0.2128 316
0.2129 304
0.213 304
0.2131 303
0.2132 299
0.2133 306
0.2134 312
0.2135 304
0.2136 304
0.2137 296
0.2138 295
0.2139 296
0.214 296
0.2141 297
0.2142 291
0.2143 283
0.2144 274
0.2145 272
0.2146 266
0.2147 266
0.2148 265
0.2149 258
0.215 251
0.2151 245
0.2152 240
0.2153 233
0.2154 233
0.2155 229
0.2156 232
0.2157 231
0.2158 229
0.2159 229
0.216 227
0.2161 223
0.2162 221
0.2163 218
0.2164 217
0.2165 213
0.2166 213
0.2167 210
0.2168 217
0.2169 219
0.217 221
0.2171 224
0.2172 224
0.2173 227
0.2174 228
0.2175 225
0.2176 224
0.2177 222
0.2178 214
0.2179 217
0.218 226
0.2181 220
0.2182 219
0.2183 222
0.2184 216
0.2185 219
0.2186 217
0.2187 218
0.2188 215
0.2189 214
0.219 213
0.2191 217
0.2192 220
0.2193 216
0.2194 211
0.2195 204
0.2196 199
0.2197 197
0.2198 193
0.2199 194
0.22 193
0.2201 195
0.2202 192
0.2203 196
0.2204 201
0.2205 200
0.2206 210
0.2207 213
0.2208 211
0.2209 213
0.221 219
0.2211 228
0.2212 233
0.2213 243
0.2214 242
0.2215 238
0.2216 232
0.2217 234
0.2218 245
0.2219 248
0.222 246
0.2221 246
0.2222 246
0.2223 243
0.2224 244
0.2225 240
0.2226 240
0.2227 238
0.2228 234
0.2229 233
0.223 230
0.2231 224
0.2232 221
0.2233 231
0.2234 240
0.2235 248
0.2236 248
0.2237 256
0.2238 269
0.2239 278
0.224 285
0.2241 278
0.2242 275
0.2243 280
0.2244 281
0.2245 280
0.2246 287
0.2247 297
0.2248 307
0.2249 310
0.225 310
0.2251 317
0.2252 320
0.2253 328
0.2254 328
0.2255 335
0.2256 336
0.2257 337
0.2258 342
0.2259 345
0.226 347
0.2261 354
0.2262 349
0.2263 352
0.2264 354
0.2265 342
0.2266 348
0.2267 346
0.2268 344
0.2269 341
0.227 337
0.2271 339
0.2272 339
0.2273 332
0.2274 324
0.2275 322
0.2276 311
0.2277 311
0.2278 314
0.2279 318
0.228 315
0.2281 311
0.2282 309
0.2283 303
0.2284 292
0.2285 284
0.2286 277
0.2287 270
0.2288 261
0.2289 259
0.229 254
0.2291 251
0.2292 250
0.2293 253
0.2294 255
0.2295 258
0.2296 259
0.2297 271
0.2298 278
0.2299 279
0.23 292
0.2301 296
0.2302 306
0.2303 305
0.2304 312
0.2305 314
0.2306 319
0.2307 323
0.2308 320
0.2309 315
0.231 319
0.2311 322
0.2312 335
0.2313 329
0.2314 334
0.2315 326
0.2316 320
0.2317 321
0.2318 321
0.2319 316
0.232 317
0.2321 324
0.2322 322
0.2323 316
0.2324 314
0.2325 313
0.2326 309
0.2327 313
0.2328 319
0.2329 316
0.233 319
0.2331 316
0.2332 314
0.2333 314
0.2334 307
0.2335 303
0.2336 297
0.2337 290
0.2338 287
0.2339 290
0.234 293
0.2341 304
0.2342 306
0.2343 311
0.2344 303
0.2345 307
0.2346 305
0.2347 299
0.2348 300
0.2349 298
0.235 297
0.2351 292
0.2352 292
0.2353 287
0.2354 283
0.2355 278
0.2356 283
0.2357 289
0.2358 288
0.2359 289
0.236 291
0.2361 282
0.2362 283
0.2363 279
0.2364 278
0.2365 278
0.2366 268
0.2367 274
0.2368 279
0.2369 275
0.237 268
0.2371 262
0.2372 258
0.2373 255
0.2374 254
0.2375 258
0.2376 254
0.2377 250
0.2378 245
0.2379 249
0.238 250
0.2381 254
0.2382 257
0.2383 254
0.2384 251
0.2385 251
0.2386 254
0.2387 258
0.2388 262
0.2389 265
0.239 267
0.2391 273
0.2392 275
0.2393 277
0.2394 274
0.2395 281
0.2396 280
0.2397 280
0.2398 284
0.2399 284
0.24 283
0.2401 280
0.2402 275
0.2403 275
0.2404 275
0.2405 272
0.2406 266
0.2407 259
0.2408 263
0.2409 262
0.241 259
0.2411 254
0.2412 253
0.2413 246
0.2414 244
0.2415 242
0.2416 238
0.2417 238
0.2418 236
0.2419 242
0.242 242
0.2421 251
0.2422 260
0.2423 264
0.2424 269
0.2425 267
0.2426 259
0.2427 249
0.2428 248
0.2429 251
0.243 250
0.2431 249
0.2432 246
0.2433 243
0.2434 249
0.2435 248
0.2436 244
0.2437 242
0.2438 246
0.2439 245
0.244 250
0.2441 256
0.2442 262
0.2443 258
0.2444 260
0.2445 260
0.2446 257
0.2447 253
0.2448 256
0.2449 255
0.245 256
0.2451 252
0.2452 259
0.2453 257
0.2454 258
0.2455 268
0.2456 277
0.2457 284
0.2458 290
0.2459 289
0.246 291
0.2461 288
0.2462 294
0.2463 287
0.2464 279
0.2465 280
0.2466 273
0.2467 273
0.2468 276
0.2469 268
0.247 273
0.2471 271
0.2472 272
0.2473 272
0.2474 270
0.2475 273
0.2476 267
0.2477 272
0.2478 270
0.2479 271
0.248 268
0.2481 265
0.2482 263
0.2483 260
0.2484 260
0.2485 258
0.2486 250
0.2487 250
0.2488 250
0.2489 249
0.249 247
0.2491 245
0.2492 246
0.2493 246
0.2494 246
0.2495 241
0.2496 246
0.2497 242
0.2498 237
0.2499 233
0.25 228
