0 0
0.0001 0
0.0002 0
0.0003 0
0.0004 0
0.0005 0
0.0006 0
0.0007 0
0.0008 0
0.0009 0
0.001 0
0.0011 0
0.0012 0
0.0013 0
0.0014 0
0.0015 0
0.0016 0
0.0017 0
0.0018 0
0.0019 0
0.002 1
0.0021 1
0.0022 1
0.0023 1
0.0024 1
0.0025 1
0.0026 2
0.0027 2
0.0028 3
0.0029 4
0.003 5
0.0031 5
0.0032 6
0.0033 6
0.0034 7
0.0035 8
0.0036 9
0.0037 10
0.0038 10
0.0039 11
0.004 13
0.0041 13
0.0042 15
0.0043 16
0.0044 17
0.0045 18
0.0046 20
0.0047 21
0.0048 24
0.0049 25
0.005 28
0.0051 29
0.0052 31
0.0053 34
0.0054 36
0.0055 38
0.0056 40
0.0057 43
0.0058 46
0.0059 50
0.006 52
0.0061 56
0.0062 60
0.0063 63
0.0064 68
0.0065 72
0.0066 76
0.0067 81
0.0068 85
0.0069 89
0.007 94
0.0071 97
0.0072 102
0.0073 106
0.0074 111
0.0075 115
0.0076 119
0.0077 123
0.0078 128
0.0079 132
0.008 137
0.0081 141
0.0082 146
0.0083 151
0.0084 156
0.0085 161
0.0086 166
0.0087 172
0.0088 177
0.0089 182
0.009 188
0.0091 194
0.0092 200
0.0093 206
0.0094 212
0.0095 216
0.0096 223
0.0097 228
0.0098 234
0.0099 240
0.01 244
0.0101 251
0.0102 256
0.0103 262
0.0104 268
0.0105 274
0.0106 280
0.0107 286
0.0108 292
0.0109 298
0.011 303
0.0111 310
0.0112 313
0.0113 320
0.0114 328
0.0115 331
0.0116 340
0.0117 343
0.0118 352
0.0119 359
0.012 363
0.0121 367
0.0122 375
0.0123 381
0.0124 385
0.0125 393
0.0126 399
0.0127 405
0.0128 414
0.0129 419
0.013 424
0.0131 430
0.0132 437
0.0133 443
0.0134 449
0.0135 456
0.0136 461
0.0137 468
0.0138 475
0.0139 480
0.014 486
0.0141 493
0.0142 500
0.0143 505
0.0144 511
0.0145 517
0.0146 523
0.0147 528
0.0148 535
0.0149 538
0.015 544
0.0151 551
0.0152 558
0.0153 564
0.0154 571
0.0155 576
0.0156 581
0.0157 586
0.0158 596
0.0159 602
0.016 608
0.0161 614
0.0162 620
0.0163 626
0.0164 632
0.0165 637
0.0166 646
0.0167 654
0.0168 657
0.0169 666
0.017 672
0.0171 675
0.0172 683
0.0173 689
0.0174 695
0.0175 702
0.0176 708
0.0177 716
0.0178 722
0.0179 729
0.018 732
0.0181 744
0.0182 748
0.0183 755
0.0184 762
0.0185 771
0.0186 778
0.0187 785
0.0188 792
0.0189 798
0.019 809
0.0191 817
0.0192 825
0.0193 832
0.0194 838
0.0195 847
0.0196 857
0.0197 866
0.0198 869
0.0199 881
0.02 890
0.0201 898
0.0202 906
0.0203 916
0.0204 924
0.0205 933
0.0206 940
0.0207 950
0.0208 957
0.0209 967
0.021 975
0.0211 985
0.0212 991
0.0213 1001
0.0214 1010
0.0215 1019
0.0216 1027
0.0217 1034
0.0218 1045
0.0219 1054
0.022 1062
0.0221 1072
0.0222 1082
0.0223 1091
0.0224 1100
0.0225 1109
0.0226 1115
0.0227 1123
0.0228 1133
0.0229 1143
0.023 1151
0.0231 1160
0.0232 1170
0.0233 1179
0.0234 1186
0.0235 1193
0.0236 1203
0.0237 1212
0.0238 1223
0.0239 1230
0.024 1235
0.0241 1246
0.0242 1255
0.0243 1262
0.0244 1275
0.0245 1282
0.0246 1288
0.0247 1299
0.0248 1306
0.0249 1311
0.025 1321
0.0251 1330
0.0252 1338
0.0253 1344
0.0254 1358
0.0255 1365
0.0256 1374
0.0257 1384
0.0258 1392
0.0259 1399
0.026 1408
0.0261 1415
0.0262 1425
0.0263 1427
0.0264 1441
0.0265 1452
0.0266 1463
0.0267 1467
0.0268 1478
0.0269 1484
0.027 1489
0.0271 1493
0.0272 1511
0.0273 1516
0.0274 1530
0.0275 1531
0.0276 1541
0.0277 1549
0.0278 1559
0.0279 1570
0.028 1581
0.0281 1583
0.0282 1593
0.0283 1609
0.0284 1606
0.0285 1611
0.0286 1613
0.0287 1630
0.0288 1621
0.0289 1626
0.029 1623
0.0291 1635
0.0292 1620
0.0293 1601
0.0294 1578
0.0295 1555
0.0296 1527
0.0297 1490
0.0298 1469
0.0299 1434
0.03 1396
0.0301 1368
0.0302 1330
0.0303 1300
0.0304 1271
0.0305 1241
0.0306 1210
0.0307 1184
0.0308 1154
0.0309 1130
0.031 1112
0.0311 1090
0.0312 1065
0.0313 1041
0.0314 1006
0.0315 979
0.0316 968
0.0317 951
0.0318 928
0.0319 891
0.032 873
0.0321 848
0.0322 829
0.0323 806
0.0324 792
0.0325 781
0.0326 761
0.0327 742
0.0328 728
0.0329 716
0.033 705
0.0331 682
0.0332 671
0.0333 658
0.0334 656
0.0335 645
0.0336 635
0.0337 627
0.0338 616
0.0339 615
0.034 608
0.0341 594
0.0342 582
0.0343 571
0.0344 553
0.0345 537
0.0346 521
0.0347 511
0.0348 507
0.0349 502
0.035 502
0.0351 497
0.0352 492
0.0353 491
0.0354 486
0.0355 472
0.0356 463
0.0357 451
0.0358 439
0.0359 432
0.036 425
0.0361 423
0.0362 410
0.0363 412
0.0364 412
0.0365 398
0.0366 392
0.0367 391
0.0368 380
0.0369 371
0.037 364
0.0371 354
0.0372 343
0.0373 340
0.0374 336
0.0375 330
0.0376 321
0.0377 312
0.0378 311
0.0379 300
0.038 299
0.0381 301
0.0382 305
0.0383 301
0.0384 299
0.0385 307
0.0386 315
0.0387 318
0.0388 318
0.0389 318
0.039 310
0.0391 306
0.0392 299
0.0393 296
0.0394 295
0.0395 293
0.0396 296
0.0397 289
0.0398 294
0.0399 292
0.04 292
0.0401 288
0.0402 280
0.0403 285
0.0404 289
0.0405 288
0.0406 286
0.0407 280
0.0408 283
0.0409 280
0.041 280
0.0411 280
0.0412 278
0.0413 272
0.0414 272
0.0415 270
0.0416 267
0.0417 275
0.0418 277
0.0419 280
0.042 279
0.0421 276
0.0422 265
0.0423 258
0.0424 255
0.0425 249
0.0426 245
0.0427 241
0.0428 235
0.0429 228
0.043 226
0.0431 226
0.0432 232
0.0433 229
0.0434 224
0.0435 221
0.0436 220
0.0437 222
0.0438 220
0.0439 216
0.044 215
0.0441 212
0.0442 218
0.0443 222
0.0444 222
0.0445 215
0.0446 211
0.0447 211
0.0448 209
0.0449 204
0.045 203
0.0451 204
0.0452 199
0.0453 200
0.0454 193
0.0455 188
0.0456 187
0.0457 181
0.0458 182
0.0459 184
0.046 186
0.0461 186
0.0462 186
0.0463 189
0.0464 189
0.0465 194
0.0466 194
0.0467 191
0.0468 190
0.0469 187
0.047 187
0.0471 191
0.0472 192
0.0473 192
0.0474 198
0.0475 201
0.0476 203
0.0477 208
0.0478 215
0.0479 217
0.048 217
0.0481 216
0.0482 218
0.0483 223
0.0484 230
0.0485 232
0.0486 229
0.0487 233
0.0488 242
0.0489 242
0.049 252
0.0491 262
0.0492 266
0.0493 264
0.0494 260
0.0495 265
0.0496 264
0.0497 271
0.0498 273
0.0499 272
0.05 281
0.0501 287
0.0502 285
0.0503 280
0.0504 279
0.0505 276
0.0506 275
0.0507 274
0.0508 269
0.0509 267
0.051 273
0.0511 272
0.0512 267
0.0513 267
0.0514 265
0.0515 260
0.0516 263
0.0517 258
0.0518 256
0.0519 253
0.052 254
0.0521 252
0.0522 253
0.0523 257
0.0524 255
0.0525 260
0.0526 262
0.0527 264
0.0528 263
0.0529 273
0.053 278
0.0531 278
0.0532 282
0.0533 271
0.0534 272
0.0535 267
0.0536 265
0.0537 263
0.0538 257
0.0539 251
0.054 250
0.0541 252
0.0542 254
0.0543 258
0.0544 256
0.0545 256
0.0546 254
0.0547 254
0.0548 250
0.0549 243
0.055 241
0.0551 238
0.0552 230
0.0553 224
0.0554 223
0.0555 221
0.0556 226
0.0557 226
0.0558 233
0.0559 236
0.056 238
0.0561 243
0.0562 246
0.0563 243
0.0564 246
0.0565 244
0.0566 243
0.0567 241
0.0568 243
0.0569 244
0.057 250
0.0571 248
0.0572 250
0.0573 256
0.0574 252
0.0575 247
0.0576 252
0.0577 249
0.0578 254
0.0579 259
0.058 278
0.0581 292
0.0582 304
0.0583 307
0.0584 309
0.0585 305
0.0586 305
0.0587 308
0.0588 306
0.0589 313
0.059 324
0.0591 323
0.0592 317
0.0593 317
0.0594 315
0.0595 309
0.0596 302
0.0597 294
0.0598 294
0.0599 289
0.06 286
0.0601 281
0.0602 271
0.0603 264
0.0604 258
0.0605 254
0.0606 253
0.0607 245
0.0608 249
0.0609 252
0.061 262
0.0611 260
0.0612 273
0.0613 268
0.0614 277
0.0615 279
0.0616 276
0.0617 270
0.0618 264
0.0619 256
0.062 249
0.0621 241
0.0622 236
0.0623 236
0.0624 232
0.0625 226
0.0626 230
0.0627 230
0.0628 230
0.0629 238
0.063 251
0.0631 247
0.0632 248
0.0633 246
0.0634 251
0.0635 249
0.0636 253
0.0637 247
0.0638 250
0.0639 253
0.064 262
0.0641 267
0.0642 275
0.0643 275
0.0644 279
0.0645 281
0.0646 282
0.0647 288
0.0648 288
0.0649 277
0.065 273
0.0651 273
0.0652 269
0.0653 260
0.0654 250
0.0655 248
0.0656 248
0.0657 241
0.0658 233
0.0659 227
0.066 227
0.0661 225
0.0662 229
0.0663 235
0.0664 235
0.0665 241
0.0666 241
0.0667 236
0.0668 237
0.0669 237
0.067 239
0.0671 241
0.0672 238
0.0673 240
0.0674 241
0.0675 245
0.0676 245
0.0677 255
0.0678 258
0.0679 253
0.068 245
0.0681 248
0.0682 242
0.0683 240
0.0684 239
0.0685 236
0.0686 236
0.0687 236
0.0688 230
0.0689 227
0.069 227
0.0691 228
0.0692 227
0.0693 221
0.0694 213
0.0695 206
0.0696 200
0.0697 202
0.0698 208
0.0699 209
0.07 211
0.0701 208
0.0702 211
0.0703 207
0.0704 204
0.0705 202
0.0706 201
0.0707 198
0.0708 194
0.0709 188
0.071 190
0.0711 189
0.0712 187
0.0713 185
0.0714 184
0.0715 180
0.0716 175
0.0717 174
0.0718 179
0.0719 182
0.072 194
0.0721 196
0.0722 195
0.0723 200
0.0724 196
0.0725 198
0.0726 194
0.0727 193
0.0728 199
0.0729 207
0.073 210
0.0731 222
0.0732 229
0.0733 244
0.0734 254
0.0735 250
0.0736 252
0.0737 255
0.0738 248
0.0739 246
0.074 252
0.0741 255
0.0742 250
0.0743 254
0.0744 261
0.0745 263
0.0746 270
0.0747 271
0.0748 272
0.0749 271
0.075 276
0.0751 271
0.0752 269
0.0753 268
0.0754 262
0.0755 262
0.0756 262
0.0757 263
0.0758 259
0.0759 260
0.076 258
0.0761 261
0.0762 256
0.0763 253
0.0764 254
0.0765 249
0.0766 252
0.0767 252
0.0768 251
0.0769 248
0.077 242
0.0771 238
0.0772 230
0.0773 225
0.0774 222
0.0775 222
0.0776 220
0.0777 213
0.0778 212
0.0779 207
0.078 219
0.0781 228
0.0782 235
0.0783 239
0.0784 240
0.0785 239
0.0786 245
0.0787 243
0.0788 241
0.0789 246
0.079 244
0.0791 241
0.0792 241
0.0793 237
0.0794 232
0.0795 229
0.0796 234
0.0797 242
0.0798 257
0.0799 261
0.08 257
0.0801 254
0.0802 255
0.0803 248
0.0804 248
0.0805 250
0.0806 246
0.0807 247
0.0808 245
0.0809 244
0.081 241
0.0811 240
0.0812 240
0.0813 237
0.0814 231
0.0815 234
0.0816 237
0.0817 241
0.0818 244
0.0819 249
0.082 243
0.0821 249
0.0822 248
0.0823 248
0.0824 244
0.0825 243
0.0826 240
0.0827 230
0.0828 230
0.0829 234
0.083 233
0.0831 237
0.0832 240
0.0833 244
0.0834 243
0.0835 243
0.0836 237
0.0837 235
0.0838 236
0.0839 238
0.084 237
0.0841 235
0.0842 234
0.0843 237
0.0844 248
0.0845 249
0.0846 246
0.0847 246
0.0848 243
0.0849 233
0.085 237
0.0851 235
0.0852 234
0.0853 230
0.0854 226
0.0855 229
0.0856 227
0.0857 236
0.0858 237
0.0859 244
0.086 249
0.0861 255
0.0862 254
0.0863 254
0.0864 250
0.0865 247
0.0866 251
0.0867 249
0.0868 248
0.0869 254
0.087 268
0.0871 272
0.0872 273
0.0873 273
0.0874 278
0.0875 290
0.0876 301
0.0877 315
0.0878 322
0.0879 331
0.088 330
0.0881 330
0.0882 323
0.0883 322
0.0884 323
0.0885 327
0.0886 332
0.0887 333
0.0888 326
0.0889 331
0.089 331
0.0891 326
0.0892 322
0.0893 317
0.0894 312
0.0895 308
0.0896 299
0.0897 296
0.0898 286
0.0899 284
0.09 283
0.0901 277
0.0902 275
0.0903 269
0.0904 267
0.0905 259
0.0906 248
0.0907 242
0.0908 235
0.0909 232
0.091 231
0.0911 223
0.0912 222
0.0913 220
0.0914 222
0.0915 218
0.0916 222
0.0917 219
0.0918 220
0.0919 221
0.092 228
0.0921 227
0.0922 222
0.0923 227
0.0924 235
0.0925 236
0.0926 232
0.0927 231
0.0928 232
0.0929 229
0.093 227
0.0931 227
0.0932 225
0.0933 223
0.0934 213
0.0935 208
0.0936 200
0.0937 196
0.0938 194
0.0939 186
0.094 184
0.0941 184
0.0942 189
0.0943 190
0.0944 199
0.0945 207
0.0946 210
0.0947 213
0.0948 212
0.0949 212
0.095 215
0.0951 216
0.0952 220
0.0953 219
0.0954 226
0.0955 229
0.0956 234
0.0957 236
0.0958 237
0.0959 244
0.096 258
0.0961 275
0.0962 279
0.0963 287
0.0964 287
0.0965 283
0.0966 290
0.0967 287
0.0968 291
0.0969 297
0.097 298
0.0971 304
0.0972 295
0.0973 298
0.0974 298
0.0975 300
0.0976 310
0.0977 310
0.0978 314
0.0979 316
0.098 315
0.0981 316
0.0982 316
0.0983 316
0.0984 314
0.0985 319
0.0986 323
0.0987 322
0.0988 322
0.0989 321
0.099 321
0.0991 328
0.0992 330
0.0993 332
0.0994 335
0.0995 338
0.0996 342
0.0997 342
0.0998 345
0.0999 347
0.1 351
0.1001 353
0.1002 358
0.1003 359
0.1004 362
0.1005 361
0.1006 364
0.1007 370
0.1008 370
0.1009 374
0.101 377
0.1011 380
0.1012 383
0.1013 384
0.1014 388
0.1015 389
0.1016 393
0.1017 396
0.1018 399
0.1019 401
0.102 403
0.1021 409
0.1022 410
0.1023 413
0.1024 417
0.1025 421
0.1026 424
0.1027 426
0.1028 428
0.1029 433
0.103 436
0.1031 441
0.1032 444
0.1033 450
0.1034 451
0.1035 456
0.1036 460
0.1037 465
0.1038 469
0.1039 473
0.104 479
0.1041 480
0.1042 488
0.1043 492
0.1044 499
0.1045 505
0.1046 508
0.1047 511
0.1048 520
0.1049 527
0.105 532
0.1051 539
0.1052 545
0.1053 549
0.1054 556
0.1055 560
0.1056 566
0.1057 574
0.1058 581
0.1059 586
0.106 592
0.1061 599
0.1062 605
0.1063 612
0.1064 618
0.1065 624
0.1066 629
0.1067 636
0.1068 642
0.1069 653
0.107 661
0.1071 667
0.1072 675
0.1073 681
0.1074 687
0.1075 694
0.1076 702
0.1077 710
0.1078 714
0.1079 725
0.108 732
0.1081 739
0.1082 747
0.1083 755
0.1084 761
0.1085 769
0.1086 776
0.1087 787
0.1088 797
0.1089 805
0.109 816
0.1091 824
0.1092 832
0.1093 838
0.1094 849
0.1095 857
0.1096 868
0.1097 876
0.1098 884
0.1099 893
0.11 902
0.1101 911
0.1102 918
0.1103 930
0.1104 939
0.1105 948
0.1106 956
0.1107 964
0.1108 969
0.1109 984
0.111 985
0.1111 998
0.1112 1007
0.1113 1015
0.1114 1028
0.1115 1035
0.1116 1045
0.1117 1052
0.1118 1063
0.1119 1070
0.112 1077
0.1121 1090
0.1122 1100
0.1123 1106
0.1124 1118
0.1125 1125
0.1126 1134
0.1127 1145
0.1128 1155
0.1129 1161
0.113 1172
0.1131 1178
0.1132 1187
0.1133 1196
0.1134 1211
0.1135 1220
0.1136 1229
0.1137 1237
0.1138 1245
0.1139 1255
0.114 1261
0.1141 1276
0.1142 1285
0.1143 1292
0.1144 1302
0.1145 1313
0.1146 1325
0.1147 1333
0.1148 1343
0.1149 1353
0.115 1364
0.1151 1376
0.1152 1387
0.1153 1392
0.1154 1407
0.1155 1415
0.1156 1424
0.1157 1438
0.1158 1449
0.1159 1457
0.116 1466
0.1161 1475
0.1162 1485
0.1163 1497
0.1164 1510
0.1165 1513
0.1166 1521
0.1167 1541
0.1168 1546
0.1169 1566
0.117 1566
0.1171 1582
0.1172 1595
0.1173 1606
0.1174 1619
0.1175 1626
0.1176 1633
0.1177 1650
0.1178 1657
0.1179 1675
0.118 1682
0.1181 1691
0.1182 1688
0.1183 1704
0.1184 1720
0.1185 1724
0.1186 1736
0.1187 1742
0.1188 1749
0.1189 1762
0.119 1763
0.1191 1765
0.1192 1752
0.1193 1750
0.1194 1747
0.1195 1733
0.1196 1732
0.1197 1712
0.1198 1699
0.1199 1664
0.12 1642
0.1201 1617
0.1202 1589
0.1203 1562
0.1204 1535
0.1205 1496
0.1206 1476
0.1207 1447
0.1208 1405
0.1209 1368
0.121 1334
0.1211 1322
0.1212 1295
0.1213 1272
0.1214 1245
0.1215 1223
0.1216 1198
0.1217 1173
0.1218 1137
0.1219 1116
0.122 1097
0.1221 1071
0.1222 1042
0.1223 1024
0.1224 1010
0.1225 987
0.1226 980
0.1227 971
0.1228 957
0.1229 934
0.123 908
0.1231 888
0.1232 860
0.1233 854
0.1234 837
0.1235 818
0.1236 806
0.1237 792
0.1238 769
0.1239 747
0.124 729
0.1241 709
0.1242 695
0.1243 688
0.1244 671
0.1245 658
0.1246 649
0.1247 646
0.1248 633
0.1249 628
0.125 612
0.1251 601
0.1252 585
0.1253 571
0.1254 558
0.1255 540
0.1256 524
0.1257 508
0.1258 497
0.1259 485
0.126 470
0.1261 465
0.1262 458
0.1263 458
0.1264 456
0.1265 459
0.1266 459
0.1267 457
0.1268 463
0.1269 458
0.127 452
0.1271 446
0.1272 443
0.1273 436
0.1274 429
0.1275 421
0.1276 418
0.1277 408
0.1278 404
0.1279 390
0.128 377
0.1281 368
0.1282 365
0.1283 367
0.1284 357
0.1285 351
0.1286 343
0.1287 332
0.1288 324
0.1289 315
0.129 308
0.1291 303
0.1292 302
0.1293 296
0.1294 293
0.1295 297
0.1296 303
0.1297 300
0.1298 293
0.1299 285
0.13 284
0.1301 274
0.1302 276
0.1303 274
0.1304 272
0.1305 273
0.1306 275
0.1307 274
0.1308 277
0.1309 278
0.131 273
0.1311 265
0.1312 264
0.1313 255
0.1314 251
0.1315 249
0.1316 250
0.1317 251
0.1318 247
0.1319 245
0.132 246
0.1321 245
0.1322 242
0.1323 249
0.1324 253
0.1325 254
0.1326 249
0.1327 257
0.1328 251
0.1329 247
0.133 236
0.1331 232
0.1332 227
0.1333 222
0.1334 226
0.1335 222
0.1336 227
0.1337 226
0.1338 232
0.1339 240
0.134 243
0.1341 241
0.1342 239
0.1343 239
0.1344 239
0.1345 243
0.1346 234
0.1347 230
0.1348 224
0.1349 230
0.135 233
0.1351 231
0.1352 233
0.1353 240
0.1354 240
0.1355 238
0.1356 233
0.1357 224
0.1358 222
0.1359 217
0.136 218
0.1361 221
0.1362 221
0.1363 220
0.1364 216
0.1365 216
0.1366 219
0.1367 221
0.1368 218
0.1369 214
0.137 216
0.1371 220
0.1372 214
0.1373 217
0.1374 211
0.1375 212
0.1376 212
0.1377 210
0.1378 213
0.1379 214
0.138 225
0.1381 228
0.1382 233
0.1383 230
0.1384 229
0.1385 230
0.1386 230
0.1387 229
0.1388 224
0.1389 231
0.139 234
0.1391 231
0.1392 233
0.1393 229
0.1394 239
0.1395 236
0.1396 236
0.1397 240
0.1398 246
0.1399 249
0.14 251
0.1401 251
0.1402 251
0.1403 242
0.1404 247
0.1405 248
0.1406 240
0.1407 244
0.1408 246
0.1409 252
0.141 256
0.1411 257
0.1412 255
0.1413 257
0.1414 253
0.1415 252
0.1416 254
0.1417 256
0.1418 253
0.1419 251
0.142 249
0.1421 251
0.1422 246
0.1423 249
0.1424 249
0.1425 260
0.1426 268
0.1427 274
0.1428 272
0.1429 272
0.143 267
0.1431 274
0.1432 272
0.1433 274
0.1434 285
0.1435 282
0.1436 282
0.1437 279
0.1438 267
0.1439 254
0.144 254
0.1441 248
0.1442 247
0.1443 246
0.1444 240
0.1445 237
0.1446 241
0.1447 241
0.1448 242
0.1449 241
0.145 242
0.1451 240
0.1452 243
0.1453 236
0.1454 239
0.1455 245
0.1456 244
0.1457 243
0.1458 245
0.1459 248
0.146 255
0.1461 256
0.1462 254
0.1463 249
0.1464 248
0.1465 247
0.1466 242
0.1467 238
0.1468 233
0.1469 223
0.147 223
0.1471 218
0.1472 217
0.1473 219
0.1474 220
0.1475 220
0.1476 225
0.1477 216
0.1478 214
0.1479 211
0.148 212
0.1481 213
0.1482 211
0.1483 207
0.1484 206
0.1485 218
0.1486 224
0.1487 231
0.1488 224
0.1489 226
0.149 230
0.1491 238
0.1492 241
0.1493 246
0.1494 241
0.1495 236
0.1496 239
0.1497 242
0.1498 249
0.1499 250
0.15 256
0.1501 259
0.1502 255
0.1503 254
0.1504 258
0.1505 260
0.1506 263
0.1507 264
0.1508 267
0.1509 253
0.151 243
0.1511 236
0.1512 230
0.1513 232
0.1514 230
0.1515 236
0.1516 243
0.1517 244
0.1518 245
0.1519 246
0.152 251
0.1521 253
0.1522 253
0.1523 254
0.1524 254
0.1525 255
0.1526 259
0.1527 258
0.1528 251
0.1529 252
0.153 253
0.1531 262
0.1532 264
0.1533 265
0.1534 270
0.1535 275
0.1536 276
0.1537 279
0.1538 285
0.1539 287
0.154 294
0.1541 299
0.1542 300
0.1543 299
0.1544 296
0.1545 294
0.1546 294
0.1547 293
0.1548 297
0.1549 294
0.155 299
0.1551 297
0.1552 294
0.1553 288
0.1554 282
0.1555 276
0.1556 272
0.1557 267
0.1558 263
0.1559 259
0.156 255
0.1561 253
0.1562 245
0.1563 246
0.1564 247
0.1565 247
0.1566 245
0.1567 247
0.1568 247
0.1569 243
0.157 243
0.1571 241
0.1572 240
0.1573 237
0.1574 237
0.1575 241
0.1576 238
0.1577 235
0.1578 230
0.1579 236
0.158 243
0.1581 258
0.1582 263
0.1583 264
0.1584 268
0.1585 275
0.1586 279
0.1587 281
0.1588 273
0.1589 275
0.159 284
0.1591 287
0.1592 291
0.1593 294
0.1594 301
0.1595 308
0.1596 305
0.1597 299
0.1598 300
0.1599 297
0.16 289
0.1601 285
0.1602 279
0.1603 276
0.1604 268
0.1605 270
0.1606 279
0.1607 280
0.1608 282
0.1609 276
0.161 276
0.1611 283
0.1612 285
0.1613 283
0.1614 278
0.1615 288
0.1616 284
0.1617 287
0.1618 286
0.1619 285
0.162 287
0.1621 295
0.1622 300
0.1623 310
0.1624 313
0.1625 315
0.1626 316
0.1627 318
0.1628 329
0.1629 337
0.163 337
0.1631 336
0.1632 334
0.1633 334
0.1634 328
0.1635 331
0.1636 333
0.1637 334
0.1638 332
0.1639 332
0.164 333
0.1641 329
0.1642 330
0.1643 331
0.1644 328
0.1645 322
0.1646 327
0.1647 332
0.1648 336
0.1649 348
0.165 347
0.1651 352
0.1652 353
0.1653 359
0.1654 357
0.1655 348
0.1656 348
0.1657 346
0.1658 348
0.1659 355
0.166 362
0.1661 359
0.1662 355
0.1663 356
0.1664 345
0.1665 341
0.1666 337
0.1667 337
0.1668 329
0.1669 327
0.167 320
0.1671 314
0.1672 309
0.1673 307
0.1674 304
0.1675 305
0.1676 303
0.1677 305
0.1678 312
0.1679 318
0.168 327
0.1681 334
0.1682 337
0.1683 344
0.1684 351
0.1685 343
0.1686 340
0.1687 343
0.1688 341
0.1689 344
0.169 346
0.1691 335
0.1692 329
0.1693 325
0.1694 322
0.1695 317
0.1696 314
0.1697 317
0.1698 316
0.1699 307
0.17 305
0.1701 302
0.1702 301
0.1703 299
0.1704 298
0.1705 298
0.1706 302
0.1707 294
0.1708 298
0.1709 297
0.171 293
0.1711 292
0.1712 295
0.1713 296
0.1714 292
0.1715 288
0.1716 290
0.1717 290
0.1718 284
0.1719 279
0.172 273
0.1721 267
0.1722 262
0.1723 265
0.1724 261
0.1725 268
0.1726 263
0.1727 261
0.1728 258
0.1729 262
0.173 269
0.1731 270
0.1732 268
0.1733 261
0.1734 262
0.1735 269
0.1736 267
0.1737 262
0.1738 256
0.1739 252
0.174 249
0.1741 242
0.1742 234
0.1743 231
0.1744 233
0.1745 229
0.1746 228
0.1747 223
0.1748 218
0.1749 213
0.175 208
0.1751 199
0.1752 190
0.1753 189
0.1754 183
0.1755 183
0.1756 183
0.1757 186
0.1758 185
0.1759 185
0.176 196
0.1761 198
0.1762 203
0.1763 214
0.1764 217
0.1765 220
0.1766 214
0.1767 215
0.1768 217
0.1769 213
0.177 214
0.1771 214
0.1772 213
0.1773 220
0.1774 226
0.1775 230
0.1776 231
0.1777 235
0.1778 232
0.1779 237
0.178 239
0.1781 239
0.1782 237
0.1783 228
0.1784 222
0.1785 219
0.1786 215
0.1787 217
0.1788 217
0.1789 215
0.179 214
0.1791 220
0.1792 215
0.1793 212
0.1794 210
0.1795 206
0.1796 201
0.1797 199
0.1798 197
0.1799 194
0.18 193
0.1801 187
0.1802 193
0.1803 199
0.1804 212
0.1805 212
0.1806 221
0.1807 232
0.1808 237
0.1809 235
0.181 230
0.1811 224
0.1812 219
0.1813 219
0.1814 219
0.1815 220
0.1816 216
0.1817 212
0.1818 212
0.1819 215
0.182 221
0.1821 220
0.1822 229
0.1823 232
0.1824 233
0.1825 236
0.1826 247
0.1827 243
0.1828 238
0.1829 235
0.183 231
0.1831 229
0.1832 228
0.1833 222
0.1834 227
0.1835 231
0.1836 225
0.1837 227
0.1838 229
0.1839 227
0.184 230
0.1841 222
0.1842 216
0.1843 221
0.1844 223
0.1845 228
0.1846 227
0.1847 224
0.1848 228
0.1849 228
0.185 238
0.1851 240
0.1852 245
0.1853 247
0.1854 247
0.1855 236
0.1856 232
0.1857 233
0.1858 233
0.1859 227
0.186 223
0.1861 223
0.1862 222
0.1863 228
0.1864 230
0.1865 224
0.1866 223
0.1867 233
0.1868 233
0.1869 231
0.187 239
0.1871 248
0.1872 258
0.1873 260
0.1874 258
0.1875 262
0.1876 263
0.1877 267
0.1878 270
0.1879 266
0.188 262
0.1881 264
0.1882 260
0.1883 256
0.1884 246
0.1885 241
0.1886 242
0.1887 244
0.1888 248
0.1889 246
0.189 244
0.1891 242
0.1892 237
0.1893 231
0.1894 225
0.1895 221
0.1896 216
0.1897 213
0.1898 211
0.1899 205
0.19 204
0.1901 206
0.1902 207
0.1903 215
0.1904 226
0.1905 233
0.1906 232
0.1907 236
0.1908 232
0.1909 226
0.191 227
0.1911 225
0.1912 223
0.1913 217
0.1914 214
0.1915 214
0.1916 213
0.1917 210
0.1918 211
0.1919 211
0.192 212
0.1921 208
0.1922 208
0.1923 200
0.1924 199
0.1925 198
0.1926 196
0.1927 193
0.1928 187
0.1929 185
0.193 190
0.1931 190
0.1932 192
0.1933 191
0.1934 186
0.1935 183
0.1936 180
0.1937 187
0.1938 192
0.1939 194
0.194 196
0.1941 198
0.1942 198
0.1943 208
0.1944 209
0.1945 218
0.1946 225
0.1947 225
0.1948 229
0.1949 232
0.195 233
0.1951 232
0.1952 231
0.1953 225
0.1954 225
0.1955 225
0.1956 226
0.1957 228
0.1958 227
0.1959 226
0.196 224
0.1961 223
0.1962 223
0.1963 231
0.1964 228
0.1965 222
0.1966 223
0.1967 225
0.1968 225
0.1969 217
0.197 211
0.1971 208
0.1972 205
0.1973 206
0.1974 205
0.1975 200
0.1976 199
0.1977 191
0.1978 189
0.1979 192
0.198 184
0.1981 183
0.1982 181
0.1983 181
0.1984 183
0.1985 183
0.1986 181
0.1987 181
0.1988 184
0.1989 182
0.199 176
0.1991 178
0.1992 175
0.1993 178
0.1994 179
0.1995 177
0.1996 174
0.1997 173
0.1998 175
0.1999 175
0.2 179
0.2001 183
0.2002 188
0.2003 190
0.2004 193
0.2005 196
0.2006 196
0.2007 196
0.2008 199
0.2009 201
0.201 220
0.2011 231
0.2012 246
0.2013 257
0.2014 265
0.2015 267
0.2016 273
0.2017 271
0.2018 268
0.2019 268
0.202 270
0.2021 271
0.2022 272
0.2023 277
0.2024 278
0.2025 276
0.2026 276
0.2027 278
0.2028 278
0.2029 277
0.203 280
0.2031 280
0.2032 280
0.2033 283
0.2034 280
0.2035 284
0.2036 285
0.2037 287
0.2038 288
0.2039 289
0.204 292
0.2041 294
0.2042 296
0.2043 299
0.2044 301
0.2045 303
0.2046 304
0.2047 306
0.2048 309
0.2049 312
0.205 316
0.2051 318
0.2052 320
0.2053 324
0.2054 327
0.2055 329
0.2056 333
0.2057 336
0.2058 338
0.2059 344
0.206 347
0.2061 350
0.2062 353
0.2063 355
0.2064 361
0.2065 365
0.2066 368
0.2067 372
0.2068 376
0.2069 382
0.207 384
0.2071 390
0.2072 393
0.2073 399
0.2074 402
0.2075 407
0.2076 410
0.2077 416
0.2078 420
0.2079 425
0.208 430
0.2081 434
0.2082 441
0.2083 447
0.2084 450
0.2085 455
0.2086 460
0.2087 468
0.2088 473
0.2089 480
0.209 486
0.2091 492
0.2092 497
0.2093 503
0.2094 509
0.2095 516
0.2096 519
0.2097 529
0.2098 535
0.2099 542
0.21 549
0.2101 553
0.2102 564
0.2103 571
0.2104 578
0.2105 580
0.2106 592
0.2107 599
0.2108 605
0.2109 612
0.211 620
0.2111 629
0.2112 635
0.2113 643
0.2114 652
0.2115 658
0.2116 667
0.2117 673
0.2118 684
0.2119 690
0.212 699
0.2121 706
0.2122 716
0.2123 724
0.2124 734
0.2125 742
0.2126 752
0.2127 762
0.2128 771
0.2129 781
0.213 789
0.2131 798
0.2132 806
0.2133 815
0.2134 821
0.2135 832
0.2136 839
0.2137 849
0.2138 858
0.2139 866
0.214 873
0.2141 884
0.2142 895
0.2143 903
0.2144 911
0.2145 921
0.2146 928
0.2147 938
0.2148 948
0.2149 957
0.215 968
0.2151 977
0.2152 987
0.2153 1002
0.2154 1007
0.2155 1021
0.2156 1029
0.2157 1042
0.2158 1053
0.2159 1059
0.216 1072
0.2161 1082
0.2162 1090
0.2163 1098
0.2164 1112
0.2165 1116
0.2166 1132
0.2167 1140
0.2168 1148
0.2169 1160
0.217 1169
0.2171 1179
0.2172 1183
0.2173 1196
0.2174 1201
0.2175 1213
0.2176 1224
0.2177 1230
0.2178 1240
0.2179 1249
0.218 1257
0.2181 1261
0.2182 1270
0.2183 1286
0.2184 1293
0.2185 1302
0.2186 1308
0.2187 1317
0.2188 1322
0.2189 1331
0.219 1343
0.2191 1349
0.2192 1356
0.2193 1364
0.2194 1374
0.2195 1379
0.2196 1389
0.2197 1396
0.2198 1406
0.2199 1416
0.22 1426
0.2201 1427
0.2202 1442
0.2203 1447
0.2204 1454
0.2205 1462
0.2206 1470
0.2207 1481
0.2208 1487
0.2209 1497
0.221 1507
0.2211 1509
0.2212 1522
0.2213 1517
0.2214 1535
0.2215 1543
0.2216 1554
0.2217 1553
0.2218 1560
0.2219 1574
0.222 1580
0.2221 1588
0.2222 1590
0.2223 1599
0.2224 1602
0.2225 1607
0.2226 1619
0.2227 1620
0.2228 1631
0.2229 1641
0.223 1638
0.2231 1639
0.2232 1653
0.2233 1646
0.2234 1657
0.2235 1657
0.2236 1651
0.2237 1658
0.2238 1647
0.2239 1620
0.224 1612
0.2241 1596
0.2242 1563
0.2243 1538
0.2244 1512
0.2245 1472
0.2246 1450
0.2247 1429
0.2248 1397
0.2249 1361
0.225 1323
0.2251 1287
0.2252 1267
0.2253 1243
0.2254 1213
0.2255 1182
0.2256 1155
0.2257 1134
0.2258 1125
0.2259 1099
0.226 1090
0.2261 1075
0.2262 1066
0.2263 1045
0.2264 1022
0.2265 1003
0.2266 987
0.2267 962
0.2268 949
0.2269 929
0.227 907
0.2271 895
0.2272 872
0.2273 852
0.2274 830
0.2275 800
0.2276 780
0.2277 757
0.2278 733
0.2279 709
0.228 696
0.2281 683
0.2282 670
0.2283 661
0.2284 643
0.2285 622
0.2286 609
0.2287 596
0.2288 585
0.2289 576
0.229 567
0.2291 557
0.2292 536
0.2293 522
0.2294 512
0.2295 506
0.2296 495
0.2297 499
0.2298 492
0.2299 487
0.23 481
0.2301 478
0.2302 479
0.2303 475
0.2304 462
0.2305 456
0.2306 443
0.2307 435
0.2308 431
0.2309 432
0.231 430
0.2311 436
0.2312 432
0.2313 434
0.2314 435
0.2315 442
0.2316 440
0.2317 442
0.2318 444
0.2319 444
0.232 439
0.2321 443
0.2322 439
0.2323 439
0.2324 440
0.2325 434
0.2326 432
0.2327 431
0.2328 426
0.2329 421
0.233 419
0.2331 416
0.2332 416
0.2333 422
0.2334 419
0.2335 421
0.2336 412
0.2337 406
0.2338 412
0.2339 409
0.234 409
0.2341 396
0.2342 393
0.2343 388
0.2344 382
0.2345 369
0.2346 363
0.2347 352
0.2348 344
0.2349 340
0.235 335
0.2351 324
0.2352 322
0.2353 326
0.2354 331
0.2355 328
0.2356 325
0.2357 326
0.2358 326
0.2359 319
0.236 323
0.2361 316
0.2362 317
0.2363 319
0.2364 323
0.2365 324
0.2366 322
0.2367 313
0.2368 307
0.2369 309
0.237 307
0.2371 303
0.2372 303
0.2373 307
0.2374 305
0.2375 311
0.2376 318
0.2377 329
0.2378 334
0.2379 335
0.238 322
0.2381 322
0.2382 322
0.2383 322
0.2384 313
0.2385 314
0.2386 313
0.2387 314
0.2388 310
0.2389 310
0.239 307
0.2391 302
0.2392 307
0.2393 308
0.2394 313
0.2395 313
0.2396 315
0.2397 303
0.2398 298
0.2399 297
0.24 290
0.2401 289
0.2402 286
0.2403 286
0.2404 287
0.2405 290
0.2406 287
0.2407 291
0.2408 284
0.2409 275
0.241 263
0.2411 265
0.2412 267
0.2413 267
0.2414 265
0.2415 252
0.2416 253
0.2417 254
0.2418 256
0.2419 261
0.242 257
0.2421 254
0.2422 246
0.2423 243
0.2424 234
0.2425 225
0.2426 222
0.2427 218
0.2428 208
0.2429 201
0.243 202
0.2431 207
0.2432 209
0.2433 208
0.2434 216
0.2435 215
0.2436 219
0.2437 222
0.2438 229
0.2439 236
0.244 240
0.2441 240
0.2442 237
0.2443 233
0.2444 227
0.2445 223
0.2446 219
0.2447 214
0.2448 213
0.2449 220
0.245 221
0.2451 219
0.2452 219
0.2453 215
0.2454 214
0.2455 213
0.2456 204
0.2457 201
0.2458 195
0.2459 191
0.246 189
0.2461 187
0.2462 176
0.2463 175
0.2464 172
0.2465 170
0.2466 171
0.2467 181
0.2468 186
0.2469 191
0.247 191
0.2471 196
0.2472 199
0.2473 200
0.2474 198
0.2475 193
0.2476 192
0.2477 192
0.2478 190
0.2479 192
0.248 193
0.2481 194
0.2482 196
0.2483 198
0.2484 208
0.2485 214
0.2486 212
0.2487 213
0.2488 216
0.2489 218
0.249 224
0.2491 228
0.2492 240
0.2493 247
0.2494 250
0.2495 244
0.2496 246
0.2497 250
0.2498 256
0.2499 253
0.25 254
