0 665
0.01 627
0.02 588
0.03 565
0.04 547
0.05 527
0.06 506
0.07 489
0.08 458
0.09 439
0.1 428
0.11 419
0.12 407
0.13 392
0.14 377
0.15 362
0.16 353
0.17 339
0.18 327
0.19 316
0.2 307
0.21 294
0.22 292
0.23 281
0.24 272
0.25 264
0.26 256
0.27 247
0.28 240
0.29 234
0.3 228
0.31 222
0.32 213
0.33 203
0.34 198
0.35 197
0.36 192
0.37 185
0.38 179
0.39 178
0.4 169
0.41 158
0.42 155
0.43 151
0.44 146
0.45 144
0.46 144
0.47 140
0.48 134
0.49 127
0.5 129
0.51 124
0.52 121
0.53 118
0.54 116
0.55 116
0.56 111
0.57 108
0.58 104
0.59 101
0.6 99
0.61 98
0.62 88
0.63 87
0.64 85
0.65 81
0.66 78
0.67 76
0.68 74
0.69 72
0.7 67
0.71 67
0.72 66
0.73 67
0.74 66
0.75 63
0.76 62
0.77 60
0.78 58
0.79 54
0.8 55
0.81 55
0.82 55
0.83 55
0.84 52
0.85 52
0.86 48
0.87 46
0.88 45
0.89 43
0.9 43
0.91 42
0.92 38
0.93 39
0.94 38
0.95 39
0.96 39
0.97 37
0.98 35
0.99 33
1 30
1.01 27
1.02 27
1.03 27
1.04 27
1.05 26
1.06 25
1.07 23
1.08 23
1.09 23
1.1 23
1.11 24
1.12 23
1.13 23
1.14 22
1.15 21
1.16 18
1.17 19
1.18 21
1.19 19
1.2 20
1.21 21
1.22 22
1.23 21
1.24 21
1.25 20
1.26 20
1.27 21
1.28 20
1.29 20
1.3 20
1.31 18
1.32 16
1.33 15
1.34 15
1.35 15
1.36 15
1.37 16
1.38 15
1.39 15
1.4 16
1.41 17
1.42 17
1.43 17
1.44 17
1.45 15
1.46 15
1.47 15
1.48 14
1.49 13
1.5 13
1.51 14
1.52 12
1.53 15
1.54 14
1.55 11
1.56 12
1.57 11
1.58 11
1.59 11
1.6 11
1.61 10
1.62 10
1.63 11
1.64 11
1.65 11
1.66 10
1.67 9
1.68 7
1.69 7
1.7 7
1.71 7
1.72 6
1.73 6
1.74 7
1.75 7
1.76 7
1.77 6
1.78 6
1.79 6
1.8 5
1.81 5
1.82 5
1.83 5
1.84 5
1.85 5
1.86 5
1.87 6
1.88 7
1.89 7
1.9 7
1.91 7
1.92 7
1.93 7
1.94 8
1.95 8
1.96 8
1.97 7
1.98 8
1.99 8
2 9
