0 0
0.0001 0
0.0002 0
0.0003 0
0.0004 0
0.0005 0
0.0006 0
0.0007 0
0.0008 0
0.0009 0
0.001 0
0.0011 0
0.0012 0
0.0013 0
0.0014 0
0.0015 0
0.0016 0
0.0017 0
0.0018 0
0.0019 0
0.002 0
0.0021 0
0.0022 2
0.0023 3
0.0024 3
0.0025 4
0.0026 4
0.0027 5
0.0028 5
0.0029 6
0.003 8
0.0031 9
0.0032 10
0.0033 12
0.0034 13
0.0035 14
0.0036 16
0.0037 17
0.0038 19
0.0039 21
0.004 23
0.0041 25
0.0042 27
0.0043 30
0.0044 32
0.0045 34
0.0046 36
0.0047 39
0.0048 42
0.0049 44
0.005 48
0.0051 51
0.0052 55
0.0053 57
0.0054 60
0.0055 65
0.0056 69
0.0057 73
0.0058 77
0.0059 80
0.006 85
0.0061 89
0.0062 92
0.0063 97
0.0064 102
0.0065 106
0.0066 111
0.0067 116
0.0068 119
0.0069 125
0.007 130
0.0071 134
0.0072 139
0.0073 143
0.0074 149
0.0075 153
0.0076 159
0.0077 164
0.0078 169
0.0079 174
0.008 180
0.0081 187
0.0082 191
0.0083 197
0.0084 202
0.0085 208
0.0086 215
0.0087 220
0.0088 225
0.0089 232
0.009 237
0.0091 244
0.0092 250
0.0093 257
0.0094 265
0.0095 271
0.0096 277
0.0097 286
0.0098 291
0.0099 299
0.01 307
0.0101 314
0.0102 321
0.0103 330
0.0104 339
0.0105 346
0.0106 353
0.0107 361
0.0108 370
0.0109 378
0.011 387
0.0111 395
0.0112 402
0.0113 413
0.0114 422
0.0115 430
0.0116 439
0.0117 449
0.0118 458
0.0119 467
0.012 475
0.0121 485
0.0122 493
0.0123 503
0.0124 511
0.0125 519
0.0126 527
0.0127 538
0.0128 545
0.0129 551
0.013 561
0.0131 569
0.0132 578
0.0133 586
0.0134 595
0.0135 604
0.0136 611
0.0137 620
0.0138 631
0.0139 638
0.014 647
0.0141 656
0.0142 666
0.0143 673
0.0144 682
0.0145 693
0.0146 701
0.0147 708
0.0148 719
0.0149 729
0.015 738
0.0151 750
0.0152 758
0.0153 766
0.0154 774
0.0155 786
0.0156 795
0.0157 805
0.0158 813
0.0159 821
0.016 831
0.0161 839
0.0162 849
0.0163 860
0.0164 870
0.0165 877
0.0166 885
0.0167 897
0.0168 907
0.0169 915
0.017 926
0.0171 936
0.0172 944
0.0173 950
0.0174 963
0.0175 971
0.0176 980
0.0177 991
0.0178 998
0.0179 1007
0.018 1016
0.0181 1027
0.0182 1037
0.0183 1047
0.0184 1051
0.0185 1064
0.0186 1073
0.0187 1082
0.0188 1088
0.0189 1099
0.019 1106
0.0191 1117
0.0192 1127
0.0193 1136
0.0194 1146
0.0195 1153
0.0196 1163
0.0197 1171
0.0198 1179
0.0199 1187
0.02 1197
0.0201 1206
0.0202 1214
0.0203 1220
0.0204 1229
0.0205 1239
0.0206 1245
0.0207 1250
0.0208 1261
0.0209 1268
0.021 1277
0.0211 1287
0.0212 1294
0.0213 1305
0.0214 1311
0.0215 1322
0.0216 1330
0.0217 1337
0.0218 1344
0.0219 1354
0.022 1365
0.0221 1371
0.0222 1383
0.0223 1389
0.0224 1395
0.0225 1406
0.0226 1409
0.0227 1422
0.0228 1430
0.0229 1438
0.023 1448
0.0231 1453
0.0232 1466
0.0233 1472
0.0234 1484
0.0235 1491
0.0236 1499
0.0237 1505
0.0238 1517
0.0239 1524
0.024 1532
0.0241 1540
0.0242 1547
0.0243 1558
0.0244 1563
0.0245 1570
0.0246 1581
0.0247 1589
0.0248 1593
0.0249 1601
0.025 1608
0.0251 1620
0.0252 1628
0.0253 1630
0.0254 1639
0.0255 1647
0.0256 1653
0.0257 1662
0.0258 1668
0.0259 1677
0.026 1680
0.0261 1691
0.0262 1700
0.0263 1712
0.0264 1717
0.0265 1718
0.0266 1730
0.0267 1739
0.0268 1750
0.0269 1759
0.027 1769
0.0271 1771
0.0272 1783
0.0273 1786
0.0274 1793
0.0275 1799
0.0276 1822
0.0277 1821
0.0278 1824
0.0279 1836
0.028 1845
0.0281 1856
0.0282 1860
0.0283 1866
0.0284 1863
0.0285 1869
0.0286 1877
0.0287 1879
0.0288 1873
0.0289 1881
0.029 1874
0.0291 1845
0.0292 1833
0.0293 1817
0.0294 1784
0.0295 1753
0.0296 1713
0.0297 1681
0.0298 1647
0.0299 1610
0.03 1581
0.0301 1547
0.0302 1518
0.0303 1486
0.0304 1444
0.0305 1405
0.0306 1365
0.0307 1341
0.0308 1317
0.0309 1282
0.031 1259
0.0311 1235
0.0312 1213
0.0313 1188
0.0314 1158
0.0315 1130
0.0316 1110
0.0317 1081
0.0318 1060
0.0319 1035
0.032 1010
0.0321 996
0.0322 976
0.0323 966
0.0324 946
0.0325 923
0.0326 910
0.0327 903
0.0328 884
0.0329 865
0.033 847
0.0331 830
0.0332 810
0.0333 800
0.0334 792
0.0335 779
0.0336 761
0.0337 747
0.0338 726
0.0339 714
0.034 703
0.0341 695
0.0342 692
0.0343 683
0.0344 680
0.0345 669
0.0346 667
0.0347 665
0.0348 671
0.0349 673
0.035 672
0.0351 663
0.0352 666
0.0353 657
0.0354 660
0.0355 660
0.0356 662
0.0357 651
0.0358 648
0.0359 642
0.036 636
0.0361 625
0.0362 618
0.0363 607
0.0364 612
0.0365 606
0.0366 601
0.0367 599
0.0368 598
0.0369 587
0.037 588
0.0371 578
0.0372 576
0.0373 562
0.0374 553
0.0375 548
0.0376 535
0.0377 525
0.0378 524
0.0379 523
0.038 512
0.0381 511
0.0382 499
0.0383 494
0.0384 487
0.0385 475
0.0386 466
0.0387 467
0.0388 468
0.0389 464
0.039 459
0.0391 455
0.0392 451
0.0393 443
0.0394 434
0.0395 428
0.0396 418
0.0397 415
0.0398 414
0.0399 407
0.04 403
0.0401 397
0.0402 398
0.0403 390
0.0404 380
0.0405 367
0.0406 355
0.0407 348
0.0408 343
0.0409 333
0.041 328
0.0411 330
0.0412 324
0.0413 323
0.0414 321
0.0415 325
0.0416 336
0.0417 342
0.0418 354
0.0419 361
0.042 362
0.0421 357
0.0422 349
0.0423 356
0.0424 351
0.0425 358
0.0426 355
0.0427 354
0.0428 344
0.0429 339
0.043 333
0.0431 328
0.0432 331
0.0433 339
0.0434 335
0.0435 325
0.0436 329
0.0437 325
0.0438 326
0.0439 323
0.044 322
0.0441 312
0.0442 310
0.0443 310
0.0444 309
0.0445 305
0.0446 303
0.0447 294
0.0448 293
0.0449 292
0.045 284
0.0451 290
0.0452 292
0.0453 291
0.0454 287
0.0455 283
0.0456 275
0.0457 274
0.0458 268
0.0459 269
0.046 262
0.0461 260
0.0462 255
0.0463 248
0.0464 253
0.0465 250
0.0466 243
0.0467 240
0.0468 240
0.0469 244
0.047 246
0.0471 245
0.0472 247
0.0473 251
0.0474 247
0.0475 246
0.0476 247
0.0477 244
0.0478 246
0.0479 252
0.048 246
0.0481 247
0.0482 250
0.0483 244
0.0484 251
0.0485 257
0.0486 261
0.0487 259
0.0488 263
0.0489 258
0.049 253
0.0491 252
0.0492 243
0.0493 243
0.0494 244
0.0495 248
0.0496 248
0.0497 240
0.0498 244
0.0499 250
0.05 244
0.0501 251
0.0502 247
0.0503 243
0.0504 248
0.0505 246
0.0506 255
0.0507 258
0.0508 257
0.0509 259
0.051 261
0.0511 256
0.0512 263
0.0513 259
0.0514 258
0.0515 255
0.0516 250
0.0517 251
0.0518 248
0.0519 254
0.052 247
0.0521 248
0.0522 240
0.0523 236
0.0524 237
0.0525 236
0.0526 247
0.0527 252
0.0528 257
0.0529 254
0.053 244
0.0531 242
0.0532 240
0.0533 246
0.0534 249
0.0535 248
0.0536 240
0.0537 239
0.0538 242
0.0539 244
0.054 249
0.0541 250
0.0542 251
0.0543 247
0.0544 246
0.0545 245
0.0546 241
0.0547 241
0.0548 237
0.0549 232
0.055 227
0.0551 221
0.0552 211
0.0553 205
0.0554 201
0.0555 197
0.0556 200
0.0557 204
0.0558 210
0.0559 216
0.056 214
0.0561 212
0.0562 216
0.0563 221
0.0564 227
0.0565 232
0.0566 231
0.0567 232
0.0568 235
0.0569 232
0.057 230
0.0571 230
0.0572 226
0.0573 223
0.0574 222
0.0575 219
0.0576 220
0.0577 222
0.0578 216
0.0579 213
0.058 212
0.0581 208
0.0582 206
0.0583 203
0.0584 202
0.0585 206
0.0586 212
0.0587 214
0.0588 217
0.0589 219
0.059 222
0.0591 226
0.0592 223
0.0593 225
0.0594 226
0.0595 224
0.0596 221
0.0597 219
0.0598 219
0.0599 218
0.06 215
0.0601 216
0.0602 212
0.0603 219
0.0604 221
0.0605 220
0.0606 218
0.0607 220
0.0608 221
0.0609 218
0.061 225
0.0611 227
0.0612 226
0.0613 231
0.0614 237
0.0615 247
0.0616 241
0.0617 241
0.0618 238
0.0619 233
0.062 232
0.0621 231
0.0622 228
0.0623 223
0.0624 220
0.0625 212
0.0626 203
0.0627 199
0.0628 198
0.0629 199
0.063 205
0.0631 205
0.0632 204
0.0633 202
0.0634 201
0.0635 201
0.0636 207
0.0637 206
0.0638 213
0.0639 223
0.064 222
0.0641 222
0.0642 225
0.0643 229
0.0644 234
0.0645 240
0.0646 240
0.0647 237
0.0648 246
0.0649 249
0.065 243
0.0651 247
0.0652 254
0.0653 253
0.0654 256
0.0655 247
0.0656 245
0.0657 247
0.0658 243
0.0659 243
0.066 243
0.0661 241
0.0662 240
0.0663 239
0.0664 236
0.0665 234
0.0666 245
0.0667 238
0.0668 240
0.0669 248
0.067 248
0.0671 253
0.0672 261
0.0673 269
0.0674 275
0.0675 287
0.0676 297
0.0677 309
0.0678 307
0.0679 308
0.068 313
0.0681 325
0.0682 329
0.0683 340
0.0684 345
0.0685 352
0.0686 360
0.0687 366
0.0688 374
0.0689 381
0.069 379
0.0691 384
0.0692 373
0.0693 373
0.0694 367
0.0695 363
0.0696 358
0.0697 349
0.0698 351
0.0699 349
0.07 347
0.0701 340
0.0702 342
0.0703 336
0.0704 336
0.0705 334
0.0706 325
0.0707 325
0.0708 316
0.0709 311
0.071 307
0.0711 305
0.0712 304
0.0713 298
0.0714 300
0.0715 297
0.0716 295
0.0717 286
0.0718 281
0.0719 278
0.072 278
0.0721 272
0.0722 268
0.0723 272
0.0724 270
0.0725 265
0.0726 266
0.0727 267
0.0728 266
0.0729 259
0.073 268
0.0731 268
0.0732 265
0.0733 269
0.0734 271
0.0735 281
0.0736 286
0.0737 287
0.0738 284
0.0739 286
0.074 288
0.0741 286
0.0742 279
0.0743 276
0.0744 277
0.0745 282
0.0746 279
0.0747 276
0.0748 281
0.0749 284
0.075 289
0.0751 299
0.0752 293
0.0753 295
0.0754 294
0.0755 300
0.0756 296
0.0757 304
0.0758 297
0.0759 298
0.076 301
0.0761 303
0.0762 299
0.0763 295
0.0764 294
0.0765 291
0.0766 288
0.0767 295
0.0768 290
0.0769 280
0.077 276
0.0771 272
0.0772 268
0.0773 266
0.0774 264
0.0775 260
0.0776 263
0.0777 257
0.0778 258
0.0779 254
0.078 252
0.0781 247
0.0782 246
0.0783 253
0.0784 258
0.0785 266
0.0786 270
0.0787 280
0.0788 290
0.0789 290
0.079 289
0.0791 284
0.0792 286
0.0793 286
0.0794 283
0.0795 280
0.0796 273
0.0797 273
0.0798 271
0.0799 267
0.08 263
0.0801 253
0.0802 247
0.0803 243
0.0804 239
0.0805 239
0.0806 236
0.0807 233
0.0808 228
0.0809 223
0.081 229
0.0811 228
0.0812 226
0.0813 228
0.0814 230
0.0815 229
0.0816 229
0.0817 235
0.0818 237
0.0819 241
0.082 239
0.0821 234
0.0822 228
0.0823 221
0.0824 219
0.0825 220
0.0826 222
0.0827 212
0.0828 212
0.0829 213
0.083 210
0.0831 213
0.0832 219
0.0833 217
0.0834 213
0.0835 210
0.0836 214
0.0837 219
0.0838 222
0.0839 220
0.084 223
0.0841 228
0.0842 231
0.0843 226
0.0844 224
0.0845 224
0.0846 224
0.0847 223
0.0848 221
0.0849 224
0.085 230
0.0851 233
0.0852 233
0.0853 242
0.0854 240
0.0855 243
0.0856 246
0.0857 238
0.0858 237
0.0859 237
0.086 248
0.0861 256
0.0862 259
0.0863 266
0.0864 268
0.0865 266
0.0866 264
0.0867 266
0.0868 260
0.0869 251
0.087 251
0.0871 249
0.0872 248
0.0873 250
0.0874 256
0.0875 255
0.0876 256
0.0877 259
0.0878 265
0.0879 271
0.088 281
0.0881 292
0.0882 294
0.0883 300
0.0884 307
0.0885 303
0.0886 300
0.0887 300
0.0888 300
0.0889 299
0.089 296
0.0891 296
0.0892 289
0.0893 291
0.0894 293
0.0895 288
0.0896 284
0.0897 279
0.0898 274
0.0899 272
0.09 266
0.0901 264
0.0902 256
0.0903 258
0.0904 263
0.0905 262
0.0906 264
0.0907 268
0.0908 267
0.0909 267
0.091 271
0.0911 274
0.0912 279
0.0913 279
0.0914 272
0.0915 273
0.0916 280
0.0917 280
0.0918 284
0.0919 286
0.092 282
0.0921 281
0.0922 281
0.0923 276
0.0924 272
0.0925 270
0.0926 269
0.0927 269
0.0928 265
0.0929 270
0.093 271
0.0931 270
0.0932 268
0.0933 277
0.0934 286
0.0935 286
0.0936 286
0.0937 291
0.0938 293
0.0939 297
0.094 306
0.0941 319
0.0942 330
0.0943 333
0.0944 336
0.0945 334
0.0946 335
0.0947 334
0.0948 336
0.0949 328
0.095 320
0.0951 321
0.0952 320
0.0953 325
0.0954 320
0.0955 323
0.0956 323
0.0957 316
0.0958 311
0.0959 310
0.096 306
0.0961 305
0.0962 309
0.0963 313
0.0964 313
0.0965 313
0.0966 304
0.0967 305
0.0968 301
0.0969 302
0.097 299
0.0971 299
0.0972 300
0.0973 307
0.0974 306
0.0975 309
0.0976 301
0.0977 305
0.0978 311
0.0979 316
0.098 321
0.0981 322
0.0982 322
0.0983 328
0.0984 329
0.0985 321
0.0986 315
0.0987 312
0.0988 313
0.0989 314
0.099 320
0.0991 309
0.0992 316
0.0993 317
0.0994 309
0.0995 304
0.0996 300
0.0997 297
0.0998 292
0.0999 286
0.1 284
0.1001 284
0.1002 284
0.1003 286
0.1004 290
0.1005 289
0.1006 291
0.1007 291
0.1008 285
0.1009 280
0.101 271
0.1011 265
0.1012 257
0.1013 255
0.1014 251
0.1015 240
0.1016 240
0.1017 238
0.1018 235
0.1019 237
0.102 235
0.1021 235
0.1022 233
0.1023 233
0.1024 229
0.1025 225
0.1026 222
0.1027 218
0.1028 218
0.1029 219
0.103 222
0.1031 222
0.1032 229
0.1033 230
0.1034 235
0.1035 247
0.1036 246
0.1037 251
0.1038 261
0.1039 261
0.104 268
0.1041 272
0.1042 281
0.1043 290
0.1044 293
0.1045 293
0.1046 295
0.1047 297
0.1048 300
0.1049 298
0.105 290
0.1051 283
0.1052 286
0.1053 279
0.1054 275
0.1055 265
0.1056 262
0.1057 261
0.1058 255
0.1059 249
0.106 242
0.1061 238
0.1062 235
0.1063 230
0.1064 231
0.1065 229
0.1066 232
0.1067 227
0.1068 222
0.1069 220
0.107 214
0.1071 217
0.1072 220
0.1073 224
0.1074 225
0.1075 224
0.1076 232
0.1077 236
0.1078 239
0.1079 234
0.108 230
0.1081 225
0.1082 223
0.1083 218
0.1084 216
0.1085 218
0.1086 218
0.1087 221
0.1088 230
0.1089 231
0.109 231
0.1091 236
0.1092 238
0.1093 232
0.1094 238
0.1095 236
0.1096 237
0.1097 236
0.1098 244
0.1099 248
0.11 246
0.1101 241
0.1102 248
0.1103 254
0.1104 248
0.1105 259
0.1106 260
0.1107 267
0.1108 268
0.1109 264
0.111 270
0.1111 268
0.1112 278
0.1113 280
0.1114 282
0.1115 286
0.1116 289
0.1117 295
0.1118 308
0.1119 309
0.112 317
0.1121 320
0.1122 317
0.1123 319
0.1124 324
0.1125 325
0.1126 325
0.1127 317
0.1128 321
0.1129 327
0.113 325
0.1131 328
0.1132 329
0.1133 327
0.1134 328
0.1135 328
0.1136 331
0.1137 327
0.1138 327
0.1139 328
0.114 330
0.1141 335
0.1142 336
0.1143 337
0.1144 336
0.1145 340
0.1146 342
0.1147 339
0.1148 341
0.1149 346
0.115 344
0.1151 350
0.1152 349
0.1153 351
0.1154 354
0.1155 354
0.1156 355
0.1157 362
0.1158 360
0.1159 365
0.116 364
0.1161 368
0.1162 371
0.1163 373
0.1164 375
0.1165 377
0.1166 380
0.1167 381
0.1168 386
0.1169 390
0.117 394
0.1171 396
0.1172 398
0.1173 403
0.1174 405
0.1175 408
0.1176 412
0.1177 416
0.1178 417
0.1179 422
0.118 427
0.1181 429
0.1182 433
0.1183 435
0.1184 436
0.1185 443
0.1186 443
0.1187 450
0.1188 453
0.1189 456
0.119 461
0.1191 463
0.1192 466
0.1193 470
0.1194 473
0.1195 478
0.1196 481
0.1197 484
0.1198 488
0.1199 491
0.12 498
0.1201 502
0.1202 507
0.1203 512
0.1204 517
0.1205 521
0.1206 527
0.1207 531
0.1208 534
0.1209 539
0.121 546
0.1211 549
0.1212 555
0.1213 561
0.1214 568
0.1215 570
0.1216 576
0.1217 581
0.1218 587
0.1219 591
0.122 597
0.1221 602
0.1222 608
0.1223 613
0.1224 617
0.1225 625
0.1226 631
0.1227 634
0.1228 637
0.1229 649
0.123 656
0.1231 658
0.1232 668
0.1233 675
0.1234 682
0.1235 689
0.1236 692
0.1237 702
0.1238 708
0.1239 713
0.124 721
0.1241 728
0.1242 736
0.1243 742
0.1244 747
0.1245 755
0.1246 762
0.1247 771
0.1248 778
0.1249 786
0.125 790
0.1251 799
0.1252 806
0.1253 813
0.1254 821
0.1255 828
0.1256 834
0.1257 841
0.1258 848
0.1259 858
0.126 862
0.1261 869
0.1262 876
0.1263 886
0.1264 890
0.1265 898
0.1266 905
0.1267 910
0.1268 919
0.1269 924
0.127 936
0.1271 940
0.1272 949
0.1273 957
0.1274 965
0.1275 969
0.1276 978
0.1277 983
0.1278 992
0.1279 999
0.128 1011
0.1281 1016
0.1282 1027
0.1283 1033
0.1284 1042
0.1285 1049
0.1286 1057
0.1287 1064
0.1288 1076
0.1289 1086
0.129 1093
0.1291 1100
0.1292 1109
0.1293 1116
0.1294 1126
0.1295 1127
0.1296 1142
0.1297 1153
0.1298 1161
0.1299 1170
0.13 1175
0.1301 1187
0.1302 1195
0.1303 1205
0.1304 1212
0.1305 1222
0.1306 1229
0.1307 1237
0.1308 1250
0.1309 1259
0.131 1267
0.1311 1278
0.1312 1287
0.1313 1295
0.1314 1308
0.1315 1318
0.1316 1326
0.1317 1334
0.1318 1346
0.1319 1353
0.132 1366
0.1321 1370
0.1322 1387
0.1323 1390
0.1324 1403
0.1325 1414
0.1326 1418
0.1327 1432
0.1328 1438
0.1329 1450
0.133 1455
0.1331 1464
0.1332 1469
0.1333 1481
0.1334 1489
0.1335 1499
0.1336 1509
0.1337 1516
0.1338 1526
0.1339 1532
0.134 1533
0.1341 1548
0.1342 1551
0.1343 1555
0.1344 1548
0.1345 1556
0.1346 1554
0.1347 1541
0.1348 1515
0.1349 1488
0.135 1466
0.1351 1446
0.1352 1416
0.1353 1387
0.1354 1351
0.1355 1321
0.1356 1304
0.1357 1279
0.1358 1252
0.1359 1226
0.136 1198
0.1361 1182
0.1362 1158
0.1363 1139
0.1364 1116
0.1365 1099
0.1366 1067
0.1367 1041
0.1368 1019
0.1369 993
0.137 973
0.1371 959
0.1372 943
0.1373 938
0.1374 927
0.1375 904
0.1376 891
0.1377 872
0.1378 864
0.1379 851
0.138 837
0.1381 833
0.1382 829
0.1383 819
0.1384 814
0.1385 805
0.1386 795
0.1387 784
0.1388 770
0.1389 760
0.139 739
0.1391 732
0.1392 722
0.1393 712
0.1394 701
0.1395 694
0.1396 678
0.1397 675
0.1398 665
0.1399 660
0.14 661
0.1401 659
0.1402 655
0.1403 644
0.1404 644
0.1405 632
0.1406 616
0.1407 607
0.1408 601
0.1409 588
0.141 579
0.1411 578
0.1412 570
0.1413 564
0.1414 550
0.1415 537
0.1416 529
0.1417 517
0.1418 512
0.1419 503
0.142 498
0.1421 497
0.1422 483
0.1423 475
0.1424 471
0.1425 467
0.1426 468
0.1427 465
0.1428 464
0.1429 466
0.143 459
0.1431 452
0.1432 449
0.1433 438
0.1434 431
0.1435 421
0.1436 415
0.1437 405
0.1438 391
0.1439 380
0.144 381
0.1441 376
0.1442 373
0.1443 378
0.1444 379
0.1445 376
0.1446 365
0.1447 366
0.1448 363
0.1449 351
0.145 349
0.1451 343
0.1452 346
0.1453 353
0.1454 353
0.1455 357
0.1456 364
0.1457 354
0.1458 370
0.1459 366
0.146 357
0.1461 351
0.1462 353
0.1463 349
0.1464 345
0.1465 344
0.1466 340
0.1467 335
0.1468 333
0.1469 325
0.147 318
0.1471 313
0.1472 310
0.1473 304
0.1474 303
0.1475 301
0.1476 298
0.1477 293
0.1478 284
0.1479 278
0.148 273
0.1481 267
0.1482 258
0.1483 251
0.1484 251
0.1485 254
0.1486 249
0.1487 246
0.1488 247
0.1489 246
0.149 241
0.1491 238
0.1492 239
0.1493 237
0.1494 237
0.1495 237
0.1496 241
0.1497 244
0.1498 265
0.1499 307
0.15 354
0.1501 394
0.1502 430
0.1503 445
0.1504 445
0.1505 449
0.1506 449
0.1507 438
0.1508 433
0.1509 433
0.151 430
0.1511 419
0.1512 415
0.1513 408
0.1514 400
0.1515 392
0.1516 373
0.1517 357
0.1518 349
0.1519 340
0.152 343
0.1521 343
0.1522 330
0.1523 331
0.1524 330
0.1525 318
0.1526 309
0.1527 303
0.1528 293
0.1529 292
0.153 289
0.1531 286
0.1532 294
0.1533 300
0.1534 301
0.1535 302
0.1536 304
0.1537 308
0.1538 315
0.1539 317
0.154 333
0.1541 343
0.1542 349
0.1543 349
0.1544 352
0.1545 348
0.1546 352
0.1547 345
0.1548 329
0.1549 322
0.155 320
0.1551 313
0.1552 305
0.1553 300
0.1554 295
0.1555 295
0.1556 292
0.1557 284
0.1558 286
0.1559 292
0.156 288
0.1561 286
0.1562 289
0.1563 287
0.1564 284
0.1565 289
0.1566 294
0.1567 294
0.1568 288
0.1569 290
0.157 293
0.1571 291
0.1572 299
0.1573 297
0.1574 297
0.1575 295
0.1576 292
0.1577 295
0.1578 300
0.1579 298
0.158 292
0.1581 292
0.1582 289
0.1583 277
0.1584 272
0.1585 267
0.1586 267
0.1587 272
0.1588 263
0.1589 260
0.159 252
0.1591 255
0.1592 247
0.1593 245
0.1594 244
0.1595 240
0.1596 239
0.1597 239
0.1598 231
0.1599 233
0.16 229
0.1601 234
0.1602 228
0.1603 231
0.1604 232
0.1605 238
0.1606 244
0.1607 248
0.1608 248
0.1609 240
0.161 242
0.1611 243
0.1612 245
0.1613 252
0.1614 251
0.1615 252
0.1616 259
0.1617 261
0.1618 263
0.1619 258
0.162 265
0.1621 263
0.1622 261
0.1623 258
0.1624 255
0.1625 251
0.1626 255
0.1627 250
0.1628 244
0.1629 245
0.163 247
0.1631 246
0.1632 241
0.1633 243
0.1634 244
0.1635 244
0.1636 246
0.1637 246
0.1638 243
0.1639 241
0.164 236
0.1641 240
0.1642 234
0.1643 224
0.1644 218
0.1645 206
0.1646 205
0.1647 211
0.1648 206
0.1649 204
0.165 205
0.1651 202
0.1652 205
0.1653 208
0.1654 209
0.1655 213
0.1656 211
0.1657 208
0.1658 206
0.1659 208
0.166 211
0.1661 213
0.1662 216
0.1663 231
0.1664 238
0.1665 245
0.1666 247
0.1667 259
0.1668 262
0.1669 258
0.167 263
0.1671 249
0.1672 248
0.1673 251
0.1674 250
0.1675 251
0.1676 254
0.1677 261
0.1678 263
0.1679 264
0.168 271
0.1681 263
0.1682 266
0.1683 264
0.1684 262
0.1685 252
0.1686 246
0.1687 244
0.1688 241
0.1689 241
0.169 243
0.1691 240
0.1692 255
0.1693 261
0.1694 262
0.1695 262
0.1696 263
0.1697 259
0.1698 258
0.1699 255
0.17 251
0.1701 248
0.1702 248
0.1703 244
0.1704 244
0.1705 242
0.1706 241
0.1707 236
0.1708 250
0.1709 256
0.171 262
0.1711 268
0.1712 265
0.1713 264
0.1714 265
0.1715 260
0.1716 263
0.1717 262
0.1718 264
0.1719 266
0.172 261
0.1721 263
0.1722 272
0.1723 275
0.1724 269
0.1725 266
0.1726 269
0.1727 270
0.1728 265
0.1729 267
0.173 264
0.1731 256
0.1732 253
0.1733 253
0.1734 253
0.1735 251
0.1736 252
0.1737 249
0.1738 248
0.1739 252
0.174 252
0.1741 250
0.1742 248
0.1743 246
0.1744 244
0.1745 245
0.1746 249
0.1747 249
0.1748 243
0.1749 238
0.175 234
0.1751 229
0.1752 236
0.1753 235
0.1754 232
0.1755 230
0.1756 235
0.1757 240
0.1758 239
0.1759 238
0.176 244
0.1761 246
0.1762 244
0.1763 245
0.1764 242
0.1765 249
0.1766 252
0.1767 256
0.1768 257
0.1769 262
0.177 268
0.1771 267
0.1772 272
0.1773 275
0.1774 276
0.1775 275
0.1776 273
0.1777 272
0.1778 274
0.1779 273
0.178 272
0.1781 275
0.1782 273
0.1783 272
0.1784 281
0.1785 277
0.1786 275
0.1787 269
0.1788 263
0.1789 257
0.179 255
0.1791 260
0.1792 263
0.1793 261
0.1794 263
0.1795 261
0.1796 262
0.1797 263
0.1798 264
0.1799 262
0.18 266
0.1801 273
0.1802 273
0.1803 268
0.1804 262
0.1805 270
0.1806 273
0.1807 276
0.1808 276
0.1809 269
0.181 270
0.1811 271
0.1812 266
0.1813 262
0.1814 267
0.1815 266
0.1816 263
0.1817 259
0.1818 251
0.1819 248
0.182 241
0.1821 243
0.1822 244
0.1823 245
0.1824 243
0.1825 245
0.1826 241
0.1827 243
0.1828 241
0.1829 239
0.183 244
0.1831 244
0.1832 237
0.1833 232
0.1834 229
0.1835 232
0.1836 229
0.1837 227
0.1838 223
0.1839 222
0.184 222
0.1841 227
0.1842 229
0.1843 225
0.1844 227
0.1845 225
0.1846 231
0.1847 234
0.1848 234
0.1849 238
0.185 234
0.1851 234
0.1852 234
0.1853 234
0.1854 235
0.1855 239
0.1856 249
0.1857 261
0.1858 261
0.1859 268
0.186 272
0.1861 276
0.1862 290
0.1863 298
0.1864 296
0.1865 300
0.1866 296
0.1867 297
0.1868 295
0.1869 295
0.187 295
0.1871 297
0.1872 295
0.1873 291
0.1874 288
0.1875 290
0.1876 284
0.1877 283
0.1878 287
0.1879 284
0.188 279
0.1881 280
0.1882 279
0.1883 280
0.1884 279
0.1885 274
0.1886 273
0.1887 270
0.1888 271
0.1889 271
0.189 270
0.1891 275
0.1892 279
0.1893 277
0.1894 274
0.1895 270
0.1896 263
0.1897 266
0.1898 263
0.1899 255
0.19 249
0.1901 252
0.1902 249
0.1903 248
0.1904 244
0.1905 240
0.1906 243
0.1907 239
0.1908 236
0.1909 233
0.191 234
0.1911 233
0.1912 230
0.1913 226
0.1914 228
0.1915 223
0.1916 220
0.1917 221
0.1918 226
0.1919 234
0.192 238
0.1921 244
0.1922 240
0.1923 240
0.1924 233
0.1925 230
0.1926 224
0.1927 225
0.1928 217
0.1929 211
0.193 204
0.1931 199
0.1932 203
0.1933 210
0.1934 205
0.1935 198
0.1936 196
0.1937 195
0.1938 198
0.1939 192
0.194 194
0.1941 193
0.1942 198
0.1943 202
0.1944 203
0.1945 203
0.1946 202
0.1947 200
0.1948 200
0.1949 199
0.195 202
0.1951 199
0.1952 200
0.1953 204
0.1954 198
0.1955 198
0.1956 205
0.1957 209
0.1958 212
0.1959 220
0.196 226
0.1961 224
0.1962 224
0.1963 227
0.1964 225
0.1965 219
0.1966 215
0.1967 216
0.1968 212
0.1969 209
0.197 217
0.1971 216
0.1972 214
0.1973 218
0.1974 219
0.1975 219
0.1976 220
0.1977 219
0.1978 218
0.1979 219
0.198 219
0.1981 217
0.1982 211
0.1983 211
0.1984 207
0.1985 212
0.1986 214
0.1987 220
0.1988 222
0.1989 226
0.199 225
0.1991 225
0.1992 226
0.1993 227
0.1994 227
0.1995 222
0.1996 227
0.1997 228
0.1998 233
0.1999 238
0.2 245
0.2001 253
0.2002 271
0.2003 279
0.2004 284
0.2005 288
0.2006 290
0.2007 286
0.2008 300
0.2009 304
0.201 302
0.2011 303
0.2012 306
0.2013 314
0.2014 313
0.2015 320
0.2016 323
0.2017 325
0.2018 322
0.2019 326
0.202 327
0.2021 327
0.2022 328
0.2023 327
0.2024 331
0.2025 330
0.2026 333
0.2027 332
0.2028 333
0.2029 332
0.203 335
0.2031 335
0.2032 336
0.2033 338
0.2034 339
0.2035 338
0.2036 339
0.2037 341
0.2038 340
0.2039 341
0.204 343
0.2041 344
0.2042 345
0.2043 344
0.2044 346
0.2045 348
0.2046 350
0.2047 352
0.2048 353
0.2049 355
0.205 356
0.2051 358
0.2052 359
0.2053 364
0.2054 367
0.2055 367
0.2056 371
0.2057 376
0.2058 378
0.2059 382
0.206 386
0.2061 389
0.2062 391
0.2063 395
0.2064 399
0.2065 401
0.2066 406
0.2067 409
0.2068 414
0.2069 418
0.207 420
0.2071 424
0.2072 427
0.2073 431
0.2074 436
0.2075 436
0.2076 443
0.2077 446
0.2078 451
0.2079 455
0.208 459
0.2081 463
0.2082 468
0.2083 471
0.2084 477
0.2085 482
0.2086 487
0.2087 492
0.2088 495
0.2089 501
0.209 506
0.2091 512
0.2092 517
0.2093 523
0.2094 529
0.2095 530
0.2096 539
0.2097 542
0.2098 549
0.2099 555
0.21 560
0.2101 562
0.2102 570
0.2103 575
0.2104 581
0.2105 587
0.2106 588
0.2107 596
0.2108 600
0.2109 607
0.211 613
0.2111 617
0.2112 625
0.2113 630
0.2114 635
0.2115 644
0.2116 649
0.2117 654
0.2118 659
0.2119 665
0.212 673
0.2121 679
0.2122 682
0.2123 688
0.2124 693
0.2125 703
0.2126 709
0.2127 712
0.2128 721
0.2129 726
0.213 733
0.2131 736
0.2132 743
0.2133 748
0.2134 756
0.2135 760
0.2136 767
0.2137 775
0.2138 779
0.2139 782
0.214 793
0.2141 797
0.2142 804
0.2143 809
0.2144 817
0.2145 821
0.2146 827
0.2147 834
0.2148 840
0.2149 848
0.215 853
0.2151 861
0.2152 865
0.2153 871
0.2154 876
0.2155 879
0.2156 888
0.2157 894
0.2158 901
0.2159 908
0.216 913
0.2161 920
0.2162 925
0.2163 931
0.2164 939
0.2165 944
0.2166 949
0.2167 956
0.2168 961
0.2169 970
0.217 976
0.2171 980
0.2172 988
0.2173 995
0.2174 1002
0.2175 1008
0.2176 1011
0.2177 1023
0.2178 1031
0.2179 1036
0.218 1046
0.2181 1051
0.2182 1061
0.2183 1066
0.2184 1076
0.2185 1081
0.2186 1091
0.2187 1096
0.2188 1104
0.2189 1111
0.219 1117
0.2191 1124
0.2192 1133
0.2193 1141
0.2194 1145
0.2195 1153
0.2196 1161
0.2197 1166
0.2198 1173
0.2199 1183
0.22 1189
0.2201 1196
0.2202 1206
0.2203 1213
0.2204 1223
0.2205 1229
0.2206 1237
0.2207 1247
0.2208 1256
0.2209 1262
0.221 1269
0.2211 1277
0.2212 1287
0.2213 1294
0.2214 1304
0.2215 1309
0.2216 1317
0.2217 1325
0.2218 1336
0.2219 1345
0.222 1347
0.2221 1357
0.2222 1368
0.2223 1373
0.2224 1385
0.2225 1394
0.2226 1397
0.2227 1408
0.2228 1418
0.2229 1423
0.223 1433
0.2231 1440
0.2232 1448
0.2233 1454
0.2234 1468
0.2235 1472
0.2236 1481
0.2237 1487
0.2238 1494
0.2239 1503
0.224 1517
0.2241 1523
0.2242 1532
0.2243 1533
0.2244 1546
0.2245 1556
0.2246 1562
0.2247 1576
0.2248 1581
0.2249 1586
0.225 1594
0.2251 1606
0.2252 1609
0.2253 1621
0.2254 1635
0.2255 1641
0.2256 1641
0.2257 1658
0.2258 1661
0.2259 1674
0.226 1683
0.2261 1689
0.2262 1702
0.2263 1704
0.2264 1717
0.2265 1730
0.2266 1735
0.2267 1746
0.2268 1755
0.2269 1763
0.227 1770
0.2271 1782
0.2272 1772
0.2273 1796
0.2274 1802
0.2275 1806
0.2276 1816
0.2277 1821
0.2278 1828
0.2279 1835
0.228 1833
0.2281 1842
0.2282 1844
0.2283 1838
0.2284 1830
0.2285 1815
0.2286 1800
0.2287 1773
0.2288 1731
0.2289 1710
0.229 1678
0.2291 1637
0.2292 1615
0.2293 1603
0.2294 1578
0.2295 1546
0.2296 1512
0.2297 1473
0.2298 1440
0.2299 1407
0.23 1363
0.2301 1318
0.2302 1297
0.2303 1266
0.2304 1237
0.2305 1210
0.2306 1188
0.2307 1162
0.2308 1137
0.2309 1109
0.231 1086
0.2311 1062
0.2312 1044
0.2313 1019
0.2314 997
0.2315 983
0.2316 968
0.2317 940
0.2318 922
0.2319 906
0.232 887
0.2321 871
0.2322 860
0.2323 842
0.2324 824
0.2325 804
0.2326 791
0.2327 781
0.2328 756
0.2329 740
0.233 732
0.2331 724
0.2332 713
0.2333 704
0.2334 695
0.2335 682
0.2336 663
0.2337 644
0.2338 628
0.2339 612
0.234 611
0.2341 604
0.2342 594
0.2343 587
0.2344 577
0.2345 569
0.2346 562
0.2347 553
0.2348 546
0.2349 533
0.235 521
0.2351 522
0.2352 517
0.2353 513
0.2354 507
0.2355 502
0.2356 489
0.2357 494
0.2358 490
0.2359 482
0.236 469
0.2361 476
0.2362 477
0.2363 479
0.2364 482
0.2365 488
0.2366 483
0.2367 476
0.2368 471
0.2369 470
0.237 462
0.2371 455
0.2372 446
0.2373 443
0.2374 426
0.2375 425
0.2376 425
0.2377 434
0.2378 435
0.2379 435
0.238 426
0.2381 417
0.2382 405
0.2383 397
0.2384 393
0.2385 388
0.2386 381
0.2387 374
0.2388 370
0.2389 366
0.239 355
0.2391 355
0.2392 358
0.2393 361
0.2394 365
0.2395 358
0.2396 357
0.2397 346
0.2398 336
0.2399 329
0.24 327
0.2401 324
0.2402 326
0.2403 326
0.2404 328
0.2405 321
0.2406 317
0.2407 317
0.2408 309
0.2409 306
0.241 302
0.2411 301
0.2412 300
0.2413 296
0.2414 296
0.2415 291
0.2416 293
0.2417 290
0.2418 287
0.2419 290
0.242 294
0.2421 293
0.2422 294
0.2423 300
0.2424 314
0.2425 307
0.2426 300
0.2427 299
0.2428 295
0.2429 296
0.243 297
0.2431 292
0.2432 286
0.2433 283
0.2434 280
0.2435 275
0.2436 274
0.2437 272
0.2438 267
0.2439 265
0.244 274
0.2441 272
0.2442 265
0.2443 261
0.2444 262
0.2445 262
0.2446 261
0.2447 252
0.2448 248
0.2449 249
0.245 247
0.2451 253
0.2452 256
0.2453 265
0.2454 275
0.2455 276
0.2456 279
0.2457 278
0.2458 284
0.2459 288
0.246 292
0.2461 296
0.2462 306
0.2463 307
0.2464 306
0.2465 314
0.2466 323
0.2467 328
0.2468 337
0.2469 335
0.247 342
0.2471 339
0.2472 338
0.2473 335
0.2474 330
0.2475 324
0.2476 324
0.2477 317
0.2478 319
0.2479 312
0.248 308
0.2481 300
0.2482 300
0.2483 297
0.2484 296
0.2485 292
0.2486 281
0.2487 277
0.2488 273
0.2489 272
0.249 266
0.2491 264
0.2492 263
0.2493 259
0.2494 258
0.2495 254
0.2496 253
0.2497 249
0.2498 246
0.2499 239
0.25 232
