0 910
0.0001 707
0.0002 545
0.0003 468
0.0004 416
0.0005 361
0.0006 338
0.0007 338
0.0008 308
0.0009 315
0.001 313
0.0011 310
0.0012 313
0.0013 313
0.0014 330
0.0015 307
0.0016 300
0.0017 283
0.0018 271
0.0019 277
0.002 281
0.0021 289
0.0022 286
0.0023 286
0.0024 284
0.0025 269
0.0026 268
0.0027 270
0.0028 243
0.0029 247
0.003 254
0.0031 257
0.0032 277
0.0033 267
0.0034 272
0.0035 261
0.0036 260
0.0037 253
0.0038 250
0.0039 253
0.004 267
0.0041 292
0.0042 277
0.0043 278
0.0044 277
0.0045 268
0.0046 266
0.0047 270
0.0048 266
0.0049 279
0.005 279
0.0051 259
0.0052 259
0.0053 241
0.0054 233
0.0055 239
0.0056 248
0.0057 234
0.0058 229
0.0059 229
0.006 225
0.0061 228
0.0062 232
0.0063 227
0.0064 232
0.0065 229
0.0066 226
0.0067 225
0.0068 213
0.0069 237
0.007 225
0.0071 206
0.0072 202
0.0073 201
0.0074 199
0.0075 204
0.0076 203
0.0077 207
0.0078 206
0.0079 212
0.008 219
0.0081 231
0.0082 240
0.0083 239
0.0084 223
0.0085 219
0.0086 221
0.0087 228
0.0088 212
0.0089 225
0.009 218
0.0091 197
0.0092 178
0.0093 188
0.0094 194
0.0095 204
0.0096 211
0.0097 208
0.0098 187
0.0099 190
0.01 183
0.0101 168
0.0102 170
0.0103 185
0.0104 190
0.0105 208
0.0106 193
0.0107 193
0.0108 195
0.0109 196
0.011 200
0.0111 186
0.0112 194
0.0113 195
0.0114 186
0.0115 185
0.0116 186
0.0117 181
0.0118 170
0.0119 169
0.012 165
0.0121 181
0.0122 190
0.0123 183
0.0124 180
0.0125 188
0.0126 179
0.0127 176
0.0128 167
0.0129 158
0.013 163
0.0131 168
0.0132 173
0.0133 170
0.0134 162
0.0135 174
0.0136 181
0.0137 190
0.0138 185
0.0139 187
0.014 172
0.0141 154
0.0142 155
0.0143 157
0.0144 163
0.0145 175
0.0146 169
0.0147 177
0.0148 188
0.0149 176
0.015 160
0.0151 166
0.0152 170
0.0153 180
0.0154 173
0.0155 164
0.0156 158
0.0157 176
0.0158 177
0.0159 170
0.016 163
0.0161 158
0.0162 155
0.0163 158
0.0164 164
0.0165 164
0.0166 157
0.0167 151
0.0168 157
0.0169 151
0.017 157
0.0171 164
0.0172 161
0.0173 147
0.0174 142
0.0175 143
0.0176 150
0.0177 146
0.0178 167
0.0179 165
0.018 155
0.0181 151
0.0182 143
0.0183 144
0.0184 156
0.0185 159
0.0186 168
0.0187 168
0.0188 159
0.0189 154
0.019 156
0.0191 159
0.0192 149
0.0193 147
0.0194 150
0.0195 140
0.0196 142
0.0197 145
0.0198 149
0.0199 155
0.02 147
0.0201 147
0.0202 146
0.0203 142
0.0204 137
0.0205 140
0.0206 140
0.0207 152
0.0208 159
0.0209 156
0.021 151
0.0211 137
0.0212 139
0.0213 137
0.0214 144
0.0215 151
0.0216 145
0.0217 148
0.0218 146
0.0219 134
0.022 132
0.0221 133
0.0222 142
0.0223 141
0.0224 157
0.0225 144
0.0226 145
0.0227 143
0.0228 147
0.0229 137
0.023 144
0.0231 154
0.0232 141
0.0233 143
0.0234 134
0.0235 137
0.0236 137
0.0237 150
0.0238 139
0.0239 124
0.024 124
0.0241 122
0.0242 120
0.0243 116
0.0244 119
0.0245 129
0.0246 119
0.0247 117
0.0248 129
0.0249 129
0.025 135
0.0251 141
0.0252 137
0.0253 130
0.0254 123
0.0255 132
0.0256 132
0.0257 138
0.0258 128
0.0259 129
0.026 123
0.0261 122
0.0262 124
0.0263 121
0.0264 125
0.0265 132
0.0266 116
0.0267 114
0.0268 114
0.0269 111
0.027 114
0.0271 116
0.0272 120
0.0273 114
0.0274 120
0.0275 110
0.0276 118
0.0277 110
0.0278 101
0.0279 105
0.028 105
0.0281 111
0.0282 100
0.0283 107
0.0284 109
0.0285 100
0.0286 99
0.0287 113
0.0288 118
0.0289 110
0.029 117
0.0291 125
0.0292 120
0.0293 122
0.0294 120
0.0295 112
0.0296 114
0.0297 112
0.0298 115
0.0299 112
0.03 114
0.0301 104
0.0302 105
0.0303 104
0.0304 102
0.0305 102
0.0306 97
0.0307 98
0.0308 98
0.0309 106
0.031 102
0.0311 104
0.0312 106
0.0313 105
0.0314 97
0.0315 104
0.0316 105
0.0317 114
0.0318 109
0.0319 104
0.032 102
0.0321 98
0.0322 92
0.0323 92
0.0324 94
0.0325 98
0.0326 97
0.0327 99
0.0328 94
0.0329 102
0.033 93
0.0331 97
0.0332 101
0.0333 107
0.0334 107
0.0335 107
0.0336 106
0.0337 103
0.0338 100
0.0339 95
0.034 96
0.0341 111
0.0342 102
0.0343 107
0.0344 104
0.0345 102
0.0346 97
0.0347 90
0.0348 92
0.0349 94
0.035 94
0.0351 86
0.0352 89
0.0353 87
0.0354 85
0.0355 92
0.0356 101
0.0357 92
0.0358 106
0.0359 97
0.036 99
0.0361 108
0.0362 98
0.0363 92
0.0364 99
0.0365 99
0.0366 95
0.0367 102
0.0368 103
0.0369 99
0.037 100
0.0371 93
0.0372 95
0.0373 93
0.0374 83
0.0375 96
0.0376 89
0.0377 86
0.0378 87
0.0379 73
0.038 80
0.0381 82
0.0382 74
0.0383 80
0.0384 84
0.0385 80
0.0386 86
0.0387 92
0.0388 94
0.0389 88
0.039 94
0.0391 98
0.0392 92
0.0393 89
0.0394 83
0.0395 80
0.0396 76
0.0397 79
0.0398 74
0.0399 70
0.04 64
0.0401 72
0.0402 76
0.0403 78
0.0404 73
0.0405 63
0.0406 64
0.0407 74
0.0408 82
0.0409 82
0.041 74
0.0411 75
0.0412 85
0.0413 84
0.0414 72
0.0415 84
0.0416 86
0.0417 88
0.0418 83
0.0419 89
0.042 91
0.0421 93
0.0422 88
0.0423 83
0.0424 87
0.0425 80
0.0426 78
0.0427 75
0.0428 72
0.0429 66
0.043 65
0.0431 72
0.0432 72
0.0433 70
0.0434 67
0.0435 73
0.0436 76
0.0437 73
0.0438 78
0.0439 79
0.044 69
0.0441 76
0.0442 76
0.0443 78
0.0444 84
0.0445 80
0.0446 71
0.0447 74
0.0448 82
0.0449 73
0.045 70
0.0451 69
0.0452 73
0.0453 73
0.0454 74
0.0455 67
0.0456 67
0.0457 72
0.0458 87
0.0459 79
0.046 73
0.0461 76
0.0462 80
0.0463 72
0.0464 76
0.0465 78
0.0466 73
0.0467 81
0.0468 79
0.0469 81
0.047 78
0.0471 78
0.0472 76
0.0473 69
0.0474 74
0.0475 61
0.0476 64
0.0477 71
0.0478 70
0.0479 73
0.048 68
0.0481 65
0.0482 75
0.0483 83
0.0484 84
0.0485 85
0.0486 77
0.0487 71
0.0488 70
0.0489 68
0.049 69
0.0491 66
0.0492 75
0.0493 73
0.0494 67
0.0495 67
0.0496 74
0.0497 66
0.0498 68
0.0499 76
0.05 73
0.0501 75
0.0502 75
0.0503 79
0.0504 67
0.0505 69
0.0506 71
0.0507 67
0.0508 71
0.0509 71
0.051 68
0.0511 74
0.0512 70
0.0513 68
0.0514 67
0.0515 74
0.0516 79
0.0517 83
0.0518 76
0.0519 82
0.052 91
0.0521 87
0.0522 84
0.0523 75
0.0524 82
0.0525 76
0.0526 77
0.0527 77
0.0528 74
0.0529 77
0.053 78
0.0531 80
0.0532 81
0.0533 79
0.0534 78
0.0535 80
0.0536 75
0.0537 73
0.0538 78
0.0539 88
0.054 91
0.0541 78
0.0542 70
0.0543 77
0.0544 86
0.0545 82
0.0546 83
0.0547 87
0.0548 82
0.0549 82
0.055 85
0.0551 79
0.0552 76
0.0553 81
0.0554 81
0.0555 65
0.0556 73
0.0557 77
0.0558 82
0.0559 82
0.056 70
0.0561 76
0.0562 79
0.0563 81
0.0564 80
0.0565 92
0.0566 82
0.0567 71
0.0568 75
0.0569 72
0.057 77
0.0571 78
0.0572 80
0.0573 74
0.0574 63
0.0575 73
0.0576 75
0.0577 70
0.0578 69
0.0579 76
0.058 78
0.0581 82
0.0582 84
0.0583 85
0.0584 83
0.0585 81
0.0586 70
0.0587 60
0.0588 71
0.0589 72
0.059 68
0.0591 82
0.0592 72
0.0593 73
0.0594 61
0.0595 63
0.0596 61
0.0597 67
0.0598 67
0.0599 66
0.06 65
0.0601 71
0.0602 80
0.0603 79
0.0604 75
0.0605 85
0.0606 80
0.0607 75
0.0608 82
0.0609 70
0.061 78
0.0611 73
0.0612 85
0.0613 82
0.0614 80
0.0615 75
0.0616 75
0.0617 78
0.0618 67
0.0619 66
0.062 72
0.0621 71
0.0622 61
0.0623 66
0.0624 62
0.0625 62
0.0626 66
0.0627 71
0.0628 63
0.0629 69
0.063 60
0.0631 64
0.0632 64
0.0633 54
0.0634 55
0.0635 62
0.0636 61
0.0637 66
0.0638 66
0.0639 68
0.064 65
0.0641 75
0.0642 74
0.0643 72
0.0644 71
0.0645 62
0.0646 69
0.0647 67
0.0648 73
0.0649 67
0.065 63
0.0651 65
0.0652 60
0.0653 59
0.0654 78
0.0655 76
0.0656 76
0.0657 68
0.0658 69
0.0659 67
0.066 67
0.0661 63
0.0662 58
0.0663 60
0.0664 54
0.0665 58
0.0666 56
0.0667 63
0.0668 63
0.0669 60
0.067 73
0.0671 69
0.0672 60
0.0673 64
0.0674 61
0.0675 62
0.0676 56
0.0677 61
0.0678 69
0.0679 63
0.068 52
0.0681 57
0.0682 59
0.0683 74
0.0684 65
0.0685 66
0.0686 68
0.0687 65
0.0688 59
0.0689 64
0.069 59
0.0691 62
0.0692 66
0.0693 68
0.0694 59
0.0695 59
0.0696 67
0.0697 65
0.0698 69
0.0699 73
0.07 70
0.0701 72
0.0702 74
0.0703 66
0.0704 73
0.0705 74
0.0706 64
0.0707 70
0.0708 70
0.0709 67
0.071 61
0.0711 56
0.0712 68
0.0713 63
0.0714 67
0.0715 69
0.0716 65
0.0717 70
0.0718 71
0.0719 79
0.072 67
0.0721 68
0.0722 78
0.0723 82
0.0724 67
0.0725 65
0.0726 61
0.0727 60
0.0728 64
0.0729 64
0.073 65
0.0731 64
0.0732 67
0.0733 68
0.0734 73
0.0735 62
0.0736 61
0.0737 55
0.0738 56
0.0739 64
0.074 70
0.0741 65
0.0742 67
0.0743 67
0.0744 62
0.0745 71
0.0746 74
0.0747 72
0.0748 67
0.0749 75
0.075 78
0.0751 76
0.0752 68
0.0753 76
0.0754 71
0.0755 70
0.0756 65
0.0757 62
0.0758 63
0.0759 66
0.076 63
0.0761 60
0.0762 62
0.0763 59
0.0764 59
0.0765 57
0.0766 55
0.0767 60
0.0768 58
0.0769 57
0.077 59
0.0771 59
0.0772 61
0.0773 65
0.0774 53
0.0775 53
0.0776 62
0.0777 54
0.0778 60
0.0779 59
0.078 60
0.0781 56
0.0782 56
0.0783 58
0.0784 58
0.0785 49
0.0786 49
0.0787 49
0.0788 49
0.0789 54
0.079 52
0.0791 47
0.0792 48
0.0793 47
0.0794 43
0.0795 51
0.0796 53
0.0797 53
0.0798 52
0.0799 46
0.08 53
0.0801 55
0.0802 60
0.0803 52
0.0804 51
0.0805 47
0.0806 42
0.0807 50
0.0808 53
0.0809 43
0.081 40
0.0811 41
0.0812 33
0.0813 42
0.0814 50
0.0815 55
0.0816 60
0.0817 56
0.0818 57
0.0819 49
0.082 51
0.0821 52
0.0822 52
0.0823 47
0.0824 52
0.0825 52
0.0826 51
0.0827 41
0.0828 45
0.0829 46
0.083 47
0.0831 47
0.0832 52
0.0833 54
0.0834 52
0.0835 48
0.0836 55
0.0837 48
0.0838 50
0.0839 41
0.084 47
0.0841 49
0.0842 42
0.0843 41
0.0844 45
0.0845 46
0.0846 39
0.0847 42
0.0848 46
0.0849 45
0.085 44
0.0851 44
0.0852 51
0.0853 52
0.0854 54
0.0855 57
0.0856 58
0.0857 53
0.0858 59
0.0859 57
0.086 58
0.0861 52
0.0862 54
0.0863 56
0.0864 54
0.0865 52
0.0866 49
0.0867 44
0.0868 42
0.0869 46
0.087 42
0.0871 50
0.0872 45
0.0873 49
0.0874 42
0.0875 47
0.0876 52
0.0877 60
0.0878 54
0.0879 47
0.088 51
0.0881 49
0.0882 51
0.0883 52
0.0884 51
0.0885 53
0.0886 54
0.0887 52
0.0888 48
0.0889 45
0.089 47
0.0891 42
0.0892 46
0.0893 46
0.0894 50
0.0895 54
0.0896 53
0.0897 60
0.0898 60
0.0899 56
0.09 55
0.0901 48
0.0902 54
0.0903 51
0.0904 50
0.0905 47
0.0906 50
0.0907 41
0.0908 31
0.0909 37
0.091 39
0.0911 43
0.0912 43
0.0913 49
0.0914 46
0.0915 37
0.0916 36
0.0917 32
0.0918 34
0.0919 40
0.092 39
0.0921 40
0.0922 38
0.0923 42
0.0924 48
0.0925 47
0.0926 49
0.0927 46
0.0928 38
0.0929 42
0.093 45
0.0931 41
0.0932 42
0.0933 42
0.0934 41
0.0935 41
0.0936 40
0.0937 42
0.0938 38
0.0939 35
0.094 38
0.0941 45
0.0942 46
0.0943 53
0.0944 48
0.0945 46
0.0946 45
0.0947 47
0.0948 44
0.0949 46
0.095 52
0.0951 48
0.0952 50
0.0953 48
0.0954 53
0.0955 54
0.0956 53
0.0957 49
0.0958 49
0.0959 58
0.096 49
0.0961 45
0.0962 48
0.0963 45
0.0964 44
0.0965 38
0.0966 38
0.0967 48
0.0968 45
0.0969 49
0.097 52
0.0971 49
0.0972 45
0.0973 48
0.0974 46
0.0975 47
0.0976 44
0.0977 47
0.0978 45
0.0979 53
0.098 58
0.0981 58
0.0982 50
0.0983 53
0.0984 52
0.0985 52
0.0986 49
0.0987 49
0.0988 45
0.0989 49
0.099 42
0.0991 42
0.0992 43
0.0993 41
0.0994 43
0.0995 40
0.0996 35
0.0997 40
0.0998 38
0.0999 41
0.1 39
