0 0
0.0001 0
0.0002 0
0.0003 0
0.0004 0
0.0005 0
0.0006 0
0.0007 0
0.0008 0
0.0009 0
0.001 0
0.0011 0
0.0012 1
0.0013 1
0.0014 1
0.0015 0
0.0016 0
0.0017 0
0.0018 0
0.0019 0
0.002 0
0.0021 0
0.0022 0
0.0023 0
0.0024 0
0.0025 0
0.0026 0
0.0027 0
0.0028 0
0.0029 0
0.003 0
0.0031 0
0.0032 0
0.0033 0
0.0034 0
0.0035 1
0.0036 1
0.0037 1
0.0038 1
0.0039 1
0.004 1
0.0041 1
0.0042 1
0.0043 1
0.0044 1
0.0045 1
0.0046 1
0.0047 1
0.0048 1
0.0049 1
0.005 2
0.0051 2
0.0052 2
0.0053 1
0.0054 1
0.0055 1
0.0056 1
0.0057 1
0.0058 1
0.0059 2
0.006 2
0.0061 2
0.0062 2
0.0063 2
0.0064 2
0.0065 2
0.0066 2
0.0067 2
0.0068 1
0.0069 1
0.007 1
0.0071 1
0.0072 1
0.0073 2
0.0074 2
0.0075 3
0.0076 3
0.0077 3
0.0078 3
0.0079 3
0.008 4
0.0081 4
0.0082 4
0.0083 4
0.0084 4
0.0085 5
0.0086 5
0.0087 4
0.0088 4
0.0089 4
0.009 4
0.0091 3
0.0092 1
0.0093 1
0.0094 1
0.0095 1
0.0096 1
0.0097 1
0.0098 1
0.0099 2
0.01 2
0.0101 1
0.0102 1
0.0103 1
0.0104 1
0.0105 1
0.0106 2
0.0107 3
0.0108 3
0.0109 3
0.011 3
0.0111 3
0.0112 3
0.0113 3
0.0114 3
0.0115 3
0.0116 3
0.0117 3
0.0118 3
0.0119 3
0.012 3
0.0121 2
0.0122 2
0.0123 2
0.0124 2
0.0125 2
0.0126 2
0.0127 3
0.0128 3
0.0129 3
0.013 3
0.0131 3
0.0132 4
0.0133 4
0.0134 4
0.0135 4
0.0136 4
0.0137 4
0.0138 4
0.0139 4
0.014 4
0.0141 3
0.0142 3
0.0143 3
0.0144 3
0.0145 3
0.0146 4
0.0147 3
0.0148 3
0.0149 3
0.015 3
0.0151 2
0.0152 3
0.0153 3
0.0154 3
0.0155 3
0.0156 3
0.0157 3
0.0158 3
0.0159 3
0.016 3
0.0161 4
0.0162 4
0.0163 4
0.0164 4
0.0165 3
0.0166 2
0.0167 3
0.0168 3
0.0169 3
0.017 3
0.0171 3
0.0172 3
0.0173 3
0.0174 2
0.0175 2
0.0176 2
0.0177 2
0.0178 3
0.0179 2
0.018 3
0.0181 3
0.0182 3
0.0183 3
0.0184 3
0.0185 5
0.0186 5
0.0187 5
0.0188 3
0.0189 3
0.019 4
0.0191 5
0.0192 5
0.0193 5
0.0194 5
0.0195 4
0.0196 4
0.0197 4
0.0198 5
0.0199 5
0.02 4
0.0201 3
0.0202 3
0.0203 3
0.0204 3
0.0205 3
0.0206 3
0.0207 4
0.0208 4
0.0209 3
0.021 3
0.0211 2
0.0212 2
0.0213 2
0.0214 2
0.0215 1
0.0216 2
0.0217 2
0.0218 2
0.0219 2
0.022 2
0.0221 2
0.0222 2
0.0223 2
0.0224 2
0.0225 2
0.0226 2
0.0227 2
0.0228 2
0.0229 2
0.023 2
0.0231 2
0.0232 2
0.0233 3
0.0234 3
0.0235 3
0.0236 3
0.0237 4
0.0238 5
0.0239 5
0.024 5
0.0241 5
0.0242 4
0.0243 4
0.0244 4
0.0245 4
0.0246 4
0.0247 4
0.0248 4
0.0249 4
0.025 4
0.0251 4
0.0252 4
0.0253 4
0.0254 4
0.0255 4
0.0256 4
0.0257 4
0.0258 4
0.0259 4
0.026 3
0.0261 3
0.0262 1
0.0263 1
0.0264 1
0.0265 1
0.0266 1
0.0267 1
0.0268 1
0.0269 1
0.027 1
0.0271 1
0.0272 1
0.0273 2
0.0274 3
0.0275 3
0.0276 3
0.0277 2
0.0278 2
0.0279 2
0.028 2
0.0281 2
0.0282 2
0.0283 2
0.0284 4
0.0285 4
0.0286 4
0.0287 4
0.0288 4
0.0289 3
0.029 4
0.0291 4
0.0292 5
0.0293 5
0.0294 5
0.0295 5
0.0296 5
0.0297 5
0.0298 5
0.0299 6
0.03 6
0.0301 5
0.0302 4
0.0303 4
0.0304 4
0.0305 4
0.0306 4
0.0307 3
0.0308 3
0.0309 3
0.031 4
0.0311 4
0.0312 4
0.0313 4
0.0314 4
0.0315 4
0.0316 4
0.0317 4
0.0318 4
0.0319 4
0.032 4
0.0321 5
0.0322 5
0.0323 6
0.0324 6
0.0325 6
0.0326 7
0.0327 6
0.0328 6
0.0329 5
0.033 5
0.0331 4
0.0332 4
0.0333 3
0.0334 4
0.0335 4
0.0336 4
0.0337 4
0.0338 4
0.0339 3
0.034 3
0.0341 2
0.0342 1
0.0343 1
0.0344 1
0.0345 1
0.0346 1
0.0347 1
0.0348 1
0.0349 1
0.035 1
0.0351 2
0.0352 2
0.0353 2
0.0354 3
0.0355 4
0.0356 4
0.0357 4
0.0358 4
0.0359 4
0.036 4
0.0361 4
0.0362 4
0.0363 4
0.0364 4
0.0365 3
0.0366 3
0.0367 3
0.0368 3
0.0369 3
0.037 1
0.0371 1
0.0372 1
0.0373 1
0.0374 1
0.0375 1
0.0376 1
0.0377 1
0.0378 0
0.0379 0
0.038 0
0.0381 0
0.0382 0
0.0383 1
0.0384 1
0.0385 1
0.0386 1
0.0387 1
0.0388 1
0.0389 1
0.039 2
0.0391 2
0.0392 2
0.0393 3
0.0394 3
0.0395 3
0.0396 3
0.0397 3
0.0398 3
0.0399 3
0.04 3
0.0401 3
0.0402 5
0.0403 4
0.0404 4
0.0405 5
0.0406 5
0.0407 2
0.0408 2
0.0409 2
0.041 3
0.0411 2
0.0412 2
0.0413 2
0.0414 2
0.0415 2
0.0416 4
0.0417 4
0.0418 4
0.0419 5
0.042 4
0.0421 4
0.0422 3
0.0423 3
0.0424 3
0.0425 3
0.0426 3
0.0427 3
0.0428 3
0.0429 3
0.043 3
0.0431 4
0.0432 4
0.0433 4
0.0434 4
0.0435 4
0.0436 4
0.0437 5
0.0438 5
0.0439 5
0.044 5
0.0441 5
0.0442 5
0.0443 5
0.0444 6
0.0445 7
0.0446 6
0.0447 5
0.0448 5
0.0449 4
0.045 4
0.0451 3
0.0452 2
0.0453 3
0.0454 3
0.0455 2
0.0456 2
0.0457 3
0.0458 3
0.0459 3
0.046 3
0.0461 3
0.0462 3
0.0463 3
0.0464 3
0.0465 4
0.0466 4
0.0467 3
0.0468 4
0.0469 4
0.047 4
0.0471 3
0.0472 3
0.0473 4
0.0474 4
0.0475 4
0.0476 4
0.0477 4
0.0478 5
0.0479 5
0.048 5
0.0481 5
0.0482 5
0.0483 5
0.0484 6
0.0485 6
0.0486 6
0.0487 6
0.0488 6
0.0489 5
0.049 4
0.0491 4
0.0492 4
0.0493 4
0.0494 3
0.0495 3
0.0496 3
0.0497 3
0.0498 3
0.0499 3
0.05 3
0.0501 3
0.0502 4
0.0503 5
0.0504 6
0.0505 7
0.0506 8
0.0507 7
0.0508 6
0.0509 6
0.051 6
0.0511 6
0.0512 6
0.0513 5
0.0514 4
0.0515 4
0.0516 4
0.0517 3
0.0518 3
0.0519 3
0.052 3
0.0521 3
0.0522 3
0.0523 3
0.0524 3
0.0525 3
0.0526 3
0.0527 3
0.0528 2
0.0529 2
0.053 2
0.0531 5
0.0532 5
0.0533 5
0.0534 5
0.0535 5
0.0536 3
0.0537 3
0.0538 4
0.0539 4
0.054 4
0.0541 4
0.0542 4
0.0543 4
0.0544 4
0.0545 4
0.0546 4
0.0547 5
0.0548 4
0.0549 3
0.055 3
0.0551 2
0.0552 1
0.0553 1
0.0554 1
0.0555 1
0.0556 1
0.0557 1
0.0558 1
0.0559 1
0.056 1
0.0561 1
0.0562 1
0.0563 1
0.0564 1
0.0565 1
0.0566 1
0.0567 1
0.0568 1
0.0569 1
0.057 1
0.0571 2
0.0572 2
0.0573 2
0.0574 2
0.0575 2
0.0576 2
0.0577 3
0.0578 3
0.0579 3
0.058 3
0.0581 3
0.0582 3
0.0583 3
0.0584 3
0.0585 3
0.0586 3
0.0587 3
0.0588 3
0.0589 2
0.059 3
0.0591 3
0.0592 3
0.0593 3
0.0594 3
0.0595 3
0.0596 3
0.0597 3
0.0598 5
0.0599 6
0.06 6
0.0601 6
0.0602 6
0.0603 6
0.0604 7
0.0605 7
0.0606 6
0.0607 6
0.0608 6
0.0609 6
0.061 6
0.0611 6
0.0612 7
0.0613 7
0.0614 7
0.0615 6
0.0616 7
0.0617 7
0.0618 7
0.0619 7
0.062 7
0.0621 7
0.0622 7
0.0623 7
0.0624 7
0.0625 7
0.0626 7
0.0627 7
0.0628 6
0.0629 6
0.063 6
0.0631 6
0.0632 6
0.0633 6
0.0634 5
0.0635 5
0.0636 5
0.0637 4
0.0638 4
0.0639 4
0.064 4
0.0641 4
0.0642 3
0.0643 3
0.0644 2
0.0645 2
0.0646 2
0.0647 2
0.0648 1
0.0649 1
0.065 1
0.0651 1
0.0652 0
0.0653 0
0.0654 0
0.0655 0
0.0656 0
0.0657 0
0.0658 0
0.0659 0
0.066 0
0.0661 0
0.0662 1
0.0663 1
0.0664 1
0.0665 1
0.0666 1
0.0667 2
0.0668 3
0.0669 3
0.067 3
0.0671 3
0.0672 4
0.0673 4
0.0674 3
0.0675 3
0.0676 4
0.0677 4
0.0678 4
0.0679 3
0.068 3
0.0681 3
0.0682 3
0.0683 3
0.0684 4
0.0685 4
0.0686 4
0.0687 4
0.0688 5
0.0689 5
0.069 3
0.0691 3
0.0692 3
0.0693 3
0.0694 3
0.0695 3
0.0696 3
0.0697 3
0.0698 3
0.0699 3
0.07 3
0.0701 3
0.0702 3
0.0703 2
0.0704 2
0.0705 2
0.0706 2
0.0707 3
0.0708 3
0.0709 1
0.071 1
0.0711 1
0.0712 1
0.0713 1
0.0714 2
0.0715 2
0.0716 2
0.0717 2
0.0718 2
0.0719 2
0.072 3
0.0721 3
0.0722 3
0.0723 3
0.0724 3
0.0725 3
0.0726 4
0.0727 4
0.0728 4
0.0729 4
0.073 3
0.0731 3
0.0732 4
0.0733 4
0.0734 5
0.0735 5
0.0736 5
0.0737 5
0.0738 5
0.0739 5
0.074 5
0.0741 5
0.0742 5
0.0743 5
0.0744 6
0.0745 6
0.0746 7
0.0747 7
0.0748 6
0.0749 6
0.075 5
0.0751 5
0.0752 6
0.0753 6
0.0754 6
0.0755 6
0.0756 7
0.0757 6
0.0758 6
0.0759 6
0.076 6
0.0761 7
0.0762 7
0.0763 7
0.0764 7
0.0765 7
0.0766 7
0.0767 6
0.0768 7
0.0769 7
0.077 6
0.0771 6
0.0772 5
0.0773 5
0.0774 3
0.0775 3
0.0776 4
0.0777 4
0.0778 4
0.0779 4
0.078 4
0.0781 4
0.0782 4
0.0783 4
0.0784 4
0.0785 4
0.0786 4
0.0787 4
0.0788 5
0.0789 5
0.079 5
0.0791 5
0.0792 5
0.0793 6
0.0794 6
0.0795 5
0.0796 6
0.0797 6
0.0798 6
0.0799 5
0.08 5
0.0801 5
0.0802 4
0.0803 4
0.0804 5
0.0805 4
0.0806 4
0.0807 4
0.0808 3
0.0809 3
0.081 4
0.0811 4
0.0812 4
0.0813 4
0.0814 4
0.0815 4
0.0816 4
0.0817 4
0.0818 4
0.0819 4
0.082 4
0.0821 5
0.0822 5
0.0823 5
0.0824 4
0.0825 4
0.0826 4
0.0827 4
0.0828 4
0.0829 4
0.083 4
0.0831 4
0.0832 4
0.0833 4
0.0834 4
0.0835 5
0.0836 5
0.0837 6
0.0838 5
0.0839 5
0.084 5
0.0841 5
0.0842 5
0.0843 5
0.0844 5
0.0845 5
0.0846 5
0.0847 6
0.0848 6
0.0849 6
0.085 6
0.0851 6
0.0852 6
0.0853 5
0.0854 4
0.0855 3
0.0856 2
0.0857 2
0.0858 3
0.0859 4
0.086 4
0.0861 4
0.0862 4
0.0863 4
0.0864 4
0.0865 4
0.0866 3
0.0867 3
0.0868 3
0.0869 4
0.087 3
0.0871 4
0.0872 4
0.0873 4
0.0874 4
0.0875 4
0.0876 4
0.0877 4
0.0878 5
0.0879 5
0.088 5
0.0881 5
0.0882 5
0.0883 5
0.0884 5
0.0885 5
0.0886 4
0.0887 4
0.0888 4
0.0889 5
0.089 5
0.0891 5
0.0892 5
0.0893 5
0.0894 5
0.0895 5
0.0896 5
0.0897 5
0.0898 4
0.0899 4
0.09 4
0.0901 4
0.0902 4
0.0903 5
0.0904 5
0.0905 4
0.0906 3
0.0907 3
0.0908 3
0.0909 4
0.091 4
0.0911 4
0.0912 3
0.0913 3
0.0914 3
0.0915 3
0.0916 2
0.0917 2
0.0918 2
0.0919 2
0.092 2
0.0921 3
0.0922 3
0.0923 3
0.0924 3
0.0925 3
0.0926 3
0.0927 4
0.0928 4
0.0929 4
0.093 4
0.0931 4
0.0932 4
0.0933 4
0.0934 4
0.0935 5
0.0936 5
0.0937 5
0.0938 5
0.0939 3
0.094 3
0.0941 3
0.0942 3
0.0943 5
0.0944 6
0.0945 5
0.0946 5
0.0947 5
0.0948 4
0.0949 4
0.095 4
0.0951 5
0.0952 5
0.0953 6
0.0954 6
0.0955 6
0.0956 4
0.0957 4
0.0958 3
0.0959 3
0.096 3
0.0961 3
0.0962 2
0.0963 2
0.0964 2
0.0965 2
0.0966 3
0.0967 3
0.0968 3
0.0969 3
0.097 3
0.0971 2
0.0972 2
0.0973 2
0.0974 3
0.0975 3
0.0976 3
0.0977 4
0.0978 4
0.0979 5
0.098 5
0.0981 5
0.0982 6
0.0983 6
0.0984 5
0.0985 4
0.0986 4
0.0987 4
0.0988 5
0.0989 5
0.099 5
0.0991 5
0.0992 5
0.0993 5
0.0994 5
0.0995 5
0.0996 5
0.0997 5
0.0998 5
0.0999 5
0.1 5
