0 0
0.0001 0
0.0002 0
0.0003 0
0.0004 0
0.0005 0
0.0006 0
0.0007 0
0.0008 0
0.0009 0
0.001 0
0.0011 0
0.0012 0
0.0013 0
0.0014 0
0.0015 0
0.0016 0
0.0017 0
0.0018 0
0.0019 1
0.002 1
0.0021 1
0.0022 1
0.0023 2
0.0024 3
0.0025 5
0.0026 5
0.0027 5
0.0028 5
0.0029 6
0.003 6
0.0031 7
0.0032 8
0.0033 8
0.0034 8
0.0035 11
0.0036 12
0.0037 15
0.0038 15
0.0039 15
0.004 17
0.0041 20
0.0042 23
0.0043 25
0.0044 26
0.0045 27
0.0046 27
0.0047 29
0.0048 30
0.0049 31
0.005 34
0.0051 37
0.0052 38
0.0053 40
0.0054 45
0.0055 49
0.0056 50
0.0057 58
0.0058 63
0.0059 67
0.006 72
0.0061 77
0.0062 82
0.0063 88
0.0064 93
0.0065 101
0.0066 106
0.0067 106
0.0068 108
0.0069 115
0.007 120
0.0071 123
0.0072 130
0.0073 133
0.0074 142
0.0075 146
0.0076 152
0.0077 152
0.0078 160
0.0079 165
0.008 173
0.0081 180
0.0082 192
0.0083 197
0.0084 202
0.0085 206
0.0086 216
0.0087 226
0.0088 230
0.0089 241
0.009 248
0.0091 255
0.0092 260
0.0093 264
0.0094 270
0.0095 278
0.0096 283
0.0097 287
0.0098 293
0.0099 299
0.01 311
0.0101 315
0.0102 320
0.0103 326
0.0104 335
0.0105 341
0.0106 348
0.0107 359
0.0108 364
0.0109 372
0.011 380
0.0111 385
0.0112 396
0.0113 399
0.0114 405
0.0115 413
0.0116 420
0.0117 431
0.0118 443
0.0119 452
0.012 464
0.0121 472
0.0122 481
0.0123 495
0.0124 502
0.0125 513
0.0126 522
0.0127 527
0.0128 536
0.0129 550
0.013 559
0.0131 571
0.0132 580
0.0133 591
0.0134 601
0.0135 614
0.0136 619
0.0137 629
0.0138 636
0.0139 642
0.014 653
0.0141 663
0.0142 667
0.0143 674
0.0144 692
0.0145 701
0.0146 711
0.0147 724
0.0148 733
0.0149 746
0.015 753
0.0151 762
0.0152 774
0.0153 782
0.0154 792
0.0155 802
0.0156 816
0.0157 835
0.0158 842
0.0159 853
0.016 862
0.0161 871
0.0162 877
0.0163 890
0.0164 900
0.0165 909
0.0166 920
0.0167 933
0.0168 946
0.0169 963
0.017 971
0.0171 989
0.0172 999
0.0173 1009
0.0174 1022
0.0175 1030
0.0176 1045
0.0177 1049
0.0178 1053
0.0179 1075
0.018 1080
0.0181 1083
0.0182 1092
0.0183 1102
0.0184 1116
0.0185 1129
0.0186 1141
0.0187 1149
0.0188 1165
0.0189 1175
0.019 1184
0.0191 1193
0.0192 1208
0.0193 1226
0.0194 1232
0.0195 1244
0.0196 1253
0.0197 1259
0.0198 1272
0.0199 1281
0.02 1288
0.0201 1298
0.0202 1310
0.0203 1327
0.0204 1342
0.0205 1353
0.0206 1363
0.0207 1371
0.0208 1380
0.0209 1387
0.021 1405
0.0211 1418
0.0212 1427
0.0213 1437
0.0214 1450
0.0215 1452
0.0216 1469
0.0217 1485
0.0218 1488
0.0219 1495
0.022 1501
0.0221 1519
0.0222 1529
0.0223 1543
0.0224 1558
0.0225 1564
0.0226 1575
0.0227 1590
0.0228 1598
0.0229 1599
0.023 1612
0.0231 1616
0.0232 1621
0.0233 1635
0.0234 1641
0.0235 1656
0.0236 1670
0.0237 1683
0.0238 1695
0.0239 1704
0.024 1710
0.0241 1719
0.0242 1727
0.0243 1730
0.0244 1724
0.0245 1734
0.0246 1738
0.0247 1721
0.0248 1716
0.0249 1702
0.025 1677
0.0251 1642
0.0252 1600
0.0253 1562
0.0254 1541
0.0255 1513
0.0256 1481
0.0257 1446
0.0258 1414
0.0259 1384
0.026 1349
0.0261 1326
0.0262 1298
0.0263 1273
0.0264 1249
0.0265 1227
0.0266 1206
0.0267 1189
0.0268 1165
0.0269 1144
0.027 1126
0.0271 1105
0.0272 1076
0.0273 1058
0.0274 1028
0.0275 1007
0.0276 997
0.0277 989
0.0278 968
0.0279 955
0.028 940
0.0281 921
0.0282 914
0.0283 902
0.0284 882
0.0285 879
0.0286 869
0.0287 853
0.0288 826
0.0289 806
0.029 790
0.0291 781
0.0292 770
0.0293 749
0.0294 738
0.0295 722
0.0296 712
0.0297 692
0.0298 675
0.0299 664
0.03 640
0.0301 629
0.0302 632
0.0303 627
0.0304 624
0.0305 623
0.0306 616
0.0307 602
0.0308 595
0.0309 585
0.031 578
0.0311 572
0.0312 560
0.0313 544
0.0314 529
0.0315 516
0.0316 502
0.0317 496
0.0318 488
0.0319 484
0.032 475
0.0321 468
0.0322 460
0.0323 456
0.0324 445
0.0325 436
0.0326 426
0.0327 418
0.0328 417
0.0329 417
0.033 417
0.0331 415
0.0332 421
0.0333 419
0.0334 424
0.0335 417
0.0336 413
0.0337 416
0.0338 409
0.0339 406
0.034 396
0.0341 393
0.0342 394
0.0343 393
0.0344 386
0.0345 380
0.0346 377
0.0347 370
0.0348 366
0.0349 361
0.035 353
0.0351 347
0.0352 344
0.0353 338
0.0354 331
0.0355 325
0.0356 333
0.0357 329
0.0358 327
0.0359 324
0.036 324
0.0361 334
0.0362 337
0.0363 334
0.0364 331
0.0365 325
0.0366 323
0.0367 318
0.0368 318
0.0369 318
0.037 325
0.0371 323
0.0372 326
0.0373 331
0.0374 334
0.0375 328
0.0376 324
0.0377 326
0.0378 328
0.0379 330
0.038 336
0.0381 332
0.0382 328
0.0383 331
0.0384 331
0.0385 328
0.0386 324
0.0387 321
0.0388 327
0.0389 327
0.039 333
0.0391 326
0.0392 318
0.0393 317
0.0394 316
0.0395 317
0.0396 314
0.0397 310
0.0398 310
0.0399 304
0.04 304
0.0401 298
0.0402 301
0.0403 291
0.0404 286
0.0405 280
0.0406 281
0.0407 279
0.0408 279
0.0409 279
0.041 277
0.0411 279
0.0412 272
0.0413 260
0.0414 258
0.0415 263
0.0416 261
0.0417 258
0.0418 254
0.0419 251
0.042 251
0.0421 251
0.0422 251
0.0423 248
0.0424 258
0.0425 256
0.0426 260
0.0427 267
0.0428 270
0.0429 273
0.043 282
0.0431 283
0.0432 292
0.0433 289
0.0434 285
0.0435 286
0.0436 285
0.0437 279
0.0438 276
0.0439 267
0.044 259
0.0441 256
0.0442 253
0.0443 252
0.0444 254
0.0445 250
0.0446 252
0.0447 252
0.0448 256
0.0449 259
0.045 259
0.0451 259
0.0452 261
0.0453 257
0.0454 265
0.0455 269
0.0456 274
0.0457 276
0.0458 273
0.0459 271
0.046 264
0.0461 262
0.0462 260
0.0463 255
0.0464 246
0.0465 248
0.0466 247
0.0467 249
0.0468 246
0.0469 245
0.047 238
0.0471 233
0.0472 238
0.0473 246
0.0474 253
0.0475 249
0.0476 259
0.0477 276
0.0478 279
0.0479 281
0.048 282
0.0481 291
0.0482 308
0.0483 313
0.0484 319
0.0485 315
0.0486 315
0.0487 316
0.0488 301
0.0489 299
0.049 293
0.0491 288
0.0492 287
0.0493 280
0.0494 281
0.0495 280
0.0496 281
0.0497 283
0.0498 287
0.0499 291
0.05 296
0.0501 296
0.0502 301
0.0503 294
0.0504 289
0.0505 283
0.0506 279
0.0507 273
0.0508 274
0.0509 274
0.051 275
0.0511 274
0.0512 273
0.0513 270
0.0514 268
0.0515 258
0.0516 255
0.0517 255
0.0518 256
0.0519 259
0.052 263
0.0521 258
0.0522 260
0.0523 261
0.0524 261
0.0525 269
0.0526 272
0.0527 277
0.0528 277
0.0529 274
0.053 272
0.0531 276
0.0532 279
0.0533 281
0.0534 282
0.0535 282
0.0536 279
0.0537 268
0.0538 266
0.0539 264
0.054 263
0.0541 258
0.0542 259
0.0543 252
0.0544 250
0.0545 251
0.0546 248
0.0547 250
0.0548 257
0.0549 258
0.055 261
0.0551 252
0.0552 249
0.0553 246
0.0554 251
0.0555 251
0.0556 256
0.0557 262
0.0558 273
0.0559 272
0.056 268
0.0561 266
0.0562 264
0.0563 265
0.0564 259
0.0565 260
0.0566 261
0.0567 265
0.0568 267
0.0569 274
0.057 272
0.0571 281
0.0572 286
0.0573 293
0.0574 290
0.0575 283
0.0576 279
0.0577 278
0.0578 276
0.0579 276
0.058 281
0.0581 276
0.0582 277
0.0583 280
0.0584 282
0.0585 294
0.0586 294
0.0587 296
0.0588 291
0.0589 286
0.059 295
0.0591 300
0.0592 308
0.0593 309
0.0594 304
0.0595 308
0.0596 307
0.0597 311
0.0598 311
0.0599 310
0.06 309
0.0601 307
0.0602 305
0.0603 305
0.0604 304
0.0605 305
0.0606 306
0.0607 306
0.0608 300
0.0609 302
0.061 304
0.0611 300
0.0612 293
0.0613 285
0.0614 287
0.0615 292
0.0616 287
0.0617 281
0.0618 277
0.0619 276
0.062 273
0.0621 267
0.0622 258
0.0623 258
0.0624 253
0.0625 251
0.0626 253
0.0627 252
0.0628 249
0.0629 243
0.063 246
0.0631 243
0.0632 244
0.0633 244
0.0634 242
0.0635 239
0.0636 239
0.0637 239
0.0638 241
0.0639 235
0.064 237
0.0641 237
0.0642 238
0.0643 239
0.0644 235
0.0645 235
0.0646 228
0.0647 225
0.0648 221
0.0649 216
0.065 219
0.0651 221
0.0652 224
0.0653 228
0.0654 228
0.0655 222
0.0656 218
0.0657 220
0.0658 217
0.0659 227
0.066 225
0.0661 223
0.0662 221
0.0663 219
0.0664 214
0.0665 213
0.0666 208
0.0667 208
0.0668 210
0.0669 211
0.067 217
0.0671 214
0.0672 210
0.0673 213
0.0674 218
0.0675 217
0.0676 216
0.0677 218
0.0678 218
0.0679 222
0.068 221
0.0681 218
0.0682 219
0.0683 222
0.0684 222
0.0685 220
0.0686 211
0.0687 207
0.0688 201
0.0689 197
0.069 192
0.0691 188
0.0692 193
0.0693 194
0.0694 196
0.0695 199
0.0696 204
0.0697 211
0.0698 213
0.0699 217
0.07 216
0.0701 217
0.0702 218
0.0703 218
0.0704 220
0.0705 216
0.0706 213
0.0707 212
0.0708 215
0.0709 212
0.071 215
0.0711 214
0.0712 214
0.0713 209
0.0714 207
0.0715 208
0.0716 209
0.0717 206
0.0718 205
0.0719 210
0.072 211
0.0721 211
0.0722 214
0.0723 217
0.0724 216
0.0725 216
0.0726 219
0.0727 216
0.0728 214
0.0729 217
0.073 216
0.0731 213
0.0732 218
0.0733 221
0.0734 226
0.0735 231
0.0736 238
0.0737 243
0.0738 249
0.0739 250
0.074 250
0.0741 247
0.0742 250
0.0743 250
0.0744 252
0.0745 256
0.0746 254
0.0747 249
0.0748 254
0.0749 261
0.075 263
0.0751 263
0.0752 259
0.0753 257
0.0754 258
0.0755 258
0.0756 253
0.0757 248
0.0758 244
0.0759 241
0.076 238
0.0761 232
0.0762 227
0.0763 220
0.0764 218
0.0765 217
0.0766 214
0.0767 211
0.0768 210
0.0769 211
0.077 212
0.0771 209
0.0772 209
0.0773 212
0.0774 212
0.0775 215
0.0776 213
0.0777 217
0.0778 213
0.0779 214
0.078 240
0.0781 251
0.0782 270
0.0783 289
0.0784 301
0.0785 315
0.0786 322
0.0787 323
0.0788 317
0.0789 310
0.079 306
0.0791 298
0.0792 289
0.0793 292
0.0794 292
0.0795 291
0.0796 292
0.0797 295
0.0798 296
0.0799 299
0.08 295
0.0801 292
0.0802 289
0.0803 283
0.0804 285
0.0805 286
0.0806 283
0.0807 280
0.0808 272
0.0809 272
0.081 270
0.0811 268
0.0812 268
0.0813 269
0.0814 266
0.0815 267
0.0816 262
0.0817 261
0.0818 254
0.0819 251
0.082 247
0.0821 236
0.0822 236
0.0823 235
0.0824 234
0.0825 236
0.0826 232
0.0827 233
0.0828 237
0.0829 234
0.083 233
0.0831 235
0.0832 239
0.0833 235
0.0834 242
0.0835 247
0.0836 247
0.0837 245
0.0838 252
0.0839 251
0.084 249
0.0841 253
0.0842 250
0.0843 250
0.0844 251
0.0845 248
0.0846 250
0.0847 250
0.0848 251
0.0849 258
0.085 266
0.0851 264
0.0852 268
0.0853 263
0.0854 265
0.0855 268
0.0856 270
0.0857 276
0.0858 280
0.0859 293
0.086 303
0.0861 307
0.0862 308
0.0863 318
0.0864 318
0.0865 318
0.0866 327
0.0867 328
0.0868 327
0.0869 330
0.087 322
0.0871 324
0.0872 327
0.0873 323
0.0874 319
0.0875 316
0.0876 318
0.0877 317
0.0878 317
0.0879 319
0.088 319
0.0881 323
0.0882 324
0.0883 324
0.0884 317
0.0885 320
0.0886 320
0.0887 319
0.0888 328
0.0889 342
0.089 359
0.0891 359
0.0892 360
0.0893 355
0.0894 361
0.0895 361
0.0896 364
0.0897 363
0.0898 365
0.0899 362
0.09 365
0.0901 367
0.0902 369
0.0903 365
0.0904 370
0.0905 373
0.0906 374
0.0907 375
0.0908 371
0.0909 378
0.091 379
0.0911 379
0.0912 377
0.0913 380
0.0914 380
0.0915 382
0.0916 384
0.0917 383
0.0918 386
0.0919 391
0.092 390
0.0921 393
0.0922 394
0.0923 391
0.0924 396
0.0925 397
0.0926 399
0.0927 401
0.0928 401
0.0929 408
0.093 409
0.0931 409
0.0932 415
0.0933 416
0.0934 421
0.0935 423
0.0936 425
0.0937 427
0.0938 429
0.0939 431
0.094 435
0.0941 438
0.0942 440
0.0943 443
0.0944 443
0.0945 448
0.0946 450
0.0947 454
0.0948 459
0.0949 465
0.095 472
0.0951 475
0.0952 478
0.0953 478
0.0954 482
0.0955 487
0.0956 490
0.0957 490
0.0958 494
0.0959 494
0.096 500
0.0961 506
0.0962 508
0.0963 516
0.0964 523
0.0965 532
0.0966 538
0.0967 543
0.0968 547
0.0969 550
0.097 553
0.0971 559
0.0972 566
0.0973 569
0.0974 583
0.0975 589
0.0976 594
0.0977 596
0.0978 603
0.0979 611
0.098 622
0.0981 630
0.0982 637
0.0983 646
0.0984 651
0.0985 662
0.0986 669
0.0987 682
0.0988 690
0.0989 698
0.099 704
0.0991 708
0.0992 710
0.0993 718
0.0994 723
0.0995 730
0.0996 735
0.0997 747
0.0998 757
0.0999 764
0.1 772
0.1001 784
0.1002 792
0.1003 801
0.1004 805
0.1005 818
0.1006 823
0.1007 825
0.1008 835
0.1009 841
0.101 852
0.1011 855
0.1012 865
0.1013 875
0.1014 891
0.1015 890
0.1016 901
0.1017 905
0.1018 920
0.1019 923
0.102 928
0.1021 941
0.1022 950
0.1023 958
0.1024 964
0.1025 970
0.1026 975
0.1027 981
0.1028 989
0.1029 998
0.103 1000
0.1031 1008
0.1032 1012
0.1033 1027
0.1034 1034
0.1035 1047
0.1036 1056
0.1037 1066
0.1038 1068
0.1039 1077
0.104 1088
0.1041 1101
0.1042 1115
0.1043 1123
0.1044 1133
0.1045 1137
0.1046 1148
0.1047 1157
0.1048 1167
0.1049 1179
0.105 1186
0.1051 1193
0.1052 1207
0.1053 1207
0.1054 1215
0.1055 1224
0.1056 1228
0.1057 1237
0.1058 1235
0.1059 1244
0.106 1256
0.1061 1267
0.1062 1273
0.1063 1281
0.1064 1290
0.1065 1297
0.1066 1305
0.1067 1310
0.1068 1321
0.1069 1332
0.107 1340
0.1071 1342
0.1072 1345
0.1073 1358
0.1074 1359
0.1075 1368
0.1076 1380
0.1077 1380
0.1078 1387
0.1079 1395
0.108 1407
0.1081 1412
0.1082 1418
0.1083 1420
0.1084 1429
0.1085 1438
0.1086 1443
0.1087 1454
0.1088 1461
0.1089 1466
0.109 1469
0.1091 1475
0.1092 1477
0.1093 1493
0.1094 1502
0.1095 1503
0.1096 1512
0.1097 1522
0.1098 1517
0.1099 1522
0.11 1530
0.1101 1539
0.1102 1543
0.1103 1545
0.1104 1555
0.1105 1575
0.1106 1578
0.1107 1576
0.1108 1582
0.1109 1589
0.111 1594
0.1111 1608
0.1112 1618
0.1113 1626
0.1114 1636
0.1115 1641
0.1116 1643
0.1117 1651
0.1118 1662
0.1119 1669
0.112 1672
0.1121 1684
0.1122 1685
0.1123 1692
0.1124 1706
0.1125 1710
0.1126 1730
0.1127 1735
0.1128 1740
0.1129 1749
0.113 1759
0.1131 1758
0.1132 1769
0.1133 1776
0.1134 1776
0.1135 1791
0.1136 1794
0.1137 1798
0.1138 1807
0.1139 1811
0.114 1818
0.1141 1831
0.1142 1836
0.1143 1848
0.1144 1850
0.1145 1861
0.1146 1874
0.1147 1875
0.1148 1881
0.1149 1879
0.115 1889
0.1151 1896
0.1152 1909
0.1153 1905
0.1154 1897
0.1155 1884
0.1156 1876
0.1157 1849
0.1158 1825
0.1159 1794
0.116 1759
0.1161 1714
0.1162 1684
0.1163 1643
0.1164 1618
0.1165 1587
0.1166 1546
0.1167 1515
0.1168 1486
0.1169 1466
0.117 1431
0.1171 1408
0.1172 1374
0.1173 1346
0.1174 1314
0.1175 1280
0.1176 1250
0.1177 1222
0.1178 1202
0.1179 1177
0.118 1158
0.1181 1138
0.1182 1119
0.1183 1096
0.1184 1079
0.1185 1056
0.1186 1045
0.1187 1033
0.1188 1021
0.1189 1003
0.119 980
0.1191 956
0.1192 932
0.1193 915
0.1194 891
0.1195 869
0.1196 849
0.1197 834
0.1198 818
0.1199 793
0.12 778
0.1201 762
0.1202 750
0.1203 729
0.1204 708
0.1205 696
0.1206 691
0.1207 678
0.1208 676
0.1209 668
0.121 653
0.1211 636
0.1212 622
0.1213 613
0.1214 594
0.1215 583
0.1216 573
0.1217 562
0.1218 551
0.1219 533
0.122 520
0.1221 511
0.1222 498
0.1223 482
0.1224 467
0.1225 452
0.1226 446
0.1227 443
0.1228 435
0.1229 432
0.123 432
0.1231 429
0.1232 421
0.1233 411
0.1234 401
0.1235 395
0.1236 388
0.1237 380
0.1238 370
0.1239 365
0.124 361
0.1241 351
0.1242 350
0.1243 352
0.1244 345
0.1245 344
0.1246 346
0.1247 342
0.1248 344
0.1249 336
0.125 332
0.1251 324
0.1252 322
0.1253 324
0.1254 319
0.1255 321
0.1256 314
0.1257 309
0.1258 304
0.1259 299
0.126 298
0.1261 304
0.1262 305
0.1263 295
0.1264 298
0.1265 293
0.1266 290
0.1267 292
0.1268 287
0.1269 286
0.127 283
0.1271 285
0.1272 282
0.1273 278
0.1274 274
0.1275 268
0.1276 263
0.1277 265
0.1278 269
0.1279 267
0.128 261
0.1281 262
0.1282 259
0.1283 254
0.1284 248
0.1285 244
0.1286 241
0.1287 237
0.1288 232
0.1289 230
0.129 230
0.1291 229
0.1292 228
0.1293 231
0.1294 233
0.1295 235
0.1296 239
0.1297 233
0.1298 231
0.1299 226
0.13 221
0.1301 217
0.1302 216
0.1303 211
0.1304 210
0.1305 211
0.1306 212
0.1307 210
0.1308 216
0.1309 220
0.131 224
0.1311 229
0.1312 230
0.1313 236
0.1314 237
0.1315 247
0.1316 245
0.1317 259
0.1318 263
0.1319 269
0.132 268
0.1321 273
0.1322 279
0.1323 287
0.1324 298
0.1325 302
0.1326 303
0.1327 312
0.1328 325
0.1329 338
0.133 338
0.1331 341
0.1332 345
0.1333 351
0.1334 353
0.1335 344
0.1336 343
0.1337 341
0.1338 336
0.1339 338
0.134 340
0.1341 336
0.1342 339
0.1343 343
0.1344 346
0.1345 337
0.1346 336
0.1347 329
0.1348 328
0.1349 327
0.135 321
0.1351 321
0.1352 315
0.1353 312
0.1354 303
0.1355 302
0.1356 295
0.1357 289
0.1358 282
0.1359 277
0.136 279
0.1361 278
0.1362 278
0.1363 279
0.1364 279
0.1365 286
0.1366 288
0.1367 288
0.1368 288
0.1369 286
0.137 290
0.1371 285
0.1372 295
0.1373 300
0.1374 305
0.1375 311
0.1376 311
0.1377 311
0.1378 319
0.1379 325
0.138 325
0.1381 327
0.1382 332
0.1383 333
0.1384 326
0.1385 321
0.1386 321
0.1387 320
0.1388 317
0.1389 316
0.139 315
0.1391 312
0.1392 305
0.1393 293
0.1394 292
0.1395 290
0.1396 292
0.1397 303
0.1398 304
0.1399 314
0.14 315
0.1401 323
0.1402 328
0.1403 331
0.1404 333
0.1405 340
0.1406 342
0.1407 341
0.1408 332
0.1409 330
0.141 326
0.1411 319
0.1412 317
0.1413 314
0.1414 317
0.1415 311
0.1416 311
0.1417 304
0.1418 303
0.1419 301
0.142 306
0.1421 307
0.1422 308
0.1423 313
0.1424 311
0.1425 304
0.1426 297
0.1427 305
0.1428 304
0.1429 299
0.143 302
0.1431 298
0.1432 294
0.1433 285
0.1434 288
0.1435 281
0.1436 281
0.1437 286
0.1438 291
0.1439 296
0.144 294
0.1441 300
0.1442 299
0.1443 297
0.1444 298
0.1445 295
0.1446 291
0.1447 285
0.1448 284
0.1449 281
0.145 279
0.1451 276
0.1452 275
0.1453 270
0.1454 265
0.1455 265
0.1456 258
0.1457 254
0.1458 252
0.1459 245
0.146 246
0.1461 249
0.1462 246
0.1463 242
0.1464 232
0.1465 234
0.1466 226
0.1467 220
0.1468 218
0.1469 213
0.147 208
0.1471 199
0.1472 197
0.1473 197
0.1474 193
0.1475 192
0.1476 192
0.1477 193
0.1478 195
0.1479 201
0.148 201
0.1481 198
0.1482 194
0.1483 199
0.1484 203
0.1485 204
0.1486 205
0.1487 207
0.1488 216
0.1489 221
0.149 229
0.1491 233
0.1492 242
0.1493 247
0.1494 252
0.1495 252
0.1496 250
0.1497 255
0.1498 259
0.1499 260
0.15 257
0.1501 250
0.1502 247
0.1503 245
0.1504 241
0.1505 245
0.1506 237
0.1507 236
0.1508 236
0.1509 241
0.151 247
0.1511 248
0.1512 253
0.1513 262
0.1514 265
0.1515 263
0.1516 272
0.1517 272
0.1518 271
0.1519 276
0.152 271
0.1521 269
0.1522 267
0.1523 266
0.1524 260
0.1525 261
0.1526 258
0.1527 253
0.1528 249
0.1529 246
0.153 241
0.1531 242
0.1532 233
0.1533 234
0.1534 236
0.1535 235
0.1536 235
0.1537 239
0.1538 237
0.1539 242
0.154 243
0.1541 250
0.1542 255
0.1543 256
0.1544 254
0.1545 262
0.1546 261
0.1547 262
0.1548 263
0.1549 257
0.155 246
0.1551 241
0.1552 238
0.1553 233
0.1554 228
0.1555 229
0.1556 231
0.1557 227
0.1558 220
0.1559 217
0.156 223
0.1561 217
0.1562 221
0.1563 220
0.1564 212
0.1565 209
0.1566 214
0.1567 214
0.1568 210
0.1569 214
0.157 211
0.1571 210
0.1572 212
0.1573 207
0.1574 205
0.1575 209
0.1576 207
0.1577 201
0.1578 203
0.1579 202
0.158 202
0.1581 201
0.1582 204
0.1583 203
0.1584 200
0.1585 194
0.1586 193
0.1587 189
0.1588 189
0.1589 189
0.159 188
0.1591 188
0.1592 192
0.1593 196
0.1594 193
0.1595 193
0.1596 188
0.1597 185
0.1598 181
0.1599 179
0.16 178
0.1601 179
0.1602 176
0.1603 180
0.1604 177
0.1605 182
0.1606 188
0.1607 190
0.1608 197
0.1609 197
0.161 196
0.1611 194
0.1612 194
0.1613 189
0.1614 194
0.1615 202
0.1616 208
0.1617 203
0.1618 202
0.1619 208
0.162 213
0.1621 220
0.1622 221
0.1623 224
0.1624 223
0.1625 222
0.1626 223
0.1627 222
0.1628 220
0.1629 220
0.163 214
0.1631 212
0.1632 219
0.1633 216
0.1634 211
0.1635 213
0.1636 209
0.1637 211
0.1638 209
0.1639 210
0.164 208
0.1641 212
0.1642 206
0.1643 204
0.1644 203
0.1645 201
0.1646 194
0.1647 198
0.1648 198
0.1649 191
0.165 194
0.1651 191
0.1652 184
0.1653 179
0.1654 185
0.1655 185
0.1656 194
0.1657 202
0.1658 211
0.1659 216
0.166 223
0.1661 222
0.1662 222
0.1663 220
0.1664 218
0.1665 220
0.1666 215
0.1667 215
0.1668 209
0.1669 209
0.167 212
0.1671 207
0.1672 205
0.1673 205
0.1674 203
0.1675 197
0.1676 193
0.1677 191
0.1678 186
0.1679 190
0.168 191
0.1681 192
0.1682 197
0.1683 197
0.1684 198
0.1685 192
0.1686 190
0.1687 193
0.1688 199
0.1689 188
0.169 190
0.1691 188
0.1692 188
0.1693 191
0.1694 189
0.1695 189
0.1696 192
0.1697 205
0.1698 218
0.1699 222
0.17 227
0.1701 230
0.1702 234
0.1703 230
0.1704 227
0.1705 229
0.1706 225
0.1707 226
0.1708 223
0.1709 222
0.171 225
0.1711 229
0.1712 227
0.1713 233
0.1714 231
0.1715 229
0.1716 218
0.1717 211
0.1718 203
0.1719 202
0.172 205
0.1721 208
0.1722 205
0.1723 204
0.1724 204
0.1725 200
0.1726 199
0.1727 199
0.1728 206
0.1729 201
0.173 194
0.1731 196
0.1732 198
0.1733 204
0.1734 209
0.1735 219
0.1736 217
0.1737 224
0.1738 233
0.1739 236
0.174 240
0.1741 250
0.1742 257
0.1743 258
0.1744 257
0.1745 259
0.1746 263
0.1747 261
0.1748 255
0.1749 264
0.175 268
0.1751 271
0.1752 271
0.1753 273
0.1754 268
0.1755 266
0.1756 271
0.1757 270
0.1758 275
0.1759 271
0.176 275
0.1761 280
0.1762 279
0.1763 281
0.1764 280
0.1765 284
0.1766 284
0.1767 282
0.1768 281
0.1769 282
0.177 278
0.1771 278
0.1772 273
0.1773 271
0.1774 272
0.1775 268
0.1776 270
0.1777 269
0.1778 270
0.1779 270
0.178 275
0.1781 279
0.1782 277
0.1783 283
0.1784 293
0.1785 294
0.1786 291
0.1787 298
0.1788 294
0.1789 294
0.179 292
0.1791 290
0.1792 291
0.1793 279
0.1794 280
0.1795 272
0.1796 269
0.1797 265
0.1798 256
0.1799 247
0.18 248
0.1801 244
0.1802 240
0.1803 235
0.1804 241
0.1805 237
0.1806 240
0.1807 236
0.1808 239
0.1809 235
0.181 227
0.1811 224
0.1812 225
0.1813 227
0.1814 232
0.1815 232
0.1816 230
0.1817 228
0.1818 232
0.1819 235
0.182 236
0.1821 241
0.1822 240
0.1823 240
0.1824 237
0.1825 238
0.1826 243
0.1827 246
0.1828 243
0.1829 246
0.183 247
0.1831 246
0.1832 246
0.1833 247
0.1834 245
0.1835 242
0.1836 234
0.1837 239
0.1838 239
0.1839 232
0.184 236
0.1841 235
0.1842 241
0.1843 244
0.1844 255
0.1845 261
0.1846 264
0.1847 266
0.1848 267
0.1849 267
0.185 261
0.1851 256
0.1852 251
0.1853 249
0.1854 246
0.1855 243
0.1856 236
0.1857 239
0.1858 236
0.1859 236
0.186 237
0.1861 242
0.1862 247
0.1863 264
0.1864 277
0.1865 285
0.1866 291
0.1867 293
0.1868 295
0.1869 297
0.187 302
0.1871 305
0.1872 308
0.1873 314
0.1874 314
0.1875 315
0.1876 314
0.1877 318
0.1878 326
0.1879 330
0.188 331
0.1881 331
0.1882 333
0.1883 331
0.1884 339
0.1885 340
0.1886 344
0.1887 350
0.1888 347
0.1889 349
0.189 354
0.1891 352
0.1892 348
0.1893 347
0.1894 349
0.1895 353
0.1896 350
0.1897 354
0.1898 352
0.1899 349
0.19 354
0.1901 356
0.1902 353
0.1903 355
0.1904 353
0.1905 356
0.1906 359
0.1907 363
0.1908 362
0.1909 367
0.191 360
0.1911 367
0.1912 369
0.1913 371
0.1914 370
0.1915 368
0.1916 369
0.1917 376
0.1918 377
0.1919 380
0.192 377
0.1921 382
0.1922 384
0.1923 388
0.1924 384
0.1925 390
0.1926 389
0.1927 392
0.1928 392
0.1929 394
0.193 398
0.1931 400
0.1932 398
0.1933 403
0.1934 405
0.1935 407
0.1936 409
0.1937 412
0.1938 414
0.1939 414
0.194 417
0.1941 417
0.1942 419
0.1943 419
0.1944 422
0.1945 427
0.1946 430
0.1947 432
0.1948 433
0.1949 437
0.195 439
0.1951 441
0.1952 446
0.1953 450
0.1954 449
0.1955 452
0.1956 456
0.1957 458
0.1958 461
0.1959 465
0.196 469
0.1961 470
0.1962 478
0.1963 482
0.1964 482
0.1965 487
0.1966 491
0.1967 492
0.1968 492
0.1969 498
0.197 501
0.1971 503
0.1972 504
0.1973 510
0.1974 515
0.1975 518
0.1976 522
0.1977 525
0.1978 528
0.1979 532
0.198 537
0.1981 542
0.1982 550
0.1983 556
0.1984 560
0.1985 564
0.1986 569
0.1987 574
0.1988 581
0.1989 587
0.199 593
0.1991 599
0.1992 604
0.1993 612
0.1994 619
0.1995 625
0.1996 632
0.1997 640
0.1998 649
0.1999 651
0.2 662
0.2001 670
0.2002 676
0.2003 685
0.2004 693
0.2005 696
0.2006 702
0.2007 707
0.2008 713
0.2009 721
0.201 727
0.2011 731
0.2012 746
0.2013 755
0.2014 762
0.2015 768
0.2016 776
0.2017 784
0.2018 791
0.2019 796
0.202 802
0.2021 807
0.2022 815
0.2023 825
0.2024 830
0.2025 840
0.2026 844
0.2027 850
0.2028 858
0.2029 869
0.203 879
0.2031 884
0.2032 891
0.2033 898
0.2034 907
0.2035 920
0.2036 932
0.2037 939
0.2038 945
0.2039 956
0.204 970
0.2041 978
0.2042 988
0.2043 993
0.2044 1000
0.2045 1007
0.2046 1015
0.2047 1020
0.2048 1031
0.2049 1034
0.205 1049
0.2051 1054
0.2052 1061
0.2053 1065
0.2054 1070
0.2055 1076
0.2056 1082
0.2057 1097
0.2058 1100
0.2059 1115
0.206 1122
0.2061 1133
0.2062 1142
0.2063 1149
0.2064 1158
0.2065 1166
0.2066 1172
0.2067 1175
0.2068 1181
0.2069 1194
0.207 1200
0.2071 1208
0.2072 1216
0.2073 1220
0.2074 1227
0.2075 1235
0.2076 1246
0.2077 1250
0.2078 1256
0.2079 1270
0.208 1273
0.2081 1286
0.2082 1294
0.2083 1294
0.2084 1307
0.2085 1314
0.2086 1320
0.2087 1326
0.2088 1327
0.2089 1333
0.209 1343
0.2091 1352
0.2092 1357
0.2093 1368
0.2094 1370
0.2095 1378
0.2096 1383
0.2097 1396
0.2098 1398
0.2099 1411
0.21 1426
0.2101 1431
0.2102 1454
0.2103 1461
0.2104 1467
0.2105 1473
0.2106 1489
0.2107 1491
0.2108 1498
0.2109 1507
0.211 1528
0.2111 1531
0.2112 1545
0.2113 1559
0.2114 1567
0.2115 1576
0.2116 1583
0.2117 1591
0.2118 1595
0.2119 1602
0.212 1615
0.2121 1631
0.2122 1641
0.2123 1649
0.2124 1664
0.2125 1667
0.2126 1677
0.2127 1684
0.2128 1699
0.2129 1709
0.213 1713
0.2131 1714
0.2132 1734
0.2133 1737
0.2134 1736
0.2135 1751
0.2136 1755
0.2137 1765
0.2138 1781
0.2139 1793
0.214 1797
0.2141 1793
0.2142 1792
0.2143 1794
0.2144 1786
0.2145 1791
0.2146 1790
0.2147 1775
0.2148 1760
0.2149 1739
0.215 1708
0.2151 1680
0.2152 1653
0.2153 1623
0.2154 1592
0.2155 1556
0.2156 1527
0.2157 1492
0.2158 1456
0.2159 1420
0.216 1382
0.2161 1361
0.2162 1344
0.2163 1324
0.2164 1295
0.2165 1261
0.2166 1230
0.2167 1204
0.2168 1187
0.2169 1170
0.217 1143
0.2171 1124
0.2172 1104
0.2173 1091
0.2174 1074
0.2175 1054
0.2176 1046
0.2177 1027
0.2178 1009
0.2179 1007
0.218 989
0.2181 971
0.2182 954
0.2183 937
0.2184 921
0.2185 907
0.2186 889
0.2187 872
0.2188 866
0.2189 860
0.219 848
0.2191 845
0.2192 838
0.2193 828
0.2194 815
0.2195 795
0.2196 784
0.2197 769
0.2198 752
0.2199 741
0.22 733
0.2201 727
0.2202 716
0.2203 706
0.2204 696
0.2205 695
0.2206 697
0.2207 687
0.2208 679
0.2209 669
0.221 665
0.2211 648
0.2212 633
0.2213 621
0.2214 620
0.2215 614
0.2216 601
0.2217 585
0.2218 579
0.2219 566
0.222 559
0.2221 561
0.2222 557
0.2223 557
0.2224 550
0.2225 533
0.2226 525
0.2227 519
0.2228 509
0.2229 493
0.223 477
0.2231 474
0.2232 458
0.2233 458
0.2234 458
0.2235 456
0.2236 451
0.2237 448
0.2238 440
0.2239 431
0.224 427
0.2241 425
0.2242 417
0.2243 416
0.2244 415
0.2245 401
0.2246 399
0.2247 398
0.2248 388
0.2249 388
0.225 378
0.2251 371
0.2252 368
0.2253 361
0.2254 358
0.2255 347
0.2256 349
0.2257 343
0.2258 341
0.2259 342
0.226 334
0.2261 330
0.2262 323
0.2263 317
0.2264 315
0.2265 320
0.2266 312
0.2267 303
0.2268 299
0.2269 295
0.227 292
0.2271 297
0.2272 293
0.2273 294
0.2274 293
0.2275 290
0.2276 284
0.2277 278
0.2278 277
0.2279 270
0.228 270
0.2281 270
0.2282 266
0.2283 273
0.2284 274
0.2285 273
0.2286 277
0.2287 271
0.2288 264
0.2289 261
0.229 266
0.2291 272
0.2292 268
0.2293 265
0.2294 258
0.2295 256
0.2296 248
0.2297 247
0.2298 248
0.2299 249
0.23 251
0.2301 253
0.2302 266
0.2303 268
0.2304 265
0.2305 259
0.2306 256
0.2307 254
0.2308 251
0.2309 253
0.231 253
0.2311 256
0.2312 261
0.2313 263
0.2314 278
0.2315 278
0.2316 279
0.2317 282
0.2318 281
0.2319 279
0.232 271
0.2321 269
0.2322 263
0.2323 259
0.2324 251
0.2325 250
0.2326 248
0.2327 241
0.2328 245
0.2329 238
0.233 237
0.2331 235
0.2332 236
0.2333 230
0.2334 229
0.2335 233
0.2336 231
0.2337 231
0.2338 229
0.2339 225
0.234 227
0.2341 228
0.2342 235
0.2343 233
0.2344 235
0.2345 233
0.2346 236
0.2347 232
0.2348 227
0.2349 227
0.235 229
0.2351 227
0.2352 222
0.2353 218
0.2354 214
0.2355 213
0.2356 217
0.2357 220
0.2358 222
0.2359 220
0.236 212
0.2361 213
0.2362 209
0.2363 216
0.2364 220
0.2365 229
0.2366 223
0.2367 219
0.2368 215
0.2369 218
0.237 216
0.2371 217
0.2372 218
0.2373 222
0.2374 218
0.2375 219
0.2376 216
0.2377 213
0.2378 206
0.2379 206
0.238 200
0.2381 195
0.2382 190
0.2383 188
0.2384 188
0.2385 183
0.2386 181
0.2387 183
0.2388 181
0.2389 179
0.239 179
0.2391 182
0.2392 181
0.2393 188
0.2394 189
0.2395 190
0.2396 190
0.2397 195
0.2398 205
0.2399 210
0.24 218
0.2401 214
0.2402 213
0.2403 221
0.2404 224
0.2405 223
0.2406 220
0.2407 223
0.2408 227
0.2409 229
0.241 231
0.2411 229
0.2412 238
0.2413 241
0.2414 239
0.2415 241
0.2416 242
0.2417 249
0.2418 251
0.2419 253
0.242 259
0.2421 261
0.2422 265
0.2423 277
0.2424 279
0.2425 282
0.2426 284
0.2427 286
0.2428 282
0.2429 278
0.243 285
0.2431 281
0.2432 277
0.2433 268
0.2434 273
0.2435 274
0.2436 278
0.2437 278
0.2438 274
0.2439 278
0.244 276
0.2441 273
0.2442 273
0.2443 278
0.2444 284
0.2445 284
0.2446 279
0.2447 289
0.2448 287
0.2449 290
0.245 296
0.2451 298
0.2452 296
0.2453 299
0.2454 301
0.2455 297
0.2456 299
0.2457 298
0.2458 303
0.2459 306
0.246 302
0.2461 295
0.2462 290
0.2463 290
0.2464 290
0.2465 287
0.2466 287
0.2467 281
0.2468 282
0.2469 280
0.247 273
0.2471 272
0.2472 267
0.2473 267
0.2474 266
0.2475 266
0.2476 273
0.2477 274
0.2478 276
0.2479 283
0.248 290
0.2481 295
0.2482 301
0.2483 297
0.2484 295
0.2485 286
0.2486 283
0.2487 281
0.2488 273
0.2489 268
0.249 269
0.2491 264
0.2492 262
0.2493 263
0.2494 253
0.2495 254
0.2496 249
0.2497 246
0.2498 250
0.2499 250
0.25 257
