0 0
0.0001 0
0.0002 0
0.0003 0
0.0004 0
0.0005 0
0.0006 0
0.0007 0
0.0008 0
0.0009 1
0.001 1
0.0011 2
0.0012 3
0.0013 4
0.0014 5
0.0015 6
0.0016 8
0.0017 9
0.0018 10
0.0019 11
0.002 14
0.0021 15
0.0022 16
0.0023 19
0.0024 20
0.0025 22
0.0026 24
0.0027 26
0.0028 28
0.0029 31
0.003 33
0.0031 35
0.0032 38
0.0033 40
0.0034 43
0.0035 46
0.0036 49
0.0037 53
0.0038 57
0.0039 61
0.004 66
0.0041 68
0.0042 71
0.0043 76
0.0044 79
0.0045 84
0.0046 88
0.0047 91
0.0048 96
0.0049 101
0.005 106
0.0051 110
0.0052 115
0.0053 121
0.0054 126
0.0055 130
0.0056 136
0.0057 141
0.0058 145
0.0059 150
0.006 154
0.0061 161
0.0062 163
0.0063 168
0.0064 173
0.0065 178
0.0066 183
0.0067 188
0.0068 193
0.0069 199
0.007 205
0.0071 209
0.0072 216
0.0073 222
0.0074 227
0.0075 234
0.0076 240
0.0077 246
0.0078 252
0.0079 258
0.008 266
0.0081 272
0.0082 279
0.0083 284
0.0084 292
0.0085 301
0.0086 306
0.0087 316
0.0088 324
0.0089 330
0.009 339
0.0091 347
0.0092 354
0.0093 363
0.0094 371
0.0095 381
0.0096 389
0.0097 398
0.0098 407
0.0099 413
0.01 423
0.0101 431
0.0102 438
0.0103 447
0.0104 456
0.0105 463
0.0106 471
0.0107 480
0.0108 488
0.0109 498
0.011 501
0.0111 511
0.0112 520
0.0113 527
0.0114 533
0.0115 543
0.0116 550
0.0117 558
0.0118 564
0.0119 573
0.012 581
0.0121 588
0.0122 595
0.0123 602
0.0124 611
0.0125 618
0.0126 626
0.0127 635
0.0128 641
0.0129 650
0.013 658
0.0131 667
0.0132 673
0.0133 682
0.0134 692
0.0135 700
0.0136 706
0.0137 714
0.0138 723
0.0139 733
0.014 739
0.0141 748
0.0142 756
0.0143 766
0.0144 775
0.0145 784
0.0146 788
0.0147 800
0.0148 808
0.0149 818
0.015 827
0.0151 835
0.0152 842
0.0153 850
0.0154 858
0.0155 866
0.0156 873
0.0157 885
0.0158 892
0.0159 902
0.016 911
0.0161 920
0.0162 929
0.0163 937
0.0164 947
0.0165 954
0.0166 965
0.0167 977
0.0168 987
0.0169 997
0.017 1008
0.0171 1016
0.0172 1029
0.0173 1037
0.0174 1046
0.0175 1056
0.0176 1067
0.0177 1079
0.0178 1089
0.0179 1100
0.018 1108
0.0181 1120
0.0182 1132
0.0183 1143
0.0184 1153
0.0185 1166
0.0186 1174
0.0187 1190
0.0188 1200
0.0189 1211
0.019 1225
0.0191 1234
0.0192 1246
0.0193 1259
0.0194 1270
0.0195 1283
0.0196 1293
0.0197 1301
0.0198 1313
0.0199 1327
0.02 1338
0.0201 1350
0.0202 1359
0.0203 1370
0.0204 1383
0.0205 1391
0.0206 1401
0.0207 1412
0.0208 1425
0.0209 1431
0.021 1444
0.0211 1455
0.0212 1463
0.0213 1473
0.0214 1485
0.0215 1498
0.0216 1507
0.0217 1520
0.0218 1532
0.0219 1537
0.022 1549
0.0221 1560
0.0222 1571
0.0223 1582
0.0224 1588
0.0225 1595
0.0226 1609
0.0227 1616
0.0228 1628
0.0229 1632
0.023 1638
0.0231 1651
0.0232 1665
0.0233 1676
0.0234 1680
0.0235 1699
0.0236 1700
0.0237 1711
0.0238 1722
0.0239 1739
0.024 1745
0.0241 1754
0.0242 1761
0.0243 1774
0.0244 1791
0.0245 1784
0.0246 1777
0.0247 1787
0.0248 1783
0.0249 1774
0.025 1753
0.0251 1734
0.0252 1723
0.0253 1694
0.0254 1653
0.0255 1631
0.0256 1598
0.0257 1560
0.0258 1527
0.0259 1502
0.026 1474
0.0261 1450
0.0262 1427
0.0263 1406
0.0264 1395
0.0265 1386
0.0266 1395
0.0267 1392
0.0268 1407
0.0269 1409
0.027 1397
0.0271 1375
0.0272 1347
0.0273 1337
0.0274 1317
0.0275 1292
0.0276 1264
0.0277 1243
0.0278 1227
0.0279 1212
0.028 1189
0.0281 1165
0.0282 1154
0.0283 1129
0.0284 1112
0.0285 1093
0.0286 1077
0.0287 1056
0.0288 1036
0.0289 1014
0.029 998
0.0291 973
0.0292 958
0.0293 939
0.0294 918
0.0295 901
0.0296 887
0.0297 851
0.0298 833
0.0299 809
0.03 792
0.0301 776
0.0302 754
0.0303 741
0.0304 731
0.0305 718
0.0306 705
0.0307 701
0.0308 682
0.0309 662
0.031 653
0.0311 644
0.0312 630
0.0313 621
0.0314 607
0.0315 599
0.0316 596
0.0317 594
0.0318 582
0.0319 565
0.032 555
0.0321 542
0.0322 542
0.0323 531
0.0324 522
0.0325 512
0.0326 509
0.0327 500
0.0328 502
0.0329 494
0.033 487
0.0331 480
0.0332 472
0.0333 471
0.0334 468
0.0335 461
0.0336 454
0.0337 443
0.0338 442
0.0339 436
0.034 430
0.0341 432
0.0342 423
0.0343 416
0.0344 412
0.0345 413
0.0346 407
0.0347 408
0.0348 407
0.0349 405
0.035 414
0.0351 433
0.0352 462
0.0353 478
0.0354 503
0.0355 527
0.0356 543
0.0357 556
0.0358 573
0.0359 585
0.036 583
0.0361 569
0.0362 562
0.0363 558
0.0364 550
0.0365 555
0.0366 557
0.0367 557
0.0368 552
0.0369 545
0.037 531
0.0371 531
0.0372 531
0.0373 519
0.0374 519
0.0375 516
0.0376 511
0.0377 507
0.0378 494
0.0379 483
0.038 475
0.0381 464
0.0382 456
0.0383 450
0.0384 447
0.0385 449
0.0386 441
0.0387 431
0.0388 424
0.0389 412
0.039 418
0.0391 412
0.0392 413
0.0393 425
0.0394 427
0.0395 413
0.0396 404
0.0397 403
0.0398 402
0.0399 404
0.04 403
0.0401 401
0.0402 403
0.0403 399
0.0404 400
0.0405 395
0.0406 403
0.0407 402
0.0408 403
0.0409 405
0.041 398
0.0411 392
0.0412 395
0.0413 388
0.0414 382
0.0415 372
0.0416 374
0.0417 381
0.0418 399
0.0419 406
0.042 415
0.0421 427
0.0422 433
0.0423 443
0.0424 455
0.0425 455
0.0426 457
0.0427 456
0.0428 461
0.0429 463
0.043 472
0.0431 475
0.0432 477
0.0433 474
0.0434 486
0.0435 486
0.0436 485
0.0437 487
0.0438 480
0.0439 465
0.044 462
0.0441 455
0.0442 453
0.0443 448
0.0444 446
0.0445 444
0.0446 448
0.0447 457
0.0448 448
0.0449 448
0.045 449
0.0451 446
0.0452 445
0.0453 440
0.0454 437
0.0455 434
0.0456 432
0.0457 420
0.0458 416
0.0459 414
0.046 414
0.0461 405
0.0462 406
0.0463 406
0.0464 411
0.0465 404
0.0466 398
0.0467 389
0.0468 394
0.0469 406
0.047 403
0.0471 401
0.0472 401
0.0473 396
0.0474 399
0.0475 396
0.0476 400
0.0477 389
0.0478 380
0.0479 376
0.048 377
0.0481 365
0.0482 373
0.0483 381
0.0484 402
0.0485 431
0.0486 448
0.0487 457
0.0488 476
0.0489 482
0.049 484
0.0491 490
0.0492 480
0.0493 480
0.0494 473
0.0495 461
0.0496 449
0.0497 438
0.0498 428
0.0499 420
0.05 413
0.0501 408
0.0502 395
0.0503 389
0.0504 380
0.0505 378
0.0506 371
0.0507 363
0.0508 361
0.0509 354
0.051 347
0.0511 333
0.0512 338
0.0513 331
0.0514 329
0.0515 328
0.0516 334
0.0517 335
0.0518 337
0.0519 342
0.052 349
0.0521 358
0.0522 364
0.0523 358
0.0524 359
0.0525 354
0.0526 346
0.0527 344
0.0528 350
0.0529 352
0.053 349
0.0531 344
0.0532 343
0.0533 346
0.0534 339
0.0535 342
0.0536 340
0.0537 336
0.0538 331
0.0539 329
0.054 322
0.0541 320
0.0542 318
0.0543 317
0.0544 315
0.0545 312
0.0546 310
0.0547 315
0.0548 322
0.0549 323
0.055 320
0.0551 317
0.0552 324
0.0553 321
0.0554 315
0.0555 314
0.0556 309
0.0557 309
0.0558 305
0.0559 305
0.056 304
0.0561 295
0.0562 291
0.0563 289
0.0564 280
0.0565 275
0.0566 264
0.0567 262
0.0568 260
0.0569 256
0.057 253
0.0571 250
0.0572 251
0.0573 255
0.0574 259
0.0575 253
0.0576 254
0.0577 249
0.0578 250
0.0579 252
0.058 248
0.0581 250
0.0582 247
0.0583 249
0.0584 251
0.0585 247
0.0586 248
0.0587 250
0.0588 249
0.0589 241
0.059 244
0.0591 240
0.0592 245
0.0593 239
0.0594 245
0.0595 246
0.0596 245
0.0597 239
0.0598 237
0.0599 236
0.06 237
0.0601 237
0.0602 236
0.0603 233
0.0604 238
0.0605 233
0.0606 233
0.0607 234
0.0608 233
0.0609 229
0.061 228
0.0611 226
0.0612 227
0.0613 219
0.0614 217
0.0615 212
0.0616 211
0.0617 206
0.0618 208
0.0619 206
0.062 207
0.0621 216
0.0622 226
0.0623 259
0.0624 301
0.0625 349
0.0626 397
0.0627 447
0.0628 484
0.0629 509
0.063 522
0.0631 537
0.0632 544
0.0633 554
0.0634 558
0.0635 549
0.0636 559
0.0637 557
0.0638 557
0.0639 546
0.064 547
0.0641 546
0.0642 538
0.0643 540
0.0644 532
0.0645 526
0.0646 526
0.0647 513
0.0648 514
0.0649 505
0.065 496
0.0651 482
0.0652 472
0.0653 466
0.0654 454
0.0655 444
0.0656 433
0.0657 428
0.0658 429
0.0659 426
0.066 416
0.0661 412
0.0662 409
0.0663 407
0.0664 395
0.0665 383
0.0666 378
0.0667 393
0.0668 414
0.0669 456
0.067 489
0.0671 533
0.0672 581
0.0673 623
0.0674 654
0.0675 685
0.0676 710
0.0677 719
0.0678 723
0.0679 729
0.068 725
0.0681 724
0.0682 728
0.0683 729
0.0684 731
0.0685 732
0.0686 732
0.0687 735
0.0688 737
0.0689 735
0.069 740
0.0691 740
0.0692 741
0.0693 745
0.0694 746
0.0695 748
0.0696 753
0.0697 753
0.0698 753
0.0699 757
0.07 756
0.0701 761
0.0702 763
0.0703 766
0.0704 769
0.0705 769
0.0706 775
0.0707 775
0.0708 781
0.0709 785
0.071 787
0.0711 790
0.0712 796
0.0713 796
0.0714 801
0.0715 806
0.0716 809
0.0717 809
0.0718 815
0.0719 823
0.072 825
0.0721 830
0.0722 834
0.0723 840
0.0724 845
0.0725 850
0.0726 854
0.0727 856
0.0728 862
0.0729 868
0.073 873
0.0731 877
0.0732 883
0.0733 890
0.0734 892
0.0735 901
0.0736 907
0.0737 912
0.0738 918
0.0739 924
0.074 928
0.0741 934
0.0742 939
0.0743 949
0.0744 953
0.0745 961
0.0746 967
0.0747 975
0.0748 983
0.0749 991
0.075 997
0.0751 1002
0.0752 1011
0.0753 1019
0.0754 1024
0.0755 1034
0.0756 1044
0.0757 1050
0.0758 1060
0.0759 1069
0.076 1076
0.0761 1082
0.0762 1089
0.0763 1100
0.0764 1112
0.0765 1119
0.0766 1129
0.0767 1136
0.0768 1145
0.0769 1153
0.077 1163
0.0771 1170
0.0772 1179
0.0773 1185
0.0774 1197
0.0775 1204
0.0776 1212
0.0777 1220
0.0778 1228
0.0779 1239
0.078 1246
0.0781 1251
0.0782 1262
0.0783 1271
0.0784 1277
0.0785 1290
0.0786 1299
0.0787 1305
0.0788 1312
0.0789 1318
0.079 1327
0.0791 1335
0.0792 1346
0.0793 1355
0.0794 1364
0.0795 1369
0.0796 1377
0.0797 1390
0.0798 1397
0.0799 1408
0.08 1412
0.0801 1425
0.0802 1434
0.0803 1444
0.0804 1449
0.0805 1459
0.0806 1471
0.0807 1481
0.0808 1488
0.0809 1495
0.081 1505
0.0811 1514
0.0812 1525
0.0813 1531
0.0814 1543
0.0815 1545
0.0816 1558
0.0817 1569
0.0818 1576
0.0819 1588
0.082 1597
0.0821 1603
0.0822 1610
0.0823 1625
0.0824 1628
0.0825 1635
0.0826 1648
0.0827 1649
0.0828 1665
0.0829 1672
0.083 1682
0.0831 1688
0.0832 1699
0.0833 1707
0.0834 1713
0.0835 1720
0.0836 1729
0.0837 1739
0.0838 1746
0.0839 1757
0.084 1763
0.0841 1770
0.0842 1781
0.0843 1787
0.0844 1797
0.0845 1801
0.0846 1815
0.0847 1814
0.0848 1825
0.0849 1835
0.085 1848
0.0851 1851
0.0852 1858
0.0853 1867
0.0854 1884
0.0855 1886
0.0856 1902
0.0857 1902
0.0858 1909
0.0859 1919
0.086 1930
0.0861 1938
0.0862 1941
0.0863 1954
0.0864 1961
0.0865 1970
0.0866 1968
0.0867 1973
0.0868 1973
0.0869 1980
0.087 1976
0.0871 1988
0.0872 1990
0.0873 1990
0.0874 1999
0.0875 1993
0.0876 2005
0.0877 2027
0.0878 2029
0.0879 2025
0.088 2022
0.0881 2033
0.0882 2022
0.0883 2021
0.0884 1988
0.0885 1961
0.0886 1918
0.0887 1885
0.0888 1863
0.0889 1820
0.089 1783
0.0891 1742
0.0892 1718
0.0893 1696
0.0894 1682
0.0895 1660
0.0896 1632
0.0897 1597
0.0898 1576
0.0899 1547
0.09 1530
0.0901 1506
0.0902 1475
0.0903 1457
0.0904 1425
0.0905 1393
0.0906 1372
0.0907 1359
0.0908 1326
0.0909 1290
0.091 1254
0.0911 1231
0.0912 1206
0.0913 1191
0.0914 1168
0.0915 1143
0.0916 1119
0.0917 1091
0.0918 1075
0.0919 1055
0.092 1049
0.0921 1033
0.0922 1009
0.0923 993
0.0924 965
0.0925 958
0.0926 937
0.0927 924
0.0928 912
0.0929 886
0.093 869
0.0931 851
0.0932 830
0.0933 812
0.0934 795
0.0935 781
0.0936 774
0.0937 765
0.0938 749
0.0939 739
0.094 722
0.0941 707
0.0942 688
0.0943 673
0.0944 652
0.0945 638
0.0946 623
0.0947 613
0.0948 596
0.0949 586
0.095 577
0.0951 565
0.0952 557
0.0953 553
0.0954 552
0.0955 533
0.0956 525
0.0957 525
0.0958 515
0.0959 506
0.096 519
0.0961 526
0.0962 542
0.0963 543
0.0964 544
0.0965 541
0.0966 538
0.0967 530
0.0968 527
0.0969 520
0.097 514
0.0971 511
0.0972 509
0.0973 510
0.0974 507
0.0975 496
0.0976 491
0.0977 489
0.0978 483
0.0979 471
0.098 454
0.0981 442
0.0982 432
0.0983 432
0.0984 429
0.0985 423
0.0986 416
0.0987 418
0.0988 413
0.0989 413
0.099 418
0.0991 414
0.0992 408
0.0993 411
0.0994 408
0.0995 410
0.0996 412
0.0997 400
0.0998 392
0.0999 394
0.1 405
0.1001 395
0.1002 397
0.1003 398
0.1004 396
0.1005 396
0.1006 395
0.1007 390
0.1008 398
0.1009 397
0.101 403
0.1011 396
0.1012 401
0.1013 402
0.1014 398
0.1015 396
0.1016 396
0.1017 394
0.1018 394
0.1019 398
0.102 393
0.1021 401
0.1022 404
0.1023 404
0.1024 401
0.1025 391
0.1026 397
0.1027 393
0.1028 393
0.1029 395
0.103 391
0.1031 391
0.1032 394
0.1033 389
0.1034 389
0.1035 381
0.1036 380
0.1037 376
0.1038 375
0.1039 369
0.104 362
0.1041 361
0.1042 356
0.1043 352
0.1044 350
0.1045 356
0.1046 349
0.1047 354
0.1048 361
0.1049 367
0.105 367
0.1051 372
0.1052 372
0.1053 359
0.1054 356
0.1055 351
0.1056 350
0.1057 343
0.1058 339
0.1059 341
0.106 345
0.1061 343
0.1062 350
0.1063 348
0.1064 346
0.1065 341
0.1066 334
0.1067 336
0.1068 334
0.1069 327
0.107 319
0.1071 325
0.1072 327
0.1073 324
0.1074 317
0.1075 315
0.1076 313
0.1077 316
0.1078 317
0.1079 315
0.108 311
0.1081 314
0.1082 315
0.1083 315
0.1084 316
0.1085 309
0.1086 305
0.1087 305
0.1088 307
0.1089 304
0.109 298
0.1091 305
0.1092 304
0.1093 297
0.1094 297
0.1095 295
0.1096 287
0.1097 276
0.1098 275
0.1099 269
0.11 262
0.1101 260
0.1102 264
0.1103 262
0.1104 257
0.1105 250
0.1106 248
0.1107 243
0.1108 238
0.1109 236
0.111 234
0.1111 228
0.1112 226
0.1113 232
0.1114 231
0.1115 230
0.1116 228
0.1117 233
0.1118 233
0.1119 234
0.112 228
0.1121 222
0.1122 215
0.1123 217
0.1124 219
0.1125 225
0.1126 217
0.1127 217
0.1128 219
0.1129 224
0.113 229
0.1131 227
0.1132 232
0.1133 228
0.1134 225
0.1135 228
0.1136 229
0.1137 230
0.1138 226
0.1139 225
0.114 230
0.1141 231
0.1142 235
0.1143 237
0.1144 233
0.1145 235
0.1146 255
0.1147 270
0.1148 287
0.1149 295
0.115 311
0.1151 326
0.1152 332
0.1153 339
0.1154 343
0.1155 365
0.1156 374
0.1157 389
0.1158 396
0.1159 394
0.116 386
0.1161 377
0.1162 371
0.1163 367
0.1164 359
0.1165 353
0.1166 339
0.1167 335
0.1168 323
0.1169 319
0.117 311
0.1171 297
0.1172 299
0.1173 296
0.1174 292
0.1175 293
0.1176 288
0.1177 280
0.1178 279
0.1179 274
0.118 268
0.1181 267
0.1182 263
0.1183 260
0.1184 254
0.1185 256
0.1186 250
0.1187 245
0.1188 243
0.1189 249
0.119 248
0.1191 250
0.1192 253
0.1193 255
0.1194 251
0.1195 256
0.1196 256
0.1197 257
0.1198 257
0.1199 250
0.12 242
0.1201 233
0.1202 229
0.1203 225
0.1204 222
0.1205 217
0.1206 215
0.1207 215
0.1208 213
0.1209 207
0.121 205
0.1211 207
0.1212 209
0.1213 213
0.1214 216
0.1215 222
0.1216 225
0.1217 227
0.1218 232
0.1219 223
0.122 225
0.1221 230
0.1222 233
0.1223 231
0.1224 239
0.1225 237
0.1226 235
0.1227 230
0.1228 230
0.1229 235
0.123 247
0.1231 269
0.1232 289
0.1233 314
0.1234 348
0.1235 370
0.1236 387
0.1237 398
0.1238 396
0.1239 401
0.124 412
0.1241 413
0.1242 414
0.1243 427
0.1244 433
0.1245 438
0.1246 441
0.1247 447
0.1248 453
0.1249 452
0.125 457
0.1251 453
0.1252 448
0.1253 446
0.1254 440
0.1255 426
0.1256 427
0.1257 421
0.1258 421
0.1259 417
0.126 416
0.1261 417
0.1262 413
0.1263 403
0.1264 403
0.1265 404
0.1266 398
0.1267 391
0.1268 387
0.1269 381
0.127 373
0.1271 388
0.1272 392
0.1273 403
0.1274 406
0.1275 414
0.1276 419
0.1277 417
0.1278 434
0.1279 465
0.128 475
0.1281 488
0.1282 490
0.1283 498
0.1284 492
0.1285 487
0.1286 483
0.1287 483
0.1288 484
0.1289 482
0.129 482
0.1291 475
0.1292 466
0.1293 454
0.1294 439
0.1295 429
0.1296 416
0.1297 413
0.1298 406
0.1299 400
0.13 399
0.1301 391
0.1302 386
0.1303 380
0.1304 372
0.1305 362
0.1306 355
0.1307 348
0.1308 342
0.1309 333
0.131 321
0.1311 318
0.1312 308
0.1313 301
0.1314 298
0.1315 294
0.1316 294
0.1317 293
0.1318 289
0.1319 282
0.132 279
0.1321 275
0.1322 274
0.1323 271
0.1324 274
0.1325 290
0.1326 289
0.1327 299
0.1328 302
0.1329 304
0.133 302
0.1331 313
0.1332 315
0.1333 314
0.1334 319
0.1335 319
0.1336 334
0.1337 340
0.1338 351
0.1339 366
0.134 382
0.1341 382
0.1342 391
0.1343 416
0.1344 450
0.1345 473
0.1346 494
0.1347 505
0.1348 508
0.1349 510
0.135 516
0.1351 519
0.1352 509
0.1353 502
0.1354 504
0.1355 506
0.1356 509
0.1357 503
0.1358 492
0.1359 503
0.136 517
0.1361 533
0.1362 550
0.1363 549
0.1364 553
0.1365 556
0.1366 564
0.1367 568
0.1368 569
0.1369 570
0.137 577
0.1371 592
0.1372 598
0.1373 595
0.1374 598
0.1375 602
0.1376 598
0.1377 596
0.1378 604
0.1379 603
0.138 605
0.1381 618
0.1382 619
0.1383 619
0.1384 617
0.1385 620
0.1386 624
0.1387 625
0.1388 625
0.1389 623
0.139 629
0.1391 628
0.1392 634
0.1393 630
0.1394 634
0.1395 635
0.1396 637
0.1397 641
0.1398 642
0.1399 645
0.14 646
0.1401 649
0.1402 652
0.1403 657
0.1404 663
0.1405 665
0.1406 665
0.1407 671
0.1408 673
0.1409 678
0.141 682
0.1411 684
0.1412 687
0.1413 689
0.1414 691
0.1415 696
0.1416 698
0.1417 703
0.1418 703
0.1419 704
0.142 707
0.1421 712
0.1422 713
0.1423 718
0.1424 723
0.1425 724
0.1426 726
0.1427 730
0.1428 734
0.1429 738
0.143 740
0.1431 745
0.1432 747
0.1433 751
0.1434 754
0.1435 759
0.1436 764
0.1437 768
0.1438 771
0.1439 774
0.144 778
0.1441 784
0.1442 787
0.1443 794
0.1444 795
0.1445 803
0.1446 806
0.1447 813
0.1448 819
0.1449 823
0.145 826
0.1451 832
0.1452 838
0.1453 843
0.1454 847
0.1455 848
0.1456 857
0.1457 860
0.1458 868
0.1459 875
0.146 876
0.1461 884
0.1462 889
0.1463 891
0.1464 897
0.1465 901
0.1466 909
0.1467 915
0.1468 920
0.1469 924
0.147 928
0.1471 936
0.1472 940
0.1473 945
0.1474 954
0.1475 959
0.1476 961
0.1477 968
0.1478 973
0.1479 980
0.148 985
0.1481 992
0.1482 998
0.1483 1001
0.1484 1009
0.1485 1015
0.1486 1023
0.1487 1028
0.1488 1029
0.1489 1038
0.149 1047
0.1491 1053
0.1492 1059
0.1493 1066
0.1494 1073
0.1495 1081
0.1496 1088
0.1497 1092
0.1498 1097
0.1499 1106
0.15 1108
0.1501 1116
0.1502 1124
0.1503 1129
0.1504 1135
0.1505 1140
0.1506 1150
0.1507 1154
0.1508 1161
0.1509 1165
0.151 1173
0.1511 1178
0.1512 1183
0.1513 1187
0.1514 1195
0.1515 1198
0.1516 1210
0.1517 1215
0.1518 1219
0.1519 1227
0.152 1237
0.1521 1243
0.1522 1247
0.1523 1255
0.1524 1258
0.1525 1267
0.1526 1271
0.1527 1281
0.1528 1284
0.1529 1296
0.153 1299
0.1531 1311
0.1532 1315
0.1533 1324
0.1534 1331
0.1535 1338
0.1536 1347
0.1537 1350
0.1538 1360
0.1539 1365
0.154 1375
0.1541 1379
0.1542 1388
0.1543 1394
0.1544 1400
0.1545 1405
0.1546 1416
0.1547 1422
0.1548 1425
0.1549 1437
0.155 1443
0.1551 1445
0.1552 1455
0.1553 1466
0.1554 1475
0.1555 1480
0.1556 1486
0.1557 1497
0.1558 1501
0.1559 1510
0.156 1513
0.1561 1520
0.1562 1530
0.1563 1537
0.1564 1539
0.1565 1551
0.1566 1556
0.1567 1565
0.1568 1573
0.1569 1582
0.157 1585
0.1571 1592
0.1572 1603
0.1573 1606
0.1574 1614
0.1575 1620
0.1576 1625
0.1577 1635
0.1578 1642
0.1579 1653
0.158 1658
0.1581 1667
0.1582 1672
0.1583 1678
0.1584 1690
0.1585 1695
0.1586 1705
0.1587 1711
0.1588 1716
0.1589 1730
0.159 1733
0.1591 1739
0.1592 1750
0.1593 1760
0.1594 1765
0.1595 1770
0.1596 1775
0.1597 1780
0.1598 1788
0.1599 1802
0.16 1809
0.1601 1816
0.1602 1818
0.1603 1826
0.1604 1830
0.1605 1837
0.1606 1845
0.1607 1854
0.1608 1859
0.1609 1864
0.161 1876
0.1611 1876
0.1612 1884
0.1613 1888
0.1614 1895
0.1615 1903
0.1616 1910
0.1617 1913
0.1618 1921
0.1619 1925
0.162 1932
0.1621 1941
0.1622 1941
0.1623 1954
0.1624 1965
0.1625 1972
0.1626 1966
0.1627 1983
0.1628 1989
0.1629 1991
0.163 1995
0.1631 2005
0.1632 2004
0.1633 2011
0.1634 2016
0.1635 2021
0.1636 2023
0.1637 2028
0.1638 2026
0.1639 2028
0.164 2038
0.1641 2030
0.1642 2025
0.1643 2020
0.1644 2000
0.1645 1972
0.1646 1941
0.1647 1908
0.1648 1874
0.1649 1836
0.165 1814
0.1651 1780
0.1652 1744
0.1653 1705
0.1654 1662
0.1655 1627
0.1656 1597
0.1657 1558
0.1658 1516
0.1659 1491
0.166 1451
0.1661 1408
0.1662 1382
0.1663 1346
0.1664 1307
0.1665 1277
0.1666 1250
0.1667 1218
0.1668 1195
0.1669 1168
0.167 1145
0.1671 1121
0.1672 1103
0.1673 1084
0.1674 1067
0.1675 1055
0.1676 1045
0.1677 1010
0.1678 987
0.1679 965
0.168 942
0.1681 920
0.1682 900
0.1683 885
0.1684 867
0.1685 849
0.1686 845
0.1687 820
0.1688 799
0.1689 786
0.169 788
0.1691 787
0.1692 783
0.1693 768
0.1694 757
0.1695 748
0.1696 742
0.1697 737
0.1698 725
0.1699 728
0.17 707
0.1701 688
0.1702 679
0.1703 665
0.1704 660
0.1705 647
0.1706 642
0.1707 643
0.1708 638
0.1709 625
0.171 615
0.1711 602
0.1712 589
0.1713 579
0.1714 560
0.1715 547
0.1716 536
0.1717 522
0.1718 509
0.1719 501
0.172 494
0.1721 484
0.1722 485
0.1723 475
0.1724 475
0.1725 461
0.1726 458
0.1727 443
0.1728 436
0.1729 431
0.173 432
0.1731 426
0.1732 418
0.1733 416
0.1734 410
0.1735 413
0.1736 410
0.1737 411
0.1738 409
0.1739 396
0.174 387
0.1741 388
0.1742 387
0.1743 378
0.1744 376
0.1745 373
0.1746 369
0.1747 368
0.1748 375
0.1749 372
0.175 372
0.1751 367
0.1752 363
0.1753 369
0.1754 364
0.1755 359
0.1756 361
0.1757 354
0.1758 355
0.1759 355
0.176 350
0.1761 341
0.1762 341
0.1763 344
0.1764 345
0.1765 338
0.1766 337
0.1767 338
0.1768 339
0.1769 349
0.177 371
0.1771 387
0.1772 406
0.1773 437
0.1774 446
0.1775 450
0.1776 457
0.1777 460
0.1778 456
0.1779 460
0.178 454
0.1781 443
0.1782 436
0.1783 432
0.1784 423
0.1785 425
0.1786 420
0.1787 423
0.1788 419
0.1789 418
0.179 423
0.1791 417
0.1792 414
0.1793 417
0.1794 421
0.1795 421
0.1796 413
0.1797 414
0.1798 419
0.1799 414
0.18 419
0.1801 412
0.1802 411
0.1803 416
0.1804 409
0.1805 405
0.1806 398
0.1807 399
0.1808 390
0.1809 382
0.181 377
0.1811 366
0.1812 370
0.1813 367
0.1814 365
0.1815 358
0.1816 361
0.1817 364
0.1818 362
0.1819 364
0.182 362
0.1821 360
0.1822 366
0.1823 367
0.1824 368
0.1825 369
0.1826 362
0.1827 354
0.1828 350
0.1829 344
0.183 336
0.1831 336
0.1832 332
0.1833 336
0.1834 332
0.1835 333
0.1836 331
0.1837 330
0.1838 332
0.1839 327
0.184 327
0.1841 319
0.1842 309
0.1843 303
0.1844 295
0.1845 289
0.1846 288
0.1847 279
0.1848 276
0.1849 269
0.185 268
0.1851 268
0.1852 270
0.1853 268
0.1854 264
0.1855 264
0.1856 258
0.1857 254
0.1858 251
0.1859 246
0.186 244
0.1861 242
0.1862 251
0.1863 250
0.1864 243
0.1865 239
0.1866 241
0.1867 242
0.1868 235
0.1869 237
0.187 244
0.1871 250
0.1872 248
0.1873 254
0.1874 257
0.1875 259
0.1876 257
0.1877 261
0.1878 256
0.1879 249
0.188 247
0.1881 244
0.1882 239
0.1883 238
0.1884 238
0.1885 241
0.1886 245
0.1887 241
0.1888 241
0.1889 235
0.189 234
0.1891 235
0.1892 234
0.1893 232
0.1894 225
0.1895 218
0.1896 213
0.1897 209
0.1898 209
0.1899 208
0.19 210
0.1901 213
0.1902 221
0.1903 225
0.1904 223
0.1905 231
0.1906 240
0.1907 236
0.1908 235
0.1909 240
0.191 246
0.1911 249
0.1912 247
0.1913 249
0.1914 247
0.1915 251
0.1916 246
0.1917 246
0.1918 244
0.1919 235
0.192 234
0.1921 228
0.1922 229
0.1923 230
0.1924 225
0.1925 223
0.1926 221
0.1927 220
0.1928 216
0.1929 218
0.193 217
0.1931 210
0.1932 208
0.1933 208
0.1934 205
0.1935 205
0.1936 203
0.1937 203
0.1938 206
0.1939 200
0.194 197
0.1941 195
0.1942 194
0.1943 194
0.1944 190
0.1945 186
0.1946 190
0.1947 196
0.1948 201
0.1949 204
0.195 204
0.1951 213
0.1952 218
0.1953 231
0.1954 238
0.1955 237
0.1956 243
0.1957 240
0.1958 244
0.1959 240
0.196 234
0.1961 236
0.1962 232
0.1963 223
0.1964 223
0.1965 218
0.1966 218
0.1967 214
0.1968 213
0.1969 214
0.197 216
0.1971 223
0.1972 224
0.1973 222
0.1974 215
0.1975 214
0.1976 213
0.1977 222
0.1978 225
0.1979 229
0.198 235
0.1981 242
0.1982 257
0.1983 283
0.1984 317
0.1985 336
0.1986 344
0.1987 339
0.1988 338
0.1989 338
0.199 338
0.1991 341
0.1992 352
0.1993 359
0.1994 377
0.1995 385
0.1996 403
0.1997 405
0.1998 401
0.1999 406
0.2 405
0.2001 410
0.2002 416
0.2003 425
0.2004 430
0.2005 429
0.2006 430
0.2007 440
0.2008 446
0.2009 449
0.201 449
0.2011 447
0.2012 442
0.2013 438
0.2014 444
0.2015 434
0.2016 430
0.2017 432
0.2018 434
0.2019 429
0.202 430
0.2021 431
0.2022 423
0.2023 424
0.2024 424
0.2025 419
0.2026 409
0.2027 408
0.2028 403
0.2029 405
0.203 409
0.2031 413
0.2032 411
0.2033 413
0.2034 414
0.2035 416
0.2036 436
0.2037 449
0.2038 466
0.2039 466
0.204 470
0.2041 473
0.2042 462
0.2043 461
0.2044 471
0.2045 478
0.2046 495
0.2047 521
0.2048 532
0.2049 560
0.205 575
0.2051 593
0.2052 614
0.2053 622
0.2054 634
0.2055 640
0.2056 644
0.2057 647
0.2058 642
0.2059 640
0.206 644
0.2061 638
0.2062 634
0.2063 634
0.2064 634
0.2065 629
0.2066 621
0.2067 620
0.2068 635
0.2069 639
0.207 637
0.2071 645
0.2072 640
0.2073 637
0.2074 626
0.2075 618
0.2076 616
0.2077 618
0.2078 607
0.2079 602
0.208 597
0.2081 584
0.2082 574
0.2083 572
0.2084 561
0.2085 544
0.2086 538
0.2087 536
0.2088 515
0.2089 505
0.209 499
0.2091 494
0.2092 487
0.2093 473
0.2094 461
0.2095 454
0.2096 445
0.2097 446
0.2098 442
0.2099 435
0.21 433
0.2101 452
0.2102 464
0.2103 488
0.2104 511
0.2105 534
0.2106 561
0.2107 594
0.2108 617
0.2109 629
0.211 636
0.2111 639
0.2112 638
0.2113 641
0.2114 639
0.2115 643
0.2116 643
0.2117 642
0.2118 648
0.2119 648
0.212 647
0.2121 649
0.2122 650
0.2123 651
0.2124 649
0.2125 649
0.2126 647
0.2127 652
0.2128 653
0.2129 652
0.213 656
0.2131 657
0.2132 659
0.2133 662
0.2134 663
0.2135 666
0.2136 667
0.2137 669
0.2138 668
0.2139 672
0.214 677
0.2141 679
0.2142 681
0.2143 684
0.2144 685
0.2145 690
0.2146 692
0.2147 696
0.2148 697
0.2149 701
0.215 704
0.2151 706
0.2152 708
0.2153 710
0.2154 711
0.2155 714
0.2156 719
0.2157 721
0.2158 727
0.2159 728
0.216 732
0.2161 735
0.2162 737
0.2163 741
0.2164 744
0.2165 748
0.2166 751
0.2167 756
0.2168 759
0.2169 762
0.217 767
0.2171 772
0.2172 776
0.2173 780
0.2174 785
0.2175 791
0.2176 794
0.2177 799
0.2178 804
0.2179 807
0.218 812
0.2181 813
0.2182 821
0.2183 825
0.2184 829
0.2185 832
0.2186 838
0.2187 841
0.2188 842
0.2189 845
0.219 849
0.2191 854
0.2192 856
0.2193 862
0.2194 866
0.2195 872
0.2196 875
0.2197 879
0.2198 883
0.2199 886
0.22 891
0.2201 895
0.2202 900
0.2203 907
0.2204 910
0.2205 915
0.2206 922
0.2207 927
0.2208 935
0.2209 937
0.221 943
0.2211 944
0.2212 952
0.2213 958
0.2214 963
0.2215 970
0.2216 973
0.2217 982
0.2218 989
0.2219 994
0.222 1000
0.2221 1007
0.2222 1012
0.2223 1015
0.2224 1021
0.2225 1027
0.2226 1034
0.2227 1037
0.2228 1043
0.2229 1048
0.223 1052
0.2231 1058
0.2232 1063
0.2233 1066
0.2234 1069
0.2235 1078
0.2236 1082
0.2237 1085
0.2238 1093
0.2239 1097
0.224 1101
0.2241 1108
0.2242 1112
0.2243 1119
0.2244 1123
0.2245 1130
0.2246 1135
0.2247 1139
0.2248 1144
0.2249 1147
0.225 1158
0.2251 1165
0.2252 1168
0.2253 1175
0.2254 1180
0.2255 1184
0.2256 1194
0.2257 1198
0.2258 1202
0.2259 1210
0.226 1214
0.2261 1223
0.2262 1228
0.2263 1235
0.2264 1243
0.2265 1249
0.2266 1256
0.2267 1263
0.2268 1266
0.2269 1276
0.227 1280
0.2271 1286
0.2272 1291
0.2273 1302
0.2274 1311
0.2275 1317
0.2276 1324
0.2277 1331
0.2278 1336
0.2279 1342
0.228 1351
0.2281 1356
0.2282 1366
0.2283 1373
0.2284 1381
0.2285 1387
0.2286 1393
0.2287 1402
0.2288 1408
0.2289 1415
0.229 1421
0.2291 1428
0.2292 1439
0.2293 1445
0.2294 1453
0.2295 1463
0.2296 1468
0.2297 1478
0.2298 1484
0.2299 1488
0.23 1502
0.2301 1508
0.2302 1515
0.2303 1519
0.2304 1526
0.2305 1536
0.2306 1544
0.2307 1549
0.2308 1558
0.2309 1570
0.231 1574
0.2311 1579
0.2312 1585
0.2313 1596
0.2314 1605
0.2315 1610
0.2316 1622
0.2317 1625
0.2318 1633
0.2319 1642
0.232 1647
0.2321 1659
0.2322 1659
0.2323 1668
0.2324 1680
0.2325 1681
0.2326 1695
0.2327 1699
0.2328 1710
0.2329 1714
0.233 1723
0.2331 1732
0.2332 1734
0.2333 1740
0.2334 1738
0.2335 1753
0.2336 1758
0.2337 1763
0.2338 1773
0.2339 1781
0.234 1783
0.2341 1796
0.2342 1801
0.2343 1807
0.2344 1813
0.2345 1826
0.2346 1830
0.2347 1838
0.2348 1837
0.2349 1847
0.235 1852
0.2351 1859
0.2352 1859
0.2353 1872
0.2354 1879
0.2355 1882
0.2356 1893
0.2357 1885
0.2358 1895
0.2359 1899
0.236 1911
0.2361 1907
0.2362 1912
0.2363 1908
0.2364 1918
0.2365 1909
0.2366 1923
0.2367 1935
0.2368 1948
0.2369 1945
0.237 1949
0.2371 1952
0.2372 1940
0.2373 1910
0.2374 1870
0.2375 1825
0.2376 1792
0.2377 1755
0.2378 1721
0.2379 1691
0.238 1651
0.2381 1619
0.2382 1590
0.2383 1556
0.2384 1534
0.2385 1501
0.2386 1470
0.2387 1438
0.2388 1413
0.2389 1377
0.239 1340
0.2391 1313
0.2392 1269
0.2393 1222
0.2394 1200
0.2395 1185
0.2396 1152
0.2397 1136
0.2398 1110
0.2399 1091
0.24 1067
0.2401 1047
0.2402 1028
0.2403 1002
0.2404 975
0.2405 962
0.2406 931
0.2407 921
0.2408 903
0.2409 887
0.241 870
0.2411 863
0.2412 842
0.2413 828
0.2414 817
0.2415 800
0.2416 788
0.2417 790
0.2418 791
0.2419 784
0.242 773
0.2421 762
0.2422 750
0.2423 748
0.2424 741
0.2425 727
0.2426 724
0.2427 705
0.2428 695
0.2429 685
0.243 677
0.2431 666
0.2432 654
0.2433 651
0.2434 645
0.2435 631
0.2436 621
0.2437 600
0.2438 586
0.2439 574
0.244 567
0.2441 567
0.2442 556
0.2443 545
0.2444 531
0.2445 524
0.2446 516
0.2447 506
0.2448 500
0.2449 499
0.245 500
0.2451 494
0.2452 487
0.2453 481
0.2454 477
0.2455 460
0.2456 449
0.2457 437
0.2458 432
0.2459 422
0.246 415
0.2461 404
0.2462 397
0.2463 392
0.2464 385
0.2465 382
0.2466 383
0.2467 376
0.2468 368
0.2469 365
0.247 362
0.2471 356
0.2472 356
0.2473 356
0.2474 358
0.2475 368
0.2476 361
0.2477 355
0.2478 346
0.2479 340
0.248 336
0.2481 330
0.2482 324
0.2483 324
0.2484 318
0.2485 315
0.2486 316
0.2487 308
0.2488 307
0.2489 303
0.249 292
0.2491 288
0.2492 282
0.2493 280
0.2494 282
0.2495 284
0.2496 292
0.2497 289
0.2498 286
0.2499 285
0.25 281
