0.0000 0.000000
0.0001 0.000000
0.0002 0.000000
0.0003 0.000000
0.0004 0.000000
0.0005 0.000000
0.0006 0.000000
0.0007 0.000000
0.0008 0.000000
0.0009 0.000000
0.0010 0.000000
0.0011 0.000000
0.0012 0.000000
0.0013 0.000000
0.0014 0.133024
0.0015 0.312208
0.0016 0.577920
0.0017 0.842211
0.0018 1.105089
0.0019 0.371082
0.0020 0.636479
0.0021 0.900457
0.0022 0.166289
0.0023 0.432781
0.0024 0.697849
0.0025 0.961498
0.0026 0.226523
0.0027 0.492693
0.0028 0.757440
0.0029 0.131094
0.0030 0.531465
0.0031 0.929696
0.0032 -0.665856
0.0033 -0.130866
0.0034 0.550403
0.0035 0.351640
0.0036 0.196195
0.0037 1.052859
0.0038 1.074406
0.0039 0.201031
0.0040 0.403845
0.0041 0.607179
0.0042 0.809827
0.0043 1.012647
0.0044 0.292146
0.0045 0.732026
0.0046 0.203126
0.0047 0.674408
0.0048 0.182682
0.0049 0.962285
0.0050 0.938693
0.0051 0.957491
0.0052 1.188968
0.0053 0.463862
0.0054 0.853794
0.0055 0.396902
0.0056 0.940073
0.0057 0.560505
0.0058 0.295891
0.0059 0.984927
0.0060 0.874245
0.0061 0.844705
0.0062 0.759420
0.0063 0.751058
0.0064 0.710674
0.0065 0.607835
0.0066 0.493150
0.0067 0.437653
0.0068 0.398644
0.0069 2.343546
0.0070 0.438908
0.0071 1.649933
0.0072 1.031199
0.0073 0.541474
0.0074 1.156261
0.0075 0.770220
0.0076 0.394313
0.0077 1.268629
0.0078 1.374979
0.0079 1.615393
0.0080 0.733526
0.0081 0.942347
0.0082 0.322024
0.0083 1.540172
0.0084 0.976570
0.0085 0.750248
0.0086 0.571314
0.0087 0.416300
0.0088 0.371583
0.0089 1.242762
0.0090 1.196751
0.0091 1.098577
0.0092 1.048005
0.0093 0.367494
0.0094 0.548812
0.0095 0.565235
0.0096 0.568279
0.0097 0.631145
0.0098 1.585411
0.0099 0.539681
0.0100 1.494275
0.0101 0.698825
0.0102 0.998787
0.0103 1.163297
0.0104 -0.749130
0.0105 0.480722
0.0106 0.836812
0.0107 0.399182
0.0108 0.193164
0.0109 1.054504
0.0110 1.059212
0.0111 1.088056
0.0112 2.165049
0.0113 0.192488
0.0114 1.220342
0.0115 2.349734
0.0116 3.239837
0.0117 2.225454
0.0118 1.381431
0.0119 -2.377568
0.0120 1.024677
0.0121 -0.515222
0.0122 1.101586
0.0123 -0.302245
0.0124 1.311251
0.0125 2.873100
0.0126 2.499489
0.0127 -1.074265
0.0128 1.298659
0.0129 1.633331
0.0130 1.138543
0.0131 0.809261
0.0132 2.503262
0.0133 2.067814
0.0134 1.747689
0.0135 1.541424
0.0136 1.503811
0.0137 0.592870
0.0138 2.714802
0.0139 1.814781
0.0140 2.751675
0.0141 0.516613
0.0142 0.508014
0.0143 2.601620
0.0144 0.745777
0.0145 0.877596
0.0146 1.269397
0.0147 1.113677
0.0148 1.104647
0.0149 2.073961
0.0150 2.113125
0.0151 0.149656
0.0152 0.156710
0.0153 3.160131
0.0154 1.366194
0.0155 1.609927
0.0156 3.857612
0.0157 0.307237
0.0158 0.797572
0.0159 0.235205
0.0160 2.705304
0.0161 1.274504
0.0162 1.921946
0.0163 0.779679
0.0164 1.912958
0.0165 2.017550
0.0166 2.117488
0.0167 1.193613
0.0168 1.304140
0.0169 0.528230
0.0170 1.023113
0.0171 0.732810
0.0172 2.486814
0.0173 2.262490
0.0174 1.323836
0.0175 1.392310
0.0176 0.509235
0.0177 0.909461
0.0178 2.341436
0.0179 3.535812
0.0180 1.586280
0.0181 0.683760
0.0182 1.552754
0.0183 4.190835
0.0184 1.890935
0.0185 2.738788
0.0186 1.607482
0.0187 2.502057
0.0188 1.530429
0.0189 1.513449
0.0190 1.804990
0.0191 3.147430
0.0192 1.381348
0.0193 3.715857
0.0194 4.039789
0.0195 2.394460
0.0196 1.919465
0.0197 2.479317
0.0198 2.970479
0.0199 0.318894
0.0200 0.646427
0.0201 3.951577
0.0202 2.262264
0.0203 1.847972
0.0204 5.575575
0.0205 6.502778
0.0206 2.489809
0.0207 1.465694
0.0208 2.577869
0.0209 6.774343
0.0210 2.902633
0.0211 1.851402
0.0212 6.556999
0.0213 1.221945
0.0214 2.036235
0.0215 2.949887
0.0216 4.834166
0.0217 2.942878
0.0218 3.232141
0.0219 6.312739
0.0220 3.394091
0.0221 4.671952
0.0222 0.903906
0.0223 4.231736
0.0224 3.551595
0.0225 7.969775
0.0226 3.243849
0.0227 2.182319
0.0228 2.255763
0.0229 3.295510
0.0230 7.398745
0.0231 2.502578
0.0232 3.590762
0.0233 4.586099
0.0234 4.672455
0.0235 4.517401
0.0236 5.162599
0.0237 7.795735
0.0238 7.207595
0.0239 7.815187
0.0240 6.503048
0.0241 7.406163
0.0242 9.560732
0.0243 3.825196
0.0244 5.151474
0.0245 13.509188
0.0246 9.744623
0.0247 9.046279
0.0248 10.381313
0.0249 8.657346
0.0250 7.757719
0.0251 3.597645
0.0252 7.274797
0.0253 11.934534
0.0254 12.475814
0.0255 10.982128
0.0256 11.413459
0.0257 8.933080
0.0258 6.545711
0.0259 14.341915
0.0260 8.056793
0.0261 9.782926
0.0262 10.777301
0.0263 14.706052
0.0264 16.445763
0.0265 19.017798
0.0266 20.656210
0.0267 23.409673
0.0268 13.998649
0.0269 13.376625
0.0270 17.732245
0.0271 22.040270
0.0272 22.169122
0.0273 19.073558
0.0274 18.929244
0.0275 18.000148
0.0276 21.049400
0.0277 28.093447
0.0278 31.151545
0.0279 39.296161
0.0280 41.343585
0.0281 57.126650
0.0282 80.534512
0.0283 113.754809
0.0284 136.516893
0.0285 190.910758
0.0286 230.771947
0.0287 271.359183
0.0288 296.612544
0.0289 332.607885
0.0290 365.268536
0.0291 379.567793
0.0292 414.620752
0.0293 455.410108
0.0294 505.619689
0.0295 541.593728
0.0296 569.400824
0.0297 606.054867
0.0298 642.489768
0.0299 685.708757
0.0300 728.697588
0.0301 765.387405
0.0302 794.832249
0.0303 815.056258
0.0304 847.744304
0.0305 872.236095
0.0306 898.588965
0.0307 920.585052
0.0308 952.384884
0.0309 968.919105
0.0310 999.156807
0.0311 1031.154414
0.0312 1050.014937
0.0313 1062.744106
0.0314 1083.289862
0.0315 1109.705474
0.0316 1131.998042
0.0317 1148.186967
0.0318 1165.282808
0.0319 1176.305192
0.0320 1195.067078
0.0321 1202.676517
0.0322 1208.023796
0.0323 1220.096764
0.0324 1236.006948
0.0325 1256.817838
0.0326 1273.525557
0.0327 1290.149888
0.0328 1305.549985
0.0329 1316.887433
0.0330 1334.140740
0.0331 1341.320895
0.0332 1354.451842
0.0333 1372.506743
0.0334 1386.462355
0.0335 1395.363176
0.0336 1400.219298
0.0337 1404.059645
0.0338 1407.875397
0.0339 1412.676914
0.0340 1420.325763
0.0341 1430.781914
0.0342 1438.111989
0.0343 1449.238813
0.0344 1456.141930
0.0345 1460.970933
0.0346 1465.685933
0.0347 1464.392081
0.0348 1470.086684
0.0349 1466.759162
0.0350 1468.395595
0.0351 1474.933215
0.0352 1478.390898
0.0353 1483.695461
0.0354 1484.671477
0.0355 1489.577708
0.0356 1498.338522
0.0357 1499.049794
0.0358 1500.752930
0.0359 1495.466517
0.0360 1496.192402
0.0361 1493.933183
0.0362 1497.664962
0.0363 1490.416073
0.0364 1494.172868
0.0365 1491.895871
0.0366 1486.524258
0.0367 1487.166095
0.0368 1482.829458
0.0369 1480.503841
0.0370 1483.047785
0.0371 1482.501089
0.0372 1489.749094
0.0373 1494.971416
0.0374 1497.174887
0.0375 1503.256274
0.0376 1506.270723
0.0377 1509.130955
0.0378 1499.996966
0.0379 1494.911893
0.0380 1488.860053
0.0381 1491.782326
0.0382 1478.629820
0.0383 1481.497997
0.0384 1475.387886
0.0385 1473.297100
0.0386 1473.219845
0.0387 1473.136158
0.0388 1472.054661
0.0389 1465.990535
0.0390 1460.960067
0.0391 1450.968231
0.0392 1438.038844
0.0393 1427.182974
0.0394 1420.357765
0.0395 1424.437031
0.0396 1419.485896
0.0397 1412.499216
0.0398 1411.310586
0.0399 1410.022083
0.0400 1399.777711
0.0401 1392.576644
0.0402 1397.373184
0.0403 1393.038127
0.0404 1394.697355
0.0405 1389.377030
0.0406 1388.072025
0.0407 1390.760545
0.0408 1389.457122
0.0409 1392.152898
0.0410 1384.661503
0.0411 1380.117226
0.0412 1373.618538
0.0413 1370.138022
0.0414 1372.664543
0.0415 1370.186847
0.0416 1370.711461
0.0417 1375.225589
0.0418 1372.728448
0.0419 1369.237257
0.0420 1362.540593
0.0421 1355.834299
0.0422 1355.049164
0.0423 1355.258011
0.0424 1349.479053
0.0425 1343.738557
0.0426 1337.904398
0.0427 1335.033931
0.0428 1332.103996
0.0429 1325.182914
0.0430 1319.292163
0.0431 1315.435492
0.0432 1312.598062
0.0433 1312.756313
0.0434 1316.911991
0.0435 1310.959950
0.0436 1304.019988
0.0437 1299.110395
0.0438 1289.254320
0.0439 1288.415148
0.0440 1280.594891
0.0441 1275.815034
0.0442 1270.057496
0.0443 1261.345020
0.0444 1251.685144
0.0445 1248.052474
0.0446 1243.436589
0.0447 1239.860992
0.0448 1227.216277
0.0449 1218.591339
0.0450 1206.032274
0.0451 1190.554916
0.0452 1181.144941
0.0453 1178.761334
0.0454 1169.403138
0.0455 1157.109247
0.0456 1144.867810
0.0457 1137.691311
0.0458 1135.417506
0.0459 1126.162484
0.0460 1123.938550
0.0461 1124.715698
0.0462 1123.488479
0.0463 1124.257656
0.0464 1115.060975
0.0465 1102.924614
0.0466 1097.806120
0.0467 1082.626180
0.0468 1073.509489
0.0469 1054.489486
0.0470 1044.534626
0.0471 1045.598296
0.0472 1046.665105
0.0473 1046.718856
0.0474 1037.794847
0.0475 1027.930066
0.0476 1015.109941
0.0477 1013.342417
0.0478 1016.565537
0.0479 1007.816309
0.0480 1003.093220
0.0481 993.415295
0.0482 990.756766
0.0483 989.019100
0.0484 977.273554
0.0485 961.608147
0.0486 941.977434
0.0487 934.338629
0.0488 926.757566
0.0489 924.208472
0.0490 920.668686
0.0491 920.137843
0.0492 927.589743
0.0493 930.006137
0.0494 938.394433
0.0495 934.771644
0.0496 936.163457
0.0497 937.551273
0.0498 928.956617
0.0499 924.387138
0.0500 910.870492
0.0501 906.403186
0.0502 900.951675
0.0503 899.523548
0.0504 899.098326
0.0505 892.614934
0.0506 895.089640
0.0507 894.561091
0.0508 889.042123
0.0509 889.540330
0.0510 887.049654
0.0511 883.446579
0.0512 879.847097
0.0513 873.279028
0.0514 868.739075
0.0515 865.222112
0.0516 858.731512
0.0517 860.268679
0.0518 856.796993
0.0519 855.349109
0.0520 853.895431
0.0521 847.469445
0.0522 836.090834
0.0523 828.763501
0.0524 820.480755
0.0525 808.247693
0.0526 801.079715
0.0527 787.959063
0.0528 787.866699
0.0529 787.766597
0.0530 784.688888
0.0531 776.634243
0.0532 776.607076
0.0533 775.592110
0.0534 774.573237
0.0535 775.553227
0.0536 772.539324
0.0537 768.530907
0.0538 758.575803
0.0539 751.660882
0.0540 742.795893
0.0541 739.946686
0.0542 738.124852
0.0543 732.320205
0.0544 728.543959
0.0545 729.757918
0.0546 728.980317
0.0547 729.212284
0.0548 720.477257
0.0549 721.748857
0.0550 728.992451
0.0551 726.221873
0.0552 717.484605
0.0553 712.783639
0.0554 704.116273
0.0555 698.499458
0.0556 696.891865
0.0557 699.286602
0.0558 700.674786
0.0559 702.051831
0.0560 711.384863
0.0561 708.713629
0.0562 708.043947
0.0563 703.391550
0.0564 695.761951
0.0565 695.161638
0.0566 695.560308
0.0567 691.979692
0.0568 691.400669
0.0569 682.857098
0.0570 681.341352
0.0571 674.843035
0.0572 675.359878
0.0573 671.878570
0.0574 670.419187
0.0575 668.957368
0.0576 674.487148
0.0577 675.004317
0.0578 672.522911
0.0579 672.050697
0.0580 670.584918
0.0581 664.117322
0.0582 652.588289
0.0583 648.104856
0.0584 637.662151
0.0585 631.270361
0.0586 633.880105
0.0587 622.521009
0.0588 617.197779
0.0589 609.906466
0.0590 598.669666
0.0591 601.462279
0.0592 599.251558
0.0593 594.059291
0.0594 590.877000
0.0595 586.723675
0.0596 577.598656
0.0597 573.508670
0.0598 570.443046
0.0599 567.403464
0.0600 567.354937
0.0601 562.325051
0.0602 560.311519
0.0603 564.298852
0.0604 561.282815
0.0605 561.270949
0.0606 562.262436
0.0607 561.247667
0.0608 564.225563
0.0609 565.198841
0.0610 561.180299
0.0611 558.184179
0.0612 568.169030
0.0613 571.124662
0.0614 575.051444
0.0615 580.951683
0.0616 577.846222
0.0617 572.756092
0.0618 569.694251
0.0619 561.674167
0.0620 555.673272
0.0621 550.709921
0.0622 546.770676
0.0623 541.859879
0.0624 535.966979
0.0625 535.097715
0.0626 533.237009
0.0627 532.383576
0.0628 532.527699
0.0629 533.679531
0.0630 520.847485
0.0631 520.058171
0.0632 513.283862
0.0633 509.555050
0.0634 509.818842
0.0635 507.095962
0.0636 504.383717
0.0637 511.659774
0.0638 513.913620
0.0639 510.168449
0.0640 514.415078
0.0641 511.670968
0.0642 510.925561
0.0643 507.203348
0.0644 497.514020
0.0645 487.872771
0.0646 482.274132
0.0647 481.689379
0.0648 477.116024
0.0649 476.564065
0.0650 474.018619
0.0651 465.490840
0.0652 460.006175
0.0653 459.538920
0.0654 454.087818
0.0655 446.657337
0.0656 438.273447
0.0657 437.929236
0.0658 435.585930
0.0659 428.272735
0.0660 428.976598
0.0661 428.670903
0.0662 427.375907
0.0663 430.072767
0.0664 429.758134
0.0665 427.456493
0.0666 427.168599
0.0667 423.892899
0.0668 429.604928
0.0669 427.305363
0.0670 430.013653
0.0671 426.712950
0.0672 429.416806
0.0673 434.225232
0.0674 435.027851
0.0675 432.828519
0.0676 432.646451
0.0677 430.467199
0.0678 418.326771
0.0679 420.222622
0.0680 420.093602
0.0681 417.976000
0.0682 409.892114
0.0683 401.852745
0.0684 400.831939
0.0685 395.834380
0.0686 384.867662
0.0687 368.976782
0.0688 360.159738
0.0689 356.381205
0.0690 358.600445
0.0691 356.821150
0.0692 360.037559
0.0693 358.234703
0.0694 351.457058
0.0695 346.724931
0.0696 345.008607
0.0697 343.298174
0.0698 344.595543
0.0699 352.845903
0.0700 356.068795
0.0701 339.346848
0.0702 336.661804
0.0703 337.989350
0.0704 334.313408
0.0705 326.611629
0.0706 313.891447
0.0707 314.206845
0.0708 315.528846
0.0709 309.853150
0.0710 302.218804
0.0711 299.603595
0.0712 303.979292
0.0713 287.396586
0.0714 273.902934
0.0715 251.495635
0.0716 226.215498
0.0717 207.058718
0.0718 201.966188
0.0719 189.917454
0.0720 189.903665
0.0721 181.916786
0.0722 179.959553
0.0723 179.994576
0.0724 171.060099
0.0725 183.111617
0.0726 187.122252
0.0727 187.125408
0.0728 186.133655
0.0729 176.166993
0.0730 177.211973
0.0731 187.244071
0.0732 186.251237
0.0733 179.265919
0.0734 178.304063
0.0735 171.374764
0.0736 178.444879
0.0737 183.467900
0.0738 190.471146
0.0739 193.449328
0.0740 196.404535
0.0741 199.344649
0.0742 204.265940
0.0743 209.154732
0.0744 213.022357
0.0745 212.875306
0.0746 215.723308
0.0747 222.543534
0.0748 224.341438
0.0749 222.161584
0.0750 219.969246
0.0751 217.801971
0.0752 219.633681
0.0753 215.467848
0.0754 223.288894
0.0755 226.083165
0.0756 230.860902
0.0757 230.630240
0.0758 230.399554
0.0759 228.169176
0.0760 226.962354
0.0761 220.761872
0.0762 216.598095
0.0763 210.469925
0.0764 198.374860
0.0765 196.324190
0.0766 199.247948
0.0767 192.190780
0.0768 178.202198
0.0769 175.249530
0.0770 172.324566
0.0771 168.410237
0.0772 165.518518
0.0773 168.623673
0.0774 171.706206
0.0775 174.767473
0.0776 175.834637
0.0777 172.902324
0.0778 168.983432
0.0779 171.069948
0.0780 173.147607
0.0781 179.210164
0.0782 182.245144
0.0783 184.259828
0.0784 185.278263
0.0785 181.296747
0.0786 189.307886
0.0787 192.282181
0.0788 192.252720
0.0789 195.208523
0.0790 197.160582
0.0791 190.129887
0.0792 187.112588
0.0793 187.105482
0.0794 190.093504
0.0795 194.065765
0.0796 199.006109
0.0797 196.939415
0.0798 200.873225
0.0799 208.776815
0.0800 218.634013
0.0801 226.441387
0.0802 231.215532
0.0803 231.972788
0.0804 231.721561
0.0805 233.471025
0.0806 237.203538
0.0807 240.919224
0.0808 242.626295
0.0809 236.343939
0.0810 235.079278
0.0811 232.812913
0.0812 224.592151
0.0813 216.411217
0.0814 211.255971
0.0815 217.102599
0.0816 213.946374
0.0817 208.819120
0.0818 208.706523
0.0819 211.583983
0.0820 210.456834
0.0821 213.319455
0.0822 216.163956
0.0823 217.006651
0.0824 215.851631
0.0825 212.701211
0.0826 209.563553
0.0827 211.434721
0.0828 208.313943
0.0829 207.197892
0.0830 209.083476
0.0831 211.960525
0.0832 213.823339
0.0833 210.681252
0.0834 216.541861
0.0835 212.392568
0.0836 211.262600
0.0837 211.131177
0.0838 207.010932
0.0839 202.913595
0.0840 200.827633
0.0841 199.749264
0.0842 197.697975
0.0843 195.643301
0.0844 191.603043
0.0845 191.565107
0.0846 190.555502
0.0847 185.546840
0.0848 180.560201
0.0849 178.588403
0.0850 178.638666
0.0851 170.701124
0.0852 172.779898
0.0853 167.871188
0.0854 161.013861
0.0855 161.143882
0.0856 161.283131
0.0857 157.423992
0.0858 149.594215
0.0859 146.792875
0.0860 138.028436
0.0861 131.317275
0.0862 120.637924
0.0863 129.958760
0.0864 129.274299
0.0865 127.578999
0.0866 120.921418
0.0867 114.290329
0.0868 112.682814
0.0869 116.067886
0.0870 113.451155
0.0871 90.929072
0.0872 67.638274
0.0873 50.445520
0.0874 43.321574
0.0875 39.245767
0.0876 39.163411
0.0877 31.114852
0.0878 27.093819
0.0879 19.097988
0.0880 21.037019
0.0881 18.918725
0.0882 15.837758
0.0883 19.768322
0.0884 12.813831
0.0885 10.883632
0.0886 7.960631
0.0887 5.052185
0.0888 12.144777
0.0889 8.228887
0.0890 11.312121
0.0891 13.366405
0.0892 9.604493
0.0893 9.090177
0.0894 5.585700
0.0895 4.095572
0.0896 7.609793
0.0897 5.121221
0.0898 3.712967
0.0899 3.366785
0.0900 2.019341
0.0901 3.679346
0.0902 3.331122
0.0903 1.981936
0.0904 1.509132
0.0905 1.037402
0.0906 2.744949
0.0907 1.536034
0.0908 1.326842
0.0909 0.323236
0.0910 2.388045
0.0911 1.449860
0.0912 1.566935
0.0913 0.834961
0.0914 1.537578
0.0915 3.268916
0.0916 1.005493
0.0917 1.791745
0.0918 0.794643
0.0919 1.746160
0.0920 2.614115
0.0921 1.523742
0.0922 1.590568
0.0923 2.735233
0.0924 2.073661
0.0925 1.574467
0.0926 2.108778
0.0927 2.788427
0.0928 1.858575
0.0929 0.964081
0.0930 1.096757
0.0931 2.191782
0.0932 1.339323
0.0933 1.601020
0.0934 2.046674
0.0935 3.658423
0.0936 4.340333
0.0937 2.948957
0.0938 1.651432
0.0939 1.656908
0.0940 1.792559
0.0941 1.857748
0.0942 1.139620
0.0943 1.455077
0.0944 1.712950
0.0945 1.913900
0.0946 3.193384
0.0947 0.861255
0.0948 2.542443
0.0949 4.223891
0.0950 2.994818
0.0951 2.053570
0.0952 0.330334
0.0953 1.463507
0.0954 1.631807
0.0955 2.098782
0.0956 0.537830
0.0957 2.000083
0.0958 2.616934
0.0959 0.416107
0.0960 2.293408
0.0961 2.312811
0.0962 1.688985
0.0963 2.246621
0.0964 1.814945
0.0965 3.401532
0.0966 1.984338
0.0967 1.701785
0.0968 1.543111
0.0969 2.385537
0.0970 3.461663
0.0971 3.558407
0.0972 1.600595
0.0973 2.631801
0.0974 0.883102
0.0975 1.211421
0.0976 2.665605
0.0977 2.182299
0.0978 0.947365
0.0979 0.839406
0.0980 0.647863
0.0981 3.664490
0.0982 2.884256
0.0983 3.282092
0.0984 0.718156
0.0985 4.152716
0.0986 -0.413098
0.0987 1.085296
0.0988 5.724264
0.0989 2.422007
0.0990 0.120986
0.0991 -0.202658
0.0992 1.367944
0.0993 1.932644
0.0994 2.397358
0.0995 1.928675
0.0996 1.495347
0.0997 0.981618
0.0998 1.659209
0.0999 1.530386
0.1000 5.499628
0.1001 1.502999
0.1002 2.552863
0.1003 1.954366
0.1004 3.555414
0.1005 2.231656
0.1006 3.736179
0.1007 4.998609
0.1008 2.008116
0.1009 2.944113
0.1010 1.703423
0.1011 3.271270
0.1012 1.958942
0.1013 3.582975
0.1014 2.406549
0.1015 2.533798
0.1016 1.955861
0.1017 1.239847
0.1018 5.208216
0.1019 4.207412
0.1020 1.564412
0.1021 2.129186
0.1022 1.780125
0.1023 1.787850
0.1024 1.774164
0.1025 2.534754
0.1026 2.043737
0.1027 2.554983
0.1028 0.085035
0.1029 4.416278
0.1030 5.646464
0.1031 2.686512
0.1032 4.396961
0.1033 3.844588
0.1034 4.440680
0.1035 2.205054
0.1036 3.897950
0.1037 3.406410
0.1038 1.658091
0.1039 3.576914
0.1040 5.512119
0.1041 3.401600
0.1042 4.440499
0.1043 1.641746
0.1044 2.943597
0.1045 2.323570
0.1046 5.778506
0.1047 2.279663
0.1048 4.708759
0.1049 6.098105
0.1050 2.518300
0.1051 2.722647
0.1052 4.791781
0.1053 2.948645
0.1054 3.242657
0.1055 2.529814
0.1056 3.902155
0.1057 4.318082
0.1058 4.571577
0.1059 4.022459
0.1060 6.916199
0.1061 6.697142
0.1062 2.712185
0.1063 4.146733
0.1064 3.631929
0.1065 4.110922
0.1066 4.537844
0.1067 4.846422
0.1068 8.106977
0.1069 4.454333
0.1070 5.812023
0.1071 8.081169
0.1072 9.546334
0.1073 6.215851
0.1074 6.831721
0.1075 10.458088
0.1076 9.039052
0.1077 8.513293
0.1078 6.028642
0.1079 11.505177
0.1080 13.923194
0.1081 8.407370
0.1082 6.641992
0.1083 6.834502
0.1084 15.982889
0.1085 15.906889
0.1086 11.594594
0.1087 17.293164
0.1088 14.640287
0.1089 12.848527
0.1090 10.147108
0.1091 11.668512
0.1092 15.398132
0.1093 14.123820
0.1094 19.878941
0.1095 10.640174
0.1096 12.356798
0.1097 18.040978
0.1098 26.434590
0.1099 12.660948
0.1100 16.999358
0.1101 19.496953
0.1102 12.896573
0.1103 11.867651
0.1104 17.030313
0.1105 24.105952
0.1106 25.034224
0.1107 29.880843
0.1108 34.789193
0.1109 43.476272
0.1110 35.190254
0.1111 55.876483
0.1112 57.522810
0.1113 63.105108
0.1114 96.601278
0.1115 115.796824
0.1116 132.911298
0.1117 164.884059
0.1118 203.660404
0.1119 243.244550
0.1120 281.553604
0.1121 316.605908
0.1122 346.335838
0.1123 383.788591
0.1124 423.990339
0.1125 461.935566
0.1126 500.439033
0.1127 529.649239
0.1128 553.720215
0.1129 589.622036
0.1130 598.396780
0.1131 613.070457
0.1132 632.596433
0.1133 666.942354
0.1134 685.029402
0.1135 718.970237
0.1136 747.733929
0.1137 766.280653
0.1138 793.537648
0.1139 809.531392
0.1140 840.255522
0.1141 855.723647
0.1142 870.006226
0.1143 883.057826
0.1144 903.849283
0.1145 917.399961
0.1146 937.781117
0.1147 959.987273
0.1148 983.587227
0.1149 995.978491
0.1150 1021.267070
0.1151 1046.401516
0.1152 1066.278110
0.1153 1080.942996
0.1154 1096.421370
0.1155 1119.635009
0.1156 1134.636702
0.1157 1147.409120
0.1158 1158.093516
0.1159 1173.724944
0.1160 1190.274813
0.1161 1204.730342
0.1162 1217.126416
0.1163 1231.441242
0.1164 1241.575486
0.1165 1247.520925
0.1166 1264.397375
0.1167 1277.195780
0.1168 1299.909836
0.1169 1311.531432
0.1170 1326.078014
0.1171 1332.564152
0.1172 1348.988702
0.1173 1359.327002
0.1174 1374.550503
0.1175 1375.541022
0.1176 1377.488190
0.1177 1377.332657
0.1178 1379.157805
0.1179 1387.953257
0.1180 1389.736483
0.1181 1397.482359
0.1182 1400.167640
0.1183 1408.709976
0.1184 1412.234235
0.1185 1417.724612
0.1186 1421.192743
0.1187 1428.618998
0.1188 1428.043957
0.1189 1429.433556
0.1190 1433.708127
0.1191 1436.963099
0.1192 1436.202458
0.1193 1439.362034
0.1194 1439.429743
0.1195 1438.313303
0.1196 1437.141061
0.1197 1432.993295
0.1198 1430.863228
0.1199 1423.759244
0.1200 1425.666037
0.1201 1421.575329
0.1202 1423.492130
0.1203 1423.262200
0.1204 1422.044812
0.1205 1425.827772
0.1206 1425.592845
0.1207 1432.315219
0.1208 1438.868547
0.1209 1444.281990
0.1210 1446.676116
0.1211 1450.037351
0.1212 1456.252209
0.1213 1454.469844
0.1214 1450.595284
0.1215 1450.687336
0.1216 1447.739087
0.1217 1445.721254
0.1218 1441.643998
0.1219 1435.469620
0.1220 1439.238942
0.1221 1437.003567
0.1222 1430.785989
0.1223 1422.607284
0.1224 1416.463163
0.1225 1412.348550
0.1226 1401.278397
0.1227 1397.249590
0.1228 1393.233615
0.1229 1389.249676
0.1230 1389.265849
0.1231 1386.293867
0.1232 1379.352411
0.1233 1375.446221
0.1234 1363.587338
0.1235 1352.681501
0.1236 1337.716071
0.1237 1333.758341
0.1238 1328.817801
0.1239 1331.745473
0.1240 1333.663507
0.1241 1332.589423
0.1242 1332.515487
0.1243 1321.476304
0.1244 1323.460750
0.1245 1319.445535
0.1246 1310.461350
0.1247 1310.508991
0.1248 1310.559279
0.1249 1305.615220
0.1250 1307.688229
0.1251 1307.750050
0.1252 1302.814199
0.1253 1297.926433
0.1254 1292.061894
0.1255 1292.081276
0.1256 1286.108950
0.1257 1275.190449
0.1258 1276.288572
0.1259 1267.416191
0.1260 1268.553208
0.1261 1262.708280
0.1262 1257.886961
0.1263 1249.014300
0.1264 1244.134925
0.1265 1242.261847
0.1266 1235.431153
0.1267 1220.629359
0.1268 1205.932821
0.1269 1194.304731
0.1270 1176.756784
0.1271 1154.305413
0.1272 1150.932899
0.1273 1147.569444
0.1274 1138.238699
0.1275 1131.966590
0.1276 1125.723551
0.1277 1126.494254
0.1278 1124.258305
0.1279 1117.055361
0.1280 1111.886014
0.1281 1108.747409
0.1282 1109.598093
0.1283 1103.460845
0.1284 1098.362707
0.1285 1094.287820
0.1286 1087.244153
0.1287 1075.252365
0.1288 1075.290559
0.1289 1076.318417
0.1290 1066.381313
0.1291 1066.463775
0.1292 1061.559923
0.1293 1055.682057
0.1294 1050.835434
0.1295 1050.002205
0.1296 1038.203674
0.1297 1028.460391
0.1298 1026.755615
0.1299 1022.064071
0.1300 1019.256392
0.1301 1015.469020
0.1302 1016.689861
0.1303 1012.916620
0.1304 1010.157964
0.1305 1008.421145
0.1306 1005.685641
0.1307 996.992027
0.1308 992.324811
0.1309 985.692265
0.1310 983.082884
0.1311 977.495510
0.1312 977.922331
0.1313 974.361695
0.1314 972.806429
0.1315 963.286455
0.1316 951.830199
0.1317 952.401089
0.1318 950.967403
0.1319 952.537210
0.1320 948.105024
0.1321 943.705017
0.1322 946.299590
0.1323 944.900698
0.1324 940.516894
0.1325 939.152837
0.1326 930.802371
0.1327 925.488986
0.1328 923.197239
0.1329 915.934103
0.1330 908.699049
0.1331 902.373727
0.1332 898.087042
0.1333 890.829279
0.1334 887.594781
0.1335 888.369413
0.1336 891.130058
0.1337 884.897622
0.1338 879.697257
0.1339 875.529809
0.1340 872.373654
0.1341 880.210877
0.1342 877.036054
0.1343 875.866545
0.1344 874.604280
0.1345 866.339930
0.1346 862.112526
0.1347 856.900262
0.1348 857.704466
0.1349 852.517591
0.1350 849.355486
0.1351 846.212673
0.1352 845.077485
0.1353 843.954061
0.1354 839.846609
0.1355 839.740678
0.1356 836.646630
0.1357 834.565618
0.1358 830.503763
0.1359 829.454537
0.1360 821.430212
0.1361 823.420293
0.1362 826.395456
0.1363 825.364936
0.1364 825.357218
0.1365 818.352021
0.1366 814.379523
0.1367 808.423512
0.1368 797.499147
0.1369 792.640518
0.1370 790.795535
0.1371 788.956536
0.1372 778.153469
0.1373 776.387856
0.1374 770.647988
0.1375 759.942592
0.1376 760.268267
0.1377 753.600309
0.1378 751.966990
0.1379 749.351957
0.1380 742.747918
0.1381 732.061987
0.1382 722.423999
0.1383 711.849637
0.1384 703.324555
0.1385 693.845316
0.1386 694.352270
0.1387 686.779116
0.1388 674.273542
0.1389 670.804345
0.1390 667.340872
0.1391 660.914751
0.1392 659.598562
0.1393 655.357529
0.1394 652.113231
0.1395 643.909918
0.1396 642.735926
0.1397 636.570880
0.1398 629.443693
0.1399 628.230728
0.1400 623.022241
0.1401 622.817570
0.1402 629.600342
0.1403 628.367670
0.1404 622.151460
0.1405 612.973270
0.1406 605.848027
0.1407 600.747378
0.1408 598.669662
0.1409 597.592443
0.1410 591.536986
0.1411 586.512468
0.1412 581.524117
0.1413 581.535878
0.1414 580.556515
0.1415 577.593437
0.1416 576.640510
0.1417 571.700806
0.1418 569.792091
0.1419 567.876731
0.1420 566.964687
0.1421 569.058424
0.1422 568.146030
0.1423 566.236160
0.1424 564.341287
0.1425 565.448444
0.1426 563.562142
0.1427 557.687569
0.1428 553.844352
0.1429 552.003959
0.1430 548.194809
0.1431 548.381680
0.1432 541.580488
0.1433 541.798523
0.1434 535.050684
0.1435 536.317625
0.1436 532.585552
0.1437 530.869697
0.1438 530.156201
0.1439 531.447373
0.1440 533.724387
0.1441 537.988709
0.1442 541.230500
0.1443 542.457927
0.1444 531.706621
0.1445 527.002422
0.1446 519.320125
0.1447 515.676946
0.1448 522.037214
0.1449 506.406492
0.1450 498.851047
0.1451 493.317340
0.1452 486.815289
0.1453 483.347545
0.1454 481.897506
0.1455 479.452392
0.1456 476.026881
0.1457 476.602298
0.1458 476.180738
0.1459 474.773010
0.1460 473.361124
0.1461 474.944403
0.1462 475.539414
0.1463 474.133842
0.1464 469.729483
0.1465 468.352567
0.1466 465.978329
0.1467 467.611467
0.1468 466.239697
0.1469 468.863650
0.1470 472.474311
0.1471 471.082714
0.1472 472.690238
0.1473 468.287396
0.1474 460.927754
0.1475 461.587771
0.1476 461.249924
0.1477 456.915448
0.1478 456.600746
0.1479 457.287937
0.1480 456.971376
0.1481 453.662663
0.1482 456.356066
0.1483 455.049597
0.1484 446.769053
0.1485 446.511437
0.1486 437.266997
0.1487 437.059771
0.1488 434.853023
0.1489 429.678497
0.1490 427.510387
0.1491 424.360027
0.1492 415.252299
0.1493 413.165589
0.1494 408.099293
0.1495 406.052408
0.1496 398.026167
0.1497 395.028154
0.1498 395.038168
0.1499 391.074007
0.1500 392.101481
0.1501 394.132084
0.1502 396.147908
0.1503 396.163224
0.1504 391.174805
0.1505 391.213346
0.1506 388.268047
0.1507 384.345376
0.1508 382.427020
0.1509 383.509802
0.1510 377.605918
0.1511 372.724620
0.1512 370.871430
0.1513 366.037405
0.1514 359.232626
0.1515 352.448681
0.1516 334.752989
0.1517 325.117447
0.1518 318.519119
0.1519 310.958465
0.1520 306.444491
0.1521 299.961519
0.1522 294.516506
0.1523 298.062303
0.1524 290.611627
0.1525 283.208524
0.1526 270.857561
0.1527 272.539024
0.1528 269.232216
0.1529 266.923882
0.1530 254.659684
0.1531 224.502694
0.1532 197.489987
0.1533 181.603357
0.1534 177.774564
0.1535 172.970296
0.1536 173.168681
0.1537 177.360907
0.1538 170.544951
0.1539 176.746963
0.1540 180.918620
0.1541 186.061414
0.1542 184.201537
0.1543 175.366033
0.1544 156.552928
0.1545 144.746974
0.1546 140.973812
0.1547 121.254630
0.1548 106.647768
0.1549 85.146914
0.1550 60.848557
0.1551 53.750968
0.1552 35.784486
0.1553 32.870999
0.1554 26.976938
0.1555 27.100246
0.1556 20.240113
0.1557 28.391677
0.1558 31.470241
0.1559 28.436016
0.1560 29.426164
0.1561 26.422503
0.1562 28.411603
0.1563 25.396508
0.1564 22.391311
0.1565 28.380587
0.1566 29.370586
0.1567 23.480216
0.1568 25.620237
0.1569 25.751514
0.1570 39.842416
0.1571 48.873532
0.1572 63.835382
0.1573 73.735054
0.1574 82.595136
0.1575 90.412608
0.1576 97.179550
0.1577 100.908686
0.1578 104.610480
0.1579 106.307293
0.1580 112.985545
0.1581 121.623672
0.1582 124.237405
0.1583 124.829611
0.1584 116.450355
0.1585 123.086969
0.1586 133.674070
0.1587 131.227923
0.1588 127.787211
0.1589 117.408124
0.1590 114.059686
0.1591 106.729941
0.1592 96.509947
0.1593 94.411793
0.1594 92.320664
0.1595 85.248006
0.1596 90.179762
0.1597 90.109947
0.1598 94.033166
0.1599 95.924725
0.1600 99.803959
0.1601 105.643440
0.1602 107.486728
0.1603 111.301120
0.1604 110.113298
0.1605 120.888565
0.1606 130.492635
0.1607 136.045012
0.1608 144.565386
0.1609 145.053671
0.1610 148.526742
0.1611 151.976774
0.1612 159.415862
0.1613 170.803714
0.1614 175.146484
0.1615 187.426732
0.1616 182.699562
0.1617 184.967568
0.1618 180.253035
0.1619 178.555748
0.1620 188.843526
0.1621 192.088549
0.1622 195.308382
0.1623 200.520079
0.1624 199.711863
0.1625 206.890302
0.1626 215.032471
0.1627 223.122238
0.1628 224.196198
0.1629 226.256172
0.1630 231.300239
0.1631 235.320034
0.1632 244.310561
0.1633 256.236875
0.1634 262.113283
0.1635 265.963594
0.1636 269.795480
0.1637 272.606099
0.1638 278.403266
0.1639 276.184074
0.1640 273.980063
0.1641 276.762636
0.1642 279.542652
0.1643 275.318647
0.1644 260.146197
0.1645 255.036383
0.1646 251.936210
0.1647 245.871364
0.1648 241.841455
0.1649 244.808729
0.1650 243.842799
0.1651 243.943737
0.1652 245.027743
0.1653 242.125717
0.1654 242.224632
0.1655 243.322372
0.1656 247.413037
0.1657 244.494379
0.1658 243.579561
0.1659 247.672213
0.1660 250.734111
0.1661 249.800071
0.1662 249.876260
0.1663 250.929738
0.1664 255.973564
0.1665 252.019643
0.1666 260.052939
0.1667 260.063458
0.1668 264.059384
0.1669 264.035471
0.1670 260.026034
0.1671 262.025905
0.1672 266.008282
0.1673 260.992542
0.1674 257.007128
0.1675 261.027767
0.1676 260.029352
0.1677 261.032282
0.1678 260.042019
0.1679 260.050876
0.1680 259.059451
0.1681 260.069442
0.1682 264.060419
0.1683 267.041704
0.1684 268.016205
0.1685 265.966370
0.1686 266.806963
0.1687 271.635964
0.1688 276.301373
0.1689 274.957905
0.1690 271.615187
0.1691 271.294159
0.1692 257.011313
0.1693 244.805435
0.1694 226.677876
0.1695 209.651287
0.1696 197.696449
0.1697 195.787612
0.1698 194.869942
0.1699 197.947173
0.1700 200.015970
0.1701 192.100573
0.1702 193.196921
0.1703 197.291703
0.1704 199.366739
0.1705 200.427281
0.1706 198.498313
0.1707 201.562129
0.1708 205.610976
0.1709 210.630227
0.1710 218.613109
0.1711 221.557943
0.1712 225.496647
0.1713 224.422462
0.1714 227.338658
0.1715 228.247265
0.1716 231.153039
0.1717 234.028535
0.1718 236.900482
0.1719 236.758152
0.1720 239.616672
0.1721 237.466248
0.1722 227.358817
0.1723 227.266890
0.1724 228.179914
0.1725 225.091245
0.1726 224.017913
0.1727 222.954331
0.1728 222.894753
0.1729 221.837549
0.1730 220.787259
0.1731 223.733161
0.1732 221.677709
0.1733 217.635236
0.1734 217.609608
0.1735 216.575807
0.1736 211.551533
0.1737 215.541955
0.1738 215.524478
0.1739 220.484678
0.1740 227.424676
0.1741 230.334101
0.1742 232.225106
0.1743 233.112147
0.1744 227.012887
0.1745 227.923310
0.1746 228.828016
0.1747 221.750281
0.1748 219.697416
0.1749 213.678265
0.1750 213.665858
0.1751 218.629467
0.1752 221.582284
0.1753 223.522124
0.1754 226.445167
0.1755 229.353411
0.1756 234.246789
0.1757 226.154705
0.1758 216.105578
0.1759 220.071846
0.1760 219.016025
0.1761 213.977492
0.1762 209.978654
0.1763 203.997320
0.1764 196.053763
0.1765 187.170998
0.1766 177.343682
0.1767 169.438715
0.1768 173.524207
0.1769 175.597993
0.1770 184.640433
0.1771 182.656919
0.1772 177.684097
0.1773 177.725753
0.1774 180.759264
0.1775 178.805201
0.1776 175.856534
0.1777 171.929465
0.1778 175.008678
0.1779 164.101698
0.1780 158.227411
0.1781 159.384772
0.1782 156.539882
0.1783 148.725668
0.1784 139.952315
0.1785 127.242271
0.1786 135.519207
0.1787 132.799988
0.1788 122.119737
0.1789 123.462477
0.1790 121.811821
0.1791 118.158847
0.1792 124.503125
0.1793 120.841052
0.1794 114.273035
0.1795 113.925232
0.1796 114.579477
0.1797 119.220110
0.1798 122.849374
0.1799 127.455358
0.1800 126.045010
0.1801 120.644010
0.1802 120.272785
0.1803 118.906542
0.1804 118.545139
0.1805 122.168224
0.1806 122.784310
0.1807 120.405088
0.1808 119.025404
0.1809 118.659726
0.1810 115.293526
0.1811 112.949392
0.1812 113.608374
0.1813 114.269450
0.1814 113.920710
0.1815 111.584481
0.1816 113.245683
0.1817 113.907031
0.1818 118.553397
0.1819 120.184600
0.1820 120.803936
0.1821 120.424128
0.1822 117.053838
0.1823 118.690946
0.1824 117.326501
0.1825 119.957764
0.1826 115.606739
0.1827 119.246661
0.1828 122.858669
0.1829 125.473829
0.1830 130.064706
0.1831 133.622051
0.1832 140.148621
0.1833 138.664405
0.1834 137.191924
0.1835 137.708813
0.1836 138.231324
0.1837 138.757783
0.1838 139.284554
0.1839 147.783379
0.1840 148.267821
0.1841 141.757365
0.1842 139.266230
0.1843 136.759855
0.1844 126.192384
0.1845 129.651962
0.1846 124.102418
0.1847 121.580695
0.1848 119.069942
0.1849 120.560601
0.1850 125.033598
0.1851 124.499349
0.1852 121.975528
0.1853 121.452100
0.1854 110.957115
0.1855 105.509924
0.1856 109.066145
0.1857 111.615383
0.1858 114.140927
0.1859 118.645961
0.1860 119.141077
0.1861 120.625368
0.1862 124.107626
0.1863 126.576288
0.1864 124.034195
0.1865 120.511549
0.1866 121.988138
0.1867 119.480903
0.1868 118.983330
0.1869 116.479967
0.1870 118.977664
0.1871 117.484116
0.1872 122.984579
0.1873 121.462892
0.1874 120.945706
0.1875 124.425367
0.1876 128.878638
0.1877 134.302741
0.1878 135.714831
0.1879 140.108135
0.1880 137.506572
0.1881 138.896737
0.1882 138.287309
0.1883 130.704235
0.1884 127.145627
0.1885 123.608684
0.1886 122.084122
0.1887 115.576116
0.1888 114.091857
0.1889 105.638394
0.1890 104.096911
0.1891 99.538692
0.1892 97.011939
0.1893 93.500057
0.1894 90.007685
0.1895 81.551156
0.1896 82.109508
0.1897 78.676200
0.1898 70.289444
0.1899 58.942972
0.1900 64.621471
0.1901 66.268670
0.1902 68.910087
0.1903 72.530763
0.1904 70.149960
0.1905 71.770191
0.1906 75.382323
0.1907 78.959574
0.1908 84.520409
0.1909 88.058497
0.1910 84.602392
0.1911 79.172526
0.1912 66.771807
0.1913 65.418210
0.1914 39.141156
0.1915 25.959764
0.1916 13.851233
0.1917 15.770683
0.1918 8.697299
0.1919 6.652262
0.1920 3.629716
0.1921 4.639637
0.1922 6.741583
0.1923 7.921764
0.1924 7.139035
0.1925 6.362498
0.1926 7.606364
0.1927 4.838768
0.1928 4.130303
0.1929 3.640605
0.1930 4.158761
0.1931 4.674378
0.1932 3.312601
0.1933 1.106312
0.1934 2.897485
0.1935 1.686998
0.1936 2.480442
0.1937 5.343712
0.1938 2.272688
0.1939 2.198570
0.1940 2.121258
0.1941 1.919167
0.1942 4.826726
0.1943 2.748488
0.1944 1.671746
0.1945 2.597280
0.1946 1.570649
0.1947 0.623214
0.1948 2.041503
0.1949 1.636808
0.1950 1.238605
0.1951 2.955237
0.1952 0.681376
0.1953 1.290956
0.1954 1.985633
0.1955 1.720834
0.1956 3.451508
0.1957 0.181176
0.1958 0.958103
0.1959 0.826443
0.1960 0.819573
0.1961 0.936919
0.1962 3.141850
0.1963 1.495772
0.1964 2.179033
0.1965 1.248735
0.1966 0.430309
0.1967 2.861140
0.1968 1.441257
0.1969 1.053239
0.1970 2.660801
0.1971 1.329642
0.1972 1.299924
0.1973 0.360292
0.1974 1.578763
0.1975 0.888334
0.1976 0.743694
0.1977 2.912535
0.1978 1.202056
0.1979 2.501542
0.1980 2.094781
0.1981 0.718069
0.1982 1.391246
0.1983 1.033068
0.1984 0.559239
0.1985 2.047693
0.1986 2.534551
0.1987 1.027481
0.1988 0.716996
0.1989 1.365105
0.1990 1.972696
0.1991 2.481481
0.1992 3.177485
0.1993 0.684298
0.1994 2.516846
0.1995 -0.251330
0.1996 3.106316
0.1997 2.559747
0.1998 2.989483
0.1999 2.416234
0.2000 1.960154
0.2001 1.395759
0.2002 1.581369
0.2003 -0.163518
0.2004 2.239977
0.2005 1.672431
0.2006 1.101142
0.2007 0.624760
0.2008 1.551216
0.2009 2.514109
0.2010 1.389435
0.2011 1.249883
0.2012 1.234973
0.2013 2.365187
0.2014 1.718618
0.2015 0.835868
0.2016 0.677208
0.2017 2.279494
0.2018 1.705443
0.2019 1.197991
0.2020 2.622505
0.2021 1.050177
0.2022 3.570116
0.2023 4.260021
0.2024 0.190328
0.2025 -0.655397
0.2026 3.459011
0.2027 3.494178
0.2028 2.588984
0.2029 1.684082
0.2030 0.664674
0.2031 0.695369
0.2032 2.791078
0.2033 2.838631
0.2034 1.761102
0.2035 0.701038
0.2036 1.740398
0.2037 1.780083
0.2038 1.724427
0.2039 0.493237
0.2040 1.591620
0.2041 1.427402
0.2042 1.326403
0.2043 1.049174
0.2044 0.687420
0.2045 3.190754
0.2046 2.738245
0.2047 4.337357
0.2048 0.908768
0.2049 3.348958
0.2050 -0.228459
0.2051 1.121553
0.2052 1.649154
0.2053 2.071409
0.2054 0.238150
0.2055 4.454920
0.2056 0.868826
0.2057 1.291563
0.2058 3.709417
0.2059 1.125114
0.2060 0.626518
0.2061 2.997245
0.2062 3.359995
0.2063 4.644121
0.2064 6.025721
0.2065 3.709753
0.2066 5.132863
0.2067 1.337784
0.2068 6.491488
0.2069 6.677775
0.2070 2.935464
0.2071 1.346905
0.2072 5.030580
0.2073 3.800455
0.2074 4.584758
0.2075 5.145869
0.2076 1.719079
0.2077 5.462523
0.2078 4.335338
0.2079 6.415921
0.2080 2.404491
0.2081 5.522169
0.2082 0.866915
0.2083 2.222829
0.2084 4.390537
0.2085 2.577628
0.2086 0.798886
0.2087 3.131298
0.2088 2.433793
0.2089 5.620945
0.2090 2.606884
0.2091 5.514745
0.2092 4.459100
0.2093 1.382094
0.2094 4.237611
0.2095 4.048770
0.2096 3.866949
0.2097 2.649634
0.2098 7.246215
0.2099 5.789400
0.2100 4.354837
0.2101 4.036302
0.2102 3.653964
0.2103 9.354545
0.2104 1.306414
0.2105 4.050864
0.2106 3.784731
0.2107 1.670168
0.2108 4.706520
0.2109 1.812525
0.2110 5.662470
0.2111 2.425553
0.2112 3.162734
0.2113 4.604380
0.2114 1.171065
0.2115 3.666285
0.2116 6.093238
0.2117 3.667496
0.2118 3.411595
0.2119 0.311754
0.2120 6.264430
0.2121 5.215754
0.2122 4.119400
0.2123 2.716028
0.2124 3.189046
0.2125 1.909498
0.2126 3.858607
0.2127 1.718179
0.2128 2.694152
0.2129 2.552175
0.2130 5.148536
0.2131 2.720617
0.2132 6.519264
0.2133 7.481542
0.2134 8.423522
0.2135 4.288956
0.2136 3.220965
0.2137 1.250102
0.2138 4.639594
0.2139 11.169615
0.2140 1.578819
0.2141 3.803538
0.2142 2.990906
0.2143 3.199201
0.2144 7.414939
0.2145 6.660992
0.2146 4.863809
0.2147 5.076265
0.2148 5.411944
0.2149 4.630970
0.2150 7.914711
0.2151 8.164629
0.2152 7.311992
0.2153 3.369222
0.2154 8.346493
0.2155 9.486202
0.2156 8.402593
0.2157 4.348472
0.2158 4.303744
0.2159 4.225902
0.2160 8.056523
0.2161 13.673133
0.2162 13.239915
0.2163 12.871837
0.2164 9.514643
0.2165 14.150437
0.2166 6.667990
0.2167 11.126621
0.2168 7.654904
0.2169 7.467392
0.2170 14.442850
0.2171 13.327834
0.2172 12.305574
0.2173 20.355636
0.2174 19.555008
0.2175 14.769055
0.2176 22.753201
0.2177 17.765271
0.2178 25.864823
0.2179 24.980935
0.2180 22.983842
0.2181 18.942369
0.2182 35.784756
0.2183 34.632021
0.2184 36.288891
0.2185 50.753454
0.2186 57.187568
0.2187 74.418770
0.2188 94.385080
0.2189 115.265990
0.2190 142.014446
0.2191 176.435146
0.2192 215.419573
0.2193 246.073112
0.2194 280.428022
0.2195 330.551508
0.2196 369.378289
0.2197 406.927068
0.2198 439.079660
0.2199 477.848631
0.2200 523.311581
0.2201 555.518716
0.2202 587.550975
0.2203 607.436801
0.2204 644.042882
0.2205 673.466148
0.2206 698.750321
0.2207 721.662340
0.2208 750.282473
0.2209 762.651092
0.2210 794.771521
0.2211 820.724257
0.2212 838.570662
0.2213 867.195191
0.2214 879.595019
0.2215 902.728648
0.2216 914.732818
0.2217 915.654451
0.2218 935.429957
0.2219 949.123836
0.2220 961.769016
0.2221 976.297807
0.2222 994.758627
0.2223 1001.075346
0.2224 1027.262804
0.2225 1035.350111
0.2226 1044.279013
0.2227 1053.999409
0.2228 1061.438333
0.2229 1067.810732
0.2230 1081.125354
0.2231 1088.392637
0.2232 1102.598200
0.2233 1115.728799
0.2234 1117.819122
0.2235 1133.862182
0.2236 1144.839011
0.2237 1165.652354
0.2238 1177.310485
0.2239 1179.938968
0.2240 1185.546087
0.2241 1197.102930
0.2242 1199.488706
0.2243 1209.841798
0.2244 1220.137748
0.2245 1237.354151
0.2246 1239.530964
0.2247 1253.667035
0.2248 1269.702105
0.2249 1274.698282
0.2250 1279.679336
0.2251 1282.633044
0.2252 1284.554182
0.2253 1290.466355
0.2254 1291.108741
0.2255 1285.602811
0.2256 1287.113251
0.2257 1283.631241
0.2258 1277.091870
0.2259 1271.539053
0.2260 1267.009460
0.2261 1270.492921
0.2262 1268.967194
0.2263 1259.455854
0.2264 1260.865072
0.2265 1259.256044
0.2266 1253.648257
0.2267 1252.021158
0.2268 1254.309123
0.2269 1254.594371
0.2270 1253.881874
0.2271 1248.159104
0.2272 1250.342265
0.2273 1247.531604
0.2274 1241.734208
0.2275 1241.956834
0.2276 1242.178012
0.2277 1242.395919
0.2278 1241.621300
0.2279 1236.855641
0.2280 1237.104205
0.2281 1239.270490
0.2282 1233.382138
0.2283 1225.542184
0.2284 1218.733481
0.2285 1213.953159
0.2286 1213.117282
0.2287 1210.221823
0.2288 1204.366194
0.2289 1206.512659
0.2290 1199.657198
0.2291 1193.720921
0.2292 1193.801672
0.2293 1193.887123
0.2294 1189.938681
0.2295 1187.904313
0.2296 1177.791772
0.2297 1176.686768
0.2298 1182.570870
0.2299 1183.437307
0.2300 1182.309515
0.2301 1184.161009
0.2302 1180.035185
0.2303 1185.901428
0.2304 1183.752116
0.2305 1176.618522
0.2306 1153.567199
0.2307 1139.646605
0.2308 1138.741973
0.2309 1133.844898
0.2310 1125.991204
0.2311 1115.194632
0.2312 1104.453546
0.2313 1109.651405
0.2314 1109.784155
0.2315 1112.899319
0.2316 1107.022130
0.2317 1108.154422
0.2318 1112.271402
0.2319 1114.309321
0.2320 1110.280752
0.2321 1106.275574
0.2322 1101.291122
0.2323 1088.352461
0.2324 1076.475846
0.2325 1067.683468
0.2326 1059.920560
0.2327 1056.183324
0.2328 1055.462570
0.2329 1055.734891
0.2330 1046.038607
0.2331 1040.388612
0.2332 1036.761257
0.2333 1036.148693
0.2334 1036.535614
0.2335 1028.941042
0.2336 1030.355184
0.2337 1029.776659
0.2338 1030.097901
0.2339 1028.385573
0.2340 1016.701678
0.2341 1007.086374
0.2342 1006.491911
0.2343 1008.913462
0.2344 1003.319075
0.2345 999.754745
0.2346 995.211737
0.2347 991.674666
0.2348 990.159223
0.2349 986.662750
0.2350 987.161823
0.2351 984.547171
0.2352 981.940142
0.2353 970.372448
0.2354 968.832695
0.2355 959.341726
0.2356 954.879596
0.2357 953.431731
0.2358 953.983972
0.2359 958.529908
0.2360 961.058251
0.2361 959.585300
0.2362 948.143756
0.2363 950.740749
0.2364 947.318625
0.2365 942.909399
0.2366 936.538120
0.2367 922.225498
0.2368 917.966321
0.2369 905.743978
0.2370 902.567779
0.2371 890.436380
0.2372 875.368478
0.2373 858.388406
0.2374 850.467087
0.2375 847.589265
0.2376 841.729438
0.2377 835.894739
0.2378 825.112782
0.2379 809.411472
0.2380 804.752160
0.2381 808.100839
0.2382 800.455462
0.2383 798.833183
0.2384 795.231563
0.2385 791.645834
0.2386 784.099548
0.2387 768.591528
0.2388 764.110572
0.2389 762.541333
0.2390 759.852500
0.2391 760.179851
0.2392 763.508604
0.2393 763.809566
0.2394 759.132830
0.2395 758.469175
0.2396 755.776649
0.2397 760.978382
0.2398 761.159637
0.2399 754.362109
0.2400 755.581379
0.2401 759.790523
0.2402 763.973225
0.2403 770.132400
0.2404 768.279977
0.2405 765.432090
0.2406 767.595295
0.2407 766.753657
0.2408 767.911803
0.2409 772.050677
0.2410 772.064769
0.2411 772.066440
0.2412 770.065616
0.2413 768.064802
0.2414 760.103554
0.2415 765.153009
0.2416 768.162194
0.2417 769.174975
0.2418 761.202768
0.2419 764.251747
0.2420 770.270821
0.2421 768.281368
0.2422 765.286651
0.2423 762.323263
0.2424 753.402185
0.2425 743.530822
0.2426 732.707032
0.2427 724.934842
0.2428 719.197867
0.2429 716.491541
0.2430 710.799219
0.2431 707.130990
0.2432 705.482022
0.2433 705.841094
0.2434 701.208120
0.2435 703.575895
0.2436 700.941818
0.2437 698.332020
0.2438 690.751651
0.2439 689.185676
0.2440 688.627457
0.2441 681.094678
0.2442 676.597071
0.2443 671.127577
0.2444 667.670285
0.2445 668.229634
0.2446 667.789764
0.2447 670.331602
0.2448 662.890346
0.2449 659.475335
0.2450 655.079610
0.2451 649.708871
0.2452 642.386783
0.2453 639.095219
0.2454 629.825503
0.2455 627.588549
0.2456 619.372659
0.2457 620.182429
0.2458 613.014968
0.2459 608.870698
0.2460 605.752672
0.2461 600.646274
0.2462 590.586350
0.2463 581.573197
0.2464 576.597595
0.2465 568.661476
0.2466 561.765602
0.2467 554.898447
0.2468 544.078454
0.2469 540.304887
0.2470 525.585669
0.2471 517.908706
0.2472 516.279556
0.2473 513.661137
0.2474 507.050022
0.2475 510.447844
0.2476 520.818473
0.2477 519.166109
0.2478 517.517230
0.2479 510.906136
0.2480 515.288368
0.2481 509.665158
0.2482 510.060851
0.2483 511.455688
0.2484 514.835304
0.2485 517.208643
0.2486 519.559207
0.2487 510.923703
0.2488 507.325490
0.2489 498.765826
0.2490 498.222513
0.2491 498.687076
0.2492 503.125608
0.2493 492.589245
0.2494 494.077537
0.2495 492.574025
0.2496 490.083928
0.2497 492.590741
0.2498 498.075757
0.2499 501.527672
