0.0000 0.000000
0.0001 0.000000
0.0002 0.000000
0.0003 0.000000
0.0004 0.000000
0.0005 0.000000
0.0006 0.000000
0.0007 0.000000
0.0008 0.000000
0.0009 0.000000
0.0010 0.000000
0.0011 0.036836
0.0012 0.266745
0.0013 0.808339
0.0014 0.609293
0.0015 1.316524
0.0016 1.007700
0.0017 1.772125
0.0018 0.956033
0.0019 1.423154
0.0020 0.891707
0.0021 0.298495
0.0022 0.655540
0.0023 0.127023
0.0024 0.598550
0.0025 2.075822
0.0026 0.520006
0.0027 0.360813
0.0028 0.113681
0.0029 0.851460
0.0030 0.591202
0.0031 0.422474
0.0032 0.597004
0.0033 0.872068
0.0034 0.146115
0.0035 0.421853
0.0036 0.815217
0.0037 0.223663
0.0038 0.763012
0.0039 -0.560157
0.0040 0.329454
0.0041 0.360506
0.0042 0.580711
0.0043 0.087251
0.0044 0.744306
0.0045 0.350123
0.0046 1.005434
0.0047 1.741962
0.0048 1.688518
0.0049 0.074520
0.0050 0.375651
0.0051 -0.151359
0.0052 0.803171
0.0053 -0.154709
0.0054 2.035070
0.0055 2.303144
0.0056 0.640671
0.0057 1.841411
0.0058 0.360595
0.0059 0.168998
0.0060 0.063018
0.0061 1.252089
0.0062 0.658056
0.0063 1.070596
0.0064 0.332319
0.0065 0.589955
0.0066 0.956337
0.0067 0.487877
0.0068 2.062694
0.0069 2.663053
0.0070 0.358771
0.0071 0.991168
0.0072 0.689463
0.0073 0.616386
0.0074 0.534654
0.0075 0.351374
0.0076 1.180175
0.0077 0.186690
0.0078 0.151587
0.0079 0.269118
0.0080 2.513761
0.0081 0.873959
0.0082 1.242459
0.0083 0.620315
0.0084 0.102663
0.0085 0.411322
0.0086 0.642588
0.0087 0.947653
0.0088 0.313756
0.0089 1.680442
0.0090 1.046391
0.0091 0.451422
0.0092 1.820673
0.0093 1.201852
0.0094 2.567234
0.0095 2.766310
0.0096 0.726272
0.0097 0.691627
0.0098 0.683244
0.0099 0.782627
0.0100 0.780505
0.0101 0.981116
0.0102 2.295583
0.0103 0.683009
0.0104 1.040277
0.0105 1.446305
0.0106 0.904882
0.0107 1.160970
0.0108 2.319098
0.0109 0.552115
0.0110 0.767910
0.0111 0.936847
0.0112 1.168485
0.0113 2.467973
0.0114 2.033923
0.0115 0.795565
0.0116 0.644434
0.0117 2.835091
0.0118 2.140500
0.0119 0.586055
0.0120 1.025488
0.0121 1.635936
0.0122 1.608773
0.0123 3.581433
0.0124 0.782195
0.0125 2.949058
0.0126 0.978550
0.0127 1.482044
0.0128 0.929063
0.0129 0.304613
0.0130 0.678775
0.0131 1.158148
0.0132 1.686073
0.0133 2.303193
0.0134 1.812936
0.0135 1.118961
0.0136 3.491756
0.0137 2.071794
0.0138 2.276392
0.0139 2.075754
0.0140 1.876539
0.0141 2.475701
0.0142 3.045355
0.0143 0.649930
0.0144 2.220469
0.0145 2.898944
0.0146 1.598688
0.0147 2.430187
0.0148 1.346912
0.0149 2.320325
0.0150 0.505208
0.0151 1.451735
0.0152 1.286921
0.0153 4.096424
0.0154 1.197770
0.0155 3.168056
0.0156 2.269195
0.0157 1.254677
0.0158 4.577300
0.0159 0.978355
0.0160 3.515524
0.0161 2.152082
0.0162 0.715522
0.0163 1.147065
0.0164 -0.448779
0.0165 1.046989
0.0166 1.594317
0.0167 1.160481
0.0168 3.865182
0.0169 3.955442
0.0170 3.542628
0.0171 3.086548
0.0172 1.486643
0.0173 1.899866
0.0174 4.194916
0.0175 2.270006
0.0176 1.267477
0.0177 3.476471
0.0178 3.657322
0.0179 1.827625
0.0180 3.025114
0.0181 5.404440
0.0182 1.827337
0.0183 3.385851
0.0184 0.987097
0.0185 2.650019
0.0186 3.225562
0.0187 4.938791
0.0188 5.511651
0.0189 3.818496
0.0190 3.280879
0.0191 3.817840
0.0192 6.489933
0.0193 3.192768
0.0194 1.797792
0.0195 6.533641
0.0196 5.409064
0.0197 2.207752
0.0198 0.966072
0.0199 2.722615
0.0200 4.553320
0.0201 4.463870
0.0202 2.520575
0.0203 2.492394
0.0204 5.416854
0.0205 6.077324
0.0206 6.661612
0.0207 6.126485
0.0208 1.583678
0.0209 8.144584
0.0210 4.667085
0.0211 3.857233
0.0212 7.700772
0.0213 3.251307
0.0214 5.736604
0.0215 9.225895
0.0216 4.907430
0.0217 6.584475
0.0218 7.017638
0.0219 6.361166
0.0220 9.677283
0.0221 10.724872
0.0222 5.649172
0.0223 7.575727
0.0224 4.531672
0.0225 12.817014
0.0226 7.183535
0.0227 9.657943
0.0228 6.245334
0.0229 10.054737
0.0230 5.971615
0.0231 11.984741
0.0232 6.744466
0.0233 6.515176
0.0234 11.238433
0.0235 4.914056
0.0236 10.540368
0.0237 7.155792
0.0238 11.967532
0.0239 9.789260
0.0240 8.639411
0.0241 9.449222
0.0242 8.937031
0.0243 11.349102
0.0244 10.674163
0.0245 23.971118
0.0246 18.201207
0.0247 10.310304
0.0248 9.235016
0.0249 10.905573
0.0250 12.521848
0.0251 13.159323
0.0252 11.770709
0.0253 23.102682
0.0254 16.307929
0.0255 18.375450
0.0256 18.449663
0.0257 10.535454
0.0258 21.636339
0.0259 13.492870
0.0260 18.276523
0.0261 16.828485
0.0262 25.261831
0.0263 21.748776
0.0264 23.106834
0.0265 23.385998
0.0266 19.509143
0.0267 21.623767
0.0268 13.681877
0.0269 15.568379
0.0270 21.443855
0.0271 17.428319
0.0272 21.661982
0.0273 23.117371
0.0274 19.593369
0.0275 22.105297
0.0276 30.623513
0.0277 24.119396
0.0278 22.540499
0.0279 28.895771
0.0280 33.295447
0.0281 34.819300
0.0282 35.357197
0.0283 30.895824
0.0284 41.338130
0.0285 47.657132
0.0286 48.894124
0.0287 36.175406
0.0288 53.453238
0.0289 70.592380
0.0290 79.588576
0.0291 119.427377
0.0292 159.969853
0.0293 208.059948
0.0294 262.545377
0.0295 317.617883
0.0296 371.179782
0.0297 421.354282
0.0298 468.258307
0.0299 504.807245
0.0300 543.107084
0.0301 577.117988
0.0302 609.821812
0.0303 643.368451
0.0304 675.709145
0.0305 719.697006
0.0306 752.307631
0.0307 791.455915
0.0308 816.275529
0.0309 849.801093
0.0310 881.982584
0.0311 908.894968
0.0312 936.483880
0.0313 967.804670
0.0314 993.975000
0.0315 1012.017109
0.0316 1048.920635
0.0317 1063.691887
0.0318 1080.357495
0.0319 1094.936383
0.0320 1102.340367
0.0321 1121.682515
0.0322 1132.937997
0.0323 1148.106127
0.0324 1159.208292
0.0325 1173.223936
0.0326 1188.037842
0.0327 1215.762654
0.0328 1236.267858
0.0329 1259.524764
0.0330 1271.618750
0.0331 1275.679840
0.0332 1288.682484
0.0333 1309.601594
0.0334 1315.357017
0.0335 1327.042352
0.0336 1339.578927
0.0337 1359.955029
0.0338 1366.152085
0.0339 1372.309299
0.0340 1388.398361
0.0341 1396.289043
0.0342 1405.124440
0.0343 1407.928136
0.0344 1409.725429
0.0345 1421.491614
0.0346 1430.074809
0.0347 1431.610761
0.0348 1436.145632
0.0349 1442.643565
0.0350 1453.101519
0.0351 1463.502374
0.0352 1469.843292
0.0353 1466.205860
0.0354 1461.573365
0.0355 1468.918196
0.0356 1469.148167
0.0357 1474.344050
0.0358 1472.545669
0.0359 1465.668367
0.0360 1472.755427
0.0361 1482.783906
0.0362 1483.776738
0.0363 1480.769311
0.0364 1480.775978
0.0365 1475.791000
0.0366 1480.608683
0.0367 1484.348335
0.0368 1486.062091
0.0369 1489.728337
0.0370 1489.283026
0.0371 1492.828189
0.0372 1490.381569
0.0373 1497.911672
0.0374 1505.274769
0.0375 1508.602272
0.0376 1511.918153
0.0377 1515.209598
0.0378 1518.488947
0.0379 1520.678503
0.0380 1518.731185
0.0381 1521.723465
0.0382 1524.696479
0.0383 1529.643596
0.0384 1526.599755
0.0385 1527.554214
0.0386 1531.492038
0.0387 1537.398018
0.0388 1537.310827
0.0389 1537.216431
0.0390 1533.133593
0.0391 1532.059673
0.0392 1526.003402
0.0393 1517.896614
0.0394 1514.524325
0.0395 1510.156203
0.0396 1506.808979
0.0397 1502.492304
0.0398 1499.186031
0.0399 1499.889520
0.0400 1491.611402
0.0401 1481.376407
0.0402 1477.194799
0.0403 1475.020893
0.0404 1473.858131
0.0405 1471.689390
0.0406 1471.542513
0.0407 1467.406566
0.0408 1459.294945
0.0409 1436.184080
0.0410 1417.048582
0.0411 1374.013982
0.0412 1349.199422
0.0413 1333.477188
0.0414 1308.854908
0.0415 1293.223823
0.0416 1279.676638
0.0417 1284.148274
0.0418 1280.619793
0.0419 1279.095494
0.0420 1279.572390
0.0421 1288.026921
0.0422 1294.447506
0.0423 1295.857226
0.0424 1297.236568
0.0425 1304.608039
0.0426 1306.952217
0.0427 1300.302245
0.0428 1293.677935
0.0429 1289.110252
0.0430 1290.520836
0.0431 1288.813239
0.0432 1287.110339
0.0433 1286.408653
0.0434 1288.714638
0.0435 1289.994514
0.0436 1288.291596
0.0437 1286.590511
0.0438 1283.902060
0.0439 1280.239193
0.0440 1272.608814
0.0441 1267.997467
0.0442 1256.442675
0.0443 1250.919112
0.0444 1229.481226
0.0445 1206.172599
0.0446 1182.988834
0.0447 1154.939367
0.0448 1141.995129
0.0449 1138.086966
0.0450 1121.119481
0.0451 1105.220030
0.0452 1063.495468
0.0453 1020.989124
0.0454 995.640921
0.0455 983.393310
0.0456 971.221094
0.0457 971.092537
0.0458 971.948174
0.0459 961.826936
0.0460 953.770832
0.0461 943.767570
0.0462 940.804400
0.0463 937.834961
0.0464 942.867341
0.0465 940.885047
0.0466 945.900055
0.0467 955.862407
0.0468 956.808339
0.0469 966.721171
0.0470 974.579878
0.0471 973.422998
0.0472 973.283899
0.0473 972.146220
0.0474 982.926573
0.0475 977.485812
0.0476 978.059928
0.0477 974.630076
0.0478 966.239869
0.0479 968.850704
0.0480 972.451824
0.0481 983.018595
0.0482 986.539515
0.0483 980.068771
0.0484 978.616639
0.0485 975.176087
0.0486 975.751284
0.0487 980.308926
0.0488 985.836355
0.0489 988.352831
0.0490 974.888571
0.0491 967.477720
0.0492 947.151323
0.0493 924.936969
0.0494 897.861053
0.0495 875.923483
0.0496 872.038461
0.0497 868.178243
0.0498 869.273535
0.0499 859.300750
0.0500 846.407900
0.0501 834.566830
0.0502 838.758943
0.0503 824.971321
0.0504 831.210721
0.0505 835.415378
0.0506 834.599166
0.0507 834.788565
0.0508 834.981022
0.0509 833.175341
0.0510 828.395369
0.0511 816.642055
0.0512 808.812861
0.0513 809.928359
0.0514 808.010584
0.0515 802.104887
0.0516 806.192722
0.0517 807.268250
0.0518 812.332594
0.0519 814.378313
0.0520 809.424368
0.0521 817.466530
0.0522 823.481293
0.0523 822.471243
0.0524 817.483349
0.0525 821.497996
0.0526 820.498450
0.0527 819.504490
0.0528 819.507520
0.0529 822.514061
0.0530 821.515958
0.0531 822.477651
0.0532 819.348566
0.0533 816.228138
0.0534 815.124015
0.0535 817.007906
0.0536 816.899083
0.0537 814.792293
0.0538 817.680067
0.0539 820.555126
0.0540 824.399159
0.0541 827.243985
0.0542 823.086073
0.0543 826.929917
0.0544 827.764337
0.0545 832.577977
0.0546 832.316470
0.0547 831.988399
0.0548 832.662189
0.0549 828.337118
0.0550 826.035966
0.0551 829.727033
0.0552 831.410399
0.0553 821.117042
0.0554 810.880546
0.0555 801.691758
0.0556 795.544339
0.0557 793.421471
0.0558 792.302894
0.0559 786.195612
0.0560 778.127565
0.0561 772.099034
0.0562 766.113907
0.0563 759.173728
0.0564 752.266416
0.0565 750.372070
0.0566 746.492136
0.0567 745.634918
0.0568 737.788960
0.0569 729.990424
0.0570 718.235661
0.0571 706.553651
0.0572 690.940477
0.0573 677.398728
0.0574 678.895542
0.0575 670.411893
0.0576 673.951382
0.0577 672.471175
0.0578 672.994586
0.0579 681.502766
0.0580 684.974202
0.0581 688.435498
0.0582 688.866128
0.0583 687.176521
0.0584 690.477994
0.0585 690.771657
0.0586 690.061961
0.0587 689.358998
0.0588 690.661076
0.0589 682.970755
0.0590 680.312587
0.0591 680.668405
0.0592 674.043934
0.0593 668.450652
0.0594 672.851514
0.0595 667.249587
0.0596 665.683112
0.0597 662.130336
0.0598 656.594430
0.0599 660.071097
0.0600 662.521530
0.0601 661.978228
0.0602 661.430561
0.0603 663.876152
0.0604 665.308782
0.0605 665.744712
0.0606 670.172853
0.0607 666.585729
0.0608 668.005844
0.0609 659.451980
0.0610 647.947364
0.0611 643.490374
0.0612 635.059902
0.0613 623.682012
0.0614 621.346676
0.0615 619.025332
0.0616 614.723300
0.0617 607.444953
0.0618 610.186031
0.0619 597.949445
0.0620 597.733985
0.0621 599.518630
0.0622 595.314578
0.0623 595.119339
0.0624 594.928673
0.0625 590.745400
0.0626 581.601892
0.0627 571.511449
0.0628 565.460143
0.0629 558.454677
0.0630 555.483183
0.0631 547.526770
0.0632 543.608447
0.0633 545.684773
0.0634 547.861361
0.0635 539.080766
0.0636 542.318661
0.0637 534.567626
0.0638 529.834354
0.0639 531.115449
0.0640 516.458280
0.0641 507.842994
0.0642 503.265394
0.0643 494.724796
0.0644 490.222106
0.0645 485.728871
0.0646 484.260642
0.0647 483.787429
0.0648 485.329474
0.0649 487.852921
0.0650 482.385965
0.0651 478.942700
0.0652 474.522780
0.0653 464.142607
0.0654 460.802070
0.0655 457.482975
0.0656 452.187679
0.0657 448.916867
0.0658 438.668811
0.0659 436.445911
0.0660 438.233363
0.0661 439.022819
0.0662 436.807497
0.0663 433.606523
0.0664 432.410855
0.0665 436.207102
0.0666 436.007498
0.0667 434.801636
0.0668 437.607912
0.0669 440.382894
0.0670 441.153181
0.0671 439.931861
0.0672 441.708298
0.0673 443.471276
0.0674 437.245675
0.0675 432.053953
0.0676 423.895288
0.0677 402.799227
0.0678 371.853677
0.0679 325.106475
0.0680 288.585499
0.0681 260.234545
0.0682 243.010227
0.0683 231.869023
0.0684 229.763782
0.0685 224.678259
0.0686 225.611096
0.0687 231.522020
0.0688 234.413218
0.0689 231.293645
0.0690 233.172973
0.0691 237.041116
0.0692 233.901881
0.0693 239.772572
0.0694 246.603281
0.0695 250.409125
0.0696 263.164965
0.0697 268.879091
0.0698 265.573394
0.0699 269.272641
0.0700 260.977848
0.0701 261.702041
0.0702 259.429297
0.0703 261.177109
0.0704 249.939225
0.0705 239.760370
0.0706 228.635913
0.0707 217.678135
0.0708 219.837459
0.0709 215.207773
0.0710 212.602943
0.0711 212.995240
0.0712 213.339144
0.0713 203.620640
0.0714 196.960080
0.0715 202.293778
0.0716 208.588481
0.0717 207.750223
0.0718 210.893622
0.0719 216.008320
0.0720 217.110801
0.0721 227.192900
0.0722 231.223614
0.0723 242.218960
0.0724 252.164359
0.0725 257.058778
0.0726 257.953960
0.0727 265.878950
0.0728 271.841803
0.0729 276.763479
0.0730 281.660470
0.0731 284.544646
0.0732 294.396812
0.0733 298.208594
0.0734 302.993503
0.0735 301.778260
0.0736 308.534074
0.0737 305.290813
0.0738 309.052441
0.0739 312.794827
0.0740 316.511332
0.0741 321.206728
0.0742 318.892594
0.0743 329.553665
0.0744 330.178845
0.0745 332.807737
0.0746 332.432521
0.0747 340.032229
0.0748 349.582712
0.0749 346.119143
0.0750 335.690710
0.0751 331.312763
0.0752 336.919408
0.0753 342.493612
0.0754 346.041861
0.0755 346.580869
0.0756 335.045294
0.0757 336.504727
0.0758 323.990757
0.0759 309.549688
0.0760 307.162039
0.0761 292.831358
0.0762 288.540248
0.0763 289.261676
0.0764 283.998459
0.0765 281.740121
0.0766 279.500594
0.0767 277.274703
0.0768 276.064298
0.0769 274.859994
0.0770 273.652476
0.0771 275.362106
0.0772 256.078020
0.0773 232.902970
0.0774 205.848245
0.0775 179.942001
0.0776 161.158649
0.0777 149.321918
0.0778 135.545210
0.0779 132.831700
0.0780 140.099150
0.0781 142.337605
0.0782 149.561848
0.0783 154.749030
0.0784 162.904382
0.0785 170.022613
0.0786 175.102655
0.0787 171.183739
0.0788 170.268468
0.0789 177.330616
0.0790 180.380825
0.0791 180.405832
0.0792 190.412577
0.0793 179.427075
0.0794 167.490903
0.0795 158.612676
0.0796 150.784436
0.0797 145.988027
0.0798 144.211034
0.0799 132.456589
0.0800 131.755160
0.0801 123.073962
0.0802 124.414411
0.0803 126.746996
0.0804 134.040436
0.0805 133.324950
0.0806 123.636973
0.0807 106.022129
0.0808 85.508561
0.0809 64.106592
0.0810 56.810746
0.0811 39.573555
0.0812 32.383126
0.0813 36.196660
0.0814 28.025976
0.0815 32.874648
0.0816 34.695597
0.0817 29.526479
0.0818 32.362746
0.0819 30.205941
0.0820 26.046634
0.0821 24.907153
0.0822 18.791479
0.0823 10.720452
0.0824 8.877925
0.0825 3.112095
0.0826 5.345288
0.0827 6.598172
0.0828 5.829338
0.0829 3.071911
0.0830 11.303516
0.0831 5.524129
0.0832 4.767683
0.0833 5.010453
0.0834 5.350922
0.0835 6.984557
0.0836 3.639761
0.0837 8.532283
0.0838 5.550802
0.0839 4.674862
0.0840 12.844215
0.0841 9.012454
0.0842 4.296712
0.0843 2.873048
0.0844 5.598444
0.0845 7.448294
0.0846 1.301352
0.0847 2.165213
0.0848 3.160089
0.0849 8.267711
0.0850 4.528012
0.0851 1.796360
0.0852 2.061851
0.0853 2.274665
0.0854 1.619727
0.0855 3.958637
0.0856 3.738096
0.0857 2.516761
0.0858 3.187041
0.0859 1.760867
0.0860 3.291819
0.0861 2.810865
0.0862 2.716568
0.0863 3.785065
0.0864 3.885510
0.0865 3.235863
0.0866 0.548669
0.0867 3.978346
0.0868 2.506763
0.0869 3.110910
0.0870 0.730789
0.0871 3.343413
0.0872 2.975943
0.0873 2.717634
0.0874 0.577512
0.0875 1.702201
0.0876 3.874819
0.0877 0.985916
0.0878 3.998917
0.0879 2.007066
0.0880 3.104044
0.0881 4.420792
0.0882 2.772415
0.0883 1.185363
0.0884 1.740907
0.0885 2.162314
0.0886 1.688763
0.0887 -0.525826
0.0888 2.458063
0.0889 1.540374
0.0890 0.650292
0.0891 5.606689
0.0892 3.583277
0.0893 4.556387
0.0894 1.803333
0.0895 0.954296
0.0896 1.142191
0.0897 1.359156
0.0898 2.625707
0.0899 2.060161
0.0900 2.238941
0.0901 1.319984
0.0902 1.444274
0.0903 2.402325
0.0904 2.478972
0.0905 1.428303
0.0906 0.463043
0.0907 1.626292
0.0908 1.843802
0.0909 1.086274
0.0910 4.314264
0.0911 5.470199
0.0912 5.686613
0.0913 5.898773
0.0914 2.973839
0.0915 5.049597
0.0916 2.220991
0.0917 1.376241
0.0918 4.594064
0.0919 1.894579
0.0920 2.531532
0.0921 1.451690
0.0922 2.496577
0.0923 2.589227
0.0924 4.869724
0.0925 4.288534
0.0926 2.619458
0.0927 5.984745
0.0928 1.582219
0.0929 3.326207
0.0930 3.322916
0.0931 3.282537
0.0932 2.106672
0.0933 3.909109
0.0934 3.840915
0.0935 1.775474
0.0936 0.577983
0.0937 3.121733
0.0938 1.682087
0.0939 2.054074
0.0940 2.019579
0.0941 1.968417
0.0942 3.046594
0.0943 1.171601
0.0944 3.238903
0.0945 1.762966
0.0946 3.362353
0.0947 0.951770
0.0948 3.513120
0.0949 1.167533
0.0950 2.956578
0.0951 4.450141
0.0952 3.079256
0.0953 5.795834
0.0954 3.469274
0.0955 3.024211
0.0956 0.633941
0.0957 5.314165
0.0958 6.942248
0.0959 2.600057
0.0960 2.249365
0.0961 1.747497
0.0962 2.209578
0.0963 3.029274
0.0964 3.861728
0.0965 3.817053
0.0966 2.865285
0.0967 4.047452
0.0968 2.229882
0.0969 1.219917
0.0970 3.386747
0.0971 1.739829
0.0972 4.001348
0.0973 5.268417
0.0974 3.875738
0.0975 2.633137
0.0976 2.528721
0.0977 2.908259
0.0978 1.317115
0.0979 1.847550
0.0980 4.483303
0.0981 4.401848
0.0982 4.828767
0.0983 4.161617
0.0984 4.321660
0.0985 2.564732
0.0986 3.695139
0.0987 3.839186
0.0988 5.950178
0.0989 1.128152
0.0990 5.030430
0.0991 1.925129
0.0992 4.832378
0.0993 7.645207
0.0994 3.515526
0.0995 2.632261
0.0996 6.728322
0.0997 5.889512
0.0998 4.815015
0.0999 3.745442
0.1000 6.736247
0.1001 5.820076
0.1002 10.021047
0.1003 3.183787
0.1004 5.252413
0.1005 8.072896
0.1006 9.707280
0.1007 7.139803
0.1008 3.465494
0.1009 2.001099
0.1010 5.554206
0.1011 8.170900
0.1012 5.843803
0.1013 9.512340
0.1014 5.193106
0.1015 13.934178
0.1016 5.569707
0.1017 8.110646
0.1018 8.640348
0.1019 7.949500
0.1020 12.816774
0.1021 4.681410
0.1022 8.872978
0.1023 5.907586
0.1024 4.554366
0.1025 12.901327
0.1026 11.214228
0.1027 11.621329
0.1028 14.290746
0.1029 5.807638
0.1030 7.252759
0.1031 14.709179
0.1032 10.184351
0.1033 8.750826
0.1034 11.476552
0.1035 7.308823
0.1036 7.183199
0.1037 7.895988
0.1038 12.489553
0.1039 9.408926
0.1040 11.539197
0.1041 16.707032
0.1042 13.294438
0.1043 12.801022
0.1044 11.313731
0.1045 16.073260
0.1046 23.008089
0.1047 18.876812
0.1048 14.758240
0.1049 19.572398
0.1050 22.179984
0.1051 19.671124
0.1052 13.926519
0.1053 20.128454
0.1054 19.215751
0.1055 21.919615
0.1056 22.575444
0.1057 26.206590
0.1058 24.839492
0.1059 25.475236
0.1060 29.982837
0.1061 29.566297
0.1062 44.333354
0.1063 40.219768
0.1064 50.159145
0.1065 58.115391
0.1066 54.992501
0.1067 64.793046
0.1068 50.505381
0.1069 61.122816
0.1070 72.573567
0.1071 80.964488
0.1072 92.213544
0.1073 131.155418
0.1074 160.691568
0.1075 199.858891
0.1076 230.813436
0.1077 267.705856
0.1078 315.242108
0.1079 358.533249
0.1080 399.468467
0.1081 440.070450
0.1082 489.395797
0.1083 542.332792
0.1084 582.951293
0.1085 619.317121
0.1086 667.428380
0.1087 700.313616
0.1088 730.956516
0.1089 784.271082
0.1090 818.156086
0.1091 852.630212
0.1092 891.789539
0.1093 932.480675
0.1094 945.794572
0.1095 973.835282
0.1096 997.649341
0.1097 1031.190378
0.1098 1062.524425
0.1099 1085.708265
0.1100 1110.658995
0.1101 1128.480249
0.1102 1157.092175
0.1103 1180.440079
0.1104 1206.383469
0.1105 1223.156676
0.1106 1250.821980
0.1107 1245.406105
0.1108 1244.007624
0.1109 1256.534256
0.1110 1259.936044
0.1111 1267.311533
0.1112 1280.548774
0.1113 1300.516745
0.1114 1312.393156
0.1115 1319.218927
0.1116 1323.016028
0.1117 1332.708234
0.1118 1337.315797
0.1119 1344.896758
0.1120 1350.332533
0.1121 1360.679975
0.1122 1366.997602
0.1123 1380.172328
0.1124 1394.233146
0.1125 1410.182913
0.1126 1421.081752
0.1127 1421.947027
0.1128 1433.778095
0.1129 1440.555501
0.1130 1450.252064
0.1131 1451.817484
0.1132 1454.379561
0.1133 1454.933562
0.1134 1454.469274
0.1135 1452.020386
0.1136 1449.595941
0.1137 1459.137479
0.1138 1467.644135
0.1139 1473.114542
0.1140 1475.558181
0.1141 1482.970426
0.1142 1476.397644
0.1143 1479.831396
0.1144 1472.268237
0.1145 1468.731846
0.1146 1473.083915
0.1147 1474.263166
0.1148 1467.451245
0.1149 1464.675152
0.1150 1469.902714
0.1151 1467.112709
0.1152 1468.311251
0.1153 1469.518283
0.1154 1469.620857
0.1155 1470.680105
0.1156 1475.632566
0.1157 1485.440815
0.1158 1485.159956
0.1159 1489.860375
0.1160 1489.556817
0.1161 1495.230212
0.1162 1499.812060
0.1163 1491.335973
0.1164 1501.861822
0.1165 1501.353391
0.1166 1495.865925
0.1167 1501.380805
0.1168 1497.882656
0.1169 1498.400939
0.1170 1503.902094
0.1171 1506.341016
0.1172 1501.692597
0.1173 1499.064665
0.1174 1494.449142
0.1175 1492.854311
0.1176 1495.116124
0.1177 1502.361554
0.1178 1501.585473
0.1179 1504.712462
0.1180 1496.668210
0.1181 1491.665797
0.1182 1488.686729
0.1183 1490.688508
0.1184 1492.555160
0.1185 1491.298255
0.1186 1486.065372
0.1187 1476.867423
0.1188 1475.700057
0.1189 1477.516036
0.1190 1477.336742
0.1191 1474.158338
0.1192 1467.978902
0.1193 1466.719015
0.1194 1459.490792
0.1195 1460.274518
0.1196 1456.062546
0.1197 1444.892874
0.1198 1441.760047
0.1199 1434.655084
0.1200 1429.580919
0.1201 1424.538380
0.1202 1426.499610
0.1203 1426.455812
0.1204 1425.416955
0.1205 1421.385986
0.1206 1416.393016
0.1207 1405.430273
0.1208 1395.483305
0.1209 1379.513642
0.1210 1350.662552
0.1211 1305.016812
0.1212 1269.486091
0.1213 1248.078537
0.1214 1222.806867
0.1215 1202.652392
0.1216 1192.589250
0.1217 1181.576316
0.1218 1160.630724
0.1219 1139.794951
0.1220 1109.106665
0.1221 1098.523208
0.1222 1098.971427
0.1223 1107.325366
0.1224 1098.609484
0.1225 1101.915707
0.1226 1108.193868
0.1227 1105.463268
0.1228 1097.770793
0.1229 1100.072535
0.1230 1092.392092
0.1231 1079.771590
0.1232 1060.214206
0.1233 1047.631758
0.1234 1038.109397
0.1235 1028.635801
0.1236 1018.229222
0.1237 1011.846684
0.1238 1001.522671
0.1239 1003.211381
0.1240 1004.763140
0.1241 1007.303718
0.1242 1006.848096
0.1243 1013.366975
0.1244 1011.883445
0.1245 1012.393607
0.1246 1017.893908
0.1247 1021.358086
0.1248 1017.821796
0.1249 1018.300645
0.1250 1023.769675
0.1251 1026.211951
0.1252 1032.632460
0.1253 1036.882633
0.1254 1042.113577
0.1255 1045.311306
0.1256 1043.512724
0.1257 1045.714610
0.1258 1047.848589
0.1259 1044.905903
0.1260 1037.998655
0.1261 1031.114810
0.1262 1023.175423
0.1263 1015.241300
0.1264 1008.336367
0.1265 1002.482313
0.1266 1002.642067
0.1267 1001.812167
0.1268 1000.977859
0.1269 1010.120821
0.1270 1006.246793
0.1271 1006.363146
0.1272 1004.380521
0.1273 1002.401383
0.1274 1012.397352
0.1275 1007.249839
0.1276 999.144755
0.1277 997.065403
0.1278 995.993370
0.1279 975.964225
0.1280 947.075751
0.1281 933.300918
0.1282 925.577277
0.1283 909.934707
0.1284 905.334758
0.1285 890.796973
0.1286 881.316675
0.1287 878.860478
0.1288 874.432265
0.1289 875.024178
0.1290 869.618596
0.1291 866.232044
0.1292 861.876409
0.1293 858.530025
0.1294 853.217373
0.1295 857.894548
0.1296 860.556315
0.1297 864.212886
0.1298 864.845629
0.1299 859.496963
0.1300 857.155289
0.1301 854.836538
0.1302 854.517584
0.1303 852.208277
0.1304 853.898833
0.1305 852.592468
0.1306 849.301697
0.1307 843.029146
0.1308 841.679914
0.1309 840.301187
0.1310 844.915246
0.1311 845.512479
0.1312 843.125584
0.1313 845.727482
0.1314 844.328123
0.1315 837.956528
0.1316 826.623112
0.1317 825.338455
0.1318 817.065503
0.1319 816.816744
0.1320 812.580851
0.1321 815.340883
0.1322 807.118750
0.1323 801.941634
0.1324 790.803459
0.1325 788.692965
0.1326 778.626378
0.1327 782.576685
0.1328 781.520781
0.1329 774.489310
0.1330 772.483774
0.1331 766.482448
0.1332 755.532741
0.1333 745.634073
0.1334 737.799726
0.1335 713.045575
0.1336 706.373096
0.1337 695.746755
0.1338 690.176398
0.1339 670.662932
0.1340 669.203483
0.1341 674.727881
0.1342 669.262711
0.1343 662.833852
0.1344 656.419940
0.1345 657.029399
0.1346 651.658072
0.1347 642.322783
0.1348 638.014511
0.1349 631.741502
0.1350 633.481719
0.1351 625.243115
0.1352 624.031354
0.1353 611.854280
0.1354 606.722315
0.1355 595.628015
0.1356 593.576316
0.1357 584.542210
0.1358 570.583539
0.1359 568.671973
0.1360 564.782102
0.1361 556.890586
0.1362 561.028305
0.1363 569.135763
0.1364 570.209823
0.1365 572.280563
0.1366 578.330566
0.1367 579.354548
0.1368 575.388411
0.1369 574.431471
0.1370 575.476269
0.1371 574.535758
0.1372 576.577083
0.1373 577.617063
0.1374 574.662397
0.1375 576.702166
0.1376 578.745096
0.1377 579.778950
0.1378 578.809437
0.1379 585.816051
0.1380 589.802799
0.1381 593.767179
0.1382 594.712508
0.1383 594.651797
0.1384 594.604481
0.1385 595.550678
0.1386 594.491617
0.1387 597.437072
0.1388 591.385650
0.1389 588.354430
0.1390 580.348030
0.1391 573.389974
0.1392 565.479349
0.1393 560.588537
0.1394 559.721308
0.1395 556.859352
0.1396 549.024795
0.1397 546.221698
0.1398 539.438555
0.1399 533.691654
0.1400 530.969026
0.1401 535.240757
0.1402 533.504741
0.1403 526.795163
0.1404 525.111189
0.1405 531.411190
0.1406 528.699357
0.1407 528.863661
0.1408 525.039427
0.1409 524.221621
0.1410 525.409844
0.1411 530.589214
0.1412 535.728748
0.1413 531.869191
0.1414 527.032336
0.1415 525.209464
0.1416 527.388524
0.1417 526.562859
0.1418 524.730361
0.1419 526.918725
0.1420 524.094940
0.1421 520.292950
0.1422 515.520962
0.1423 512.771229
0.1424 512.020418
0.1425 499.310422
0.1426 485.671785
0.1427 475.101512
0.1428 466.573644
0.1429 457.105443
0.1430 455.667001
0.1431 445.252608
0.1432 434.890053
0.1433 431.558450
0.1434 430.256083
0.1435 428.938190
0.1436 429.633224
0.1437 423.344937
0.1438 431.053642
0.1439 430.756191
0.1440 425.459778
0.1441 421.197173
0.1442 420.935593
0.1443 417.689213
0.1444 410.463916
0.1445 405.275412
0.1446 396.119964
0.1447 389.012434
0.1448 382.949446
0.1449 359.972651
0.1450 334.113955
0.1451 328.343822
0.1452 314.630825
0.1453 304.970183
0.1454 301.340660
0.1455 310.690920
0.1456 311.025707
0.1457 307.364981
0.1458 306.711809
0.1459 313.045699
0.1460 313.362016
0.1461 317.666895
0.1462 319.952532
0.1463 325.214441
0.1464 327.444548
0.1465 313.717404
0.1466 302.074294
0.1467 296.480684
0.1468 303.869606
0.1469 304.243217
0.1470 303.611607
0.1471 298.996701
0.1472 293.411766
0.1473 301.821265
0.1474 308.187432
0.1475 316.509091
0.1476 321.806606
0.1477 327.063836
0.1478 330.302530
0.1479 332.525172
0.1480 331.746781
0.1481 329.968707
0.1482 324.216651
0.1483 324.481139
0.1484 327.726642
0.1485 325.982234
0.1486 328.234236
0.1487 324.474662
0.1488 326.740178
0.1489 323.995491
0.1490 319.266335
0.1491 313.571885
0.1492 307.907942
0.1493 307.249217
0.1494 303.613360
0.1495 304.978825
0.1496 308.338755
0.1497 313.684593
0.1498 313.006530
0.1499 321.304908
0.1500 322.571977
0.1501 323.829867
0.1502 328.076310
0.1503 317.334919
0.1504 297.699636
0.1505 277.157263
0.1506 272.680885
0.1507 258.259329
0.1508 258.863275
0.1509 253.497029
0.1510 244.163558
0.1511 235.880969
0.1512 235.618466
0.1513 240.335480
0.1514 241.046642
0.1515 243.744736
0.1516 237.445733
0.1517 234.188825
0.1518 223.950288
0.1519 217.766012
0.1520 225.574777
0.1521 222.380824
0.1522 224.194848
0.1523 222.012753
0.1524 222.814706
0.1525 224.614898
0.1526 235.383232
0.1527 238.118674
0.1528 235.852867
0.1529 236.584020
0.1530 238.306327
0.1531 233.049746
0.1532 232.792215
0.1533 233.540241
0.1534 237.270706
0.1535 236.995367
0.1536 233.729402
0.1537 239.461144
0.1538 236.185488
0.1539 233.922323
0.1540 232.668891
0.1541 236.420687
0.1542 235.145968
0.1543 236.880755
0.1544 235.615040
0.1545 238.345853
0.1546 238.068833
0.1547 237.791659
0.1548 237.519608
0.1549 245.224415
0.1550 248.906623
0.1551 249.568897
0.1552 251.224285
0.1553 255.867612
0.1554 255.502828
0.1555 261.130033
0.1556 263.716058
0.1557 270.289926
0.1558 272.838307
0.1559 280.356995
0.1560 279.851193
0.1561 284.338404
0.1562 282.812272
0.1563 282.294837
0.1564 286.770504
0.1565 288.225698
0.1566 291.668638
0.1567 291.092769
0.1568 297.514727
0.1569 295.907602
0.1570 295.307869
0.1571 290.726510
0.1572 278.204563
0.1573 248.793320
0.1574 224.536330
0.1575 202.390220
0.1576 191.341921
0.1577 164.372365
0.1578 121.604255
0.1579 76.087706
0.1580 46.891093
0.1581 36.799326
0.1582 22.746215
0.1583 11.782492
0.1584 10.859241
0.1585 9.945472
0.1586 7.051759
0.1587 8.217186
0.1588 4.550096
0.1589 4.931410
0.1590 6.299029
0.1591 5.546798
0.1592 3.794517
0.1593 3.047681
0.1594 4.291247
0.1595 2.543232
0.1596 3.992240
0.1597 3.730413
0.1598 1.647938
0.1599 1.916307
0.1600 2.241443
0.1601 1.659656
0.1602 3.174729
0.1603 5.761618
0.1604 2.382799
0.1605 3.162059
0.1606 2.151662
0.1607 4.201201
0.1608 3.332607
0.1609 2.457780
0.1610 4.674061
0.1611 1.942658
0.1612 3.339248
0.1613 1.740057
0.1614 1.136364
0.1615 0.623321
0.1616 3.328973
0.1617 6.197189
0.1618 5.175044
0.1619 2.410885
0.1620 3.990651
0.1621 2.687909
0.1622 2.695764
0.1623 1.900617
0.1624 0.369864
0.1625 2.939512
0.1626 2.532024
0.1627 2.131260
0.1628 2.811165
0.1629 2.489786
0.1630 0.295419
0.1631 1.109344
0.1632 3.025112
0.1633 1.969950
0.1634 1.006518
0.1635 2.096184
0.1636 2.311091
0.1637 1.586094
0.1638 0.117561
0.1639 1.759493
0.1640 0.594530
0.1641 0.480259
0.1642 0.516030
0.1643 2.638942
0.1644 3.829718
0.1645 2.884170
0.1646 2.904046
0.1647 1.891298
0.1648 2.005854
0.1649 2.337550
0.1650 3.893644
0.1651 1.710672
0.1652 1.552460
0.1653 3.380875
0.1654 1.227730
0.1655 3.177245
0.1656 1.344816
0.1657 0.627037
0.1658 2.874648
0.1659 0.965134
0.1660 7.002544
0.1661 3.956691
0.1662 -0.082182
0.1663 3.849994
0.1664 2.709450
0.1665 2.864526
0.1666 4.064169
0.1667 2.110052
0.1668 2.036610
0.1669 3.860678
0.1670 2.628954
0.1671 4.448274
0.1672 2.402811
0.1673 4.298822
0.1674 2.371221
0.1675 4.327680
0.1676 2.206951
0.1677 2.147034
0.1678 5.960939
0.1679 1.845381
0.1680 2.620586
0.1681 2.694999
0.1682 1.780794
0.1683 2.118844
0.1684 3.602272
0.1685 5.204180
0.1686 2.730130
0.1687 2.100467
0.1688 1.451239
0.1689 5.649044
0.1690 1.791189
0.1691 3.840267
0.1692 3.789213
0.1693 3.632369
0.1694 1.685528
0.1695 2.928897
0.1696 1.278832
0.1697 5.658091
0.1698 2.886127
0.1699 4.401445
0.1700 6.017848
0.1701 2.641464
0.1702 4.237699
0.1703 4.746489
0.1704 5.228367
0.1705 10.637006
0.1706 1.970230
0.1707 0.157244
0.1708 2.516546
0.1709 4.886715
0.1710 5.118183
0.1711 1.562971
0.1712 1.246211
0.1713 2.129567
0.1714 4.167673
0.1715 2.497572
0.1716 3.019795
0.1717 1.384363
0.1718 4.835452
0.1719 5.522403
0.1720 1.467381
0.1721 3.561356
0.1722 1.664207
0.1723 5.527645
0.1724 5.298447
0.1725 6.116227
0.1726 1.899985
0.1727 2.889285
0.1728 5.754276
0.1729 1.581805
0.1730 1.278759
0.1731 2.150706
0.1732 2.311944
0.1733 4.548143
0.1734 1.732706
0.1735 2.826338
0.1736 2.917329
0.1737 2.060453
0.1738 6.282992
0.1739 3.601896
0.1740 5.858023
0.1741 6.135841
0.1742 6.469058
0.1743 5.687668
0.1744 2.831356
0.1745 6.059271
0.1746 2.283333
0.1747 4.389343
0.1748 6.360345
0.1749 6.059987
0.1750 6.749326
0.1751 4.541254
0.1752 1.606878
0.1753 4.964547
0.1754 7.329947
0.1755 6.632774
0.1756 6.972388
0.1757 6.347434
0.1758 7.756110
0.1759 5.990288
0.1760 8.209279
0.1761 8.409299
0.1762 8.662481
0.1763 8.954484
0.1764 7.205127
0.1765 3.665571
0.1766 7.245380
0.1767 3.913221
0.1768 13.482571
0.1769 9.804487
0.1770 9.055289
0.1771 12.400575
0.1772 10.673112
0.1773 8.011859
0.1774 15.350331
0.1775 10.567106
0.1776 7.625501
0.1777 11.695713
0.1778 16.736908
0.1779 13.776051
0.1780 17.728665
0.1781 21.408281
0.1782 22.207300
0.1783 15.061867
0.1784 27.925581
0.1785 27.848312
0.1786 22.709586
0.1787 19.648166
0.1788 25.709438
0.1789 27.787501
0.1790 49.622438
0.1791 53.170619
0.1792 53.633298
0.1793 66.897925
0.1794 54.139686
0.1795 67.286789
0.1796 62.282274
0.1797 70.049675
0.1798 61.586311
0.1799 69.967157
0.1800 62.259514
0.1801 69.446082
0.1802 64.521097
0.1803 68.527228
0.1804 96.333798
0.1805 131.844910
0.1806 160.185639
0.1807 192.336050
0.1808 241.281459
0.1809 290.961572
0.1810 334.232546
0.1811 381.126435
0.1812 418.702041
0.1813 464.052603
0.1814 487.157857
0.1815 526.917300
0.1816 560.441377
0.1817 601.763677
0.1818 635.862090
0.1819 676.639894
0.1820 707.215812
0.1821 743.492854
0.1822 776.377051
0.1823 807.044022
0.1824 841.530465
0.1825 870.782774
0.1826 902.790253
0.1827 918.674521
0.1828 940.437577
0.1829 970.084746
0.1830 994.531591
0.1831 1018.753935
0.1832 1031.887543
0.1833 1057.924098
0.1834 1075.750336
0.1835 1086.446207
0.1836 1102.045865
0.1837 1110.381719
0.1838 1121.616144
0.1839 1138.801378
0.1840 1144.798592
0.1841 1162.588560
0.1842 1176.268650
0.1843 1191.891886
0.1844 1215.327543
0.1845 1235.581128
0.1846 1253.732690
0.1847 1266.790561
0.1848 1282.774333
0.1849 1301.540323
0.1850 1323.189735
0.1851 1335.761927
0.1852 1350.085338
0.1853 1363.220841
0.1854 1371.150072
0.1855 1374.944737
0.1856 1385.705347
0.1857 1389.413802
0.1858 1388.974354
0.1859 1389.406427
0.1860 1402.685155
0.1861 1420.853365
0.1862 1421.984455
0.1863 1435.082378
0.1864 1436.133792
0.1865 1445.170882
0.1866 1441.024480
0.1867 1435.770495
0.1868 1444.344786
0.1869 1444.819553
0.1870 1434.309106
0.1871 1433.715175
0.1872 1427.993158
0.1873 1433.223315
0.1874 1433.359825
0.1875 1432.495474
0.1876 1418.674686
0.1877 1417.890812
0.1878 1412.126708
0.1879 1405.391349
0.1880 1406.659284
0.1881 1391.973719
0.1882 1384.340920
0.1883 1388.734527
0.1884 1394.082331
0.1885 1394.417104
0.1886 1401.639153
0.1887 1405.660064
0.1888 1414.643788
0.1889 1424.574444
0.1890 1429.335080
0.1891 1435.066479
0.1892 1437.763100
0.1893 1436.430199
0.1894 1430.032036
0.1895 1432.523294
0.1896 1427.014974
0.1897 1424.522150
0.1898 1424.940881
0.1899 1417.323511
0.1900 1418.640792
0.1901 1418.919384
0.1902 1420.192060
0.1903 1411.450465
0.1904 1414.620303
0.1905 1415.630698
0.1906 1407.654627
0.1907 1418.550423
0.1908 1421.421769
0.1909 1420.277157
0.1910 1423.127659
0.1911 1425.963307
0.1912 1419.817464
0.1913 1409.704826
0.1914 1406.624370
0.1915 1404.493451
0.1916 1404.307147
0.1917 1405.123890
0.1918 1407.923480
0.1919 1401.727293
0.1920 1400.562464
0.1921 1391.417387
0.1922 1388.300369
0.1923 1383.212007
0.1924 1376.160328
0.1925 1375.126372
0.1926 1368.120419
0.1927 1357.150862
0.1928 1347.254535
0.1929 1337.397825
0.1930 1333.579157
0.1931 1324.791292
0.1932 1326.035570
0.1933 1331.258151
0.1934 1332.451491
0.1935 1329.654958
0.1936 1332.857640
0.1937 1334.052786
0.1938 1331.251113
0.1939 1328.447449
0.1940 1315.700299
0.1941 1311.989320
0.1942 1306.307623
0.1943 1309.634708
0.1944 1301.971497
0.1945 1295.355566
0.1946 1293.754415
0.1947 1287.187343
0.1948 1282.626725
0.1949 1273.103694
0.1950 1266.640266
0.1951 1262.201320
0.1952 1258.783681
0.1953 1258.356837
0.1954 1254.829306
0.1955 1251.315444
0.1956 1248.825633
0.1957 1244.337352
0.1958 1231.895691
0.1959 1207.568153
0.1960 1174.597563
0.1961 1150.853070
0.1962 1136.207966
0.1963 1118.638690
0.1964 1109.133888
0.1965 1103.668296
0.1966 1099.106732
0.1967 1098.566895
0.1968 1094.027341
0.1969 1090.512518
0.1970 1086.022493
0.1971 1084.540303
0.1972 1086.070198
0.1973 1089.566426
0.1974 1091.058993
0.1975 1095.539583
0.1976 1095.004881
0.1977 1095.474892
0.1978 1099.929598
0.1979 1102.363213
0.1980 1103.788960
0.1981 1104.218149
0.1982 1105.624452
0.1983 1104.043456
0.1984 1100.468081
0.1985 1104.898455
0.1986 1100.329300
0.1987 1096.777986
0.1988 1081.265883
0.1989 1052.907585
0.1990 1029.654218
0.1991 999.555676
0.1992 967.619913
0.1993 924.906340
0.1994 891.368513
0.1995 847.050660
0.1996 807.941518
0.1997 767.066066
0.1998 741.355051
0.1999 716.803431
0.2000 696.369431
0.2001 685.986700
0.2002 667.702653
0.2003 670.463564
0.2004 678.183525
0.2005 689.860194
0.2006 695.489943
0.2007 694.109250
0.2008 701.706717
0.2009 704.217574
0.2010 716.619840
0.2011 725.951562
0.2012 738.226102
0.2013 739.472137
0.2014 749.695312
0.2015 757.858229
0.2016 769.958858
0.2017 777.873332
0.2018 777.773574
0.2019 781.677479
0.2020 783.449880
0.2021 780.198181
0.2022 778.823468
0.2023 785.432151
0.2024 791.012680
0.2025 788.582963
0.2026 796.134684
0.2027 808.613777
0.2028 817.923615
0.2029 825.185254
0.2030 830.413095
0.2031 833.616749
0.2032 832.790385
0.2033 830.887678
0.2034 831.963317
0.2035 834.023283
0.2036 836.076290
0.2037 829.135940
0.2038 822.244714
0.2039 817.368166
0.2040 810.542908
0.2041 809.726442
0.2042 811.921361
0.2043 811.894249
0.2044 811.809903
0.2045 809.719152
0.2046 807.650322
0.2047 810.579819
0.2048 818.486074
0.2049 820.355621
0.2050 827.204174
0.2051 826.039889
0.2052 821.891650
0.2053 824.737369
0.2054 824.587427
0.2055 821.441503
0.2056 823.312549
0.2057 827.162593
0.2058 831.975369
0.2059 828.796243
0.2060 824.619257
0.2061 818.486753
0.2062 809.392427
0.2063 793.354468
0.2064 784.401830
0.2065 778.474879
0.2066 775.572606
0.2067 775.686053
0.2068 770.808965
0.2069 773.931867
0.2070 772.057030
0.2071 766.204329
0.2072 759.378585
0.2073 757.563252
0.2074 755.774059
0.2075 754.981858
0.2076 750.216122
0.2077 746.477666
0.2078 745.751095
0.2079 749.010456
0.2080 746.277290
0.2081 745.541386
0.2082 744.810273
0.2083 747.078457
0.2084 746.340683
0.2085 744.611501
0.2086 743.886295
0.2087 743.169245
0.2088 740.458658
0.2089 736.775135
0.2090 738.087720
0.2091 736.403442
0.2092 727.752843
0.2093 732.099320
0.2094 722.455579
0.2095 716.863332
0.2096 698.331616
0.2097 679.899740
0.2098 677.529816
0.2099 677.165058
0.2100 667.828896
0.2101 662.526396
0.2102 660.251019
0.2103 662.967576
0.2104 655.701987
0.2105 643.484656
0.2106 640.305787
0.2107 642.134518
0.2108 631.987167
0.2109 625.890133
0.2110 626.812766
0.2111 625.729252
0.2112 626.632616
0.2113 624.535090
0.2114 616.478818
0.2115 617.441228
0.2116 618.389586
0.2117 617.340898
0.2118 614.306105
0.2119 611.291564
0.2120 611.283084
0.2121 616.261048
0.2122 613.232350
0.2123 610.216942
0.2124 606.218998
0.2125 602.179000
0.2126 596.105106
0.2127 590.055467
0.2128 589.036828
0.2129 583.021535
0.2130 575.053203
0.2131 578.101896
0.2132 578.136080
0.2133 582.165446
0.2134 581.181356
0.2135 580.203143
0.2136 581.222847
0.2137 580.240452
0.2138 579.268922
0.2139 576.313880
0.2140 578.340030
0.2141 570.399567
0.2142 565.489639
0.2143 563.597669
0.2144 562.718056
0.2145 562.836620
0.2146 554.969813
0.2147 559.119376
0.2148 553.268401
0.2149 553.439746
0.2150 550.611440
0.2151 547.792556
0.2152 546.991980
0.2153 545.192668
0.2154 545.400277
0.2155 544.612925
0.2156 547.808492
0.2157 551.992285
0.2158 553.165156
0.2159 556.326853
0.2160 555.479249
0.2161 549.645716
0.2162 542.855542
0.2163 529.126825
0.2164 513.475054
0.2165 504.883839
0.2166 490.343643
0.2167 473.885350
0.2168 467.492989
0.2169 465.139962
0.2170 462.800514
0.2171 460.459138
0.2172 459.128110
0.2173 455.818984
0.2174 449.531764
0.2175 455.252794
0.2176 449.960365
0.2177 451.674404
0.2178 445.400739
0.2179 444.146226
0.2180 443.904807
0.2181 435.691300
0.2182 435.486453
0.2183 437.277915
0.2184 431.089443
0.2185 430.915118
0.2186 430.736945
0.2187 429.570320
0.2188 425.423196
0.2189 422.281531
0.2190 420.026792
0.2191 420.762161
0.2192 421.505256
0.2193 422.247749
0.2194 415.010116
0.2195 411.801569
0.2196 407.603156
0.2197 402.440381
0.2198 405.290143
0.2199 410.108612
0.2200 410.912180
0.2201 403.729783
0.2202 402.567848
0.2203 403.409840
0.2204 396.264882
0.2205 396.149408
0.2206 395.036050
0.2207 392.941213
0.2208 395.831553
0.2209 391.737679
0.2210 387.649306
0.2211 381.577316
0.2212 384.516642
0.2213 381.472389
0.2214 377.427930
0.2215 376.402897
0.2216 385.366796
0.2217 385.307598
0.2218 385.239622
0.2219 384.173938
0.2220 379.126619
0.2221 368.135490
0.2222 361.187549
0.2223 352.264892
0.2224 339.508269
0.2225 325.850948
0.2226 320.258672
0.2227 321.677139
0.2228 319.087529
0.2229 318.515874
0.2230 306.946391
0.2231 298.472023
0.2232 285.050989
0.2233 280.658814
0.2234 271.248127
0.2235 252.841340
0.2236 245.492521
0.2237 242.192887
0.2238 241.891383
0.2239 249.571582
0.2240 250.231717
0.2241 247.877271
0.2242 244.554418
0.2243 244.252621
0.2244 235.977594
0.2245 234.712624
0.2246 234.454574
0.2247 237.183279
0.2248 236.912954
0.2249 231.647293
0.2250 219.408701
0.2251 195.314567
0.2252 158.359732
0.2253 126.585762
0.2254 91.018243
0.2255 57.627029
0.2256 35.497824
0.2257 17.521426
0.2258 11.702372
0.2259 12.918323
0.2260 8.120195
0.2261 7.358057
0.2262 4.597745
0.2263 6.838604
0.2264 1.076988
0.2265 7.615152
0.2266 9.376948
0.2267 6.134136
0.2268 6.908582
0.2269 0.793650
0.2270 3.716151
0.2271 3.722185
0.2272 0.906919
0.2273 7.087340
0.2274 5.383835
0.2275 2.836936
0.2276 0.292928
0.2277 2.588090
0.2278 1.977004
0.2279 0.481893
0.2280 2.115362
0.2281 0.938906
0.2282 1.848522
0.2283 3.721130
0.2284 3.640283
0.2285 3.440980
0.2286 2.165969
0.2287 1.932769
0.2288 1.928977
0.2289 0.994418
0.2290 2.244186
0.2291 3.511103
0.2292 2.822913
0.2293 0.420093
0.2294 2.131622
0.2295 0.937983
0.2296 1.671460
0.2297 2.507553
0.2298 1.395045
0.2299 2.599303
0.2300 4.789326
0.2301 2.862328
0.2302 1.931569
0.2303 2.081464
0.2304 0.351126
0.2305 5.893840
0.2306 -0.376384
0.2307 2.373059
0.2308 2.272587
0.2309 2.177165
0.2310 3.221699
0.2311 2.366469
0.2312 0.483207
0.2313 0.494299
0.2314 0.553412
0.2315 0.568411
0.2316 0.580552
0.2317 1.526201
0.2318 0.544247
0.2319 2.587677
0.2320 2.738581
0.2321 0.884166
0.2322 2.068759
0.2323 4.296956
0.2324 1.541830
0.2325 2.068240
0.2326 0.679196
0.2327 3.114469
0.2328 3.253435
0.2329 1.084657
0.2330 1.826405
0.2331 2.714263
0.2332 1.967049
0.2333 1.468185
0.2334 2.098686
0.2335 1.877405
0.2336 2.896376
0.2337 1.268396
0.2338 1.822102
0.2339 0.593968
0.2340 0.539969
0.2341 0.501695
0.2342 3.625735
0.2343 1.839834
0.2344 2.000053
0.2345 0.210998
0.2346 1.541458
0.2347 1.683265
0.2348 1.951334
0.2349 3.106975
0.2350 1.360058
0.2351 1.796390
0.2352 4.346928
0.2353 0.935127
0.2354 0.626183
0.2355 2.449496
0.2356 2.437492
0.2357 0.690134
0.2358 4.991957
0.2359 3.317706
0.2360 4.675996
0.2361 3.037140
0.2362 1.446911
0.2363 5.103830
0.2364 0.865437
0.2365 2.647142
0.2366 1.524251
0.2367 3.447653
0.2368 1.713966
0.2369 1.838644
0.2370 1.114028
0.2371 3.433075
0.2372 1.737794
0.2373 5.148212
0.2374 6.807838
0.2375 2.769793
0.2376 1.896789
0.2377 1.866255
0.2378 3.053499
0.2379 2.550638
0.2380 0.125016
0.2381 3.719877
0.2382 1.085797
0.2383 1.459159
0.2384 2.927010
0.2385 6.634933
0.2386 3.491523
0.2387 8.141804
0.2388 1.768988
0.2389 1.271088
0.2390 2.570933
0.2391 6.591995
0.2392 5.745502
0.2393 2.974235
0.2394 2.086456
0.2395 4.979688
0.2396 6.852403
0.2397 2.844772
0.2398 3.794171
0.2399 4.293101
0.2400 0.705173
0.2401 4.915564
0.2402 6.037447
0.2403 3.491763
0.2404 6.921258
0.2405 6.150760
0.2406 2.213329
0.2407 4.229642
0.2408 7.242739
0.2409 4.258449
0.2410 3.274338
0.2411 1.512916
0.2412 3.889767
0.2413 6.492216
0.2414 4.196957
0.2415 7.018178
0.2416 3.735467
0.2417 4.055579
0.2418 10.216990
0.2419 3.450100
0.2420 4.758131
0.2421 6.290668
0.2422 4.965787
0.2423 5.650796
0.2424 9.268055
0.2425 6.029930
0.2426 4.919773
0.2427 1.925891
0.2428 5.078977
0.2429 3.303148
0.2430 3.574903
0.2431 2.714623
0.2432 5.718664
0.2433 4.657984
0.2434 6.045680
0.2435 4.579354
0.2436 7.109502
0.2437 4.495674
0.2438 8.169845
0.2439 1.712381
0.2440 6.298855
0.2441 6.921894
0.2442 2.539883
0.2443 5.938106
0.2444 8.232344
0.2445 5.290839
0.2446 10.305291
0.2447 9.501717
0.2448 6.637550
0.2449 2.727612
0.2450 5.772821
0.2451 8.858713
0.2452 6.009209
0.2453 6.130249
0.2454 6.383030
0.2455 5.804084
0.2456 8.403820
0.2457 9.727150
0.2458 11.722834
0.2459 8.031922
0.2460 10.579764
0.2461 9.029161
0.2462 9.485474
0.2463 10.822246
0.2464 12.145192
0.2465 10.364774
0.2466 8.452102
0.2467 15.382146
0.2468 15.290528
0.2469 12.314176
0.2470 11.347760
0.2471 18.379772
0.2472 18.178475
0.2473 28.896216
0.2474 31.583269
0.2475 49.245459
0.2476 61.789656
0.2477 82.397144
0.2478 97.853638
0.2479 126.106409
0.2480 164.175549
0.2481 190.054959
0.2482 223.682613
0.2483 264.087849
0.2484 302.199852
0.2485 342.908462
0.2486 377.410830
0.2487 409.687368
0.2488 450.650019
0.2489 494.290723
0.2490 538.695346
0.2491 586.790007
0.2492 616.613330
0.2493 665.067746
0.2494 695.193440
0.2495 716.177953
0.2496 756.993800
0.2497 781.483723
0.2498 811.476407
0.2499 847.926853
