0 0
0.0001 0
0.0002 0
0.0003 0
0.0004 0
0.0005 0
0.0006 0
0.0007 0
0.0008 0
0.0009 0
0.001 0
0.0011 0
0.0012 0
0.0013 0
0.0014 0
0.0015 0
0.0016 0
0.0017 0
0.0018 0
0.0019 0
0.002 1
0.0021 2
0.0022 3
0.0023 3
0.0024 3
0.0025 3
0.0026 3
0.0027 5
0.0028 6
0.0029 6
0.003 9
0.0031 11
0.0032 12
0.0033 14
0.0034 15
0.0035 16
0.0036 19
0.0037 21
0.0038 23
0.0039 24
0.004 25
0.0041 26
0.0042 28
0.0043 32
0.0044 36
0.0045 38
0.0046 40
0.0047 48
0.0048 53
0.0049 56
0.005 56
0.0051 58
0.0052 59
0.0053 61
0.0054 68
0.0055 71
0.0056 79
0.0057 83
0.0058 86
0.0059 88
0.006 89
0.0061 91
0.0062 96
0.0063 100
0.0064 108
0.0065 117
0.0066 119
0.0067 125
0.0068 133
0.0069 140
0.007 144
0.0071 152
0.0072 161
0.0073 169
0.0074 174
0.0075 180
0.0076 186
0.0077 192
0.0078 198
0.0079 203
0.008 208
0.0081 216
0.0082 221
0.0083 230
0.0084 242
0.0085 251
0.0086 255
0.0087 262
0.0088 277
0.0089 286
0.009 293
0.0091 295
0.0092 301
0.0093 304
0.0094 315
0.0095 328
0.0096 338
0.0097 348
0.0098 361
0.0099 365
0.01 373
0.0101 378
0.0102 384
0.0103 392
0.0104 407
0.0105 420
0.0106 425
0.0107 430
0.0108 434
0.0109 444
0.011 448
0.0111 451
0.0112 463
0.0113 466
0.0114 470
0.0115 473
0.0116 482
0.0117 487
0.0118 496
0.0119 509
0.012 517
0.0121 527
0.0122 533
0.0123 543
0.0124 554
0.0125 566
0.0126 576
0.0127 578
0.0128 587
0.0129 593
0.013 598
0.0131 606
0.0132 610
0.0133 614
0.0134 617
0.0135 624
0.0136 624
0.0137 632
0.0138 635
0.0139 645
0.014 646
0.0141 650
0.0142 654
0.0143 661
0.0144 671
0.0145 679
0.0146 683
0.0147 687
0.0148 694
0.0149 699
0.015 703
0.0151 705
0.0152 712
0.0153 725
0.0154 728
0.0155 731
0.0156 740
0.0157 750
0.0158 757
0.0159 764
0.016 774
0.0161 784
0.0162 796
0.0163 807
0.0164 814
0.0165 822
0.0166 825
0.0167 835
0.0168 843
0.0169 853
0.017 863
0.0171 869
0.0172 882
0.0173 890
0.0174 896
0.0175 908
0.0176 918
0.0177 920
0.0178 931
0.0179 939
0.018 947
0.0181 961
0.0182 972
0.0183 986
0.0184 999
0.0185 1015
0.0186 1016
0.0187 1033
0.0188 1052
0.0189 1060
0.019 1074
0.0191 1085
0.0192 1094
0.0193 1105
0.0194 1115
0.0195 1119
0.0196 1125
0.0197 1136
0.0198 1149
0.0199 1156
0.02 1164
0.0201 1179
0.0202 1191
0.0203 1192
0.0204 1209
0.0205 1222
0.0206 1233
0.0207 1238
0.0208 1253
0.0209 1268
0.021 1278
0.0211 1282
0.0212 1293
0.0213 1301
0.0214 1310
0.0215 1320
0.0216 1326
0.0217 1338
0.0218 1345
0.0219 1355
0.022 1353
0.0221 1367
0.0222 1372
0.0223 1389
0.0224 1391
0.0225 1409
0.0226 1422
0.0227 1433
0.0228 1437
0.0229 1446
0.023 1462
0.0231 1453
0.0232 1464
0.0233 1474
0.0234 1485
0.0235 1500
0.0236 1517
0.0237 1517
0.0238 1529
0.0239 1543
0.024 1554
0.0241 1557
0.0242 1570
0.0243 1570
0.0244 1574
0.0245 1587
0.0246 1600
0.0247 1603
0.0248 1613
0.0249 1622
0.025 1627
0.0251 1636
0.0252 1642
0.0253 1646
0.0254 1651
0.0255 1651
0.0256 1654
0.0257 1663
0.0258 1683
0.0259 1684
0.026 1700
0.0261 1708
0.0262 1713
0.0263 1718
0.0264 1724
0.0265 1741
0.0266 1745
0.0267 1747
0.0268 1756
0.0269 1751
0.027 1755
0.0271 1763
0.0272 1781
0.0273 1770
0.0274 1766
0.0275 1765
0.0276 1766
0.0277 1761
0.0278 1759
0.0279 1747
0.028 1739
0.0281 1715
0.0282 1699
0.0283 1680
0.0284 1664
0.0285 1643
0.0286 1611
0.0287 1572
0.0288 1528
0.0289 1492
0.029 1461
0.0291 1428
0.0292 1399
0.0293 1366
0.0294 1335
0.0295 1316
0.0296 1285
0.0297 1259
0.0298 1216
0.0299 1192
0.03 1159
0.0301 1137
0.0302 1119
0.0303 1101
0.0304 1074
0.0305 1053
0.0306 1051
0.0307 1024
0.0308 1010
0.0309 994
0.031 982
0.0311 969
0.0312 954
0.0313 945
0.0314 929
0.0315 914
0.0316 897
0.0317 886
0.0318 871
0.0319 855
0.032 840
0.0321 826
0.0322 811
0.0323 796
0.0324 775
0.0325 758
0.0326 750
0.0327 736
0.0328 728
0.0329 715
0.033 716
0.0331 708
0.0332 685
0.0333 673
0.0334 661
0.0335 654
0.0336 663
0.0337 678
0.0338 699
0.0339 727
0.034 749
0.0341 797
0.0342 841
0.0343 871
0.0344 877
0.0345 874
0.0346 866
0.0347 858
0.0348 844
0.0349 825
0.035 811
0.0351 795
0.0352 779
0.0353 767
0.0354 746
0.0355 737
0.0356 718
0.0357 708
0.0358 707
0.0359 701
0.036 705
0.0361 702
0.0362 697
0.0363 685
0.0364 696
0.0365 708
0.0366 752
0.0367 789
0.0368 829
0.0369 847
0.037 857
0.0371 863
0.0372 863
0.0373 866
0.0374 861
0.0375 854
0.0376 850
0.0377 839
0.0378 829
0.0379 816
0.038 802
0.0381 793
0.0382 783
0.0383 772
0.0384 765
0.0385 760
0.0386 746
0.0387 737
0.0388 719
0.0389 713
0.039 699
0.0391 690
0.0392 693
0.0393 683
0.0394 668
0.0395 655
0.0396 643
0.0397 636
0.0398 634
0.0399 622
0.04 611
0.0401 602
0.0402 596
0.0403 596
0.0404 608
0.0405 638
0.0406 662
0.0407 687
0.0408 699
0.0409 706
0.041 702
0.0411 703
0.0412 697
0.0413 693
0.0414 686
0.0415 683
0.0416 673
0.0417 664
0.0418 652
0.0419 643
0.042 634
0.0421 616
0.0422 603
0.0423 588
0.0424 582
0.0425 563
0.0426 555
0.0427 544
0.0428 533
0.0429 529
0.043 525
0.0431 515
0.0432 515
0.0433 505
0.0434 505
0.0435 500
0.0436 497
0.0437 504
0.0438 506
0.0439 507
0.044 506
0.0441 509
0.0442 499
0.0443 490
0.0444 483
0.0445 482
0.0446 476
0.0447 477
0.0448 475
0.0449 457
0.045 444
0.0451 445
0.0452 437
0.0453 435
0.0454 431
0.0455 424
0.0456 417
0.0457 408
0.0458 399
0.0459 388
0.046 394
0.0461 392
0.0462 395
0.0463 393
0.0464 384
0.0465 382
0.0466 381
0.0467 378
0.0468 378
0.0469 370
0.047 366
0.0471 368
0.0472 358
0.0473 352
0.0474 348
0.0475 343
0.0476 342
0.0477 341
0.0478 340
0.0479 343
0.048 343
0.0481 344
0.0482 345
0.0483 339
0.0484 338
0.0485 338
0.0486 335
0.0487 329
0.0488 328
0.0489 328
0.049 343
0.0491 358
0.0492 358
0.0493 363
0.0494 375
0.0495 365
0.0496 362
0.0497 351
0.0498 344
0.0499 340
0.05 336
0.0501 337
0.0502 337
0.0503 335
0.0504 330
0.0505 331
0.0506 328
0.0507 324
0.0508 319
0.0509 314
0.051 310
0.0511 312
0.0512 309
0.0513 306
0.0514 311
0.0515 311
0.0516 309
0.0517 310
0.0518 304
0.0519 297
0.052 293
0.0521 290
0.0522 289
0.0523 287
0.0524 284
0.0525 287
0.0526 284
0.0527 277
0.0528 266
0.0529 259
0.053 254
0.0531 252
0.0532 245
0.0533 240
0.0534 241
0.0535 247
0.0536 254
0.0537 251
0.0538 252
0.0539 257
0.054 261
0.0541 264
0.0542 265
0.0543 267
0.0544 269
0.0545 265
0.0546 261
0.0547 262
0.0548 260
0.0549 263
0.055 268
0.0551 279
0.0552 281
0.0553 291
0.0554 298
0.0555 300
0.0556 309
0.0557 307
0.0558 310
0.0559 314
0.056 315
0.0561 325
0.0562 327
0.0563 319
0.0564 311
0.0565 310
0.0566 301
0.0567 300
0.0568 293
0.0569 287
0.057 277
0.0571 270
0.0572 269
0.0573 271
0.0574 270
0.0575 291
0.0576 296
0.0577 305
0.0578 310
0.0579 307
0.058 309
0.0581 305
0.0582 297
0.0583 302
0.0584 299
0.0585 295
0.0586 299
0.0587 293
0.0588 294
0.0589 302
0.059 326
0.0591 347
0.0592 380
0.0593 416
0.0594 463
0.0595 490
0.0596 514
0.0597 532
0.0598 548
0.0599 559
0.06 567
0.0601 564
0.0602 565
0.0603 567
0.0604 562
0.0605 563
0.0606 546
0.0607 527
0.0608 527
0.0609 522
0.061 521
0.0611 525
0.0612 516
0.0613 501
0.0614 493
0.0615 481
0.0616 465
0.0617 469
0.0618 464
0.0619 481
0.062 495
0.0621 516
0.0622 526
0.0623 528
0.0624 549
0.0625 575
0.0626 603
0.0627 619
0.0628 630
0.0629 649
0.063 666
0.0631 679
0.0632 688
0.0633 704
0.0634 735
0.0635 759
0.0636 794
0.0637 802
0.0638 820
0.0639 832
0.064 844
0.0641 852
0.0642 861
0.0643 861
0.0644 855
0.0645 859
0.0646 870
0.0647 874
0.0648 871
0.0649 872
0.065 868
0.0651 875
0.0652 875
0.0653 878
0.0654 881
0.0655 886
0.0656 880
0.0657 885
0.0658 889
0.0659 886
0.066 895
0.0661 899
0.0662 903
0.0663 905
0.0664 900
0.0665 900
0.0666 905
0.0667 913
0.0668 921
0.0669 929
0.067 932
0.0671 937
0.0672 945
0.0673 950
0.0674 954
0.0675 957
0.0676 970
0.0677 972
0.0678 979
0.0679 978
0.068 977
0.0681 995
0.0682 993
0.0683 991
0.0684 998
0.0685 999
0.0686 1006
0.0687 1017
0.0688 1013
0.0689 1015
0.069 1020
0.0691 1029
0.0692 1028
0.0693 1020
0.0694 1032
0.0695 1038
0.0696 1047
0.0697 1051
0.0698 1049
0.0699 1050
0.07 1056
0.0701 1059
0.0702 1067
0.0703 1068
0.0704 1073
0.0705 1082
0.0706 1084
0.0707 1089
0.0708 1094
0.0709 1094
0.071 1100
0.0711 1102
0.0712 1110
0.0713 1113
0.0714 1119
0.0715 1125
0.0716 1136
0.0717 1136
0.0718 1140
0.0719 1146
0.072 1162
0.0721 1160
0.0722 1171
0.0723 1172
0.0724 1171
0.0725 1184
0.0726 1193
0.0727 1192
0.0728 1206
0.0729 1209
0.073 1209
0.0731 1217
0.0732 1221
0.0733 1226
0.0734 1225
0.0735 1240
0.0736 1245
0.0737 1257
0.0738 1255
0.0739 1258
0.074 1264
0.0741 1272
0.0742 1278
0.0743 1281
0.0744 1287
0.0745 1303
0.0746 1316
0.0747 1318
0.0748 1325
0.0749 1333
0.075 1339
0.0751 1343
0.0752 1340
0.0753 1362
0.0754 1362
0.0755 1366
0.0756 1366
0.0757 1383
0.0758 1399
0.0759 1406
0.076 1407
0.0761 1412
0.0762 1432
0.0763 1446
0.0764 1447
0.0765 1463
0.0766 1469
0.0767 1472
0.0768 1482
0.0769 1493
0.077 1504
0.0771 1501
0.0772 1510
0.0773 1521
0.0774 1533
0.0775 1539
0.0776 1554
0.0777 1559
0.0778 1575
0.0779 1584
0.078 1594
0.0781 1595
0.0782 1603
0.0783 1599
0.0784 1614
0.0785 1618
0.0786 1621
0.0787 1633
0.0788 1639
0.0789 1657
0.079 1662
0.0791 1673
0.0792 1680
0.0793 1695
0.0794 1695
0.0795 1698
0.0796 1708
0.0797 1718
0.0798 1722
0.0799 1738
0.08 1742
0.0801 1747
0.0802 1748
0.0803 1760
0.0804 1771
0.0805 1781
0.0806 1783
0.0807 1797
0.0808 1811
0.0809 1807
0.081 1810
0.0811 1822
0.0812 1812
0.0813 1827
0.0814 1836
0.0815 1821
0.0816 1825
0.0817 1829
0.0818 1820
0.0819 1826
0.082 1828
0.0821 1810
0.0822 1795
0.0823 1791
0.0824 1790
0.0825 1784
0.0826 1780
0.0827 1778
0.0828 1779
0.0829 1780
0.083 1777
0.0831 1780
0.0832 1776
0.0833 1757
0.0834 1746
0.0835 1753
0.0836 1742
0.0837 1720
0.0838 1708
0.0839 1714
0.084 1703
0.0841 1704
0.0842 1708
0.0843 1696
0.0844 1690
0.0845 1672
0.0846 1641
0.0847 1601
0.0848 1566
0.0849 1522
0.085 1483
0.0851 1437
0.0852 1405
0.0853 1375
0.0854 1366
0.0855 1359
0.0856 1364
0.0857 1372
0.0858 1398
0.0859 1424
0.086 1442
0.0861 1470
0.0862 1502
0.0863 1520
0.0864 1545
0.0865 1558
0.0866 1566
0.0867 1561
0.0868 1558
0.0869 1540
0.087 1513
0.0871 1514
0.0872 1520
0.0873 1531
0.0874 1535
0.0875 1530
0.0876 1534
0.0877 1546
0.0878 1536
0.0879 1545
0.088 1555
0.0881 1556
0.0882 1563
0.0883 1558
0.0884 1577
0.0885 1580
0.0886 1589
0.0887 1590
0.0888 1592
0.0889 1595
0.089 1593
0.0891 1597
0.0892 1600
0.0893 1598
0.0894 1600
0.0895 1586
0.0896 1603
0.0897 1604
0.0898 1607
0.0899 1593
0.09 1583
0.0901 1570
0.0902 1548
0.0903 1522
0.0904 1494
0.0905 1457
0.0906 1426
0.0907 1404
0.0908 1372
0.0909 1340
0.091 1323
0.0911 1287
0.0912 1266
0.0913 1238
0.0914 1219
0.0915 1189
0.0916 1163
0.0917 1140
0.0918 1112
0.0919 1097
0.092 1074
0.0921 1049
0.0922 1033
0.0923 1017
0.0924 999
0.0925 988
0.0926 979
0.0927 969
0.0928 948
0.0929 931
0.093 912
0.0931 898
0.0932 884
0.0933 866
0.0934 840
0.0935 826
0.0936 814
0.0937 797
0.0938 785
0.0939 784
0.094 780
0.0941 787
0.0942 784
0.0943 771
0.0944 768
0.0945 768
0.0946 764
0.0947 753
0.0948 757
0.0949 753
0.095 754
0.0951 752
0.0952 752
0.0953 750
0.0954 732
0.0955 726
0.0956 729
0.0957 717
0.0958 703
0.0959 684
0.096 669
0.0961 660
0.0962 650
0.0963 638
0.0964 637
0.0965 638
0.0966 635
0.0967 636
0.0968 622
0.0969 615
0.097 606
0.0971 587
0.0972 577
0.0973 568
0.0974 563
0.0975 550
0.0976 537
0.0977 530
0.0978 530
0.0979 524
0.098 517
0.0981 511
0.0982 505
0.0983 488
0.0984 480
0.0985 471
0.0986 464
0.0987 450
0.0988 443
0.0989 438
0.099 422
0.0991 420
0.0992 417
0.0993 410
0.0994 399
0.0995 404
0.0996 407
0.0997 409
0.0998 414
0.0999 420
0.1 419
0.1001 416
0.1002 418
0.1003 420
0.1004 422
0.1005 415
0.1006 416
0.1007 412
0.1008 402
0.1009 393
0.101 394
0.1011 393
0.1012 385
0.1013 380
0.1014 370
0.1015 361
0.1016 362
0.1017 358
0.1018 351
0.1019 349
0.102 349
0.1021 344
0.1022 348
0.1023 346
0.1024 361
0.1025 370
0.1026 379
0.1027 379
0.1028 387
0.1029 387
0.103 388
0.1031 381
0.1032 365
0.1033 361
0.1034 357
0.1035 352
0.1036 344
0.1037 336
0.1038 329
0.1039 328
0.104 319
0.1041 314
0.1042 314
0.1043 307
0.1044 299
0.1045 289
0.1046 283
0.1047 278
0.1048 280
0.1049 277
0.105 275
0.1051 275
0.1052 277
0.1053 288
0.1054 311
0.1055 337
0.1056 351
0.1057 367
0.1058 389
0.1059 404
0.106 415
0.1061 430
0.1062 440
0.1063 443
0.1064 447
0.1065 443
0.1066 446
0.1067 436
0.1068 440
0.1069 442
0.107 448
0.1071 449
0.1072 458
0.1073 458
0.1074 460
0.1075 461
0.1076 460
0.1077 462
0.1078 454
0.1079 455
0.108 448
0.1081 435
0.1082 431
0.1083 422
0.1084 418
0.1085 404
0.1086 400
0.1087 389
0.1088 379
0.1089 372
0.109 360
0.1091 355
0.1092 336
0.1093 333
0.1094 330
0.1095 318
0.1096 314
0.1097 309
0.1098 299
0.1099 297
0.11 296
0.1101 296
0.1102 294
0.1103 293
0.1104 301
0.1105 293
0.1106 295
0.1107 289
0.1108 284
0.1109 275
0.111 275
0.1111 287
0.1112 294
0.1113 294
0.1114 294
0.1115 288
0.1116 284
0.1117 281
0.1118 282
0.1119 277
0.112 274
0.1121 276
0.1122 278
0.1123 279
0.1124 283
0.1125 283
0.1126 281
0.1127 285
0.1128 296
0.1129 341
0.113 365
0.1131 380
0.1132 399
0.1133 431
0.1134 450
0.1135 469
0.1136 477
0.1137 489
0.1138 507
0.1139 518
0.114 539
0.1141 549
0.1142 566
0.1143 568
0.1144 589
0.1145 608
0.1146 624
0.1147 621
0.1148 620
0.1149 618
0.115 609
0.1151 604
0.1152 597
0.1153 600
0.1154 610
0.1155 612
0.1156 633
0.1157 637
0.1158 639
0.1159 636
0.116 638
0.1161 639
0.1162 629
0.1163 615
0.1164 611
0.1165 606
0.1166 603
0.1167 598
0.1168 583
0.1169 565
0.117 553
0.1171 538
0.1172 536
0.1173 546
0.1174 549
0.1175 554
0.1176 551
0.1177 549
0.1178 544
0.1179 538
0.118 537
0.1181 546
0.1182 556
0.1183 574
0.1184 585
0.1185 586
0.1186 596
0.1187 613
0.1188 627
0.1189 657
0.119 681
0.1191 690
0.1192 719
0.1193 747
0.1194 764
0.1195 780
0.1196 775
0.1197 806
0.1198 820
0.1199 836
0.12 851
0.1201 862
0.1202 868
0.1203 870
0.1204 885
0.1205 883
0.1206 881
0.1207 888
0.1208 889
0.1209 885
0.121 903
0.1211 901
0.1212 899
0.1213 904
0.1214 903
0.1215 910
0.1216 913
0.1217 916
0.1218 912
0.1219 920
0.122 920
0.1221 923
0.1222 928
0.1223 926
0.1224 927
0.1225 929
0.1226 933
0.1227 936
0.1228 938
0.1229 937
0.123 942
0.1231 943
0.1232 946
0.1233 940
0.1234 952
0.1235 956
0.1236 959
0.1237 962
0.1238 969
0.1239 970
0.124 969
0.1241 963
0.1242 973
0.1243 977
0.1244 975
0.1245 979
0.1246 983
0.1247 987
0.1248 991
0.1249 999
0.125 1005
0.1251 1004
0.1252 1007
0.1253 1017
0.1254 1015
0.1255 1025
0.1256 1026
0.1257 1034
0.1258 1037
0.1259 1043
0.126 1052
0.1261 1053
0.1262 1062
0.1263 1060
0.1264 1068
0.1265 1075
0.1266 1081
0.1267 1081
0.1268 1084
0.1269 1092
0.127 1093
0.1271 1100
0.1272 1104
0.1273 1104
0.1274 1113
0.1275 1121
0.1276 1120
0.1277 1125
0.1278 1135
0.1279 1134
0.128 1136
0.1281 1144
0.1282 1150
0.1283 1165
0.1284 1167
0.1285 1172
0.1286 1170
0.1287 1173
0.1288 1183
0.1289 1188
0.129 1187
0.1291 1198
0.1292 1197
0.1293 1199
0.1294 1207
0.1295 1206
0.1296 1203
0.1297 1208
0.1298 1218
0.1299 1226
0.13 1238
0.1301 1246
0.1302 1255
0.1303 1264
0.1304 1267
0.1305 1278
0.1306 1286
0.1307 1302
0.1308 1303
0.1309 1305
0.131 1316
0.1311 1328
0.1312 1333
0.1313 1338
0.1314 1341
0.1315 1357
0.1316 1358
0.1317 1367
0.1318 1370
0.1319 1376
0.132 1387
0.1321 1389
0.1322 1411
0.1323 1412
0.1324 1413
0.1325 1430
0.1326 1435
0.1327 1443
0.1328 1444
0.1329 1450
0.133 1452
0.1331 1466
0.1332 1470
0.1333 1478
0.1334 1476
0.1335 1482
0.1336 1488
0.1337 1499
0.1338 1509
0.1339 1508
0.134 1516
0.1341 1520
0.1342 1527
0.1343 1530
0.1344 1534
0.1345 1535
0.1346 1544
0.1347 1559
0.1348 1558
0.1349 1567
0.135 1559
0.1351 1577
0.1352 1591
0.1353 1602
0.1354 1598
0.1355 1602
0.1356 1608
0.1357 1599
0.1358 1601
0.1359 1612
0.136 1616
0.1361 1624
0.1362 1633
0.1363 1639
0.1364 1638
0.1365 1636
0.1366 1639
0.1367 1655
0.1368 1663
0.1369 1659
0.137 1665
0.1371 1675
0.1372 1679
0.1373 1698
0.1374 1709
0.1375 1705
0.1376 1724
0.1377 1731
0.1378 1732
0.1379 1745
0.138 1750
0.1381 1762
0.1382 1769
0.1383 1776
0.1384 1779
0.1385 1800
0.1386 1799
0.1387 1802
0.1388 1804
0.1389 1810
0.139 1806
0.1391 1806
0.1392 1810
0.1393 1812
0.1394 1820
0.1395 1812
0.1396 1803
0.1397 1806
0.1398 1809
0.1399 1810
0.14 1798
0.1401 1801
0.1402 1792
0.1403 1789
0.1404 1797
0.1405 1784
0.1406 1773
0.1407 1762
0.1408 1754
0.1409 1731
0.141 1723
0.1411 1720
0.1412 1723
0.1413 1718
0.1414 1725
0.1415 1720
0.1416 1728
0.1417 1745
0.1418 1750
0.1419 1749
0.142 1754
0.1421 1748
0.1422 1757
0.1423 1751
0.1424 1763
0.1425 1776
0.1426 1748
0.1427 1750
0.1428 1730
0.1429 1711
0.143 1690
0.1431 1675
0.1432 1639
0.1433 1611
0.1434 1584
0.1435 1555
0.1436 1532
0.1437 1515
0.1438 1485
0.1439 1460
0.144 1434
0.1441 1412
0.1442 1377
0.1443 1356
0.1444 1330
0.1445 1311
0.1446 1283
0.1447 1252
0.1448 1220
0.1449 1197
0.145 1169
0.1451 1150
0.1452 1141
0.1453 1117
0.1454 1091
0.1455 1074
0.1456 1053
0.1457 1030
0.1458 1012
0.1459 1001
0.146 981
0.1461 954
0.1462 926
0.1463 901
0.1464 882
0.1465 863
0.1466 857
0.1467 855
0.1468 846
0.1469 838
0.147 836
0.1471 829
0.1472 822
0.1473 807
0.1474 787
0.1475 782
0.1476 779
0.1477 764
0.1478 757
0.1479 748
0.148 725
0.1481 708
0.1482 698
0.1483 683
0.1484 671
0.1485 662
0.1486 649
0.1487 642
0.1488 637
0.1489 637
0.149 633
0.1491 627
0.1492 624
0.1493 614
0.1494 605
0.1495 594
0.1496 588
0.1497 569
0.1498 556
0.1499 551
0.15 539
0.1501 537
0.1502 520
0.1503 515
0.1504 507
0.1505 501
0.1506 496
0.1507 497
0.1508 491
0.1509 481
0.151 482
0.1511 478
0.1512 474
0.1513 466
0.1514 459
0.1515 449
0.1516 440
0.1517 434
0.1518 432
0.1519 428
0.152 426
0.1521 423
0.1522 415
0.1523 403
0.1524 397
0.1525 389
0.1526 379
0.1527 373
0.1528 372
0.1529 367
0.153 365
0.1531 373
0.1532 368
0.1533 359
0.1534 349
0.1535 339
0.1536 332
0.1537 332
0.1538 327
0.1539 328
0.154 327
0.1541 327
0.1542 331
0.1543 338
0.1544 336
0.1545 339
0.1546 334
0.1547 331
0.1548 329
0.1549 319
0.155 323
0.1551 311
0.1552 309
0.1553 303
0.1554 304
0.1555 302
0.1556 300
0.1557 293
0.1558 291
0.1559 284
0.156 282
0.1561 278
0.1562 271
0.1563 269
0.1564 264
0.1565 261
0.1566 261
0.1567 261
0.1568 257
0.1569 254
0.157 253
0.1571 254
0.1572 252
0.1573 249
0.1574 241
0.1575 239
0.1576 239
0.1577 234
0.1578 236
0.1579 238
0.158 240
0.1581 242
0.1582 259
0.1583 272
0.1584 286
0.1585 299
0.1586 306
0.1587 314
0.1588 323
0.1589 338
0.159 351
0.1591 357
0.1592 364
0.1593 367
0.1594 369
0.1595 374
0.1596 368
0.1597 369
0.1598 375
0.1599 379
0.16 379
0.1601 377
0.1602 381
0.1603 384
0.1604 383
0.1605 383
0.1606 386
0.1607 385
0.1608 384
0.1609 385
0.161 392
0.1611 388
0.1612 382
0.1613 379
0.1614 369
0.1615 366
0.1616 365
0.1617 363
0.1618 368
0.1619 362
0.162 354
0.1621 349
0.1622 350
0.1623 349
0.1624 353
0.1625 352
0.1626 352
0.1627 347
0.1628 339
0.1629 335
0.163 328
0.1631 321
0.1632 320
0.1633 316
0.1634 311
0.1635 307
0.1636 301
0.1637 295
0.1638 292
0.1639 290
0.164 285
0.1641 281
0.1642 284
0.1643 282
0.1644 283
0.1645 282
0.1646 283
0.1647 279
0.1648 277
0.1649 281
0.165 284
0.1651 297
0.1652 310
0.1653 325
0.1654 336
0.1655 366
0.1656 379
0.1657 395
0.1658 398
0.1659 397
0.166 418
0.1661 424
0.1662 436
0.1663 447
0.1664 453
0.1665 458
0.1666 468
0.1667 477
0.1668 494
0.1669 514
0.167 527
0.1671 531
0.1672 541
0.1673 564
0.1674 590
0.1675 625
0.1676 647
0.1677 687
0.1678 727
0.1679 775
0.168 788
0.1681 822
0.1682 844
0.1683 864
0.1684 877
0.1685 887
0.1686 898
0.1687 899
0.1688 896
0.1689 903
0.169 909
0.1691 917
0.1692 927
0.1693 935
0.1694 928
0.1695 943
0.1696 961
0.1697 982
0.1698 984
0.1699 992
0.17 1005
0.1701 1003
0.1702 1004
0.1703 1007
0.1704 1011
0.1705 1012
0.1706 1022
0.1707 1006
0.1708 1007
0.1709 1000
0.171 1008
0.1711 1002
0.1712 996
0.1713 994
0.1714 982
0.1715 1008
0.1716 1007
0.1717 1013
0.1718 1014
0.1719 1014
0.172 1023
0.1721 1026
0.1722 1017
0.1723 1025
0.1724 1024
0.1725 1035
0.1726 1029
0.1727 1032
0.1728 1027
0.1729 1037
0.173 1045
0.1731 1051
0.1732 1051
0.1733 1058
0.1734 1053
0.1735 1070
0.1736 1072
0.1737 1068
0.1738 1081
0.1739 1072
0.174 1070
0.1741 1071
0.1742 1074
0.1743 1077
0.1744 1076
0.1745 1070
0.1746 1069
0.1747 1079
0.1748 1092
0.1749 1079
0.175 1088
0.1751 1092
0.1752 1094
0.1753 1105
0.1754 1105
0.1755 1110
0.1756 1109
0.1757 1113
0.1758 1122
0.1759 1116
0.176 1114
0.1761 1128
0.1762 1123
0.1763 1128
0.1764 1129
0.1765 1126
0.1766 1139
0.1767 1136
0.1768 1133
0.1769 1144
0.177 1142
0.1771 1154
0.1772 1162
0.1773 1159
0.1774 1159
0.1775 1170
0.1776 1176
0.1777 1180
0.1778 1185
0.1779 1186
0.178 1188
0.1781 1192
0.1782 1198
0.1783 1206
0.1784 1213
0.1785 1212
0.1786 1213
0.1787 1220
0.1788 1225
0.1789 1230
0.179 1237
0.1791 1235
0.1792 1241
0.1793 1242
0.1794 1234
0.1795 1243
0.1796 1242
0.1797 1247
0.1798 1253
0.1799 1250
0.18 1252
0.1801 1251
0.1802 1250
0.1803 1260
0.1804 1264
0.1805 1267
0.1806 1261
0.1807 1267
0.1808 1275
0.1809 1284
0.181 1285
0.1811 1286
0.1812 1292
0.1813 1297
0.1814 1307
0.1815 1310
0.1816 1319
0.1817 1324
0.1818 1323
0.1819 1326
0.182 1337
0.1821 1344
0.1822 1348
0.1823 1347
0.1824 1353
0.1825 1357
0.1826 1363
0.1827 1362
0.1828 1365
0.1829 1376
0.183 1385
0.1831 1384
0.1832 1389
0.1833 1397
0.1834 1403
0.1835 1409
0.1836 1413
0.1837 1413
0.1838 1419
0.1839 1426
0.184 1435
0.1841 1435
0.1842 1438
0.1843 1443
0.1844 1457
0.1845 1462
0.1846 1468
0.1847 1478
0.1848 1478
0.1849 1477
0.185 1484
0.1851 1490
0.1852 1496
0.1853 1497
0.1854 1502
0.1855 1516
0.1856 1527
0.1857 1535
0.1858 1543
0.1859 1540
0.186 1543
0.1861 1554
0.1862 1561
0.1863 1561
0.1864 1571
0.1865 1585
0.1866 1592
0.1867 1588
0.1868 1595
0.1869 1604
0.187 1612
0.1871 1622
0.1872 1628
0.1873 1638
0.1874 1642
0.1875 1649
0.1876 1655
0.1877 1660
0.1878 1662
0.1879 1667
0.188 1673
0.1881 1665
0.1882 1685
0.1883 1690
0.1884 1700
0.1885 1715
0.1886 1729
0.1887 1734
0.1888 1738
0.1889 1739
0.189 1755
0.1891 1755
0.1892 1768
0.1893 1773
0.1894 1777
0.1895 1784
0.1896 1789
0.1897 1778
0.1898 1790
0.1899 1785
0.19 1815
0.1901 1824
0.1902 1828
0.1903 1839
0.1904 1846
0.1905 1844
0.1906 1848
0.1907 1868
0.1908 1885
0.1909 1891
0.191 1902
0.1911 1913
0.1912 1904
0.1913 1905
0.1914 1916
0.1915 1917
0.1916 1933
0.1917 1943
0.1918 1943
0.1919 1960
0.192 1968
0.1921 1969
0.1922 1981
0.1923 1985
0.1924 1993
0.1925 2000
0.1926 2000
0.1927 2014
0.1928 2020
0.1929 2018
0.193 2029
0.1931 2029
0.1932 2037
0.1933 2047
0.1934 2063
0.1935 2067
0.1936 2074
0.1937 2102
0.1938 2102
0.1939 2101
0.194 2110
0.1941 2111
0.1942 2114
0.1943 2118
0.1944 2110
0.1945 2117
0.1946 2099
0.1947 2091
0.1948 2091
0.1949 2076
0.195 2064
0.1951 2065
0.1952 2070
0.1953 2070
0.1954 2074
0.1955 2086
0.1956 2093
0.1957 2084
0.1958 2080
0.1959 2074
0.196 2062
0.1961 2048
0.1962 2026
0.1963 2000
0.1964 1970
0.1965 1960
0.1966 1956
0.1967 1940
0.1968 1936
0.1969 1952
0.197 1943
0.1971 1950
0.1972 1927
0.1973 1934
0.1974 1947
0.1975 1954
0.1976 1951
0.1977 1940
0.1978 1956
0.1979 1990
0.198 1989
0.1981 1991
0.1982 1991
0.1983 1986
0.1984 1983
0.1985 1992
0.1986 1991
0.1987 2000
0.1988 2021
0.1989 2014
0.199 2012
0.1991 1997
0.1992 1969
0.1993 1949
0.1994 1924
0.1995 1890
0.1996 1858
0.1997 1825
0.1998 1787
0.1999 1750
0.2 1715
0.2001 1680
0.2002 1645
0.2003 1604
0.2004 1574
0.2005 1530
0.2006 1500
0.2007 1455
0.2008 1418
0.2009 1388
0.201 1393
0.2011 1386
0.2012 1388
0.2013 1387
0.2014 1389
0.2015 1369
0.2016 1345
0.2017 1318
0.2018 1295
0.2019 1271
0.202 1274
0.2021 1247
0.2022 1234
0.2023 1198
0.2024 1171
0.2025 1153
0.2026 1125
0.2027 1095
0.2028 1077
0.2029 1062
0.203 1045
0.2031 1021
0.2032 993
0.2033 966
0.2034 943
0.2035 922
0.2036 903
0.2037 880
0.2038 870
0.2039 854
0.204 833
0.2041 818
0.2042 803
0.2043 786
0.2044 771
0.2045 747
0.2046 737
0.2047 722
0.2048 700
0.2049 680
0.205 660
0.2051 641
0.2052 630
0.2053 622
0.2054 610
0.2055 599
0.2056 589
0.2057 573
0.2058 564
0.2059 545
0.206 540
0.2061 524
0.2062 506
0.2063 506
0.2064 502
0.2065 500
0.2066 491
0.2067 485
0.2068 478
0.2069 472
0.207 460
0.2071 450
0.2072 448
0.2073 450
0.2074 445
0.2075 446
0.2076 450
0.2077 447
0.2078 442
0.2079 431
0.208 424
0.2081 418
0.2082 415
0.2083 415
0.2084 416
0.2085 410
0.2086 408
0.2087 401
0.2088 403
0.2089 398
0.209 392
0.2091 384
0.2092 376
0.2093 372
0.2094 369
0.2095 368
0.2096 367
0.2097 367
0.2098 367
0.2099 359
0.21 359
0.2101 362
0.2102 369
0.2103 364
0.2104 357
0.2105 353
0.2106 351
0.2107 343
0.2108 336
0.2109 332
0.211 330
0.2111 335
0.2112 340
0.2113 344
0.2114 344
0.2115 356
0.2116 369
0.2117 384
0.2118 391
0.2119 388
0.212 392
0.2121 392
0.2122 388
0.2123 391
0.2124 392
0.2125 389
0.2126 387
0.2127 384
0.2128 378
0.2129 374
0.213 378
0.2131 375
0.2132 373
0.2133 366
0.2134 362
0.2135 357
0.2136 355
0.2137 348
0.2138 341
0.2139 337
0.214 327
0.2141 322
0.2142 323
0.2143 317
0.2144 314
0.2145 313
0.2146 324
0.2147 337
0.2148 348
0.2149 362
0.215 378
0.2151 391
0.2152 397
0.2153 392
0.2154 395
0.2155 389
0.2156 392
0.2157 382
0.2158 387
0.2159 383
0.216 373
0.2161 370
0.2162 369
0.2163 367
0.2164 363
0.2165 358
0.2166 361
0.2167 374
0.2168 398
0.2169 437
0.217 456
0.2171 479
0.2172 486
0.2173 495
0.2174 496
0.2175 499
0.2176 497
0.2177 502
0.2178 506
0.2179 497
0.218 499
0.2181 496
0.2182 482
0.2183 471
0.2184 466
0.2185 461
0.2186 462
0.2187 464
0.2188 467
0.2189 463
0.219 455
0.2191 447
0.2192 440
0.2193 432
0.2194 428
0.2195 424
0.2196 425
0.2197 414
0.2198 402
0.2199 403
0.22 407
0.2201 402
0.2202 400
0.2203 402
0.2204 405
0.2205 399
0.2206 399
0.2207 388
0.2208 382
0.2209 375
0.221 370
0.2211 364
0.2212 358
0.2213 358
0.2214 353
0.2215 351
0.2216 341
0.2217 344
0.2218 342
0.2219 334
0.222 336
0.2221 329
0.2222 322
0.2223 329
0.2224 331
0.2225 331
0.2226 324
0.2227 325
0.2228 318
0.2229 313
0.223 312
0.2231 305
0.2232 299
0.2233 297
0.2234 291
0.2235 287
0.2236 285
0.2237 278
0.2238 269
0.2239 263
0.224 256
0.2241 251
0.2242 243
0.2243 236
0.2244 233
0.2245 237
0.2246 242
0.2247 239
0.2248 238
0.2249 234
0.225 230
0.2251 223
0.2252 217
0.2253 209
0.2254 206
0.2255 202
0.2256 207
0.2257 199
0.2258 198
0.2259 204
0.226 205
0.2261 204
0.2262 212
0.2263 214
0.2264 218
0.2265 220
0.2266 226
0.2267 224
0.2268 222
0.2269 226
0.227 233
0.2271 229
0.2272 244
0.2273 249
0.2274 247
0.2275 248
0.2276 253
0.2277 250
0.2278 249
0.2279 251
0.228 253
0.2281 247
0.2282 253
0.2283 252
0.2284 260
0.2285 255
0.2286 259
0.2287 258
0.2288 252
0.2289 247
0.229 244
0.2291 244
0.2292 242
0.2293 236
0.2294 234
0.2295 233
0.2296 246
0.2297 264
0.2298 304
0.2299 334
0.23 357
0.2301 383
0.2302 407
0.2303 441
0.2304 468
0.2305 502
0.2306 535
0.2307 555
0.2308 581
0.2309 613
0.231 643
0.2311 670
0.2312 699
0.2313 737
0.2314 771
0.2315 788
0.2316 805
0.2317 817
0.2318 819
0.2319 829
0.232 828
0.2321 829
0.2322 836
0.2323 834
0.2324 843
0.2325 845
0.2326 843
0.2327 850
0.2328 851
0.2329 854
0.233 852
0.2331 858
0.2332 865
0.2333 860
0.2334 866
0.2335 871
0.2336 875
0.2337 876
0.2338 872
0.2339 879
0.234 881
0.2341 875
0.2342 879
0.2343 880
0.2344 885
0.2345 890
0.2346 894
0.2347 894
0.2348 900
0.2349 902
0.235 909
0.2351 908
0.2352 919
0.2353 922
0.2354 923
0.2355 925
0.2356 928
0.2357 935
0.2358 933
0.2359 941
0.236 946
0.2361 951
0.2362 949
0.2363 957
0.2364 960
0.2365 965
0.2366 967
0.2367 974
0.2368 981
0.2369 986
0.237 987
0.2371 990
0.2372 994
0.2373 992
0.2374 1004
0.2375 1007
0.2376 1013
0.2377 1015
0.2378 1018
0.2379 1025
0.238 1034
0.2381 1041
0.2382 1048
0.2383 1049
0.2384 1056
0.2385 1066
0.2386 1067
0.2387 1070
0.2388 1086
0.2389 1089
0.239 1090
0.2391 1100
0.2392 1107
0.2393 1111
0.2394 1119
0.2395 1130
0.2396 1130
0.2397 1136
0.2398 1140
0.2399 1149
0.24 1153
0.2401 1157
0.2402 1159
0.2403 1171
0.2404 1175
0.2405 1191
0.2406 1193
0.2407 1195
0.2408 1198
0.2409 1207
0.241 1214
0.2411 1220
0.2412 1223
0.2413 1229
0.2414 1237
0.2415 1245
0.2416 1253
0.2417 1259
0.2418 1266
0.2419 1274
0.242 1278
0.2421 1278
0.2422 1282
0.2423 1290
0.2424 1307
0.2425 1313
0.2426 1325
0.2427 1326
0.2428 1332
0.2429 1348
0.243 1352
0.2431 1360
0.2432 1365
0.2433 1371
0.2434 1380
0.2435 1391
0.2436 1398
0.2437 1396
0.2438 1414
0.2439 1422
0.244 1425
0.2441 1436
0.2442 1440
0.2443 1454
0.2444 1459
0.2445 1477
0.2446 1481
0.2447 1495
0.2448 1507
0.2449 1512
0.245 1515
0.2451 1531
0.2452 1543
0.2453 1545
0.2454 1563
0.2455 1559
0.2456 1578
0.2457 1589
0.2458 1598
0.2459 1613
0.246 1610
0.2461 1629
0.2462 1631
0.2463 1636
0.2464 1648
0.2465 1657
0.2466 1665
0.2467 1680
0.2468 1677
0.2469 1675
0.247 1683
0.2471 1694
0.2472 1699
0.2473 1707
0.2474 1716
0.2475 1726
0.2476 1725
0.2477 1736
0.2478 1731
0.2479 1739
0.248 1751
0.2481 1760
0.2482 1770
0.2483 1773
0.2484 1783
0.2485 1778
0.2486 1798
0.2487 1800
0.2488 1816
0.2489 1810
0.249 1819
0.2491 1834
0.2492 1839
0.2493 1830
0.2494 1833
0.2495 1851
0.2496 1851
0.2497 1850
0.2498 1850
0.2499 1869
0.25 1868
