0 665
0.01 616
0.02 585
0.03 557
0.04 538
0.05 510
0.06 487
0.07 471
0.08 454
0.09 429
0.1 409
0.11 393
0.12 376
0.13 364
0.14 346
0.15 335
0.16 322
0.17 313
0.18 304
0.19 298
0.2 289
0.21 282
0.22 273
0.23 267
0.24 263
0.25 256
0.26 243
0.27 239
0.28 229
0.29 221
0.3 218
0.31 211
0.32 204
0.33 198
0.34 192
0.35 183
0.36 180
0.37 172
0.38 167
0.39 161
0.4 158
0.41 154
0.42 147
0.43 140
0.44 135
0.45 128
0.46 126
0.47 119
0.48 118
0.49 115
0.5 110
0.51 106
0.52 100
0.53 98
0.54 94
0.55 94
0.56 94
0.57 92
0.58 90
0.59 90
0.6 86
0.61 84
0.62 85
0.63 80
0.64 75
0.65 70
0.66 70
0.67 69
0.68 69
0.69 69
0.7 69
0.71 66
0.72 63
0.73 61
0.74 60
0.75 60
0.76 56
0.77 52
0.78 50
0.79 48
0.8 47
0.81 46
0.82 45
0.83 43
0.84 40
0.85 41
0.86 40
0.87 38
0.88 37
0.89 36
0.9 37
0.91 38
0.92 35
0.93 35
0.94 34
0.95 33
0.96 31
0.97 30
0.98 31
0.99 30
1 31
1.01 30
1.02 31
1.03 30
1.04 29
1.05 27
1.06 27
1.07 26
1.08 24
1.09 24
1.1 25
1.11 23
1.12 24
1.13 25
1.14 25
1.15 24
1.16 24
1.17 23
1.18 24
1.19 23
1.2 24
1.21 24
1.22 21
1.23 20
1.24 18
1.25 18
1.26 18
1.27 18
1.28 18
1.29 18
1.3 17
1.31 17
1.32 17
1.33 18
1.34 17
1.35 17
1.36 17
1.37 17
1.38 14
1.39 13
1.4 13
1.41 13
1.42 13
1.43 14
1.44 13
1.45 13
1.46 12
1.47 12
1.48 12
1.49 12
1.5 13
1.51 14
1.52 13
1.53 12
1.54 14
1.55 13
1.56 13
1.57 12
1.58 12
1.59 12
1.6 12
1.61 12
1.62 11
1.63 11
1.64 11
1.65 10
1.66 11
1.67 10
1.68 10
1.69 11
1.7 12
1.71 11
1.72 10
1.73 10
1.74 9
1.75 9
1.76 9
1.77 11
1.78 11
1.79 11
1.8 11
1.81 10
1.82 12
1.83 10
1.84 10
1.85 9
1.86 9
1.87 9
1.88 9
1.89 9
1.9 9
1.91 9
1.92 9
1.93 9
1.94 10
1.95 11
1.96 11
1.97 11
1.98 10
1.99 9
2 9
