0 0
0.0001 193
0.0002 270
0.0003 280
0.0004 302
0.0005 310
0.0006 324
0.0007 316
0.0008 317
0.0009 307
0.001 290
0.0011 276
0.0012 278
0.0013 280
0.0014 277
0.0015 283
0.0016 274
0.0017 272
0.0018 258
0.0019 257
0.002 260
0.0021 269
0.0022 266
0.0023 282
0.0024 253
0.0025 271
0.0026 263
0.0027 258
0.0028 264
0.0029 268
0.003 250
0.0031 257
0.0032 246
0.0033 258
0.0034 244
0.0035 245
0.0036 239
0.0037 235
0.0038 229
0.0039 245
0.004 239
0.0041 244
0.0042 244
0.0043 255
0.0044 264
0.0045 238
0.0046 239
0.0047 242
0.0048 250
0.0049 234
0.005 239
0.0051 240
0.0052 242
0.0053 222
0.0054 228
0.0055 238
0.0056 231
0.0057 216
0.0058 238
0.0059 235
0.006 219
0.0061 214
0.0062 223
0.0063 223
0.0064 220
0.0065 223
0.0066 209
0.0067 208
0.0068 229
0.0069 239
0.007 231
0.0071 220
0.0072 224
0.0073 224
0.0074 216
0.0075 213
0.0076 186
0.0077 186
0.0078 201
0.0079 195
0.008 199
0.0081 201
0.0082 208
0.0083 206
0.0084 214
0.0085 235
0.0086 213
0.0087 211
0.0088 217
0.0089 209
0.009 206
0.0091 198
0.0092 197
0.0093 186
0.0094 172
0.0095 182
0.0096 183
0.0097 183
0.0098 200
0.0099 200
0.01 199
0.0101 203
0.0102 200
0.0103 185
0.0104 195
0.0105 200
0.0106 194
0.0107 188
0.0108 159
0.0109 175
0.011 169
0.0111 179
0.0112 193
0.0113 209
0.0114 211
0.0115 187
0.0116 189
0.0117 180
0.0118 185
0.0119 193
0.012 180
0.0121 175
0.0122 173
0.0123 159
0.0124 170
0.0125 170
0.0126 169
0.0127 170
0.0128 171
0.0129 180
0.013 183
0.0131 172
0.0132 168
0.0133 179
0.0134 189
0.0135 181
0.0136 170
0.0137 170
0.0138 155
0.0139 154
0.014 155
0.0141 161
0.0142 160
0.0143 151
0.0144 149
0.0145 141
0.0146 147
0.0147 140
0.0148 150
0.0149 165
0.015 157
0.0151 150
0.0152 153
0.0153 147
0.0154 141
0.0155 141
0.0156 144
0.0157 141
0.0158 140
0.0159 144
0.016 150
0.0161 149
0.0162 146
0.0163 150
0.0164 155
0.0165 168
0.0166 164
0.0167 153
0.0168 140
0.0169 155
0.017 145
0.0171 139
0.0172 146
0.0173 137
0.0174 126
0.0175 145
0.0176 146
0.0177 138
0.0178 142
0.0179 150
0.018 133
0.0181 147
0.0182 141
0.0183 138
0.0184 142
0.0185 149
0.0186 139
0.0187 132
0.0188 133
0.0189 146
0.019 142
0.0191 126
0.0192 138
0.0193 138
0.0194 132
0.0195 132
0.0196 127
0.0197 127
0.0198 121
0.0199 121
0.02 130
0.0201 124
0.0202 117
0.0203 129
0.0204 132
0.0205 123
0.0206 122
0.0207 122
0.0208 118
0.0209 104
0.021 117
0.0211 121
0.0212 115
0.0213 106
0.0214 116
0.0215 113
0.0216 121
0.0217 117
0.0218 128
0.0219 117
0.022 117
0.0221 127
0.0222 132
0.0223 129
0.0224 129
0.0225 127
0.0226 125
0.0227 122
0.0228 116
0.0229 124
0.023 128
0.0231 145
0.0232 141
0.0233 125
0.0234 135
0.0235 130
0.0236 120
0.0237 120
0.0238 128
0.0239 121
0.024 125
0.0241 107
0.0242 105
0.0243 108
0.0244 110
0.0245 117
0.0246 123
0.0247 118
0.0248 110
0.0249 109
0.025 101
0.0251 103
0.0252 103
0.0253 111
0.0254 101
0.0255 101
0.0256 102
0.0257 106
0.0258 116
0.0259 120
0.026 110
0.0261 112
0.0262 109
0.0263 109
0.0264 101
0.0265 96
0.0266 103
0.0267 110
0.0268 113
0.0269 111
0.027 108
0.0271 106
0.0272 108
0.0273 102
0.0274 103
0.0275 104
0.0276 106
0.0277 111
0.0278 115
0.0279 111
0.028 119
0.0281 114
0.0282 116
0.0283 107
0.0284 107
0.0285 101
0.0286 112
0.0287 112
0.0288 116
0.0289 121
0.029 112
0.0291 125
0.0292 106
0.0293 104
0.0294 110
0.0295 103
0.0296 102
0.0297 105
0.0298 101
0.0299 93
0.03 108
0.0301 116
0.0302 116
0.0303 114
0.0304 116
0.0305 108
0.0306 103
0.0307 112
0.0308 99
0.0309 100
0.031 102
0.0311 100
0.0312 100
0.0313 104
0.0314 87
0.0315 95
0.0316 95
0.0317 95
0.0318 91
0.0319 96
0.032 82
0.0321 90
0.0322 102
0.0323 97
0.0324 90
0.0325 92
0.0326 94
0.0327 95
0.0328 90
0.0329 86
0.033 82
0.0331 92
0.0332 97
0.0333 97
0.0334 103
0.0335 106
0.0336 98
0.0337 92
0.0338 87
0.0339 88
0.034 88
0.0341 78
0.0342 80
0.0343 79
0.0344 80
0.0345 82
0.0346 88
0.0347 90
0.0348 93
0.0349 85
0.035 95
0.0351 100
0.0352 88
0.0353 93
0.0354 91
0.0355 98
0.0356 92
0.0357 98
0.0358 85
0.0359 91
0.036 89
0.0361 94
0.0362 93
0.0363 85
0.0364 88
0.0365 96
0.0366 88
0.0367 94
0.0368 90
0.0369 100
0.037 97
0.0371 99
0.0372 98
0.0373 86
0.0374 97
0.0375 101
0.0376 98
0.0377 85
0.0378 83
0.0379 81
0.038 77
0.0381 82
0.0382 92
0.0383 93
0.0384 90
0.0385 89
0.0386 76
0.0387 82
0.0388 81
0.0389 84
0.039 89
0.0391 87
0.0392 87
0.0393 87
0.0394 89
0.0395 88
0.0396 85
0.0397 83
0.0398 86
0.0399 91
0.04 90
0.0401 93
0.0402 92
0.0403 90
0.0404 84
0.0405 85
0.0406 94
0.0407 92
0.0408 88
0.0409 87
0.041 81
0.0411 92
0.0412 85
0.0413 96
0.0414 88
0.0415 90
0.0416 86
0.0417 88
0.0418 85
0.0419 86
0.042 80
0.0421 81
0.0422 78
0.0423 85
0.0424 82
0.0425 83
0.0426 92
0.0427 90
0.0428 101
0.0429 95
0.043 96
0.0431 84
0.0432 84
0.0433 79
0.0434 71
0.0435 76
0.0436 75
0.0437 76
0.0438 76
0.0439 91
0.044 86
0.0441 86
0.0442 90
0.0443 89
0.0444 89
0.0445 91
0.0446 86
0.0447 97
0.0448 90
0.0449 84
0.045 83
0.0451 85
0.0452 85
0.0453 83
0.0454 81
0.0455 78
0.0456 74
0.0457 71
0.0458 67
0.0459 76
0.046 80
0.0461 81
0.0462 85
0.0463 81
0.0464 83
0.0465 87
0.0466 90
0.0467 90
0.0468 81
0.0469 78
0.047 76
0.0471 73
0.0472 74
0.0473 77
0.0474 71
0.0475 73
0.0476 70
0.0477 79
0.0478 93
0.0479 88
0.048 85
0.0481 73
0.0482 73
0.0483 71
0.0484 68
0.0485 72
0.0486 74
0.0487 72
0.0488 74
0.0489 78
0.049 80
0.0491 81
0.0492 75
0.0493 71
0.0494 75
0.0495 72
0.0496 75
0.0497 77
0.0498 74
0.0499 73
0.05 72
0.0501 72
0.0502 73
0.0503 71
0.0504 67
0.0505 73
0.0506 76
0.0507 75
0.0508 71
0.0509 70
0.051 59
0.0511 60
0.0512 55
0.0513 63
0.0514 60
0.0515 59
0.0516 63
0.0517 61
0.0518 60
0.0519 72
0.052 68
0.0521 63
0.0522 58
0.0523 61
0.0524 68
0.0525 70
0.0526 65
0.0527 64
0.0528 61
0.0529 65
0.053 64
0.0531 61
0.0532 66
0.0533 69
0.0534 70
0.0535 65
0.0536 57
0.0537 70
0.0538 67
0.0539 73
0.054 70
0.0541 64
0.0542 60
0.0543 57
0.0544 66
0.0545 59
0.0546 57
0.0547 58
0.0548 62
0.0549 67
0.055 55
0.0551 61
0.0552 62
0.0553 58
0.0554 63
0.0555 58
0.0556 62
0.0557 51
0.0558 51
0.0559 58
0.056 62
0.0561 56
0.0562 57
0.0563 53
0.0564 65
0.0565 60
0.0566 58
0.0567 58
0.0568 55
0.0569 53
0.057 55
0.0571 63
0.0572 56
0.0573 52
0.0574 53
0.0575 61
0.0576 50
0.0577 54
0.0578 49
0.0579 49
0.058 48
0.0581 51
0.0582 54
0.0583 60
0.0584 54
0.0585 55
0.0586 55
0.0587 51
0.0588 54
0.0589 57
0.059 57
0.0591 67
0.0592 64
0.0593 60
0.0594 50
0.0595 52
0.0596 67
0.0597 65
0.0598 65
0.0599 64
0.06 67
0.0601 65
0.0602 65
0.0603 65
0.0604 71
0.0605 59
0.0606 57
0.0607 61
0.0608 59
0.0609 52
0.061 53
0.0611 55
0.0612 50
0.0613 55
0.0614 53
0.0615 56
0.0616 51
0.0617 54
0.0618 56
0.0619 60
0.062 52
0.0621 53
0.0622 61
0.0623 59
0.0624 56
0.0625 60
0.0626 60
0.0627 59
0.0628 60
0.0629 54
0.063 52
0.0631 48
0.0632 54
0.0633 50
0.0634 58
0.0635 53
0.0636 53
0.0637 44
0.0638 54
0.0639 59
0.064 57
0.0641 63
0.0642 72
0.0643 71
0.0644 60
0.0645 58
0.0646 63
0.0647 66
0.0648 72
0.0649 62
0.065 55
0.0651 56
0.0652 59
0.0653 50
0.0654 55
0.0655 52
0.0656 44
0.0657 50
0.0658 55
0.0659 59
0.066 54
0.0661 52
0.0662 58
0.0663 65
0.0664 53
0.0665 53
0.0666 48
0.0667 53
0.0668 53
0.0669 58
0.067 57
0.0671 55
0.0672 61
0.0673 56
0.0674 50
0.0675 44
0.0676 46
0.0677 44
0.0678 51
0.0679 57
0.068 56
0.0681 52
0.0682 51
0.0683 52
0.0684 56
0.0685 49
0.0686 48
0.0687 56
0.0688 56
0.0689 56
0.069 63
0.0691 61
0.0692 55
0.0693 56
0.0694 55
0.0695 55
0.0696 55
0.0697 63
0.0698 57
0.0699 56
0.07 57
0.0701 67
0.0702 64
0.0703 51
0.0704 55
0.0705 53
0.0706 43
0.0707 45
0.0708 51
0.0709 49
0.071 55
0.0711 51
0.0712 45
0.0713 45
0.0714 53
0.0715 56
0.0716 47
0.0717 51
0.0718 48
0.0719 47
0.072 55
0.0721 54
0.0722 54
0.0723 49
0.0724 46
0.0725 47
0.0726 47
0.0727 47
0.0728 49
0.0729 45
0.073 46
0.0731 57
0.0732 52
0.0733 48
0.0734 47
0.0735 39
0.0736 37
0.0737 37
0.0738 35
0.0739 38
0.074 39
0.0741 35
0.0742 34
0.0743 43
0.0744 41
0.0745 49
0.0746 54
0.0747 50
0.0748 43
0.0749 43
0.075 42
0.0751 41
0.0752 47
0.0753 52
0.0754 45
0.0755 54
0.0756 51
0.0757 49
0.0758 47
0.0759 42
0.076 41
0.0761 48
0.0762 54
0.0763 51
0.0764 45
0.0765 46
0.0766 49
0.0767 47
0.0768 44
0.0769 50
0.077 47
0.0771 48
0.0772 50
0.0773 50
0.0774 49
0.0775 53
0.0776 52
0.0777 46
0.0778 41
0.0779 39
0.078 41
0.0781 36
0.0782 41
0.0783 41
0.0784 47
0.0785 54
0.0786 50
0.0787 55
0.0788 47
0.0789 43
0.079 45
0.0791 42
0.0792 46
0.0793 51
0.0794 53
0.0795 53
0.0796 49
0.0797 51
0.0798 51
0.0799 53
0.08 51
0.0801 54
0.0802 53
0.0803 51
0.0804 53
0.0805 57
0.0806 58
0.0807 50
0.0808 45
0.0809 47
0.081 40
0.0811 50
0.0812 48
0.0813 51
0.0814 43
0.0815 43
0.0816 45
0.0817 49
0.0818 50
0.0819 43
0.082 51
0.0821 45
0.0822 46
0.0823 43
0.0824 44
0.0825 44
0.0826 51
0.0827 41
0.0828 45
0.0829 45
0.083 43
0.0831 50
0.0832 49
0.0833 52
0.0834 54
0.0835 49
0.0836 49
0.0837 45
0.0838 50
0.0839 44
0.084 48
0.0841 44
0.0842 46
0.0843 50
0.0844 54
0.0845 54
0.0846 54
0.0847 50
0.0848 50
0.0849 46
0.085 50
0.0851 50
0.0852 53
0.0853 46
0.0854 50
0.0855 49
0.0856 52
0.0857 54
0.0858 49
0.0859 55
0.086 57
0.0861 51
0.0862 49
0.0863 53
0.0864 50
0.0865 46
0.0866 46
0.0867 50
0.0868 50
0.0869 50
0.087 55
0.0871 55
0.0872 51
0.0873 48
0.0874 48
0.0875 52
0.0876 46
0.0877 46
0.0878 49
0.0879 54
0.088 46
0.0881 48
0.0882 43
0.0883 49
0.0884 49
0.0885 55
0.0886 48
0.0887 43
0.0888 49
0.0889 42
0.089 43
0.0891 41
0.0892 39
0.0893 43
0.0894 44
0.0895 44
0.0896 40
0.0897 38
0.0898 42
0.0899 45
0.09 46
0.0901 44
0.0902 38
0.0903 45
0.0904 49
0.0905 44
0.0906 36
0.0907 33
0.0908 38
0.0909 33
0.091 35
0.0911 31
0.0912 36
0.0913 40
0.0914 37
0.0915 43
0.0916 49
0.0917 48
0.0918 47
0.0919 47
0.092 47
0.0921 42
0.0922 44
0.0923 48
0.0924 48
0.0925 42
0.0926 44
0.0927 49
0.0928 48
0.0929 46
0.093 51
0.0931 48
0.0932 39
0.0933 43
0.0934 37
0.0935 34
0.0936 41
0.0937 48
0.0938 52
0.0939 49
0.094 48
0.0941 48
0.0942 42
0.0943 46
0.0944 44
0.0945 43
0.0946 43
0.0947 41
0.0948 46
0.0949 37
0.095 43
0.0951 46
0.0952 51
0.0953 48
0.0954 50
0.0955 51
0.0956 48
0.0957 46
0.0958 51
0.0959 57
0.096 58
0.0961 53
0.0962 53
0.0963 52
0.0964 56
0.0965 50
0.0966 43
0.0967 50
0.0968 55
0.0969 48
0.097 47
0.0971 48
0.0972 45
0.0973 50
0.0974 52
0.0975 54
0.0976 54
0.0977 52
0.0978 56
0.0979 58
0.098 56
0.0981 53
0.0982 53
0.0983 56
0.0984 47
0.0985 41
0.0986 47
0.0987 44
0.0988 43
0.0989 44
0.099 47
0.0991 40
0.0992 41
0.0993 34
0.0994 39
0.0995 41
0.0996 43
0.0997 33
0.0998 35
0.0999 40
0.1 50
