0 0
0.0001 0
0.0002 0
0.0003 0
0.0004 2
0.0005 5
0.0006 10
0.0007 19
0.0008 28
0.0009 40
0.001 56
0.0011 63
0.0012 72
0.0013 82
0.0014 107
0.0015 129
0.0016 146
0.0017 177
0.0018 206
0.0019 241
0.002 281
0.0021 332
0.0022 393
0.0023 444
0.0024 490
0.0025 528
0.0026 554
0.0027 594
0.0028 645
0.0029 693
0.003 717
0.0031 745
0.0032 796
0.0033 831
0.0034 875
0.0035 926
0.0036 965
0.0037 1009
0.0038 1064
0.0039 1132
0.004 1172
0.0041 1198
0.0042 1229
0.0043 1257
0.0044 1278
0.0045 1293
0.0046 1321
0.0047 1343
0.0048 1377
0.0049 1408
0.005 1433
0.0051 1451
0.0052 1462
0.0053 1473
0.0054 1489
0.0055 1506
0.0056 1512
0.0057 1517
0.0058 1539
0.0059 1559
0.006 1581
0.0061 1589
0.0062 1598
0.0063 1596
0.0064 1597
0.0065 1599
0.0066 1599
0.0067 1600
0.0068 1630
0.0069 1641
0.007 1672
0.0071 1704
0.0072 1742
0.0073 1746
0.0074 1772
0.0075 1783
0.0076 1808
0.0077 1822
0.0078 1849
0.0079 1864
0.008 1847
0.0081 1832
0.0082 1840
0.0083 1835
0.0084 1842
0.0085 1850
0.0086 1867
0.0087 1878
0.0088 1865
0.0089 1877
0.009 1879
0.0091 1874
0.0092 1879
0.0093 1896
0.0094 1918
0.0095 1922
0.0096 1899
0.0097 1902
0.0098 1885
0.0099 1876
0.01 1870
0.0101 1855
0.0102 1849
0.0103 1838
0.0104 1853
0.0105 1842
0.0106 1828
0.0107 1828
0.0108 1847
0.0109 1853
0.011 1830
0.0111 1827
0.0112 1820
0.0113 1820
0.0114 1845
0.0115 1833
0.0116 1821
0.0117 1793
0.0118 1778
0.0119 1749
0.012 1745
0.0121 1744
0.0122 1723
0.0123 1709
0.0124 1705
0.0125 1693
0.0126 1658
0.0127 1654
0.0128 1633
0.0129 1609
0.013 1584
0.0131 1568
0.0132 1543
0.0133 1543
0.0134 1551
0.0135 1554
0.0136 1559
0.0137 1586
0.0138 1573
0.0139 1555
0.014 1543
0.0141 1536
0.0142 1531
0.0143 1516
0.0144 1515
0.0145 1511
0.0146 1493
0.0147 1495
0.0148 1517
0.0149 1497
0.015 1490
0.0151 1486
0.0152 1468
0.0153 1449
0.0154 1425
0.0155 1414
0.0156 1409
0.0157 1399
0.0158 1387
0.0159 1365
0.016 1349
0.0161 1333
0.0162 1322
0.0163 1301
0.0164 1307
0.0165 1291
0.0166 1265
0.0167 1239
0.0168 1243
0.0169 1267
0.017 1254
0.0171 1231
0.0172 1235
0.0173 1210
0.0174 1198
0.0175 1183
0.0176 1183
0.0177 1183
0.0178 1180
0.0179 1139
0.018 1109
0.0181 1078
0.0182 1077
0.0183 1052
0.0184 1048
0.0185 1034
0.0186 1030
0.0187 1018
0.0188 1000
0.0189 987
0.019 976
0.0191 978
0.0192 971
0.0193 979
0.0194 968
0.0195 939
0.0196 923
0.0197 919
0.0198 932
0.0199 922
0.02 908
0.0201 888
0.0202 897
0.0203 884
0.0204 861
0.0205 869
0.0206 870
0.0207 851
0.0208 824
0.0209 807
0.021 790
0.0211 764
0.0212 742
0.0213 739
0.0214 716
0.0215 695
0.0216 690
0.0217 666
0.0218 641
0.0219 634
0.022 629
0.0221 602
0.0222 580
0.0223 571
0.0224 567
0.0225 566
0.0226 559
0.0227 542
0.0228 531
0.0229 505
0.023 524
0.0231 515
0.0232 487
0.0233 463
0.0234 445
0.0235 423
0.0236 407
0.0237 375
0.0238 370
0.0239 376
0.024 371
0.0241 357
0.0242 337
0.0243 313
0.0244 281
0.0245 245
0.0246 232
0.0247 200
0.0248 162
0.0249 139
0.025 115
0.0251 104
0.0252 114
0.0253 103
0.0254 98
0.0255 97
0.0256 96
0.0257 86
0.0258 67
0.0259 47
0.026 30
0.0261 29
0.0262 32
0.0263 35
0.0264 23
0.0265 34
0.0266 28
0.0267 23
0.0268 21
0.0269 20
0.027 14
0.0271 19
0.0272 26
0.0273 36
0.0274 33
0.0275 20
0.0276 13
0.0277 9
0.0278 8
0.0279 11
0.028 15
0.0281 21
0.0282 15
0.0283 17
0.0284 11
0.0285 5
0.0286 8
0.0287 5
0.0288 2
0.0289 4
0.029 3
0.0291 0
0.0292 4
0.0293 0
0.0294 1
0.0295 5
0.0296 1
0.0297 1
0.0298 3
0.0299 1
0.03 2
0.0301 2
0.0302 6
0.0303 12
0.0304 8
0.0305 8
0.0306 1
0.0307 2
0.0308 3
0.0309 3
0.031 2
0.0311 3
0.0312 2
0.0313 1
0.0314 3
0.0315 0
0.0316 0
0.0317 0
0.0318 1
0.0319 1
0.032 1
0.0321 0
0.0322 0
0.0323 1
0.0324 0
0.0325 2
0.0326 2
0.0327 0
0.0328 1
0.0329 5
0.033 9
0.0331 11
0.0332 11
0.0333 6
0.0334 7
0.0335 8
0.0336 5
0.0337 10
0.0338 4
0.0339 8
0.034 16
0.0341 25
0.0342 30
0.0343 41
0.0344 44
0.0345 42
0.0346 27
0.0347 15
0.0348 8
0.0349 7
0.035 3
0.0351 4
0.0352 1
0.0353 5
0.0354 0
0.0355 0
0.0356 1
0.0357 3
0.0358 1
0.0359 4
0.036 1
0.0361 2
0.0362 1
0.0363 2
0.0364 2
0.0365 1
0.0366 3
0.0367 1
0.0368 2
0.0369 1
0.037 2
0.0371 0
0.0372 1
0.0373 2
0.0374 0
0.0375 0
0.0376 0
0.0377 6
0.0378 7
0.0379 6
0.038 1
0.0381 5
0.0382 3
0.0383 4
0.0384 4
0.0385 5
0.0386 4
0.0387 1
0.0388 1
0.0389 2
0.039 2
0.0391 1
0.0392 0
0.0393 3
0.0394 0
0.0395 0
0.0396 2
0.0397 1
0.0398 1
0.0399 1
0.04 3
0.0401 4
0.0402 6
0.0403 7
0.0404 4
0.0405 5
0.0406 5
0.0407 5
0.0408 5
0.0409 4
0.041 1
0.0411 5
0.0412 0
0.0413 1
0.0414 1
0.0415 0
0.0416 2
0.0417 2
0.0418 0
0.0419 0
0.042 0
0.0421 1
0.0422 0
0.0423 0
0.0424 1
0.0425 2
0.0426 0
0.0427 1
0.0428 0
0.0429 0
0.043 5
0.0431 2
0.0432 1
0.0433 2
0.0434 1
0.0435 2
0.0436 0
0.0437 0
0.0438 4
0.0439 0
0.044 1
0.0441 1
0.0442 2
0.0443 1
0.0444 0
0.0445 0
0.0446 4
0.0447 3
0.0448 5
0.0449 16
0.045 10
0.0451 6
0.0452 9
0.0453 4
0.0454 4
0.0455 1
0.0456 2
0.0457 3
0.0458 0
0.0459 1
0.046 3
0.0461 1
0.0462 0
0.0463 3
0.0464 3
0.0465 0
0.0466 1
0.0467 1
0.0468 3
0.0469 4
0.047 1
0.0471 2
0.0472 4
0.0473 9
0.0474 12
0.0475 19
0.0476 32
0.0477 27
0.0478 36
0.0479 41
0.048 44
0.0481 43
0.0482 42
0.0483 40
0.0484 36
0.0485 18
0.0486 12
0.0487 16
0.0488 18
0.0489 11
0.049 8
0.0491 6
0.0492 5
0.0493 3
0.0494 1
0.0495 5
0.0496 9
0.0497 6
0.0498 17
0.0499 14
0.05 13
0.0501 5
0.0502 7
0.0503 12
0.0504 18
0.0505 22
0.0506 36
0.0507 36
0.0508 49
0.0509 51
0.051 51
0.0511 42
0.0512 33
0.0513 16
0.0514 9
0.0515 12
0.0516 6
0.0517 6
0.0518 8
0.0519 13
0.052 7
0.0521 8
0.0522 13
0.0523 15
0.0524 9
0.0525 3
0.0526 7
0.0527 6
0.0528 4
0.0529 6
0.053 5
0.0531 2
0.0532 5
0.0533 3
0.0534 4
0.0535 4
0.0536 5
0.0537 1
0.0538 1
0.0539 3
0.054 4
0.0541 3
0.0542 5
0.0543 4
0.0544 2
0.0545 3
0.0546 2
0.0547 3
0.0548 2
0.0549 3
0.055 3
0.0551 2
0.0552 11
0.0553 12
0.0554 15
0.0555 29
0.0556 31
0.0557 31
0.0558 23
0.0559 21
0.056 35
0.0561 36
0.0562 27
0.0563 31
0.0564 34
0.0565 22
0.0566 14
0.0567 13
0.0568 15
0.0569 10
0.057 5
0.0571 5
0.0572 5
0.0573 5
0.0574 6
0.0575 8
0.0576 3
0.0577 6
0.0578 5
0.0579 3
0.058 2
0.0581 4
0.0582 6
0.0583 3
0.0584 3
0.0585 3
0.0586 0
0.0587 2
0.0588 7
0.0589 5
0.059 2
0.0591 4
0.0592 8
0.0593 14
0.0594 10
0.0595 9
0.0596 7
0.0597 4
0.0598 10
0.0599 6
0.06 9
0.0601 8
0.0602 11
0.0603 6
0.0604 1
0.0605 1
0.0606 1
0.0607 3
0.0608 2
0.0609 2
0.061 3
0.0611 4
0.0612 1
0.0613 4
0.0614 6
0.0615 0
0.0616 3
0.0617 1
0.0618 5
0.0619 3
0.062 3
0.0621 1
0.0622 4
0.0623 2
0.0624 2
0.0625 2
0.0626 0
0.0627 2
0.0628 3
0.0629 8
0.063 11
0.0631 10
0.0632 14
0.0633 9
0.0634 10
0.0635 5
0.0636 7
0.0637 3
0.0638 7
0.0639 16
0.064 22
0.0641 27
0.0642 18
0.0643 22
0.0644 13
0.0645 14
0.0646 6
0.0647 4
0.0648 1
0.0649 2
0.065 4
0.0651 6
0.0652 5
0.0653 5
0.0654 4
0.0655 6
0.0656 7
0.0657 4
0.0658 4
0.0659 3
0.066 5
0.0661 8
0.0662 3
0.0663 4
0.0664 3
0.0665 5
0.0666 3
0.0667 3
0.0668 5
0.0669 6
0.067 0
0.0671 0
0.0672 2
0.0673 1
0.0674 8
0.0675 10
0.0676 7
0.0677 8
0.0678 5
0.0679 7
0.068 6
0.0681 3
0.0682 8
0.0683 16
0.0684 15
0.0685 18
0.0686 36
0.0687 54
0.0688 56
0.0689 74
0.069 90
0.0691 108
0.0692 146
0.0693 164
0.0694 172
0.0695 185
0.0696 217
0.0697 225
0.0698 225
0.0699 226
0.07 248
0.0701 287
0.0702 293
0.0703 314
0.0704 329
0.0705 340
0.0706 362
0.0707 383
0.0708 415
0.0709 443
0.071 471
0.0711 513
0.0712 521
0.0713 546
0.0714 556
0.0715 586
0.0716 605
0.0717 610
0.0718 593
0.0719 604
0.072 615
0.0721 632
0.0722 639
0.0723 660
0.0724 658
0.0725 684
0.0726 718
0.0727 756
0.0728 764
0.0729 796
0.073 823
0.0731 825
0.0732 828
0.0733 822
0.0734 844
0.0735 827
0.0736 832
0.0737 833
0.0738 831
0.0739 835
0.074 848
0.0741 855
0.0742 857
0.0743 849
0.0744 845
0.0745 843
0.0746 840
0.0747 847
0.0748 863
0.0749 869
0.075 868
0.0751 870
0.0752 871
0.0753 899
0.0754 895
0.0755 886
0.0756 910
0.0757 922
0.0758 926
0.0759 919
0.076 930
0.0761 934
0.0762 930
0.0763 940
0.0764 960
0.0765 970
0.0766 959
0.0767 957
0.0768 962
0.0769 976
0.077 987
0.0771 1006
0.0772 1032
0.0773 1051
0.0774 1079
0.0775 1074
0.0776 1083
0.0777 1110
0.0778 1121
0.0779 1153
0.078 1172
0.0781 1181
0.0782 1188
0.0783 1184
0.0784 1166
0.0785 1143
0.0786 1145
0.0787 1138
0.0788 1130
0.0789 1123
0.079 1128
0.0791 1117
0.0792 1121
0.0793 1106
0.0794 1105
0.0795 1119
0.0796 1135
0.0797 1120
0.0798 1129
0.0799 1125
0.08 1137
0.0801 1131
0.0802 1132
0.0803 1099
0.0804 1097
0.0805 1073
0.0806 1074
0.0807 1047
0.0808 1032
0.0809 1018
0.081 977
0.0811 966
0.0812 963
0.0813 948
0.0814 947
0.0815 953
0.0816 948
0.0817 928
0.0818 907
0.0819 883
0.082 868
0.0821 825
0.0822 803
0.0823 773
0.0824 749
0.0825 735
0.0826 735
0.0827 732
0.0828 729
0.0829 719
0.083 730
0.0831 727
0.0832 713
0.0833 680
0.0834 680
0.0835 686
0.0836 682
0.0837 682
0.0838 694
0.0839 681
0.084 663
0.0841 661
0.0842 662
0.0843 672
0.0844 674
0.0845 672
0.0846 678
0.0847 693
0.0848 702
0.0849 709
0.085 709
0.0851 689
0.0852 697
0.0853 679
0.0854 660
0.0855 658
0.0856 641
0.0857 621
0.0858 614
0.0859 591
0.086 607
0.0861 621
0.0862 623
0.0863 634
0.0864 606
0.0865 609
0.0866 615
0.0867 595
0.0868 590
0.0869 589
0.087 582
0.0871 570
0.0872 579
0.0873 594
0.0874 572
0.0875 563
0.0876 539
0.0877 510
0.0878 483
0.0879 463
0.088 450
0.0881 428
0.0882 419
0.0883 407
0.0884 439
0.0885 433
0.0886 391
0.0887 370
0.0888 342
0.0889 319
0.089 295
0.0891 276
0.0892 220
0.0893 191
0.0894 139
0.0895 108
0.0896 80
0.0897 52
0.0898 35
0.0899 15
0.09 4
0.0901 2
0.0902 1
0.0903 3
0.0904 1
0.0905 0
0.0906 1
0.0907 1
0.0908 0
0.0909 0
0.091 1
0.0911 1
0.0912 4
0.0913 2
0.0914 2
0.0915 2
0.0916 1
0.0917 0
0.0918 1
0.0919 1
0.092 0
0.0921 3
0.0922 2
0.0923 2
0.0924 3
0.0925 2
0.0926 4
0.0927 2
0.0928 2
0.0929 3
0.093 4
0.0931 1
0.0932 4
0.0933 2
0.0934 2
0.0935 0
0.0936 4
0.0937 0
0.0938 1
0.0939 1
0.094 0
0.0941 3
0.0942 1
0.0943 1
0.0944 1
0.0945 2
0.0946 0
0.0947 2
0.0948 0
0.0949 0
0.095 1
0.0951 3
0.0952 0
0.0953 0
0.0954 1
0.0955 1
0.0956 1
0.0957 0
0.0958 2
0.0959 0
0.096 0
0.0961 1
0.0962 0
0.0963 0
0.0964 0
0.0965 2
0.0966 1
0.0967 2
0.0968 2
0.0969 1
0.097 1
0.0971 3
0.0972 2
0.0973 2
0.0974 1
0.0975 0
0.0976 0
0.0977 1
0.0978 0
0.0979 0
0.098 1
0.0981 0
0.0982 0
0.0983 0
0.0984 0
0.0985 0
0.0986 2
0.0987 0
0.0988 1
0.0989 0
0.099 1
0.0991 0
0.0992 1
0.0993 1
0.0994 0
0.0995 1
0.0996 0
0.0997 0
0.0998 0
0.0999 0
0.1 2
0.1001 1
0.1002 2
0.1003 4
0.1004 4
0.1005 2
0.1006 4
0.1007 0
0.1008 0
0.1009 0
0.101 0
0.1011 1
0.1012 0
0.1013 1
0.1014 3
0.1015 2
0.1016 1
0.1017 0
0.1018 1
0.1019 0
0.102 0
0.1021 2
0.1022 0
0.1023 1
0.1024 3
0.1025 1
0.1026 1
0.1027 2
0.1028 2
0.1029 3
0.103 0
0.1031 1
0.1032 1
0.1033 1
0.1034 0
0.1035 6
0.1036 2
0.1037 2
0.1038 0
0.1039 4
0.104 0
0.1041 1
0.1042 2
0.1043 1
0.1044 2
0.1045 0
0.1046 0
0.1047 0
0.1048 3
0.1049 1
0.105 1
0.1051 0
0.1052 2
0.1053 0
0.1054 1
0.1055 2
0.1056 1
0.1057 1
0.1058 0
0.1059 0
0.106 0
0.1061 2
0.1062 0
0.1063 1
0.1064 1
0.1065 0
0.1066 2
0.1067 1
0.1068 3
0.1069 1
0.107 0
0.1071 0
0.1072 0
0.1073 1
0.1074 1
0.1075 1
0.1076 1
0.1077 0
0.1078 1
0.1079 0
0.108 2
0.1081 1
0.1082 2
0.1083 1
0.1084 6
0.1085 3
0.1086 1
0.1087 1
0.1088 3
0.1089 3
0.109 5
0.1091 2
0.1092 3
0.1093 1
0.1094 1
0.1095 0
0.1096 1
0.1097 2
0.1098 1
0.1099 1
0.11 0
0.1101 1
0.1102 0
0.1103 2
0.1104 0
0.1105 1
0.1106 0
0.1107 1
0.1108 0
0.1109 1
0.111 0
0.1111 0
0.1112 1
0.1113 0
0.1114 2
0.1115 0
0.1116 0
0.1117 3
0.1118 3
0.1119 6
0.112 15
0.1121 9
0.1122 11
0.1123 13
0.1124 6
0.1125 12
0.1126 6
0.1127 8
0.1128 3
0.1129 2
0.113 2
0.1131 4
0.1132 1
0.1133 4
0.1134 1
0.1135 5
0.1136 3
0.1137 3
0.1138 1
0.1139 0
0.114 2
0.1141 2
0.1142 1
0.1143 1
0.1144 4
0.1145 5
0.1146 9
0.1147 5
0.1148 7
0.1149 7
0.115 11
0.1151 8
0.1152 5
0.1153 7
0.1154 6
0.1155 9
0.1156 7
0.1157 2
0.1158 5
0.1159 5
0.116 8
0.1161 11
0.1162 7
0.1163 16
0.1164 16
0.1165 19
0.1166 27
0.1167 30
0.1168 25
0.1169 32
0.117 25
0.1171 20
0.1172 14
0.1173 16
0.1174 12
0.1175 10
0.1176 13
0.1177 31
0.1178 44
0.1179 45
0.118 38
0.1181 51
0.1182 71
0.1183 85
0.1184 110
0.1185 133
0.1186 141
0.1187 150
0.1188 174
0.1189 189
0.119 192
0.1191 209
0.1192 204
0.1193 193
0.1194 196
0.1195 224
0.1196 236
0.1197 250
0.1198 286
0.1199 308
0.12 337
0.1201 356
0.1202 357
0.1203 377
0.1204 390
0.1205 391
0.1206 401
0.1207 399
0.1208 414
0.1209 421
0.121 440
0.1211 453
0.1212 453
0.1213 450
0.1214 450
0.1215 450
0.1216 468
0.1217 471
0.1218 470
0.1219 511
0.122 530
0.1221 557
0.1222 577
0.1223 569
0.1224 592
0.1225 591
0.1226 577
0.1227 577
0.1228 590
0.1229 590
0.123 613
0.1231 626
0.1232 636
0.1233 632
0.1234 657
0.1235 666
0.1236 687
0.1237 681
0.1238 678
0.1239 685
0.124 679
0.1241 672
0.1242 654
0.1243 642
0.1244 642
0.1245 627
0.1246 619
0.1247 631
0.1248 638
0.1249 652
0.125 651
0.1251 654
0.1252 640
0.1253 633
0.1254 625
0.1255 641
0.1256 659
0.1257 665
0.1258 677
0.1259 662
0.126 681
0.1261 672
0.1262 649
0.1263 639
0.1264 661
0.1265 658
0.1266 653
0.1267 658
0.1268 645
0.1269 638
0.127 628
0.1271 604
0.1272 588
0.1273 596
0.1274 606
0.1275 587
0.1276 581
0.1277 556
0.1278 537
0.1279 524
0.128 496
0.1281 469
0.1282 462
0.1283 466
0.1284 452
0.1285 450
0.1286 457
0.1287 477
0.1288 486
0.1289 491
0.129 473
0.1291 472
0.1292 472
0.1293 468
0.1294 469
0.1295 471
0.1296 483
0.1297 484
0.1298 505
0.1299 528
0.13 525
0.1301 533
0.1302 526
0.1303 511
0.1304 506
0.1305 502
0.1306 484
0.1307 478
0.1308 475
0.1309 464
0.131 443
0.1311 424
0.1312 413
0.1313 398
0.1314 408
0.1315 420
0.1316 424
0.1317 424
0.1318 446
0.1319 444
0.132 444
0.1321 436
0.1322 443
0.1323 440
0.1324 467
0.1325 474
0.1326 488
0.1327 481
0.1328 470
0.1329 476
0.133 459
0.1331 436
0.1332 415
0.1333 415
0.1334 407
0.1335 381
0.1336 338
0.1337 306
0.1338 303
0.1339 283
0.134 258
0.1341 252
0.1342 260
0.1343 269
0.1344 280
0.1345 275
0.1346 294
0.1347 298
0.1348 297
0.1349 308
0.135 315
0.1351 325
0.1352 334
0.1353 319
0.1354 311
0.1355 308
0.1356 304
0.1357 261
0.1358 250
0.1359 223
0.136 224
0.1361 214
0.1362 217
0.1363 213
0.1364 195
0.1365 197
0.1366 193
0.1367 203
0.1368 200
0.1369 211
0.137 207
0.1371 196
0.1372 183
0.1373 168
0.1374 197
0.1375 199
0.1376 197
0.1377 189
0.1378 201
0.1379 216
0.138 199
0.1381 183
0.1382 196
0.1383 166
0.1384 174
0.1385 170
0.1386 200
0.1387 190
0.1388 191
0.1389 184
0.139 166
0.1391 170
0.1392 169
0.1393 176
0.1394 189
0.1395 182
0.1396 186
0.1397 188
0.1398 191
0.1399 202
0.14 212
0.1401 198
0.1402 199
0.1403 181
0.1404 168
0.1405 169
0.1406 171
0.1407 160
0.1408 173
0.1409 197
0.141 194
0.1411 190
0.1412 199
0.1413 188
0.1414 182
0.1415 187
0.1416 183
0.1417 171
0.1418 192
0.1419 201
0.142 200
0.1421 197
0.1422 211
0.1423 200
0.1424 195
0.1425 181
0.1426 180
0.1427 182
0.1428 189
0.1429 174
0.143 158
0.1431 140
0.1432 147
0.1433 166
0.1434 179
0.1435 193
0.1436 189
0.1437 174
0.1438 171
0.1439 151
0.144 134
0.1441 116
0.1442 96
0.1443 85
0.1444 67
0.1445 75
0.1446 88
0.1447 94
0.1448 111
0.1449 121
0.145 130
0.1451 138
0.1452 144
0.1453 152
0.1454 145
0.1455 126
0.1456 142
0.1457 129
0.1458 123
0.1459 115
0.146 106
0.1461 130
0.1462 138
0.1463 132
0.1464 153
0.1465 152
0.1466 154
0.1467 143
0.1468 160
0.1469 145
0.147 145
0.1471 148
0.1472 143
0.1473 134
0.1474 144
0.1475 120
0.1476 139
0.1477 139
0.1478 130
0.1479 128
0.148 125
0.1481 124
0.1482 151
0.1483 168
0.1484 156
0.1485 159
0.1486 143
0.1487 129
0.1488 112
0.1489 106
0.149 115
0.1491 114
0.1492 111
0.1493 96
0.1494 70
0.1495 53
0.1496 39
0.1497 23
0.1498 15
0.1499 15
0.15 4
0.1501 4
0.1502 4
0.1503 1
0.1504 1
0.1505 0
0.1506 0
0.1507 0
0.1508 0
0.1509 2
0.151 2
0.1511 2
0.1512 3
0.1513 6
0.1514 4
0.1515 3
0.1516 2
0.1517 2
0.1518 3
0.1519 1
0.152 1
0.1521 0
0.1522 0
0.1523 2
0.1524 1
0.1525 2
0.1526 1
0.1527 1
0.1528 0
0.1529 0
0.153 2
0.1531 3
0.1532 1
0.1533 2
0.1534 1
0.1535 0
0.1536 2
0.1537 1
0.1538 1
0.1539 0
0.154 1
0.1541 3
0.1542 5
0.1543 2
0.1544 1
0.1545 1
0.1546 1
0.1547 0
0.1548 1
0.1549 1
0.155 7
0.1551 3
0.1552 2
0.1553 2
0.1554 2
0.1555 1
0.1556 1
0.1557 3
0.1558 2
0.1559 1
0.156 4
0.1561 1
0.1562 0
0.1563 2
0.1564 0
0.1565 2
0.1566 3
0.1567 2
0.1568 0
0.1569 0
0.157 0
0.1571 1
0.1572 1
0.1573 4
0.1574 3
0.1575 2
0.1576 5
0.1577 1
0.1578 0
0.1579 2
0.158 1
0.1581 1
0.1582 0
0.1583 0
0.1584 1
0.1585 2
0.1586 0
0.1587 1
0.1588 1
0.1589 0
0.159 0
0.1591 3
0.1592 1
0.1593 3
0.1594 4
0.1595 2
0.1596 1
0.1597 2
0.1598 2
0.1599 0
0.16 0
0.1601 2
0.1602 2
0.1603 0
0.1604 0
0.1605 1
0.1606 0
0.1607 0
0.1608 0
0.1609 0
0.161 0
0.1611 3
0.1612 3
0.1613 0
0.1614 2
0.1615 1
0.1616 1
0.1617 0
0.1618 0
0.1619 0
0.162 1
0.1621 1
0.1622 0
0.1623 1
0.1624 1
0.1625 0
0.1626 1
0.1627 0
0.1628 1
0.1629 1
0.163 3
0.1631 3
0.1632 1
0.1633 0
0.1634 2
0.1635 3
0.1636 2
0.1637 2
0.1638 2
0.1639 0
0.164 0
0.1641 2
0.1642 0
0.1643 0
0.1644 1
0.1645 1
0.1646 0
0.1647 0
0.1648 6
0.1649 1
0.165 0
0.1651 8
0.1652 1
0.1653 1
0.1654 9
0.1655 4
0.1656 4
0.1657 3
0.1658 2
0.1659 2
0.166 2
0.1661 2
0.1662 1
0.1663 2
0.1664 1
0.1665 1
0.1666 0
0.1667 1
0.1668 0
0.1669 2
0.167 2
0.1671 1
0.1672 0
0.1673 3
0.1674 2
0.1675 0
0.1676 1
0.1677 1
0.1678 0
0.1679 0
0.168 1
0.1681 1
0.1682 1
0.1683 0
0.1684 1
0.1685 0
0.1686 0
0.1687 0
0.1688 4
0.1689 1
0.169 1
0.1691 0
0.1692 1
0.1693 1
0.1694 1
0.1695 1
0.1696 1
0.1697 0
0.1698 1
0.1699 0
0.17 1
0.1701 1
0.1702 1
0.1703 2
0.1704 1
0.1705 2
0.1706 0
0.1707 0
0.1708 5
0.1709 4
0.171 0
0.1711 1
0.1712 7
0.1713 1
0.1714 4
0.1715 6
0.1716 1
0.1717 1
0.1718 1
0.1719 3
0.172 12
0.1721 5
0.1722 5
0.1723 7
0.1724 12
0.1725 17
0.1726 15
0.1727 19
0.1728 25
0.1729 22
0.173 18
0.1731 32
0.1732 33
0.1733 18
0.1734 30
0.1735 32
0.1736 28
0.1737 21
0.1738 16
0.1739 13
0.174 17
0.1741 12
0.1742 9
0.1743 1
0.1744 2
0.1745 2
0.1746 4
0.1747 1
0.1748 1
0.1749 7
0.175 9
0.1751 12
0.1752 15
0.1753 24
0.1754 35
0.1755 59
0.1756 69
0.1757 72
0.1758 83
0.1759 70
0.176 62
0.1761 59
0.1762 70
0.1763 86
0.1764 104
0.1765 106
0.1766 109
0.1767 99
0.1768 96
0.1769 103
0.177 114
0.1771 121
0.1772 117
0.1773 112
0.1774 129
0.1775 143
0.1776 163
0.1777 188
0.1778 216
0.1779 251
0.178 284
0.1781 312
0.1782 332
0.1783 332
0.1784 330
0.1785 337
0.1786 334
0.1787 342
0.1788 362
0.1789 385
0.179 396
0.1791 408
0.1792 417
0.1793 434
0.1794 467
0.1795 496
0.1796 504
0.1797 507
0.1798 532
0.1799 565
0.18 587
0.1801 594
0.1802 623
0.1803 645
0.1804 671
0.1805 708
0.1806 741
0.1807 750
0.1808 776
0.1809 794
0.181 820
0.1811 840
0.1812 842
0.1813 859
0.1814 888
0.1815 889
0.1816 900
0.1817 909
0.1818 923
0.1819 943
0.182 950
0.1821 962
0.1822 988
0.1823 1002
0.1824 1027
0.1825 1033
0.1826 1033
0.1827 1031
0.1828 1034
0.1829 1052
0.183 1059
0.1831 1086
0.1832 1091
0.1833 1075
0.1834 1084
0.1835 1115
0.1836 1131
0.1837 1139
0.1838 1150
0.1839 1139
0.184 1141
0.1841 1140
0.1842 1145
0.1843 1149
0.1844 1140
0.1845 1137
0.1846 1128
0.1847 1118
0.1848 1104
0.1849 1091
0.185 1068
0.1851 1074
0.1852 1052
0.1853 1044
0.1854 1015
0.1855 1004
0.1856 1005
0.1857 1003
0.1858 1004
0.1859 1002
0.186 999
0.1861 999
0.1862 997
0.1863 987
0.1864 978
0.1865 971
0.1866 964
0.1867 971
0.1868 974
0.1869 977
0.187 1002
0.1871 1020
0.1872 1032
0.1873 1044
0.1874 1042
0.1875 1042
0.1876 1031
0.1877 1025
0.1878 1014
0.1879 1037
0.188 1045
0.1881 1050
0.1882 1048
0.1883 1065
0.1884 1073
0.1885 1050
0.1886 1047
0.1887 1066
0.1888 1066
0.1889 1073
0.189 1074
0.1891 1048
0.1892 1037
0.1893 1021
0.1894 1007
0.1895 1005
0.1896 979
0.1897 962
0.1898 939
0.1899 909
0.19 888
0.1901 853
0.1902 845
0.1903 836
0.1904 830
0.1905 840
0.1906 846
0.1907 840
0.1908 850
0.1909 869
0.191 850
0.1911 866
0.1912 872
0.1913 898
0.1914 897
0.1915 892
0.1916 908
0.1917 899
0.1918 899
0.1919 880
0.192 872
0.1921 861
0.1922 845
0.1923 843
0.1924 821
0.1925 818
0.1926 796
0.1927 764
0.1928 740
0.1929 694
0.193 690
0.1931 671
0.1932 669
0.1933 665
0.1934 660
0.1935 639
0.1936 641
0.1937 645
0.1938 641
0.1939 627
0.194 604
0.1941 611
0.1942 620
0.1943 600
0.1944 574
0.1945 575
0.1946 560
0.1947 541
0.1948 509
0.1949 478
0.195 462
0.1951 450
0.1952 454
0.1953 425
0.1954 417
0.1955 398
0.1956 404
0.1957 386
0.1958 368
0.1959 345
0.196 347
0.1961 322
0.1962 314
0.1963 310
0.1964 303
0.1965 295
0.1966 294
0.1967 275
0.1968 262
0.1969 270
0.197 261
0.1971 265
0.1972 246
0.1973 261
0.1974 263
0.1975 248
0.1976 242
0.1977 229
0.1978 205
0.1979 199
0.198 192
0.1981 161
0.1982 161
0.1983 146
0.1984 127
0.1985 126
0.1986 110
0.1987 101
0.1988 89
0.1989 80
0.199 67
0.1991 55
0.1992 35
0.1993 33
0.1994 22
0.1995 20
0.1996 28
0.1997 40
0.1998 35
0.1999 29
0.2 31
0.2001 29
0.2002 32
0.2003 14
0.2004 17
0.2005 13
0.2006 9
0.2007 6
0.2008 4
0.2009 5
0.201 4
0.2011 2
0.2012 2
0.2013 1
0.2014 4
0.2015 1
0.2016 0
0.2017 1
0.2018 3
0.2019 1
0.202 1
0.2021 1
0.2022 4
0.2023 2
0.2024 0
0.2025 0
0.2026 0
0.2027 1
0.2028 0
0.2029 2
0.203 0
0.2031 3
0.2032 2
0.2033 0
0.2034 2
0.2035 0
0.2036 2
0.2037 1
0.2038 0
0.2039 2
0.204 0
0.2041 3
0.2042 1
0.2043 5
0.2044 3
0.2045 0
0.2046 0
0.2047 0
0.2048 1
0.2049 1
0.205 2
0.2051 6
0.2052 4
0.2053 3
0.2054 5
0.2055 5
0.2056 3
0.2057 2
0.2058 2
0.2059 4
0.206 3
0.2061 2
0.2062 3
0.2063 2
0.2064 1
0.2065 0
0.2066 3
0.2067 1
0.2068 1
0.2069 5
0.207 3
0.2071 7
0.2072 4
0.2073 2
0.2074 3
0.2075 5
0.2076 2
0.2077 1
0.2078 1
0.2079 2
0.208 0
0.2081 0
0.2082 2
0.2083 0
0.2084 2
0.2085 1
0.2086 1
0.2087 2
0.2088 5
0.2089 4
0.209 5
0.2091 0
0.2092 2
0.2093 4
0.2094 1
0.2095 5
0.2096 1
0.2097 2
0.2098 0
0.2099 0
0.21 0
0.2101 0
0.2102 0
0.2103 1
0.2104 2
0.2105 0
0.2106 3
0.2107 0
0.2108 0
0.2109 0
0.211 1
0.2111 0
0.2112 2
0.2113 2
0.2114 1
0.2115 1
0.2116 1
0.2117 0
0.2118 0
0.2119 1
0.212 1
0.2121 0
0.2122 0
0.2123 1
0.2124 1
0.2125 1
0.2126 5
0.2127 0
0.2128 2
0.2129 1
0.213 0
0.2131 2
0.2132 0
0.2133 4
0.2134 1
0.2135 0
0.2136 0
0.2137 1
0.2138 5
0.2139 1
0.214 3
0.2141 0
0.2142 0
0.2143 0
0.2144 1
0.2145 2
0.2146 0
0.2147 2
0.2148 2
0.2149 1
0.215 2
0.2151 1
0.2152 2
0.2153 0
0.2154 1
0.2155 1
0.2156 2
0.2157 2
0.2158 2
0.2159 2
0.216 1
0.2161 4
0.2162 0
0.2163 0
0.2164 1
0.2165 1
0.2166 0
0.2167 1
0.2168 0
0.2169 1
0.217 0
0.2171 1
0.2172 0
0.2173 2
0.2174 2
0.2175 9
0.2176 11
0.2177 10
0.2178 9
0.2179 4
0.218 3
0.2181 2
0.2182 2
0.2183 5
0.2184 3
0.2185 6
0.2186 1
0.2187 2
0.2188 1
0.2189 1
0.219 0
0.2191 4
0.2192 4
0.2193 3
0.2194 4
0.2195 2
0.2196 0
0.2197 4
0.2198 0
0.2199 2
0.22 0
0.2201 0
0.2202 2
0.2203 2
0.2204 0
0.2205 1
0.2206 1
0.2207 1
0.2208 1
0.2209 2
0.221 3
0.2211 3
0.2212 4
0.2213 1
0.2214 2
0.2215 0
0.2216 1
0.2217 1
0.2218 1
0.2219 1
0.222 1
0.2221 2
0.2222 3
0.2223 1
0.2224 1
0.2225 0
0.2226 5
0.2227 2
0.2228 2
0.2229 1
0.223 2
0.2231 1
0.2232 0
0.2233 0
0.2234 2
0.2235 2
0.2236 1
0.2237 2
0.2238 2
0.2239 0
0.224 0
0.2241 2
0.2242 1
0.2243 1
0.2244 2
0.2245 3
0.2246 6
0.2247 12
0.2248 7
0.2249 5
0.225 10
0.2251 16
0.2252 10
0.2253 10
0.2254 8
0.2255 4
0.2256 6
0.2257 11
0.2258 22
0.2259 12
0.226 14
0.2261 16
0.2262 22
0.2263 27
0.2264 38
0.2265 45
0.2266 48
0.2267 50
0.2268 30
0.2269 29
0.227 29
0.2271 24
0.2272 23
0.2273 13
0.2274 8
0.2275 3
0.2276 5
0.2277 4
0.2278 0
0.2279 4
0.228 9
0.2281 3
0.2282 4
0.2283 5
0.2284 2
0.2285 2
0.2286 7
0.2287 8
0.2288 13
0.2289 21
0.229 28
0.2291 29
0.2292 14
0.2293 17
0.2294 16
0.2295 11
0.2296 13
0.2297 8
0.2298 5
0.2299 7
0.23 4
0.2301 1
0.2302 2
0.2303 0
0.2304 0
0.2305 11
0.2306 18
0.2307 20
0.2308 24
0.2309 25
0.231 20
0.2311 18
0.2312 13
0.2313 13
0.2314 13
0.2315 12
0.2316 11
0.2317 22
0.2318 30
0.2319 31
0.232 28
0.2321 32
0.2322 47
0.2323 55
0.2324 47
0.2325 59
0.2326 73
0.2327 72
0.2328 52
0.2329 52
0.233 48
0.2331 38
0.2332 29
0.2333 18
0.2334 20
0.2335 14
0.2336 22
0.2337 15
0.2338 12
0.2339 7
0.234 13
0.2341 16
0.2342 12
0.2343 25
0.2344 31
0.2345 33
0.2346 30
0.2347 25
0.2348 20
0.2349 23
0.235 39
0.2351 38
0.2352 52
0.2353 60
0.2354 65
0.2355 63
0.2356 63
0.2357 58
0.2358 73
0.2359 50
0.236 51
0.2361 53
0.2362 55
0.2363 59
0.2364 62
0.2365 59
0.2366 83
0.2367 98
0.2368 129
0.2369 158
0.237 175
0.2371 186
0.2372 185
0.2373 183
0.2374 166
0.2375 157
0.2376 135
0.2377 105
0.2378 92
0.2379 86
0.238 78
0.2381 68
0.2382 50
0.2383 59
0.2384 62
0.2385 76
0.2386 76
0.2387 58
0.2388 50
0.2389 43
0.239 30
0.2391 23
0.2392 35
0.2393 63
0.2394 67
0.2395 78
0.2396 75
0.2397 41
0.2398 42
0.2399 50
0.24 49
0.2401 57
0.2402 66
0.2403 73
0.2404 107
0.2405 124
0.2406 133
0.2407 145
0.2408 154
0.2409 166
0.241 174
0.2411 182
0.2412 209
0.2413 208
0.2414 206
0.2415 189
0.2416 184
0.2417 174
0.2418 164
0.2419 165
0.242 167
0.2421 176
0.2422 183
0.2423 190
0.2424 213
0.2425 213
0.2426 217
0.2427 229
0.2428 244
0.2429 258
0.243 295
0.2431 322
0.2432 319
0.2433 343
0.2434 375
0.2435 402
0.2436 427
0.2437 466
0.2438 527
0.2439 570
0.244 612
0.2441 646
0.2442 685
0.2443 732
0.2444 771
0.2445 798
0.2446 799
0.2447 822
0.2448 827
0.2449 839
0.245 839
0.2451 846
0.2452 847
0.2453 846
0.2454 842
0.2455 851
0.2456 851
0.2457 856
0.2458 868
0.2459 861
0.246 854
0.2461 857
0.2462 850
0.2463 844
0.2464 834
0.2465 821
0.2466 814
0.2467 811
0.2468 811
0.2469 817
0.247 833
0.2471 827
0.2472 811
0.2473 807
0.2474 798
0.2475 803
0.2476 809
0.2477 809
0.2478 821
0.2479 830
0.248 820
0.2481 822
0.2482 814
0.2483 806
0.2484 786
0.2485 797
0.2486 779
0.2487 780
0.2488 777
0.2489 808
0.249 819
0.2491 843
0.2492 827
0.2493 823
0.2494 820
0.2495 817
0.2496 802
0.2497 798
0.2498 804
0.2499 819
0.25 807
