0 0
0.0001 0
0.0002 0
0.0003 0
0.0004 0
0.0005 0
0.0006 0
0.0007 0
0.0008 0
0.0009 0
0.001 0
0.0011 0
0.0012 0
0.0013 0
0.0014 0
0.0015 0
0.0016 0
0.0017 0
0.0018 0
0.0019 0
0.002 0
0.0021 0
0.0022 0
0.0023 0
0.0024 0
0.0025 0
0.0026 0
0.0027 0
0.0028 0
0.0029 0
0.003 0
0.0031 0
0.0032 0
0.0033 0
0.0034 0
0.0035 0
0.0036 0
0.0037 0
0.0038 0
0.0039 0
0.004 0
0.0041 0
0.0042 0
0.0043 0
0.0044 2
0.0045 2
0.0046 2
0.0047 2
0.0048 2
0.0049 2
0.005 1
0.0051 1
0.0052 1
0.0053 1
0.0054 1
0.0055 1
0.0056 1
0.0057 1
0.0058 1
0.0059 2
0.006 2
0.0061 2
0.0062 2
0.0063 2
0.0064 2
0.0065 1
0.0066 1
0.0067 1
0.0068 1
0.0069 2
0.007 2
0.0071 2
0.0072 2
0.0073 1
0.0074 1
0.0075 1
0.0076 1
0.0077 0
0.0078 0
0.0079 0
0.008 0
0.0081 0
0.0082 0
0.0083 0
0.0084 2
0.0085 2
0.0086 3
0.0087 3
0.0088 3
0.0089 3
0.009 4
0.0091 4
0.0092 3
0.0093 3
0.0094 3
0.0095 3
0.0096 3
0.0097 3
0.0098 3
0.0099 3
0.01 3
0.0101 3
0.0102 2
0.0103 2
0.0104 2
0.0105 2
0.0106 2
0.0107 2
0.0108 2
0.0109 2
0.011 2
0.0111 2
0.0112 2
0.0113 2
0.0114 2
0.0115 2
0.0116 2
0.0117 2
0.0118 2
0.0119 2
0.012 3
0.0121 3
0.0122 4
0.0123 4
0.0124 3
0.0125 3
0.0126 3
0.0127 5
0.0128 5
0.0129 5
0.013 5
0.0131 5
0.0132 7
0.0133 8
0.0134 9
0.0135 9
0.0136 9
0.0137 9
0.0138 10
0.0139 10
0.014 11
0.0141 9
0.0142 11
0.0143 11
0.0144 10
0.0145 11
0.0146 11
0.0147 10
0.0148 10
0.0149 11
0.015 12
0.0151 12
0.0152 13
0.0153 12
0.0154 13
0.0155 13
0.0156 13
0.0157 12
0.0158 13
0.0159 11
0.016 12
0.0161 14
0.0162 14
0.0163 12
0.0164 14
0.0165 12
0.0166 13
0.0167 13
0.0168 14
0.0169 14
0.017 14
0.0171 16
0.0172 16
0.0173 16
0.0174 15
0.0175 15
0.0176 15
0.0177 13
0.0178 12
0.0179 12
0.018 12
0.0181 13
0.0182 14
0.0183 14
0.0184 13
0.0185 12
0.0186 12
0.0187 13
0.0188 14
0.0189 14
0.019 12
0.0191 13
0.0192 13
0.0193 13
0.0194 13
0.0195 13
0.0196 14
0.0197 13
0.0198 15
0.0199 15
0.02 14
0.0201 16
0.0202 14
0.0203 13
0.0204 12
0.0205 12
0.0206 13
0.0207 12
0.0208 12
0.0209 12
0.021 12
0.0211 12
0.0212 13
0.0213 13
0.0214 15
0.0215 15
0.0216 12
0.0217 12
0.0218 11
0.0219 11
0.022 11
0.0221 10
0.0222 11
0.0223 10
0.0224 9
0.0225 7
0.0226 7
0.0227 8
0.0228 7
0.0229 7
0.023 6
0.0231 6
0.0232 6
0.0233 8
0.0234 8
0.0235 7
0.0236 7
0.0237 6
0.0238 8
0.0239 9
0.024 8
0.0241 10
0.0242 10
0.0243 10
0.0244 11
0.0245 12
0.0246 13
0.0247 15
0.0248 14
0.0249 14
0.025 16
0.0251 16
0.0252 17
0.0253 17
0.0254 19
0.0255 18
0.0256 18
0.0257 18
0.0258 18
0.0259 19
0.026 19
0.0261 19
0.0262 20
0.0263 21
0.0264 22
0.0265 19
0.0266 21
0.0267 22
0.0268 23
0.0269 26
0.027 25
0.0271 26
0.0272 27
0.0273 27
0.0274 26
0.0275 25
0.0276 26
0.0277 26
0.0278 26
0.0279 22
0.028 23
0.0281 24
0.0282 24
0.0283 23
0.0284 21
0.0285 23
0.0286 23
0.0287 23
0.0288 21
0.0289 21
0.029 20
0.0291 20
0.0292 20
0.0293 19
0.0294 20
0.0295 21
0.0296 22
0.0297 23
0.0298 24
0.0299 24
0.03 26
0.0301 26
0.0302 27
0.0303 27
0.0304 27
0.0305 29
0.0306 31
0.0307 31
0.0308 29
0.0309 28
0.031 28
0.0311 30
0.0312 29
0.0313 27
0.0314 24
0.0315 24
0.0316 23
0.0317 22
0.0318 21
0.0319 21
0.032 22
0.0321 24
0.0322 23
0.0323 23
0.0324 25
0.0325 23
0.0326 22
0.0327 23
0.0328 22
0.0329 21
0.033 20
0.0331 21
0.0332 21
0.0333 20
0.0334 21
0.0335 18
0.0336 19
0.0337 19
0.0338 20
0.0339 19
0.034 20
0.0341 20
0.0342 22
0.0343 22
0.0344 22
0.0345 23
0.0346 22
0.0347 22
0.0348 21
0.0349 21
0.035 22
0.0351 23
0.0352 20
0.0353 19
0.0354 19
0.0355 17
0.0356 19
0.0357 21
0.0358 22
0.0359 22
0.036 22
0.0361 23
0.0362 25
0.0363 25
0.0364 29
0.0365 28
0.0366 28
0.0367 28
0.0368 27
0.0369 26
0.037 23
0.0371 24
0.0372 24
0.0373 24
0.0374 23
0.0375 24
0.0376 24
0.0377 25
0.0378 23
0.0379 25
0.038 24
0.0381 25
0.0382 24
0.0383 23
0.0384 23
0.0385 23
0.0386 21
0.0387 18
0.0388 17
0.0389 19
0.039 18
0.0391 18
0.0392 20
0.0393 20
0.0394 20
0.0395 20
0.0396 21
0.0397 22
0.0398 23
0.0399 22
0.04 22
0.0401 21
0.0402 26
0.0403 25
0.0404 25
0.0405 26
0.0406 26
0.0407 24
0.0408 25
0.0409 26
0.041 25
0.0411 25
0.0412 25
0.0413 26
0.0414 26
0.0415 25
0.0416 24
0.0417 23
0.0418 23
0.0419 23
0.042 24
0.0421 26
0.0422 25
0.0423 28
0.0424 28
0.0425 27
0.0426 27
0.0427 26
0.0428 25
0.0429 24
0.043 27
0.0431 28
0.0432 26
0.0433 26
0.0434 24
0.0435 22
0.0436 24
0.0437 25
0.0438 26
0.0439 27
0.044 27
0.0441 26
0.0442 26
0.0443 29
0.0444 28
0.0445 28
0.0446 28
0.0447 29
0.0448 28
0.0449 26
0.045 26
0.0451 25
0.0452 24
0.0453 22
0.0454 22
0.0455 22
0.0456 26
0.0457 26
0.0458 26
0.0459 26
0.046 26
0.0461 26
0.0462 25
0.0463 28
0.0464 28
0.0465 28
0.0466 29
0.0467 28
0.0468 28
0.0469 28
0.047 27
0.0471 26
0.0472 26
0.0473 26
0.0474 25
0.0475 24
0.0476 24
0.0477 24
0.0478 24
0.0479 22
0.048 24
0.0481 24
0.0482 23
0.0483 22
0.0484 22
0.0485 22
0.0486 24
0.0487 25
0.0488 23
0.0489 23
0.049 25
0.0491 25
0.0492 26
0.0493 25
0.0494 25
0.0495 26
0.0496 26
0.0497 27
0.0498 26
0.0499 25
0.05 25
0.0501 25
0.0502 26
0.0503 27
0.0504 25
0.0505 24
0.0506 22
0.0507 23
0.0508 24
0.0509 25
0.051 26
0.0511 26
0.0512 24
0.0513 27
0.0514 29
0.0515 27
0.0516 28
0.0517 25
0.0518 25
0.0519 27
0.052 27
0.0521 29
0.0522 27
0.0523 27
0.0524 28
0.0525 28
0.0526 28
0.0527 29
0.0528 29
0.0529 30
0.053 28
0.0531 28
0.0532 28
0.0533 29
0.0534 28
0.0535 27
0.0536 26
0.0537 26
0.0538 26
0.0539 27
0.054 27
0.0541 26
0.0542 26
0.0543 24
0.0544 28
0.0545 27
0.0546 25
0.0547 24
0.0548 26
0.0549 26
0.055 26
0.0551 27
0.0552 26
0.0553 27
0.0554 29
0.0555 28
0.0556 31
0.0557 32
0.0558 31
0.0559 31
0.056 31
0.0561 34
0.0562 33
0.0563 35
0.0564 34
0.0565 35
0.0566 35
0.0567 35
0.0568 33
0.0569 33
0.057 33
0.0571 33
0.0572 36
0.0573 34
0.0574 35
0.0575 34
0.0576 34
0.0577 33
0.0578 33
0.0579 34
0.058 33
0.0581 34
0.0582 34
0.0583 33
0.0584 31
0.0585 30
0.0586 30
0.0587 30
0.0588 28
0.0589 29
0.059 28
0.0591 29
0.0592 28
0.0593 29
0.0594 30
0.0595 30
0.0596 30
0.0597 31
0.0598 29
0.0599 29
0.06 28
0.0601 26
0.0602 27
0.0603 24
0.0604 24
0.0605 25
0.0606 26
0.0607 26
0.0608 25
0.0609 24
0.061 25
0.0611 24
0.0612 24
0.0613 23
0.0614 23
0.0615 23
0.0616 21
0.0617 24
0.0618 25
0.0619 26
0.062 27
0.0621 26
0.0622 29
0.0623 29
0.0624 29
0.0625 32
0.0626 33
0.0627 34
0.0628 34
0.0629 32
0.063 31
0.0631 31
0.0632 31
0.0633 33
0.0634 33
0.0635 31
0.0636 33
0.0637 32
0.0638 30
0.0639 31
0.064 30
0.0641 30
0.0642 29
0.0643 30
0.0644 30
0.0645 33
0.0646 32
0.0647 32
0.0648 32
0.0649 32
0.065 31
0.0651 32
0.0652 32
0.0653 33
0.0654 34
0.0655 33
0.0656 31
0.0657 33
0.0658 33
0.0659 34
0.066 35
0.0661 33
0.0662 32
0.0663 32
0.0664 31
0.0665 32
0.0666 32
0.0667 31
0.0668 29
0.0669 28
0.067 28
0.0671 28
0.0672 28
0.0673 28
0.0674 29
0.0675 29
0.0676 29
0.0677 29
0.0678 30
0.0679 31
0.068 31
0.0681 30
0.0682 30
0.0683 31
0.0684 30
0.0685 25
0.0686 25
0.0687 25
0.0688 24
0.0689 24
0.069 24
0.0691 25
0.0692 25
0.0693 25
0.0694 27
0.0695 27
0.0696 25
0.0697 24
0.0698 22
0.0699 23
0.07 22
0.0701 23
0.0702 24
0.0703 26
0.0704 27
0.0705 27
0.0706 29
0.0707 29
0.0708 30
0.0709 30
0.071 31
0.0711 31
0.0712 33
0.0713 31
0.0714 28
0.0715 30
0.0716 29
0.0717 28
0.0718 27
0.0719 26
0.072 26
0.0721 26
0.0722 26
0.0723 27
0.0724 25
0.0725 24
0.0726 25
0.0727 25
0.0728 25
0.0729 25
0.073 25
0.0731 27
0.0732 25
0.0733 25
0.0734 23
0.0735 20
0.0736 22
0.0737 22
0.0738 23
0.0739 24
0.074 24
0.0741 25
0.0742 25
0.0743 25
0.0744 25
0.0745 24
0.0746 24
0.0747 24
0.0748 25
0.0749 26
0.075 27
0.0751 28
0.0752 28
0.0753 29
0.0754 32
0.0755 30
0.0756 31
0.0757 31
0.0758 31
0.0759 31
0.076 31
0.0761 30
0.0762 29
0.0763 29
0.0764 30
0.0765 30
0.0766 31
0.0767 31
0.0768 29
0.0769 30
0.077 29
0.0771 28
0.0772 27
0.0773 29
0.0774 28
0.0775 27
0.0776 28
0.0777 26
0.0778 25
0.0779 26
0.078 26
0.0781 25
0.0782 26
0.0783 26
0.0784 27
0.0785 29
0.0786 28
0.0787 27
0.0788 25
0.0789 22
0.079 22
0.0791 21
0.0792 23
0.0793 22
0.0794 23
0.0795 24
0.0796 26
0.0797 26
0.0798 27
0.0799 30
0.08 30
0.0801 30
0.0802 29
0.0803 29
0.0804 31
0.0805 31
0.0806 31
0.0807 33
0.0808 33
0.0809 34
0.081 33
0.0811 32
0.0812 34
0.0813 36
0.0814 34
0.0815 34
0.0816 36
0.0817 35
0.0818 35
0.0819 32
0.082 33
0.0821 32
0.0822 32
0.0823 31
0.0824 32
0.0825 33
0.0826 34
0.0827 35
0.0828 32
0.0829 32
0.083 32
0.0831 32
0.0832 28
0.0833 27
0.0834 27
0.0835 27
0.0836 24
0.0837 23
0.0838 22
0.0839 25
0.084 23
0.0841 24
0.0842 23
0.0843 25
0.0844 25
0.0845 24
0.0846 25
0.0847 26
0.0848 25
0.0849 24
0.085 23
0.0851 25
0.0852 26
0.0853 24
0.0854 24
0.0855 23
0.0856 20
0.0857 20
0.0858 20
0.0859 21
0.086 20
0.0861 19
0.0862 19
0.0863 19
0.0864 19
0.0865 20
0.0866 19
0.0867 20
0.0868 21
0.0869 21
0.087 23
0.0871 21
0.0872 21
0.0873 22
0.0874 21
0.0875 22
0.0876 22
0.0877 22
0.0878 22
0.0879 22
0.088 23
0.0881 24
0.0882 24
0.0883 25
0.0884 25
0.0885 26
0.0886 25
0.0887 25
0.0888 25
0.0889 26
0.089 26
0.0891 27
0.0892 26
0.0893 24
0.0894 23
0.0895 22
0.0896 22
0.0897 22
0.0898 21
0.0899 22
0.09 22
0.0901 21
0.0902 24
0.0903 23
0.0904 22
0.0905 22
0.0906 21
0.0907 22
0.0908 21
0.0909 22
0.091 21
0.0911 23
0.0912 22
0.0913 21
0.0914 21
0.0915 20
0.0916 20
0.0917 20
0.0918 20
0.0919 22
0.092 22
0.0921 21
0.0922 22
0.0923 24
0.0924 24
0.0925 24
0.0926 25
0.0927 24
0.0928 24
0.0929 22
0.093 22
0.0931 26
0.0932 26
0.0933 24
0.0934 24
0.0935 25
0.0936 25
0.0937 25
0.0938 25
0.0939 25
0.094 22
0.0941 23
0.0942 20
0.0943 21
0.0944 22
0.0945 22
0.0946 23
0.0947 22
0.0948 23
0.0949 24
0.095 23
0.0951 25
0.0952 25
0.0953 24
0.0954 23
0.0955 25
0.0956 23
0.0957 24
0.0958 22
0.0959 24
0.096 23
0.0961 25
0.0962 25
0.0963 25
0.0964 25
0.0965 25
0.0966 23
0.0967 25
0.0968 23
0.0969 21
0.097 21
0.0971 22
0.0972 23
0.0973 21
0.0974 23
0.0975 22
0.0976 25
0.0977 26
0.0978 29
0.0979 29
0.098 32
0.0981 31
0.0982 32
0.0983 30
0.0984 30
0.0985 29
0.0986 27
0.0987 28
0.0988 27
0.0989 27
0.099 28
0.0991 26
0.0992 26
0.0993 24
0.0994 24
0.0995 22
0.0996 24
0.0997 24
0.0998 24
0.0999 24
0.1 24
