0 0
0.01 3
0.02 7
0.03 18
0.04 30
0.05 47
0.06 62
0.07 78
0.08 101
0.09 117
0.1 138
0.11 151
0.12 165
0.13 180
0.14 198
0.15 213
0.16 231
0.17 243
0.18 253
0.19 266
0.2 281
0.21 284
0.22 296
0.23 305
0.24 319
0.25 327
0.26 336
0.27 344
0.28 351
0.29 357
0.3 364
0.31 374
0.32 379
0.33 385
0.34 391
0.35 397
0.36 400
0.37 405
0.38 408
0.39 418
0.4 427
0.41 423
0.42 431
0.43 436
0.44 439
0.45 443
0.46 452
0.47 462
0.48 469
0.49 469
0.5 475
0.51 481
0.52 485
0.53 488
0.54 489
0.55 494
0.56 500
0.57 504
0.58 505
0.59 508
0.6 513
0.61 514
0.62 521
0.63 518
0.64 523
0.65 522
0.66 526
0.67 528
0.68 528
0.69 528
0.7 536
0.71 538
0.72 538
0.73 536
0.74 539
0.75 544
0.76 545
0.77 546
0.78 543
0.79 542
0.8 547
0.81 548
0.82 552
0.83 557
0.84 561
0.85 559
0.86 561
0.87 560
0.88 561
0.89 559
0.9 560
0.91 562
0.92 567
0.93 574
0.94 574
0.95 574
0.96 577
0.97 572
0.98 572
0.99 579
1 581
1.01 577
1.02 577
1.03 581
1.04 576
1.05 579
1.06 567
1.07 572
1.08 582
1.09 582
1.1 583
1.11 581
1.12 583
1.13 581
1.14 585
1.15 584
1.16 585
1.17 588
1.18 589
1.19 588
1.2 590
1.21 588
1.22 587
1.23 594
1.24 588
1.25 589
1.26 589
1.27 586
1.28 584
1.29 582
1.3 584
1.31 586
1.32 583
1.33 585
1.34 587
1.35 586
1.36 586
1.37 588
1.38 587
1.39 589
1.4 594
1.41 594
1.42 597
1.43 601
1.44 602
1.45 603
1.46 601
1.47 599
1.48 600
1.49 601
1.5 597
1.51 598
1.52 593
1.53 591
1.54 591
1.55 591
1.56 593
1.57 590
1.58 593
1.59 593
1.6 592
1.61 591
1.62 588
1.63 586
1.64 593
1.65 586
1.66 586
1.67 587
1.68 589
1.69 590
1.7 584
1.71 590
1.72 592
1.73 593
1.74 592
1.75 594
1.76 595
1.77 598
1.78 602
1.79 602
1.8 604
1.81 601
1.82 595
1.83 593
1.84 596
1.85 595
1.86 597
1.87 599
1.88 598
1.89 598
1.9 600
1.91 601
1.92 595
1.93 599
1.94 598
1.95 598
1.96 596
1.97 590
1.98 591
1.99 592
2 592
