0 7284
0.0001 7284
0.0002 7283
0.0003 7283
0.0004 7282
0.0005 7282
0.0006 7282
0.0007 7282
0.0008 7282
0.0009 7282
0.001 7280
0.0011 7279
0.0012 7279
0.0013 7279
0.0014 7279
0.0015 7277
0.0016 7276
0.0017 7276
0.0018 7276
0.0019 7276
0.002 7276
0.0021 7275
0.0022 7274
0.0023 7274
0.0024 7274
0.0025 7274
0.0026 7274
0.0027 7274
0.0028 7274
0.0029 7273
0.003 7273
0.0031 7271
0.0032 7270
0.0033 7270
0.0034 7270
0.0035 7270
0.0036 7270
0.0037 7269
0.0038 7269
0.0039 7269
0.004 7269
0.0041 7269
0.0042 7268
0.0043 7268
0.0044 7266
0.0045 7266
0.0046 7266
0.0047 7265
0.0048 7265
0.0049 7265
0.005 7265
0.0051 7263
0.0052 7262
0.0053 7262
0.0054 7262
0.0055 7261
0.0056 7261
0.0057 7261
0.0058 7260
0.0059 7259
0.006 7260
0.0061 7260
0.0062 7259
0.0063 7259
0.0064 7259
0.0065 7259
0.0066 7259
0.0067 7259
0.0068 7258
0.0069 7257
0.007 7257
0.0071 7256
0.0072 7255
0.0073 7255
0.0074 7254
0.0075 7254
0.0076 7254
0.0077 7253
0.0078 7252
0.0079 7251
0.008 7250
0.0081 7249
0.0082 7247
0.0083 7245
0.0084 7245
0.0085 7245
0.0086 7245
0.0087 7245
0.0088 7245
0.0089 7244
0.009 7244
0.0091 7244
0.0092 7244
0.0093 7244
0.0094 7244
0.0095 7243
0.0096 7241
0.0097 7241
0.0098 7241
0.0099 7241
0.01 7239
0.0101 7239
0.0102 7238
0.0103 7238
0.0104 7237
0.0105 7237
0.0106 7236
0.0107 7235
0.0108 7234
0.0109 7233
0.011 7231
0.0111 7231
0.0112 7231
0.0113 7231
0.0114 7229
0.0115 7229
0.0116 7229
0.0117 7229
0.0118 7227
0.0119 7226
0.012 7226
0.0121 7225
0.0122 7224
0.0123 7224
0.0124 7224
0.0125 7224
0.0126 7224
0.0127 7224
0.0128 7224
0.0129 7223
0.013 7223
0.0131 7222
0.0132 7221
0.0133 7222
0.0134 7222
0.0135 7222
0.0136 7222
0.0137 7221
0.0138 7220
0.0139 7220
0.014 7220
0.0141 7220
0.0142 7218
0.0143 7216
0.0144 7215
0.0145 7215
0.0146 7215
0.0147 7214
0.0148 7212
0.0149 7211
0.015 7211
0.0151 7210
0.0152 7208
0.0153 7207
0.0154 7207
0.0155 7207
0.0156 7207
0.0157 7207
0.0158 7206
0.0159 7206
0.016 7206
0.0161 7206
0.0162 7206
0.0163 7205
0.0164 7204
0.0165 7203
0.0166 7202
0.0167 7202
0.0168 7202
0.0169 7202
0.017 7201
0.0171 7201
0.0172 7200
0.0173 7200
0.0174 7199
0.0175 7199
0.0176 7199
0.0177 7198
0.0178 7198
0.0179 7198
0.018 7198
0.0181 7198
0.0182 7198
0.0183 7195
0.0184 7195
0.0185 7194
0.0186 7194
0.0187 7193
0.0188 7192
0.0189 7191
0.019 7191
0.0191 7191
0.0192 7191
0.0193 7191
0.0194 7188
0.0195 7186
0.0196 7185
0.0197 7184
0.0198 7184
0.0199 7183
0.02 7183
0.0201 7182
0.0202 7182
0.0203 7180
0.0204 7180
0.0205 7179
0.0206 7178
0.0207 7178
0.0208 7177
0.0209 7176
0.021 7176
0.0211 7176
0.0212 7176
0.0213 7175
0.0214 7174
0.0215 7174
0.0216 7173
0.0217 7173
0.0218 7173
0.0219 7173
0.022 7171
0.0221 7169
0.0222 7168
0.0223 7166
0.0224 7165
0.0225 7164
0.0226 7164
0.0227 7164
0.0228 7163
0.0229 7163
0.023 7162
0.0231 7162
0.0232 7161
0.0233 7161
0.0234 7162
0.0235 7162
0.0236 7162
0.0237 7161
0.0238 7161
0.0239 7160
0.024 7159
0.0241 7158
0.0242 7158
0.0243 7158
0.0244 7157
0.0245 7157
0.0246 7157
0.0247 7156
0.0248 7155
0.0249 7153
0.025 7153
0.0251 7153
0.0252 7153
0.0253 7153
0.0254 7151
0.0255 7151
0.0256 7151
0.0257 7152
0.0258 7152
0.0259 7152
0.026 7151
0.0261 7152
0.0262 7152
0.0263 7152
0.0264 7152
0.0265 7152
0.0266 7151
0.0267 7151
0.0268 7149
0.0269 7147
0.027 7146
0.0271 7146
0.0272 7144
0.0273 7142
0.0274 7143
0.0275 7143
0.0276 7141
0.0277 7141
0.0278 7141
0.0279 7141
0.028 7141
0.0281 7141
0.0282 7141
0.0283 7138
0.0284 7137
0.0285 7137
0.0286 7137
0.0287 7137
0.0288 7137
0.0289 7137
0.029 7137
0.0291 7135
0.0292 7135
0.0293 7135
0.0294 7135
0.0295 7134
0.0296 7134
0.0297 7133
0.0298 7133
0.0299 7132
0.03 7131
0.0301 7130
0.0302 7130
0.0303 7127
0.0304 7126
0.0305 7126
0.0306 7125
0.0307 7125
0.0308 7124
0.0309 7124
0.031 7123
0.0311 7121
0.0312 7120
0.0313 7121
0.0314 7120
0.0315 7119
0.0316 7119
0.0317 7117
0.0318 7117
0.0319 7117
0.032 7117
0.0321 7117
0.0322 7113
0.0323 7113
0.0324 7113
0.0325 7112
0.0326 7111
0.0327 7111
0.0328 7111
0.0329 7110
0.033 7110
0.0331 7110
0.0332 7110
0.0333 7110
0.0334 7110
0.0335 7110
0.0336 7110
0.0337 7109
0.0338 7107
0.0339 7107
0.034 7106
0.0341 7106
0.0342 7106
0.0343 7105
0.0344 7105
0.0345 7105
0.0346 7105
0.0347 7104
0.0348 7104
0.0349 7104
0.035 7103
0.0351 7103
0.0352 7103
0.0353 7103
0.0354 7102
0.0355 7101
0.0356 7100
0.0357 7098
0.0358 7098
0.0359 7098
0.036 7098
0.0361 7098
0.0362 7098
0.0363 7097
0.0364 7097
0.0365 7097
0.0366 7097
0.0367 7097
0.0368 7097
0.0369 7097
0.037 7096
0.0371 7096
0.0372 7098
0.0373 7097
0.0374 7094
0.0375 7094
0.0376 7094
0.0377 7093
0.0378 7093
0.0379 7093
0.038 7092
0.0381 7092
0.0382 7092
0.0383 7092
0.0384 7091
0.0385 7090
0.0386 7090
0.0387 7090
0.0388 7089
0.0389 7090
0.039 7090
0.0391 7089
0.0392 7088
0.0393 7088
0.0394 7088
0.0395 7088
0.0396 7088
0.0397 7087
0.0398 7085
0.0399 7084
0.04 7084
0.0401 7083
0.0402 7083
0.0403 7083
0.0404 7083
0.0405 7083
0.0406 7081
0.0407 7080
0.0408 7080
0.0409 7080
0.041 7080
0.0411 7080
0.0412 7079
0.0413 7079
0.0414 7080
0.0415 7080
0.0416 7080
0.0417 7080
0.0418 7081
0.0419 7079
0.042 7079
0.0421 7079
0.0422 7079
0.0423 7079
0.0424 7078
0.0425 7078
0.0426 7078
0.0427 7077
0.0428 7077
0.0429 7077
0.043 7077
0.0431 7076
0.0432 7076
0.0433 7076
0.0434 7076
0.0435 7077
0.0436 7077
0.0437 7076
0.0438 7076
0.0439 7077
0.044 7076
0.0441 7076
0.0442 7076
0.0443 7076
0.0444 7076
0.0445 7076
0.0446 7076
0.0447 7077
0.0448 7077
0.0449 7075
0.045 7075
0.0451 7074
0.0452 7074
0.0453 7073
0.0454 7071
0.0455 7071
0.0456 7070
0.0457 7070
0.0458 7070
0.0459 7069
0.046 7069
0.0461 7070
0.0462 7070
0.0463 7069
0.0464 7068
0.0465 7066
0.0466 7065
0.0467 7065
0.0468 7066
0.0469 7066
0.047 7067
0.0471 7067
0.0472 7067
0.0473 7065
0.0474 7066
0.0475 7066
0.0476 7065
0.0477 7065
0.0478 7065
0.0479 7065
0.048 7065
0.0481 7065
0.0482 7065
0.0483 7065
0.0484 7065
0.0485 7064
0.0486 7064
0.0487 7064
0.0488 7063
0.0489 7063
0.049 7062
0.0491 7062
0.0492 7060
0.0493 7060
0.0494 7058
0.0495 7058
0.0496 7058
0.0497 7057
0.0498 7057
0.0499 7057
0.05 7056
0.0501 7055
0.0502 7056
0.0503 7056
0.0504 7056
0.0505 7054
0.0506 7054
0.0507 7054
0.0508 7054
0.0509 7053
0.051 7052
0.0511 7051
0.0512 7050
0.0513 7049
0.0514 7048
0.0515 7048
0.0516 7047
0.0517 7047
0.0518 7047
0.0519 7046
0.052 7046
0.0521 7046
0.0522 7046
0.0523 7046
0.0524 7045
0.0525 7045
0.0526 7045
0.0527 7045
0.0528 7044
0.0529 7044
0.053 7044
0.0531 7044
0.0532 7043
0.0533 7043
0.0534 7043
0.0535 7042
0.0536 7042
0.0537 7040
0.0538 7040
0.0539 7040
0.054 7041
0.0541 7039
0.0542 7039
0.0543 7039
0.0544 7038
0.0545 7037
0.0546 7037
0.0547 7035
0.0548 7035
0.0549 7035
0.055 7035
0.0551 7034
0.0552 7034
0.0553 7034
0.0554 7033
0.0555 7033
0.0556 7032
0.0557 7032
0.0558 7031
0.0559 7031
0.056 7030
0.0561 7030
0.0562 7030
0.0563 7031
0.0564 7030
0.0565 7030
0.0566 7030
0.0567 7030
0.0568 7030
0.0569 7030
0.057 7029
0.0571 7028
0.0572 7028
0.0573 7028
0.0574 7028
0.0575 7027
0.0576 7027
0.0577 7027
0.0578 7027
0.0579 7027
0.058 7026
0.0581 7026
0.0582 7024
0.0583 7023
0.0584 7023
0.0585 7023
0.0586 7022
0.0587 7023
0.0588 7022
0.0589 7022
0.059 7022
0.0591 7022
0.0592 7022
0.0593 7021
0.0594 7021
0.0595 7021
0.0596 7021
0.0597 7020
0.0598 7021
0.0599 7021
0.06 7021
0.0601 7020
0.0602 7021
0.0603 7021
0.0604 7021
0.0605 7021
0.0606 7022
0.0607 7023
0.0608 7024
0.0609 7024
0.061 7024
0.0611 7023
0.0612 7023
0.0613 7023
0.0614 7023
0.0615 7022
0.0616 7022
0.0617 7023
0.0618 7023
0.0619 7023
0.062 7023
0.0621 7023
0.0622 7024
0.0623 7023
0.0624 7022
0.0625 7021
0.0626 7020
0.0627 7020
0.0628 7021
0.0629 7020
0.063 7019
0.0631 7019
0.0632 7019
0.0633 7019
0.0634 7019
0.0635 7019
0.0636 7018
0.0637 7020
0.0638 7019
0.0639 7019
0.064 7018
0.0641 7018
0.0642 7018
0.0643 7018
0.0644 7018
0.0645 7018
0.0646 7018
0.0647 7018
0.0648 7018
0.0649 7018
0.065 7019
0.0651 7018
0.0652 7018
0.0653 7017
0.0654 7017
0.0655 7016
0.0656 7016
0.0657 7015
0.0658 7015
0.0659 7015
0.066 7014
0.0661 7014
0.0662 7014
0.0663 7013
0.0664 7012
0.0665 7012
0.0666 7012
0.0667 7012
0.0668 7012
0.0669 7009
0.067 7009
0.0671 7009
0.0672 7008
0.0673 7009
0.0674 7009
0.0675 7009
0.0676 7008
0.0677 7008
0.0678 7007
0.0679 7006
0.068 7006
0.0681 7006
0.0682 7005
0.0683 7004
0.0684 7004
0.0685 7003
0.0686 7002
0.0687 7002
0.0688 7002
0.0689 7005
0.069 7005
0.0691 7004
0.0692 7004
0.0693 7003
0.0694 7002
0.0695 7002
0.0696 7000
0.0697 7000
0.0698 7000
0.0699 7000
0.07 7000
0.0701 6999
0.0702 6997
0.0703 6996
0.0704 6996
0.0705 6996
0.0706 6996
0.0707 6995
0.0708 6995
0.0709 6995
0.071 6995
0.0711 6995
0.0712 6994
0.0713 6993
0.0714 6994
0.0715 6995
0.0716 6995
0.0717 6995
0.0718 6995
0.0719 6996
0.072 6996
0.0721 6996
0.0722 6995
0.0723 6995
0.0724 6995
0.0725 6995
0.0726 6995
0.0727 6995
0.0728 6995
0.0729 6996
0.073 6995
0.0731 6995
0.0732 6994
0.0733 6995
0.0734 6995
0.0735 6995
0.0736 6995
0.0737 6995
0.0738 6994
0.0739 6992
0.074 6992
0.0741 6991
0.0742 6992
0.0743 6992
0.0744 6991
0.0745 6991
0.0746 6991
0.0747 6989
0.0748 6989
0.0749 6990
0.075 6989
0.0751 6989
0.0752 6989
0.0753 6989
0.0754 6990
0.0755 6990
0.0756 6990
0.0757 6990
0.0758 6990
0.0759 6989
0.076 6988
0.0761 6987
0.0762 6987
0.0763 6986
0.0764 6986
0.0765 6984
0.0766 6984
0.0767 6985
0.0768 6985
0.0769 6985
0.077 6986
0.0771 6986
0.0772 6986
0.0773 6985
0.0774 6985
0.0775 6985
0.0776 6985
0.0777 6985
0.0778 6984
0.0779 6983
0.078 6983
0.0781 6983
0.0782 6983
0.0783 6981
0.0784 6982
0.0785 6982
0.0786 6982
0.0787 6982
0.0788 6982
0.0789 6982
0.079 6981
0.0791 6981
0.0792 6981
0.0793 6980
0.0794 6980
0.0795 6980
0.0796 6980
0.0797 6980
0.0798 6980
0.0799 6981
0.08 6981
0.0801 6981
0.0802 6980
0.0803 6980
0.0804 6980
0.0805 6980
0.0806 6979
0.0807 6979
0.0808 6979
0.0809 6979
0.081 6979
0.0811 6979
0.0812 6979
0.0813 6977
0.0814 6976
0.0815 6976
0.0816 6976
0.0817 6975
0.0818 6975
0.0819 6975
0.082 6974
0.0821 6974
0.0822 6975
0.0823 6975
0.0824 6976
0.0825 6976
0.0826 6975
0.0827 6976
0.0828 6974
0.0829 6974
0.083 6972
0.0831 6972
0.0832 6972
0.0833 6972
0.0834 6971
0.0835 6972
0.0836 6972
0.0837 6971
0.0838 6971
0.0839 6971
0.084 6972
0.0841 6972
0.0842 6971
0.0843 6970
0.0844 6970
0.0845 6970
0.0846 6970
0.0847 6969
0.0848 6968
0.0849 6968
0.085 6968
0.0851 6968
0.0852 6968
0.0853 6967
0.0854 6968
0.0855 6968
0.0856 6968
0.0857 6968
0.0858 6968
0.0859 6967
0.086 6966
0.0861 6966
0.0862 6965
0.0863 6965
0.0864 6965
0.0865 6965
0.0866 6966
0.0867 6966
0.0868 6966
0.0869 6966
0.087 6966
0.0871 6966
0.0872 6966
0.0873 6965
0.0874 6965
0.0875 6965
0.0876 6965
0.0877 6965
0.0878 6965
0.0879 6965
0.088 6965
0.0881 6964
0.0882 6963
0.0883 6964
0.0884 6963
0.0885 6964
0.0886 6964
0.0887 6965
0.0888 6965
0.0889 6965
0.089 6965
0.0891 6964
0.0892 6964
0.0893 6963
0.0894 6961
0.0895 6961
0.0896 6961
0.0897 6961
0.0898 6961
0.0899 6961
0.09 6961
0.0901 6960
0.0902 6960
0.0903 6960
0.0904 6961
0.0905 6961
0.0906 6961
0.0907 6961
0.0908 6961
0.0909 6961
0.091 6960
0.0911 6960
0.0912 6960
0.0913 6959
0.0914 6960
0.0915 6960
0.0916 6960
0.0917 6961
0.0918 6961
0.0919 6961
0.092 6961
0.0921 6961
0.0922 6961
0.0923 6961
0.0924 6961
0.0925 6961
0.0926 6961
0.0927 6960
0.0928 6959
0.0929 6959
0.093 6959
0.0931 6959
0.0932 6958
0.0933 6957
0.0934 6955
0.0935 6955
0.0936 6955
0.0937 6954
0.0938 6953
0.0939 6953
0.094 6952
0.0941 6954
0.0942 6953
0.0943 6952
0.0944 6952
0.0945 6952
0.0946 6952
0.0947 6952
0.0948 6954
0.0949 6954
0.095 6954
0.0951 6954
0.0952 6954
0.0953 6954
0.0954 6955
0.0955 6953
0.0956 6952
0.0957 6952
0.0958 6952
0.0959 6951
0.096 6951
0.0961 6950
0.0962 6949
0.0963 6949
0.0964 6949
0.0965 6949
0.0966 6949
0.0967 6949
0.0968 6948
0.0969 6948
0.097 6948
0.0971 6948
0.0972 6948
0.0973 6949
0.0974 6949
0.0975 6949
0.0976 6949
0.0977 6948
0.0978 6949
0.0979 6949
0.098 6949
0.0981 6949
0.0982 6948
0.0983 6948
0.0984 6948
0.0985 6948
0.0986 6948
0.0987 6948
0.0988 6947
0.0989 6947
0.099 6945
0.0991 6945
0.0992 6944
0.0993 6944
0.0994 6945
0.0995 6945
0.0996 6945
0.0997 6945
0.0998 6945
0.0999 6944
0.1 6944
