0 0
0.0001 0
0.0002 0
0.0003 0
0.0004 0
0.0005 0
0.0006 0
0.0007 0
0.0008 0
0.0009 0
0.001 0
0.0011 0
0.0012 0
0.0013 0
0.0014 0
0.0015 0
0.0016 0
0.0017 0
0.0018 0
0.0019 0
0.002 0
0.0021 0
0.0022 0
0.0023 0
0.0024 0
0.0025 0
0.0026 0
0.0027 0
0.0028 1
0.0029 1
0.003 1
0.0031 1
0.0032 1
0.0033 0
0.0034 0
0.0035 0
0.0036 0
0.0037 0
0.0038 0
0.0039 0
0.004 0
0.0041 0
0.0042 0
0.0043 0
0.0044 0
0.0045 0
0.0046 0
0.0047 1
0.0048 1
0.0049 1
0.005 1
0.0051 1
0.0052 1
0.0053 1
0.0054 1
0.0055 1
0.0056 2
0.0057 1
0.0058 1
0.0059 1
0.006 1
0.0061 1
0.0062 1
0.0063 1
0.0064 1
0.0065 2
0.0066 2
0.0067 1
0.0068 1
0.0069 1
0.007 1
0.0071 1
0.0072 2
0.0073 3
0.0074 3
0.0075 2
0.0076 2
0.0077 2
0.0078 2
0.0079 1
0.008 1
0.0081 1
0.0082 1
0.0083 1
0.0084 1
0.0085 1
0.0086 1
0.0087 1
0.0088 0
0.0089 0
0.009 0
0.0091 1
0.0092 1
0.0093 1
0.0094 1
0.0095 1
0.0096 1
0.0097 2
0.0098 1
0.0099 1
0.01 4
0.0101 4
0.0102 4
0.0103 4
0.0104 3
0.0105 3
0.0106 2
0.0107 2
0.0108 2
0.0109 3
0.011 3
0.0111 3
0.0112 3
0.0113 2
0.0114 2
0.0115 2
0.0116 2
0.0117 2
0.0118 2
0.0119 2
0.012 3
0.0121 3
0.0122 3
0.0123 3
0.0124 3
0.0125 3
0.0126 4
0.0127 4
0.0128 4
0.0129 4
0.013 6
0.0131 5
0.0132 5
0.0133 2
0.0134 2
0.0135 2
0.0136 2
0.0137 2
0.0138 2
0.0139 3
0.014 2
0.0141 2
0.0142 2
0.0143 2
0.0144 1
0.0145 1
0.0146 2
0.0147 2
0.0148 3
0.0149 4
0.015 3
0.0151 3
0.0152 3
0.0153 2
0.0154 2
0.0155 2
0.0156 2
0.0157 2
0.0158 2
0.0159 3
0.016 2
0.0161 1
0.0162 3
0.0163 3
0.0164 3
0.0165 3
0.0166 2
0.0167 2
0.0168 2
0.0169 1
0.017 2
0.0171 2
0.0172 2
0.0173 2
0.0174 1
0.0175 1
0.0176 0
0.0177 0
0.0178 0
0.0179 1
0.018 1
0.0181 1
0.0182 1
0.0183 1
0.0184 1
0.0185 1
0.0186 1
0.0187 1
0.0188 2
0.0189 2
0.019 2
0.0191 2
0.0192 2
0.0193 2
0.0194 2
0.0195 2
0.0196 1
0.0197 1
0.0198 1
0.0199 1
0.02 1
0.0201 1
0.0202 1
0.0203 1
0.0204 1
0.0205 1
0.0206 1
0.0207 1
0.0208 1
0.0209 1
0.021 1
0.0211 1
0.0212 1
0.0213 1
0.0214 1
0.0215 1
0.0216 1
0.0217 1
0.0218 1
0.0219 1
0.022 2
0.0221 2
0.0222 2
0.0223 2
0.0224 2
0.0225 2
0.0226 2
0.0227 2
0.0228 2
0.0229 3
0.023 3
0.0231 3
0.0232 3
0.0233 3
0.0234 3
0.0235 4
0.0236 4
0.0237 4
0.0238 4
0.0239 4
0.024 6
0.0241 6
0.0242 5
0.0243 5
0.0244 5
0.0245 5
0.0246 4
0.0247 5
0.0248 5
0.0249 4
0.025 4
0.0251 5
0.0252 5
0.0253 7
0.0254 7
0.0255 8
0.0256 8
0.0257 7
0.0258 6
0.0259 6
0.026 8
0.0261 8
0.0262 6
0.0263 6
0.0264 5
0.0265 5
0.0266 5
0.0267 5
0.0268 5
0.0269 5
0.027 5
0.0271 5
0.0272 6
0.0273 6
0.0274 6
0.0275 6
0.0276 7
0.0277 7
0.0278 7
0.0279 7
0.028 8
0.0281 8
0.0282 7
0.0283 6
0.0284 6
0.0285 6
0.0286 5
0.0287 5
0.0288 5
0.0289 6
0.029 6
0.0291 6
0.0292 5
0.0293 4
0.0294 4
0.0295 4
0.0296 4
0.0297 4
0.0298 4
0.0299 4
0.03 4
0.0301 4
0.0302 4
0.0303 4
0.0304 5
0.0305 5
0.0306 5
0.0307 6
0.0308 6
0.0309 6
0.031 6
0.0311 5
0.0312 5
0.0313 6
0.0314 6
0.0315 5
0.0316 5
0.0317 5
0.0318 5
0.0319 5
0.032 5
0.0321 5
0.0322 5
0.0323 6
0.0324 6
0.0325 6
0.0326 6
0.0327 6
0.0328 6
0.0329 6
0.033 7
0.0331 5
0.0332 6
0.0333 4
0.0334 4
0.0335 5
0.0336 3
0.0337 3
0.0338 3
0.0339 3
0.034 4
0.0341 4
0.0342 4
0.0343 4
0.0344 4
0.0345 4
0.0346 4
0.0347 5
0.0348 5
0.0349 5
0.035 4
0.0351 5
0.0352 5
0.0353 4
0.0354 4
0.0355 4
0.0356 4
0.0357 5
0.0358 5
0.0359 5
0.036 5
0.0361 6
0.0362 6
0.0363 6
0.0364 5
0.0365 5
0.0366 5
0.0367 4
0.0368 4
0.0369 4
0.037 4
0.0371 4
0.0372 3
0.0373 4
0.0374 3
0.0375 3
0.0376 2
0.0377 2
0.0378 2
0.0379 2
0.038 2
0.0381 2
0.0382 2
0.0383 1
0.0384 2
0.0385 2
0.0386 2
0.0387 3
0.0388 3
0.0389 3
0.039 3
0.0391 4
0.0392 4
0.0393 4
0.0394 5
0.0395 5
0.0396 5
0.0397 4
0.0398 3
0.0399 4
0.04 4
0.0401 4
0.0402 4
0.0403 4
0.0404 5
0.0405 5
0.0406 5
0.0407 4
0.0408 4
0.0409 5
0.041 4
0.0411 3
0.0412 3
0.0413 3
0.0414 3
0.0415 3
0.0416 3
0.0417 3
0.0418 4
0.0419 4
0.042 4
0.0421 4
0.0422 4
0.0423 4
0.0424 3
0.0425 3
0.0426 3
0.0427 3
0.0428 3
0.0429 5
0.043 5
0.0431 4
0.0432 4
0.0433 3
0.0434 3
0.0435 2
0.0436 3
0.0437 3
0.0438 3
0.0439 2
0.044 2
0.0441 3
0.0442 3
0.0443 3
0.0444 3
0.0445 2
0.0446 2
0.0447 4
0.0448 3
0.0449 4
0.045 4
0.0451 4
0.0452 4
0.0453 5
0.0454 5
0.0455 5
0.0456 5
0.0457 6
0.0458 6
0.0459 6
0.046 6
0.0461 5
0.0462 5
0.0463 5
0.0464 5
0.0465 5
0.0466 5
0.0467 5
0.0468 5
0.0469 5
0.047 4
0.0471 4
0.0472 4
0.0473 4
0.0474 4
0.0475 4
0.0476 4
0.0477 4
0.0478 5
0.0479 5
0.048 5
0.0481 5
0.0482 5
0.0483 5
0.0484 4
0.0485 5
0.0486 4
0.0487 4
0.0488 4
0.0489 4
0.049 4
0.0491 4
0.0492 4
0.0493 4
0.0494 5
0.0495 3
0.0496 3
0.0497 3
0.0498 2
0.0499 2
0.05 3
0.0501 4
0.0502 4
0.0503 3
0.0504 4
0.0505 6
0.0506 7
0.0507 7
0.0508 7
0.0509 7
0.051 7
0.0511 6
0.0512 5
0.0513 5
0.0514 5
0.0515 5
0.0516 5
0.0517 4
0.0518 4
0.0519 5
0.052 5
0.0521 5
0.0522 5
0.0523 5
0.0524 5
0.0525 4
0.0526 3
0.0527 3
0.0528 3
0.0529 4
0.053 4
0.0531 4
0.0532 4
0.0533 4
0.0534 4
0.0535 4
0.0536 4
0.0537 4
0.0538 6
0.0539 5
0.054 5
0.0541 4
0.0542 5
0.0543 4
0.0544 4
0.0545 4
0.0546 4
0.0547 4
0.0548 4
0.0549 4
0.055 4
0.0551 4
0.0552 4
0.0553 4
0.0554 6
0.0555 6
0.0556 5
0.0557 7
0.0558 7
0.0559 7
0.056 7
0.0561 6
0.0562 6
0.0563 6
0.0564 6
0.0565 6
0.0566 6
0.0567 6
0.0568 6
0.0569 6
0.057 6
0.0571 5
0.0572 5
0.0573 6
0.0574 6
0.0575 6
0.0576 6
0.0577 6
0.0578 6
0.0579 5
0.058 5
0.0581 5
0.0582 6
0.0583 6
0.0584 6
0.0585 6
0.0586 6
0.0587 6
0.0588 6
0.0589 7
0.059 7
0.0591 6
0.0592 7
0.0593 8
0.0594 8
0.0595 8
0.0596 6
0.0597 6
0.0598 5
0.0599 5
0.06 5
0.0601 6
0.0602 6
0.0603 6
0.0604 7
0.0605 7
0.0606 5
0.0607 5
0.0608 5
0.0609 5
0.061 5
0.0611 6
0.0612 6
0.0613 8
0.0614 8
0.0615 9
0.0616 10
0.0617 9
0.0618 9
0.0619 9
0.062 8
0.0621 8
0.0622 10
0.0623 10
0.0624 10
0.0625 9
0.0626 9
0.0627 8
0.0628 7
0.0629 7
0.063 7
0.0631 7
0.0632 7
0.0633 7
0.0634 7
0.0635 6
0.0636 6
0.0637 6
0.0638 6
0.0639 6
0.064 6
0.0641 6
0.0642 6
0.0643 7
0.0644 7
0.0645 6
0.0646 7
0.0647 7
0.0648 7
0.0649 7
0.065 6
0.0651 6
0.0652 6
0.0653 6
0.0654 5
0.0655 4
0.0656 4
0.0657 4
0.0658 4
0.0659 2
0.066 3
0.0661 4
0.0662 5
0.0663 5
0.0664 3
0.0665 5
0.0666 5
0.0667 5
0.0668 5
0.0669 5
0.067 5
0.0671 6
0.0672 6
0.0673 5
0.0674 5
0.0675 6
0.0676 7
0.0677 7
0.0678 7
0.0679 7
0.068 7
0.0681 7
0.0682 8
0.0683 8
0.0684 8
0.0685 8
0.0686 8
0.0687 7
0.0688 8
0.0689 8
0.069 8
0.0691 7
0.0692 7
0.0693 7
0.0694 7
0.0695 7
0.0696 6
0.0697 7
0.0698 7
0.0699 5
0.07 6
0.0701 6
0.0702 4
0.0703 4
0.0704 4
0.0705 4
0.0706 4
0.0707 4
0.0708 4
0.0709 4
0.071 5
0.0711 4
0.0712 4
0.0713 4
0.0714 5
0.0715 6
0.0716 6
0.0717 6
0.0718 6
0.0719 5
0.072 5
0.0721 4
0.0722 6
0.0723 6
0.0724 7
0.0725 7
0.0726 7
0.0727 7
0.0728 7
0.0729 7
0.073 7
0.0731 5
0.0732 5
0.0733 5
0.0734 5
0.0735 4
0.0736 4
0.0737 4
0.0738 4
0.0739 4
0.074 4
0.0741 4
0.0742 3
0.0743 3
0.0744 3
0.0745 3
0.0746 4
0.0747 4
0.0748 4
0.0749 4
0.075 4
0.0751 5
0.0752 6
0.0753 6
0.0754 6
0.0755 7
0.0756 7
0.0757 7
0.0758 7
0.0759 7
0.076 7
0.0761 6
0.0762 6
0.0763 6
0.0764 7
0.0765 7
0.0766 7
0.0767 6
0.0768 7
0.0769 7
0.077 7
0.0771 8
0.0772 8
0.0773 9
0.0774 9
0.0775 9
0.0776 8
0.0777 7
0.0778 7
0.0779 7
0.078 7
0.0781 7
0.0782 7
0.0783 7
0.0784 6
0.0785 6
0.0786 6
0.0787 7
0.0788 7
0.0789 7
0.079 6
0.0791 6
0.0792 6
0.0793 6
0.0794 5
0.0795 5
0.0796 6
0.0797 5
0.0798 5
0.0799 5
0.08 5
0.0801 4
0.0802 4
0.0803 4
0.0804 4
0.0805 5
0.0806 5
0.0807 6
0.0808 5
0.0809 5
0.081 5
0.0811 5
0.0812 4
0.0813 4
0.0814 4
0.0815 4
0.0816 3
0.0817 4
0.0818 3
0.0819 3
0.082 3
0.0821 3
0.0822 3
0.0823 3
0.0824 3
0.0825 3
0.0826 3
0.0827 2
0.0828 2
0.0829 2
0.083 2
0.0831 2
0.0832 2
0.0833 2
0.0834 2
0.0835 2
0.0836 2
0.0837 2
0.0838 2
0.0839 2
0.084 3
0.0841 2
0.0842 2
0.0843 3
0.0844 3
0.0845 3
0.0846 3
0.0847 3
0.0848 3
0.0849 3
0.085 3
0.0851 3
0.0852 3
0.0853 3
0.0854 3
0.0855 4
0.0856 4
0.0857 4
0.0858 4
0.0859 4
0.086 4
0.0861 4
0.0862 4
0.0863 4
0.0864 4
0.0865 4
0.0866 5
0.0867 5
0.0868 5
0.0869 4
0.087 4
0.0871 4
0.0872 3
0.0873 5
0.0874 5
0.0875 5
0.0876 5
0.0877 5
0.0878 5
0.0879 5
0.088 5
0.0881 5
0.0882 5
0.0883 5
0.0884 5
0.0885 5
0.0886 5
0.0887 5
0.0888 5
0.0889 5
0.089 5
0.0891 4
0.0892 4
0.0893 4
0.0894 4
0.0895 4
0.0896 4
0.0897 4
0.0898 3
0.0899 3
0.09 3
0.0901 3
0.0902 3
0.0903 3
0.0904 3
0.0905 3
0.0906 3
0.0907 5
0.0908 4
0.0909 4
0.091 4
0.0911 4
0.0912 5
0.0913 5
0.0914 5
0.0915 5
0.0916 5
0.0917 6
0.0918 8
0.0919 9
0.092 9
0.0921 9
0.0922 8
0.0923 8
0.0924 8
0.0925 8
0.0926 8
0.0927 8
0.0928 8
0.0929 9
0.093 9
0.0931 9
0.0932 8
0.0933 8
0.0934 8
0.0935 8
0.0936 7
0.0937 7
0.0938 7
0.0939 7
0.094 6
0.0941 6
0.0942 6
0.0943 6
0.0944 5
0.0945 5
0.0946 4
0.0947 4
0.0948 4
0.0949 4
0.095 3
0.0951 3
0.0952 3
0.0953 3
0.0954 4
0.0955 5
0.0956 5
0.0957 5
0.0958 5
0.0959 2
0.096 2
0.0961 2
0.0962 2
0.0963 2
0.0964 2
0.0965 2
0.0966 2
0.0967 3
0.0968 3
0.0969 4
0.097 4
0.0971 5
0.0972 6
0.0973 6
0.0974 5
0.0975 5
0.0976 5
0.0977 5
0.0978 6
0.0979 7
0.098 6
0.0981 6
0.0982 6
0.0983 6
0.0984 6
0.0985 6
0.0986 5
0.0987 5
0.0988 4
0.0989 4
0.099 4
0.0991 3
0.0992 3
0.0993 3
0.0994 3
0.0995 3
0.0996 3
0.0997 3
0.0998 3
0.0999 4
0.1 4
