0 0
0.0001 0
0.0002 0
0.0003 0
0.0004 0
0.0005 0
0.0006 0
0.0007 0
0.0008 0
0.0009 0
0.001 0
0.0011 0
0.0012 0
0.0013 0
0.0014 0
0.0015 0
0.0016 0
0.0017 0
0.0018 0
0.0019 0
0.002 0
0.0021 0
0.0022 0
0.0023 0
0.0024 0
0.0025 0
0.0026 0
0.0027 1
0.0028 1
0.0029 1
0.003 1
0.0031 2
0.0032 2
0.0033 4
0.0034 4
0.0035 5
0.0036 7
0.0037 8
0.0038 9
0.0039 13
0.004 14
0.0041 16
0.0042 16
0.0043 18
0.0044 18
0.0045 21
0.0046 24
0.0047 31
0.0048 33
0.0049 38
0.005 39
0.0051 43
0.0052 49
0.0053 51
0.0054 53
0.0055 57
0.0056 60
0.0057 61
0.0058 63
0.0059 64
0.006 67
0.0061 69
0.0062 71
0.0063 73
0.0064 74
0.0065 79
0.0066 80
0.0067 82
0.0068 86
0.0069 92
0.007 94
0.0071 98
0.0072 103
0.0073 105
0.0074 113
0.0075 116
0.0076 120
0.0077 122
0.0078 126
0.0079 133
0.008 133
0.0081 142
0.0082 144
0.0083 148
0.0084 149
0.0085 156
0.0086 158
0.0087 159
0.0088 166
0.0089 173
0.009 177
0.0091 189
0.0092 196
0.0093 205
0.0094 208
0.0095 216
0.0096 222
0.0097 229
0.0098 235
0.0099 243
0.01 254
0.0101 261
0.0102 269
0.0103 274
0.0104 283
0.0105 288
0.0106 294
0.0107 303
0.0108 307
0.0109 313
0.011 326
0.0111 330
0.0112 337
0.0113 344
0.0114 354
0.0115 367
0.0116 376
0.0117 378
0.0118 392
0.0119 404
0.012 412
0.0121 418
0.0122 427
0.0123 438
0.0124 440
0.0125 452
0.0126 456
0.0127 464
0.0128 464
0.0129 469
0.013 480
0.0131 490
0.0132 503
0.0133 508
0.0134 519
0.0135 528
0.0136 539
0.0137 550
0.0138 555
0.0139 566
0.014 577
0.0141 582
0.0142 589
0.0143 597
0.0144 607
0.0145 612
0.0146 618
0.0147 626
0.0148 638
0.0149 637
0.015 650
0.0151 659
0.0152 669
0.0153 675
0.0154 686
0.0155 692
0.0156 704
0.0157 719
0.0158 726
0.0159 734
0.016 743
0.0161 752
0.0162 757
0.0163 770
0.0164 781
0.0165 799
0.0166 805
0.0167 810
0.0168 821
0.0169 827
0.017 839
0.0171 846
0.0172 859
0.0173 868
0.0174 875
0.0175 886
0.0176 895
0.0177 904
0.0178 922
0.0179 928
0.018 937
0.0181 941
0.0182 952
0.0183 955
0.0184 962
0.0185 965
0.0186 976
0.0187 984
0.0188 996
0.0189 1003
0.019 1015
0.0191 1021
0.0192 1034
0.0193 1044
0.0194 1060
0.0195 1063
0.0196 1081
0.0197 1087
0.0198 1092
0.0199 1104
0.02 1114
0.0201 1116
0.0202 1134
0.0203 1146
0.0204 1155
0.0205 1173
0.0206 1178
0.0207 1187
0.0208 1199
0.0209 1214
0.021 1215
0.0211 1233
0.0212 1244
0.0213 1254
0.0214 1265
0.0215 1267
0.0216 1275
0.0217 1285
0.0218 1291
0.0219 1302
0.022 1315
0.0221 1327
0.0222 1331
0.0223 1341
0.0224 1354
0.0225 1368
0.0226 1375
0.0227 1383
0.0228 1388
0.0229 1396
0.023 1414
0.0231 1421
0.0232 1432
0.0233 1444
0.0234 1452
0.0235 1464
0.0236 1482
0.0237 1489
0.0238 1502
0.0239 1510
0.024 1513
0.0241 1516
0.0242 1517
0.0243 1527
0.0244 1534
0.0245 1538
0.0246 1556
0.0247 1565
0.0248 1570
0.0249 1580
0.025 1580
0.0251 1604
0.0252 1601
0.0253 1622
0.0254 1636
0.0255 1649
0.0256 1654
0.0257 1665
0.0258 1671
0.0259 1685
0.026 1701
0.0261 1709
0.0262 1712
0.0263 1713
0.0264 1719
0.0265 1731
0.0266 1732
0.0267 1740
0.0268 1752
0.0269 1749
0.027 1748
0.0271 1753
0.0272 1740
0.0273 1754
0.0274 1758
0.0275 1760
0.0276 1758
0.0277 1762
0.0278 1774
0.0279 1775
0.028 1792
0.0281 1798
0.0282 1782
0.0283 1786
0.0284 1769
0.0285 1761
0.0286 1749
0.0287 1733
0.0288 1716
0.0289 1689
0.029 1656
0.0291 1627
0.0292 1608
0.0293 1574
0.0294 1539
0.0295 1497
0.0296 1457
0.0297 1414
0.0298 1385
0.0299 1349
0.03 1324
0.0301 1292
0.0302 1260
0.0303 1236
0.0304 1205
0.0305 1193
0.0306 1181
0.0307 1165
0.0308 1145
0.0309 1127
0.031 1105
0.0311 1091
0.0312 1077
0.0313 1048
0.0314 1021
0.0315 1000
0.0316 979
0.0317 966
0.0318 951
0.0319 940
0.032 929
0.0321 916
0.0322 893
0.0323 888
0.0324 889
0.0325 891
0.0326 897
0.0327 900
0.0328 903
0.0329 912
0.033 917
0.0331 913
0.0332 892
0.0333 883
0.0334 873
0.0335 854
0.0336 830
0.0337 807
0.0338 789
0.0339 770
0.034 749
0.0341 732
0.0342 724
0.0343 704
0.0344 707
0.0345 702
0.0346 688
0.0347 679
0.0348 672
0.0349 666
0.035 663
0.0351 658
0.0352 652
0.0353 640
0.0354 630
0.0355 627
0.0356 618
0.0357 612
0.0358 597
0.0359 588
0.036 581
0.0361 567
0.0362 557
0.0363 546
0.0364 535
0.0365 522
0.0366 515
0.0367 511
0.0368 502
0.0369 503
0.037 490
0.0371 491
0.0372 482
0.0373 476
0.0374 473
0.0375 471
0.0376 462
0.0377 462
0.0378 454
0.0379 452
0.038 440
0.0381 430
0.0382 422
0.0383 423
0.0384 422
0.0385 419
0.0386 418
0.0387 407
0.0388 408
0.0389 431
0.039 432
0.0391 436
0.0392 434
0.0393 431
0.0394 426
0.0395 418
0.0396 413
0.0397 415
0.0398 418
0.0399 421
0.04 424
0.0401 425
0.0402 418
0.0403 421
0.0404 413
0.0405 409
0.0406 403
0.0407 410
0.0408 409
0.0409 409
0.041 429
0.0411 455
0.0412 465
0.0413 456
0.0414 452
0.0415 449
0.0416 450
0.0417 444
0.0418 445
0.0419 437
0.042 439
0.0421 440
0.0422 425
0.0423 425
0.0424 417
0.0425 416
0.0426 410
0.0427 407
0.0428 412
0.0429 410
0.043 403
0.0431 396
0.0432 387
0.0433 381
0.0434 369
0.0435 370
0.0436 383
0.0437 410
0.0438 441
0.0439 442
0.044 450
0.0441 455
0.0442 461
0.0443 463
0.0444 462
0.0445 462
0.0446 469
0.0447 488
0.0448 488
0.0449 485
0.045 482
0.0451 484
0.0452 478
0.0453 468
0.0454 463
0.0455 450
0.0456 447
0.0457 443
0.0458 443
0.0459 441
0.046 433
0.0461 424
0.0462 415
0.0463 405
0.0464 402
0.0465 398
0.0466 394
0.0467 390
0.0468 387
0.0469 386
0.047 375
0.0471 372
0.0472 361
0.0473 352
0.0474 347
0.0475 340
0.0476 330
0.0477 323
0.0478 320
0.0479 318
0.048 315
0.0481 304
0.0482 300
0.0483 298
0.0484 303
0.0485 308
0.0486 306
0.0487 300
0.0488 296
0.0489 295
0.049 297
0.0491 304
0.0492 306
0.0493 305
0.0494 299
0.0495 295
0.0496 295
0.0497 287
0.0498 279
0.0499 276
0.05 273
0.0501 265
0.0502 256
0.0503 254
0.0504 248
0.0505 250
0.0506 250
0.0507 244
0.0508 239
0.0509 233
0.051 226
0.0511 225
0.0512 224
0.0513 226
0.0514 221
0.0515 220
0.0516 216
0.0517 213
0.0518 208
0.0519 204
0.052 200
0.0521 199
0.0522 191
0.0523 188
0.0524 185
0.0525 184
0.0526 185
0.0527 186
0.0528 187
0.0529 193
0.053 209
0.0531 208
0.0532 209
0.0533 205
0.0534 211
0.0535 211
0.0536 208
0.0537 207
0.0538 207
0.0539 206
0.054 212
0.0541 215
0.0542 231
0.0543 237
0.0544 241
0.0545 247
0.0546 239
0.0547 239
0.0548 238
0.0549 239
0.055 240
0.0551 245
0.0552 252
0.0553 250
0.0554 254
0.0555 254
0.0556 253
0.0557 251
0.0558 256
0.0559 256
0.056 260
0.0561 268
0.0562 274
0.0563 282
0.0564 285
0.0565 288
0.0566 294
0.0567 296
0.0568 294
0.0569 291
0.057 292
0.0571 288
0.0572 291
0.0573 299
0.0574 325
0.0575 352
0.0576 394
0.0577 435
0.0578 471
0.0579 517
0.058 546
0.0581 583
0.0582 613
0.0583 646
0.0584 666
0.0585 670
0.0586 674
0.0587 665
0.0588 673
0.0589 686
0.059 713
0.0591 733
0.0592 737
0.0593 745
0.0594 749
0.0595 761
0.0596 767
0.0597 769
0.0598 773
0.0599 779
0.06 776
0.0601 778
0.0602 771
0.0603 784
0.0604 788
0.0605 800
0.0606 800
0.0607 815
0.0608 809
0.0609 818
0.061 818
0.0611 822
0.0612 821
0.0613 817
0.0614 829
0.0615 831
0.0616 836
0.0617 831
0.0618 834
0.0619 829
0.062 842
0.0621 852
0.0622 856
0.0623 859
0.0624 854
0.0625 853
0.0626 853
0.0627 862
0.0628 860
0.0629 868
0.063 867
0.0631 873
0.0632 873
0.0633 887
0.0634 877
0.0635 887
0.0636 886
0.0637 894
0.0638 906
0.0639 901
0.064 903
0.0641 907
0.0642 914
0.0643 920
0.0644 919
0.0645 934
0.0646 932
0.0647 941
0.0648 942
0.0649 944
0.065 948
0.0651 952
0.0652 951
0.0653 951
0.0654 967
0.0655 963
0.0656 970
0.0657 973
0.0658 975
0.0659 985
0.066 992
0.0661 1000
0.0662 1010
0.0663 1009
0.0664 1018
0.0665 1017
0.0666 1023
0.0667 1031
0.0668 1037
0.0669 1044
0.067 1047
0.0671 1045
0.0672 1048
0.0673 1060
0.0674 1066
0.0675 1066
0.0676 1063
0.0677 1082
0.0678 1081
0.0679 1081
0.068 1084
0.0681 1085
0.0682 1093
0.0683 1095
0.0684 1093
0.0685 1100
0.0686 1103
0.0687 1110
0.0688 1117
0.0689 1124
0.069 1128
0.0691 1131
0.0692 1136
0.0693 1145
0.0694 1146
0.0695 1151
0.0696 1159
0.0697 1163
0.0698 1169
0.0699 1181
0.07 1181
0.0701 1183
0.0702 1190
0.0703 1189
0.0704 1190
0.0705 1199
0.0706 1203
0.0707 1210
0.0708 1216
0.0709 1224
0.071 1220
0.0711 1226
0.0712 1229
0.0713 1233
0.0714 1236
0.0715 1236
0.0716 1240
0.0717 1253
0.0718 1254
0.0719 1258
0.072 1262
0.0721 1277
0.0722 1278
0.0723 1282
0.0724 1290
0.0725 1293
0.0726 1301
0.0727 1313
0.0728 1315
0.0729 1324
0.073 1327
0.0731 1335
0.0732 1335
0.0733 1339
0.0734 1358
0.0735 1363
0.0736 1364
0.0737 1372
0.0738 1379
0.0739 1397
0.074 1396
0.0741 1408
0.0742 1409
0.0743 1413
0.0744 1419
0.0745 1432
0.0746 1451
0.0747 1451
0.0748 1461
0.0749 1467
0.075 1480
0.0751 1491
0.0752 1503
0.0753 1504
0.0754 1521
0.0755 1516
0.0756 1539
0.0757 1530
0.0758 1548
0.0759 1548
0.076 1564
0.0761 1565
0.0762 1568
0.0763 1573
0.0764 1573
0.0765 1593
0.0766 1600
0.0767 1612
0.0768 1618
0.0769 1615
0.077 1625
0.0771 1632
0.0772 1647
0.0773 1654
0.0774 1656
0.0775 1668
0.0776 1664
0.0777 1673
0.0778 1683
0.0779 1693
0.078 1690
0.0781 1721
0.0782 1723
0.0783 1729
0.0784 1723
0.0785 1732
0.0786 1748
0.0787 1749
0.0788 1754
0.0789 1744
0.079 1759
0.0791 1761
0.0792 1761
0.0793 1759
0.0794 1764
0.0795 1777
0.0796 1773
0.0797 1791
0.0798 1784
0.0799 1793
0.08 1797
0.0801 1795
0.0802 1809
0.0803 1827
0.0804 1834
0.0805 1839
0.0806 1847
0.0807 1854
0.0808 1854
0.0809 1862
0.081 1848
0.0811 1850
0.0812 1851
0.0813 1866
0.0814 1862
0.0815 1843
0.0816 1861
0.0817 1864
0.0818 1870
0.0819 1873
0.082 1888
0.0821 1886
0.0822 1894
0.0823 1900
0.0824 1909
0.0825 1932
0.0826 1931
0.0827 1943
0.0828 1943
0.0829 1953
0.083 1962
0.0831 1969
0.0832 1984
0.0833 1994
0.0834 2007
0.0835 2019
0.0836 2026
0.0837 2027
0.0838 2027
0.0839 2026
0.084 2030
0.0841 2042
0.0842 2059
0.0843 2062
0.0844 2074
0.0845 2076
0.0846 2079
0.0847 2093
0.0848 2102
0.0849 2102
0.085 2114
0.0851 2090
0.0852 2107
0.0853 2104
0.0854 2097
0.0855 2110
0.0856 2109
0.0857 2126
0.0858 2121
0.0859 2129
0.086 2133
0.0861 2126
0.0862 2130
0.0863 2120
0.0864 2116
0.0865 2090
0.0866 2077
0.0867 2067
0.0868 2070
0.0869 2078
0.087 2083
0.0871 2089
0.0872 2079
0.0873 2081
0.0874 2077
0.0875 2070
0.0876 2062
0.0877 2053
0.0878 2031
0.0879 2002
0.088 1977
0.0881 1950
0.0882 1908
0.0883 1885
0.0884 1869
0.0885 1844
0.0886 1824
0.0887 1795
0.0888 1749
0.0889 1724
0.089 1703
0.0891 1672
0.0892 1639
0.0893 1598
0.0894 1564
0.0895 1537
0.0896 1501
0.0897 1477
0.0898 1449
0.0899 1423
0.09 1387
0.0901 1360
0.0902 1323
0.0903 1294
0.0904 1278
0.0905 1253
0.0906 1223
0.0907 1195
0.0908 1164
0.0909 1122
0.091 1092
0.0911 1069
0.0912 1045
0.0913 1012
0.0914 992
0.0915 981
0.0916 958
0.0917 944
0.0918 930
0.0919 912
0.092 892
0.0921 870
0.0922 855
0.0923 832
0.0924 813
0.0925 792
0.0926 777
0.0927 767
0.0928 754
0.0929 750
0.093 742
0.0931 724
0.0932 712
0.0933 700
0.0934 685
0.0935 674
0.0936 661
0.0937 655
0.0938 652
0.0939 634
0.094 631
0.0941 620
0.0942 610
0.0943 600
0.0944 593
0.0945 586
0.0946 574
0.0947 569
0.0948 560
0.0949 557
0.095 552
0.0951 539
0.0952 532
0.0953 523
0.0954 516
0.0955 503
0.0956 487
0.0957 478
0.0958 467
0.0959 464
0.096 461
0.0961 456
0.0962 453
0.0963 446
0.0964 428
0.0965 428
0.0966 426
0.0967 421
0.0968 419
0.0969 416
0.097 402
0.0971 391
0.0972 381
0.0973 375
0.0974 359
0.0975 354
0.0976 352
0.0977 351
0.0978 351
0.0979 347
0.098 345
0.0981 346
0.0982 342
0.0983 338
0.0984 326
0.0985 316
0.0986 316
0.0987 313
0.0988 315
0.0989 311
0.099 309
0.0991 310
0.0992 313
0.0993 320
0.0994 323
0.0995 339
0.0996 337
0.0997 337
0.0998 331
0.0999 330
0.1 324
0.1001 315
0.1002 313
0.1003 305
0.1004 303
0.1005 301
0.1006 299
0.1007 297
0.1008 295
0.1009 297
0.101 294
0.1011 298
0.1012 304
0.1013 304
0.1014 309
0.1015 315
0.1016 314
0.1017 314
0.1018 312
0.1019 315
0.102 313
0.1021 320
0.1022 319
0.1023 320
0.1024 319
0.1025 312
0.1026 307
0.1027 296
0.1028 297
0.1029 301
0.103 303
0.1031 312
0.1032 315
0.1033 317
0.1034 324
0.1035 329
0.1036 327
0.1037 322
0.1038 319
0.1039 312
0.104 313
0.1041 306
0.1042 300
0.1043 294
0.1044 289
0.1045 286
0.1046 287
0.1047 286
0.1048 281
0.1049 274
0.105 268
0.1051 262
0.1052 261
0.1053 258
0.1054 250
0.1055 243
0.1056 237
0.1057 236
0.1058 225
0.1059 219
0.106 213
0.1061 204
0.1062 200
0.1063 195
0.1064 194
0.1065 190
0.1066 189
0.1067 187
0.1068 190
0.1069 201
0.107 215
0.1071 227
0.1072 241
0.1073 254
0.1074 259
0.1075 256
0.1076 253
0.1077 253
0.1078 271
0.1079 280
0.108 280
0.1081 289
0.1082 308
0.1083 323
0.1084 357
0.1085 390
0.1086 401
0.1087 404
0.1088 403
0.1089 410
0.109 414
0.1091 415
0.1092 426
0.1093 418
0.1094 416
0.1095 416
0.1096 407
0.1097 401
0.1098 396
0.1099 398
0.11 395
0.1101 391
0.1102 392
0.1103 381
0.1104 384
0.1105 380
0.1106 380
0.1107 381
0.1108 374
0.1109 374
0.111 355
0.1111 354
0.1112 348
0.1113 341
0.1114 340
0.1115 335
0.1116 336
0.1117 335
0.1118 336
0.1119 332
0.112 336
0.1121 351
0.1122 375
0.1123 397
0.1124 432
0.1125 460
0.1126 503
0.1127 534
0.1128 567
0.1129 582
0.113 579
0.1131 581
0.1132 583
0.1133 585
0.1134 582
0.1135 570
0.1136 562
0.1137 554
0.1138 545
0.1139 533
0.114 517
0.1141 508
0.1142 498
0.1143 483
0.1144 472
0.1145 461
0.1146 451
0.1147 442
0.1148 435
0.1149 428
0.115 423
0.1151 415
0.1152 423
0.1153 424
0.1154 418
0.1155 419
0.1156 421
0.1157 419
0.1158 419
0.1159 416
0.116 405
0.1161 397
0.1162 390
0.1163 389
0.1164 391
0.1165 385
0.1166 380
0.1167 372
0.1168 368
0.1169 363
0.117 357
0.1171 354
0.1172 348
0.1173 341
0.1174 333
0.1175 329
0.1176 327
0.1177 332
0.1178 326
0.1179 316
0.118 315
0.1181 313
0.1182 313
0.1183 306
0.1184 307
0.1185 304
0.1186 305
0.1187 306
0.1188 304
0.1189 302
0.119 294
0.1191 283
0.1192 303
0.1193 322
0.1194 353
0.1195 378
0.1196 405
0.1197 441
0.1198 462
0.1199 477
0.12 487
0.1201 494
0.1202 505
0.1203 538
0.1204 562
0.1205 581
0.1206 595
0.1207 610
0.1208 613
0.1209 617
0.121 634
0.1211 642
0.1212 658
0.1213 670
0.1214 681
0.1215 695
0.1216 690
0.1217 687
0.1218 674
0.1219 667
0.122 653
0.1221 641
0.1222 634
0.1223 627
0.1224 630
0.1225 620
0.1226 618
0.1227 603
0.1228 582
0.1229 563
0.123 552
0.1231 539
0.1232 529
0.1233 529
0.1234 517
0.1235 508
0.1236 492
0.1237 487
0.1238 491
0.1239 502
0.124 492
0.1241 507
0.1242 513
0.1243 525
0.1244 536
0.1245 536
0.1246 555
0.1247 587
0.1248 602
0.1249 631
0.125 650
0.1251 672
0.1252 675
0.1253 675
0.1254 675
0.1255 666
0.1256 658
0.1257 648
0.1258 657
0.1259 652
0.126 655
0.1261 655
0.1262 655
0.1263 669
0.1264 675
0.1265 684
0.1266 688
0.1267 700
0.1268 693
0.1269 696
0.127 694
0.1271 693
0.1272 688
0.1273 683
0.1274 676
0.1275 676
0.1276 679
0.1277 680
0.1278 691
0.1279 695
0.128 699
0.1281 716
0.1282 735
0.1283 745
0.1284 770
0.1285 771
0.1286 782
0.1287 795
0.1288 806
0.1289 810
0.129 810
0.1291 814
0.1292 824
0.1293 826
0.1294 832
0.1295 830
0.1296 827
0.1297 833
0.1298 843
0.1299 838
0.13 838
0.1301 845
0.1302 849
0.1303 856
0.1304 854
0.1305 859
0.1306 863
0.1307 860
0.1308 859
0.1309 857
0.131 865
0.1311 869
0.1312 865
0.1313 874
0.1314 867
0.1315 870
0.1316 876
0.1317 878
0.1318 875
0.1319 879
0.132 883
0.1321 884
0.1322 879
0.1323 883
0.1324 889
0.1325 893
0.1326 892
0.1327 895
0.1328 896
0.1329 895
0.133 902
0.1331 904
0.1332 906
0.1333 907
0.1334 909
0.1335 915
0.1336 912
0.1337 916
0.1338 913
0.1339 921
0.134 924
0.1341 925
0.1342 928
0.1343 935
0.1344 929
0.1345 931
0.1346 942
0.1347 949
0.1348 950
0.1349 955
0.135 962
0.1351 968
0.1352 976
0.1353 981
0.1354 985
0.1355 988
0.1356 995
0.1357 997
0.1358 995
0.1359 1009
0.136 1017
0.1361 1017
0.1362 1021
0.1363 1030
0.1364 1038
0.1365 1053
0.1366 1056
0.1367 1060
0.1368 1061
0.1369 1067
0.137 1077
0.1371 1077
0.1372 1087
0.1373 1095
0.1374 1101
0.1375 1104
0.1376 1111
0.1377 1129
0.1378 1134
0.1379 1146
0.138 1154
0.1381 1163
0.1382 1167
0.1383 1176
0.1384 1180
0.1385 1187
0.1386 1187
0.1387 1202
0.1388 1203
0.1389 1210
0.139 1215
0.1391 1223
0.1392 1235
0.1393 1248
0.1394 1253
0.1395 1259
0.1396 1265
0.1397 1274
0.1398 1283
0.1399 1296
0.14 1301
0.1401 1310
0.1402 1319
0.1403 1324
0.1404 1339
0.1405 1343
0.1406 1354
0.1407 1366
0.1408 1380
0.1409 1385
0.141 1390
0.1411 1400
0.1412 1411
0.1413 1412
0.1414 1432
0.1415 1433
0.1416 1438
0.1417 1449
0.1418 1459
0.1419 1462
0.142 1472
0.1421 1474
0.1422 1488
0.1423 1500
0.1424 1500
0.1425 1517
0.1426 1511
0.1427 1530
0.1428 1541
0.1429 1547
0.143 1554
0.1431 1562
0.1432 1577
0.1433 1580
0.1434 1593
0.1435 1605
0.1436 1614
0.1437 1620
0.1438 1620
0.1439 1626
0.144 1636
0.1441 1640
0.1442 1656
0.1443 1664
0.1444 1669
0.1445 1676
0.1446 1682
0.1447 1689
0.1448 1687
0.1449 1696
0.145 1704
0.1451 1705
0.1452 1717
0.1453 1713
0.1454 1732
0.1455 1735
0.1456 1743
0.1457 1755
0.1458 1764
0.1459 1776
0.146 1785
0.1461 1792
0.1462 1809
0.1463 1814
0.1464 1828
0.1465 1812
0.1466 1832
0.1467 1839
0.1468 1827
0.1469 1840
0.147 1838
0.1471 1838
0.1472 1857
0.1473 1869
0.1474 1866
0.1475 1878
0.1476 1888
0.1477 1903
0.1478 1900
0.1479 1911
0.148 1921
0.1481 1909
0.1482 1885
0.1483 1885
0.1484 1879
0.1485 1876
0.1486 1862
0.1487 1860
0.1488 1854
0.1489 1855
0.149 1852
0.1491 1848
0.1492 1838
0.1493 1846
0.1494 1848
0.1495 1867
0.1496 1874
0.1497 1858
0.1498 1861
0.1499 1858
0.15 1845
0.1501 1842
0.1502 1837
0.1503 1843
0.1504 1865
0.1505 1879
0.1506 1885
0.1507 1879
0.1508 1875
0.1509 1856
0.151 1850
0.1511 1840
0.1512 1821
0.1513 1798
0.1514 1765
0.1515 1731
0.1516 1695
0.1517 1656
0.1518 1626
0.1519 1618
0.152 1615
0.1521 1625
0.1522 1641
0.1523 1642
0.1524 1645
0.1525 1640
0.1526 1654
0.1527 1645
0.1528 1638
0.1529 1624
0.153 1582
0.1531 1576
0.1532 1560
0.1533 1536
0.1534 1539
0.1535 1537
0.1536 1526
0.1537 1524
0.1538 1513
0.1539 1519
0.154 1522
0.1541 1538
0.1542 1535
0.1543 1518
0.1544 1505
0.1545 1494
0.1546 1464
0.1547 1436
0.1548 1431
0.1549 1425
0.155 1405
0.1551 1377
0.1552 1353
0.1553 1329
0.1554 1301
0.1555 1276
0.1556 1257
0.1557 1235
0.1558 1209
0.1559 1186
0.156 1147
0.1561 1130
0.1562 1113
0.1563 1095
0.1564 1069
0.1565 1049
0.1566 1038
0.1567 1012
0.1568 996
0.1569 973
0.157 955
0.1571 935
0.1572 921
0.1573 912
0.1574 892
0.1575 877
0.1576 849
0.1577 823
0.1578 806
0.1579 793
0.158 782
0.1581 774
0.1582 760
0.1583 741
0.1584 729
0.1585 710
0.1586 689
0.1587 686
0.1588 675
0.1589 659
0.159 651
0.1591 642
0.1592 621
0.1593 602
0.1594 587
0.1595 577
0.1596 566
0.1597 563
0.1598 559
0.1599 555
0.16 567
0.1601 578
0.1602 595
0.1603 619
0.1604 643
0.1605 662
0.1606 671
0.1607 693
0.1608 743
0.1609 780
0.161 825
0.1611 888
0.1612 940
0.1613 979
0.1614 989
0.1615 999
0.1616 995
0.1617 987
0.1618 977
0.1619 946
0.162 932
0.1621 926
0.1622 902
0.1623 888
0.1624 877
0.1625 849
0.1626 821
0.1627 807
0.1628 787
0.1629 767
0.163 760
0.1631 744
0.1632 739
0.1633 724
0.1634 712
0.1635 694
0.1636 672
0.1637 664
0.1638 659
0.1639 648
0.164 644
0.1641 626
0.1642 614
0.1643 598
0.1644 587
0.1645 571
0.1646 565
0.1647 556
0.1648 547
0.1649 535
0.165 521
0.1651 512
0.1652 508
0.1653 500
0.1654 490
0.1655 480
0.1656 472
0.1657 460
0.1658 453
0.1659 444
0.166 450
0.1661 436
0.1662 434
0.1663 427
0.1664 426
0.1665 428
0.1666 431
0.1667 432
0.1668 429
0.1669 428
0.167 425
0.1671 425
0.1672 426
0.1673 421
0.1674 423
0.1675 419
0.1676 414
0.1677 413
0.1678 412
0.1679 421
0.168 423
0.1681 411
0.1682 400
0.1683 399
0.1684 391
0.1685 383
0.1686 373
0.1687 374
0.1688 369
0.1689 357
0.169 351
0.1691 340
0.1692 334
0.1693 334
0.1694 333
0.1695 334
0.1696 330
0.1697 334
0.1698 328
0.1699 327
0.17 322
0.1701 322
0.1702 321
0.1703 315
0.1704 318
0.1705 318
0.1706 319
0.1707 321
0.1708 321
0.1709 314
0.171 323
0.1711 322
0.1712 320
0.1713 311
0.1714 304
0.1715 301
0.1716 294
0.1717 298
0.1718 301
0.1719 297
0.172 300
0.1721 298
0.1722 301
0.1723 294
0.1724 290
0.1725 279
0.1726 272
0.1727 274
0.1728 270
0.1729 260
0.173 258
0.1731 263
0.1732 275
0.1733 302
0.1734 323
0.1735 342
0.1736 354
0.1737 360
0.1738 368
0.1739 378
0.174 383
0.1741 381
0.1742 375
0.1743 374
0.1744 384
0.1745 401
0.1746 422
0.1747 439
0.1748 449
0.1749 451
0.175 459
0.1751 447
0.1752 449
0.1753 449
0.1754 445
0.1755 440
0.1756 439
0.1757 431
0.1758 429
0.1759 428
0.176 439
0.1761 468
0.1762 498
0.1763 520
0.1764 534
0.1765 554
0.1766 565
0.1767 574
0.1768 578
0.1769 581
0.177 569
0.1771 558
0.1772 543
0.1773 535
0.1774 535
0.1775 536
0.1776 527
0.1777 527
0.1778 536
0.1779 532
0.178 532
0.1781 529
0.1782 527
0.1783 526
0.1784 529
0.1785 518
0.1786 508
0.1787 498
0.1788 483
0.1789 477
0.179 467
0.1791 459
0.1792 451
0.1793 439
0.1794 426
0.1795 414
0.1796 414
0.1797 409
0.1798 399
0.1799 402
0.18 396
0.1801 399
0.1802 390
0.1803 387
0.1804 385
0.1805 378
0.1806 380
0.1807 380
0.1808 378
0.1809 390
0.181 412
0.1811 439
0.1812 454
0.1813 471
0.1814 468
0.1815 471
0.1816 471
0.1817 469
0.1818 461
0.1819 454
0.182 446
0.1821 445
0.1822 442
0.1823 436
0.1824 431
0.1825 424
0.1826 419
0.1827 410
0.1828 405
0.1829 400
0.183 395
0.1831 390
0.1832 387
0.1833 378
0.1834 380
0.1835 368
0.1836 367
0.1837 364
0.1838 370
0.1839 369
0.184 378
0.1841 387
0.1842 402
0.1843 423
0.1844 431
0.1845 440
0.1846 449
0.1847 446
0.1848 456
0.1849 456
0.185 462
0.1851 463
0.1852 461
0.1853 468
0.1854 459
0.1855 458
0.1856 454
0.1857 454
0.1858 458
0.1859 453
0.186 453
0.1861 458
0.1862 463
0.1863 458
0.1864 459
0.1865 452
0.1866 452
0.1867 449
0.1868 451
0.1869 443
0.187 439
0.1871 434
0.1872 429
0.1873 425
0.1874 422
0.1875 422
0.1876 415
0.1877 408
0.1878 406
0.1879 398
0.188 390
0.1881 392
0.1882 385
0.1883 390
0.1884 386
0.1885 382
0.1886 378
0.1887 378
0.1888 382
0.1889 387
0.189 394
0.1891 411
0.1892 432
0.1893 467
0.1894 491
0.1895 516
0.1896 535
0.1897 547
0.1898 548
0.1899 541
0.19 524
0.1901 520
0.1902 509
0.1903 500
0.1904 492
0.1905 487
0.1906 488
0.1907 492
0.1908 505
0.1909 514
0.191 517
0.1911 521
0.1912 534
0.1913 535
0.1914 541
0.1915 553
0.1916 545
0.1917 532
0.1918 535
0.1919 537
0.192 542
0.1921 536
0.1922 527
0.1923 520
0.1924 514
0.1925 502
0.1926 495
0.1927 481
0.1928 474
0.1929 464
0.193 455
0.1931 442
0.1932 434
0.1933 433
0.1934 425
0.1935 414
0.1936 409
0.1937 411
0.1938 414
0.1939 413
0.194 423
0.1941 433
0.1942 446
0.1943 482
0.1944 503
0.1945 530
0.1946 546
0.1947 552
0.1948 556
0.1949 566
0.195 565
0.1951 564
0.1952 575
0.1953 576
0.1954 588
0.1955 580
0.1956 574
0.1957 562
0.1958 556
0.1959 559
0.196 560
0.1961 543
0.1962 539
0.1963 524
0.1964 512
0.1965 504
0.1966 492
0.1967 476
0.1968 469
0.1969 461
0.197 453
0.1971 444
0.1972 440
0.1973 440
0.1974 427
0.1975 418
0.1976 414
0.1977 410
0.1978 403
0.1979 397
0.198 397
0.1981 394
0.1982 393
0.1983 391
0.1984 400
0.1985 396
0.1986 396
0.1987 409
0.1988 417
0.1989 430
0.199 443
0.1991 453
0.1992 458
0.1993 479
0.1994 497
0.1995 517
0.1996 523
0.1997 533
0.1998 547
0.1999 575
0.2 579
0.2001 613
0.2002 624
0.2003 637
0.2004 649
0.2005 657
0.2006 657
0.2007 668
0.2008 680
0.2009 681
0.201 686
0.2011 690
0.2012 699
0.2013 704
0.2014 718
0.2015 719
0.2016 721
0.2017 723
0.2018 736
0.2019 739
0.202 740
0.2021 745
0.2022 749
0.2023 758
0.2024 758
0.2025 766
0.2026 767
0.2027 767
0.2028 773
0.2029 787
0.203 794
0.2031 794
0.2032 802
0.2033 801
0.2034 815
0.2035 817
0.2036 816
0.2037 821
0.2038 830
0.2039 828
0.204 837
0.2041 842
0.2042 849
0.2043 847
0.2044 859
0.2045 861
0.2046 861
0.2047 869
0.2048 868
0.2049 886
0.205 891
0.2051 904
0.2052 906
0.2053 914
0.2054 922
0.2055 934
0.2056 938
0.2057 939
0.2058 957
0.2059 962
0.206 967
0.2061 973
0.2062 984
0.2063 987
0.2064 998
0.2065 1002
0.2066 1007
0.2067 1017
0.2068 1024
0.2069 1034
0.207 1034
0.2071 1051
0.2072 1060
0.2073 1065
0.2074 1080
0.2075 1083
0.2076 1092
0.2077 1100
0.2078 1108
0.2079 1110
0.208 1135
0.2081 1144
0.2082 1143
0.2083 1145
0.2084 1154
0.2085 1163
0.2086 1172
0.2087 1182
0.2088 1191
0.2089 1209
0.209 1219
0.2091 1238
0.2092 1244
0.2093 1253
0.2094 1260
0.2095 1267
0.2096 1267
0.2097 1277
0.2098 1292
0.2099 1295
0.21 1307
0.2101 1312
0.2102 1315
0.2103 1331
0.2104 1343
0.2105 1349
0.2106 1359
0.2107 1370
0.2108 1372
0.2109 1388
0.211 1388
0.2111 1407
0.2112 1411
0.2113 1422
0.2114 1422
0.2115 1424
0.2116 1444
0.2117 1456
0.2118 1469
0.2119 1485
0.212 1489
0.2121 1502
0.2122 1521
0.2123 1542
0.2124 1547
0.2125 1554
0.2126 1562
0.2127 1579
0.2128 1578
0.2129 1589
0.213 1594
0.2131 1597
0.2132 1612
0.2133 1617
0.2134 1625
0.2135 1628
0.2136 1642
0.2137 1655
0.2138 1665
0.2139 1669
0.214 1678
0.2141 1686
0.2142 1702
0.2143 1703
0.2144 1700
0.2145 1716
0.2146 1723
0.2147 1715
0.2148 1730
0.2149 1745
0.215 1755
0.2151 1753
0.2152 1761
0.2153 1775
0.2154 1788
0.2155 1787
0.2156 1789
0.2157 1798
0.2158 1793
0.2159 1792
0.216 1789
0.2161 1808
0.2162 1809
0.2163 1808
0.2164 1802
0.2165 1798
0.2166 1796
0.2167 1787
0.2168 1798
0.2169 1803
0.217 1791
0.2171 1783
0.2172 1785
0.2173 1782
0.2174 1792
0.2175 1793
0.2176 1797
0.2177 1812
0.2178 1811
0.2179 1800
0.218 1804
0.2181 1806
0.2182 1820
0.2183 1829
0.2184 1838
0.2185 1819
0.2186 1794
0.2187 1796
0.2188 1780
0.2189 1769
0.219 1776
0.2191 1768
0.2192 1766
0.2193 1770
0.2194 1773
0.2195 1756
0.2196 1737
0.2197 1708
0.2198 1690
0.2199 1686
0.22 1678
0.2201 1670
0.2202 1691
0.2203 1691
0.2204 1668
0.2205 1668
0.2206 1651
0.2207 1653
0.2208 1663
0.2209 1656
0.221 1648
0.2211 1627
0.2212 1615
0.2213 1599
0.2214 1584
0.2215 1573
0.2216 1557
0.2217 1540
0.2218 1521
0.2219 1485
0.222 1468
0.2221 1431
0.2222 1389
0.2223 1356
0.2224 1327
0.2225 1308
0.2226 1279
0.2227 1244
0.2228 1221
0.2229 1181
0.223 1155
0.2231 1142
0.2232 1127
0.2233 1106
0.2234 1098
0.2235 1116
0.2236 1130
0.2237 1156
0.2238 1181
0.2239 1209
0.224 1217
0.2241 1237
0.2242 1241
0.2243 1242
0.2244 1241
0.2245 1233
0.2246 1226
0.2247 1228
0.2248 1212
0.2249 1209
0.225 1197
0.2251 1171
0.2252 1153
0.2253 1126
0.2254 1098
0.2255 1074
0.2256 1057
0.2257 1028
0.2258 999
0.2259 969
0.226 945
0.2261 921
0.2262 892
0.2263 874
0.2264 847
0.2265 834
0.2266 817
0.2267 805
0.2268 794
0.2269 777
0.227 760
0.2271 750
0.2272 731
0.2273 718
0.2274 724
0.2275 732
0.2276 758
0.2277 778
0.2278 789
0.2279 807
0.228 810
0.2281 814
0.2282 830
0.2283 821
0.2284 802
0.2285 786
0.2286 771
0.2287 752
0.2288 740
0.2289 725
0.229 702
0.2291 690
0.2292 676
0.2293 660
0.2294 648
0.2295 644
0.2296 630
0.2297 621
0.2298 606
0.2299 600
0.23 597
0.2301 598
0.2302 598
0.2303 586
0.2304 573
0.2305 561
0.2306 553
0.2307 558
0.2308 552
0.2309 545
0.231 537
0.2311 527
0.2312 514
0.2313 510
0.2314 502
0.2315 494
0.2316 483
0.2317 476
0.2318 464
0.2319 461
0.232 459
0.2321 454
0.2322 448
0.2323 442
0.2324 438
0.2325 444
0.2326 455
0.2327 464
0.2328 471
0.2329 474
0.233 482
0.2331 495
0.2332 521
0.2333 548
0.2334 566
0.2335 588
0.2336 600
0.2337 616
0.2338 639
0.2339 639
0.234 649
0.2341 669
0.2342 684
0.2343 685
0.2344 684
0.2345 670
0.2346 677
0.2347 666
0.2348 665
0.2349 666
0.235 668
0.2351 658
0.2352 642
0.2353 626
0.2354 623
0.2355 613
0.2356 610
0.2357 605
0.2358 597
0.2359 588
0.236 576
0.2361 572
0.2362 561
0.2363 548
0.2364 538
0.2365 537
0.2366 528
0.2367 524
0.2368 507
0.2369 509
0.237 510
0.2371 495
0.2372 482
0.2373 473
0.2374 457
0.2375 446
0.2376 435
0.2377 421
0.2378 417
0.2379 402
0.238 404
0.2381 405
0.2382 397
0.2383 397
0.2384 389
0.2385 377
0.2386 377
0.2387 378
0.2388 371
0.2389 372
0.239 360
0.2391 354
0.2392 351
0.2393 348
0.2394 362
0.2395 360
0.2396 352
0.2397 347
0.2398 344
0.2399 338
0.24 339
0.2401 340
0.2402 332
0.2403 327
0.2404 322
0.2405 317
0.2406 317
0.2407 314
0.2408 305
0.2409 302
0.241 295
0.2411 299
0.2412 295
0.2413 295
0.2414 296
0.2415 294
0.2416 299
0.2417 295
0.2418 289
0.2419 286
0.242 292
0.2421 297
0.2422 301
0.2423 309
0.2424 311
0.2425 307
0.2426 308
0.2427 309
0.2428 309
0.2429 306
0.243 296
0.2431 293
0.2432 300
0.2433 307
0.2434 310
0.2435 308
0.2436 311
0.2437 306
0.2438 299
0.2439 294
0.244 291
0.2441 289
0.2442 284
0.2443 273
0.2444 273
0.2445 265
0.2446 260
0.2447 258
0.2448 259
0.2449 254
0.245 253
0.2451 249
0.2452 250
0.2453 250
0.2454 244
0.2455 245
0.2456 244
0.2457 246
0.2458 254
0.2459 259
0.246 270
0.2461 285
0.2462 293
0.2463 298
0.2464 302
0.2465 310
0.2466 310
0.2467 315
0.2468 320
0.2469 323
0.247 323
0.2471 313
0.2472 308
0.2473 315
0.2474 321
0.2475 332
0.2476 341
0.2477 341
0.2478 336
0.2479 336
0.248 339
0.2481 344
0.2482 341
0.2483 347
0.2484 344
0.2485 339
0.2486 352
0.2487 358
0.2488 369
0.2489 389
0.249 400
0.2491 404
0.2492 402
0.2493 404
0.2494 413
0.2495 412
0.2496 410
0.2497 399
0.2498 393
0.2499 383
0.25 381
