0 0
0.0001 0
0.0002 0
0.0003 0
0.0004 0
0.0005 0
0.0006 0
0.0007 0
0.0008 0
0.0009 0
0.001 0
0.0011 0
0.0012 0
0.0013 0
0.0014 0
0.0015 0
0.0016 0
0.0017 0
0.0018 0
0.0019 0
0.002 0
0.0021 0
0.0022 0
0.0023 0
0.0024 1
0.0025 0
0.0026 0
0.0027 0
0.0028 0
0.0029 0
0.003 1
0.0031 0
0.0032 1
0.0033 1
0.0034 0
0.0035 0
0.0036 1
0.0037 0
0.0038 0
0.0039 1
0.004 1
0.0041 2
0.0042 0
0.0043 2
0.0044 0
0.0045 0
0.0046 0
0.0047 1
0.0048 0
0.0049 0
0.005 1
0.0051 1
0.0052 2
0.0053 0
0.0054 0
0.0055 0
0.0056 0
0.0057 1
0.0058 2
0.0059 1
0.006 1
0.0061 0
0.0062 1
0.0063 2
0.0064 1
0.0065 0
0.0066 2
0.0067 1
0.0068 2
0.0069 1
0.007 0
0.0071 3
0.0072 0
0.0073 1
0.0074 2
0.0075 0
0.0076 1
0.0077 2
0.0078 3
0.0079 2
0.008 1
0.0081 0
0.0082 2
0.0083 3
0.0084 1
0.0085 4
0.0086 1
0.0087 2
0.0088 4
0.0089 2
0.009 3
0.0091 1
0.0092 1
0.0093 3
0.0094 2
0.0095 2
0.0096 5
0.0097 2
0.0098 2
0.0099 1
0.01 1
0.0101 2
0.0102 1
0.0103 0
0.0104 3
0.0105 0
0.0106 2
0.0107 2
0.0108 3
0.0109 1
0.011 3
0.0111 4
0.0112 2
0.0113 2
0.0114 2
0.0115 1
0.0116 1
0.0117 1
0.0118 2
0.0119 1
0.012 3
0.0121 0
0.0122 3
0.0123 4
0.0124 3
0.0125 4
0.0126 6
0.0127 2
0.0128 1
0.0129 3
0.013 4
0.0131 2
0.0132 1
0.0133 7
0.0134 3
0.0135 4
0.0136 2
0.0137 6
0.0138 6
0.0139 7
0.014 1
0.0141 4
0.0142 8
0.0143 6
0.0144 5
0.0145 5
0.0146 4
0.0147 3
0.0148 7
0.0149 6
0.015 4
0.0151 8
0.0152 5
0.0153 3
0.0154 7
0.0155 2
0.0156 2
0.0157 1
0.0158 5
0.0159 6
0.016 3
0.0161 6
0.0162 6
0.0163 5
0.0164 3
0.0165 3
0.0166 5
0.0167 3
0.0168 8
0.0169 4
0.017 6
0.0171 9
0.0172 8
0.0173 5
0.0174 7
0.0175 9
0.0176 10
0.0177 10
0.0178 7
0.0179 8
0.018 10
0.0181 6
0.0182 6
0.0183 4
0.0184 13
0.0185 9
0.0186 9
0.0187 9
0.0188 4
0.0189 8
0.019 13
0.0191 4
0.0192 13
0.0193 11
0.0194 11
0.0195 11
0.0196 11
0.0197 14
0.0198 9
0.0199 8
0.02 13
0.0201 19
0.0202 10
0.0203 11
0.0204 6
0.0205 15
0.0206 7
0.0207 16
0.0208 12
0.0209 14
0.021 14
0.0211 14
0.0212 19
0.0213 7
0.0214 10
0.0215 17
0.0216 16
0.0217 16
0.0218 9
0.0219 17
0.022 10
0.0221 19
0.0222 21
0.0223 12
0.0224 16
0.0225 18
0.0226 13
0.0227 14
0.0228 22
0.0229 19
0.023 21
0.0231 24
0.0232 25
0.0233 31
0.0234 39
0.0235 34
0.0236 42
0.0237 39
0.0238 41
0.0239 46
0.024 47
0.0241 52
0.0242 48
0.0243 54
0.0244 49
0.0245 66
0.0246 61
0.0247 67
0.0248 82
0.0249 63
0.025 63
0.0251 77
0.0252 79
0.0253 73
0.0254 80
0.0255 72
0.0256 65
0.0257 64
0.0258 64
0.0259 67
0.026 76
0.0261 110
0.0262 120
0.0263 131
0.0264 154
0.0265 155
0.0266 163
0.0267 157
0.0268 162
0.0269 150
0.027 157
0.0271 143
0.0272 134
0.0273 142
0.0274 126
0.0275 134
0.0276 114
0.0277 137
0.0278 127
0.0279 128
0.028 119
0.0281 122
0.0282 104
0.0283 96
0.0284 82
0.0285 70
0.0286 77
0.0287 77
0.0288 78
0.0289 112
0.029 127
0.0291 130
0.0292 123
0.0293 113
0.0294 125
0.0295 134
0.0296 128
0.0297 138
0.0298 154
0.0299 154
0.03 146
0.0301 148
0.0302 143
0.0303 151
0.0304 141
0.0305 136
0.0306 140
0.0307 145
0.0308 138
0.0309 159
0.031 152
0.0311 160
0.0312 178
0.0313 203
0.0314 225
0.0315 253
0.0316 293
0.0317 303
0.0318 319
0.0319 345
0.032 375
0.0321 412
0.0322 431
0.0323 452
0.0324 464
0.0325 480
0.0326 511
0.0327 526
0.0328 556
0.0329 569
0.033 593
0.0331 629
0.0332 663
0.0333 694
0.0334 712
0.0335 744
0.0336 772
0.0337 803
0.0338 825
0.0339 852
0.034 873
0.0341 902
0.0342 935
0.0343 962
0.0344 997
0.0345 1031
0.0346 1045
0.0347 1047
0.0348 1060
0.0349 1084
0.035 1092
0.0351 1106
0.0352 1121
0.0353 1132
0.0354 1147
0.0355 1185
0.0356 1214
0.0357 1243
0.0358 1266
0.0359 1289
0.036 1303
0.0361 1327
0.0362 1345
0.0363 1346
0.0364 1364
0.0365 1384
0.0366 1393
0.0367 1401
0.0368 1410
0.0369 1417
0.037 1431
0.0371 1445
0.0372 1460
0.0373 1477
0.0374 1491
0.0375 1511
0.0376 1516
0.0377 1529
0.0378 1535
0.0379 1533
0.038 1536
0.0381 1539
0.0382 1547
0.0383 1548
0.0384 1555
0.0385 1559
0.0386 1563
0.0387 1573
0.0388 1585
0.0389 1587
0.039 1596
0.0391 1595
0.0392 1604
0.0393 1604
0.0394 1589
0.0395 1585
0.0396 1585
0.0397 1591
0.0398 1586
0.0399 1581
0.04 1586
0.0401 1574
0.0402 1564
0.0403 1559
0.0404 1564
0.0405 1567
0.0406 1568
0.0407 1557
0.0408 1570
0.0409 1574
0.041 1581
0.0411 1572
0.0412 1571
0.0413 1563
0.0414 1566
0.0415 1567
0.0416 1557
0.0417 1540
0.0418 1530
0.0419 1523
0.042 1511
0.0421 1500
0.0422 1503
0.0423 1501
0.0424 1501
0.0425 1502
0.0426 1496
0.0427 1503
0.0428 1507
0.0429 1511
0.043 1502
0.0431 1492
0.0432 1485
0.0433 1487
0.0434 1486
0.0435 1489
0.0436 1486
0.0437 1479
0.0438 1478
0.0439 1473
0.044 1477
0.0441 1480
0.0442 1474
0.0443 1467
0.0444 1469
0.0445 1472
0.0446 1467
0.0447 1466
0.0448 1466
0.0449 1463
0.045 1470
0.0451 1475
0.0452 1475
0.0453 1472
0.0454 1462
0.0455 1454
0.0456 1458
0.0457 1452
0.0458 1452
0.0459 1454
0.046 1462
0.0461 1460
0.0462 1460
0.0463 1451
0.0464 1442
0.0465 1444
0.0466 1444
0.0467 1444
0.0468 1446
0.0469 1450
0.047 1449
0.0471 1449
0.0472 1444
0.0473 1441
0.0474 1440
0.0475 1438
0.0476 1429
0.0477 1431
0.0478 1418
0.0479 1410
0.048 1400
0.0481 1394
0.0482 1390
0.0483 1380
0.0484 1374
0.0485 1368
0.0486 1356
0.0487 1350
0.0488 1345
0.0489 1342
0.049 1343
0.0491 1340
0.0492 1335
0.0493 1337
0.0494 1332
0.0495 1320
0.0496 1301
0.0497 1289
0.0498 1278
0.0499 1268
0.05 1260
0.0501 1254
0.0502 1250
0.0503 1245
0.0504 1238
0.0505 1234
0.0506 1233
0.0507 1233
0.0508 1230
0.0509 1227
0.051 1227
0.0511 1217
0.0512 1213
0.0513 1208
0.0514 1202
0.0515 1198
0.0516 1194
0.0517 1189
0.0518 1183
0.0519 1171
0.052 1167
0.0521 1167
0.0522 1152
0.0523 1130
0.0524 1117
0.0525 1107
0.0526 1086
0.0527 1064
0.0528 1058
0.0529 1050
0.053 1052
0.0531 1049
0.0532 1036
0.0533 1033
0.0534 1021
0.0535 1014
0.0536 1008
0.0537 996
0.0538 987
0.0539 965
0.054 927
0.0541 892
0.0542 856
0.0543 809
0.0544 782
0.0545 758
0.0546 746
0.0547 744
0.0548 736
0.0549 725
0.055 714
0.0551 698
0.0552 691
0.0553 671
0.0554 668
0.0555 668
0.0556 678
0.0557 681
0.0558 684
0.0559 686
0.056 689
0.0561 688
0.0562 692
0.0563 701
0.0564 706
0.0565 698
0.0566 712
0.0567 709
0.0568 728
0.0569 731
0.057 728
0.0571 726
0.0572 708
0.0573 681
0.0574 667
0.0575 635
0.0576 597
0.0577 574
0.0578 534
0.0579 486
0.058 443
0.0581 419
0.0582 391
0.0583 375
0.0584 373
0.0585 372
0.0586 379
0.0587 382
0.0588 388
0.0589 389
0.059 392
0.0591 377
0.0592 359
0.0593 349
0.0594 337
0.0595 297
0.0596 267
0.0597 261
0.0598 235
0.0599 210
0.06 207
0.0601 207
0.0602 202
0.0603 197
0.0604 188
0.0605 188
0.0606 188
0.0607 183
0.0608 177
0.0609 179
0.061 164
0.0611 160
0.0612 149
0.0613 133
0.0614 121
0.0615 117
0.0616 93
0.0617 78
0.0618 71
0.0619 58
0.062 56
0.0621 48
0.0622 49
0.0623 42
0.0624 48
0.0625 42
0.0626 38
0.0627 39
0.0628 40
0.0629 34
0.063 32
0.0631 39
0.0632 40
0.0633 39
0.0634 30
0.0635 30
0.0636 18
0.0637 17
0.0638 14
0.0639 22
0.064 20
0.0641 11
0.0642 17
0.0643 18
0.0644 12
0.0645 9
0.0646 8
0.0647 15
0.0648 12
0.0649 15
0.065 10
0.0651 18
0.0652 12
0.0653 10
0.0654 9
0.0655 11
0.0656 9
0.0657 10
0.0658 10
0.0659 8
0.066 12
0.0661 5
0.0662 6
0.0663 10
0.0664 18
0.0665 13
0.0666 12
0.0667 12
0.0668 7
0.0669 7
0.067 12
0.0671 10
0.0672 16
0.0673 6
0.0674 14
0.0675 9
0.0676 12
0.0677 20
0.0678 11
0.0679 11
0.068 6
0.0681 10
0.0682 17
0.0683 8
0.0684 15
0.0685 14
0.0686 8
0.0687 10
0.0688 3
0.0689 10
0.069 11
0.0691 5
0.0692 6
0.0693 15
0.0694 12
0.0695 17
0.0696 11
0.0697 8
0.0698 8
0.0699 15
0.07 11
0.0701 13
0.0702 14
0.0703 13
0.0704 12
0.0705 12
0.0706 12
0.0707 14
0.0708 16
0.0709 8
0.071 8
0.0711 11
0.0712 15
0.0713 10
0.0714 8
0.0715 14
0.0716 9
0.0717 9
0.0718 13
0.0719 9
0.072 9
0.0721 15
0.0722 12
0.0723 14
0.0724 16
0.0725 13
0.0726 15
0.0727 11
0.0728 13
0.0729 15
0.073 19
0.0731 15
0.0732 8
0.0733 12
0.0734 12
0.0735 14
0.0736 20
0.0737 20
0.0738 12
0.0739 10
0.074 17
0.0741 19
0.0742 16
0.0743 17
0.0744 16
0.0745 30
0.0746 19
0.0747 23
0.0748 14
0.0749 20
0.075 18
0.0751 22
0.0752 26
0.0753 23
0.0754 23
0.0755 18
0.0756 24
0.0757 24
0.0758 20
0.0759 26
0.076 24
0.0761 21
0.0762 26
0.0763 23
0.0764 21
0.0765 21
0.0766 24
0.0767 20
0.0768 26
0.0769 26
0.077 24
0.0771 30
0.0772 25
0.0773 24
0.0774 19
0.0775 19
0.0776 23
0.0777 28
0.0778 24
0.0779 27
0.078 21
0.0781 24
0.0782 28
0.0783 27
0.0784 21
0.0785 22
0.0786 32
0.0787 31
0.0788 24
0.0789 27
0.079 34
0.0791 47
0.0792 32
0.0793 29
0.0794 20
0.0795 27
0.0796 29
0.0797 27
0.0798 23
0.0799 27
0.08 37
0.0801 43
0.0802 23
0.0803 40
0.0804 30
0.0805 45
0.0806 48
0.0807 62
0.0808 58
0.0809 62
0.081 79
0.0811 86
0.0812 93
0.0813 90
0.0814 101
0.0815 106
0.0816 97
0.0817 106
0.0818 90
0.0819 96
0.082 100
0.0821 116
0.0822 97
0.0823 107
0.0824 99
0.0825 108
0.0826 115
0.0827 130
0.0828 150
0.0829 167
0.083 206
0.0831 247
0.0832 291
0.0833 325
0.0834 367
0.0835 410
0.0836 457
0.0837 497
0.0838 534
0.0839 578
0.084 613
0.0841 649
0.0842 682
0.0843 714
0.0844 750
0.0845 773
0.0846 810
0.0847 848
0.0848 874
0.0849 894
0.085 917
0.0851 946
0.0852 968
0.0853 994
0.0854 1007
0.0855 1043
0.0856 1045
0.0857 1059
0.0858 1060
0.0859 1077
0.086 1092
0.0861 1098
0.0862 1108
0.0863 1134
0.0864 1156
0.0865 1174
0.0866 1201
0.0867 1229
0.0868 1247
0.0869 1279
0.087 1290
0.0871 1298
0.0872 1306
0.0873 1306
0.0874 1303
0.0875 1270
0.0876 1227
0.0877 1168
0.0878 1155
0.0879 1123
0.088 1118
0.0881 1123
0.0882 1122
0.0883 1129
0.0884 1133
0.0885 1151
0.0886 1162
0.0887 1153
0.0888 1164
0.0889 1172
0.089 1186
0.0891 1189
0.0892 1210
0.0893 1223
0.0894 1227
0.0895 1224
0.0896 1223
0.0897 1223
0.0898 1227
0.0899 1239
0.09 1252
0.0901 1260
0.0902 1273
0.0903 1275
0.0904 1277
0.0905 1288
0.0906 1292
0.0907 1293
0.0908 1296
0.0909 1298
0.091 1306
0.0911 1311
0.0912 1295
0.0913 1283
0.0914 1271
0.0915 1260
0.0916 1250
0.0917 1256
0.0918 1260
0.0919 1241
0.092 1207
0.0921 1188
0.0922 1173
0.0923 1163
0.0924 1162
0.0925 1169
0.0926 1183
0.0927 1191
0.0928 1193
0.0929 1193
0.093 1200
0.0931 1201
0.0932 1206
0.0933 1216
0.0934 1223
0.0935 1228
0.0936 1231
0.0937 1231
0.0938 1235
0.0939 1240
0.094 1248
0.0941 1242
0.0942 1252
0.0943 1249
0.0944 1250
0.0945 1255
0.0946 1268
0.0947 1264
0.0948 1268
0.0949 1277
0.095 1276
0.0951 1276
0.0952 1279
0.0953 1276
0.0954 1277
0.0955 1280
0.0956 1280
0.0957 1281
0.0958 1282
0.0959 1287
0.096 1291
0.0961 1294
0.0962 1298
0.0963 1297
0.0964 1297
0.0965 1304
0.0966 1314
0.0967 1314
0.0968 1315
0.0969 1312
0.097 1310
0.0971 1305
0.0972 1308
0.0973 1303
0.0974 1297
0.0975 1290
0.0976 1286
0.0977 1285
0.0978 1277
0.0979 1264
0.098 1265
0.0981 1255
0.0982 1248
0.0983 1244
0.0984 1249
0.0985 1254
0.0986 1257
0.0987 1258
0.0988 1251
0.0989 1254
0.099 1250
0.0991 1239
0.0992 1224
0.0993 1218
0.0994 1214
0.0995 1208
0.0996 1204
0.0997 1206
0.0998 1195
0.0999 1182
0.1 1175
0.1001 1168
0.1002 1168
0.1003 1158
0.1004 1152
0.1005 1151
0.1006 1145
0.1007 1141
0.1008 1131
0.1009 1126
0.101 1124
0.1011 1119
0.1012 1116
0.1013 1119
0.1014 1119
0.1015 1116
0.1016 1106
0.1017 1090
0.1018 1083
0.1019 1074
0.102 1066
0.1021 1062
0.1022 1052
0.1023 1044
0.1024 1034
0.1025 1033
0.1026 1034
0.1027 1039
0.1028 1039
0.1029 1043
0.103 1026
0.1031 1001
0.1032 969
0.1033 928
0.1034 881
0.1035 851
0.1036 828
0.1037 808
0.1038 799
0.1039 785
0.104 769
0.1041 765
0.1042 745
0.1043 721
0.1044 687
0.1045 649
0.1046 603
0.1047 578
0.1048 547
0.1049 519
0.105 498
0.1051 464
0.1052 444
0.1053 390
0.1054 340
0.1055 309
0.1056 289
0.1057 269
0.1058 249
0.1059 238
0.106 242
0.1061 232
0.1062 219
0.1063 219
0.1064 192
0.1065 180
0.1066 159
0.1067 160
0.1068 159
0.1069 151
0.107 149
0.1071 155
0.1072 138
0.1073 145
0.1074 154
0.1075 153
0.1076 157
0.1077 149
0.1078 148
0.1079 160
0.108 174
0.1081 174
0.1082 174
0.1083 186
0.1084 192
0.1085 210
0.1086 229
0.1087 240
0.1088 253
0.1089 265
0.109 274
0.1091 279
0.1092 284
0.1093 301
0.1094 323
0.1095 334
0.1096 355
0.1097 370
0.1098 384
0.1099 385
0.11 373
0.1101 365
0.1102 356
0.1103 329
0.1104 294
0.1105 284
0.1106 270
0.1107 257
0.1108 261
0.1109 249
0.111 245
0.1111 248
0.1112 271
0.1113 261
0.1114 274
0.1115 276
0.1116 290
0.1117 307
0.1118 313
0.1119 300
0.112 300
0.1121 287
0.1122 268
0.1123 259
0.1124 247
0.1125 248
0.1126 246
0.1127 238
0.1128 209
0.1129 199
0.113 179
0.1131 150
0.1132 145
0.1133 139
0.1134 130
0.1135 130
0.1136 118
0.1137 103
0.1138 93
0.1139 98
0.114 107
0.1141 116
0.1142 138
0.1143 145
0.1144 158
0.1145 171
0.1146 191
0.1147 211
0.1148 211
0.1149 210
0.115 213
0.1151 218
0.1152 205
0.1153 188
0.1154 186
0.1155 180
0.1156 169
0.1157 182
0.1158 195
0.1159 195
0.116 203
0.1161 193
0.1162 191
0.1163 191
0.1164 183
0.1165 174
0.1166 168
0.1167 164
0.1168 149
0.1169 141
0.117 132
0.1171 116
0.1172 105
0.1173 114
0.1174 108
0.1175 99
0.1176 99
0.1177 98
0.1178 105
0.1179 98
0.118 90
0.1181 100
0.1182 91
0.1183 94
0.1184 92
0.1185 94
0.1186 99
0.1187 102
0.1188 111
0.1189 107
0.119 118
0.1191 119
0.1192 115
0.1193 108
0.1194 104
0.1195 104
0.1196 93
0.1197 94
0.1198 98
0.1199 88
0.12 74
0.1201 69
0.1202 57
0.1203 68
0.1204 61
0.1205 73
0.1206 63
0.1207 68
0.1208 66
0.1209 97
0.121 106
0.1211 118
0.1212 141
0.1213 167
0.1214 182
0.1215 189
0.1216 204
0.1217 225
0.1218 257
0.1219 279
0.122 301
0.1221 337
0.1222 360
0.1223 373
0.1224 387
0.1225 411
0.1226 429
0.1227 439
0.1228 441
0.1229 424
0.123 414
0.1231 405
0.1232 402
0.1233 382
0.1234 374
0.1235 361
0.1236 361
0.1237 365
0.1238 371
0.1239 377
0.124 376
0.1241 385
0.1242 390
0.1243 394
0.1244 397
0.1245 387
0.1246 386
0.1247 389
0.1248 392
0.1249 397
0.125 396
0.1251 403
0.1252 413
0.1253 432
0.1254 445
0.1255 459
0.1256 456
0.1257 470
0.1258 479
0.1259 498
0.126 498
0.1261 500
0.1262 492
0.1263 497
0.1264 516
0.1265 521
0.1266 531
0.1267 533
0.1268 548
0.1269 563
0.127 565
0.1271 563
0.1272 542
0.1273 532
0.1274 516
0.1275 493
0.1276 485
0.1277 472
0.1278 459
0.1279 448
0.128 441
0.1281 448
0.1282 452
0.1283 458
0.1284 446
0.1285 463
0.1286 476
0.1287 488
0.1288 489
0.1289 503
0.129 510
0.1291 532
0.1292 545
0.1293 561
0.1294 576
0.1295 593
0.1296 616
0.1297 634
0.1298 641
0.1299 665
0.13 677
0.1301 682
0.1302 679
0.1303 693
0.1304 705
0.1305 716
0.1306 724
0.1307 738
0.1308 736
0.1309 729
0.131 717
0.1311 705
0.1312 688
0.1313 668
0.1314 652
0.1315 633
0.1316 600
0.1317 584
0.1318 537
0.1319 506
0.132 463
0.1321 439
0.1322 427
0.1323 404
0.1324 385
0.1325 379
0.1326 368
0.1327 366
0.1328 362
0.1329 374
0.133 382
0.1331 385
0.1332 388
0.1333 392
0.1334 391
0.1335 398
0.1336 410
0.1337 431
0.1338 449
0.1339 464
0.134 477
0.1341 498
0.1342 509
0.1343 518
0.1344 525
0.1345 521
0.1346 539
0.1347 541
0.1348 546
0.1349 553
0.135 572
0.1351 570
0.1352 578
0.1353 585
0.1354 592
0.1355 592
0.1356 607
0.1357 610
0.1358 614
0.1359 621
0.136 630
0.1361 629
0.1362 608
0.1363 599
0.1364 595
0.1365 596
0.1366 590
0.1367 591
0.1368 584
0.1369 587
0.137 562
0.1371 560
0.1372 547
0.1373 537
0.1374 540
0.1375 539
0.1376 532
0.1377 538
0.1378 548
0.1379 553
0.138 561
0.1381 565
0.1382 569
0.1383 565
0.1384 574
0.1385 580
0.1386 589
0.1387 592
0.1388 587
0.1389 594
0.139 601
0.1391 604
0.1392 613
0.1393 611
0.1394 613
0.1395 613
0.1396 616
0.1397 611
0.1398 613
0.1399 616
0.14 623
0.1401 618
0.1402 615
0.1403 623
0.1404 628
0.1405 640
0.1406 644
0.1407 641
0.1408 636
0.1409 640
0.141 640
0.1411 644
0.1412 652
0.1413 658
0.1414 664
0.1415 667
0.1416 668
0.1417 662
0.1418 667
0.1419 678
0.142 679
0.1421 677
0.1422 679
0.1423 679
0.1424 676
0.1425 675
0.1426 673
0.1427 668
0.1428 670
0.1429 670
0.143 670
0.1431 675
0.1432 683
0.1433 679
0.1434 666
0.1435 643
0.1436 619
0.1437 577
0.1438 537
0.1439 496
0.144 462
0.1441 442
0.1442 427
0.1443 417
0.1444 412
0.1445 409
0.1446 414
0.1447 421
0.1448 425
0.1449 421
0.145 410
0.1451 395
0.1452 384
0.1453 363
0.1454 349
0.1455 356
0.1456 361
0.1457 368
0.1458 373
0.1459 380
0.146 386
0.1461 388
0.1462 407
0.1463 413
0.1464 426
0.1465 433
0.1466 436
0.1467 442
0.1468 453
0.1469 449
0.147 443
0.1471 444
0.1472 441
0.1473 441
0.1474 440
0.1475 443
0.1476 455
0.1477 456
0.1478 457
0.1479 467
0.148 488
0.1481 495
0.1482 503
0.1483 505
0.1484 501
0.1485 506
0.1486 495
0.1487 502
0.1488 506
0.1489 510
0.149 529
0.1491 529
0.1492 533
0.1493 527
0.1494 527
0.1495 527
0.1496 533
0.1497 537
0.1498 541
0.1499 533
0.15 518
0.1501 510
0.1502 513
0.1503 512
0.1504 511
0.1505 512
0.1506 510
0.1507 508
0.1508 498
0.1509 489
0.151 464
0.1511 443
0.1512 431
0.1513 432
0.1514 419
0.1515 398
0.1516 380
0.1517 366
0.1518 341
0.1519 320
0.152 293
0.1521 287
0.1522 284
0.1523 277
0.1524 260
0.1525 237
0.1526 215
0.1527 198
0.1528 203
0.1529 199
0.153 195
0.1531 202
0.1532 207
0.1533 223
0.1534 226
0.1535 246
0.1536 260
0.1537 269
0.1538 277
0.1539 287
0.154 298
0.1541 306
0.1542 316
0.1543 318
0.1544 329
0.1545 334
0.1546 342
0.1547 346
0.1548 354
0.1549 357
0.155 350
0.1551 331
0.1552 316
0.1553 306
0.1554 288
0.1555 264
0.1556 249
0.1557 236
0.1558 217
0.1559 218
0.156 214
0.1561 214
0.1562 210
0.1563 203
0.1564 182
0.1565 174
0.1566 162
0.1567 144
0.1568 143
0.1569 132
0.157 121
0.1571 97
0.1572 77
0.1573 61
0.1574 52
0.1575 45
0.1576 52
0.1577 43
0.1578 36
0.1579 42
0.158 37
0.1581 39
0.1582 37
0.1583 21
0.1584 15
0.1585 13
0.1586 16
0.1587 12
0.1588 16
0.1589 22
0.159 19
0.1591 20
0.1592 16
0.1593 17
0.1594 24
0.1595 12
0.1596 12
0.1597 10
0.1598 18
0.1599 19
0.16 15
0.1601 13
0.1602 14
0.1603 8
0.1604 11
0.1605 18
0.1606 12
0.1607 9
0.1608 14
0.1609 11
0.161 15
0.1611 8
0.1612 12
0.1613 14
0.1614 12
0.1615 13
0.1616 11
0.1617 10
0.1618 18
0.1619 18
0.162 12
0.1621 15
0.1622 17
0.1623 14
0.1624 19
0.1625 22
0.1626 30
0.1627 21
0.1628 18
0.1629 34
0.163 19
0.1631 20
0.1632 34
0.1633 25
0.1634 32
0.1635 27
0.1636 25
0.1637 24
0.1638 17
0.1639 26
0.164 28
0.1641 17
0.1642 17
0.1643 19
0.1644 17
0.1645 15
0.1646 9
0.1647 17
0.1648 15
0.1649 15
0.165 10
0.1651 13
0.1652 13
0.1653 11
0.1654 16
0.1655 14
0.1656 11
0.1657 11
0.1658 10
0.1659 13
0.166 12
0.1661 9
0.1662 12
0.1663 8
0.1664 11
0.1665 12
0.1666 10
0.1667 8
0.1668 7
0.1669 10
0.167 14
0.1671 11
0.1672 10
0.1673 9
0.1674 18
0.1675 9
0.1676 16
0.1677 16
0.1678 11
0.1679 13
0.168 16
0.1681 16
0.1682 13
0.1683 17
0.1684 10
0.1685 11
0.1686 11
0.1687 9
0.1688 11
0.1689 12
0.169 17
0.1691 8
0.1692 15
0.1693 9
0.1694 14
0.1695 9
0.1696 16
0.1697 22
0.1698 21
0.1699 19
0.17 8
0.1701 13
0.1702 23
0.1703 12
0.1704 19
0.1705 18
0.1706 24
0.1707 17
0.1708 19
0.1709 13
0.171 18
0.1711 16
0.1712 20
0.1713 23
0.1714 19
0.1715 19
0.1716 30
0.1717 28
0.1718 28
0.1719 36
0.172 27
0.1721 32
0.1722 38
0.1723 31
0.1724 30
0.1725 30
0.1726 40
0.1727 42
0.1728 31
0.1729 43
0.173 42
0.1731 32
0.1732 24
0.1733 32
0.1734 36
0.1735 26
0.1736 15
0.1737 27
0.1738 20
0.1739 25
0.174 28
0.1741 28
0.1742 34
0.1743 32
0.1744 33
0.1745 27
0.1746 19
0.1747 22
0.1748 21
0.1749 17
0.175 29
0.1751 21
0.1752 27
0.1753 22
0.1754 38
0.1755 38
0.1756 40
0.1757 40
0.1758 37
0.1759 35
0.176 34
0.1761 36
0.1762 30
0.1763 28
0.1764 37
0.1765 33
0.1766 35
0.1767 48
0.1768 48
0.1769 53
0.177 63
0.1771 69
0.1772 66
0.1773 80
0.1774 77
0.1775 79
0.1776 72
0.1777 61
0.1778 66
0.1779 65
0.178 60
0.1781 70
0.1782 60
0.1783 55
0.1784 68
0.1785 77
0.1786 84
0.1787 80
0.1788 77
0.1789 81
0.179 81
0.1791 84
0.1792 83
0.1793 108
0.1794 100
0.1795 107
0.1796 118
0.1797 127
0.1798 130
0.1799 128
0.18 123
0.1801 132
0.1802 115
0.1803 124
0.1804 145
0.1805 151
0.1806 156
0.1807 148
0.1808 145
0.1809 140
0.181 150
0.1811 148
0.1812 130
0.1813 142
0.1814 138
0.1815 138
0.1816 142
0.1817 148
0.1818 153
0.1819 166
0.182 183
0.1821 179
0.1822 188
0.1823 215
0.1824 238
0.1825 288
0.1826 293
0.1827 324
0.1828 360
0.1829 368
0.183 388
0.1831 403
0.1832 427
0.1833 446
0.1834 472
0.1835 492
0.1836 530
0.1837 575
0.1838 604
0.1839 640
0.184 665
0.1841 682
0.1842 710
0.1843 743
0.1844 781
0.1845 814
0.1846 847
0.1847 870
0.1848 894
0.1849 905
0.185 925
0.1851 940
0.1852 955
0.1853 981
0.1854 993
0.1855 1012
0.1856 1034
0.1857 1059
0.1858 1080
0.1859 1105
0.186 1115
0.1861 1115
0.1862 1123
0.1863 1133
0.1864 1146
0.1865 1169
0.1866 1184
0.1867 1201
0.1868 1204
0.1869 1210
0.187 1215
0.1871 1215
0.1872 1228
0.1873 1246
0.1874 1255
0.1875 1272
0.1876 1274
0.1877 1287
0.1878 1289
0.1879 1299
0.188 1316
0.1881 1322
0.1882 1324
0.1883 1328
0.1884 1337
0.1885 1348
0.1886 1359
0.1887 1362
0.1888 1371
0.1889 1381
0.189 1383
0.1891 1387
0.1892 1383
0.1893 1382
0.1894 1385
0.1895 1382
0.1896 1371
0.1897 1387
0.1898 1394
0.1899 1383
0.19 1390
0.1901 1383
0.1902 1392
0.1903 1393
0.1904 1396
0.1905 1400
0.1906 1414
0.1907 1404
0.1908 1391
0.1909 1384
0.191 1384
0.1911 1383
0.1912 1382
0.1913 1388
0.1914 1389
0.1915 1386
0.1916 1383
0.1917 1381
0.1918 1370
0.1919 1364
0.192 1361
0.1921 1359
0.1922 1351
0.1923 1351
0.1924 1353
0.1925 1348
0.1926 1347
0.1927 1343
0.1928 1345
0.1929 1343
0.193 1345
0.1931 1345
0.1932 1347
0.1933 1335
0.1934 1320
0.1935 1300
0.1936 1295
0.1937 1288
0.1938 1277
0.1939 1262
0.194 1260
0.1941 1252
0.1942 1239
0.1943 1227
0.1944 1219
0.1945 1222
0.1946 1214
0.1947 1216
0.1948 1205
0.1949 1210
0.195 1200
0.1951 1187
0.1952 1181
0.1953 1164
0.1954 1157
0.1955 1146
0.1956 1139
0.1957 1134
0.1958 1135
0.1959 1130
0.196 1115
0.1961 1120
0.1962 1128
0.1963 1137
0.1964 1137
0.1965 1148
0.1966 1147
0.1967 1144
0.1968 1151
0.1969 1160
0.197 1162
0.1971 1164
0.1972 1158
0.1973 1158
0.1974 1164
0.1975 1167
0.1976 1165
0.1977 1164
0.1978 1154
0.1979 1148
0.198 1135
0.1981 1116
0.1982 1093
0.1983 1061
0.1984 1029
0.1985 1023
0.1986 1012
0.1987 998
0.1988 988
0.1989 982
0.199 985
0.1991 999
0.1992 1007
0.1993 1007
0.1994 1009
0.1995 1009
0.1996 1010
0.1997 1012
0.1998 1011
0.1999 1004
0.2 996
0.2001 996
0.2002 993
0.2003 1000
0.2004 999
0.2005 995
0.2006 997
0.2007 994
0.2008 992
0.2009 985
0.201 983
0.2011 961
0.2012 945
0.2013 937
0.2014 931
0.2015 920
0.2016 922
0.2017 919
0.2018 912
0.2019 888
0.202 868
0.2021 850
0.2022 840
0.2023 830
0.2024 826
0.2025 819
0.2026 807
0.2027 792
0.2028 779
0.2029 766
0.203 767
0.2031 759
0.2032 756
0.2033 754
0.2034 756
0.2035 750
0.2036 754
0.2037 755
0.2038 754
0.2039 761
0.204 761
0.2041 767
0.2042 782
0.2043 790
0.2044 794
0.2045 802
0.2046 801
0.2047 807
0.2048 802
0.2049 802
0.205 804
0.2051 810
0.2052 823
0.2053 820
0.2054 807
0.2055 803
0.2056 799
0.2057 791
0.2058 790
0.2059 783
0.206 784
0.2061 780
0.2062 780
0.2063 786
0.2064 779
0.2065 773
0.2066 773
0.2067 773
0.2068 777
0.2069 774
0.207 777
0.2071 771
0.2072 775
0.2073 773
0.2074 774
0.2075 769
0.2076 769
0.2077 768
0.2078 764
0.2079 741
0.208 725
0.2081 710
0.2082 695
0.2083 681
0.2084 662
0.2085 644
0.2086 626
0.2087 626
0.2088 621
0.2089 614
0.209 609
0.2091 612
0.2092 614
0.2093 601
0.2094 587
0.2095 568
0.2096 544
0.2097 513
0.2098 493
0.2099 477
0.21 456
0.2101 442
0.2102 422
0.2103 395
0.2104 365
0.2105 340
0.2106 328
0.2107 326
0.2108 323
0.2109 313
0.211 319
0.2111 320
0.2112 322
0.2113 325
0.2114 317
0.2115 312
0.2116 313
0.2117 313
0.2118 306
0.2119 304
0.212 311
0.2121 316
0.2122 313
0.2123 325
0.2124 338
0.2125 345
0.2126 350
0.2127 351
0.2128 373
0.2129 374
0.213 378
0.2131 383
0.2132 401
0.2133 394
0.2134 393
0.2135 387
0.2136 387
0.2137 381
0.2138 379
0.2139 382
0.214 382
0.2141 390
0.2142 394
0.2143 397
0.2144 395
0.2145 402
0.2146 384
0.2147 361
0.2148 338
0.2149 321
0.215 291
0.2151 274
0.2152 259
0.2153 238
0.2154 213
0.2155 205
0.2156 192
0.2157 178
0.2158 175
0.2159 160
0.216 151
0.2161 137
0.2162 141
0.2163 136
0.2164 127
0.2165 107
0.2166 102
0.2167 104
0.2168 91
0.2169 91
0.217 77
0.2171 72
0.2172 69
0.2173 63
0.2174 47
0.2175 48
0.2176 47
0.2177 45
0.2178 38
0.2179 36
0.218 34
0.2181 25
0.2182 30
0.2183 17
0.2184 16
0.2185 23
0.2186 25
0.2187 11
0.2188 14
0.2189 15
0.219 13
0.2191 15
0.2192 15
0.2193 8
0.2194 7
0.2195 15
0.2196 8
0.2197 12
0.2198 7
0.2199 14
0.22 11
0.2201 6
0.2202 6
0.2203 6
0.2204 6
0.2205 6
0.2206 7
0.2207 12
0.2208 7
0.2209 13
0.221 5
0.2211 7
0.2212 13
0.2213 11
0.2214 13
0.2215 14
0.2216 11
0.2217 5
0.2218 7
0.2219 6
0.222 7
0.2221 6
0.2222 7
0.2223 6
0.2224 3
0.2225 12
0.2226 11
0.2227 4
0.2228 13
0.2229 11
0.223 11
0.2231 8
0.2232 9
0.2233 10
0.2234 6
0.2235 10
0.2236 10
0.2237 5
0.2238 6
0.2239 6
0.224 8
0.2241 7
0.2242 14
0.2243 6
0.2244 10
0.2245 11
0.2246 16
0.2247 12
0.2248 4
0.2249 13
0.225 9
0.2251 17
0.2252 14
0.2253 18
0.2254 8
0.2255 8
0.2256 10
0.2257 14
0.2258 18
0.2259 17
0.226 10
0.2261 16
0.2262 12
0.2263 10
0.2264 13
0.2265 12
0.2266 15
0.2267 13
0.2268 6
0.2269 21
0.227 18
0.2271 16
0.2272 18
0.2273 17
0.2274 21
0.2275 10
0.2276 10
0.2277 23
0.2278 24
0.2279 12
0.228 16
0.2281 8
0.2282 22
0.2283 24
0.2284 20
0.2285 24
0.2286 23
0.2287 30
0.2288 24
0.2289 27
0.229 29
0.2291 33
0.2292 22
0.2293 31
0.2294 23
0.2295 30
0.2296 22
0.2297 9
0.2298 20
0.2299 18
0.23 24
0.2301 20
0.2302 22
0.2303 14
0.2304 17
0.2305 20
0.2306 18
0.2307 29
0.2308 36
0.2309 22
0.231 23
0.2311 30
0.2312 25
0.2313 21
0.2314 27
0.2315 29
0.2316 30
0.2317 41
0.2318 38
0.2319 31
0.232 43
0.2321 41
0.2322 37
0.2323 41
0.2324 49
0.2325 50
0.2326 45
0.2327 40
0.2328 48
0.2329 51
0.233 59
0.2331 52
0.2332 64
0.2333 69
0.2334 79
0.2335 85
0.2336 81
0.2337 93
0.2338 96
0.2339 114
0.234 119
0.2341 139
0.2342 162
0.2343 167
0.2344 201
0.2345 212
0.2346 225
0.2347 243
0.2348 286
0.2349 302
0.235 329
0.2351 339
0.2352 370
0.2353 372
0.2354 379
0.2355 391
0.2356 419
0.2357 423
0.2358 421
0.2359 438
0.236 451
0.2361 459
0.2362 466
0.2363 487
0.2364 487
0.2365 503
0.2366 494
0.2367 517
0.2368 535
0.2369 553
0.237 567
0.2371 576
0.2372 602
0.2373 611
0.2374 614
0.2375 618
0.2376 632
0.2377 659
0.2378 696
0.2379 727
0.238 766
0.2381 795
0.2382 833
0.2383 866
0.2384 907
0.2385 937
0.2386 954
0.2387 982
0.2388 1000
0.2389 1005
0.239 1027
0.2391 1041
0.2392 1064
0.2393 1092
0.2394 1116
0.2395 1135
0.2396 1146
0.2397 1168
0.2398 1188
0.2399 1203
0.24 1215
0.2401 1235
0.2402 1249
0.2403 1257
0.2404 1283
0.2405 1294
0.2406 1304
0.2407 1316
0.2408 1320
0.2409 1333
0.241 1330
0.2411 1337
0.2412 1352
0.2413 1350
0.2414 1364
0.2415 1384
0.2416 1395
0.2417 1405
0.2418 1418
0.2419 1419
0.242 1416
0.2421 1419
0.2422 1422
0.2423 1420
0.2424 1426
0.2425 1442
0.2426 1444
0.2427 1443
0.2428 1438
0.2429 1436
0.243 1443
0.2431 1445
0.2432 1440
0.2433 1435
0.2434 1431
0.2435 1426
0.2436 1424
0.2437 1425
0.2438 1427
0.2439 1419
0.244 1423
0.2441 1422
0.2442 1419
0.2443 1418
0.2444 1417
0.2445 1418
0.2446 1415
0.2447 1419
0.2448 1414
0.2449 1398
0.245 1392
0.2451 1391
0.2452 1393
0.2453 1386
0.2454 1380
0.2455 1385
0.2456 1390
0.2457 1390
0.2458 1399
0.2459 1392
0.246 1391
0.2461 1380
0.2462 1381
0.2463 1376
0.2464 1384
0.2465 1382
0.2466 1380
0.2467 1382
0.2468 1385
0.2469 1378
0.247 1383
0.2471 1389
0.2472 1386
0.2473 1386
0.2474 1380
0.2475 1385
0.2476 1391
0.2477 1397
0.2478 1397
0.2479 1399
0.248 1407
0.2481 1404
0.2482 1401
0.2483 1401
0.2484 1398
0.2485 1392
0.2486 1393
0.2487 1383
0.2488 1378
0.2489 1381
0.249 1374
0.2491 1378
0.2492 1372
0.2493 1364
0.2494 1354
0.2495 1364
0.2496 1367
0.2497 1369
0.2498 1381
0.2499 1376
0.25 1367
