0 665
0.01 621
0.02 588
0.03 556
0.04 529
0.05 510
0.06 487
0.07 474
0.08 456
0.09 437
0.1 417
0.11 401
0.12 386
0.13 369
0.14 358
0.15 348
0.16 330
0.17 317
0.18 304
0.19 296
0.2 286
0.21 276
0.22 272
0.23 259
0.24 247
0.25 240
0.26 229
0.27 219
0.28 216
0.29 210
0.3 210
0.31 207
0.32 197
0.33 190
0.34 187
0.35 182
0.36 175
0.37 168
0.38 165
0.39 159
0.4 155
0.41 153
0.42 150
0.43 149
0.44 144
0.45 142
0.46 140
0.47 136
0.48 136
0.49 132
0.5 129
0.51 126
0.52 125
0.53 120
0.54 115
0.55 111
0.56 109
0.57 106
0.58 104
0.59 100
0.6 98
0.61 97
0.62 93
0.63 88
0.64 87
0.65 85
0.66 85
0.67 82
0.68 78
0.69 78
0.7 75
0.71 73
0.72 70
0.73 67
0.74 67
0.75 65
0.76 61
0.77 58
0.78 54
0.79 52
0.8 51
0.81 48
0.82 45
0.83 45
0.84 44
0.85 42
0.86 41
0.87 40
0.88 38
0.89 39
0.9 38
0.91 39
0.92 38
0.93 39
0.94 41
0.95 37
0.96 36
0.97 33
0.98 32
0.99 32
1 32
1.01 32
1.02 33
1.03 32
1.04 28
1.05 29
1.06 28
1.07 29
1.08 26
1.09 26
1.1 24
1.11 24
1.12 23
1.13 24
1.14 24
1.15 21
1.16 20
1.17 17
1.18 18
1.19 17
1.2 17
1.21 17
1.22 18
1.23 19
1.24 19
1.25 18
1.26 17
1.27 18
1.28 20
1.29 19
1.3 19
1.31 19
1.32 19
1.33 18
1.34 17
1.35 17
1.36 17
1.37 18
1.38 17
1.39 17
1.4 17
1.41 16
1.42 15
1.43 17
1.44 18
1.45 17
1.46 17
1.47 17
1.48 17
1.49 16
1.5 15
1.51 13
1.52 13
1.53 14
1.54 13
1.55 12
1.56 11
1.57 13
1.58 12
1.59 12
1.6 12
1.61 13
1.62 13
1.63 12
1.64 12
1.65 11
1.66 10
1.67 9
1.68 9
1.69 7
1.7 8
1.71 8
1.72 6
1.73 5
1.74 5
1.75 5
1.76 6
1.77 6
1.78 8
1.79 7
1.8 7
1.81 7
1.82 7
1.83 6
1.84 5
1.85 5
1.86 6
1.87 6
1.88 5
1.89 5
1.9 5
1.91 5
1.92 5
1.93 5
1.94 5
1.95 4
1.96 5
1.97 5
1.98 5
1.99 5
2 5
