0 0
0.0001 0
0.0002 0
0.0003 0
0.0004 0
0.0005 0
0.0006 0
0.0007 0
0.0008 0
0.0009 0
0.001 0
0.0011 0
0.0012 0
0.0013 0
0.0014 0
0.0015 1
0.0016 1
0.0017 1
0.0018 1
0.0019 1
0.002 2
0.0021 2
0.0022 4
0.0023 4
0.0024 4
0.0025 6
0.0026 6
0.0027 6
0.0028 7
0.0029 8
0.003 9
0.0031 10
0.0032 10
0.0033 9
0.0034 10
0.0035 10
0.0036 11
0.0037 12
0.0038 11
0.0039 13
0.004 13
0.0041 14
0.0042 14
0.0043 14
0.0044 14
0.0045 15
0.0046 16
0.0047 16
0.0048 17
0.0049 20
0.005 21
0.0051 22
0.0052 26
0.0053 28
0.0054 29
0.0055 28
0.0056 31
0.0057 32
0.0058 35
0.0059 35
0.006 37
0.0061 41
0.0062 42
0.0063 44
0.0064 50
0.0065 50
0.0066 54
0.0067 60
0.0068 62
0.0069 65
0.007 70
0.0071 72
0.0072 76
0.0073 81
0.0074 87
0.0075 91
0.0076 95
0.0077 103
0.0078 106
0.0079 110
0.008 113
0.0081 119
0.0082 124
0.0083 128
0.0084 134
0.0085 141
0.0086 144
0.0087 145
0.0088 148
0.0089 153
0.009 159
0.0091 167
0.0092 176
0.0093 182
0.0094 190
0.0095 193
0.0096 200
0.0097 207
0.0098 214
0.0099 223
0.01 230
0.0101 239
0.0102 245
0.0103 252
0.0104 259
0.0105 266
0.0106 272
0.0107 278
0.0108 286
0.0109 291
0.011 296
0.0111 307
0.0112 319
0.0113 326
0.0114 332
0.0115 343
0.0116 350
0.0117 361
0.0118 365
0.0119 376
0.012 381
0.0121 391
0.0122 394
0.0123 399
0.0124 408
0.0125 416
0.0126 421
0.0127 429
0.0128 436
0.0129 440
0.013 445
0.0131 451
0.0132 463
0.0133 469
0.0134 475
0.0135 488
0.0136 502
0.0137 506
0.0138 512
0.0139 520
0.014 534
0.0141 537
0.0142 550
0.0143 552
0.0144 559
0.0145 570
0.0146 579
0.0147 592
0.0148 597
0.0149 604
0.015 612
0.0151 619
0.0152 622
0.0153 624
0.0154 633
0.0155 643
0.0156 652
0.0157 662
0.0158 664
0.0159 679
0.016 685
0.0161 694
0.0162 697
0.0163 715
0.0164 722
0.0165 729
0.0166 737
0.0167 745
0.0168 752
0.0169 756
0.017 776
0.0171 786
0.0172 790
0.0173 802
0.0174 809
0.0175 814
0.0176 822
0.0177 829
0.0178 843
0.0179 848
0.018 856
0.0181 857
0.0182 869
0.0183 880
0.0184 893
0.0185 901
0.0186 909
0.0187 917
0.0188 922
0.0189 934
0.019 942
0.0191 950
0.0192 958
0.0193 965
0.0194 978
0.0195 983
0.0196 986
0.0197 992
0.0198 999
0.0199 1011
0.02 1021
0.0201 1029
0.0202 1034
0.0203 1043
0.0204 1055
0.0205 1063
0.0206 1073
0.0207 1087
0.0208 1091
0.0209 1096
0.021 1108
0.0211 1112
0.0212 1116
0.0213 1123
0.0214 1130
0.0215 1138
0.0216 1144
0.0217 1156
0.0218 1159
0.0219 1169
0.022 1173
0.0221 1185
0.0222 1192
0.0223 1208
0.0224 1215
0.0225 1228
0.0226 1236
0.0227 1251
0.0228 1261
0.0229 1268
0.023 1274
0.0231 1286
0.0232 1297
0.0233 1303
0.0234 1315
0.0235 1326
0.0236 1335
0.0237 1343
0.0238 1351
0.0239 1356
0.024 1365
0.0241 1371
0.0242 1380
0.0243 1388
0.0244 1396
0.0245 1409
0.0246 1416
0.0247 1422
0.0248 1433
0.0249 1436
0.025 1444
0.0251 1454
0.0252 1470
0.0253 1473
0.0254 1487
0.0255 1503
0.0256 1504
0.0257 1514
0.0258 1526
0.0259 1537
0.026 1548
0.0261 1558
0.0262 1565
0.0263 1575
0.0264 1590
0.0265 1601
0.0266 1608
0.0267 1620
0.0268 1631
0.0269 1645
0.027 1647
0.0271 1663
0.0272 1672
0.0273 1677
0.0274 1684
0.0275 1692
0.0276 1698
0.0277 1702
0.0278 1717
0.0279 1725
0.028 1731
0.0281 1745
0.0282 1751
0.0283 1752
0.0284 1759
0.0285 1768
0.0286 1778
0.0287 1785
0.0288 1795
0.0289 1804
0.029 1817
0.0291 1836
0.0292 1845
0.0293 1846
0.0294 1865
0.0295 1873
0.0296 1870
0.0297 1876
0.0298 1874
0.0299 1859
0.03 1851
0.0301 1814
0.0302 1774
0.0303 1741
0.0304 1698
0.0305 1656
0.0306 1618
0.0307 1578
0.0308 1546
0.0309 1510
0.031 1479
0.0311 1438
0.0312 1407
0.0313 1381
0.0314 1350
0.0315 1314
0.0316 1288
0.0317 1254
0.0318 1217
0.0319 1184
0.032 1168
0.0321 1146
0.0322 1117
0.0323 1096
0.0324 1066
0.0325 1042
0.0326 1030
0.0327 1019
0.0328 1005
0.0329 992
0.033 971
0.0331 941
0.0332 923
0.0333 896
0.0334 877
0.0335 862
0.0336 847
0.0337 832
0.0338 807
0.0339 789
0.034 771
0.0341 757
0.0342 749
0.0343 742
0.0344 727
0.0345 707
0.0346 688
0.0347 668
0.0348 658
0.0349 661
0.035 663
0.0351 660
0.0352 656
0.0353 642
0.0354 631
0.0355 618
0.0356 616
0.0357 609
0.0358 603
0.0359 591
0.036 588
0.0361 590
0.0362 586
0.0363 568
0.0364 560
0.0365 552
0.0366 545
0.0367 534
0.0368 525
0.0369 521
0.037 513
0.0371 507
0.0372 501
0.0373 484
0.0374 477
0.0375 460
0.0376 445
0.0377 435
0.0378 420
0.0379 413
0.038 414
0.0381 405
0.0382 394
0.0383 390
0.0384 397
0.0385 386
0.0386 387
0.0387 385
0.0388 379
0.0389 384
0.039 385
0.0391 378
0.0392 379
0.0393 377
0.0394 382
0.0395 372
0.0396 375
0.0397 367
0.0398 361
0.0399 357
0.04 355
0.0401 356
0.0402 355
0.0403 356
0.0404 356
0.0405 352
0.0406 343
0.0407 339
0.0408 334
0.0409 333
0.041 324
0.0411 322
0.0412 317
0.0413 308
0.0414 310
0.0415 313
0.0416 326
0.0417 319
0.0418 314
0.0419 313
0.042 310
0.0421 314
0.0422 310
0.0423 317
0.0424 315
0.0425 317
0.0426 316
0.0427 312
0.0428 312
0.0429 307
0.043 302
0.0431 302
0.0432 299
0.0433 295
0.0434 296
0.0435 295
0.0436 291
0.0437 293
0.0438 295
0.0439 289
0.044 291
0.0441 288
0.0442 284
0.0443 279
0.0444 276
0.0445 274
0.0446 275
0.0447 277
0.0448 278
0.0449 275
0.045 269
0.0451 264
0.0452 264
0.0453 258
0.0454 258
0.0455 255
0.0456 253
0.0457 256
0.0458 261
0.0459 271
0.046 273
0.0461 277
0.0462 284
0.0463 289
0.0464 293
0.0465 299
0.0466 297
0.0467 296
0.0468 301
0.0469 297
0.047 300
0.0471 296
0.0472 293
0.0473 289
0.0474 284
0.0475 281
0.0476 278
0.0477 277
0.0478 271
0.0479 268
0.048 259
0.0481 256
0.0482 246
0.0483 241
0.0484 238
0.0485 241
0.0486 241
0.0487 236
0.0488 232
0.0489 232
0.049 238
0.0491 237
0.0492 236
0.0493 232
0.0494 231
0.0495 232
0.0496 237
0.0497 243
0.0498 243
0.0499 240
0.05 242
0.0501 247
0.0502 254
0.0503 257
0.0504 257
0.0505 259
0.0506 264
0.0507 266
0.0508 266
0.0509 262
0.051 259
0.0511 256
0.0512 256
0.0513 262
0.0514 263
0.0515 262
0.0516 273
0.0517 270
0.0518 279
0.0519 274
0.052 272
0.0521 277
0.0522 279
0.0523 278
0.0524 271
0.0525 256
0.0526 261
0.0527 255
0.0528 256
0.0529 257
0.053 257
0.0531 250
0.0532 245
0.0533 245
0.0534 240
0.0535 244
0.0536 248
0.0537 256
0.0538 254
0.0539 255
0.054 260
0.0541 259
0.0542 256
0.0543 255
0.0544 260
0.0545 269
0.0546 270
0.0547 272
0.0548 278
0.0549 273
0.055 281
0.0551 285
0.0552 286
0.0553 291
0.0554 291
0.0555 287
0.0556 282
0.0557 284
0.0558 275
0.0559 265
0.056 263
0.0561 270
0.0562 264
0.0563 258
0.0564 247
0.0565 247
0.0566 251
0.0567 253
0.0568 258
0.0569 253
0.057 247
0.0571 247
0.0572 242
0.0573 240
0.0574 243
0.0575 250
0.0576 259
0.0577 262
0.0578 270
0.0579 271
0.058 267
0.0581 270
0.0582 275
0.0583 271
0.0584 261
0.0585 261
0.0586 256
0.0587 249
0.0588 249
0.0589 252
0.059 250
0.0591 245
0.0592 242
0.0593 242
0.0594 239
0.0595 236
0.0596 240
0.0597 245
0.0598 247
0.0599 252
0.06 257
0.0601 258
0.0602 258
0.0603 256
0.0604 257
0.0605 256
0.0606 256
0.0607 252
0.0608 247
0.0609 247
0.061 247
0.0611 249
0.0612 251
0.0613 254
0.0614 249
0.0615 249
0.0616 248
0.0617 250
0.0618 251
0.0619 249
0.062 251
0.0621 251
0.0622 252
0.0623 254
0.0624 255
0.0625 248
0.0626 245
0.0627 237
0.0628 236
0.0629 243
0.063 244
0.0631 246
0.0632 248
0.0633 249
0.0634 246
0.0635 247
0.0636 245
0.0637 243
0.0638 235
0.0639 237
0.064 234
0.0641 230
0.0642 232
0.0643 227
0.0644 225
0.0645 221
0.0646 214
0.0647 210
0.0648 206
0.0649 201
0.065 199
0.0651 200
0.0652 194
0.0653 197
0.0654 191
0.0655 193
0.0656 192
0.0657 186
0.0658 190
0.0659 191
0.066 191
0.0661 196
0.0662 197
0.0663 198
0.0664 197
0.0665 207
0.0666 210
0.0667 213
0.0668 218
0.0669 222
0.067 220
0.0671 221
0.0672 225
0.0673 241
0.0674 242
0.0675 246
0.0676 239
0.0677 251
0.0678 251
0.0679 252
0.068 268
0.0681 273
0.0682 273
0.0683 275
0.0684 270
0.0685 271
0.0686 269
0.0687 268
0.0688 278
0.0689 279
0.069 276
0.0691 279
0.0692 282
0.0693 281
0.0694 282
0.0695 281
0.0696 281
0.0697 281
0.0698 282
0.0699 283
0.07 291
0.0701 301
0.0702 310
0.0703 316
0.0704 316
0.0705 319
0.0706 317
0.0707 309
0.0708 307
0.0709 306
0.071 304
0.0711 302
0.0712 297
0.0713 292
0.0714 287
0.0715 282
0.0716 273
0.0717 276
0.0718 269
0.0719 262
0.072 260
0.0721 254
0.0722 252
0.0723 248
0.0724 245
0.0725 243
0.0726 244
0.0727 237
0.0728 232
0.0729 226
0.073 224
0.0731 219
0.0732 221
0.0733 217
0.0734 218
0.0735 220
0.0736 225
0.0737 227
0.0738 231
0.0739 227
0.074 228
0.0741 229
0.0742 229
0.0743 225
0.0744 221
0.0745 216
0.0746 216
0.0747 211
0.0748 207
0.0749 206
0.075 200
0.0751 208
0.0752 207
0.0753 210
0.0754 209
0.0755 216
0.0756 220
0.0757 222
0.0758 218
0.0759 221
0.076 213
0.0761 213
0.0762 213
0.0763 212
0.0764 215
0.0765 216
0.0766 221
0.0767 222
0.0768 212
0.0769 211
0.077 209
0.0771 212
0.0772 209
0.0773 211
0.0774 209
0.0775 209
0.0776 208
0.0777 215
0.0778 213
0.0779 214
0.078 213
0.0781 213
0.0782 214
0.0783 215
0.0784 217
0.0785 220
0.0786 223
0.0787 229
0.0788 233
0.0789 247
0.079 246
0.0791 252
0.0792 240
0.0793 238
0.0794 244
0.0795 246
0.0796 242
0.0797 244
0.0798 248
0.0799 252
0.08 255
0.0801 251
0.0802 251
0.0803 260
0.0804 273
0.0805 269
0.0806 267
0.0807 269
0.0808 257
0.0809 255
0.081 252
0.0811 249
0.0812 248
0.0813 249
0.0814 248
0.0815 247
0.0816 246
0.0817 244
0.0818 254
0.0819 255
0.082 252
0.0821 252
0.0822 247
0.0823 247
0.0824 241
0.0825 239
0.0826 241
0.0827 240
0.0828 241
0.0829 239
0.083 244
0.0831 247
0.0832 250
0.0833 254
0.0834 253
0.0835 245
0.0836 240
0.0837 234
0.0838 232
0.0839 228
0.084 226
0.0841 224
0.0842 223
0.0843 222
0.0844 226
0.0845 225
0.0846 227
0.0847 220
0.0848 221
0.0849 225
0.085 225
0.0851 226
0.0852 225
0.0853 230
0.0854 230
0.0855 226
0.0856 224
0.0857 224
0.0858 224
0.0859 220
0.086 221
0.0861 214
0.0862 211
0.0863 206
0.0864 201
0.0865 199
0.0866 200
0.0867 202
0.0868 203
0.0869 208
0.087 215
0.0871 212
0.0872 213
0.0873 219
0.0874 226
0.0875 236
0.0876 249
0.0877 259
0.0878 262
0.0879 269
0.088 270
0.0881 271
0.0882 270
0.0883 273
0.0884 274
0.0885 273
0.0886 268
0.0887 263
0.0888 262
0.0889 259
0.089 253
0.0891 251
0.0892 249
0.0893 244
0.0894 246
0.0895 244
0.0896 250
0.0897 246
0.0898 245
0.0899 238
0.09 236
0.0901 233
0.0902 231
0.0903 227
0.0904 228
0.0905 234
0.0906 234
0.0907 233
0.0908 239
0.0909 241
0.091 246
0.0911 249
0.0912 256
0.0913 250
0.0914 247
0.0915 237
0.0916 234
0.0917 227
0.0918 220
0.0919 214
0.092 211
0.0921 205
0.0922 205
0.0923 207
0.0924 206
0.0925 201
0.0926 201
0.0927 206
0.0928 213
0.0929 213
0.093 212
0.0931 211
0.0932 215
0.0933 219
0.0934 228
0.0935 242
0.0936 239
0.0937 229
0.0938 228
0.0939 228
0.094 219
0.0941 217
0.0942 215
0.0943 212
0.0944 212
0.0945 211
0.0946 206
0.0947 203
0.0948 201
0.0949 195
0.095 199
0.0951 200
0.0952 203
0.0953 205
0.0954 208
0.0955 203
0.0956 204
0.0957 204
0.0958 206
0.0959 202
0.096 203
0.0961 208
0.0962 210
0.0963 217
0.0964 215
0.0965 212
0.0966 212
0.0967 207
0.0968 208
0.0969 205
0.097 202
0.0971 204
0.0972 201
0.0973 197
0.0974 194
0.0975 190
0.0976 187
0.0977 187
0.0978 186
0.0979 185
0.098 192
0.0981 191
0.0982 193
0.0983 198
0.0984 203
0.0985 215
0.0986 226
0.0987 230
0.0988 231
0.0989 226
0.099 225
0.0991 226
0.0992 226
0.0993 232
0.0994 233
0.0995 234
0.0996 242
0.0997 242
0.0998 241
0.0999 239
0.1 241
0.1001 239
0.1002 236
0.1003 234
0.1004 228
0.1005 227
0.1006 223
0.1007 220
0.1008 219
0.1009 216
0.101 215
0.1011 208
0.1012 212
0.1013 232
0.1014 245
0.1015 267
0.1016 287
0.1017 304
0.1018 309
0.1019 313
0.102 322
0.1021 327
0.1022 328
0.1023 331
0.1024 329
0.1025 331
0.1026 334
0.1027 338
0.1028 334
0.1029 335
0.103 337
0.1031 339
0.1032 338
0.1033 341
0.1034 341
0.1035 342
0.1036 343
0.1037 344
0.1038 345
0.1039 346
0.104 346
0.1041 347
0.1042 347
0.1043 350
0.1044 348
0.1045 348
0.1046 350
0.1047 351
0.1048 351
0.1049 353
0.105 353
0.1051 356
0.1052 358
0.1053 361
0.1054 363
0.1055 364
0.1056 366
0.1057 369
0.1058 375
0.1059 377
0.106 382
0.1061 386
0.1062 386
0.1063 392
0.1064 397
0.1065 402
0.1066 402
0.1067 405
0.1068 408
0.1069 412
0.107 414
0.1071 418
0.1072 420
0.1073 423
0.1074 429
0.1075 431
0.1076 439
0.1077 440
0.1078 444
0.1079 449
0.108 454
0.1081 455
0.1082 458
0.1083 470
0.1084 475
0.1085 480
0.1086 487
0.1087 487
0.1088 495
0.1089 498
0.109 501
0.1091 509
0.1092 512
0.1093 516
0.1094 524
0.1095 526
0.1096 535
0.1097 540
0.1098 542
0.1099 551
0.11 558
0.1101 561
0.1102 565
0.1103 571
0.1104 577
0.1105 583
0.1106 589
0.1107 601
0.1108 603
0.1109 610
0.111 615
0.1111 628
0.1112 640
0.1113 644
0.1114 650
0.1115 652
0.1116 661
0.1117 668
0.1118 680
0.1119 691
0.112 697
0.1121 706
0.1122 712
0.1123 719
0.1124 726
0.1125 734
0.1126 748
0.1127 756
0.1128 767
0.1129 771
0.113 778
0.1131 794
0.1132 800
0.1133 815
0.1134 820
0.1135 836
0.1136 843
0.1137 854
0.1138 865
0.1139 872
0.114 875
0.1141 885
0.1142 894
0.1143 908
0.1144 916
0.1145 924
0.1146 933
0.1147 938
0.1148 949
0.1149 958
0.115 967
0.1151 982
0.1152 989
0.1153 996
0.1154 1005
0.1155 1012
0.1156 1021
0.1157 1033
0.1158 1038
0.1159 1048
0.116 1058
0.1161 1074
0.1162 1082
0.1163 1094
0.1164 1102
0.1165 1114
0.1166 1117
0.1167 1127
0.1168 1135
0.1169 1154
0.117 1163
0.1171 1173
0.1172 1180
0.1173 1192
0.1174 1201
0.1175 1205
0.1176 1217
0.1177 1224
0.1178 1225
0.1179 1228
0.118 1235
0.1181 1241
0.1182 1254
0.1183 1272
0.1184 1283
0.1185 1285
0.1186 1290
0.1187 1298
0.1188 1309
0.1189 1318
0.119 1324
0.1191 1333
0.1192 1344
0.1193 1351
0.1194 1361
0.1195 1369
0.1196 1375
0.1197 1382
0.1198 1395
0.1199 1399
0.12 1409
0.1201 1421
0.1202 1433
0.1203 1436
0.1204 1447
0.1205 1452
0.1206 1461
0.1207 1474
0.1208 1482
0.1209 1484
0.121 1495
0.1211 1501
0.1212 1509
0.1213 1514
0.1214 1520
0.1215 1529
0.1216 1534
0.1217 1537
0.1218 1539
0.1219 1545
0.122 1559
0.1221 1566
0.1222 1569
0.1223 1580
0.1224 1586
0.1225 1591
0.1226 1598
0.1227 1607
0.1228 1616
0.1229 1628
0.123 1642
0.1231 1651
0.1232 1648
0.1233 1659
0.1234 1669
0.1235 1669
0.1236 1687
0.1237 1687
0.1238 1683
0.1239 1703
0.124 1705
0.1241 1706
0.1242 1714
0.1243 1720
0.1244 1727
0.1245 1718
0.1246 1729
0.1247 1726
0.1248 1730
0.1249 1739
0.125 1721
0.1251 1713
0.1252 1696
0.1253 1681
0.1254 1671
0.1255 1646
0.1256 1619
0.1257 1597
0.1258 1567
0.1259 1531
0.126 1506
0.1261 1480
0.1262 1449
0.1263 1416
0.1264 1385
0.1265 1350
0.1266 1315
0.1267 1280
0.1268 1264
0.1269 1226
0.127 1206
0.1271 1174
0.1272 1151
0.1273 1134
0.1274 1099
0.1275 1081
0.1276 1059
0.1277 1035
0.1278 1025
0.1279 997
0.128 968
0.1281 949
0.1282 926
0.1283 910
0.1284 894
0.1285 875
0.1286 852
0.1287 838
0.1288 825
0.1289 807
0.129 783
0.1291 765
0.1292 747
0.1293 733
0.1294 722
0.1295 699
0.1296 683
0.1297 672
0.1298 651
0.1299 638
0.13 624
0.1301 604
0.1302 587
0.1303 579
0.1304 572
0.1305 566
0.1306 552
0.1307 545
0.1308 541
0.1309 535
0.131 522
0.1311 516
0.1312 512
0.1313 505
0.1314 498
0.1315 492
0.1316 486
0.1317 484
0.1318 484
0.1319 472
0.132 473
0.1321 465
0.1322 459
0.1323 458
0.1324 452
0.1325 446
0.1326 441
0.1327 434
0.1328 431
0.1329 425
0.133 425
0.1331 436
0.1332 431
0.1333 433
0.1334 435
0.1335 433
0.1336 428
0.1337 431
0.1338 428
0.1339 423
0.134 417
0.1341 418
0.1342 409
0.1343 405
0.1344 402
0.1345 397
0.1346 392
0.1347 390
0.1348 386
0.1349 378
0.135 366
0.1351 355
0.1352 348
0.1353 345
0.1354 338
0.1355 332
0.1356 332
0.1357 335
0.1358 326
0.1359 321
0.136 312
0.1361 309
0.1362 304
0.1363 295
0.1364 289
0.1365 285
0.1366 285
0.1367 286
0.1368 290
0.1369 296
0.137 288
0.1371 284
0.1372 279
0.1373 274
0.1374 272
0.1375 270
0.1376 267
0.1377 272
0.1378 272
0.1379 271
0.138 269
0.1381 269
0.1382 263
0.1383 252
0.1384 249
0.1385 249
0.1386 247
0.1387 245
0.1388 242
0.1389 241
0.139 234
0.1391 230
0.1392 224
0.1393 222
0.1394 217
0.1395 215
0.1396 217
0.1397 216
0.1398 219
0.1399 223
0.14 228
0.1401 225
0.1402 222
0.1403 221
0.1404 217
0.1405 215
0.1406 212
0.1407 207
0.1408 201
0.1409 198
0.141 200
0.1411 194
0.1412 196
0.1413 198
0.1414 205
0.1415 212
0.1416 215
0.1417 221
0.1418 228
0.1419 233
0.142 240
0.1421 252
0.1422 252
0.1423 243
0.1424 238
0.1425 240
0.1426 236
0.1427 239
0.1428 240
0.1429 240
0.143 235
0.1431 233
0.1432 228
0.1433 231
0.1434 234
0.1435 240
0.1436 243
0.1437 237
0.1438 243
0.1439 251
0.144 253
0.1441 244
0.1442 245
0.1443 239
0.1444 243
0.1445 246
0.1446 247
0.1447 253
0.1448 252
0.1449 250
0.145 239
0.1451 242
0.1452 239
0.1453 234
0.1454 233
0.1455 236
0.1456 233
0.1457 229
0.1458 229
0.1459 228
0.146 227
0.1461 225
0.1462 225
0.1463 224
0.1464 224
0.1465 226
0.1466 228
0.1467 230
0.1468 231
0.1469 226
0.147 221
0.1471 218
0.1472 218
0.1473 218
0.1474 221
0.1475 215
0.1476 213
0.1477 209
0.1478 206
0.1479 201
0.148 199
0.1481 190
0.1482 196
0.1483 195
0.1484 201
0.1485 203
0.1486 210
0.1487 209
0.1488 207
0.1489 206
0.149 209
0.1491 209
0.1492 213
0.1493 211
0.1494 210
0.1495 216
0.1496 230
0.1497 236
0.1498 242
0.1499 236
0.15 233
0.1501 228
0.1502 223
0.1503 216
0.1504 214
0.1505 213
0.1506 213
0.1507 212
0.1508 216
0.1509 208
0.151 209
0.1511 209
0.1512 206
0.1513 204
0.1514 197
0.1515 190
0.1516 188
0.1517 184
0.1518 185
0.1519 190
0.152 183
0.1521 178
0.1522 173
0.1523 166
0.1524 162
0.1525 155
0.1526 150
0.1527 150
0.1528 150
0.1529 150
0.153 148
0.1531 147
0.1532 143
0.1533 147
0.1534 153
0.1535 153
0.1536 157
0.1537 158
0.1538 158
0.1539 160
0.154 159
0.1541 158
0.1542 165
0.1543 167
0.1544 173
0.1545 176
0.1546 178
0.1547 180
0.1548 181
0.1549 176
0.155 182
0.1551 183
0.1552 176
0.1553 178
0.1554 187
0.1555 183
0.1556 185
0.1557 184
0.1558 184
0.1559 183
0.156 185
0.1561 185
0.1562 187
0.1563 188
0.1564 186
0.1565 184
0.1566 182
0.1567 180
0.1568 178
0.1569 171
0.157 169
0.1571 166
0.1572 161
0.1573 153
0.1574 154
0.1575 160
0.1576 161
0.1577 159
0.1578 156
0.1579 153
0.158 151
0.1581 157
0.1582 160
0.1583 160
0.1584 159
0.1585 161
0.1586 162
0.1587 166
0.1588 172
0.1589 172
0.159 172
0.1591 170
0.1592 174
0.1593 179
0.1594 180
0.1595 182
0.1596 178
0.1597 173
0.1598 171
0.1599 172
0.16 169
0.1601 172
0.1602 174
0.1603 176
0.1604 179
0.1605 178
0.1606 180
0.1607 184
0.1608 186
0.1609 182
0.161 182
0.1611 178
0.1612 175
0.1613 172
0.1614 172
0.1615 168
0.1616 164
0.1617 164
0.1618 161
0.1619 168
0.162 162
0.1621 161
0.1622 153
0.1623 151
0.1624 150
0.1625 143
0.1626 142
0.1627 142
0.1628 138
0.1629 135
0.163 134
0.1631 135
0.1632 137
0.1633 145
0.1634 149
0.1635 149
0.1636 144
0.1637 142
0.1638 144
0.1639 148
0.164 149
0.1641 150
0.1642 154
0.1643 151
0.1644 152
0.1645 153
0.1646 157
0.1647 154
0.1648 155
0.1649 157
0.165 162
0.1651 170
0.1652 179
0.1653 175
0.1654 178
0.1655 185
0.1656 186
0.1657 185
0.1658 192
0.1659 199
0.166 206
0.1661 208
0.1662 215
0.1663 216
0.1664 223
0.1665 225
0.1666 224
0.1667 231
0.1668 243
0.1669 242
0.167 238
0.1671 233
0.1672 232
0.1673 232
0.1674 228
0.1675 223
0.1676 218
0.1677 217
0.1678 214
0.1679 215
0.168 220
0.1681 225
0.1682 236
0.1683 241
0.1684 244
0.1685 249
0.1686 251
0.1687 250
0.1688 253
0.1689 249
0.169 253
0.1691 256
0.1692 260
0.1693 261
0.1694 255
0.1695 249
0.1696 255
0.1697 258
0.1698 260
0.1699 250
0.17 248
0.1701 244
0.1702 233
0.1703 235
0.1704 230
0.1705 224
0.1706 220
0.1707 222
0.1708 220
0.1709 218
0.171 213
0.1711 221
0.1712 218
0.1713 222
0.1714 221
0.1715 214
0.1716 212
0.1717 211
0.1718 210
0.1719 208
0.172 209
0.1721 210
0.1722 214
0.1723 212
0.1724 204
0.1725 201
0.1726 204
0.1727 210
0.1728 205
0.1729 206
0.173 208
0.1731 211
0.1732 215
0.1733 212
0.1734 204
0.1735 203
0.1736 205
0.1737 206
0.1738 205
0.1739 204
0.174 206
0.1741 220
0.1742 214
0.1743 219
0.1744 216
0.1745 211
0.1746 212
0.1747 214
0.1748 210
0.1749 204
0.175 199
0.1751 196
0.1752 191
0.1753 195
0.1754 194
0.1755 191
0.1756 197
0.1757 195
0.1758 194
0.1759 194
0.176 187
0.1761 189
0.1762 194
0.1763 188
0.1764 185
0.1765 188
0.1766 188
0.1767 188
0.1768 187
0.1769 183
0.177 176
0.1771 177
0.1772 180
0.1773 184
0.1774 192
0.1775 190
0.1776 190
0.1777 189
0.1778 186
0.1779 190
0.178 190
0.1781 191
0.1782 193
0.1783 188
0.1784 184
0.1785 183
0.1786 181
0.1787 185
0.1788 188
0.1789 193
0.179 196
0.1791 201
0.1792 212
0.1793 214
0.1794 212
0.1795 220
0.1796 218
0.1797 221
0.1798 221
0.1799 221
0.18 219
0.1801 224
0.1802 221
0.1803 222
0.1804 221
0.1805 218
0.1806 211
0.1807 206
0.1808 202
0.1809 202
0.181 213
0.1811 219
0.1812 220
0.1813 220
0.1814 215
0.1815 217
0.1816 217
0.1817 217
0.1818 220
0.1819 218
0.182 216
0.1821 216
0.1822 214
0.1823 214
0.1824 216
0.1825 218
0.1826 219
0.1827 222
0.1828 225
0.1829 227
0.183 227
0.1831 228
0.1832 227
0.1833 231
0.1834 239
0.1835 245
0.1836 257
0.1837 266
0.1838 284
0.1839 291
0.184 294
0.1841 294
0.1842 301
0.1843 298
0.1844 295
0.1845 290
0.1846 291
0.1847 297
0.1848 299
0.1849 297
0.185 300
0.1851 297
0.1852 298
0.1853 298
0.1854 291
0.1855 288
0.1856 284
0.1857 279
0.1858 277
0.1859 275
0.186 277
0.1861 275
0.1862 281
0.1863 283
0.1864 281
0.1865 274
0.1866 275
0.1867 276
0.1868 273
0.1869 272
0.187 277
0.1871 274
0.1872 266
0.1873 270
0.1874 272
0.1875 274
0.1876 283
0.1877 295
0.1878 300
0.1879 301
0.188 298
0.1881 299
0.1882 302
0.1883 297
0.1884 307
0.1885 303
0.1886 307
0.1887 308
0.1888 304
0.1889 307
0.189 306
0.1891 304
0.1892 303
0.1893 304
0.1894 302
0.1895 305
0.1896 313
0.1897 311
0.1898 314
0.1899 315
0.19 316
0.1901 318
0.1902 318
0.1903 317
0.1904 320
0.1905 316
0.1906 319
0.1907 321
0.1908 321
0.1909 319
0.191 323
0.1911 323
0.1912 325
0.1913 325
0.1914 324
0.1915 324
0.1916 328
0.1917 329
0.1918 329
0.1919 328
0.192 332
0.1921 333
0.1922 334
0.1923 335
0.1924 336
0.1925 338
0.1926 340
0.1927 342
0.1928 344
0.1929 345
0.193 347
0.1931 351
0.1932 353
0.1933 354
0.1934 353
0.1935 357
0.1936 359
0.1937 362
0.1938 368
0.1939 368
0.194 373
0.1941 377
0.1942 379
0.1943 380
0.1944 388
0.1945 388
0.1946 390
0.1947 395
0.1948 401
0.1949 405
0.195 410
0.1951 416
0.1952 416
0.1953 419
0.1954 424
0.1955 432
0.1956 434
0.1957 440
0.1958 441
0.1959 450
0.196 456
0.1961 464
0.1962 467
0.1963 474
0.1964 483
0.1965 487
0.1966 492
0.1967 499
0.1968 502
0.1969 506
0.197 512
0.1971 521
0.1972 535
0.1973 540
0.1974 544
0.1975 552
0.1976 558
0.1977 562
0.1978 571
0.1979 583
0.198 594
0.1981 600
0.1982 606
0.1983 615
0.1984 624
0.1985 628
0.1986 635
0.1987 646
0.1988 656
0.1989 661
0.199 668
0.1991 678
0.1992 679
0.1993 686
0.1994 699
0.1995 706
0.1996 716
0.1997 720
0.1998 728
0.1999 736
0.2 748
0.2001 752
0.2002 763
0.2003 766
0.2004 779
0.2005 783
0.2006 794
0.2007 798
0.2008 812
0.2009 815
0.201 820
0.2011 825
0.2012 836
0.2013 845
0.2014 852
0.2015 862
0.2016 867
0.2017 872
0.2018 879
0.2019 894
0.202 904
0.2021 917
0.2022 926
0.2023 931
0.2024 942
0.2025 951
0.2026 957
0.2027 960
0.2028 967
0.2029 976
0.203 978
0.2031 988
0.2032 996
0.2033 995
0.2034 1010
0.2035 1013
0.2036 1022
0.2037 1028
0.2038 1030
0.2039 1037
0.204 1050
0.2041 1063
0.2042 1075
0.2043 1080
0.2044 1087
0.2045 1094
0.2046 1097
0.2047 1103
0.2048 1112
0.2049 1120
0.205 1126
0.2051 1129
0.2052 1136
0.2053 1150
0.2054 1156
0.2055 1167
0.2056 1171
0.2057 1179
0.2058 1197
0.2059 1207
0.206 1220
0.2061 1222
0.2062 1227
0.2063 1232
0.2064 1235
0.2065 1245
0.2066 1253
0.2067 1262
0.2068 1279
0.2069 1288
0.207 1292
0.2071 1304
0.2072 1313
0.2073 1323
0.2074 1332
0.2075 1344
0.2076 1350
0.2077 1360
0.2078 1370
0.2079 1375
0.208 1388
0.2081 1400
0.2082 1409
0.2083 1418
0.2084 1429
0.2085 1436
0.2086 1444
0.2087 1454
0.2088 1456
0.2089 1473
0.209 1478
0.2091 1485
0.2092 1493
0.2093 1508
0.2094 1522
0.2095 1534
0.2096 1534
0.2097 1550
0.2098 1563
0.2099 1567
0.21 1577
0.2101 1579
0.2102 1596
0.2103 1601
0.2104 1608
0.2105 1618
0.2106 1624
0.2107 1633
0.2108 1641
0.2109 1644
0.211 1653
0.2111 1661
0.2112 1676
0.2113 1679
0.2114 1687
0.2115 1688
0.2116 1696
0.2117 1706
0.2118 1716
0.2119 1715
0.212 1712
0.2121 1727
0.2122 1719
0.2123 1715
0.2124 1703
0.2125 1700
0.2126 1703
0.2127 1715
0.2128 1697
0.2129 1683
0.213 1667
0.2131 1654
0.2132 1628
0.2133 1611
0.2134 1593
0.2135 1575
0.2136 1554
0.2137 1552
0.2138 1523
0.2139 1492
0.214 1472
0.2141 1437
0.2142 1413
0.2143 1400
0.2144 1363
0.2145 1330
0.2146 1291
0.2147 1266
0.2148 1245
0.2149 1214
0.215 1179
0.2151 1153
0.2152 1125
0.2153 1097
0.2154 1081
0.2155 1052
0.2156 1031
0.2157 1002
0.2158 984
0.2159 967
0.216 948
0.2161 926
0.2162 917
0.2163 898
0.2164 883
0.2165 867
0.2166 857
0.2167 844
0.2168 822
0.2169 815
0.217 794
0.2171 771
0.2172 747
0.2173 727
0.2174 710
0.2175 693
0.2176 671
0.2177 654
0.2178 649
0.2179 635
0.218 617
0.2181 607
0.2182 593
0.2183 583
0.2184 571
0.2185 567
0.2186 558
0.2187 555
0.2188 553
0.2189 541
0.219 535
0.2191 523
0.2192 507
0.2193 493
0.2194 487
0.2195 482
0.2196 476
0.2197 467
0.2198 461
0.2199 451
0.22 439
0.2201 425
0.2202 426
0.2203 420
0.2204 413
0.2205 409
0.2206 406
0.2207 412
0.2208 410
0.2209 404
0.221 398
0.2211 387
0.2212 388
0.2213 382
0.2214 374
0.2215 373
0.2216 363
0.2217 357
0.2218 348
0.2219 338
0.222 337
0.2221 334
0.2222 332
0.2223 329
0.2224 330
0.2225 334
0.2226 331
0.2227 333
0.2228 328
0.2229 335
0.223 327
0.2231 326
0.2232 324
0.2233 320
0.2234 314
0.2235 306
0.2236 307
0.2237 306
0.2238 303
0.2239 296
0.224 296
0.2241 293
0.2242 296
0.2243 298
0.2244 301
0.2245 297
0.2246 299
0.2247 293
0.2248 292
0.2249 290
0.225 281
0.2251 279
0.2252 277
0.2253 266
0.2254 263
0.2255 262
0.2256 265
0.2257 269
0.2258 268
0.2259 276
0.226 275
0.2261 278
0.2262 276
0.2263 277
0.2264 289
0.2265 292
0.2266 287
0.2267 290
0.2268 285
0.2269 281
0.227 277
0.2271 273
0.2272 271
0.2273 269
0.2274 265
0.2275 265
0.2276 262
0.2277 254
0.2278 249
0.2279 251
0.228 256
0.2281 257
0.2282 256
0.2283 265
0.2284 277
0.2285 285
0.2286 288
0.2287 279
0.2288 275
0.2289 275
0.229 276
0.2291 284
0.2292 287
0.2293 290
0.2294 291
0.2295 295
0.2296 294
0.2297 297
0.2298 292
0.2299 295
0.23 304
0.2301 307
0.2302 313
0.2303 308
0.2304 311
0.2305 314
0.2306 321
0.2307 323
0.2308 325
0.2309 323
0.231 323
0.2311 318
0.2312 321
0.2313 318
0.2314 318
0.2315 315
0.2316 319
0.2317 320
0.2318 315
0.2319 323
0.232 321
0.2321 321
0.2322 318
0.2323 313
0.2324 317
0.2325 319
0.2326 321
0.2327 322
0.2328 322
0.2329 322
0.233 313
0.2331 311
0.2332 307
0.2333 306
0.2334 299
0.2335 304
0.2336 301
0.2337 299
0.2338 303
0.2339 304
0.234 303
0.2341 299
0.2342 296
0.2343 295
0.2344 292
0.2345 291
0.2346 291
0.2347 294
0.2348 292
0.2349 285
0.235 284
0.2351 281
0.2352 290
0.2353 293
0.2354 288
0.2355 286
0.2356 285
0.2357 290
0.2358 293
0.2359 294
0.236 295
0.2361 291
0.2362 290
0.2363 291
0.2364 291
0.2365 297
0.2366 298
0.2367 295
0.2368 296
0.2369 286
0.237 281
0.2371 294
0.2372 292
0.2373 294
0.2374 295
0.2375 289
0.2376 288
0.2377 285
0.2378 278
0.2379 274
0.238 269
0.2381 274
0.2382 271
0.2383 270
0.2384 274
0.2385 276
0.2386 272
0.2387 275
0.2388 277
0.2389 276
0.239 279
0.2391 279
0.2392 278
0.2393 276
0.2394 275
0.2395 269
0.2396 266
0.2397 265
0.2398 270
0.2399 271
0.24 276
0.2401 273
0.2402 273
0.2403 265
0.2404 261
0.2405 255
0.2406 253
0.2407 244
0.2408 236
0.2409 230
0.241 232
0.2411 229
0.2412 228
0.2413 228
0.2414 230
0.2415 231
0.2416 235
0.2417 235
0.2418 235
0.2419 236
0.242 237
0.2421 240
0.2422 237
0.2423 230
0.2424 230
0.2425 228
0.2426 232
0.2427 232
0.2428 232
0.2429 239
0.243 237
0.2431 245
0.2432 243
0.2433 244
0.2434 245
0.2435 249
0.2436 259
0.2437 266
0.2438 263
0.2439 259
0.244 258
0.2441 262
0.2442 260
0.2443 254
0.2444 252
0.2445 251
0.2446 254
0.2447 258
0.2448 263
0.2449 258
0.245 254
0.2451 251
0.2452 250
0.2453 248
0.2454 250
0.2455 244
0.2456 240
0.2457 240
0.2458 233
0.2459 234
0.246 227
0.2461 225
0.2462 235
0.2463 239
0.2464 229
0.2465 224
0.2466 226
0.2467 232
0.2468 234
0.2469 234
0.247 231
0.2471 226
0.2472 225
0.2473 222
0.2474 222
0.2475 222
0.2476 223
0.2477 221
0.2478 224
0.2479 228
0.248 232
0.2481 239
0.2482 249
0.2483 254
0.2484 259
0.2485 254
0.2486 252
0.2487 247
0.2488 245
0.2489 243
0.249 241
0.2491 234
0.2492 226
0.2493 222
0.2494 219
0.2495 214
0.2496 215
0.2497 213
0.2498 215
0.2499 210
0.25 212
