0 0
0.0001 0
0.0002 0
0.0003 0
0.0004 0
0.0005 0
0.0006 0
0.0007 0
0.0008 0
0.0009 0
0.001 1
0.0011 0
0.0012 0
0.0013 0
0.0014 0
0.0015 0
0.0016 0
0.0017 0
0.0018 3
0.0019 0
0.002 0
0.0021 2
0.0022 2
0.0023 1
0.0024 1
0.0025 0
0.0026 0
0.0027 0
0.0028 0
0.0029 0
0.003 0
0.0031 0
0.0032 0
0.0033 0
0.0034 2
0.0035 0
0.0036 2
0.0037 3
0.0038 1
0.0039 1
0.004 1
0.0041 2
0.0042 0
0.0043 0
0.0044 0
0.0045 2
0.0046 2
0.0047 1
0.0048 0
0.0049 1
0.005 1
0.0051 1
0.0052 2
0.0053 1
0.0054 0
0.0055 2
0.0056 1
0.0057 0
0.0058 3
0.0059 1
0.006 1
0.0061 1
0.0062 1
0.0063 1
0.0064 0
0.0065 0
0.0066 2
0.0067 1
0.0068 1
0.0069 1
0.007 0
0.0071 0
0.0072 2
0.0073 3
0.0074 2
0.0075 2
0.0076 2
0.0077 1
0.0078 1
0.0079 1
0.008 1
0.0081 1
0.0082 2
0.0083 2
0.0084 1
0.0085 3
0.0086 1
0.0087 2
0.0088 1
0.0089 1
0.009 2
0.0091 1
0.0092 0
0.0093 1
0.0094 1
0.0095 3
0.0096 1
0.0097 0
0.0098 3
0.0099 3
0.01 2
0.0101 3
0.0102 3
0.0103 9
0.0104 3
0.0105 2
0.0106 3
0.0107 2
0.0108 3
0.0109 2
0.011 2
0.0111 2
0.0112 3
0.0113 3
0.0114 5
0.0115 3
0.0116 5
0.0117 2
0.0118 1
0.0119 3
0.012 2
0.0121 3
0.0122 3
0.0123 3
0.0124 4
0.0125 4
0.0126 4
0.0127 3
0.0128 3
0.0129 3
0.013 6
0.0131 3
0.0132 5
0.0133 5
0.0134 5
0.0135 6
0.0136 8
0.0137 2
0.0138 6
0.0139 3
0.014 7
0.0141 9
0.0142 3
0.0143 2
0.0144 3
0.0145 2
0.0146 4
0.0147 11
0.0148 3
0.0149 4
0.015 5
0.0151 4
0.0152 4
0.0153 5
0.0154 4
0.0155 5
0.0156 8
0.0157 1
0.0158 3
0.0159 6
0.016 3
0.0161 5
0.0162 6
0.0163 7
0.0164 4
0.0165 4
0.0166 11
0.0167 4
0.0168 4
0.0169 4
0.017 5
0.0171 11
0.0172 12
0.0173 5
0.0174 5
0.0175 5
0.0176 6
0.0177 11
0.0178 4
0.0179 9
0.018 13
0.0181 7
0.0182 10
0.0183 9
0.0184 5
0.0185 9
0.0186 6
0.0187 8
0.0188 4
0.0189 13
0.019 5
0.0191 9
0.0192 9
0.0193 10
0.0194 9
0.0195 15
0.0196 12
0.0197 7
0.0198 10
0.0199 5
0.02 5
0.0201 12
0.0202 6
0.0203 9
0.0204 5
0.0205 4
0.0206 10
0.0207 12
0.0208 11
0.0209 12
0.021 9
0.0211 9
0.0212 10
0.0213 15
0.0214 10
0.0215 16
0.0216 10
0.0217 10
0.0218 20
0.0219 13
0.022 13
0.0221 13
0.0222 14
0.0223 9
0.0224 10
0.0225 15
0.0226 11
0.0227 19
0.0228 10
0.0229 11
0.023 15
0.0231 11
0.0232 13
0.0233 13
0.0234 13
0.0235 15
0.0236 14
0.0237 14
0.0238 16
0.0239 17
0.024 8
0.0241 7
0.0242 13
0.0243 11
0.0244 4
0.0245 15
0.0246 17
0.0247 23
0.0248 20
0.0249 17
0.025 29
0.0251 27
0.0252 27
0.0253 28
0.0254 29
0.0255 34
0.0256 28
0.0257 25
0.0258 36
0.0259 23
0.026 32
0.0261 26
0.0262 27
0.0263 28
0.0264 33
0.0265 30
0.0266 35
0.0267 25
0.0268 34
0.0269 32
0.027 37
0.0271 42
0.0272 36
0.0273 29
0.0274 40
0.0275 39
0.0276 35
0.0277 43
0.0278 43
0.0279 38
0.028 38
0.0281 41
0.0282 41
0.0283 47
0.0284 56
0.0285 72
0.0286 59
0.0287 64
0.0288 68
0.0289 68
0.029 78
0.0291 79
0.0292 91
0.0293 86
0.0294 102
0.0295 109
0.0296 107
0.0297 97
0.0298 103
0.0299 99
0.03 101
0.0301 80
0.0302 82
0.0303 81
0.0304 75
0.0305 71
0.0306 60
0.0307 79
0.0308 57
0.0309 56
0.031 69
0.0311 63
0.0312 65
0.0313 73
0.0314 76
0.0315 98
0.0316 105
0.0317 95
0.0318 92
0.0319 96
0.032 96
0.0321 102
0.0322 90
0.0323 97
0.0324 95
0.0325 108
0.0326 113
0.0327 110
0.0328 106
0.0329 125
0.033 131
0.0331 140
0.0332 156
0.0333 171
0.0334 176
0.0335 194
0.0336 199
0.0337 201
0.0338 202
0.0339 209
0.034 223
0.0341 230
0.0342 253
0.0343 247
0.0344 255
0.0345 267
0.0346 272
0.0347 280
0.0348 294
0.0349 292
0.035 295
0.0351 296
0.0352 315
0.0353 337
0.0354 369
0.0355 400
0.0356 454
0.0357 471
0.0358 504
0.0359 539
0.036 583
0.0361 631
0.0362 671
0.0363 695
0.0364 725
0.0365 763
0.0366 800
0.0367 833
0.0368 876
0.0369 930
0.037 947
0.0371 977
0.0372 1008
0.0373 1037
0.0374 1069
0.0375 1094
0.0376 1115
0.0377 1152
0.0378 1177
0.0379 1204
0.038 1234
0.0381 1252
0.0382 1270
0.0383 1289
0.0384 1305
0.0385 1313
0.0386 1331
0.0387 1329
0.0388 1344
0.0389 1365
0.039 1391
0.0391 1408
0.0392 1419
0.0393 1427
0.0394 1449
0.0395 1467
0.0396 1484
0.0397 1501
0.0398 1503
0.0399 1519
0.04 1535
0.0401 1545
0.0402 1570
0.0403 1565
0.0404 1569
0.0405 1567
0.0406 1584
0.0407 1595
0.0408 1613
0.0409 1627
0.041 1639
0.0411 1642
0.0412 1645
0.0413 1649
0.0414 1663
0.0415 1672
0.0416 1682
0.0417 1692
0.0418 1698
0.0419 1716
0.042 1723
0.0421 1726
0.0422 1736
0.0423 1740
0.0424 1737
0.0425 1736
0.0426 1740
0.0427 1743
0.0428 1749
0.0429 1744
0.043 1744
0.0431 1749
0.0432 1745
0.0433 1747
0.0434 1755
0.0435 1762
0.0436 1768
0.0437 1769
0.0438 1769
0.0439 1766
0.044 1757
0.0441 1735
0.0442 1728
0.0443 1721
0.0444 1720
0.0445 1720
0.0446 1725
0.0447 1713
0.0448 1703
0.0449 1691
0.045 1686
0.0451 1684
0.0452 1679
0.0453 1692
0.0454 1686
0.0455 1680
0.0456 1665
0.0457 1658
0.0458 1655
0.0459 1660
0.046 1655
0.0461 1654
0.0462 1655
0.0463 1650
0.0464 1657
0.0465 1648
0.0466 1647
0.0467 1641
0.0468 1632
0.0469 1625
0.047 1621
0.0471 1614
0.0472 1614
0.0473 1614
0.0474 1614
0.0475 1590
0.0476 1576
0.0477 1562
0.0478 1552
0.0479 1544
0.048 1542
0.0481 1541
0.0482 1525
0.0483 1525
0.0484 1523
0.0485 1522
0.0486 1512
0.0487 1507
0.0488 1505
0.0489 1503
0.049 1511
0.0491 1509
0.0492 1502
0.0493 1497
0.0494 1490
0.0495 1491
0.0496 1492
0.0497 1480
0.0498 1479
0.0499 1471
0.05 1467
0.0501 1453
0.0502 1444
0.0503 1425
0.0504 1416
0.0505 1405
0.0506 1402
0.0507 1389
0.0508 1379
0.0509 1360
0.051 1345
0.0511 1343
0.0512 1331
0.0513 1319
0.0514 1310
0.0515 1308
0.0516 1304
0.0517 1302
0.0518 1285
0.0519 1279
0.052 1271
0.0521 1274
0.0522 1268
0.0523 1265
0.0524 1267
0.0525 1270
0.0526 1272
0.0527 1272
0.0528 1274
0.0529 1274
0.053 1275
0.0531 1272
0.0532 1278
0.0533 1277
0.0534 1272
0.0535 1271
0.0536 1264
0.0537 1260
0.0538 1252
0.0539 1235
0.054 1235
0.0541 1231
0.0542 1228
0.0543 1219
0.0544 1216
0.0545 1213
0.0546 1210
0.0547 1202
0.0548 1195
0.0549 1184
0.055 1158
0.0551 1124
0.0552 1091
0.0553 1042
0.0554 981
0.0555 975
0.0556 955
0.0557 946
0.0558 930
0.0559 925
0.056 927
0.0561 923
0.0562 915
0.0563 913
0.0564 916
0.0565 912
0.0566 905
0.0567 909
0.0568 910
0.0569 919
0.057 924
0.0571 930
0.0572 927
0.0573 935
0.0574 930
0.0575 938
0.0576 940
0.0577 932
0.0578 942
0.0579 941
0.058 946
0.0581 937
0.0582 939
0.0583 941
0.0584 936
0.0585 915
0.0586 907
0.0587 899
0.0588 896
0.0589 895
0.059 881
0.0591 876
0.0592 873
0.0593 868
0.0594 858
0.0595 855
0.0596 857
0.0597 854
0.0598 853
0.0599 854
0.06 847
0.0601 837
0.0602 825
0.0603 807
0.0604 774
0.0605 752
0.0606 717
0.0607 696
0.0608 660
0.0609 641
0.061 620
0.0611 606
0.0612 604
0.0613 603
0.0614 603
0.0615 605
0.0616 606
0.0617 595
0.0618 595
0.0619 592
0.062 594
0.0621 586
0.0622 588
0.0623 589
0.0624 589
0.0625 591
0.0626 589
0.0627 593
0.0628 605
0.0629 609
0.063 619
0.0631 627
0.0632 630
0.0633 629
0.0634 632
0.0635 629
0.0636 631
0.0637 636
0.0638 633
0.0639 628
0.064 609
0.0641 591
0.0642 586
0.0643 591
0.0644 589
0.0645 582
0.0646 567
0.0647 554
0.0648 551
0.0649 533
0.065 516
0.0651 515
0.0652 496
0.0653 484
0.0654 469
0.0655 454
0.0656 432
0.0657 402
0.0658 366
0.0659 347
0.066 304
0.0661 283
0.0662 260
0.0663 237
0.0664 216
0.0665 201
0.0666 192
0.0667 185
0.0668 174
0.0669 170
0.067 171
0.0671 159
0.0672 154
0.0673 164
0.0674 165
0.0675 160
0.0676 152
0.0677 144
0.0678 125
0.0679 116
0.068 103
0.0681 92
0.0682 75
0.0683 63
0.0684 63
0.0685 64
0.0686 52
0.0687 55
0.0688 44
0.0689 41
0.069 48
0.0691 42
0.0692 36
0.0693 32
0.0694 30
0.0695 30
0.0696 30
0.0697 28
0.0698 31
0.0699 21
0.07 19
0.0701 20
0.0702 20
0.0703 15
0.0704 13
0.0705 17
0.0706 9
0.0707 20
0.0708 13
0.0709 16
0.071 23
0.0711 17
0.0712 13
0.0713 8
0.0714 13
0.0715 14
0.0716 11
0.0717 5
0.0718 16
0.0719 8
0.072 14
0.0721 6
0.0722 7
0.0723 10
0.0724 4
0.0725 5
0.0726 2
0.0727 7
0.0728 6
0.0729 8
0.073 4
0.0731 6
0.0732 9
0.0733 4
0.0734 7
0.0735 8
0.0736 5
0.0737 11
0.0738 9
0.0739 6
0.074 8
0.0741 7
0.0742 8
0.0743 10
0.0744 13
0.0745 8
0.0746 5
0.0747 3
0.0748 6
0.0749 7
0.075 8
0.0751 4
0.0752 4
0.0753 7
0.0754 9
0.0755 7
0.0756 12
0.0757 3
0.0758 11
0.0759 9
0.076 10
0.0761 8
0.0762 9
0.0763 7
0.0764 10
0.0765 9
0.0766 6
0.0767 11
0.0768 6
0.0769 6
0.077 9
0.0771 6
0.0772 7
0.0773 8
0.0774 8
0.0775 7
0.0776 7
0.0777 12
0.0778 8
0.0779 11
0.078 7
0.0781 7
0.0782 15
0.0783 5
0.0784 8
0.0785 9
0.0786 13
0.0787 11
0.0788 10
0.0789 12
0.079 8
0.0791 10
0.0792 19
0.0793 12
0.0794 13
0.0795 14
0.0796 13
0.0797 17
0.0798 13
0.0799 10
0.08 19
0.0801 10
0.0802 10
0.0803 11
0.0804 16
0.0805 10
0.0806 10
0.0807 12
0.0808 14
0.0809 24
0.081 11
0.0811 19
0.0812 9
0.0813 8
0.0814 11
0.0815 18
0.0816 13
0.0817 12
0.0818 12
0.0819 13
0.082 18
0.0821 11
0.0822 14
0.0823 17
0.0824 26
0.0825 18
0.0826 25
0.0827 28
0.0828 31
0.0829 26
0.083 34
0.0831 34
0.0832 31
0.0833 38
0.0834 46
0.0835 43
0.0836 42
0.0837 51
0.0838 64
0.0839 76
0.084 74
0.0841 56
0.0842 62
0.0843 68
0.0844 66
0.0845 67
0.0846 91
0.0847 104
0.0848 114
0.0849 140
0.085 162
0.0851 196
0.0852 226
0.0853 260
0.0854 293
0.0855 332
0.0856 365
0.0857 394
0.0858 432
0.0859 474
0.086 508
0.0861 538
0.0862 580
0.0863 610
0.0864 648
0.0865 684
0.0866 708
0.0867 745
0.0868 762
0.0869 792
0.087 806
0.0871 844
0.0872 863
0.0873 887
0.0874 914
0.0875 911
0.0876 919
0.0877 909
0.0878 911
0.0879 911
0.088 903
0.0881 892
0.0882 906
0.0883 921
0.0884 935
0.0885 964
0.0886 975
0.0887 999
0.0888 1008
0.0889 1019
0.089 1029
0.0891 1052
0.0892 1073
0.0893 1079
0.0894 1092
0.0895 1104
0.0896 1127
0.0897 1145
0.0898 1155
0.0899 1168
0.09 1186
0.0901 1195
0.0902 1217
0.0903 1220
0.0904 1223
0.0905 1230
0.0906 1237
0.0907 1242
0.0908 1250
0.0909 1253
0.091 1262
0.0911 1271
0.0912 1276
0.0913 1293
0.0914 1292
0.0915 1288
0.0916 1292
0.0917 1289
0.0918 1290
0.0919 1302
0.092 1303
0.0921 1298
0.0922 1306
0.0923 1299
0.0924 1302
0.0925 1305
0.0926 1312
0.0927 1312
0.0928 1306
0.0929 1298
0.093 1286
0.0931 1281
0.0932 1279
0.0933 1278
0.0934 1285
0.0935 1278
0.0936 1290
0.0937 1287
0.0938 1287
0.0939 1291
0.094 1294
0.0941 1293
0.0942 1299
0.0943 1309
0.0944 1299
0.0945 1297
0.0946 1301
0.0947 1294
0.0948 1285
0.0949 1285
0.095 1276
0.0951 1253
0.0952 1234
0.0953 1208
0.0954 1174
0.0955 1133
0.0956 1093
0.0957 1054
0.0958 1021
0.0959 981
0.096 927
0.0961 886
0.0962 872
0.0963 841
0.0964 837
0.0965 831
0.0966 844
0.0967 852
0.0968 868
0.0969 868
0.097 869
0.0971 873
0.0972 863
0.0973 860
0.0974 864
0.0975 861
0.0976 859
0.0977 848
0.0978 799
0.0979 771
0.098 733
0.0981 701
0.0982 687
0.0983 683
0.0984 684
0.0985 705
0.0986 709
0.0987 718
0.0988 740
0.0989 748
0.099 763
0.0991 775
0.0992 799
0.0993 823
0.0994 833
0.0995 843
0.0996 854
0.0997 860
0.0998 864
0.0999 870
0.1 872
0.1001 866
0.1002 868
0.1003 879
0.1004 889
0.1005 890
0.1006 903
0.1007 914
0.1008 918
0.1009 911
0.101 921
0.1011 924
0.1012 933
0.1013 941
0.1014 928
0.1015 914
0.1016 901
0.1017 893
0.1018 882
0.1019 878
0.102 871
0.1021 877
0.1022 879
0.1023 872
0.1024 865
0.1025 861
0.1026 862
0.1027 857
0.1028 835
0.1029 808
0.103 777
0.1031 758
0.1032 719
0.1033 685
0.1034 648
0.1035 620
0.1036 612
0.1037 601
0.1038 595
0.1039 604
0.104 606
0.1041 612
0.1042 618
0.1043 631
0.1044 648
0.1045 655
0.1046 664
0.1047 666
0.1048 672
0.1049 677
0.105 685
0.1051 690
0.1052 703
0.1053 702
0.1054 707
0.1055 716
0.1056 717
0.1057 723
0.1058 734
0.1059 745
0.106 750
0.1061 755
0.1062 758
0.1063 768
0.1064 776
0.1065 793
0.1066 801
0.1067 801
0.1068 809
0.1069 818
0.107 828
0.1071 828
0.1072 813
0.1073 798
0.1074 785
0.1075 768
0.1076 751
0.1077 736
0.1078 734
0.1079 719
0.108 714
0.1081 702
0.1082 697
0.1083 687
0.1084 690
0.1085 691
0.1086 685
0.1087 691
0.1088 691
0.1089 692
0.109 698
0.1091 702
0.1092 704
0.1093 708
0.1094 721
0.1095 722
0.1096 718
0.1097 706
0.1098 673
0.1099 644
0.11 629
0.1101 605
0.1102 588
0.1103 557
0.1104 521
0.1105 509
0.1106 485
0.1107 471
0.1108 470
0.1109 465
0.111 457
0.1111 457
0.1112 446
0.1113 447
0.1114 449
0.1115 453
0.1116 457
0.1117 459
0.1118 473
0.1119 490
0.112 487
0.1121 488
0.1122 500
0.1123 506
0.1124 515
0.1125 522
0.1126 535
0.1127 544
0.1128 557
0.1129 561
0.113 578
0.1131 581
0.1132 591
0.1133 600
0.1134 603
0.1135 608
0.1136 614
0.1137 615
0.1138 587
0.1139 558
0.114 536
0.1141 505
0.1142 477
0.1143 452
0.1144 423
0.1145 399
0.1146 370
0.1147 351
0.1148 341
0.1149 327
0.115 328
0.1151 328
0.1152 331
0.1153 341
0.1154 341
0.1155 345
0.1156 356
0.1157 362
0.1158 374
0.1159 392
0.116 407
0.1161 416
0.1162 422
0.1163 431
0.1164 435
0.1165 434
0.1166 443
0.1167 443
0.1168 441
0.1169 446
0.117 448
0.1171 454
0.1172 453
0.1173 456
0.1174 455
0.1175 450
0.1176 451
0.1177 453
0.1178 465
0.1179 471
0.118 473
0.1181 485
0.1182 494
0.1183 503
0.1184 509
0.1185 511
0.1186 515
0.1187 513
0.1188 510
0.1189 507
0.119 492
0.1191 477
0.1192 461
0.1193 442
0.1194 429
0.1195 418
0.1196 421
0.1197 418
0.1198 421
0.1199 427
0.12 428
0.1201 432
0.1202 423
0.1203 423
0.1204 430
0.1205 435
0.1206 447
0.1207 463
0.1208 472
0.1209 479
0.121 481
0.1211 473
0.1212 462
0.1213 455
0.1214 453
0.1215 444
0.1216 438
0.1217 435
0.1218 432
0.1219 441
0.122 444
0.1221 451
0.1222 453
0.1223 460
0.1224 453
0.1225 449
0.1226 458
0.1227 461
0.1228 465
0.1229 468
0.123 466
0.1231 476
0.1232 489
0.1233 493
0.1234 494
0.1235 490
0.1236 496
0.1237 490
0.1238 479
0.1239 454
0.124 437
0.1241 420
0.1242 416
0.1243 387
0.1244 356
0.1245 348
0.1246 325
0.1247 322
0.1248 310
0.1249 304
0.125 285
0.1251 272
0.1252 262
0.1253 239
0.1254 216
0.1255 203
0.1256 184
0.1257 180
0.1258 161
0.1259 142
0.126 129
0.1261 116
0.1262 112
0.1263 111
0.1264 98
0.1265 78
0.1266 77
0.1267 68
0.1268 59
0.1269 48
0.127 39
0.1271 32
0.1272 24
0.1273 28
0.1274 33
0.1275 33
0.1276 43
0.1277 40
0.1278 39
0.1279 32
0.128 25
0.1281 23
0.1282 20
0.1283 22
0.1284 27
0.1285 20
0.1286 22
0.1287 23
0.1288 26
0.1289 18
0.129 17
0.1291 20
0.1292 18
0.1293 17
0.1294 15
0.1295 18
0.1296 16
0.1297 13
0.1298 12
0.1299 13
0.13 7
0.1301 5
0.1302 10
0.1303 9
0.1304 11
0.1305 9
0.1306 14
0.1307 5
0.1308 11
0.1309 11
0.131 10
0.1311 5
0.1312 7
0.1313 7
0.1314 8
0.1315 4
0.1316 4
0.1317 8
0.1318 2
0.1319 6
0.132 10
0.1321 4
0.1322 6
0.1323 7
0.1324 5
0.1325 5
0.1326 5
0.1327 6
0.1328 8
0.1329 5
0.133 6
0.1331 7
0.1332 6
0.1333 7
0.1334 5
0.1335 6
0.1336 3
0.1337 5
0.1338 5
0.1339 8
0.134 2
0.1341 4
0.1342 6
0.1343 6
0.1344 6
0.1345 4
0.1346 8
0.1347 6
0.1348 4
0.1349 6
0.135 12
0.1351 12
0.1352 6
0.1353 8
0.1354 2
0.1355 11
0.1356 11
0.1357 3
0.1358 6
0.1359 5
0.136 6
0.1361 8
0.1362 11
0.1363 7
0.1364 6
0.1365 8
0.1366 7
0.1367 11
0.1368 7
0.1369 8
0.137 8
0.1371 6
0.1372 9
0.1373 8
0.1374 10
0.1375 6
0.1376 6
0.1377 12
0.1378 8
0.1379 6
0.138 11
0.1381 13
0.1382 9
0.1383 9
0.1384 8
0.1385 8
0.1386 13
0.1387 5
0.1388 8
0.1389 9
0.139 5
0.1391 7
0.1392 12
0.1393 11
0.1394 14
0.1395 7
0.1396 4
0.1397 5
0.1398 17
0.1399 10
0.14 10
0.1401 7
0.1402 8
0.1403 10
0.1404 5
0.1405 7
0.1406 15
0.1407 8
0.1408 8
0.1409 11
0.141 6
0.1411 18
0.1412 7
0.1413 15
0.1414 10
0.1415 16
0.1416 17
0.1417 13
0.1418 12
0.1419 8
0.142 14
0.1421 14
0.1422 15
0.1423 9
0.1424 10
0.1425 10
0.1426 10
0.1427 9
0.1428 18
0.1429 10
0.143 10
0.1431 15
0.1432 20
0.1433 22
0.1434 13
0.1435 15
0.1436 11
0.1437 16
0.1438 16
0.1439 20
0.144 20
0.1441 24
0.1442 21
0.1443 18
0.1444 21
0.1445 21
0.1446 24
0.1447 28
0.1448 26
0.1449 19
0.145 20
0.1451 23
0.1452 18
0.1453 32
0.1454 23
0.1455 25
0.1456 28
0.1457 29
0.1458 36
0.1459 30
0.146 46
0.1461 50
0.1462 62
0.1463 52
0.1464 58
0.1465 79
0.1466 76
0.1467 89
0.1468 102
0.1469 126
0.147 149
0.1471 163
0.1472 196
0.1473 225
0.1474 241
0.1475 299
0.1476 333
0.1477 390
0.1478 427
0.1479 474
0.148 500
0.1481 525
0.1482 563
0.1483 584
0.1484 610
0.1485 630
0.1486 662
0.1487 667
0.1488 672
0.1489 665
0.149 653
0.1491 636
0.1492 605
0.1493 594
0.1494 584
0.1495 578
0.1496 568
0.1497 555
0.1498 556
0.1499 536
0.15 514
0.1501 501
0.1502 496
0.1503 493
0.1504 482
0.1505 478
0.1506 467
0.1507 449
0.1508 447
0.1509 447
0.151 434
0.1511 433
0.1512 423
0.1513 413
0.1514 377
0.1515 365
0.1516 361
0.1517 357
0.1518 356
0.1519 346
0.152 350
0.1521 340
0.1522 328
0.1523 313
0.1524 323
0.1525 335
0.1526 335
0.1527 312
0.1528 293
0.1529 277
0.153 256
0.1531 242
0.1532 226
0.1533 201
0.1534 195
0.1535 185
0.1536 175
0.1537 157
0.1538 152
0.1539 161
0.154 158
0.1541 166
0.1542 157
0.1543 157
0.1544 155
0.1545 140
0.1546 142
0.1547 129
0.1548 123
0.1549 122
0.155 116
0.1551 124
0.1552 133
0.1553 131
0.1554 131
0.1555 123
0.1556 132
0.1557 140
0.1558 155
0.1559 147
0.156 142
0.1561 132
0.1562 133
0.1563 134
0.1564 156
0.1565 172
0.1566 185
0.1567 207
0.1568 220
0.1569 238
0.157 263
0.1571 278
0.1572 317
0.1573 343
0.1574 348
0.1575 350
0.1576 350
0.1577 362
0.1578 350
0.1579 335
0.158 332
0.1581 318
0.1582 316
0.1583 310
0.1584 314
0.1585 294
0.1586 279
0.1587 284
0.1588 275
0.1589 284
0.159 294
0.1591 326
0.1592 347
0.1593 373
0.1594 398
0.1595 418
0.1596 435
0.1597 480
0.1598 510
0.1599 540
0.16 573
0.1601 607
0.1602 658
0.1603 693
0.1604 718
0.1605 740
0.1606 777
0.1607 798
0.1608 829
0.1609 855
0.161 884
0.1611 920
0.1612 938
0.1613 969
0.1614 985
0.1615 1010
0.1616 1019
0.1617 1038
0.1618 1062
0.1619 1080
0.162 1095
0.1621 1111
0.1622 1134
0.1623 1150
0.1624 1166
0.1625 1174
0.1626 1188
0.1627 1192
0.1628 1176
0.1629 1162
0.163 1154
0.1631 1148
0.1632 1144
0.1633 1144
0.1634 1138
0.1635 1146
0.1636 1154
0.1637 1161
0.1638 1165
0.1639 1160
0.164 1161
0.1641 1167
0.1642 1170
0.1643 1185
0.1644 1191
0.1645 1195
0.1646 1206
0.1647 1212
0.1648 1221
0.1649 1235
0.165 1243
0.1651 1250
0.1652 1266
0.1653 1272
0.1654 1268
0.1655 1273
0.1656 1284
0.1657 1299
0.1658 1304
0.1659 1313
0.166 1322
0.1661 1333
0.1662 1338
0.1663 1332
0.1664 1339
0.1665 1340
0.1666 1345
0.1667 1330
0.1668 1322
0.1669 1318
0.167 1311
0.1671 1320
0.1672 1303
0.1673 1268
0.1674 1240
0.1675 1208
0.1676 1174
0.1677 1143
0.1678 1125
0.1679 1120
0.168 1088
0.1681 1055
0.1682 1042
0.1683 1026
0.1684 1008
0.1685 991
0.1686 989
0.1687 981
0.1688 966
0.1689 968
0.169 967
0.1691 967
0.1692 970
0.1693 967
0.1694 984
0.1695 985
0.1696 987
0.1697 993
0.1698 1002
0.1699 992
0.17 979
0.1701 957
0.1702 928
0.1703 895
0.1704 849
0.1705 807
0.1706 773
0.1707 727
0.1708 682
0.1709 652
0.171 626
0.1711 600
0.1712 566
0.1713 538
0.1714 511
0.1715 482
0.1716 450
0.1717 412
0.1718 385
0.1719 367
0.172 341
0.1721 336
0.1722 323
0.1723 308
0.1724 293
0.1725 267
0.1726 270
0.1727 270
0.1728 268
0.1729 254
0.173 246
0.1731 240
0.1732 234
0.1733 223
0.1734 219
0.1735 216
0.1736 210
0.1737 202
0.1738 212
0.1739 219
0.174 218
0.1741 230
0.1742 250
0.1743 270
0.1744 297
0.1745 320
0.1746 355
0.1747 384
0.1748 393
0.1749 411
0.175 400
0.1751 411
0.1752 423
0.1753 439
0.1754 442
0.1755 445
0.1756 448
0.1757 448
0.1758 448
0.1759 444
0.176 450
0.1761 457
0.1762 448
0.1763 439
0.1764 444
0.1765 450
0.1766 455
0.1767 470
0.1768 473
0.1769 475
0.177 485
0.1771 485
0.1772 488
0.1773 497
0.1774 511
0.1775 517
0.1776 531
0.1777 544
0.1778 547
0.1779 551
0.178 555
0.1781 570
0.1782 590
0.1783 598
0.1784 597
0.1785 611
0.1786 629
0.1787 646
0.1788 664
0.1789 664
0.179 672
0.1791 677
0.1792 671
0.1793 656
0.1794 640
0.1795 621
0.1796 603
0.1797 609
0.1798 601
0.1799 601
0.18 599
0.1801 597
0.1802 602
0.1803 615
0.1804 631
0.1805 640
0.1806 651
0.1807 664
0.1808 678
0.1809 690
0.181 689
0.1811 687
0.1812 670
0.1813 662
0.1814 652
0.1815 640
0.1816 606
0.1817 595
0.1818 589
0.1819 592
0.182 589
0.1821 588
0.1822 587
0.1823 592
0.1824 600
0.1825 612
0.1826 612
0.1827 623
0.1828 630
0.1829 645
0.183 655
0.1831 659
0.1832 652
0.1833 645
0.1834 628
0.1835 616
0.1836 614
0.1837 615
0.1838 620
0.1839 625
0.184 628
0.1841 647
0.1842 636
0.1843 642
0.1844 642
0.1845 644
0.1846 655
0.1847 662
0.1848 632
0.1849 608
0.185 597
0.1851 581
0.1852 578
0.1853 569
0.1854 571
0.1855 552
0.1856 527
0.1857 494
0.1858 442
0.1859 420
0.186 392
0.1861 366
0.1862 323
0.1863 296
0.1864 277
0.1865 257
0.1866 241
0.1867 225
0.1868 209
0.1869 182
0.187 183
0.1871 191
0.1872 193
0.1873 202
0.1874 220
0.1875 242
0.1876 254
0.1877 269
0.1878 281
0.1879 282
0.188 292
0.1881 296
0.1882 300
0.1883 304
0.1884 308
0.1885 301
0.1886 291
0.1887 278
0.1888 270
0.1889 265
0.189 255
0.1891 236
0.1892 222
0.1893 222
0.1894 216
0.1895 224
0.1896 231
0.1897 220
0.1898 229
0.1899 234
0.19 248
0.1901 274
0.1902 288
0.1903 299
0.1904 304
0.1905 316
0.1906 334
0.1907 343
0.1908 356
0.1909 377
0.191 394
0.1911 407
0.1912 416
0.1913 424
0.1914 432
0.1915 445
0.1916 454
0.1917 460
0.1918 469
0.1919 491
0.192 497
0.1921 494
0.1922 503
0.1923 506
0.1924 512
0.1925 517
0.1926 518
0.1927 525
0.1928 541
0.1929 535
0.193 529
0.1931 523
0.1932 506
0.1933 496
0.1934 498
0.1935 485
0.1936 486
0.1937 492
0.1938 492
0.1939 498
0.194 499
0.1941 511
0.1942 511
0.1943 523
0.1944 534
0.1945 543
0.1946 546
0.1947 549
0.1948 551
0.1949 549
0.195 546
0.1951 550
0.1952 555
0.1953 555
0.1954 559
0.1955 561
0.1956 560
0.1957 558
0.1958 554
0.1959 568
0.196 575
0.1961 571
0.1962 573
0.1963 582
0.1964 582
0.1965 579
0.1966 584
0.1967 592
0.1968 590
0.1969 596
0.197 593
0.1971 589
0.1972 567
0.1973 543
0.1974 503
0.1975 473
0.1976 455
0.1977 436
0.1978 426
0.1979 417
0.198 412
0.1981 401
0.1982 389
0.1983 383
0.1984 376
0.1985 379
0.1986 366
0.1987 360
0.1988 353
0.1989 338
0.199 327
0.1991 321
0.1992 316
0.1993 309
0.1994 299
0.1995 285
0.1996 283
0.1997 262
0.1998 258
0.1999 235
0.2 218
0.2001 198
0.2002 183
0.2003 186
0.2004 180
0.2005 170
0.2006 169
0.2007 176
0.2008 176
0.2009 196
0.201 194
0.2011 197
0.2012 201
0.2013 198
0.2014 204
0.2015 216
0.2016 222
0.2017 224
0.2018 237
0.2019 242
0.202 238
0.2021 249
0.2022 230
0.2023 225
0.2024 206
0.2025 195
0.2026 171
0.2027 149
0.2028 132
0.2029 116
0.203 99
0.2031 83
0.2032 90
0.2033 79
0.2034 67
0.2035 64
0.2036 53
0.2037 52
0.2038 44
0.2039 37
0.204 39
0.2041 33
0.2042 33
0.2043 30
0.2044 27
0.2045 21
0.2046 22
0.2047 17
0.2048 20
0.2049 14
0.205 7
0.2051 11
0.2052 15
0.2053 16
0.2054 12
0.2055 16
0.2056 10
0.2057 7
0.2058 7
0.2059 10
0.206 14
0.2061 12
0.2062 4
0.2063 8
0.2064 8
0.2065 12
0.2066 10
0.2067 8
0.2068 6
0.2069 11
0.207 10
0.2071 14
0.2072 8
0.2073 9
0.2074 8
0.2075 6
0.2076 8
0.2077 6
0.2078 10
0.2079 7
0.208 10
0.2081 8
0.2082 16
0.2083 8
0.2084 9
0.2085 6
0.2086 13
0.2087 10
0.2088 10
0.2089 8
0.209 9
0.2091 13
0.2092 11
0.2093 18
0.2094 11
0.2095 11
0.2096 16
0.2097 10
0.2098 5
0.2099 6
0.21 5
0.2101 5
0.2102 14
0.2103 4
0.2104 8
0.2105 5
0.2106 13
0.2107 9
0.2108 9
0.2109 7
0.211 8
0.2111 12
0.2112 13
0.2113 10
0.2114 9
0.2115 12
0.2116 11
0.2117 7
0.2118 12
0.2119 9
0.212 11
0.2121 6
0.2122 13
0.2123 12
0.2124 8
0.2125 9
0.2126 8
0.2127 16
0.2128 16
0.2129 8
0.213 13
0.2131 16
0.2132 12
0.2133 18
0.2134 11
0.2135 18
0.2136 19
0.2137 19
0.2138 14
0.2139 10
0.214 15
0.2141 15
0.2142 20
0.2143 17
0.2144 25
0.2145 18
0.2146 13
0.2147 15
0.2148 26
0.2149 24
0.215 15
0.2151 17
0.2152 16
0.2153 14
0.2154 11
0.2155 14
0.2156 12
0.2157 11
0.2158 13
0.2159 22
0.216 16
0.2161 13
0.2162 7
0.2163 12
0.2164 15
0.2165 21
0.2166 11
0.2167 15
0.2168 27
0.2169 16
0.217 26
0.2171 12
0.2172 21
0.2173 20
0.2174 16
0.2175 31
0.2176 25
0.2177 28
0.2178 29
0.2179 33
0.218 30
0.2181 28
0.2182 30
0.2183 31
0.2184 32
0.2185 33
0.2186 29
0.2187 27
0.2188 33
0.2189 34
0.219 38
0.2191 43
0.2192 51
0.2193 58
0.2194 48
0.2195 52
0.2196 58
0.2197 49
0.2198 51
0.2199 64
0.22 69
0.2201 60
0.2202 64
0.2203 79
0.2204 87
0.2205 106
0.2206 129
0.2207 132
0.2208 145
0.2209 169
0.221 188
0.2211 213
0.2212 228
0.2213 255
0.2214 287
0.2215 324
0.2216 363
0.2217 398
0.2218 438
0.2219 465
0.222 501
0.2221 521
0.2222 554
0.2223 591
0.2224 625
0.2225 659
0.2226 698
0.2227 731
0.2228 781
0.2229 810
0.223 841
0.2231 871
0.2232 900
0.2233 922
0.2234 949
0.2235 980
0.2236 1009
0.2237 1039
0.2238 1061
0.2239 1076
0.224 1100
0.2241 1130
0.2242 1158
0.2243 1176
0.2244 1175
0.2245 1153
0.2246 1119
0.2247 1100
0.2248 1086
0.2249 1079
0.225 1078
0.2251 1085
0.2252 1092
0.2253 1113
0.2254 1120
0.2255 1132
0.2256 1152
0.2257 1169
0.2258 1187
0.2259 1210
0.226 1221
0.2261 1243
0.2262 1258
0.2263 1261
0.2264 1275
0.2265 1298
0.2266 1314
0.2267 1329
0.2268 1338
0.2269 1342
0.227 1349
0.2271 1355
0.2272 1368
0.2273 1380
0.2274 1382
0.2275 1387
0.2276 1402
0.2277 1414
0.2278 1424
0.2279 1443
0.228 1450
0.2281 1455
0.2282 1464
0.2283 1468
0.2284 1476
0.2285 1465
0.2286 1472
0.2287 1487
0.2288 1481
0.2289 1483
0.229 1485
0.2291 1489
0.2292 1500
0.2293 1498
0.2294 1500
0.2295 1502
0.2296 1488
0.2297 1491
0.2298 1483
0.2299 1477
0.23 1481
0.2301 1485
0.2302 1479
0.2303 1478
0.2304 1475
0.2305 1477
0.2306 1476
0.2307 1478
0.2308 1474
0.2309 1481
0.231 1482
0.2311 1479
0.2312 1485
0.2313 1487
0.2314 1494
0.2315 1499
0.2316 1494
0.2317 1491
0.2318 1491
0.2319 1491
0.232 1478
0.2321 1478
0.2322 1474
0.2323 1469
0.2324 1465
0.2325 1460
0.2326 1455
0.2327 1444
0.2328 1430
0.2329 1431
0.233 1425
0.2331 1426
0.2332 1414
0.2333 1417
0.2334 1408
0.2335 1409
0.2336 1408
0.2337 1401
0.2338 1397
0.2339 1396
0.234 1401
0.2341 1397
0.2342 1396
0.2343 1386
0.2344 1371
0.2345 1353
0.2346 1351
0.2347 1353
0.2348 1353
0.2349 1358
0.235 1347
0.2351 1351
0.2352 1344
0.2353 1348
0.2354 1349
0.2355 1356
0.2356 1351
0.2357 1346
0.2358 1342
0.2359 1336
0.236 1326
0.2361 1324
0.2362 1320
0.2363 1311
0.2364 1305
0.2365 1296
0.2366 1288
0.2367 1282
0.2368 1265
0.2369 1247
0.237 1216
0.2371 1185
0.2372 1156
0.2373 1148
0.2374 1141
0.2375 1131
0.2376 1117
0.2377 1095
0.2378 1079
0.2379 1066
0.238 1052
0.2381 1044
0.2382 1047
0.2383 1046
0.2384 1041
0.2385 1040
0.2386 1042
0.2387 1055
0.2388 1048
0.2389 1056
0.239 1052
0.2391 1063
0.2392 1069
0.2393 1064
0.2394 1063
0.2395 1061
0.2396 1061
0.2397 1052
0.2398 1046
0.2399 1043
0.24 1040
0.2401 1041
0.2402 1037
0.2403 1026
0.2404 1021
0.2405 1022
0.2406 1021
0.2407 1023
0.2408 1017
0.2409 1008
0.241 999
0.2411 995
0.2412 994
0.2413 986
0.2414 969
0.2415 946
0.2416 925
0.2417 883
0.2418 841
0.2419 789
0.242 762
0.2421 731
0.2422 709
0.2423 704
0.2424 705
0.2425 707
0.2426 705
0.2427 708
0.2428 710
0.2429 717
0.243 721
0.2431 723
0.2432 735
0.2433 737
0.2434 742
0.2435 738
0.2436 743
0.2437 736
0.2438 741
0.2439 744
0.244 749
0.2441 750
0.2442 748
0.2443 748
0.2444 751
0.2445 757
0.2446 757
0.2447 752
0.2448 751
0.2449 762
0.245 771
0.2451 771
0.2452 772
0.2453 778
0.2454 772
0.2455 773
0.2456 791
0.2457 797
0.2458 798
0.2459 802
0.246 797
0.2461 798
0.2462 798
0.2463 804
0.2464 809
0.2465 811
0.2466 812
0.2467 807
0.2468 801
0.2469 793
0.247 787
0.2471 781
0.2472 774
0.2473 774
0.2474 771
0.2475 770
0.2476 759
0.2477 749
0.2478 748
0.2479 753
0.248 754
0.2481 754
0.2482 748
0.2483 742
0.2484 744
0.2485 747
0.2486 746
0.2487 745
0.2488 752
0.2489 751
0.249 743
0.2491 733
0.2492 723
0.2493 718
0.2494 721
0.2495 722
0.2496 730
0.2497 733
0.2498 728
0.2499 729
0.25 719
