0 0
0.0001 0
0.0002 0
0.0003 0
0.0004 0
0.0005 0
0.0006 0
0.0007 0
0.0008 0
0.0009 0
0.001 0
0.0011 0
0.0012 0
0.0013 0
0.0014 0
0.0015 0
0.0016 0
0.0017 0
0.0018 0
0.0019 0
0.002 0
0.0021 0
0.0022 1
0.0023 2
0.0024 0
0.0025 1
0.0026 0
0.0027 0
0.0028 0
0.0029 0
0.003 1
0.0031 2
0.0032 0
0.0033 1
0.0034 0
0.0035 0
0.0036 0
0.0037 1
0.0038 0
0.0039 1
0.004 0
0.0041 2
0.0042 0
0.0043 0
0.0044 1
0.0045 1
0.0046 0
0.0047 0
0.0048 1
0.0049 2
0.005 1
0.0051 4
0.0052 2
0.0053 1
0.0054 1
0.0055 2
0.0056 0
0.0057 1
0.0058 3
0.0059 0
0.006 1
0.0061 1
0.0062 2
0.0063 1
0.0064 1
0.0065 1
0.0066 1
0.0067 0
0.0068 1
0.0069 0
0.007 0
0.0071 0
0.0072 1
0.0073 1
0.0074 2
0.0075 2
0.0076 1
0.0077 1
0.0078 4
0.0079 1
0.008 0
0.0081 3
0.0082 0
0.0083 0
0.0084 1
0.0085 1
0.0086 1
0.0087 1
0.0088 2
0.0089 1
0.009 3
0.0091 1
0.0092 1
0.0093 1
0.0094 3
0.0095 1
0.0096 3
0.0097 1
0.0098 2
0.0099 5
0.01 4
0.0101 1
0.0102 2
0.0103 1
0.0104 1
0.0105 2
0.0106 3
0.0107 3
0.0108 6
0.0109 0
0.011 2
0.0111 4
0.0112 1
0.0113 4
0.0114 2
0.0115 3
0.0116 3
0.0117 4
0.0118 3
0.0119 2
0.012 2
0.0121 4
0.0122 2
0.0123 2
0.0124 3
0.0125 2
0.0126 2
0.0127 2
0.0128 3
0.0129 2
0.013 3
0.0131 2
0.0132 5
0.0133 4
0.0134 3
0.0135 5
0.0136 2
0.0137 5
0.0138 2
0.0139 4
0.014 2
0.0141 1
0.0142 3
0.0143 1
0.0144 1
0.0145 3
0.0146 3
0.0147 3
0.0148 5
0.0149 4
0.015 5
0.0151 2
0.0152 2
0.0153 4
0.0154 2
0.0155 0
0.0156 7
0.0157 6
0.0158 6
0.0159 7
0.016 5
0.0161 6
0.0162 5
0.0163 4
0.0164 2
0.0165 6
0.0166 6
0.0167 3
0.0168 6
0.0169 9
0.017 1
0.0171 2
0.0172 9
0.0173 5
0.0174 8
0.0175 6
0.0176 4
0.0177 5
0.0178 9
0.0179 3
0.018 10
0.0181 3
0.0182 8
0.0183 6
0.0184 3
0.0185 8
0.0186 2
0.0187 7
0.0188 7
0.0189 8
0.019 5
0.0191 6
0.0192 5
0.0193 5
0.0194 10
0.0195 10
0.0196 4
0.0197 9
0.0198 5
0.0199 10
0.02 11
0.0201 4
0.0202 8
0.0203 8
0.0204 11
0.0205 5
0.0206 6
0.0207 9
0.0208 6
0.0209 11
0.021 9
0.0211 10
0.0212 12
0.0213 5
0.0214 7
0.0215 8
0.0216 12
0.0217 12
0.0218 11
0.0219 10
0.022 12
0.0221 14
0.0222 7
0.0223 11
0.0224 10
0.0225 17
0.0226 11
0.0227 16
0.0228 5
0.0229 10
0.023 17
0.0231 13
0.0232 16
0.0233 12
0.0234 12
0.0235 10
0.0236 12
0.0237 12
0.0238 14
0.0239 19
0.024 24
0.0241 19
0.0242 21
0.0243 22
0.0244 22
0.0245 17
0.0246 12
0.0247 12
0.0248 18
0.0249 17
0.025 25
0.0251 16
0.0252 19
0.0253 12
0.0254 20
0.0255 14
0.0256 11
0.0257 23
0.0258 21
0.0259 15
0.026 15
0.0261 19
0.0262 21
0.0263 13
0.0264 17
0.0265 14
0.0266 25
0.0267 20
0.0268 23
0.0269 18
0.027 21
0.0271 35
0.0272 29
0.0273 21
0.0274 22
0.0275 27
0.0276 21
0.0277 29
0.0278 26
0.0279 27
0.028 34
0.0281 34
0.0282 42
0.0283 47
0.0284 36
0.0285 49
0.0286 40
0.0287 35
0.0288 22
0.0289 25
0.029 24
0.0291 30
0.0292 19
0.0293 36
0.0294 37
0.0295 41
0.0296 35
0.0297 43
0.0298 37
0.0299 47
0.03 41
0.0301 49
0.0302 38
0.0303 52
0.0304 48
0.0305 44
0.0306 58
0.0307 43
0.0308 30
0.0309 27
0.031 34
0.0311 38
0.0312 33
0.0313 54
0.0314 58
0.0315 64
0.0316 57
0.0317 64
0.0318 76
0.0319 68
0.032 70
0.0321 88
0.0322 77
0.0323 81
0.0324 69
0.0325 69
0.0326 82
0.0327 81
0.0328 67
0.0329 81
0.033 86
0.0331 80
0.0332 87
0.0333 92
0.0334 101
0.0335 112
0.0336 118
0.0337 135
0.0338 154
0.0339 156
0.034 176
0.0341 185
0.0342 199
0.0343 211
0.0344 258
0.0345 295
0.0346 329
0.0347 370
0.0348 411
0.0349 452
0.035 488
0.0351 528
0.0352 568
0.0353 608
0.0354 634
0.0355 684
0.0356 721
0.0357 749
0.0358 789
0.0359 823
0.036 840
0.0361 874
0.0362 889
0.0363 919
0.0364 934
0.0365 955
0.0366 968
0.0367 989
0.0368 1002
0.0369 1012
0.037 1025
0.0371 1024
0.0372 1016
0.0373 1007
0.0374 991
0.0375 985
0.0376 979
0.0377 966
0.0378 976
0.0379 990
0.038 986
0.0381 993
0.0382 1013
0.0383 1040
0.0384 1067
0.0385 1082
0.0386 1099
0.0387 1117
0.0388 1140
0.0389 1151
0.039 1162
0.0391 1157
0.0392 1146
0.0393 1169
0.0394 1173
0.0395 1187
0.0396 1195
0.0397 1205
0.0398 1204
0.0399 1216
0.04 1211
0.0401 1216
0.0402 1224
0.0403 1236
0.0404 1241
0.0405 1255
0.0406 1252
0.0407 1250
0.0408 1262
0.0409 1268
0.041 1282
0.0411 1291
0.0412 1292
0.0413 1283
0.0414 1294
0.0415 1293
0.0416 1295
0.0417 1294
0.0418 1289
0.0419 1285
0.042 1288
0.0421 1296
0.0422 1305
0.0423 1308
0.0424 1303
0.0425 1311
0.0426 1315
0.0427 1322
0.0428 1320
0.0429 1318
0.043 1319
0.0431 1311
0.0432 1316
0.0433 1317
0.0434 1318
0.0435 1316
0.0436 1315
0.0437 1313
0.0438 1318
0.0439 1318
0.044 1316
0.0441 1314
0.0442 1319
0.0443 1319
0.0444 1326
0.0445 1322
0.0446 1319
0.0447 1319
0.0448 1318
0.0449 1314
0.045 1310
0.0451 1305
0.0452 1300
0.0453 1297
0.0454 1300
0.0455 1305
0.0456 1312
0.0457 1314
0.0458 1311
0.0459 1307
0.046 1317
0.0461 1320
0.0462 1316
0.0463 1313
0.0464 1310
0.0465 1304
0.0466 1302
0.0467 1287
0.0468 1278
0.0469 1275
0.047 1275
0.0471 1280
0.0472 1278
0.0473 1282
0.0474 1280
0.0475 1284
0.0476 1293
0.0477 1292
0.0478 1290
0.0479 1289
0.048 1283
0.0481 1279
0.0482 1276
0.0483 1268
0.0484 1262
0.0485 1249
0.0486 1247
0.0487 1237
0.0488 1237
0.0489 1237
0.049 1240
0.0491 1237
0.0492 1228
0.0493 1225
0.0494 1219
0.0495 1206
0.0496 1203
0.0497 1202
0.0498 1194
0.0499 1189
0.05 1179
0.0501 1169
0.0502 1163
0.0503 1154
0.0504 1147
0.0505 1143
0.0506 1135
0.0507 1131
0.0508 1116
0.0509 1115
0.051 1115
0.0511 1110
0.0512 1109
0.0513 1108
0.0514 1103
0.0515 1100
0.0516 1097
0.0517 1087
0.0518 1092
0.0519 1088
0.052 1084
0.0521 1069
0.0522 1061
0.0523 1049
0.0524 1047
0.0525 1044
0.0526 1039
0.0527 1031
0.0528 1020
0.0529 1017
0.053 998
0.0531 969
0.0532 949
0.0533 936
0.0534 931
0.0535 925
0.0536 913
0.0537 909
0.0538 904
0.0539 900
0.054 899
0.0541 889
0.0542 887
0.0543 890
0.0544 892
0.0545 897
0.0546 904
0.0547 905
0.0548 909
0.0549 916
0.055 917
0.0551 912
0.0552 906
0.0553 900
0.0554 903
0.0555 897
0.0556 890
0.0557 895
0.0558 897
0.0559 894
0.056 895
0.0561 885
0.0562 890
0.0563 885
0.0564 882
0.0565 884
0.0566 875
0.0567 875
0.0568 865
0.0569 862
0.057 855
0.0571 846
0.0572 849
0.0573 847
0.0574 843
0.0575 839
0.0576 828
0.0577 822
0.0578 822
0.0579 804
0.058 788
0.0581 767
0.0582 763
0.0583 748
0.0584 733
0.0585 716
0.0586 706
0.0587 704
0.0588 695
0.0589 688
0.059 693
0.0591 691
0.0592 691
0.0593 697
0.0594 699
0.0595 701
0.0596 706
0.0597 706
0.0598 707
0.0599 709
0.06 709
0.0601 705
0.0602 700
0.0603 700
0.0604 697
0.0605 689
0.0606 694
0.0607 695
0.0608 698
0.0609 694
0.061 696
0.0611 698
0.0612 708
0.0613 715
0.0614 706
0.0615 698
0.0616 680
0.0617 667
0.0618 643
0.0619 613
0.062 591
0.0621 571
0.0622 559
0.0623 536
0.0624 523
0.0625 522
0.0626 523
0.0627 518
0.0628 518
0.0629 526
0.063 532
0.0631 529
0.0632 524
0.0633 525
0.0634 531
0.0635 532
0.0636 527
0.0637 524
0.0638 522
0.0639 521
0.064 523
0.0641 527
0.0642 538
0.0643 544
0.0644 541
0.0645 533
0.0646 526
0.0647 520
0.0648 521
0.0649 515
0.065 519
0.0651 518
0.0652 520
0.0653 521
0.0654 525
0.0655 522
0.0656 524
0.0657 527
0.0658 532
0.0659 531
0.066 522
0.0661 507
0.0662 483
0.0663 456
0.0664 434
0.0665 404
0.0666 371
0.0667 350
0.0668 337
0.0669 322
0.067 304
0.0671 296
0.0672 299
0.0673 290
0.0674 284
0.0675 277
0.0676 285
0.0677 281
0.0678 273
0.0679 276
0.068 270
0.0681 279
0.0682 289
0.0683 292
0.0684 301
0.0685 308
0.0686 316
0.0687 324
0.0688 330
0.0689 328
0.069 328
0.0691 335
0.0692 335
0.0693 338
0.0694 336
0.0695 332
0.0696 332
0.0697 334
0.0698 329
0.0699 321
0.07 317
0.0701 318
0.0702 323
0.0703 316
0.0704 299
0.0705 286
0.0706 280
0.0707 267
0.0708 242
0.0709 224
0.071 202
0.0711 181
0.0712 160
0.0713 146
0.0714 123
0.0715 105
0.0716 90
0.0717 84
0.0718 66
0.0719 66
0.072 60
0.0721 44
0.0722 41
0.0723 39
0.0724 37
0.0725 40
0.0726 32
0.0727 39
0.0728 36
0.0729 34
0.073 23
0.0731 20
0.0732 16
0.0733 15
0.0734 12
0.0735 19
0.0736 17
0.0737 16
0.0738 15
0.0739 15
0.074 9
0.0741 9
0.0742 11
0.0743 8
0.0744 11
0.0745 12
0.0746 13
0.0747 12
0.0748 16
0.0749 11
0.075 14
0.0751 18
0.0752 12
0.0753 10
0.0754 13
0.0755 14
0.0756 7
0.0757 11
0.0758 11
0.0759 10
0.076 7
0.0761 3
0.0762 10
0.0763 7
0.0764 8
0.0765 10
0.0766 6
0.0767 7
0.0768 6
0.0769 8
0.077 7
0.0771 5
0.0772 6
0.0773 7
0.0774 8
0.0775 10
0.0776 5
0.0777 9
0.0778 4
0.0779 8
0.078 11
0.0781 6
0.0782 6
0.0783 4
0.0784 5
0.0785 9
0.0786 7
0.0787 4
0.0788 10
0.0789 6
0.079 8
0.0791 7
0.0792 9
0.0793 7
0.0794 5
0.0795 10
0.0796 6
0.0797 6
0.0798 7
0.0799 11
0.08 5
0.0801 3
0.0802 3
0.0803 6
0.0804 8
0.0805 3
0.0806 9
0.0807 8
0.0808 7
0.0809 8
0.081 8
0.0811 7
0.0812 3
0.0813 7
0.0814 5
0.0815 4
0.0816 8
0.0817 6
0.0818 5
0.0819 6
0.082 5
0.0821 6
0.0822 6
0.0823 6
0.0824 12
0.0825 8
0.0826 7
0.0827 7
0.0828 5
0.0829 7
0.083 4
0.0831 4
0.0832 12
0.0833 6
0.0834 7
0.0835 8
0.0836 13
0.0837 13
0.0838 9
0.0839 9
0.084 8
0.0841 7
0.0842 6
0.0843 7
0.0844 10
0.0845 6
0.0846 8
0.0847 5
0.0848 9
0.0849 8
0.085 10
0.0851 4
0.0852 12
0.0853 5
0.0854 10
0.0855 10
0.0856 7
0.0857 3
0.0858 13
0.0859 7
0.086 4
0.0861 7
0.0862 7
0.0863 8
0.0864 10
0.0865 6
0.0866 14
0.0867 6
0.0868 7
0.0869 5
0.087 7
0.0871 15
0.0872 10
0.0873 11
0.0874 8
0.0875 10
0.0876 9
0.0877 7
0.0878 5
0.0879 14
0.088 6
0.0881 7
0.0882 9
0.0883 9
0.0884 9
0.0885 11
0.0886 16
0.0887 12
0.0888 10
0.0889 9
0.089 13
0.0891 15
0.0892 14
0.0893 9
0.0894 20
0.0895 13
0.0896 14
0.0897 13
0.0898 25
0.0899 18
0.09 16
0.0901 19
0.0902 15
0.0903 28
0.0904 22
0.0905 24
0.0906 26
0.0907 13
0.0908 30
0.0909 29
0.091 47
0.0911 43
0.0912 40
0.0913 38
0.0914 30
0.0915 33
0.0916 50
0.0917 44
0.0918 42
0.0919 49
0.092 51
0.0921 52
0.0922 39
0.0923 48
0.0924 51
0.0925 48
0.0926 54
0.0927 56
0.0928 60
0.0929 56
0.093 65
0.0931 58
0.0932 55
0.0933 69
0.0934 51
0.0935 53
0.0936 47
0.0937 47
0.0938 41
0.0939 48
0.094 46
0.0941 47
0.0942 46
0.0943 62
0.0944 61
0.0945 80
0.0946 108
0.0947 122
0.0948 142
0.0949 152
0.095 179
0.0951 184
0.0952 197
0.0953 192
0.0954 195
0.0955 212
0.0956 209
0.0957 209
0.0958 218
0.0959 223
0.096 235
0.0961 259
0.0962 286
0.0963 303
0.0964 310
0.0965 330
0.0966 336
0.0967 350
0.0968 376
0.0969 385
0.097 392
0.0971 380
0.0972 369
0.0973 384
0.0974 393
0.0975 393
0.0976 413
0.0977 415
0.0978 411
0.0979 433
0.098 453
0.0981 468
0.0982 463
0.0983 459
0.0984 430
0.0985 426
0.0986 419
0.0987 414
0.0988 400
0.0989 396
0.099 405
0.0991 387
0.0992 389
0.0993 383
0.0994 385
0.0995 397
0.0996 371
0.0997 362
0.0998 350
0.0999 316
0.1 312
0.1001 304
0.1002 304
0.1003 309
0.1004 332
0.1005 353
0.1006 351
0.1007 369
0.1008 396
0.1009 427
0.101 441
0.1011 459
0.1012 475
0.1013 489
0.1014 494
0.1015 498
0.1016 496
0.1017 480
0.1018 465
0.1019 443
0.102 430
0.1021 422
0.1022 408
0.1023 399
0.1024 414
0.1025 408
0.1026 420
0.1027 432
0.1028 449
0.1029 457
0.103 475
0.1031 487
0.1032 503
0.1033 531
0.1034 542
0.1035 553
0.1036 576
0.1037 602
0.1038 645
0.1039 675
0.104 697
0.1041 725
0.1042 753
0.1043 765
0.1044 757
0.1045 769
0.1046 798
0.1047 814
0.1048 843
0.1049 871
0.105 893
0.1051 915
0.1052 933
0.1053 958
0.1054 983
0.1055 1010
0.1056 1035
0.1057 1051
0.1058 1070
0.1059 1091
0.106 1102
0.1061 1113
0.1062 1142
0.1063 1156
0.1064 1180
0.1065 1190
0.1066 1205
0.1067 1208
0.1068 1222
0.1069 1236
0.107 1255
0.1071 1267
0.1072 1278
0.1073 1288
0.1074 1295
0.1075 1309
0.1076 1323
0.1077 1335
0.1078 1346
0.1079 1345
0.108 1352
0.1081 1357
0.1082 1356
0.1083 1345
0.1084 1328
0.1085 1295
0.1086 1264
0.1087 1255
0.1088 1245
0.1089 1215
0.109 1205
0.1091 1193
0.1092 1192
0.1093 1182
0.1094 1195
0.1095 1182
0.1096 1174
0.1097 1168
0.1098 1163
0.1099 1171
0.11 1178
0.1101 1185
0.1102 1197
0.1103 1193
0.1104 1203
0.1105 1214
0.1106 1222
0.1107 1237
0.1108 1236
0.1109 1239
0.111 1233
0.1111 1203
0.1112 1184
0.1113 1159
0.1114 1151
0.1115 1150
0.1116 1141
0.1117 1140
0.1118 1147
0.1119 1171
0.112 1179
0.1121 1188
0.1122 1182
0.1123 1188
0.1124 1195
0.1125 1194
0.1126 1204
0.1127 1207
0.1128 1203
0.1129 1203
0.113 1201
0.1131 1204
0.1132 1205
0.1133 1202
0.1134 1207
0.1135 1215
0.1136 1221
0.1137 1215
0.1138 1211
0.1139 1202
0.114 1203
0.1141 1219
0.1142 1229
0.1143 1237
0.1144 1241
0.1145 1249
0.1146 1247
0.1147 1246
0.1148 1238
0.1149 1241
0.115 1234
0.1151 1235
0.1152 1227
0.1153 1214
0.1154 1213
0.1155 1216
0.1156 1213
0.1157 1197
0.1158 1183
0.1159 1176
0.116 1173
0.1161 1171
0.1162 1172
0.1163 1170
0.1164 1167
0.1165 1169
0.1166 1168
0.1167 1153
0.1168 1149
0.1169 1143
0.117 1132
0.1171 1138
0.1172 1130
0.1173 1127
0.1174 1124
0.1175 1125
0.1176 1120
0.1177 1116
0.1178 1110
0.1179 1104
0.118 1100
0.1181 1096
0.1182 1096
0.1183 1090
0.1184 1079
0.1185 1069
0.1186 1056
0.1187 1058
0.1188 1058
0.1189 1053
0.119 1053
0.1191 1048
0.1192 1039
0.1193 1035
0.1194 1030
0.1195 1022
0.1196 1008
0.1197 1002
0.1198 1000
0.1199 997
0.12 992
0.1201 998
0.1202 993
0.1203 992
0.1204 986
0.1205 988
0.1206 977
0.1207 975
0.1208 981
0.1209 986
0.121 982
0.1211 975
0.1212 979
0.1213 977
0.1214 968
0.1215 965
0.1216 967
0.1217 952
0.1218 936
0.1219 924
0.122 919
0.1221 919
0.1222 913
0.1223 914
0.1224 899
0.1225 880
0.1226 858
0.1227 834
0.1228 798
0.1229 761
0.123 740
0.1231 700
0.1232 654
0.1233 605
0.1234 582
0.1235 548
0.1236 536
0.1237 535
0.1238 534
0.1239 538
0.124 546
0.1241 558
0.1242 568
0.1243 575
0.1244 588
0.1245 587
0.1246 599
0.1247 597
0.1248 604
0.1249 614
0.125 624
0.1251 633
0.1252 650
0.1253 663
0.1254 664
0.1255 669
0.1256 664
0.1257 667
0.1258 674
0.1259 681
0.126 692
0.1261 694
0.1262 677
0.1263 664
0.1264 656
0.1265 658
0.1266 656
0.1267 652
0.1268 648
0.1269 649
0.127 632
0.1271 612
0.1272 594
0.1273 574
0.1274 576
0.1275 574
0.1276 569
0.1277 554
0.1278 545
0.1279 530
0.128 526
0.1281 514
0.1282 499
0.1283 462
0.1284 450
0.1285 416
0.1286 384
0.1287 350
0.1288 313
0.1289 280
0.129 239
0.1291 232
0.1292 203
0.1293 187
0.1294 169
0.1295 152
0.1296 136
0.1297 136
0.1298 134
0.1299 124
0.13 120
0.1301 127
0.1302 149
0.1303 156
0.1304 175
0.1305 186
0.1306 198
0.1307 223
0.1308 240
0.1309 237
0.131 247
0.1311 256
0.1312 268
0.1313 272
0.1314 289
0.1315 300
0.1316 302
0.1317 301
0.1318 315
0.1319 316
0.132 319
0.1321 330
0.1322 348
0.1323 359
0.1324 370
0.1325 386
0.1326 383
0.1327 390
0.1328 386
0.1329 378
0.133 364
0.1331 358
0.1332 358
0.1333 368
0.1334 371
0.1335 382
0.1336 370
0.1337 364
0.1338 369
0.1339 352
0.134 324
0.1341 327
0.1342 307
0.1343 308
0.1344 310
0.1345 291
0.1346 288
0.1347 263
0.1348 236
0.1349 213
0.135 199
0.1351 179
0.1352 156
0.1353 140
0.1354 140
0.1355 126
0.1356 112
0.1357 106
0.1358 103
0.1359 100
0.136 99
0.1361 88
0.1362 86
0.1363 81
0.1364 77
0.1365 67
0.1366 60
0.1367 65
0.1368 55
0.1369 50
0.137 44
0.1371 40
0.1372 40
0.1373 31
0.1374 28
0.1375 27
0.1376 29
0.1377 21
0.1378 23
0.1379 19
0.138 23
0.1381 18
0.1382 12
0.1383 22
0.1384 20
0.1385 24
0.1386 23
0.1387 20
0.1388 17
0.1389 24
0.139 21
0.1391 22
0.1392 14
0.1393 16
0.1394 16
0.1395 13
0.1396 18
0.1397 14
0.1398 12
0.1399 18
0.14 10
0.1401 17
0.1402 12
0.1403 20
0.1404 25
0.1405 19
0.1406 11
0.1407 7
0.1408 10
0.1409 23
0.141 15
0.1411 17
0.1412 14
0.1413 12
0.1414 19
0.1415 9
0.1416 13
0.1417 15
0.1418 21
0.1419 19
0.142 14
0.1421 15
0.1422 21
0.1423 10
0.1424 20
0.1425 18
0.1426 19
0.1427 23
0.1428 27
0.1429 20
0.143 17
0.1431 19
0.1432 23
0.1433 21
0.1434 14
0.1435 21
0.1436 19
0.1437 21
0.1438 22
0.1439 29
0.144 38
0.1441 36
0.1442 27
0.1443 28
0.1444 30
0.1445 27
0.1446 26
0.1447 13
0.1448 15
0.1449 10
0.145 22
0.1451 16
0.1452 18
0.1453 26
0.1454 26
0.1455 12
0.1456 21
0.1457 18
0.1458 35
0.1459 29
0.146 29
0.1461 30
0.1462 19
0.1463 21
0.1464 23
0.1465 17
0.1466 26
0.1467 17
0.1468 23
0.1469 21
0.147 19
0.1471 21
0.1472 22
0.1473 27
0.1474 22
0.1475 16
0.1476 18
0.1477 23
0.1478 13
0.1479 33
0.148 33
0.1481 28
0.1482 32
0.1483 32
0.1484 28
0.1485 40
0.1486 34
0.1487 24
0.1488 25
0.1489 24
0.149 25
0.1491 24
0.1492 21
0.1493 25
0.1494 24
0.1495 31
0.1496 27
0.1497 28
0.1498 39
0.1499 34
0.15 37
0.1501 35
0.1502 38
0.1503 41
0.1504 45
0.1505 27
0.1506 33
0.1507 29
0.1508 40
0.1509 34
0.151 30
0.1511 34
0.1512 41
0.1513 38
0.1514 41
0.1515 57
0.1516 52
0.1517 50
0.1518 55
0.1519 43
0.152 36
0.1521 44
0.1522 55
0.1523 59
0.1524 53
0.1525 69
0.1526 65
0.1527 74
0.1528 78
0.1529 84
0.153 85
0.1531 85
0.1532 84
0.1533 92
0.1534 88
0.1535 85
0.1536 97
0.1537 90
0.1538 99
0.1539 99
0.154 119
0.1541 117
0.1542 143
0.1543 139
0.1544 142
0.1545 153
0.1546 147
0.1547 148
0.1548 162
0.1549 183
0.155 167
0.1551 195
0.1552 198
0.1553 214
0.1554 208
0.1555 215
0.1556 222
0.1557 225
0.1558 236
0.1559 228
0.156 232
0.1561 210
0.1562 204
0.1563 189
0.1564 176
0.1565 173
0.1566 162
0.1567 168
0.1568 170
0.1569 168
0.157 174
0.1571 173
0.1572 177
0.1573 180
0.1574 186
0.1575 174
0.1576 188
0.1577 184
0.1578 158
0.1579 153
0.158 161
0.1581 149
0.1582 169
0.1583 156
0.1584 145
0.1585 131
0.1586 131
0.1587 134
0.1588 123
0.1589 121
0.159 125
0.1591 131
0.1592 128
0.1593 131
0.1594 135
0.1595 142
0.1596 186
0.1597 213
0.1598 249
0.1599 292
0.16 329
0.1601 379
0.1602 406
0.1603 452
0.1604 485
0.1605 524
0.1606 559
0.1607 593
0.1608 627
0.1609 648
0.161 686
0.1611 722
0.1612 739
0.1613 763
0.1614 764
0.1615 761
0.1616 771
0.1617 767
0.1618 761
0.1619 763
0.162 761
0.1621 743
0.1622 745
0.1623 754
0.1624 762
0.1625 783
0.1626 802
0.1627 823
0.1628 840
0.1629 851
0.163 866
0.1631 884
0.1632 903
0.1633 928
0.1634 972
0.1635 1009
0.1636 1033
0.1637 1070
0.1638 1085
0.1639 1105
0.164 1111
0.1641 1122
0.1642 1135
0.1643 1150
0.1644 1172
0.1645 1186
0.1646 1201
0.1647 1209
0.1648 1215
0.1649 1215
0.165 1218
0.1651 1220
0.1652 1230
0.1653 1239
0.1654 1252
0.1655 1260
0.1656 1271
0.1657 1287
0.1658 1295
0.1659 1310
0.166 1318
0.1661 1322
0.1662 1330
0.1663 1329
0.1664 1333
0.1665 1343
0.1666 1358
0.1667 1352
0.1668 1355
0.1669 1370
0.167 1373
0.1671 1383
0.1672 1383
0.1673 1369
0.1674 1379
0.1675 1381
0.1676 1373
0.1677 1373
0.1678 1372
0.1679 1365
0.168 1366
0.1681 1353
0.1682 1342
0.1683 1345
0.1684 1351
0.1685 1343
0.1686 1329
0.1687 1326
0.1688 1321
0.1689 1296
0.169 1263
0.1691 1234
0.1692 1225
0.1693 1220
0.1694 1210
0.1695 1204
0.1696 1204
0.1697 1189
0.1698 1183
0.1699 1176
0.17 1162
0.1701 1148
0.1702 1139
0.1703 1135
0.1704 1132
0.1705 1143
0.1706 1136
0.1707 1132
0.1708 1125
0.1709 1127
0.171 1134
0.1711 1128
0.1712 1116
0.1713 1109
0.1714 1100
0.1715 1083
0.1716 1068
0.1717 1039
0.1718 1018
0.1719 1009
0.172 988
0.1721 973
0.1722 967
0.1723 958
0.1724 947
0.1725 951
0.1726 947
0.1727 947
0.1728 956
0.1729 966
0.173 967
0.1731 968
0.1732 969
0.1733 961
0.1734 958
0.1735 958
0.1736 956
0.1737 956
0.1738 941
0.1739 936
0.174 916
0.1741 900
0.1742 890
0.1743 883
0.1744 878
0.1745 870
0.1746 863
0.1747 867
0.1748 872
0.1749 862
0.175 863
0.1751 855
0.1752 860
0.1753 867
0.1754 874
0.1755 880
0.1756 876
0.1757 880
0.1758 890
0.1759 895
0.176 903
0.1761 913
0.1762 919
0.1763 925
0.1764 929
0.1765 929
0.1766 919
0.1767 903
0.1768 870
0.1769 856
0.177 851
0.1771 840
0.1772 836
0.1773 830
0.1774 832
0.1775 833
0.1776 839
0.1777 847
0.1778 853
0.1779 867
0.178 861
0.1781 854
0.1782 861
0.1783 858
0.1784 860
0.1785 862
0.1786 864
0.1787 869
0.1788 869
0.1789 880
0.179 886
0.1791 887
0.1792 897
0.1793 902
0.1794 904
0.1795 903
0.1796 910
0.1797 918
0.1798 921
0.1799 924
0.18 926
0.1801 925
0.1802 920
0.1803 923
0.1804 909
0.1805 891
0.1806 877
0.1807 859
0.1808 858
0.1809 844
0.181 826
0.1811 804
0.1812 765
0.1813 738
0.1814 720
0.1815 701
0.1816 691
0.1817 688
0.1818 683
0.1819 674
0.182 669
0.1821 676
0.1822 679
0.1823 683
0.1824 682
0.1825 701
0.1826 703
0.1827 704
0.1828 705
0.1829 709
0.183 713
0.1831 716
0.1832 718
0.1833 719
0.1834 729
0.1835 731
0.1836 728
0.1837 731
0.1838 728
0.1839 719
0.184 706
0.1841 698
0.1842 693
0.1843 693
0.1844 694
0.1845 688
0.1846 688
0.1847 672
0.1848 673
0.1849 671
0.185 666
0.1851 657
0.1852 638
0.1853 617
0.1854 580
0.1855 560
0.1856 514
0.1857 481
0.1858 451
0.1859 418
0.186 389
0.1861 369
0.1862 335
0.1863 299
0.1864 283
0.1865 276
0.1866 242
0.1867 234
0.1868 226
0.1869 221
0.187 217
0.1871 217
0.1872 215
0.1873 206
0.1874 206
0.1875 197
0.1876 189
0.1877 168
0.1878 149
0.1879 126
0.188 107
0.1881 89
0.1882 67
0.1883 65
0.1884 56
0.1885 49
0.1886 45
0.1887 53
0.1888 38
0.1889 36
0.189 34
0.1891 40
0.1892 28
0.1893 22
0.1894 28
0.1895 18
0.1896 15
0.1897 19
0.1898 15
0.1899 14
0.19 16
0.1901 11
0.1902 9
0.1903 11
0.1904 13
0.1905 7
0.1906 7
0.1907 14
0.1908 11
0.1909 10
0.191 15
0.1911 16
0.1912 10
0.1913 14
0.1914 5
0.1915 8
0.1916 8
0.1917 11
0.1918 10
0.1919 18
0.192 12
0.1921 18
0.1922 11
0.1923 15
0.1924 9
0.1925 9
0.1926 14
0.1927 7
0.1928 14
0.1929 8
0.193 16
0.1931 10
0.1932 11
0.1933 14
0.1934 8
0.1935 7
0.1936 18
0.1937 13
0.1938 13
0.1939 10
0.194 9
0.1941 9
0.1942 9
0.1943 8
0.1944 7
0.1945 12
0.1946 7
0.1947 8
0.1948 9
0.1949 13
0.195 13
0.1951 20
0.1952 11
0.1953 12
0.1954 12
0.1955 19
0.1956 15
0.1957 22
0.1958 13
0.1959 15
0.196 16
0.1961 17
0.1962 12
0.1963 11
0.1964 19
0.1965 16
0.1966 21
0.1967 15
0.1968 20
0.1969 19
0.197 7
0.1971 13
0.1972 17
0.1973 13
0.1974 15
0.1975 18
0.1976 18
0.1977 19
0.1978 15
0.1979 13
0.198 22
0.1981 22
0.1982 19
0.1983 23
0.1984 15
0.1985 11
0.1986 13
0.1987 20
0.1988 15
0.1989 19
0.199 21
0.1991 16
0.1992 13
0.1993 18
0.1994 15
0.1995 22
0.1996 14
0.1997 11
0.1998 26
0.1999 21
0.2 22
0.2001 11
0.2002 14
0.2003 18
0.2004 23
0.2005 18
0.2006 14
0.2007 28
0.2008 19
0.2009 26
0.201 10
0.2011 15
0.2012 21
0.2013 37
0.2014 27
0.2015 17
0.2016 30
0.2017 37
0.2018 20
0.2019 24
0.202 22
0.2021 31
0.2022 30
0.2023 25
0.2024 25
0.2025 27
0.2026 31
0.2027 33
0.2028 21
0.2029 34
0.203 37
0.2031 35
0.2032 41
0.2033 45
0.2034 51
0.2035 43
0.2036 48
0.2037 60
0.2038 72
0.2039 78
0.204 94
0.2041 110
0.2042 132
0.2043 150
0.2044 172
0.2045 188
0.2046 218
0.2047 241
0.2048 267
0.2049 302
0.205 333
0.2051 389
0.2052 429
0.2053 458
0.2054 490
0.2055 521
0.2056 557
0.2057 592
0.2058 625
0.2059 668
0.206 690
0.2061 720
0.2062 754
0.2063 780
0.2064 802
0.2065 828
0.2066 852
0.2067 874
0.2068 901
0.2069 927
0.207 930
0.2071 935
0.2072 928
0.2073 937
0.2074 939
0.2075 928
0.2076 945
0.2077 939
0.2078 943
0.2079 946
0.208 963
0.2081 978
0.2082 984
0.2083 1009
0.2084 1026
0.2085 1031
0.2086 1042
0.2087 1058
0.2088 1066
0.2089 1079
0.209 1094
0.2091 1103
0.2092 1111
0.2093 1112
0.2094 1120
0.2095 1132
0.2096 1137
0.2097 1129
0.2098 1123
0.2099 1136
0.21 1131
0.2101 1122
0.2102 1131
0.2103 1135
0.2104 1152
0.2105 1157
0.2106 1158
0.2107 1170
0.2108 1187
0.2109 1199
0.211 1200
0.2111 1205
0.2112 1212
0.2113 1216
0.2114 1220
0.2115 1226
0.2116 1241
0.2117 1240
0.2118 1245
0.2119 1243
0.212 1252
0.2121 1251
0.2122 1254
0.2123 1255
0.2124 1245
0.2125 1238
0.2126 1239
0.2127 1235
0.2128 1229
0.2129 1223
0.213 1210
0.2131 1184
0.2132 1153
0.2133 1125
0.2134 1080
0.2135 1052
0.2136 1023
0.2137 1015
0.2138 1010
0.2139 1018
0.214 1016
0.2141 1023
0.2142 1024
0.2143 1032
0.2144 1035
0.2145 1047
0.2146 1057
0.2147 1076
0.2148 1077
0.2149 1089
0.215 1097
0.2151 1094
0.2152 1105
0.2153 1108
0.2154 1101
0.2155 1103
0.2156 1113
0.2157 1107
0.2158 1097
0.2159 1077
0.216 1044
0.2161 1032
0.2162 1015
0.2163 998
0.2164 995
0.2165 992
0.2166 987
0.2167 986
0.2168 980
0.2169 989
0.217 991
0.2171 997
0.2172 1004
0.2173 1004
0.2174 1007
0.2175 1012
0.2176 1013
0.2177 1008
0.2178 1009
0.2179 1003
0.218 1001
0.2181 998
0.2182 996
0.2183 994
0.2184 990
0.2185 983
0.2186 982
0.2187 976
0.2188 973
0.2189 975
0.219 980
0.2191 978
0.2192 970
0.2193 968
0.2194 981
0.2195 981
0.2196 980
0.2197 982
0.2198 986
0.2199 990
0.22 991
0.2201 992
0.2202 991
0.2203 989
0.2204 992
0.2205 986
0.2206 980
0.2207 941
0.2208 895
0.2209 843
0.221 814
0.2211 786
0.2212 760
0.2213 744
0.2214 728
0.2215 725
0.2216 726
0.2217 721
0.2218 716
0.2219 712
0.222 714
0.2221 717
0.2222 721
0.2223 727
0.2224 734
0.2225 734
0.2226 738
0.2227 744
0.2228 742
0.2229 715
0.223 685
0.2231 659
0.2232 641
0.2233 611
0.2234 578
0.2235 565
0.2236 526
0.2237 497
0.2238 447
0.2239 416
0.224 394
0.2241 372
0.2242 343
0.2243 314
0.2244 279
0.2245 251
0.2246 210
0.2247 195
0.2248 170
0.2249 146
0.225 122
0.2251 116
0.2252 92
0.2253 86
0.2254 67
0.2255 60
0.2256 41
0.2257 36
0.2258 27
0.2259 21
0.226 23
0.2261 18
0.2262 24
0.2263 18
0.2264 20
0.2265 20
0.2266 20
0.2267 15
0.2268 20
0.2269 13
0.227 21
0.2271 18
0.2272 14
0.2273 18
0.2274 17
0.2275 20
0.2276 12
0.2277 12
0.2278 13
0.2279 17
0.228 7
0.2281 13
0.2282 12
0.2283 11
0.2284 7
0.2285 17
0.2286 12
0.2287 12
0.2288 16
0.2289 11
0.229 20
0.2291 24
0.2292 13
0.2293 13
0.2294 10
0.2295 19
0.2296 12
0.2297 14
0.2298 19
0.2299 27
0.23 16
0.2301 14
0.2302 23
0.2303 19
0.2304 10
0.2305 14
0.2306 13
0.2307 16
0.2308 11
0.2309 20
0.231 21
0.2311 15
0.2312 12
0.2313 17
0.2314 19
0.2315 23
0.2316 21
0.2317 16
0.2318 13
0.2319 19
0.232 16
0.2321 10
0.2322 17
0.2323 15
0.2324 21
0.2325 17
0.2326 22
0.2327 19
0.2328 21
0.2329 26
0.233 20
0.2331 25
0.2332 16
0.2333 19
0.2334 22
0.2335 17
0.2336 17
0.2337 11
0.2338 21
0.2339 19
0.234 14
0.2341 17
0.2342 15
0.2343 28
0.2344 23
0.2345 21
0.2346 24
0.2347 14
0.2348 25
0.2349 22
0.235 19
0.2351 29
0.2352 22
0.2353 24
0.2354 23
0.2355 33
0.2356 21
0.2357 26
0.2358 24
0.2359 27
0.236 33
0.2361 34
0.2362 37
0.2363 32
0.2364 34
0.2365 32
0.2366 38
0.2367 40
0.2368 41
0.2369 46
0.237 38
0.2371 31
0.2372 44
0.2373 35
0.2374 46
0.2375 35
0.2376 41
0.2377 34
0.2378 30
0.2379 40
0.238 40
0.2381 39
0.2382 36
0.2383 43
0.2384 42
0.2385 30
0.2386 29
0.2387 29
0.2388 46
0.2389 37
0.239 44
0.2391 41
0.2392 42
0.2393 43
0.2394 47
0.2395 44
0.2396 45
0.2397 54
0.2398 56
0.2399 47
0.24 54
0.2401 70
0.2402 66
0.2403 76
0.2404 92
0.2405 104
0.2406 99
0.2407 108
0.2408 107
0.2409 114
0.241 116
0.2411 144
0.2412 173
0.2413 199
0.2414 226
0.2415 277
0.2416 321
0.2417 363
0.2418 391
0.2419 434
0.242 470
0.2421 509
0.2422 569
0.2423 609
0.2424 645
0.2425 679
0.2426 697
0.2427 729
0.2428 752
0.2429 784
0.243 816
0.2431 838
0.2432 871
0.2433 895
0.2434 899
0.2435 901
0.2436 915
0.2437 918
0.2438 927
0.2439 947
0.244 965
0.2441 986
0.2442 1004
0.2443 1020
0.2444 1030
0.2445 1015
0.2446 1014
0.2447 1015
0.2448 1029
0.2449 1037
0.245 1051
0.2451 1065
0.2452 1078
0.2453 1083
0.2454 1092
0.2455 1099
0.2456 1125
0.2457 1148
0.2458 1153
0.2459 1162
0.246 1168
0.2461 1176
0.2462 1192
0.2463 1210
0.2464 1225
0.2465 1235
0.2466 1253
0.2467 1270
0.2468 1275
0.2469 1269
0.247 1273
0.2471 1275
0.2472 1277
0.2473 1278
0.2474 1284
0.2475 1285
0.2476 1268
0.2477 1266
0.2478 1258
0.2479 1272
0.248 1283
0.2481 1283
0.2482 1289
0.2483 1289
0.2484 1292
0.2485 1296
0.2486 1310
0.2487 1314
0.2488 1321
0.2489 1329
0.249 1333
0.2491 1334
0.2492 1343
0.2493 1342
0.2494 1333
0.2495 1326
0.2496 1330
0.2497 1331
0.2498 1323
0.2499 1320
0.25 1321
