0 0
0.01 2
0.02 6
0.03 22
0.04 41
0.05 57
0.06 75
0.07 85
0.08 106
0.09 119
0.1 129
0.11 144
0.12 162
0.13 175
0.14 191
0.15 208
0.16 222
0.17 234
0.18 249
0.19 264
0.2 274
0.21 283
0.22 287
0.23 295
0.24 312
0.25 328
0.26 338
0.27 347
0.28 351
0.29 359
0.3 363
0.31 372
0.32 374
0.33 382
0.34 389
0.35 396
0.36 409
0.37 413
0.38 422
0.39 426
0.4 425
0.41 433
0.42 436
0.43 443
0.44 449
0.45 453
0.46 457
0.47 458
0.48 465
0.49 466
0.5 470
0.51 472
0.52 477
0.53 483
0.54 489
0.55 492
0.56 494
0.57 498
0.58 497
0.59 499
0.6 503
0.61 507
0.62 506
0.63 510
0.64 517
0.65 521
0.66 521
0.67 521
0.68 524
0.69 526
0.7 524
0.71 531
0.72 532
0.73 538
0.74 542
0.75 545
0.76 544
0.77 545
0.78 548
0.79 546
0.8 549
0.81 557
0.82 559
0.83 557
0.84 558
0.85 561
0.86 561
0.87 562
0.88 565
0.89 564
0.9 563
0.91 561
0.92 557
0.93 553
0.94 553
0.95 548
0.96 551
0.97 561
0.98 562
0.99 564
1 564
1.01 559
1.02 561
1.03 566
1.04 566
1.05 559
1.06 564
1.07 564
1.08 565
1.09 565
1.1 569
1.11 570
1.12 572
1.13 575
1.14 580
1.15 579
1.16 581
1.17 582
1.18 579
1.19 578
1.2 577
1.21 576
1.22 580
1.23 577
1.24 576
1.25 577
1.26 580
1.27 584
1.28 579
1.29 583
1.3 584
1.31 586
1.32 584
1.33 583
1.34 582
1.35 583
1.36 585
1.37 586
1.38 578
1.39 584
1.4 587
1.41 586
1.42 593
1.43 591
1.44 595
1.45 597
1.46 594
1.47 596
1.48 594
1.49 592
1.5 591
1.51 592
1.52 593
1.53 594
1.54 598
1.55 596
1.56 598
1.57 591
1.58 592
1.59 595
1.6 599
1.61 596
1.62 593
1.63 598
1.64 602
1.65 603
1.66 601
1.67 601
1.68 604
1.69 604
1.7 602
1.71 602
1.72 602
1.73 601
1.74 599
1.75 603
1.76 600
1.77 596
1.78 594
1.79 595
1.8 600
1.81 598
1.82 600
1.83 603
1.84 604
1.85 598
1.86 596
1.87 593
1.88 593
1.89 592
1.9 596
1.91 598
1.92 598
1.93 599
1.94 596
1.95 600
1.96 601
1.97 595
1.98 597
1.99 591
2 594
