0 0
0.01 44
0.02 73
0.03 92
0.04 102
0.05 107
0.06 101
0.07 106
0.08 108
0.09 105
0.1 111
0.11 105
0.12 104
0.13 110
0.14 105
0.15 100
0.16 103
0.17 100
0.18 114
0.19 108
0.2 98
0.21 100
0.22 96
0.23 87
0.24 92
0.25 96
0.26 98
0.27 94
0.28 95
0.29 91
0.3 87
0.31 89
0.32 90
0.33 91
0.34 88
0.35 84
0.36 83
0.37 73
0.38 71
0.39 71
0.4 76
0.41 74
0.42 70
0.43 79
0.44 80
0.45 77
0.46 73
0.47 70
0.48 69
0.49 74
0.5 77
0.51 73
0.52 71
0.53 68
0.54 66
0.55 67
0.56 70
0.57 69
0.58 69
0.59 66
0.6 68
0.61 68
0.62 70
0.63 67
0.64 68
0.65 63
0.66 59
0.67 55
0.68 56
0.69 62
0.7 65
0.71 68
0.72 66
0.73 65
0.74 65
0.75 57
0.76 64
0.77 61
0.78 60
0.79 65
0.8 62
0.81 68
0.82 67
0.83 63
0.84 57
0.85 64
0.86 60
0.87 55
0.88 58
0.89 54
0.9 53
0.91 50
0.92 51
0.93 52
0.94 56
0.95 59
0.96 62
0.97 58
0.98 54
0.99 50
1 57
1.01 56
1.02 52
1.03 51
1.04 56
1.05 54
1.06 53
1.07 56
1.08 60
1.09 59
1.1 56
1.11 57
1.12 59
1.13 53
1.14 51
1.15 56
1.16 58
1.17 51
1.18 45
1.19 51
1.2 54
1.21 53
1.22 53
1.23 52
1.24 49
1.25 47
1.26 48
1.27 47
1.28 52
1.29 55
1.3 51
1.31 55
1.32 58
1.33 54
1.34 54
1.35 55
1.36 61
1.37 65
1.38 62
1.39 57
1.4 55
1.41 60
1.42 59
1.43 58
1.44 55
1.45 56
1.46 55
1.47 56
1.48 57
1.49 57
1.5 57
1.51 54
1.52 49
1.53 49
1.54 48
1.55 48
1.56 54
1.57 54
1.58 60
1.59 62
1.6 60
1.61 66
1.62 57
1.63 52
1.64 59
1.65 61
1.66 60
1.67 62
1.68 58
1.69 58
1.7 55
1.71 58
1.72 53
1.73 50
1.74 52
1.75 53
1.76 58
1.77 58
1.78 57
1.79 57
1.8 55
1.81 54
1.82 53
1.83 46
1.84 47
1.85 46
1.86 46
1.87 47
1.88 52
1.89 54
1.9 56
1.91 56
1.92 52
1.93 47
1.94 48
1.95 49
1.96 53
1.97 57
1.98 59
1.99 56
2 53
