0 665
0.01 608
0.02 569
0.03 547
0.04 523
0.05 497
0.06 474
0.07 455
0.08 433
0.09 414
0.1 404
0.11 390
0.12 374
0.13 355
0.14 343
0.15 333
0.16 321
0.17 306
0.18 296
0.19 284
0.2 278
0.21 269
0.22 260
0.23 251
0.24 238
0.25 227
0.26 221
0.27 215
0.28 208
0.29 206
0.3 197
0.31 192
0.32 192
0.33 186
0.34 181
0.35 178
0.36 172
0.37 166
0.38 159
0.39 153
0.4 149
0.41 144
0.42 139
0.43 134
0.44 131
0.45 129
0.46 125
0.47 123
0.48 120
0.49 115
0.5 110
0.51 106
0.52 105
0.53 105
0.54 102
0.55 97
0.56 94
0.57 91
0.58 85
0.59 84
0.6 81
0.61 78
0.62 74
0.63 74
0.64 73
0.65 72
0.66 71
0.67 68
0.68 68
0.69 66
0.7 65
0.71 64
0.72 63
0.73 61
0.74 59
0.75 57
0.76 55
0.77 53
0.78 51
0.79 52
0.8 51
0.81 50
0.82 47
0.83 45
0.84 44
0.85 43
0.86 44
0.87 43
0.88 42
0.89 41
0.9 38
0.91 37
0.92 37
0.93 35
0.94 33
0.95 34
0.96 35
0.97 35
0.98 35
0.99 34
1 33
1.01 33
1.02 33
1.03 31
1.04 32
1.05 30
1.06 28
1.07 26
1.08 24
1.09 21
1.1 21
1.11 21
1.12 21
1.13 19
1.14 20
1.15 22
1.16 20
1.17 20
1.18 19
1.19 19
1.2 17
1.21 15
1.22 14
1.23 13
1.24 12
1.25 11
1.26 12
1.27 12
1.28 10
1.29 9
1.3 8
1.31 8
1.32 8
1.33 9
1.34 9
1.35 8
1.36 8
1.37 7
1.38 8
1.39 7
1.4 7
1.41 5
1.42 6
1.43 6
1.44 6
1.45 7
1.46 8
1.47 8
1.48 8
1.49 8
1.5 8
1.51 9
1.52 8
1.53 8
1.54 8
1.55 9
1.56 10
1.57 10
1.58 9
1.59 11
1.6 7
1.61 7
1.62 7
1.63 9
1.64 6
1.65 7
1.66 7
1.67 7
1.68 7
1.69 7
1.7 8
1.71 6
1.72 6
1.73 6
1.74 7
1.75 7
1.76 8
1.77 8
1.78 7
1.79 7
1.8 7
1.81 6
1.82 6
1.83 5
1.84 4
1.85 4
1.86 4
1.87 4
1.88 4
1.89 4
1.9 4
1.91 4
1.92 4
1.93 4
1.94 4
1.95 5
1.96 5
1.97 6
1.98 7
1.99 7
2 7
