0 0
0.0001 11
0.0002 29
0.0003 46
0.0004 62
0.0005 82
0.0006 93
0.0007 101
0.0008 105
0.0009 111
0.001 116
0.0011 118
0.0012 127
0.0013 134
0.0014 141
0.0015 141
0.0016 137
0.0017 132
0.0018 136
0.0019 134
0.002 130
0.0021 130
0.0022 125
0.0023 128
0.0024 128
0.0025 129
0.0026 125
0.0027 127
0.0028 127
0.0029 125
0.003 120
0.0031 121
0.0032 111
0.0033 116
0.0034 112
0.0035 109
0.0036 109
0.0037 105
0.0038 107
0.0039 111
0.004 116
0.0041 115
0.0042 116
0.0043 117
0.0044 122
0.0045 118
0.0046 109
0.0047 113
0.0048 111
0.0049 112
0.005 110
0.0051 106
0.0052 104
0.0053 97
0.0054 100
0.0055 98
0.0056 97
0.0057 95
0.0058 94
0.0059 101
0.006 95
0.0061 91
0.0062 100
0.0063 101
0.0064 102
0.0065 103
0.0066 104
0.0067 108
0.0068 108
0.0069 105
0.007 103
0.0071 101
0.0072 96
0.0073 90
0.0074 91
0.0075 89
0.0076 86
0.0077 86
0.0078 87
0.0079 79
0.008 81
0.0081 79
0.0082 80
0.0083 81
0.0084 81
0.0085 80
0.0086 79
0.0087 75
0.0088 73
0.0089 67
0.009 73
0.0091 71
0.0092 65
0.0093 63
0.0094 68
0.0095 74
0.0096 65
0.0097 65
0.0098 69
0.0099 70
0.01 66
0.0101 66
0.0102 69
0.0103 73
0.0104 78
0.0105 77
0.0106 78
0.0107 72
0.0108 75
0.0109 72
0.011 66
0.0111 67
0.0112 58
0.0113 56
0.0114 60
0.0115 60
0.0116 61
0.0117 63
0.0118 63
0.0119 59
0.012 57
0.0121 64
0.0122 70
0.0123 69
0.0124 66
0.0125 71
0.0126 69
0.0127 69
0.0128 71
0.0129 67
0.013 62
0.0131 59
0.0132 53
0.0133 52
0.0134 56
0.0135 51
0.0136 52
0.0137 50
0.0138 47
0.0139 41
0.014 43
0.0141 46
0.0142 43
0.0143 45
0.0144 45
0.0145 46
0.0146 45
0.0147 45
0.0148 42
0.0149 42
0.015 45
0.0151 37
0.0152 39
0.0153 37
0.0154 34
0.0155 36
0.0156 42
0.0157 40
0.0158 37
0.0159 37
0.016 41
0.0161 45
0.0162 43
0.0163 46
0.0164 45
0.0165 40
0.0166 45
0.0167 49
0.0168 52
0.0169 55
0.017 54
0.0171 48
0.0172 48
0.0173 48
0.0174 50
0.0175 54
0.0176 50
0.0177 50
0.0178 44
0.0179 44
0.018 44
0.0181 41
0.0182 42
0.0183 40
0.0184 39
0.0185 35
0.0186 35
0.0187 40
0.0188 34
0.0189 31
0.019 31
0.0191 38
0.0192 40
0.0193 37
0.0194 32
0.0195 31
0.0196 31
0.0197 28
0.0198 27
0.0199 31
0.02 33
0.0201 32
0.0202 33
0.0203 34
0.0204 34
0.0205 30
0.0206 29
0.0207 26
0.0208 29
0.0209 29
0.021 30
0.0211 29
0.0212 33
0.0213 32
0.0214 34
0.0215 35
0.0216 37
0.0217 39
0.0218 42
0.0219 41
0.022 39
0.0221 37
0.0222 39
0.0223 36
0.0224 37
0.0225 33
0.0226 36
0.0227 29
0.0228 29
0.0229 29
0.023 27
0.0231 34
0.0232 32
0.0233 32
0.0234 29
0.0235 29
0.0236 30
0.0237 30
0.0238 32
0.0239 32
0.024 30
0.0241 30
0.0242 30
0.0243 28
0.0244 29
0.0245 32
0.0246 31
0.0247 30
0.0248 30
0.0249 29
0.025 28
0.0251 28
0.0252 28
0.0253 27
0.0254 27
0.0255 30
0.0256 30
0.0257 27
0.0258 27
0.0259 29
0.026 27
0.0261 24
0.0262 22
0.0263 22
0.0264 22
0.0265 21
0.0266 20
0.0267 18
0.0268 18
0.0269 17
0.027 19
0.0271 18
0.0272 17
0.0273 15
0.0274 17
0.0275 16
0.0276 17
0.0277 17
0.0278 21
0.0279 21
0.028 22
0.0281 22
0.0282 23
0.0283 28
0.0284 28
0.0285 27
0.0286 25
0.0287 27
0.0288 25
0.0289 23
0.029 20
0.0291 22
0.0292 22
0.0293 25
0.0294 23
0.0295 24
0.0296 23
0.0297 24
0.0298 27
0.0299 26
0.03 29
0.0301 28
0.0302 29
0.0303 28
0.0304 31
0.0305 31
0.0306 32
0.0307 30
0.0308 30
0.0309 30
0.031 32
0.0311 32
0.0312 28
0.0313 29
0.0314 27
0.0315 21
0.0316 22
0.0317 20
0.0318 19
0.0319 19
0.032 18
0.0321 21
0.0322 20
0.0323 18
0.0324 17
0.0325 17
0.0326 16
0.0327 17
0.0328 17
0.0329 17
0.033 17
0.0331 15
0.0332 17
0.0333 14
0.0334 12
0.0335 13
0.0336 13
0.0337 13
0.0338 14
0.0339 16
0.034 17
0.0341 17
0.0342 16
0.0343 18
0.0344 17
0.0345 18
0.0346 17
0.0347 16
0.0348 15
0.0349 17
0.035 17
0.0351 14
0.0352 13
0.0353 14
0.0354 15
0.0355 16
0.0356 15
0.0357 12
0.0358 11
0.0359 12
0.036 12
0.0361 13
0.0362 14
0.0363 15
0.0364 14
0.0365 15
0.0366 16
0.0367 15
0.0368 14
0.0369 12
0.037 13
0.0371 11
0.0372 13
0.0373 16
0.0374 13
0.0375 14
0.0376 15
0.0377 17
0.0378 16
0.0379 17
0.038 17
0.0381 15
0.0382 12
0.0383 10
0.0384 11
0.0385 11
0.0386 11
0.0387 10
0.0388 12
0.0389 13
0.039 14
0.0391 12
0.0392 14
0.0393 13
0.0394 11
0.0395 12
0.0396 11
0.0397 10
0.0398 9
0.0399 10
0.04 9
0.0401 7
0.0402 7
0.0403 7
0.0404 4
0.0405 7
0.0406 7
0.0407 8
0.0408 9
0.0409 10
0.041 10
0.0411 8
0.0412 9
0.0413 9
0.0414 8
0.0415 8
0.0416 9
0.0417 8
0.0418 10
0.0419 11
0.042 12
0.0421 12
0.0422 11
0.0423 8
0.0424 8
0.0425 7
0.0426 7
0.0427 9
0.0428 8
0.0429 11
0.043 10
0.0431 10
0.0432 9
0.0433 10
0.0434 10
0.0435 12
0.0436 14
0.0437 13
0.0438 13
0.0439 12
0.044 8
0.0441 8
0.0442 8
0.0443 8
0.0444 9
0.0445 11
0.0446 10
0.0447 10
0.0448 10
0.0449 10
0.045 9
0.0451 8
0.0452 6
0.0453 7
0.0454 6
0.0455 6
0.0456 6
0.0457 7
0.0458 8
0.0459 9
0.046 9
0.0461 9
0.0462 8
0.0463 7
0.0464 7
0.0465 6
0.0466 6
0.0467 6
0.0468 5
0.0469 4
0.047 4
0.0471 5
0.0472 5
0.0473 4
0.0474 4
0.0475 5
0.0476 6
0.0477 5
0.0478 5
0.0479 5
0.048 5
0.0481 5
0.0482 5
0.0483 4
0.0484 5
0.0485 6
0.0486 6
0.0487 7
0.0488 7
0.0489 4
0.049 3
0.0491 4
0.0492 3
0.0493 4
0.0494 4
0.0495 5
0.0496 6
0.0497 8
0.0498 10
0.0499 10
0.05 9
0.0501 10
0.0502 8
0.0503 8
0.0504 8
0.0505 9
0.0506 7
0.0507 7
0.0508 7
0.0509 7
0.051 7
0.0511 9
0.0512 8
0.0513 8
0.0514 9
0.0515 10
0.0516 9
0.0517 10
0.0518 8
0.0519 8
0.052 8
0.0521 6
0.0522 6
0.0523 6
0.0524 4
0.0525 4
0.0526 5
0.0527 5
0.0528 6
0.0529 5
0.053 5
0.0531 6
0.0532 7
0.0533 6
0.0534 6
0.0535 6
0.0536 6
0.0537 7
0.0538 8
0.0539 7
0.054 7
0.0541 8
0.0542 7
0.0543 7
0.0544 7
0.0545 9
0.0546 11
0.0547 11
0.0548 11
0.0549 10
0.055 8
0.0551 6
0.0552 6
0.0553 5
0.0554 5
0.0555 5
0.0556 4
0.0557 4
0.0558 6
0.0559 6
0.056 6
0.0561 6
0.0562 6
0.0563 6
0.0564 7
0.0565 7
0.0566 8
0.0567 8
0.0568 6
0.0569 6
0.057 6
0.0571 5
0.0572 6
0.0573 5
0.0574 4
0.0575 4
0.0576 3
0.0577 3
0.0578 4
0.0579 6
0.058 7
0.0581 7
0.0582 8
0.0583 8
0.0584 8
0.0585 6
0.0586 6
0.0587 7
0.0588 8
0.0589 9
0.059 6
0.0591 7
0.0592 7
0.0593 7
0.0594 7
0.0595 8
0.0596 7
0.0597 5
0.0598 4
0.0599 4
0.06 4
0.0601 5
0.0602 7
0.0603 6
0.0604 6
0.0605 6
0.0606 7
0.0607 7
0.0608 6
0.0609 7
0.061 6
0.0611 5
0.0612 5
0.0613 4
0.0614 4
0.0615 4
0.0616 4
0.0617 4
0.0618 4
0.0619 3
0.062 3
0.0621 4
0.0622 2
0.0623 3
0.0624 2
0.0625 3
0.0626 4
0.0627 3
0.0628 4
0.0629 5
0.063 4
0.0631 4
0.0632 4
0.0633 4
0.0634 5
0.0635 5
0.0636 5
0.0637 4
0.0638 4
0.0639 4
0.064 5
0.0641 5
0.0642 5
0.0643 7
0.0644 6
0.0645 6
0.0646 6
0.0647 5
0.0648 6
0.0649 6
0.065 5
0.0651 6
0.0652 5
0.0653 4
0.0654 4
0.0655 3
0.0656 4
0.0657 5
0.0658 5
0.0659 5
0.066 5
0.0661 4
0.0662 3
0.0663 3
0.0664 4
0.0665 6
0.0666 4
0.0667 4
0.0668 5
0.0669 5
0.067 7
0.0671 8
0.0672 7
0.0673 6
0.0674 5
0.0675 5
0.0676 5
0.0677 6
0.0678 4
0.0679 5
0.068 5
0.0681 5
0.0682 6
0.0683 7
0.0684 6
0.0685 6
0.0686 7
0.0687 6
0.0688 7
0.0689 5
0.069 5
0.0691 5
0.0692 5
0.0693 6
0.0694 6
0.0695 6
0.0696 6
0.0697 4
0.0698 2
0.0699 1
0.07 1
0.0701 2
0.0702 3
0.0703 4
0.0704 3
0.0705 4
0.0706 2
0.0707 2
0.0708 3
0.0709 5
0.071 6
0.0711 5
0.0712 4
0.0713 4
0.0714 4
0.0715 3
0.0716 3
0.0717 2
0.0718 3
0.0719 4
0.072 4
0.0721 4
0.0722 5
0.0723 5
0.0724 4
0.0725 3
0.0726 1
0.0727 2
0.0728 2
0.0729 3
0.073 3
0.0731 4
0.0732 3
0.0733 3
0.0734 4
0.0735 2
0.0736 2
0.0737 2
0.0738 2
0.0739 3
0.074 1
0.0741 2
0.0742 4
0.0743 4
0.0744 5
0.0745 5
0.0746 5
0.0747 6
0.0748 5
0.0749 6
0.075 6
0.0751 6
0.0752 6
0.0753 6
0.0754 7
0.0755 7
0.0756 7
0.0757 6
0.0758 6
0.0759 7
0.076 6
0.0761 5
0.0762 7
0.0763 5
0.0764 6
0.0765 6
0.0766 6
0.0767 6
0.0768 8
0.0769 8
0.077 8
0.0771 7
0.0772 6
0.0773 6
0.0774 5
0.0775 5
0.0776 4
0.0777 4
0.0778 4
0.0779 5
0.078 6
0.0781 6
0.0782 5
0.0783 6
0.0784 6
0.0785 5
0.0786 5
0.0787 3
0.0788 2
0.0789 2
0.079 3
0.0791 2
0.0792 1
0.0793 1
0.0794 2
0.0795 2
0.0796 3
0.0797 3
0.0798 4
0.0799 4
0.08 4
0.0801 5
0.0802 5
0.0803 3
0.0804 3
0.0805 3
0.0806 3
0.0807 3
0.0808 4
0.0809 4
0.081 5
0.0811 6
0.0812 4
0.0813 4
0.0814 3
0.0815 4
0.0816 4
0.0817 4
0.0818 5
0.0819 4
0.082 4
0.0821 4
0.0822 5
0.0823 4
0.0824 6
0.0825 6
0.0826 6
0.0827 7
0.0828 8
0.0829 7
0.083 7
0.0831 8
0.0832 9
0.0833 9
0.0834 9
0.0835 10
0.0836 10
0.0837 9
0.0838 9
0.0839 7
0.084 8
0.0841 7
0.0842 8
0.0843 7
0.0844 6
0.0845 6
0.0846 6
0.0847 4
0.0848 4
0.0849 4
0.085 5
0.0851 3
0.0852 3
0.0853 4
0.0854 4
0.0855 4
0.0856 4
0.0857 4
0.0858 6
0.0859 6
0.086 6
0.0861 7
0.0862 4
0.0863 4
0.0864 4
0.0865 4
0.0866 4
0.0867 6
0.0868 5
0.0869 4
0.087 3
0.0871 3
0.0872 4
0.0873 4
0.0874 5
0.0875 7
0.0876 6
0.0877 7
0.0878 9
0.0879 10
0.088 11
0.0881 11
0.0882 13
0.0883 11
0.0884 10
0.0885 9
0.0886 8
0.0887 8
0.0888 8
0.0889 7
0.089 7
0.0891 9
0.0892 8
0.0893 8
0.0894 6
0.0895 7
0.0896 7
0.0897 7
0.0898 6
0.0899 5
0.09 4
0.0901 2
0.0902 4
0.0903 4
0.0904 3
0.0905 2
0.0906 5
0.0907 4
0.0908 4
0.0909 4
0.091 4
0.0911 3
0.0912 3
0.0913 3
0.0914 2
0.0915 3
0.0916 3
0.0917 4
0.0918 5
0.0919 5
0.092 5
0.0921 4
0.0922 4
0.0923 2
0.0924 3
0.0925 3
0.0926 3
0.0927 2
0.0928 3
0.0929 3
0.093 4
0.0931 4
0.0932 3
0.0933 2
0.0934 4
0.0935 4
0.0936 4
0.0937 4
0.0938 4
0.0939 3
0.094 3
0.0941 3
0.0942 3
0.0943 3
0.0944 4
0.0945 3
0.0946 3
0.0947 3
0.0948 3
0.0949 3
0.095 3
0.0951 2
0.0952 3
0.0953 4
0.0954 4
0.0955 4
0.0956 5
0.0957 5
0.0958 4
0.0959 4
0.096 3
0.0961 3
0.0962 2
0.0963 2
0.0964 1
0.0965 2
0.0966 3
0.0967 2
0.0968 2
0.0969 2
0.097 1
0.0971 1
0.0972 1
0.0973 1
0.0974 2
0.0975 2
0.0976 3
0.0977 3
0.0978 3
0.0979 2
0.098 1
0.0981 1
0.0982 1
0.0983 2
0.0984 1
0.0985 1
0.0986 3
0.0987 3
0.0988 3
0.0989 3
0.099 3
0.0991 3
0.0992 4
0.0993 5
0.0994 5
0.0995 5
0.0996 3
0.0997 1
0.0998 1
0.0999 2
0.1 1
