0 0
0.01 3
0.02 6
0.03 18
0.04 34
0.05 49
0.06 67
0.07 83
0.08 95
0.09 111
0.1 132
0.11 148
0.12 156
0.13 170
0.14 184
0.15 200
0.16 220
0.17 229
0.18 243
0.19 248
0.2 259
0.21 274
0.22 284
0.23 298
0.24 310
0.25 318
0.26 322
0.27 325
0.28 344
0.29 355
0.3 364
0.31 371
0.32 376
0.33 384
0.34 397
0.35 400
0.36 403
0.37 407
0.38 416
0.39 420
0.4 426
0.41 433
0.42 437
0.43 438
0.44 455
0.45 454
0.46 455
0.47 455
0.48 463
0.49 465
0.5 474
0.51 480
0.52 492
0.53 489
0.54 497
0.55 499
0.56 503
0.57 502
0.58 505
0.59 505
0.6 501
0.61 505
0.62 507
0.63 513
0.64 520
0.65 519
0.66 516
0.67 518
0.68 521
0.69 520
0.7 523
0.71 530
0.72 536
0.73 539
0.74 539
0.75 546
0.76 543
0.77 543
0.78 551
0.79 547
0.8 546
0.81 543
0.82 547
0.83 543
0.84 544
0.85 551
0.86 548
0.87 547
0.88 553
0.89 555
0.9 555
0.91 555
0.92 556
0.93 559
0.94 562
0.95 564
0.96 564
0.97 564
0.98 559
0.99 564
1 567
1.01 569
1.02 580
1.03 579
1.04 576
1.05 578
1.06 581
1.07 582
1.08 583
1.09 581
1.1 581
1.11 581
1.12 580
1.13 579
1.14 579
1.15 584
1.16 590
1.17 588
1.18 589
1.19 591
1.2 592
1.21 587
1.22 586
1.23 590
1.24 586
1.25 589
1.26 592
1.27 587
1.28 587
1.29 584
1.3 586
1.31 590
1.32 587
1.33 590
1.34 595
1.35 597
1.36 600
1.37 599
1.38 605
1.39 599
1.4 601
1.41 601
1.42 601
1.43 597
1.44 598
1.45 597
1.46 601
1.47 600
1.48 591
1.49 597
1.5 600
1.51 596
1.52 593
1.53 595
1.54 592
1.55 593
1.56 592
1.57 590
1.58 586
1.59 580
1.6 583
1.61 588
1.62 588
1.63 593
1.64 593
1.65 601
1.66 602
1.67 595
1.68 592
1.69 595
1.7 590
1.71 585
1.72 587
1.73 584
1.74 588
1.75 592
1.76 591
1.77 588
1.78 592
1.79 594
1.8 599
1.81 605
1.82 606
1.83 605
1.84 600
1.85 603
1.86 609
1.87 604
1.88 602
1.89 602
1.9 600
1.91 595
1.92 596
1.93 596
1.94 602
1.95 604
1.96 604
1.97 601
1.98 602
1.99 600
2 602
