0 103
0.01 89
0.02 97
0.03 80
0.04 76
0.05 86
0.06 81
0.07 89
0.08 85
0.09 95
0.1 88
0.11 87
0.12 92
0.13 91
0.14 81
0.15 72
0.16 73
0.17 64
0.18 70
0.19 74
0.2 86
0.21 90
0.22 76
0.23 80
0.24 67
0.25 73
0.26 79
0.27 91
0.28 93
0.29 80
0.3 86
0.31 87
0.32 84
0.33 85
0.34 93
0.35 96
0.36 97
0.37 104
0.38 90
0.39 87
0.4 94
0.41 91
0.42 96
0.43 89
0.44 56
0.45 47
0.46 42
0.47 64
0.48 67
0.49 57
0.5 57
0.51 48
0.52 37
0.53 35
0.54 31
0.55 20
0.56 15
0.57 21
0.58 27
0.59 22
0.6 20
0.61 25
0.62 24
0.63 12
0.64 22
0.65 18
0.66 32
0.67 35
0.68 41
0.69 37
0.7 23
0.71 30
0.72 23
0.73 18
0.74 22
0.75 14
0.76 23
0.77 12
0.78 19
0.79 18
0.8 15
0.81 27
0.82 24
0.83 24
0.84 18
0.85 17
0.86 17
0.87 14
0.88 31
0.89 18
0.9 13
0.91 15
0.92 10
0.93 19
0.94 12
0.95 22
0.96 17
0.97 22
0.98 16
0.99 24
1 25
1.01 17
1.02 27
1.03 24
1.04 16
1.05 21
1.06 19
1.07 29
1.08 29
1.09 22
1.1 14
1.11 9
1.12 21
1.13 21
1.14 31
1.15 34
1.16 58
1.17 36
1.18 28
1.19 36
1.2 28
1.21 33
1.22 31
1.23 25
1.24 15
1.25 18
1.26 21
1.27 24
1.28 32
1.29 22
1.3 28
1.31 22
1.32 20
1.33 29
1.34 21
1.35 32
1.36 22
1.37 24
1.38 33
1.39 27
1.4 27
1.41 23
1.42 13
1.43 22
1.44 24
1.45 22
1.46 26
1.47 7
1.48 29
1.49 27
1.5 23
1.51 25
1.52 28
1.53 19
1.54 26
1.55 36
1.56 25
1.57 16
1.58 8
1.59 24
1.6 30
1.61 20
1.62 28
1.63 33
1.64 34
1.65 29
1.66 25
1.67 26
1.68 21
1.69 14
1.7 17
1.71 21
1.72 22
1.73 29
1.74 18
1.75 20
1.76 34
1.77 24
1.78 21
1.79 18
1.8 18
1.81 19
1.82 22
1.83 29
1.84 18
1.85 17
1.86 17
1.87 14
1.88 19
1.89 15
1.9 21
1.91 18
1.92 16
1.93 19
1.94 28
1.95 24
1.96 23
1.97 22
1.98 20
1.99 27
2 16
2.01 30
2.02 26
2.03 31
2.04 31
2.05 32
2.06 29
2.07 26
2.08 16
2.09 19
2.1 15
2.11 14
2.12 20
2.13 22
2.14 21
2.15 13
2.16 26
2.17 19
2.18 23
2.19 18
2.2 25
2.21 18
2.22 18
2.23 19
2.24 27
2.25 24
2.26 20
2.27 15
2.28 29
2.29 20
2.3 29
2.31 24
2.32 19
2.33 31
2.34 36
2.35 28
2.36 41
2.37 30
2.38 25
2.39 13
2.4 12
2.41 20
2.42 15
2.43 19
2.44 33
2.45 35
2.46 22
2.47 13
2.48 26
2.49 27
2.5 31
2.51 25
2.52 29
2.53 26
2.54 26
2.55 29
2.56 26
2.57 24
2.58 23
2.59 15
2.6 26
2.61 26
2.62 27
2.63 19
2.64 18
2.65 12
2.66 35
2.67 37
2.68 23
2.69 31
2.7 25
2.71 26
2.72 16
2.73 16
2.74 12
2.75 10
2.76 11
2.77 13
2.78 21
2.79 23
2.8 24
2.81 34
2.82 28
2.83 19
2.84 24
2.85 22
2.86 16
2.87 17
2.88 27
2.89 18
2.9 10
2.91 17
2.92 20
2.93 29
2.94 23
2.95 10
2.96 14
2.97 25
2.98 25
2.99 36
3 44
3.01 37
3.02 23
3.03 23
3.04 22
3.05 28
3.06 32
3.07 18
3.08 22
3.09 24
3.1 26
3.11 17
3.12 21
3.13 20
3.14 24
3.15 22
3.16 16
3.17 25
3.18 25
3.19 24
3.2 37
3.21 40
3.22 53
3.23 51
3.24 42
3.25 28
3.26 31
3.27 40
3.28 31
3.29 22
3.3 11
3.31 25
3.32 36
3.33 43
3.34 37
3.35 26
3.36 25
3.37 20
3.38 22
3.39 28
3.4 21
3.41 19
3.42 24
3.43 35
3.44 39
3.45 37
3.46 28
3.47 28
3.48 23
3.49 25
3.5 19
3.51 19
3.52 25
3.53 20
3.54 23
3.55 13
3.56 21
3.57 15
3.58 20
3.59 24
3.6 22
3.61 22
3.62 28
3.63 32
3.64 11
3.65 12
3.66 16
3.67 19
3.68 34
3.69 33
3.7 30
3.71 33
3.72 17
3.73 30
3.74 28
3.75 17
3.76 21
3.77 20
3.78 22
3.79 22
3.8 22
3.81 21
3.82 19
3.83 22
3.84 29
3.85 28
3.86 20
3.87 15
3.88 9
3.89 21
3.9 34
3.91 36
3.92 31
3.93 19
3.94 18
3.95 23
3.96 10
3.97 23
3.98 22
3.99 22
4 29
4.01 19
4.02 20
4.03 18
4.04 11
4.05 17
4.06 25
4.07 21
4.08 31
4.09 35
4.1 31
4.11 48
4.12 42
4.13 36
4.14 25
4.15 30
4.16 35
4.17 29
4.18 25
4.19 21
4.2 24
4.21 26
4.22 35
4.23 41
4.24 51
4.25 49
4.26 48
4.27 55
4.28 65
4.29 84
4.3 85
4.31 79
4.32 84
4.33 88
4.34 85
4.35 87
4.36 84
4.37 71
4.38 68
4.39 66
4.4 57
4.41 74
4.42 81
4.43 70
4.44 62
4.45 79
4.46 84
4.47 98
4.48 89
4.49 98
4.5 100
4.51 99
4.52 100
4.53 92
4.54 88
4.55 95
4.56 83
4.57 89
4.58 84
4.59 81
4.6 87
4.61 85
4.62 79
4.63 83
4.64 84
4.65 87
4.66 96
4.67 90
4.68 89
4.69 83
4.7 87
4.71 87
4.72 78
4.73 77
4.74 89
4.75 78
4.76 81
4.77 79
4.78 83
4.79 91
4.8 89
4.81 96
4.82 84
4.83 89
4.84 88
4.85 100
4.86 94
4.87 93
4.88 86
4.89 86
4.9 78
4.91 86
4.92 82
4.93 80
4.94 93
4.95 99
4.96 92
4.97 87
4.98 96
4.99 92
5 103
5.01 91
5.02 98
5.03 96
5.04 99
5.05 91
5.06 93
5.07 92
5.08 91
5.09 80
5.1 76
5.11 65
5.12 52
5.13 36
5.14 29
5.15 34
5.16 25
5.17 18
5.18 17
5.19 17
5.2 18
5.21 22
5.22 24
5.23 21
5.24 16
5.25 12
5.26 16
5.27 25
5.28 34
5.29 21
5.3 23
5.31 24
5.32 19
5.33 22
5.34 17
5.35 17
5.36 16
5.37 14
5.38 15
5.39 13
5.4 13
5.41 14
5.42 10
5.43 9
5.44 20
5.45 41
5.46 34
5.47 37
5.48 36
5.49 41
5.5 49
5.51 46
5.52 40
5.53 49
5.54 50
5.55 45
5.56 31
5.57 23
5.58 15
5.59 27
5.6 23
5.61 25
5.62 31
5.63 24
5.64 15
5.65 17
5.66 22
5.67 13
5.68 19
5.69 26
5.7 30
5.71 18
5.72 17
5.73 31
5.74 32
5.75 29
5.76 21
5.77 18
5.78 20
5.79 23
5.8 14
5.81 16
5.82 20
5.83 17
5.84 22
5.85 14
5.86 16
5.87 20
5.88 24
5.89 30
5.9 17
5.91 17
5.92 26
5.93 21
5.94 25
5.95 17
5.96 19
5.97 11
5.98 18
5.99 20
6 23
6.01 28
6.02 22
6.03 27
6.04 18
6.05 14
6.06 8
6.07 14
6.08 25
6.09 15
6.1 34
6.11 24
6.12 23
6.13 15
6.14 14
6.15 9
6.16 23
6.17 23
6.18 16
6.19 18
6.2 20
6.21 27
6.22 19
6.23 21
6.24 28
6.25 31
6.26 21
6.27 24
6.28 28
6.29 14
6.3 23
6.31 27
6.32 25
6.33 28
6.34 30
6.35 18
6.36 25
6.37 23
6.38 24
6.39 12
6.4 24
6.41 20
6.42 9
6.43 16
6.44 27
6.45 28
6.46 24
6.47 19
6.48 35
6.49 33
6.5 23
6.51 17
6.52 24
6.53 16
6.54 22
6.55 21
6.56 20
6.57 20
6.58 29
6.59 22
6.6 33
6.61 13
6.62 26
6.63 24
6.64 34
6.65 40
6.66 42
6.67 28
6.68 29
6.69 26
6.7 43
6.71 31
6.72 33
6.73 27
6.74 26
6.75 35
6.76 20
6.77 28
6.78 21
6.79 16
6.8 17
6.81 19
6.82 22
6.83 28
6.84 32
6.85 24
6.86 20
6.87 8
6.88 31
6.89 23
6.9 16
6.91 11
6.92 17
6.93 18
6.94 15
6.95 29
6.96 21
6.97 40
6.98 35
6.99 22
7 20
7.01 21
7.02 23
7.03 16
7.04 26
7.05 23
7.06 24
7.07 39
7.08 38
7.09 47
7.1 39
7.11 23
7.12 23
7.13 29
7.14 30
7.15 19
7.16 22
7.17 22
7.18 17
7.19 24
7.2 31
7.21 19
7.22 29
7.23 29
7.24 20
7.25 13
7.26 17
7.27 21
7.28 19
7.29 30
7.3 23
7.31 21
7.32 19
7.33 18
7.34 11
7.35 13
7.36 15
7.37 21
7.38 25
7.39 18
7.4 13
7.41 18
7.42 19
7.43 20
7.44 30
7.45 36
7.46 31
7.47 31
7.48 18
7.49 26
7.5 14
7.51 20
7.52 29
7.53 20
7.54 25
7.55 11
7.56 23
7.57 20
7.58 23
7.59 16
7.6 14
7.61 20
7.62 27
7.63 22
7.64 23
7.65 21
7.66 32
7.67 29
7.68 32
7.69 29
7.7 23
7.71 19
7.72 16
7.73 18
7.74 20
7.75 24
7.76 32
7.77 42
7.78 37
7.79 25
7.8 25
7.81 26
7.82 37
7.83 46
7.84 49
7.85 48
7.86 29
7.87 44
7.88 39
7.89 46
7.9 42
7.91 42
7.92 37
7.93 29
7.94 29
7.95 17
7.96 16
7.97 15
7.98 14
7.99 17
8 15
8.01 16
8.02 24
8.03 17
8.04 13
8.05 24
8.06 22
8.07 16
8.08 14
8.09 11
8.1 20
8.11 26
8.12 36
8.13 26
8.14 12
8.15 20
8.16 25
8.17 22
8.18 18
8.19 14
8.2 10
8.21 11
8.22 26
8.23 22
8.24 31
8.25 19
8.26 15
8.27 11
8.28 19
8.29 17
8.3 17
8.31 12
8.32 17
8.33 17
8.34 20
8.35 17
8.36 18
8.37 15
8.38 19
8.39 14
8.4 28
8.41 17
8.42 22
8.43 14
8.44 17
8.45 11
8.46 21
8.47 10
8.48 26
8.49 33
8.5 28
8.51 23
8.52 21
8.53 12
8.54 16
8.55 32
8.56 29
8.57 14
8.58 13
8.59 19
8.6 21
8.61 25
8.62 27
8.63 24
8.64 30
8.65 19
8.66 24
8.67 23
8.68 26
8.69 31
8.7 47
8.71 46
8.72 33
8.73 31
8.74 25
8.75 16
8.76 27
8.77 23
8.78 20
8.79 26
8.8 25
8.81 27
8.82 35
8.83 22
8.84 14
8.85 16
8.86 28
8.87 27
8.88 41
8.89 28
8.9 23
8.91 25
8.92 16
8.93 18
8.94 16
8.95 17
8.96 36
8.97 25
8.98 21
8.99 27
9 21
9.01 34
9.02 25
9.03 26
9.04 41
9.05 41
9.06 36
9.07 20
9.08 27
9.09 37
9.1 22
9.11 21
9.12 27
9.13 17
9.14 22
9.15 27
9.16 19
9.17 30
9.18 31
9.19 17
9.2 18
9.21 28
9.22 28
9.23 19
9.24 11
9.25 25
9.26 39
9.27 28
9.28 21
9.29 36
9.3 31
9.31 32
9.32 37
9.33 31
9.34 22
9.35 19
9.36 24
9.37 15
9.38 17
9.39 18
9.4 19
9.41 24
9.42 26
9.43 20
9.44 13
9.45 12
9.46 23
9.47 23
9.48 25
9.49 21
9.5 23
9.51 20
9.52 19
9.53 28
9.54 25
9.55 45
9.56 48
9.57 48
9.58 43
9.59 39
9.6 35
9.61 34
9.62 37
9.63 43
9.64 37
9.65 36
9.66 30
9.67 34
9.68 25
9.69 24
9.7 23
9.71 24
9.72 24
9.73 16
9.74 23
9.75 13
9.76 18
9.77 14
9.78 16
9.79 27
9.8 27
9.81 20
9.82 34
9.83 21
9.84 16
9.85 12
9.86 21
9.87 23
9.88 28
9.89 21
9.9 17
9.91 18
9.92 26
9.93 33
9.94 29
9.95 22
9.96 14
9.97 19
9.98 16
9.99 9
10 13
10.01 20
10.02 17
10.03 25
10.04 27
10.05 41
10.06 44
10.07 33
10.08 35
10.09 32
10.1 38
10.11 49
10.12 42
10.13 46
10.14 45
10.15 30
10.16 20
10.17 24
10.18 32
10.19 33
10.2 52
10.21 33
10.22 20
10.23 21
10.24 25
10.25 23
10.26 22
10.27 32
10.28 23
10.29 18
10.3 17
10.31 20
10.32 17
10.33 24
10.34 26
10.35 14
10.36 16
10.37 12
10.38 17
10.39 10
10.4 21
10.41 22
10.42 16
10.43 27
10.44 31
10.45 29
10.46 20
10.47 25
10.48 26
10.49 20
10.5 24
10.51 28
10.52 24
10.53 20
10.54 24
10.55 16
10.56 9
10.57 14
10.58 11
10.59 17
10.6 15
10.61 24
10.62 33
10.63 40
10.64 43
10.65 38
10.66 18
10.67 17
10.68 30
10.69 26
10.7 25
10.71 25
10.72 21
10.73 29
10.74 31
10.75 44
10.76 43
10.77 49
10.78 30
10.79 28
10.8 17
10.81 22
10.82 15
10.83 30
10.84 31
10.85 24
10.86 14
10.87 18
10.88 19
10.89 17
10.9 24
10.91 25
10.92 28
10.93 38
10.94 33
10.95 35
10.96 34
10.97 21
10.98 23
10.99 25
11 24
11.01 19
11.02 20
11.03 16
11.04 15
11.05 23
11.06 14
11.07 19
11.08 20
11.09 16
11.1 20
11.11 33
11.12 15
11.13 16
11.14 23
11.15 22
11.16 20
11.17 22
11.18 28
11.19 26
11.2 25
11.21 16
11.22 19
11.23 27
11.24 16
11.25 25
11.26 43
11.27 28
11.28 23
11.29 24
11.3 24
11.31 24
11.32 23
11.33 30
11.34 19
11.35 22
11.36 25
11.37 26
11.38 21
11.39 23
11.4 22
11.41 21
11.42 24
11.43 21
11.44 10
11.45 12
11.46 19
11.47 14
11.48 26
11.49 17
11.5 20
11.51 14
11.52 25
11.53 39
11.54 25
11.55 32
11.56 31
11.57 40
11.58 39
11.59 36
11.6 44
11.61 42
11.62 49
11.63 56
11.64 55
11.65 34
11.66 37
11.67 44
11.68 36
11.69 37
11.7 42
11.71 37
11.72 33
11.73 29
11.74 40
11.75 23
11.76 13
11.77 20
11.78 23
11.79 23
11.8 44
11.81 40
11.82 20
11.83 21
11.84 19
11.85 16
11.86 18
11.87 24
11.88 15
11.89 21
11.9 16
11.91 23
11.92 18
11.93 16
11.94 18
11.95 20
11.96 28
11.97 31
11.98 18
11.99 22
12 23
12.01 23
12.02 21
12.03 27
12.04 30
12.05 22
12.06 21
12.07 20
12.08 23
12.09 8
12.1 17
12.11 14
12.12 36
12.13 34
12.14 28
12.15 23
12.16 11
12.17 13
12.18 16
12.19 18
12.2 20
12.21 21
12.22 22
12.23 22
12.24 23
12.25 19
12.26 30
12.27 16
12.28 32
12.29 44
12.3 31
12.31 25
12.32 20
12.33 22
12.34 25
12.35 31
12.36 32
12.37 38
12.38 28
12.39 33
12.4 26
12.41 20
12.42 37
12.43 38
12.44 29
12.45 34
12.46 27
12.47 32
12.48 26
12.49 32
12.5 26
12.51 22
12.52 19
12.53 12
12.54 23
12.55 29
12.56 29
12.57 22
12.58 23
12.59 20
12.6 29
12.61 15
12.62 20
12.63 13
12.64 12
12.65 22
12.66 13
12.67 15
12.68 11
12.69 23
12.7 10
12.71 14
12.72 18
12.73 14
12.74 15
12.75 20
12.76 20
12.77 21
12.78 19
12.79 24
12.8 27
12.81 22
12.82 24
12.83 15
12.84 16
12.85 26
12.86 27
12.87 20
12.88 25
12.89 41
12.9 44
12.91 34
12.92 37
12.93 31
12.94 35
12.95 26
12.96 22
12.97 15
12.98 13
12.99 17
13 10
13.01 15
13.02 23
13.03 17
13.04 21
13.05 28
13.06 17
13.07 14
13.08 27
13.09 26
13.1 21
13.11 16
13.12 27
13.13 30
13.14 35
13.15 27
13.16 25
13.17 25
13.18 35
13.19 33
13.2 37
13.21 33
13.22 22
13.23 26
13.24 32
13.25 26
13.26 23
13.27 24
13.28 33
13.29 26
13.3 24
13.31 12
13.32 15
13.33 29
13.34 23
13.35 10
13.36 16
13.37 28
13.38 25
13.39 18
13.4 21
13.41 18
13.42 18
13.43 22
13.44 19
13.45 14
13.46 16
13.47 19
13.48 13
13.49 13
13.5 12
13.51 28
13.52 28
13.53 31
13.54 20
13.55 22
13.56 35
13.57 33
13.58 25
13.59 31
13.6 23
13.61 24
13.62 26
13.63 33
13.64 43
13.65 38
13.66 30
13.67 35
13.68 24
13.69 25
13.7 24
13.71 23
13.72 22
13.73 24
13.74 22
13.75 22
13.76 16
13.77 14
13.78 14
13.79 15
13.8 16
13.81 21
13.82 21
13.83 20
13.84 22
13.85 14
13.86 13
13.87 12
13.88 19
13.89 20
13.9 14
13.91 19
13.92 25
13.93 14
13.94 36
13.95 23
13.96 17
13.97 18
13.98 14
13.99 19
14 26
14.01 20
14.02 27
14.03 32
14.04 18
14.05 17
14.06 15
14.07 17
14.08 19
14.09 28
14.1 25
14.11 27
14.12 27
14.13 15
14.14 15
14.15 13
14.16 25
14.17 16
14.18 18
14.19 13
14.2 26
14.21 16
14.22 23
14.23 23
14.24 28
14.25 28
14.26 31
14.27 37
14.28 59
14.29 54
14.3 54
14.31 70
14.32 77
14.33 70
14.34 71
14.35 70
14.36 58
14.37 53
14.38 43
14.39 57
14.4 61
14.41 62
14.42 53
14.43 45
14.44 35
14.45 29
14.46 26
14.47 23
14.48 32
14.49 37
14.5 35
14.51 38
14.52 56
14.53 44
14.54 38
14.55 28
14.56 36
14.57 29
14.58 22
14.59 12
14.6 21
14.61 24
14.62 27
14.63 25
14.64 20
14.65 22
14.66 17
14.67 21
14.68 14
14.69 16
14.7 18
14.71 21
14.72 20
14.73 18
14.74 22
14.75 19
14.76 17
14.77 11
14.78 19
14.79 11
14.8 20
14.81 19
14.82 10
14.83 18
14.84 22
14.85 19
14.86 17
14.87 9
14.88 16
14.89 18
14.9 14
14.91 10
14.92 19
14.93 19
14.94 21
14.95 28
14.96 28
14.97 33
14.98 33
14.99 45
15 42
15.01 39
15.02 30
15.03 25
15.04 42
15.05 45
15.06 38
15.07 32
15.08 42
15.09 38
15.1 59
15.11 63
15.12 68
15.13 63
15.14 75
15.15 83
15.16 84
15.17 70
15.18 78
15.19 85
15.2 67
15.21 79
15.22 84
15.23 87
15.24 96
15.25 96
15.26 98
15.27 98
15.28 90
15.29 96
15.3 95
15.31 96
15.32 90
15.33 83
15.34 75
15.35 68
15.36 71
15.37 53
15.38 42
15.39 18
15.4 11
15.41 14
15.42 29
15.43 25
15.44 10
15.45 14
15.46 23
15.47 16
15.48 23
15.49 34
15.5 37
15.51 24
15.52 43
15.53 30
15.54 29
15.55 21
15.56 23
15.57 31
15.58 38
15.59 40
15.6 37
15.61 27
15.62 23
15.63 17
15.64 20
15.65 22
15.66 23
15.67 22
15.68 20
15.69 26
15.7 23
15.71 24
15.72 28
15.73 31
15.74 25
15.75 14
15.76 20
15.77 29
15.78 28
15.79 43
15.8 37
15.81 39
15.82 48
15.83 46
15.84 47
15.85 33
15.86 39
15.87 31
15.88 27
15.89 24
15.9 21
15.91 17
15.92 34
15.93 37
15.94 48
15.95 61
15.96 59
15.97 61
15.98 56
15.99 75
16 70
16.01 74
16.02 66
16.03 63
16.04 61
16.05 48
16.06 55
16.07 46
16.08 50
16.09 27
16.1 11
16.11 17
16.12 18
16.13 14
16.14 15
16.15 16
16.16 22
16.17 23
16.18 29
16.19 22
16.2 22
16.21 23
16.22 20
16.23 11
16.24 20
16.25 20
16.26 26
16.27 28
16.28 31
16.29 18
16.3 25
16.31 27
16.32 28
16.33 17
16.34 12
16.35 21
16.36 19
16.37 18
16.38 20
16.39 15
16.4 20
16.41 16
16.42 28
16.43 26
16.44 9
16.45 17
16.46 27
16.47 23
16.48 12
16.49 9
16.5 25
16.51 37
16.52 30
16.53 28
16.54 29
16.55 26
16.56 32
16.57 32
16.58 19
16.59 27
16.6 33
16.61 27
16.62 36
16.63 22
16.64 17
16.65 17
16.66 15
16.67 30
16.68 23
16.69 19
16.7 26
16.71 35
16.72 25
16.73 32
16.74 27
16.75 16
16.76 22
16.77 18
16.78 14
16.79 38
16.8 52
16.81 44
16.82 52
16.83 38
16.84 42
16.85 34
16.86 19
16.87 26
16.88 30
16.89 22
16.9 17
16.91 19
16.92 17
16.93 13
16.94 15
16.95 24
16.96 17
16.97 25
16.98 25
16.99 31
17 36
17.01 31
17.02 21
17.03 17
17.04 22
17.05 30
17.06 29
17.07 21
17.08 31
17.09 32
17.1 24
17.11 18
17.12 15
17.13 16
17.14 18
17.15 20
17.16 20
17.17 25
17.18 23
17.19 28
17.2 32
17.21 26
17.22 23
17.23 17
17.24 22
17.25 18
17.26 18
17.27 26
17.28 14
17.29 18
17.3 14
17.31 22
17.32 24
17.33 32
17.34 19
17.35 17
17.36 29
17.37 28
17.38 25
17.39 21
17.4 36
17.41 23
17.42 37
17.43 49
17.44 61
17.45 66
17.46 72
17.47 72
17.48 65
17.49 52
17.5 39
17.51 42
17.52 56
17.53 51
17.54 22
17.55 25
17.56 30
17.57 14
17.58 19
17.59 31
17.6 46
17.61 38
17.62 44
17.63 60
17.64 52
17.65 51
17.66 40
17.67 34
17.68 25
17.69 20
17.7 28
17.71 22
17.72 25
17.73 15
17.74 20
17.75 18
17.76 20
17.77 35
17.78 28
17.79 25
17.8 25
17.81 14
17.82 23
17.83 24
17.84 17
17.85 20
17.86 14
17.87 24
17.88 26
17.89 17
17.9 24
17.91 20
17.92 23
17.93 39
17.94 43
17.95 31
17.96 32
17.97 40
17.98 36
17.99 36
18 40
18.01 45
18.02 34
18.03 38
18.04 31
18.05 30
18.06 21
18.07 19
18.08 23
18.09 21
18.1 13
18.11 11
18.12 13
18.13 15
18.14 20
18.15 19
18.16 21
18.17 25
18.18 26
18.19 21
18.2 16
18.21 16
18.22 14
18.23 16
18.24 11
18.25 17
18.26 14
18.27 9
18.28 11
18.29 14
18.3 9
18.31 14
18.32 11
18.33 19
18.34 18
18.35 23
18.36 24
18.37 34
18.38 28
18.39 28
18.4 33
18.41 31
18.42 29
18.43 13
18.44 21
18.45 19
18.46 17
18.47 28
18.48 31
18.49 23
18.5 16
18.51 15
18.52 23
18.53 19
18.54 26
18.55 25
18.56 28
18.57 19
18.58 24
18.59 37
18.6 35
18.61 32
18.62 22
18.63 21
18.64 25
18.65 25
18.66 32
18.67 17
18.68 11
18.69 15
18.7 14
18.71 16
18.72 19
18.73 16
18.74 20
18.75 13
18.76 19
18.77 24
18.78 25
18.79 22
18.8 32
18.81 34
18.82 24
18.83 31
18.84 33
18.85 36
18.86 27
18.87 27
18.88 20
18.89 15
18.9 11
18.91 10
18.92 12
18.93 7
18.94 16
18.95 22
18.96 33
18.97 26
18.98 36
18.99 33
19 22
19.01 12
19.02 28
19.03 30
19.04 30
19.05 25
19.06 22
19.07 19
19.08 27
19.09 25
19.1 25
19.11 31
19.12 25
19.13 18
19.14 19
19.15 18
19.16 20
19.17 10
19.18 21
19.19 16
19.2 23
19.21 15
19.22 16
19.23 26
19.24 23
19.25 27
19.26 25
19.27 27
19.28 32
19.29 18
19.3 16
19.31 18
19.32 18
19.33 23
19.34 26
19.35 16
19.36 22
19.37 20
19.38 22
19.39 32
19.4 18
19.41 24
19.42 26
19.43 33
19.44 32
19.45 17
19.46 17
19.47 23
19.48 20
19.49 12
19.5 19
19.51 20
19.52 17
19.53 23
19.54 19
19.55 25
19.56 25
19.57 26
19.58 17
19.59 10
19.6 18
19.61 25
19.62 16
19.63 24
19.64 22
19.65 23
19.66 21
19.67 18
19.68 20
19.69 24
19.7 34
19.71 32
19.72 21
19.73 27
19.74 28
19.75 15
19.76 9
19.77 20
19.78 13
19.79 14
19.8 7
19.81 26
19.82 29
19.83 26
19.84 26
19.85 21
19.86 28
19.87 18
19.88 12
19.89 13
19.9 18
19.91 24
19.92 34
19.93 25
19.94 21
19.95 18
19.96 19
19.97 22
19.98 32
19.99 25
20 28
