0 0
0.0001 0
0.0002 0
0.0003 0
0.0004 0
0.0005 0
0.0006 0
0.0007 0
0.0008 0
0.0009 0
0.001 1
0.0011 1
0.0012 1
0.0013 1
0.0014 1
0.0015 1
0.0016 1
0.0017 0
0.0018 1
0.0019 2
0.002 2
0.0021 3
0.0022 3
0.0023 3
0.0024 3
0.0025 3
0.0026 3
0.0027 3
0.0028 3
0.0029 3
0.003 3
0.0031 3
0.0032 5
0.0033 5
0.0034 5
0.0035 5
0.0036 5
0.0037 5
0.0038 5
0.0039 5
0.004 4
0.0041 5
0.0042 6
0.0043 6
0.0044 5
0.0045 5
0.0046 5
0.0047 5
0.0048 5
0.0049 5
0.005 5
0.0051 5
0.0052 5
0.0053 5
0.0054 5
0.0055 5
0.0056 5
0.0057 5
0.0058 5
0.0059 5
0.006 5
0.0061 5
0.0062 5
0.0063 5
0.0064 5
0.0065 5
0.0066 6
0.0067 6
0.0068 6
0.0069 6
0.007 6
0.0071 6
0.0072 7
0.0073 7
0.0074 8
0.0075 8
0.0076 8
0.0077 8
0.0078 7
0.0079 7
0.008 7
0.0081 7
0.0082 7
0.0083 7
0.0084 7
0.0085 7
0.0086 7
0.0087 7
0.0088 7
0.0089 7
0.009 7
0.0091 7
0.0092 7
0.0093 7
0.0094 6
0.0095 5
0.0096 5
0.0097 5
0.0098 5
0.0099 5
0.01 5
0.0101 5
0.0102 7
0.0103 7
0.0104 7
0.0105 8
0.0106 8
0.0107 8
0.0108 8
0.0109 9
0.011 9
0.0111 9
0.0112 9
0.0113 9
0.0114 9
0.0115 9
0.0116 9
0.0117 9
0.0118 9
0.0119 9
0.012 8
0.0121 8
0.0122 8
0.0123 8
0.0124 7
0.0125 7
0.0126 7
0.0127 7
0.0128 7
0.0129 7
0.013 7
0.0131 7
0.0132 7
0.0133 8
0.0134 8
0.0135 8
0.0136 8
0.0137 8
0.0138 8
0.0139 8
0.014 8
0.0141 8
0.0142 8
0.0143 8
0.0144 8
0.0145 8
0.0146 8
0.0147 8
0.0148 8
0.0149 9
0.015 9
0.0151 9
0.0152 8
0.0153 8
0.0154 8
0.0155 7
0.0156 7
0.0157 7
0.0158 7
0.0159 6
0.016 6
0.0161 6
0.0162 6
0.0163 6
0.0164 6
0.0165 6
0.0166 6
0.0167 6
0.0168 7
0.0169 7
0.017 7
0.0171 7
0.0172 7
0.0173 7
0.0174 7
0.0175 7
0.0176 7
0.0177 7
0.0178 7
0.0179 7
0.018 7
0.0181 7
0.0182 7
0.0183 7
0.0184 7
0.0185 7
0.0186 7
0.0187 7
0.0188 8
0.0189 8
0.019 8
0.0191 8
0.0192 7
0.0193 7
0.0194 7
0.0195 7
0.0196 7
0.0197 6
0.0198 6
0.0199 6
0.02 5
0.0201 5
0.0202 5
0.0203 4
0.0204 4
0.0205 5
0.0206 5
0.0207 5
0.0208 5
0.0209 5
0.021 6
0.0211 6
0.0212 6
0.0213 7
0.0214 8
0.0215 8
0.0216 8
0.0217 8
0.0218 8
0.0219 9
0.022 10
0.0221 10
0.0222 9
0.0223 8
0.0224 8
0.0225 8
0.0226 8
0.0227 8
0.0228 9
0.0229 9
0.023 8
0.0231 8
0.0232 8
0.0233 9
0.0234 9
0.0235 8
0.0236 8
0.0237 8
0.0238 9
0.0239 10
0.024 10
0.0241 10
0.0242 10
0.0243 10
0.0244 10
0.0245 10
0.0246 10
0.0247 10
0.0248 10
0.0249 11
0.025 11
0.0251 12
0.0252 12
0.0253 12
0.0254 11
0.0255 11
0.0256 11
0.0257 11
0.0258 12
0.0259 12
0.026 12
0.0261 12
0.0262 12
0.0263 12
0.0264 12
0.0265 12
0.0266 12
0.0267 12
0.0268 12
0.0269 12
0.027 13
0.0271 13
0.0272 13
0.0273 13
0.0274 13
0.0275 12
0.0276 12
0.0277 12
0.0278 12
0.0279 12
0.028 13
0.0281 13
0.0282 12
0.0283 12
0.0284 12
0.0285 12
0.0286 12
0.0287 12
0.0288 12
0.0289 12
0.029 12
0.0291 12
0.0292 11
0.0293 11
0.0294 11
0.0295 11
0.0296 11
0.0297 11
0.0298 11
0.0299 11
0.03 10
0.0301 10
0.0302 10
0.0303 11
0.0304 11
0.0305 11
0.0306 12
0.0307 12
0.0308 12
0.0309 12
0.031 12
0.0311 13
0.0312 13
0.0313 13
0.0314 13
0.0315 13
0.0316 13
0.0317 13
0.0318 13
0.0319 13
0.032 13
0.0321 13
0.0322 13
0.0323 12
0.0324 13
0.0325 13
0.0326 13
0.0327 13
0.0328 13
0.0329 13
0.033 13
0.0331 13
0.0332 13
0.0333 14
0.0334 14
0.0335 14
0.0336 14
0.0337 14
0.0338 14
0.0339 14
0.034 15
0.0341 15
0.0342 15
0.0343 15
0.0344 15
0.0345 15
0.0346 15
0.0347 15
0.0348 15
0.0349 15
0.035 15
0.0351 15
0.0352 15
0.0353 15
0.0354 15
0.0355 15
0.0356 15
0.0357 15
0.0358 15
0.0359 15
0.036 15
0.0361 15
0.0362 15
0.0363 15
0.0364 15
0.0365 15
0.0366 14
0.0367 14
0.0368 14
0.0369 14
0.037 14
0.0371 14
0.0372 14
0.0373 14
0.0374 14
0.0375 14
0.0376 13
0.0377 13
0.0378 13
0.0379 13
0.038 13
0.0381 12
0.0382 12
0.0383 13
0.0384 13
0.0385 13
0.0386 13
0.0387 13
0.0388 13
0.0389 13
0.039 14
0.0391 14
0.0392 14
0.0393 14
0.0394 14
0.0395 14
0.0396 14
0.0397 14
0.0398 15
0.0399 15
0.04 15
0.0401 15
0.0402 15
0.0403 15
0.0404 15
0.0405 16
0.0406 15
0.0407 15
0.0408 15
0.0409 15
0.041 15
0.0411 15
0.0412 15
0.0413 15
0.0414 15
0.0415 15
0.0416 14
0.0417 13
0.0418 13
0.0419 13
0.042 13
0.0421 13
0.0422 13
0.0423 13
0.0424 13
0.0425 13
0.0426 13
0.0427 14
0.0428 14
0.0429 14
0.043 14
0.0431 14
0.0432 14
0.0433 14
0.0434 14
0.0435 14
0.0436 14
0.0437 14
0.0438 14
0.0439 15
0.044 15
0.0441 15
0.0442 15
0.0443 15
0.0444 15
0.0445 15
0.0446 15
0.0447 15
0.0448 15
0.0449 15
0.045 15
0.0451 15
0.0452 15
0.0453 15
0.0454 15
0.0455 15
0.0456 14
0.0457 14
0.0458 14
0.0459 14
0.046 14
0.0461 14
0.0462 14
0.0463 13
0.0464 13
0.0465 13
0.0466 14
0.0467 14
0.0468 14
0.0469 14
0.047 14
0.0471 13
0.0472 13
0.0473 13
0.0474 13
0.0475 14
0.0476 14
0.0477 14
0.0478 14
0.0479 14
0.048 14
0.0481 14
0.0482 14
0.0483 14
0.0484 14
0.0485 14
0.0486 14
0.0487 12
0.0488 11
0.0489 11
0.049 11
0.0491 11
0.0492 11
0.0493 11
0.0494 11
0.0495 11
0.0496 11
0.0497 11
0.0498 11
0.0499 11
0.05 11
0.0501 11
0.0502 11
0.0503 11
0.0504 11
0.0505 11
0.0506 11
0.0507 11
0.0508 11
0.0509 11
0.051 11
0.0511 11
0.0512 11
0.0513 11
0.0514 11
0.0515 11
0.0516 11
0.0517 11
0.0518 11
0.0519 11
0.052 11
0.0521 11
0.0522 11
0.0523 11
0.0524 11
0.0525 11
0.0526 10
0.0527 10
0.0528 11
0.0529 11
0.053 11
0.0531 11
0.0532 11
0.0533 10
0.0534 10
0.0535 10
0.0536 10
0.0537 10
0.0538 10
0.0539 10
0.054 10
0.0541 8
0.0542 8
0.0543 8
0.0544 8
0.0545 9
0.0546 9
0.0547 9
0.0548 9
0.0549 9
0.055 9
0.0551 8
0.0552 8
0.0553 8
0.0554 8
0.0555 8
0.0556 8
0.0557 8
0.0558 8
0.0559 8
0.056 7
0.0561 7
0.0562 7
0.0563 7
0.0564 7
0.0565 7
0.0566 7
0.0567 7
0.0568 8
0.0569 8
0.057 8
0.0571 8
0.0572 8
0.0573 8
0.0574 8
0.0575 8
0.0576 8
0.0577 8
0.0578 8
0.0579 8
0.058 8
0.0581 9
0.0582 9
0.0583 9
0.0584 9
0.0585 9
0.0586 9
0.0587 9
0.0588 9
0.0589 9
0.059 9
0.0591 10
0.0592 10
0.0593 10
0.0594 10
0.0595 10
0.0596 10
0.0597 10
0.0598 10
0.0599 10
0.06 10
0.0601 10
0.0602 10
0.0603 10
0.0604 11
0.0605 11
0.0606 11
0.0607 11
0.0608 11
0.0609 10
0.061 10
0.0611 11
0.0612 11
0.0613 11
0.0614 11
0.0615 11
0.0616 11
0.0617 11
0.0618 11
0.0619 11
0.062 12
0.0621 12
0.0622 13
0.0623 13
0.0624 13
0.0625 13
0.0626 14
0.0627 14
0.0628 14
0.0629 15
0.063 15
0.0631 15
0.0632 15
0.0633 14
0.0634 14
0.0635 14
0.0636 14
0.0637 14
0.0638 14
0.0639 14
0.064 14
0.0641 14
0.0642 14
0.0643 14
0.0644 14
0.0645 14
0.0646 14
0.0647 14
0.0648 15
0.0649 15
0.065 15
0.0651 15
0.0652 15
0.0653 14
0.0654 14
0.0655 14
0.0656 14
0.0657 14
0.0658 14
0.0659 14
0.066 14
0.0661 14
0.0662 14
0.0663 14
0.0664 14
0.0665 14
0.0666 14
0.0667 14
0.0668 14
0.0669 14
0.067 14
0.0671 14
0.0672 14
0.0673 14
0.0674 14
0.0675 14
0.0676 14
0.0677 14
0.0678 14
0.0679 14
0.068 14
0.0681 14
0.0682 14
0.0683 14
0.0684 14
0.0685 14
0.0686 14
0.0687 14
0.0688 14
0.0689 14
0.069 14
0.0691 14
0.0692 14
0.0693 14
0.0694 14
0.0695 14
0.0696 14
0.0697 14
0.0698 14
0.0699 14
0.07 14
0.0701 13
0.0702 13
0.0703 13
0.0704 13
0.0705 13
0.0706 13
0.0707 13
0.0708 12
0.0709 12
0.071 12
0.0711 12
0.0712 12
0.0713 12
0.0714 12
0.0715 13
0.0716 13
0.0717 13
0.0718 12
0.0719 12
0.072 12
0.0721 12
0.0722 12
0.0723 12
0.0724 12
0.0725 12
0.0726 12
0.0727 12
0.0728 13
0.0729 13
0.073 12
0.0731 12
0.0732 12
0.0733 12
0.0734 12
0.0735 12
0.0736 12
0.0737 12
0.0738 12
0.0739 12
0.074 12
0.0741 12
0.0742 12
0.0743 12
0.0744 12
0.0745 12
0.0746 12
0.0747 12
0.0748 12
0.0749 12
0.075 11
0.0751 11
0.0752 10
0.0753 10
0.0754 10
0.0755 10
0.0756 12
0.0757 12
0.0758 12
0.0759 12
0.076 12
0.0761 12
0.0762 12
0.0763 12
0.0764 12
0.0765 12
0.0766 12
0.0767 12
0.0768 12
0.0769 13
0.077 12
0.0771 12
0.0772 12
0.0773 12
0.0774 12
0.0775 12
0.0776 12
0.0777 12
0.0778 12
0.0779 12
0.078 12
0.0781 12
0.0782 12
0.0783 12
0.0784 12
0.0785 12
0.0786 12
0.0787 12
0.0788 12
0.0789 12
0.079 12
0.0791 12
0.0792 12
0.0793 13
0.0794 13
0.0795 12
0.0796 12
0.0797 12
0.0798 13
0.0799 13
0.08 13
0.0801 13
0.0802 12
0.0803 12
0.0804 13
0.0805 13
0.0806 13
0.0807 13
0.0808 13
0.0809 13
0.081 13
0.0811 13
0.0812 13
0.0813 13
0.0814 13
0.0815 13
0.0816 13
0.0817 13
0.0818 13
0.0819 12
0.082 12
0.0821 12
0.0822 11
0.0823 11
0.0824 11
0.0825 11
0.0826 11
0.0827 12
0.0828 12
0.0829 12
0.083 12
0.0831 12
0.0832 12
0.0833 12
0.0834 11
0.0835 11
0.0836 11
0.0837 11
0.0838 11
0.0839 11
0.084 11
0.0841 11
0.0842 11
0.0843 12
0.0844 12
0.0845 12
0.0846 12
0.0847 12
0.0848 12
0.0849 11
0.085 11
0.0851 11
0.0852 11
0.0853 11
0.0854 10
0.0855 10
0.0856 10
0.0857 11
0.0858 11
0.0859 11
0.086 10
0.0861 10
0.0862 11
0.0863 11
0.0864 11
0.0865 11
0.0866 11
0.0867 11
0.0868 11
0.0869 11
0.087 10
0.0871 11
0.0872 11
0.0873 11
0.0874 11
0.0875 11
0.0876 12
0.0877 12
0.0878 12
0.0879 12
0.088 12
0.0881 12
0.0882 12
0.0883 12
0.0884 12
0.0885 12
0.0886 13
0.0887 13
0.0888 13
0.0889 13
0.089 13
0.0891 13
0.0892 13
0.0893 13
0.0894 13
0.0895 13
0.0896 13
0.0897 13
0.0898 13
0.0899 13
0.09 13
0.0901 13
0.0902 13
0.0903 13
0.0904 14
0.0905 14
0.0906 14
0.0907 13
0.0908 13
0.0909 13
0.091 13
0.0911 13
0.0912 13
0.0913 13
0.0914 13
0.0915 13
0.0916 12
0.0917 12
0.0918 12
0.0919 12
0.092 11
0.0921 10
0.0922 10
0.0923 10
0.0924 10
0.0925 10
0.0926 10
0.0927 9
0.0928 9
0.0929 9
0.093 9
0.0931 9
0.0932 9
0.0933 9
0.0934 9
0.0935 9
0.0936 9
0.0937 9
0.0938 9
0.0939 9
0.094 9
0.0941 9
0.0942 9
0.0943 9
0.0944 9
0.0945 9
0.0946 9
0.0947 9
0.0948 9
0.0949 9
0.095 9
0.0951 10
0.0952 10
0.0953 10
0.0954 10
0.0955 9
0.0956 9
0.0957 9
0.0958 9
0.0959 9
0.096 9
0.0961 9
0.0962 9
0.0963 9
0.0964 10
0.0965 10
0.0966 10
0.0967 10
0.0968 10
0.0969 10
0.097 10
0.0971 10
0.0972 10
0.0973 10
0.0974 10
0.0975 10
0.0976 11
0.0977 11
0.0978 11
0.0979 11
0.098 11
0.0981 11
0.0982 11
0.0983 11
0.0984 12
0.0985 12
0.0986 12
0.0987 13
0.0988 13
0.0989 13
0.099 13
0.0991 13
0.0992 13
0.0993 13
0.0994 13
0.0995 13
0.0996 12
0.0997 12
0.0998 12
0.0999 12
0.1 12
