0 0
0.0001 0
0.0002 0
0.0003 0
0.0004 0
0.0005 0
0.0006 0
0.0007 0
0.0008 0
0.0009 0
0.001 0
0.0011 0
0.0012 0
0.0013 0
0.0014 0
0.0015 0
0.0016 0
0.0017 0
0.0018 0
0.0019 0
0.002 0
0.0021 0
0.0022 0
0.0023 0
0.0024 0
0.0025 0
0.0026 0
0.0027 0
0.0028 0
0.0029 0
0.003 0
0.0031 0
0.0032 0
0.0033 0
0.0034 0
0.0035 0
0.0036 0
0.0037 0
0.0038 0
0.0039 1
0.004 1
0.0041 1
0.0042 1
0.0043 1
0.0044 1
0.0045 0
0.0046 0
0.0047 0
0.0048 0
0.0049 0
0.005 0
0.0051 0
0.0052 0
0.0053 0
0.0054 0
0.0055 0
0.0056 0
0.0057 0
0.0058 0
0.0059 0
0.006 0
0.0061 0
0.0062 0
0.0063 1
0.0064 1
0.0065 1
0.0066 1
0.0067 1
0.0068 1
0.0069 1
0.007 1
0.0071 1
0.0072 1
0.0073 1
0.0074 1
0.0075 1
0.0076 1
0.0077 1
0.0078 2
0.0079 2
0.008 2
0.0081 3
0.0082 3
0.0083 1
0.0084 1
0.0085 1
0.0086 1
0.0087 1
0.0088 1
0.0089 2
0.009 2
0.0091 1
0.0092 1
0.0093 1
0.0094 1
0.0095 1
0.0096 2
0.0097 2
0.0098 3
0.0099 3
0.01 2
0.0101 1
0.0102 1
0.0103 1
0.0104 1
0.0105 0
0.0106 0
0.0107 1
0.0108 1
0.0109 1
0.011 0
0.0111 0
0.0112 0
0.0113 1
0.0114 1
0.0115 1
0.0116 1
0.0117 1
0.0118 1
0.0119 1
0.012 2
0.0121 2
0.0122 2
0.0123 2
0.0124 2
0.0125 1
0.0126 1
0.0127 2
0.0128 3
0.0129 5
0.013 5
0.0131 4
0.0132 4
0.0133 4
0.0134 4
0.0135 4
0.0136 3
0.0137 2
0.0138 2
0.0139 2
0.014 2
0.0141 3
0.0142 3
0.0143 3
0.0144 2
0.0145 3
0.0146 3
0.0147 3
0.0148 4
0.0149 4
0.015 5
0.0151 5
0.0152 5
0.0153 6
0.0154 6
0.0155 5
0.0156 5
0.0157 5
0.0158 5
0.0159 5
0.016 4
0.0161 3
0.0162 3
0.0163 2
0.0164 2
0.0165 2
0.0166 2
0.0167 2
0.0168 2
0.0169 2
0.017 3
0.0171 4
0.0172 3
0.0173 3
0.0174 3
0.0175 3
0.0176 3
0.0177 3
0.0178 3
0.0179 3
0.018 3
0.0181 3
0.0182 3
0.0183 3
0.0184 5
0.0185 5
0.0186 5
0.0187 5
0.0188 5
0.0189 5
0.019 4
0.0191 3
0.0192 3
0.0193 3
0.0194 4
0.0195 4
0.0196 4
0.0197 4
0.0198 4
0.0199 4
0.02 4
0.0201 4
0.0202 5
0.0203 6
0.0204 6
0.0205 8
0.0206 7
0.0207 6
0.0208 7
0.0209 6
0.021 7
0.0211 7
0.0212 7
0.0213 7
0.0214 7
0.0215 7
0.0216 8
0.0217 9
0.0218 9
0.0219 9
0.022 10
0.0221 8
0.0222 9
0.0223 8
0.0224 8
0.0225 8
0.0226 7
0.0227 8
0.0228 10
0.0229 10
0.023 11
0.0231 11
0.0232 12
0.0233 12
0.0234 11
0.0235 11
0.0236 12
0.0237 12
0.0238 14
0.0239 14
0.024 15
0.0241 12
0.0242 12
0.0243 13
0.0244 13
0.0245 13
0.0246 14
0.0247 14
0.0248 16
0.0249 15
0.025 15
0.0251 15
0.0252 15
0.0253 15
0.0254 15
0.0255 15
0.0256 14
0.0257 14
0.0258 14
0.0259 14
0.026 14
0.0261 14
0.0262 14
0.0263 16
0.0264 16
0.0265 17
0.0266 17
0.0267 18
0.0268 18
0.0269 18
0.027 18
0.0271 17
0.0272 18
0.0273 17
0.0274 17
0.0275 19
0.0276 19
0.0277 18
0.0278 18
0.0279 19
0.028 19
0.0281 19
0.0282 19
0.0283 18
0.0284 19
0.0285 20
0.0286 19
0.0287 18
0.0288 18
0.0289 21
0.029 21
0.0291 22
0.0292 20
0.0293 20
0.0294 22
0.0295 24
0.0296 25
0.0297 27
0.0298 26
0.0299 26
0.03 26
0.0301 26
0.0302 25
0.0303 24
0.0304 23
0.0305 23
0.0306 22
0.0307 22
0.0308 22
0.0309 22
0.031 21
0.0311 20
0.0312 20
0.0313 22
0.0314 22
0.0315 21
0.0316 21
0.0317 22
0.0318 20
0.0319 20
0.032 20
0.0321 21
0.0322 20
0.0323 21
0.0324 22
0.0325 21
0.0326 22
0.0327 21
0.0328 21
0.0329 19
0.033 17
0.0331 16
0.0332 15
0.0333 14
0.0334 13
0.0335 12
0.0336 12
0.0337 15
0.0338 16
0.0339 16
0.034 18
0.0341 18
0.0342 20
0.0343 20
0.0344 20
0.0345 21
0.0346 20
0.0347 19
0.0348 19
0.0349 18
0.035 20
0.0351 21
0.0352 21
0.0353 23
0.0354 22
0.0355 22
0.0356 22
0.0357 21
0.0358 19
0.0359 20
0.036 20
0.0361 20
0.0362 21
0.0363 20
0.0364 21
0.0365 21
0.0366 22
0.0367 21
0.0368 21
0.0369 21
0.037 20
0.0371 21
0.0372 19
0.0373 17
0.0374 18
0.0375 18
0.0376 18
0.0377 16
0.0378 17
0.0379 15
0.038 15
0.0381 16
0.0382 13
0.0383 14
0.0384 15
0.0385 15
0.0386 15
0.0387 15
0.0388 16
0.0389 17
0.039 20
0.0391 19
0.0392 19
0.0393 19
0.0394 18
0.0395 17
0.0396 16
0.0397 16
0.0398 16
0.0399 18
0.04 19
0.0401 19
0.0402 19
0.0403 18
0.0404 20
0.0405 20
0.0406 18
0.0407 18
0.0408 19
0.0409 19
0.041 21
0.0411 21
0.0412 23
0.0413 22
0.0414 21
0.0415 21
0.0416 21
0.0417 21
0.0418 20
0.0419 20
0.042 19
0.0421 18
0.0422 20
0.0423 21
0.0424 19
0.0425 19
0.0426 16
0.0427 13
0.0428 14
0.0429 13
0.043 14
0.0431 14
0.0432 15
0.0433 14
0.0434 13
0.0435 13
0.0436 13
0.0437 13
0.0438 13
0.0439 14
0.044 14
0.0441 17
0.0442 19
0.0443 19
0.0444 18
0.0445 18
0.0446 19
0.0447 17
0.0448 19
0.0449 20
0.045 21
0.0451 22
0.0452 23
0.0453 25
0.0454 25
0.0455 24
0.0456 26
0.0457 26
0.0458 27
0.0459 25
0.046 25
0.0461 23
0.0462 23
0.0463 24
0.0464 24
0.0465 24
0.0466 23
0.0467 23
0.0468 23
0.0469 24
0.047 22
0.0471 22
0.0472 22
0.0473 24
0.0474 26
0.0475 27
0.0476 27
0.0477 25
0.0478 25
0.0479 25
0.048 26
0.0481 24
0.0482 22
0.0483 23
0.0484 25
0.0485 25
0.0486 26
0.0487 25
0.0488 25
0.0489 24
0.049 23
0.0491 23
0.0492 25
0.0493 25
0.0494 24
0.0495 24
0.0496 24
0.0497 23
0.0498 24
0.0499 25
0.05 27
0.0501 26
0.0502 24
0.0503 24
0.0504 24
0.0505 24
0.0506 26
0.0507 23
0.0508 24
0.0509 24
0.051 23
0.0511 24
0.0512 25
0.0513 27
0.0514 25
0.0515 25
0.0516 25
0.0517 25
0.0518 25
0.0519 24
0.052 24
0.0521 25
0.0522 27
0.0523 25
0.0524 23
0.0525 23
0.0526 23
0.0527 21
0.0528 20
0.0529 19
0.053 21
0.0531 21
0.0532 21
0.0533 21
0.0534 19
0.0535 18
0.0536 16
0.0537 16
0.0538 16
0.0539 16
0.054 16
0.0541 17
0.0542 18
0.0543 18
0.0544 19
0.0545 21
0.0546 24
0.0547 24
0.0548 25
0.0549 26
0.055 24
0.0551 21
0.0552 21
0.0553 20
0.0554 21
0.0555 21
0.0556 21
0.0557 22
0.0558 21
0.0559 21
0.056 22
0.0561 23
0.0562 23
0.0563 23
0.0564 24
0.0565 25
0.0566 25
0.0567 26
0.0568 26
0.0569 26
0.057 24
0.0571 24
0.0572 25
0.0573 24
0.0574 24
0.0575 23
0.0576 22
0.0577 21
0.0578 21
0.0579 21
0.058 20
0.0581 21
0.0582 22
0.0583 22
0.0584 24
0.0585 24
0.0586 27
0.0587 26
0.0588 26
0.0589 25
0.059 25
0.0591 25
0.0592 25
0.0593 26
0.0594 22
0.0595 21
0.0596 21
0.0597 22
0.0598 25
0.0599 27
0.06 26
0.0601 26
0.0602 27
0.0603 26
0.0604 26
0.0605 26
0.0606 25
0.0607 25
0.0608 25
0.0609 25
0.061 24
0.0611 25
0.0612 27
0.0613 27
0.0614 25
0.0615 27
0.0616 27
0.0617 27
0.0618 27
0.0619 26
0.062 25
0.0621 25
0.0622 25
0.0623 26
0.0624 27
0.0625 26
0.0626 25
0.0627 23
0.0628 23
0.0629 21
0.063 23
0.0631 22
0.0632 23
0.0633 22
0.0634 22
0.0635 22
0.0636 21
0.0637 21
0.0638 23
0.0639 22
0.064 22
0.0641 20
0.0642 21
0.0643 22
0.0644 23
0.0645 21
0.0646 22
0.0647 20
0.0648 20
0.0649 18
0.065 18
0.0651 17
0.0652 18
0.0653 20
0.0654 18
0.0655 18
0.0656 17
0.0657 16
0.0658 16
0.0659 17
0.066 17
0.0661 16
0.0662 19
0.0663 19
0.0664 18
0.0665 18
0.0666 20
0.0667 21
0.0668 20
0.0669 18
0.067 17
0.0671 18
0.0672 19
0.0673 19
0.0674 19
0.0675 18
0.0676 19
0.0677 18
0.0678 18
0.0679 19
0.068 18
0.0681 16
0.0682 17
0.0683 17
0.0684 16
0.0685 15
0.0686 17
0.0687 19
0.0688 21
0.0689 21
0.069 23
0.0691 22
0.0692 21
0.0693 24
0.0694 24
0.0695 24
0.0696 24
0.0697 24
0.0698 25
0.0699 23
0.07 23
0.0701 24
0.0702 21
0.0703 19
0.0704 19
0.0705 19
0.0706 19
0.0707 19
0.0708 21
0.0709 23
0.071 21
0.0711 23
0.0712 22
0.0713 21
0.0714 21
0.0715 23
0.0716 24
0.0717 22
0.0718 22
0.0719 23
0.072 24
0.0721 25
0.0722 25
0.0723 23
0.0724 24
0.0725 25
0.0726 26
0.0727 26
0.0728 27
0.0729 27
0.073 26
0.0731 26
0.0732 26
0.0733 28
0.0734 29
0.0735 30
0.0736 32
0.0737 31
0.0738 31
0.0739 30
0.074 29
0.0741 30
0.0742 30
0.0743 31
0.0744 33
0.0745 30
0.0746 31
0.0747 29
0.0748 29
0.0749 28
0.075 28
0.0751 25
0.0752 26
0.0753 26
0.0754 26
0.0755 26
0.0756 28
0.0757 27
0.0758 27
0.0759 27
0.076 26
0.0761 26
0.0762 28
0.0763 27
0.0764 28
0.0765 29
0.0766 27
0.0767 28
0.0768 28
0.0769 28
0.077 28
0.0771 28
0.0772 27
0.0773 25
0.0774 23
0.0775 25
0.0776 25
0.0777 23
0.0778 24
0.0779 23
0.078 23
0.0781 23
0.0782 24
0.0783 24
0.0784 24
0.0785 26
0.0786 27
0.0787 26
0.0788 26
0.0789 25
0.079 26
0.0791 26
0.0792 25
0.0793 25
0.0794 25
0.0795 24
0.0796 23
0.0797 21
0.0798 24
0.0799 23
0.08 22
0.0801 19
0.0802 20
0.0803 18
0.0804 16
0.0805 15
0.0806 15
0.0807 12
0.0808 13
0.0809 12
0.081 13
0.0811 13
0.0812 14
0.0813 14
0.0814 15
0.0815 17
0.0816 17
0.0817 20
0.0818 20
0.0819 20
0.082 20
0.0821 20
0.0822 24
0.0823 25
0.0824 25
0.0825 26
0.0826 25
0.0827 22
0.0828 21
0.0829 19
0.083 18
0.0831 18
0.0832 18
0.0833 19
0.0834 20
0.0835 19
0.0836 19
0.0837 20
0.0838 19
0.0839 19
0.084 20
0.0841 22
0.0842 22
0.0843 22
0.0844 21
0.0845 20
0.0846 18
0.0847 19
0.0848 19
0.0849 20
0.085 19
0.0851 19
0.0852 21
0.0853 20
0.0854 21
0.0855 24
0.0856 23
0.0857 23
0.0858 23
0.0859 23
0.086 24
0.0861 23
0.0862 24
0.0863 23
0.0864 23
0.0865 22
0.0866 22
0.0867 22
0.0868 22
0.0869 24
0.087 25
0.0871 24
0.0872 25
0.0873 26
0.0874 27
0.0875 27
0.0876 26
0.0877 27
0.0878 27
0.0879 26
0.088 28
0.0881 29
0.0882 31
0.0883 30
0.0884 30
0.0885 28
0.0886 28
0.0887 28
0.0888 27
0.0889 28
0.089 27
0.0891 26
0.0892 23
0.0893 23
0.0894 21
0.0895 21
0.0896 22
0.0897 23
0.0898 23
0.0899 23
0.09 23
0.0901 23
0.0902 24
0.0903 26
0.0904 24
0.0905 27
0.0906 29
0.0907 27
0.0908 26
0.0909 25
0.091 24
0.0911 24
0.0912 25
0.0913 26
0.0914 25
0.0915 25
0.0916 26
0.0917 27
0.0918 28
0.0919 27
0.092 28
0.0921 30
0.0922 30
0.0923 30
0.0924 30
0.0925 29
0.0926 29
0.0927 27
0.0928 27
0.0929 28
0.093 29
0.0931 28
0.0932 29
0.0933 29
0.0934 28
0.0935 30
0.0936 27
0.0937 27
0.0938 28
0.0939 28
0.094 28
0.0941 27
0.0942 29
0.0943 26
0.0944 27
0.0945 26
0.0946 26
0.0947 24
0.0948 24
0.0949 22
0.095 22
0.0951 21
0.0952 20
0.0953 21
0.0954 21
0.0955 21
0.0956 21
0.0957 23
0.0958 22
0.0959 23
0.096 22
0.0961 20
0.0962 20
0.0963 20
0.0964 21
0.0965 20
0.0966 25
0.0967 25
0.0968 26
0.0969 25
0.097 25
0.0971 25
0.0972 25
0.0973 24
0.0974 23
0.0975 22
0.0976 21
0.0977 21
0.0978 19
0.0979 20
0.098 21
0.0981 23
0.0982 22
0.0983 23
0.0984 22
0.0985 19
0.0986 20
0.0987 21
0.0988 22
0.0989 24
0.099 25
0.0991 25
0.0992 25
0.0993 24
0.0994 23
0.0995 22
0.0996 23
0.0997 24
0.0998 22
0.0999 21
0.1 20
