0 665
0.01 620
0.02 584
0.03 551
0.04 531
0.05 513
0.06 495
0.07 480
0.08 468
0.09 445
0.1 430
0.11 417
0.12 402
0.13 400
0.14 392
0.15 378
0.16 364
0.17 347
0.18 334
0.19 326
0.2 315
0.21 303
0.22 294
0.23 286
0.24 283
0.25 274
0.26 265
0.27 261
0.28 252
0.29 243
0.3 228
0.31 223
0.32 212
0.33 211
0.34 209
0.35 200
0.36 193
0.37 188
0.38 178
0.39 174
0.4 173
0.41 169
0.42 163
0.43 154
0.44 150
0.45 147
0.46 143
0.47 141
0.48 139
0.49 130
0.5 124
0.51 121
0.52 114
0.53 110
0.54 110
0.55 111
0.56 105
0.57 101
0.58 94
0.59 90
0.6 88
0.61 82
0.62 80
0.63 77
0.64 72
0.65 72
0.66 70
0.67 69
0.68 68
0.69 67
0.7 66
0.71 62
0.72 60
0.73 58
0.74 55
0.75 52
0.76 50
0.77 46
0.78 45
0.79 45
0.8 43
0.81 42
0.82 41
0.83 39
0.84 35
0.85 38
0.86 36
0.87 35
0.88 35
0.89 35
0.9 34
0.91 34
0.92 31
0.93 30
0.94 28
0.95 25
0.96 24
0.97 23
0.98 23
0.99 24
1 22
1.01 21
1.02 20
1.03 20
1.04 20
1.05 20
1.06 20
1.07 20
1.08 19
1.09 19
1.1 19
1.11 20
1.12 21
1.13 20
1.14 18
1.15 18
1.16 17
1.17 16
1.18 17
1.19 17
1.2 15
1.21 14
1.22 14
1.23 13
1.24 12
1.25 11
1.26 11
1.27 11
1.28 12
1.29 12
1.3 13
1.31 12
1.32 12
1.33 12
1.34 11
1.35 12
1.36 12
1.37 11
1.38 12
1.39 12
1.4 13
1.41 11
1.42 11
1.43 11
1.44 10
1.45 10
1.46 12
1.47 11
1.48 12
1.49 13
1.5 13
1.51 12
1.52 11
1.53 11
1.54 10
1.55 9
1.56 8
1.57 8
1.58 8
1.59 9
1.6 9
1.61 8
1.62 10
1.63 11
1.64 11
1.65 11
1.66 11
1.67 13
1.68 13
1.69 13
1.7 14
1.71 14
1.72 13
1.73 12
1.74 12
1.75 13
1.76 14
1.77 14
1.78 13
1.79 12
1.8 13
1.81 14
1.82 13
1.83 13
1.84 12
1.85 12
1.86 11
1.87 12
1.88 12
1.89 13
1.9 11
1.91 11
1.92 12
1.93 10
1.94 11
1.95 10
1.96 11
1.97 12
1.98 13
1.99 9
2 10
