0 0
0.0001 1
0.0002 1
0.0003 5
0.0004 15
0.0005 20
0.0006 28
0.0007 31
0.0008 39
0.0009 53
0.001 62
0.0011 82
0.0012 103
0.0013 120
0.0014 129
0.0015 160
0.0016 179
0.0017 183
0.0018 205
0.0019 237
0.002 253
0.0021 288
0.0022 348
0.0023 408
0.0024 473
0.0025 532
0.0026 582
0.0027 626
0.0028 653
0.0029 684
0.003 713
0.0031 743
0.0032 769
0.0033 809
0.0034 838
0.0035 869
0.0036 895
0.0037 923
0.0038 949
0.0039 957
0.004 980
0.0041 1010
0.0042 1026
0.0043 1053
0.0044 1095
0.0045 1139
0.0046 1161
0.0047 1196
0.0048 1202
0.0049 1222
0.005 1241
0.0051 1260
0.0052 1265
0.0053 1277
0.0054 1286
0.0055 1304
0.0056 1328
0.0057 1332
0.0058 1349
0.0059 1357
0.006 1378
0.0061 1402
0.0062 1415
0.0063 1416
0.0064 1421
0.0065 1405
0.0066 1404
0.0067 1415
0.0068 1407
0.0069 1420
0.007 1424
0.0071 1429
0.0072 1449
0.0073 1450
0.0074 1461
0.0075 1480
0.0076 1476
0.0077 1491
0.0078 1487
0.0079 1488
0.008 1502
0.0081 1504
0.0082 1518
0.0083 1514
0.0084 1501
0.0085 1505
0.0086 1513
0.0087 1499
0.0088 1486
0.0089 1467
0.009 1449
0.0091 1444
0.0092 1442
0.0093 1433
0.0094 1402
0.0095 1393
0.0096 1410
0.0097 1443
0.0098 1460
0.0099 1480
0.01 1513
0.0101 1516
0.0102 1529
0.0103 1532
0.0104 1531
0.0105 1524
0.0106 1529
0.0107 1525
0.0108 1532
0.0109 1537
0.011 1531
0.0111 1528
0.0112 1520
0.0113 1514
0.0114 1521
0.0115 1522
0.0116 1505
0.0117 1500
0.0118 1499
0.0119 1496
0.012 1492
0.0121 1493
0.0122 1467
0.0123 1464
0.0124 1438
0.0125 1431
0.0126 1417
0.0127 1393
0.0128 1390
0.0129 1363
0.013 1353
0.0131 1350
0.0132 1367
0.0133 1391
0.0134 1397
0.0135 1384
0.0136 1375
0.0137 1364
0.0138 1351
0.0139 1337
0.014 1324
0.0141 1310
0.0142 1319
0.0143 1306
0.0144 1296
0.0145 1297
0.0146 1310
0.0147 1325
0.0148 1331
0.0149 1344
0.015 1363
0.0151 1375
0.0152 1373
0.0153 1385
0.0154 1359
0.0155 1345
0.0156 1337
0.0157 1313
0.0158 1294
0.0159 1271
0.016 1274
0.0161 1253
0.0162 1247
0.0163 1231
0.0164 1217
0.0165 1200
0.0166 1209
0.0167 1194
0.0168 1173
0.0169 1182
0.017 1189
0.0171 1199
0.0172 1180
0.0173 1177
0.0174 1186
0.0175 1181
0.0176 1155
0.0177 1162
0.0178 1169
0.0179 1134
0.018 1141
0.0181 1126
0.0182 1150
0.0183 1146
0.0184 1156
0.0185 1144
0.0186 1133
0.0187 1120
0.0188 1095
0.0189 1073
0.019 1053
0.0191 1053
0.0192 1044
0.0193 1008
0.0194 985
0.0195 973
0.0196 950
0.0197 941
0.0198 923
0.0199 894
0.02 893
0.0201 892
0.0202 868
0.0203 867
0.0204 865
0.0205 876
0.0206 864
0.0207 870
0.0208 865
0.0209 863
0.021 845
0.0211 830
0.0212 834
0.0213 826
0.0214 790
0.0215 782
0.0216 783
0.0217 773
0.0218 768
0.0219 759
0.022 745
0.0221 725
0.0222 727
0.0223 704
0.0224 685
0.0225 669
0.0226 669
0.0227 665
0.0228 645
0.0229 624
0.023 610
0.0231 589
0.0232 575
0.0233 571
0.0234 563
0.0235 543
0.0236 545
0.0237 540
0.0238 556
0.0239 533
0.024 542
0.0241 528
0.0242 538
0.0243 518
0.0244 524
0.0245 525
0.0246 515
0.0247 508
0.0248 502
0.0249 492
0.025 478
0.0251 452
0.0252 432
0.0253 407
0.0254 397
0.0255 371
0.0256 334
0.0257 308
0.0258 287
0.0259 273
0.026 251
0.0261 230
0.0262 214
0.0263 219
0.0264 214
0.0265 190
0.0266 167
0.0267 159
0.0268 143
0.0269 126
0.027 91
0.0271 67
0.0272 47
0.0273 29
0.0274 17
0.0275 9
0.0276 3
0.0277 4
0.0278 3
0.0279 1
0.028 1
0.0281 1
0.0282 0
0.0283 1
0.0284 0
0.0285 1
0.0286 1
0.0287 3
0.0288 0
0.0289 2
0.029 1
0.0291 1
0.0292 0
0.0293 0
0.0294 1
0.0295 0
0.0296 0
0.0297 1
0.0298 1
0.0299 0
0.03 1
0.0301 1
0.0302 0
0.0303 0
0.0304 2
0.0305 1
0.0306 2
0.0307 0
0.0308 0
0.0309 0
0.031 0
0.0311 1
0.0312 1
0.0313 0
0.0314 0
0.0315 0
0.0316 0
0.0317 0
0.0318 1
0.0319 1
0.032 0
0.0321 1
0.0322 0
0.0323 0
0.0324 0
0.0325 0
0.0326 1
0.0327 0
0.0328 0
0.0329 0
0.033 0
0.0331 1
0.0332 1
0.0333 0
0.0334 0
0.0335 0
0.0336 0
0.0337 0
0.0338 0
0.0339 1
0.034 0
0.0341 0
0.0342 0
0.0343 0
0.0344 1
0.0345 0
0.0346 1
0.0347 0
0.0348 0
0.0349 0
0.035 0
0.0351 0
0.0352 0
0.0353 0
0.0354 0
0.0355 0
0.0356 0
0.0357 0
0.0358 0
0.0359 0
0.036 0
0.0361 0
0.0362 0
0.0363 1
0.0364 2
0.0365 1
0.0366 0
0.0367 0
0.0368 0
0.0369 0
0.037 1
0.0371 1
0.0372 0
0.0373 1
0.0374 0
0.0375 0
0.0376 0
0.0377 2
0.0378 2
0.0379 1
0.038 2
0.0381 0
0.0382 2
0.0383 0
0.0384 0
0.0385 1
0.0386 0
0.0387 1
0.0388 0
0.0389 0
0.039 1
0.0391 1
0.0392 0
0.0393 1
0.0394 1
0.0395 0
0.0396 1
0.0397 0
0.0398 0
0.0399 0
0.04 0
0.0401 0
0.0402 0
0.0403 0
0.0404 0
0.0405 0
0.0406 0
0.0407 0
0.0408 1
0.0409 0
0.041 1
0.0411 0
0.0412 0
0.0413 0
0.0414 0
0.0415 0
0.0416 0
0.0417 0
0.0418 1
0.0419 1
0.042 1
0.0421 3
0.0422 0
0.0423 0
0.0424 1
0.0425 0
0.0426 0
0.0427 0
0.0428 1
0.0429 0
0.043 1
0.0431 0
0.0432 1
0.0433 0
0.0434 1
0.0435 0
0.0436 0
0.0437 0
0.0438 0
0.0439 0
0.044 1
0.0441 0
0.0442 1
0.0443 0
0.0444 0
0.0445 0
0.0446 0
0.0447 0
0.0448 1
0.0449 1
0.045 0
0.0451 0
0.0452 0
0.0453 0
0.0454 1
0.0455 0
0.0456 0
0.0457 0
0.0458 0
0.0459 0
0.046 1
0.0461 1
0.0462 0
0.0463 0
0.0464 0
0.0465 0
0.0466 0
0.0467 0
0.0468 0
0.0469 0
0.047 0
0.0471 0
0.0472 0
0.0473 0
0.0474 0
0.0475 0
0.0476 1
0.0477 2
0.0478 1
0.0479 1
0.048 1
0.0481 0
0.0482 1
0.0483 0
0.0484 1
0.0485 1
0.0486 0
0.0487 0
0.0488 0
0.0489 0
0.049 0
0.0491 1
0.0492 0
0.0493 0
0.0494 0
0.0495 2
0.0496 1
0.0497 3
0.0498 0
0.0499 0
0.05 0
0.0501 0
0.0502 0
0.0503 0
0.0504 0
0.0505 0
0.0506 0
0.0507 0
0.0508 1
0.0509 0
0.051 0
0.0511 1
0.0512 0
0.0513 0
0.0514 1
0.0515 2
0.0516 2
0.0517 1
0.0518 1
0.0519 3
0.052 0
0.0521 1
0.0522 3
0.0523 0
0.0524 1
0.0525 1
0.0526 0
0.0527 0
0.0528 0
0.0529 0
0.053 0
0.0531 1
0.0532 0
0.0533 0
0.0534 0
0.0535 1
0.0536 1
0.0537 0
0.0538 0
0.0539 0
0.054 2
0.0541 1
0.0542 0
0.0543 1
0.0544 1
0.0545 0
0.0546 1
0.0547 0
0.0548 0
0.0549 1
0.055 1
0.0551 0
0.0552 0
0.0553 1
0.0554 2
0.0555 0
0.0556 0
0.0557 1
0.0558 0
0.0559 0
0.056 0
0.0561 1
0.0562 2
0.0563 2
0.0564 3
0.0565 0
0.0566 0
0.0567 0
0.0568 1
0.0569 1
0.057 2
0.0571 1
0.0572 1
0.0573 1
0.0574 0
0.0575 0
0.0576 1
0.0577 0
0.0578 0
0.0579 0
0.058 3
0.0581 0
0.0582 0
0.0583 0
0.0584 1
0.0585 0
0.0586 0
0.0587 1
0.0588 1
0.0589 3
0.059 1
0.0591 0
0.0592 0
0.0593 0
0.0594 0
0.0595 1
0.0596 1
0.0597 2
0.0598 2
0.0599 0
0.06 1
0.0601 2
0.0602 1
0.0603 0
0.0604 0
0.0605 0
0.0606 0
0.0607 0
0.0608 0
0.0609 0
0.061 0
0.0611 1
0.0612 1
0.0613 1
0.0614 2
0.0615 0
0.0616 0
0.0617 3
0.0618 0
0.0619 3
0.062 3
0.0621 5
0.0622 1
0.0623 1
0.0624 0
0.0625 1
0.0626 2
0.0627 1
0.0628 0
0.0629 4
0.063 0
0.0631 3
0.0632 3
0.0633 3
0.0634 4
0.0635 1
0.0636 0
0.0637 1
0.0638 1
0.0639 0
0.064 0
0.0641 2
0.0642 2
0.0643 2
0.0644 4
0.0645 4
0.0646 0
0.0647 1
0.0648 0
0.0649 0
0.065 2
0.0651 2
0.0652 1
0.0653 7
0.0654 3
0.0655 2
0.0656 2
0.0657 1
0.0658 1
0.0659 2
0.066 2
0.0661 2
0.0662 3
0.0663 2
0.0664 0
0.0665 1
0.0666 2
0.0667 1
0.0668 0
0.0669 0
0.067 1
0.0671 3
0.0672 3
0.0673 1
0.0674 0
0.0675 1
0.0676 0
0.0677 0
0.0678 1
0.0679 3
0.068 0
0.0681 0
0.0682 2
0.0683 3
0.0684 3
0.0685 5
0.0686 4
0.0687 4
0.0688 7
0.0689 1
0.069 1
0.0691 3
0.0692 2
0.0693 3
0.0694 0
0.0695 4
0.0696 0
0.0697 1
0.0698 2
0.0699 2
0.07 8
0.0701 6
0.0702 5
0.0703 4
0.0704 2
0.0705 2
0.0706 2
0.0707 2
0.0708 3
0.0709 2
0.071 0
0.0711 2
0.0712 1
0.0713 4
0.0714 1
0.0715 1
0.0716 1
0.0717 4
0.0718 1
0.0719 2
0.072 2
0.0721 3
0.0722 1
0.0723 2
0.0724 4
0.0725 1
0.0726 2
0.0727 4
0.0728 5
0.0729 4
0.073 1
0.0731 3
0.0732 3
0.0733 0
0.0734 1
0.0735 1
0.0736 2
0.0737 3
0.0738 3
0.0739 2
0.074 3
0.0741 4
0.0742 3
0.0743 3
0.0744 3
0.0745 1
0.0746 2
0.0747 1
0.0748 3
0.0749 4
0.075 8
0.0751 6
0.0752 4
0.0753 6
0.0754 3
0.0755 3
0.0756 3
0.0757 3
0.0758 3
0.0759 6
0.076 12
0.0761 3
0.0762 5
0.0763 1
0.0764 2
0.0765 3
0.0766 1
0.0767 3
0.0768 5
0.0769 2
0.077 6
0.0771 2
0.0772 5
0.0773 1
0.0774 3
0.0775 3
0.0776 1
0.0777 3
0.0778 1
0.0779 1
0.078 4
0.0781 2
0.0782 0
0.0783 2
0.0784 3
0.0785 2
0.0786 4
0.0787 3
0.0788 3
0.0789 2
0.079 1
0.0791 0
0.0792 1
0.0793 0
0.0794 0
0.0795 2
0.0796 4
0.0797 2
0.0798 3
0.0799 3
0.08 0
0.0801 5
0.0802 5
0.0803 3
0.0804 0
0.0805 3
0.0806 2
0.0807 6
0.0808 5
0.0809 7
0.081 4
0.0811 5
0.0812 4
0.0813 2
0.0814 8
0.0815 2
0.0816 4
0.0817 3
0.0818 2
0.0819 1
0.082 4
0.0821 2
0.0822 0
0.0823 2
0.0824 2
0.0825 2
0.0826 2
0.0827 1
0.0828 3
0.0829 4
0.083 9
0.0831 1
0.0832 6
0.0833 7
0.0834 3
0.0835 7
0.0836 3
0.0837 8
0.0838 5
0.0839 1
0.084 2
0.0841 4
0.0842 2
0.0843 1
0.0844 0
0.0845 5
0.0846 1
0.0847 1
0.0848 2
0.0849 1
0.085 1
0.0851 3
0.0852 1
0.0853 1
0.0854 8
0.0855 4
0.0856 4
0.0857 6
0.0858 3
0.0859 10
0.086 10
0.0861 16
0.0862 8
0.0863 7
0.0864 8
0.0865 13
0.0866 9
0.0867 5
0.0868 4
0.0869 8
0.087 10
0.0871 11
0.0872 10
0.0873 11
0.0874 5
0.0875 2
0.0876 5
0.0877 2
0.0878 7
0.0879 2
0.088 2
0.0881 0
0.0882 4
0.0883 4
0.0884 4
0.0885 2
0.0886 1
0.0887 1
0.0888 1
0.0889 0
0.089 1
0.0891 2
0.0892 1
0.0893 2
0.0894 0
0.0895 2
0.0896 2
0.0897 4
0.0898 4
0.0899 12
0.09 11
0.0901 17
0.0902 21
0.0903 25
0.0904 27
0.0905 30
0.0906 23
0.0907 25
0.0908 25
0.0909 19
0.091 29
0.0911 49
0.0912 46
0.0913 45
0.0914 51
0.0915 50
0.0916 58
0.0917 68
0.0918 74
0.0919 76
0.092 77
0.0921 81
0.0922 80
0.0923 89
0.0924 99
0.0925 108
0.0926 114
0.0927 123
0.0928 149
0.0929 168
0.093 201
0.0931 212
0.0932 210
0.0933 221
0.0934 228
0.0935 224
0.0936 218
0.0937 229
0.0938 236
0.0939 244
0.094 249
0.0941 242
0.0942 234
0.0943 224
0.0944 227
0.0945 230
0.0946 224
0.0947 229
0.0948 235
0.0949 259
0.095 287
0.0951 302
0.0952 313
0.0953 322
0.0954 337
0.0955 354
0.0956 366
0.0957 383
0.0958 410
0.0959 426
0.096 464
0.0961 494
0.0962 525
0.0963 538
0.0964 549
0.0965 565
0.0966 593
0.0967 617
0.0968 623
0.0969 632
0.097 638
0.0971 664
0.0972 683
0.0973 699
0.0974 708
0.0975 718
0.0976 722
0.0977 719
0.0978 716
0.0979 739
0.098 739
0.0981 749
0.0982 767
0.0983 776
0.0984 805
0.0985 827
0.0986 840
0.0987 878
0.0988 898
0.0989 926
0.099 949
0.0991 942
0.0992 940
0.0993 934
0.0994 943
0.0995 938
0.0996 944
0.0997 958
0.0998 982
0.0999 987
0.1 990
0.1001 973
0.1002 975
0.1003 970
0.1004 960
0.1005 977
0.1006 967
0.1007 959
0.1008 976
0.1009 971
0.101 951
0.1011 964
0.1012 951
0.1013 960
0.1014 951
0.1015 967
0.1016 956
0.1017 953
0.1018 966
0.1019 959
0.102 945
0.1021 953
0.1022 962
0.1023 977
0.1024 969
0.1025 986
0.1026 983
0.1027 988
0.1028 1001
0.1029 985
0.103 991
0.1031 989
0.1032 998
0.1033 1029
0.1034 1038
0.1035 1024
0.1036 1002
0.1037 997
0.1038 1000
0.1039 1013
0.104 1026
0.1041 1029
0.1042 1053
0.1043 1052
0.1044 1071
0.1045 1079
0.1046 1088
0.1047 1105
0.1048 1129
0.1049 1157
0.105 1170
0.1051 1173
0.1052 1168
0.1053 1143
0.1054 1144
0.1055 1143
0.1056 1146
0.1057 1139
0.1058 1121
0.1059 1128
0.106 1118
0.1061 1143
0.1062 1140
0.1063 1135
0.1064 1139
0.1065 1130
0.1066 1108
0.1067 1113
0.1068 1083
0.1069 1083
0.107 1061
0.1071 1063
0.1072 1064
0.1073 1068
0.1074 1042
0.1075 1035
0.1076 1034
0.1077 1029
0.1078 1032
0.1079 1020
0.108 1010
0.1081 1006
0.1082 992
0.1083 983
0.1084 995
0.1085 963
0.1086 974
0.1087 967
0.1088 962
0.1089 954
0.109 954
0.1091 934
0.1092 916
0.1093 929
0.1094 931
0.1095 927
0.1096 933
0.1097 920
0.1098 900
0.1099 903
0.11 920
0.1101 923
0.1102 935
0.1103 912
0.1104 907
0.1105 884
0.1106 876
0.1107 862
0.1108 849
0.1109 833
0.111 831
0.1111 821
0.1112 796
0.1113 796
0.1114 783
0.1115 784
0.1116 773
0.1117 766
0.1118 779
0.1119 772
0.112 801
0.1121 820
0.1122 827
0.1123 837
0.1124 820
0.1125 816
0.1126 819
0.1127 823
0.1128 810
0.1129 800
0.113 795
0.1131 791
0.1132 758
0.1133 762
0.1134 741
0.1135 731
0.1136 717
0.1137 711
0.1138 694
0.1139 683
0.114 650
0.1141 642
0.1142 608
0.1143 563
0.1144 532
0.1145 509
0.1146 478
0.1147 444
0.1148 422
0.1149 396
0.115 401
0.1151 381
0.1152 360
0.1153 332
0.1154 305
0.1155 255
0.1156 232
0.1157 239
0.1158 219
0.1159 194
0.116 185
0.1161 170
0.1162 166
0.1163 143
0.1164 118
0.1165 93
0.1166 52
0.1167 36
0.1168 17
0.1169 7
0.117 7
0.1171 3
0.1172 1
0.1173 3
0.1174 0
0.1175 0
0.1176 3
0.1177 0
0.1178 1
0.1179 1
0.118 2
0.1181 0
0.1182 1
0.1183 1
0.1184 1
0.1185 0
0.1186 0
0.1187 1
0.1188 1
0.1189 0
0.119 1
0.1191 3
0.1192 0
0.1193 1
0.1194 0
0.1195 0
0.1196 2
0.1197 1
0.1198 0
0.1199 1
0.12 0
0.1201 2
0.1202 2
0.1203 0
0.1204 1
0.1205 1
0.1206 0
0.1207 0
0.1208 0
0.1209 0
0.121 0
0.1211 0
0.1212 0
0.1213 0
0.1214 1
0.1215 0
0.1216 0
0.1217 0
0.1218 1
0.1219 0
0.122 0
0.1221 1
0.1222 0
0.1223 0
0.1224 0
0.1225 1
0.1226 0
0.1227 1
0.1228 1
0.1229 0
0.123 2
0.1231 0
0.1232 0
0.1233 0
0.1234 0
0.1235 0
0.1236 0
0.1237 0
0.1238 1
0.1239 1
0.124 0
0.1241 0
0.1242 1
0.1243 0
0.1244 0
0.1245 0
0.1246 1
0.1247 0
0.1248 0
0.1249 1
0.125 0
0.1251 0
0.1252 0
0.1253 0
0.1254 1
0.1255 1
0.1256 1
0.1257 0
0.1258 0
0.1259 0
0.126 1
0.1261 0
0.1262 0
0.1263 1
0.1264 1
0.1265 0
0.1266 0
0.1267 0
0.1268 0
0.1269 0
0.127 0
0.1271 0
0.1272 0
0.1273 0
0.1274 0
0.1275 0
0.1276 0
0.1277 1
0.1278 0
0.1279 0
0.128 1
0.1281 1
0.1282 0
0.1283 0
0.1284 0
0.1285 0
0.1286 0
0.1287 0
0.1288 0
0.1289 0
0.129 0
0.1291 0
0.1292 0
0.1293 0
0.1294 0
0.1295 0
0.1296 0
0.1297 1
0.1298 3
0.1299 0
0.13 0
0.1301 0
0.1302 1
0.1303 0
0.1304 0
0.1305 1
0.1306 0
0.1307 0
0.1308 1
0.1309 1
0.131 0
0.1311 0
0.1312 0
0.1313 1
0.1314 0
0.1315 0
0.1316 0
0.1317 0
0.1318 0
0.1319 0
0.132 0
0.1321 2
0.1322 1
0.1323 1
0.1324 0
0.1325 0
0.1326 0
0.1327 0
0.1328 1
0.1329 0
0.133 0
0.1331 0
0.1332 0
0.1333 0
0.1334 0
0.1335 0
0.1336 0
0.1337 2
0.1338 0
0.1339 0
0.134 0
0.1341 1
0.1342 0
0.1343 1
0.1344 0
0.1345 1
0.1346 1
0.1347 1
0.1348 0
0.1349 0
0.135 0
0.1351 2
0.1352 0
0.1353 0
0.1354 1
0.1355 1
0.1356 0
0.1357 2
0.1358 0
0.1359 2
0.136 1
0.1361 1
0.1362 0
0.1363 1
0.1364 1
0.1365 1
0.1366 0
0.1367 0
0.1368 0
0.1369 0
0.137 2
0.1371 0
0.1372 1
0.1373 0
0.1374 0
0.1375 0
0.1376 0
0.1377 1
0.1378 0
0.1379 3
0.138 0
0.1381 0
0.1382 0
0.1383 0
0.1384 1
0.1385 1
0.1386 1
0.1387 0
0.1388 1
0.1389 2
0.139 2
0.1391 1
0.1392 1
0.1393 1
0.1394 0
0.1395 0
0.1396 2
0.1397 1
0.1398 0
0.1399 2
0.14 1
0.1401 2
0.1402 0
0.1403 1
0.1404 1
0.1405 1
0.1406 1
0.1407 0
0.1408 0
0.1409 0
0.141 0
0.1411 0
0.1412 0
0.1413 1
0.1414 0
0.1415 0
0.1416 0
0.1417 0
0.1418 1
0.1419 0
0.142 1
0.1421 1
0.1422 1
0.1423 0
0.1424 0
0.1425 0
0.1426 0
0.1427 1
0.1428 0
0.1429 1
0.143 1
0.1431 0
0.1432 1
0.1433 0
0.1434 1
0.1435 2
0.1436 0
0.1437 1
0.1438 1
0.1439 0
0.144 0
0.1441 1
0.1442 3
0.1443 1
0.1444 1
0.1445 2
0.1446 1
0.1447 0
0.1448 0
0.1449 2
0.145 0
0.1451 0
0.1452 2
0.1453 3
0.1454 0
0.1455 0
0.1456 1
0.1457 2
0.1458 2
0.1459 1
0.146 2
0.1461 1
0.1462 1
0.1463 1
0.1464 0
0.1465 3
0.1466 1
0.1467 1
0.1468 0
0.1469 0
0.147 1
0.1471 0
0.1472 1
0.1473 0
0.1474 0
0.1475 0
0.1476 0
0.1477 0
0.1478 1
0.1479 1
0.148 0
0.1481 1
0.1482 2
0.1483 0
0.1484 0
0.1485 1
0.1486 1
0.1487 1
0.1488 4
0.1489 2
0.149 0
0.1491 0
0.1492 0
0.1493 2
0.1494 0
0.1495 0
0.1496 3
0.1497 0
0.1498 0
0.1499 2
0.15 3
0.1501 1
0.1502 0
0.1503 0
0.1504 1
0.1505 1
0.1506 0
0.1507 0
0.1508 0
0.1509 0
0.151 0
0.1511 2
0.1512 2
0.1513 2
0.1514 1
0.1515 1
0.1516 2
0.1517 1
0.1518 2
0.1519 1
0.152 3
0.1521 4
0.1522 1
0.1523 1
0.1524 3
0.1525 5
0.1526 1
0.1527 0
0.1528 1
0.1529 2
0.153 1
0.1531 1
0.1532 2
0.1533 3
0.1534 1
0.1535 2
0.1536 1
0.1537 0
0.1538 0
0.1539 1
0.154 0
0.1541 2
0.1542 1
0.1543 1
0.1544 2
0.1545 2
0.1546 0
0.1547 1
0.1548 3
0.1549 1
0.155 1
0.1551 1
0.1552 0
0.1553 2
0.1554 1
0.1555 0
0.1556 0
0.1557 0
0.1558 1
0.1559 3
0.156 2
0.1561 1
0.1562 1
0.1563 3
0.1564 1
0.1565 2
0.1566 0
0.1567 2
0.1568 1
0.1569 0
0.157 1
0.1571 5
0.1572 1
0.1573 1
0.1574 3
0.1575 2
0.1576 0
0.1577 2
0.1578 1
0.1579 1
0.158 4
0.1581 4
0.1582 5
0.1583 2
0.1584 3
0.1585 0
0.1586 1
0.1587 0
0.1588 0
0.1589 1
0.159 0
0.1591 2
0.1592 3
0.1593 1
0.1594 2
0.1595 0
0.1596 0
0.1597 1
0.1598 0
0.1599 1
0.16 2
0.1601 3
0.1602 2
0.1603 3
0.1604 3
0.1605 2
0.1606 1
0.1607 4
0.1608 3
0.1609 1
0.161 1
0.1611 4
0.1612 2
0.1613 2
0.1614 0
0.1615 1
0.1616 4
0.1617 5
0.1618 2
0.1619 8
0.162 8
0.1621 6
0.1622 1
0.1623 2
0.1624 2
0.1625 1
0.1626 5
0.1627 2
0.1628 3
0.1629 5
0.163 5
0.1631 3
0.1632 0
0.1633 6
0.1634 4
0.1635 1
0.1636 3
0.1637 4
0.1638 1
0.1639 1
0.164 1
0.1641 5
0.1642 4
0.1643 0
0.1644 1
0.1645 1
0.1646 1
0.1647 6
0.1648 4
0.1649 9
0.165 2
0.1651 1
0.1652 1
0.1653 3
0.1654 1
0.1655 0
0.1656 0
0.1657 0
0.1658 0
0.1659 1
0.166 1
0.1661 1
0.1662 2
0.1663 1
0.1664 0
0.1665 2
0.1666 8
0.1667 3
0.1668 10
0.1669 6
0.167 4
0.1671 2
0.1672 3
0.1673 1
0.1674 1
0.1675 5
0.1676 2
0.1677 3
0.1678 1
0.1679 0
0.168 0
0.1681 1
0.1682 0
0.1683 1
0.1684 1
0.1685 0
0.1686 1
0.1687 3
0.1688 4
0.1689 6
0.169 4
0.1691 4
0.1692 1
0.1693 1
0.1694 3
0.1695 2
0.1696 1
0.1697 2
0.1698 4
0.1699 8
0.17 5
0.1701 10
0.1702 5
0.1703 4
0.1704 4
0.1705 6
0.1706 7
0.1707 3
0.1708 1
0.1709 2
0.171 3
0.1711 3
0.1712 5
0.1713 6
0.1714 2
0.1715 8
0.1716 5
0.1717 3
0.1718 5
0.1719 0
0.172 3
0.1721 1
0.1722 0
0.1723 0
0.1724 1
0.1725 0
0.1726 4
0.1727 2
0.1728 0
0.1729 2
0.173 0
0.1731 3
0.1732 3
0.1733 3
0.1734 4
0.1735 7
0.1736 4
0.1737 3
0.1738 1
0.1739 2
0.174 3
0.1741 4
0.1742 8
0.1743 7
0.1744 20
0.1745 19
0.1746 20
0.1747 25
0.1748 26
0.1749 29
0.175 26
0.1751 19
0.1752 24
0.1753 28
0.1754 31
0.1755 32
0.1756 41
0.1757 36
0.1758 35
0.1759 38
0.176 37
0.1761 40
0.1762 41
0.1763 36
0.1764 36
0.1765 46
0.1766 60
0.1767 78
0.1768 86
0.1769 99
0.177 113
0.1771 115
0.1772 126
0.1773 143
0.1774 190
0.1775 201
0.1776 235
0.1777 268
0.1778 287
0.1779 302
0.178 332
0.1781 364
0.1782 384
0.1783 414
0.1784 435
0.1785 455
0.1786 481
0.1787 508
0.1788 529
0.1789 540
0.179 560
0.1791 579
0.1792 591
0.1793 600
0.1794 619
0.1795 648
0.1796 653
0.1797 680
0.1798 713
0.1799 743
0.18 771
0.1801 805
0.1802 833
0.1803 846
0.1804 870
0.1805 884
0.1806 881
0.1807 890
0.1808 910
0.1809 934
0.181 956
0.1811 956
0.1812 974
0.1813 993
0.1814 1025
0.1815 1060
0.1816 1090
0.1817 1121
0.1818 1144
0.1819 1150
0.182 1150
0.1821 1209
0.1822 1257
0.1823 1263
0.1824 1279
0.1825 1306
0.1826 1329
0.1827 1345
0.1828 1352
0.1829 1365
0.183 1371
0.1831 1376
0.1832 1391
0.1833 1411
0.1834 1403
0.1835 1384
0.1836 1385
0.1837 1378
0.1838 1379
0.1839 1383
0.184 1376
0.1841 1368
0.1842 1372
0.1843 1347
0.1844 1352
0.1845 1360
0.1846 1361
0.1847 1359
0.1848 1382
0.1849 1382
0.185 1385
0.1851 1390
0.1852 1370
0.1853 1353
0.1854 1332
0.1855 1326
0.1856 1298
0.1857 1275
0.1858 1243
0.1859 1227
0.186 1228
0.1861 1226
0.1862 1228
0.1863 1227
0.1864 1237
0.1865 1225
0.1866 1229
0.1867 1247
0.1868 1265
0.1869 1252
0.187 1261
0.1871 1267
0.1872 1255
0.1873 1236
0.1874 1226
0.1875 1209
0.1876 1191
0.1877 1186
0.1878 1205
0.1879 1195
0.188 1165
0.1881 1168
0.1882 1180
0.1883 1188
0.1884 1189
0.1885 1202
0.1886 1197
0.1887 1211
0.1888 1206
0.1889 1216
0.189 1210
0.1891 1211
0.1892 1206
0.1893 1232
0.1894 1220
0.1895 1225
0.1896 1237
0.1897 1252
0.1898 1257
0.1899 1244
0.19 1223
0.1901 1224
0.1902 1210
0.1903 1195
0.1904 1182
0.1905 1174
0.1906 1149
0.1907 1126
0.1908 1130
0.1909 1109
0.191 1127
0.1911 1127
0.1912 1122
0.1913 1102
0.1914 1084
0.1915 1062
0.1916 1037
0.1917 991
0.1918 956
0.1919 937
0.192 915
0.1921 911
0.1922 912
0.1923 908
0.1924 906
0.1925 897
0.1926 905
0.1927 892
0.1928 904
0.1929 911
0.193 910
0.1931 895
0.1932 882
0.1933 881
0.1934 882
0.1935 852
0.1936 840
0.1937 822
0.1938 804
0.1939 780
0.194 771
0.1941 773
0.1942 743
0.1943 704
0.1944 689
0.1945 670
0.1946 658
0.1947 661
0.1948 662
0.1949 660
0.195 651
0.1951 645
0.1952 643
0.1953 642
0.1954 631
0.1955 612
0.1956 601
0.1957 580
0.1958 583
0.1959 581
0.196 557
0.1961 529
0.1962 508
0.1963 487
0.1964 465
0.1965 457
0.1966 450
0.1967 440
0.1968 427
0.1969 405
0.197 377
0.1971 373
0.1972 354
0.1973 362
0.1974 354
0.1975 339
0.1976 328
0.1977 293
0.1978 293
0.1979 283
0.198 270
0.1981 253
0.1982 228
0.1983 207
0.1984 201
0.1985 209
0.1986 208
0.1987 218
0.1988 242
0.1989 227
0.199 219
0.1991 197
0.1992 180
0.1993 172
0.1994 194
0.1995 208
0.1996 215
0.1997 208
0.1998 206
0.1999 190
0.2 171
0.2001 158
0.2002 126
0.2003 107
0.2004 91
0.2005 69
0.2006 48
0.2007 43
0.2008 20
0.2009 26
0.201 18
0.2011 5
0.2012 6
0.2013 1
0.2014 5
0.2015 2
0.2016 2
0.2017 1
0.2018 1
0.2019 3
0.202 1
0.2021 2
0.2022 1
0.2023 1
0.2024 0
0.2025 2
0.2026 5
0.2027 1
0.2028 1
0.2029 0
0.203 0
0.2031 0
0.2032 1
0.2033 1
0.2034 1
0.2035 1
0.2036 0
0.2037 1
0.2038 0
0.2039 0
0.204 1
0.2041 1
0.2042 0
0.2043 0
0.2044 1
0.2045 0
0.2046 1
0.2047 0
0.2048 0
0.2049 0
0.205 0
0.2051 1
0.2052 0
0.2053 0
0.2054 0
0.2055 0
0.2056 0
0.2057 1
0.2058 1
0.2059 0
0.206 1
0.2061 0
0.2062 0
0.2063 0
0.2064 0
0.2065 0
0.2066 1
0.2067 1
0.2068 0
0.2069 0
0.207 0
0.2071 0
0.2072 0
0.2073 3
0.2074 0
0.2075 0
0.2076 1
0.2077 1
0.2078 1
0.2079 2
0.208 0
0.2081 2
0.2082 0
0.2083 1
0.2084 0
0.2085 1
0.2086 0
0.2087 0
0.2088 0
0.2089 1
0.209 0
0.2091 0
0.2092 0
0.2093 0
0.2094 0
0.2095 0
0.2096 0
0.2097 0
0.2098 1
0.2099 0
0.21 1
0.2101 1
0.2102 0
0.2103 0
0.2104 1
0.2105 0
0.2106 0
0.2107 0
0.2108 0
0.2109 0
0.211 0
0.2111 0
0.2112 0
0.2113 0
0.2114 0
0.2115 2
0.2116 1
0.2117 1
0.2118 2
0.2119 0
0.212 0
0.2121 0
0.2122 0
0.2123 0
0.2124 0
0.2125 0
0.2126 0
0.2127 0
0.2128 0
0.2129 0
0.213 0
0.2131 0
0.2132 0
0.2133 2
0.2134 0
0.2135 0
0.2136 0
0.2137 2
0.2138 0
0.2139 0
0.214 0
0.2141 1
0.2142 0
0.2143 0
0.2144 1
0.2145 0
0.2146 0
0.2147 0
0.2148 0
0.2149 0
0.215 1
0.2151 0
0.2152 0
0.2153 0
0.2154 0
0.2155 0
0.2156 1
0.2157 2
0.2158 0
0.2159 0
0.216 0
0.2161 0
0.2162 0
0.2163 0
0.2164 0
0.2165 1
0.2166 2
0.2167 1
0.2168 0
0.2169 0
0.217 0
0.2171 1
0.2172 1
0.2173 1
0.2174 0
0.2175 1
0.2176 1
0.2177 0
0.2178 1
0.2179 0
0.218 0
0.2181 0
0.2182 0
0.2183 0
0.2184 1
0.2185 0
0.2186 0
0.2187 0
0.2188 3
0.2189 0
0.219 1
0.2191 0
0.2192 0
0.2193 0
0.2194 0
0.2195 0
0.2196 0
0.2197 0
0.2198 0
0.2199 0
0.22 0
0.2201 1
0.2202 2
0.2203 0
0.2204 1
0.2205 1
0.2206 1
0.2207 0
0.2208 2
0.2209 1
0.221 0
0.2211 1
0.2212 1
0.2213 2
0.2214 1
0.2215 0
0.2216 0
0.2217 0
0.2218 0
0.2219 0
0.222 0
0.2221 0
0.2222 1
0.2223 0
0.2224 0
0.2225 0
0.2226 0
0.2227 0
0.2228 1
0.2229 0
0.223 0
0.2231 0
0.2232 1
0.2233 2
0.2234 0
0.2235 0
0.2236 1
0.2237 1
0.2238 0
0.2239 0
0.224 1
0.2241 0
0.2242 1
0.2243 1
0.2244 2
0.2245 2
0.2246 0
0.2247 0
0.2248 0
0.2249 0
0.225 0
0.2251 1
0.2252 1
0.2253 0
0.2254 1
0.2255 1
0.2256 3
0.2257 0
0.2258 0
0.2259 0
0.226 1
0.2261 0
0.2262 0
0.2263 0
0.2264 0
0.2265 1
0.2266 0
0.2267 0
0.2268 0
0.2269 0
0.227 0
0.2271 0
0.2272 0
0.2273 0
0.2274 1
0.2275 0
0.2276 1
0.2277 2
0.2278 0
0.2279 2
0.228 1
0.2281 1
0.2282 0
0.2283 0
0.2284 2
0.2285 0
0.2286 3
0.2287 1
0.2288 4
0.2289 0
0.229 1
0.2291 0
0.2292 2
0.2293 0
0.2294 3
0.2295 0
0.2296 1
0.2297 0
0.2298 0
0.2299 1
0.23 3
0.2301 0
0.2302 0
0.2303 0
0.2304 1
0.2305 0
0.2306 1
0.2307 0
0.2308 0
0.2309 1
0.231 0
0.2311 0
0.2312 1
0.2313 1
0.2314 0
0.2315 2
0.2316 2
0.2317 2
0.2318 0
0.2319 2
0.232 0
0.2321 1
0.2322 0
0.2323 0
0.2324 1
0.2325 2
0.2326 0
0.2327 0
0.2328 0
0.2329 0
0.233 4
0.2331 3
0.2332 0
0.2333 4
0.2334 0
0.2335 0
0.2336 1
0.2337 0
0.2338 1
0.2339 1
0.234 1
0.2341 0
0.2342 1
0.2343 0
0.2344 2
0.2345 4
0.2346 1
0.2347 2
0.2348 0
0.2349 1
0.235 1
0.2351 1
0.2352 0
0.2353 1
0.2354 0
0.2355 0
0.2356 1
0.2357 1
0.2358 3
0.2359 0
0.236 2
0.2361 1
0.2362 1
0.2363 2
0.2364 1
0.2365 1
0.2366 0
0.2367 3
0.2368 1
0.2369 2
0.237 2
0.2371 5
0.2372 2
0.2373 3
0.2374 0
0.2375 1
0.2376 4
0.2377 3
0.2378 2
0.2379 0
0.238 2
0.2381 4
0.2382 1
0.2383 0
0.2384 2
0.2385 2
0.2386 0
0.2387 1
0.2388 1
0.2389 2
0.239 0
0.2391 1
0.2392 0
0.2393 0
0.2394 0
0.2395 3
0.2396 3
0.2397 0
0.2398 1
0.2399 3
0.24 5
0.2401 2
0.2402 1
0.2403 1
0.2404 1
0.2405 4
0.2406 1
0.2407 0
0.2408 5
0.2409 4
0.241 1
0.2411 0
0.2412 3
0.2413 1
0.2414 1
0.2415 0
0.2416 0
0.2417 1
0.2418 1
0.2419 0
0.242 1
0.2421 1
0.2422 1
0.2423 2
0.2424 2
0.2425 2
0.2426 2
0.2427 3
0.2428 2
0.2429 0
0.243 1
0.2431 2
0.2432 2
0.2433 1
0.2434 2
0.2435 1
0.2436 5
0.2437 6
0.2438 2
0.2439 5
0.244 5
0.2441 3
0.2442 4
0.2443 0
0.2444 6
0.2445 3
0.2446 6
0.2447 3
0.2448 2
0.2449 3
0.245 8
0.2451 5
0.2452 6
0.2453 1
0.2454 2
0.2455 5
0.2456 3
0.2457 3
0.2458 7
0.2459 3
0.246 2
0.2461 3
0.2462 1
0.2463 3
0.2464 3
0.2465 3
0.2466 5
0.2467 3
0.2468 4
0.2469 4
0.247 2
0.2471 6
0.2472 6
0.2473 6
0.2474 6
0.2475 8
0.2476 4
0.2477 7
0.2478 5
0.2479 5
0.248 5
0.2481 5
0.2482 2
0.2483 2
0.2484 1
0.2485 1
0.2486 0
0.2487 0
0.2488 5
0.2489 2
0.249 4
0.2491 4
0.2492 3
0.2493 4
0.2494 1
0.2495 0
0.2496 2
0.2497 1
0.2498 0
0.2499 0
0.25 1
