0 0
0.01 40
0.02 62
0.03 82
0.04 91
0.05 89
0.06 92
0.07 91
0.08 98
0.09 93
0.1 93
0.11 87
0.12 87
0.13 87
0.14 81
0.15 85
0.16 82
0.17 79
0.18 76
0.19 83
0.2 82
0.21 77
0.22 77
0.23 78
0.24 77
0.25 74
0.26 73
0.27 68
0.28 64
0.29 57
0.3 62
0.31 61
0.32 65
0.33 68
0.34 65
0.35 68
0.36 67
0.37 72
0.38 70
0.39 72
0.4 71
0.41 65
0.42 71
0.43 65
0.44 62
0.45 67
0.46 66
0.47 71
0.48 68
0.49 67
0.5 67
0.51 69
0.52 70
0.53 63
0.54 65
0.55 68
0.56 62
0.57 57
0.58 54
0.59 50
0.6 53
0.61 55
0.62 64
0.63 60
0.64 53
0.65 57
0.66 57
0.67 55
0.68 60
0.69 61
0.7 58
0.71 56
0.72 59
0.73 55
0.74 61
0.75 61
0.76 68
0.77 73
0.78 76
0.79 75
0.8 72
0.81 70
0.82 70
0.83 68
0.84 68
0.85 61
0.86 59
0.87 58
0.88 61
0.89 55
0.9 56
0.91 60
0.92 61
0.93 59
0.94 62
0.95 56
0.96 58
0.97 57
0.98 61
0.99 61
1 62
1.01 64
1.02 69
1.03 64
1.04 62
1.05 57
1.06 60
1.07 57
1.08 61
1.09 61
1.1 59
1.11 59
1.12 57
1.13 58
1.14 56
1.15 53
1.16 55
1.17 57
1.18 60
1.19 63
1.2 66
1.21 61
1.22 59
1.23 53
1.24 61
1.25 58
1.26 56
1.27 50
1.28 52
1.29 51
1.3 50
1.31 55
1.32 60
1.33 57
1.34 55
1.35 52
1.36 53
1.37 52
1.38 53
1.39 49
1.4 45
1.41 46
1.42 45
1.43 45
1.44 52
1.45 54
1.46 55
1.47 56
1.48 57
1.49 51
1.5 54
1.51 54
1.52 55
1.53 60
1.54 54
1.55 63
1.56 61
1.57 59
1.58 60
1.59 59
1.6 58
1.61 54
1.62 61
1.63 58
1.64 57
1.65 51
1.66 52
1.67 48
1.68 50
1.69 52
1.7 53
1.71 60
1.72 59
1.73 57
1.74 52
1.75 57
1.76 60
1.77 67
1.78 69
1.79 66
1.8 64
1.81 63
1.82 58
1.83 50
1.84 49
1.85 51
1.86 53
1.87 51
1.88 51
1.89 49
1.9 50
1.91 50
1.92 51
1.93 48
1.94 47
1.95 47
1.96 45
1.97 48
1.98 45
1.99 53
2 53
