0 0
0.01 2
0.02 14
0.03 17
0.04 34
0.05 50
0.06 77
0.07 87
0.08 104
0.09 121
0.1 132
0.11 148
0.12 162
0.13 175
0.14 190
0.15 211
0.16 218
0.17 233
0.18 246
0.19 255
0.2 264
0.21 275
0.22 288
0.23 300
0.24 308
0.25 319
0.26 331
0.27 339
0.28 349
0.29 359
0.3 368
0.31 375
0.32 382
0.33 391
0.34 393
0.35 397
0.36 405
0.37 408
0.38 411
0.39 418
0.4 426
0.41 431
0.42 436
0.43 440
0.44 441
0.45 451
0.46 461
0.47 471
0.48 469
0.49 475
0.5 481
0.51 486
0.52 490
0.53 488
0.54 491
0.55 500
0.56 496
0.57 500
0.58 510
0.59 514
0.6 516
0.61 515
0.62 521
0.63 526
0.64 526
0.65 522
0.66 522
0.67 526
0.68 529
0.69 530
0.7 537
0.71 537
0.72 540
0.73 545
0.74 548
0.75 548
0.76 542
0.77 541
0.78 548
0.79 552
0.8 551
0.81 555
0.82 556
0.83 559
0.84 557
0.85 562
0.86 561
0.87 561
0.88 560
0.89 560
0.9 559
0.91 565
0.92 572
0.93 571
0.94 570
0.95 573
0.96 577
0.97 577
0.98 575
0.99 580
1 580
1.01 580
1.02 587
1.03 584
1.04 584
1.05 586
1.06 585
1.07 581
1.08 582
1.09 584
1.1 577
1.11 573
1.12 575
1.13 578
1.14 577
1.15 578
1.16 574
1.17 585
1.18 582
1.19 583
1.2 575
1.21 572
1.22 578
1.23 581
1.24 584
1.25 584
1.26 587
1.27 590
1.28 597
1.29 594
1.3 592
1.31 592
1.32 590
1.33 589
1.34 591
1.35 592
1.36 594
1.37 594
1.38 587
1.39 591
1.4 591
1.41 594
1.42 594
1.43 594
1.44 589
1.45 588
1.46 589
1.47 590
1.48 590
1.49 589
1.5 586
1.51 587
1.52 583
1.53 585
1.54 588
1.55 593
1.56 594
1.57 591
1.58 590
1.59 588
1.6 593
1.61 589
1.62 590
1.63 597
1.64 596
1.65 599
1.66 597
1.67 597
1.68 599
1.69 598
1.7 600
1.71 597
1.72 598
1.73 604
1.74 599
1.75 596
1.76 598
1.77 596
1.78 596
1.79 600
1.8 604
1.81 602
1.82 602
1.83 604
1.84 606
1.85 603
1.86 604
1.87 604
1.88 605
1.89 598
1.9 598
1.91 596
1.92 591
1.93 591
1.94 586
1.95 589
1.96 587
1.97 592
1.98 591
1.99 593
2 591
