0 0
0.0001 0
0.0002 0
0.0003 0
0.0004 0
0.0005 0
0.0006 0
0.0007 0
0.0008 0
0.0009 0
0.001 0
0.0011 0
0.0012 0
0.0013 0
0.0014 0
0.0015 0
0.0016 0
0.0017 0
0.0018 0
0.0019 0
0.002 0
0.0021 0
0.0022 0
0.0023 0
0.0024 0
0.0025 0
0.0026 0
0.0027 0
0.0028 0
0.0029 0
0.003 0
0.0031 0
0.0032 0
0.0033 0
0.0034 0
0.0035 0
0.0036 0
0.0037 0
0.0038 0
0.0039 0
0.004 0
0.0041 1
0.0042 1
0.0043 1
0.0044 0
0.0045 0
0.0046 0
0.0047 0
0.0048 0
0.0049 1
0.005 1
0.0051 1
0.0052 1
0.0053 1
0.0054 1
0.0055 1
0.0056 1
0.0057 1
0.0058 1
0.0059 1
0.006 2
0.0061 2
0.0062 2
0.0063 2
0.0064 2
0.0065 2
0.0066 2
0.0067 1
0.0068 1
0.0069 1
0.007 1
0.0071 1
0.0072 1
0.0073 1
0.0074 1
0.0075 1
0.0076 1
0.0077 1
0.0078 1
0.0079 1
0.008 1
0.0081 1
0.0082 0
0.0083 0
0.0084 0
0.0085 1
0.0086 1
0.0087 1
0.0088 1
0.0089 1
0.009 1
0.0091 3
0.0092 3
0.0093 3
0.0094 3
0.0095 3
0.0096 3
0.0097 3
0.0098 3
0.0099 3
0.01 3
0.0101 3
0.0102 3
0.0103 3
0.0104 3
0.0105 3
0.0106 3
0.0107 3
0.0108 3
0.0109 3
0.011 3
0.0111 3
0.0112 2
0.0113 2
0.0114 2
0.0115 2
0.0116 2
0.0117 2
0.0118 2
0.0119 2
0.012 2
0.0121 2
0.0122 2
0.0123 1
0.0124 1
0.0125 1
0.0126 1
0.0127 1
0.0128 1
0.0129 1
0.013 1
0.0131 1
0.0132 2
0.0133 2
0.0134 2
0.0135 2
0.0136 3
0.0137 3
0.0138 3
0.0139 3
0.014 3
0.0141 3
0.0142 3
0.0143 2
0.0144 2
0.0145 1
0.0146 0
0.0147 1
0.0148 1
0.0149 1
0.015 1
0.0151 1
0.0152 1
0.0153 1
0.0154 1
0.0155 1
0.0156 1
0.0157 1
0.0158 1
0.0159 0
0.016 0
0.0161 0
0.0162 0
0.0163 0
0.0164 0
0.0165 0
0.0166 1
0.0167 0
0.0168 0
0.0169 0
0.017 0
0.0171 0
0.0172 0
0.0173 1
0.0174 1
0.0175 1
0.0176 1
0.0177 2
0.0178 2
0.0179 2
0.018 2
0.0181 2
0.0182 2
0.0183 2
0.0184 1
0.0185 1
0.0186 1
0.0187 1
0.0188 1
0.0189 1
0.019 1
0.0191 1
0.0192 1
0.0193 1
0.0194 1
0.0195 1
0.0196 1
0.0197 1
0.0198 2
0.0199 2
0.02 2
0.0201 2
0.0202 2
0.0203 2
0.0204 2
0.0205 2
0.0206 2
0.0207 2
0.0208 3
0.0209 3
0.021 3
0.0211 2
0.0212 2
0.0213 2
0.0214 2
0.0215 2
0.0216 2
0.0217 3
0.0218 3
0.0219 4
0.022 3
0.0221 3
0.0222 3
0.0223 3
0.0224 3
0.0225 4
0.0226 4
0.0227 4
0.0228 4
0.0229 3
0.023 3
0.0231 3
0.0232 3
0.0233 3
0.0234 3
0.0235 2
0.0236 2
0.0237 2
0.0238 2
0.0239 2
0.024 2
0.0241 2
0.0242 2
0.0243 2
0.0244 3
0.0245 3
0.0246 3
0.0247 3
0.0248 3
0.0249 3
0.025 5
0.0251 5
0.0252 5
0.0253 5
0.0254 5
0.0255 6
0.0256 6
0.0257 6
0.0258 6
0.0259 5
0.026 5
0.0261 5
0.0262 4
0.0263 4
0.0264 3
0.0265 3
0.0266 4
0.0267 3
0.0268 3
0.0269 2
0.027 2
0.0271 2
0.0272 2
0.0273 2
0.0274 2
0.0275 2
0.0276 2
0.0277 2
0.0278 2
0.0279 3
0.028 3
0.0281 3
0.0282 3
0.0283 3
0.0284 3
0.0285 3
0.0286 4
0.0287 4
0.0288 4
0.0289 3
0.029 3
0.0291 3
0.0292 3
0.0293 3
0.0294 3
0.0295 3
0.0296 3
0.0297 3
0.0298 3
0.0299 3
0.03 3
0.0301 3
0.0302 3
0.0303 3
0.0304 2
0.0305 2
0.0306 2
0.0307 2
0.0308 2
0.0309 2
0.031 3
0.0311 3
0.0312 3
0.0313 2
0.0314 2
0.0315 2
0.0316 2
0.0317 2
0.0318 2
0.0319 2
0.032 2
0.0321 2
0.0322 2
0.0323 2
0.0324 2
0.0325 2
0.0326 2
0.0327 2
0.0328 2
0.0329 3
0.033 3
0.0331 2
0.0332 2
0.0333 3
0.0334 3
0.0335 3
0.0336 3
0.0337 3
0.0338 3
0.0339 3
0.034 4
0.0341 4
0.0342 3
0.0343 3
0.0344 3
0.0345 3
0.0346 3
0.0347 3
0.0348 2
0.0349 3
0.035 3
0.0351 3
0.0352 5
0.0353 5
0.0354 4
0.0355 3
0.0356 3
0.0357 3
0.0358 3
0.0359 3
0.036 3
0.0361 3
0.0362 3
0.0363 2
0.0364 1
0.0365 1
0.0366 1
0.0367 1
0.0368 1
0.0369 1
0.037 1
0.0371 1
0.0372 1
0.0373 1
0.0374 1
0.0375 1
0.0376 1
0.0377 1
0.0378 1
0.0379 2
0.038 2
0.0381 2
0.0382 2
0.0383 2
0.0384 3
0.0385 4
0.0386 4
0.0387 4
0.0388 4
0.0389 4
0.039 4
0.0391 4
0.0392 5
0.0393 4
0.0394 4
0.0395 4
0.0396 4
0.0397 4
0.0398 4
0.0399 4
0.04 5
0.0401 5
0.0402 6
0.0403 6
0.0404 7
0.0405 8
0.0406 8
0.0407 8
0.0408 8
0.0409 7
0.041 7
0.0411 7
0.0412 7
0.0413 7
0.0414 7
0.0415 7
0.0416 7
0.0417 6
0.0418 6
0.0419 6
0.042 6
0.0421 6
0.0422 6
0.0423 5
0.0424 6
0.0425 6
0.0426 5
0.0427 5
0.0428 5
0.0429 5
0.043 4
0.0431 3
0.0432 3
0.0433 3
0.0434 4
0.0435 4
0.0436 5
0.0437 5
0.0438 5
0.0439 5
0.044 4
0.0441 4
0.0442 4
0.0443 5
0.0444 5
0.0445 5
0.0446 5
0.0447 5
0.0448 6
0.0449 8
0.045 7
0.0451 6
0.0452 7
0.0453 6
0.0454 6
0.0455 6
0.0456 6
0.0457 5
0.0458 5
0.0459 4
0.046 5
0.0461 5
0.0462 5
0.0463 5
0.0464 5
0.0465 4
0.0466 4
0.0467 5
0.0468 5
0.0469 5
0.047 5
0.0471 5
0.0472 5
0.0473 5
0.0474 5
0.0475 5
0.0476 5
0.0477 5
0.0478 4
0.0479 4
0.048 5
0.0481 4
0.0482 3
0.0483 3
0.0484 3
0.0485 4
0.0486 5
0.0487 3
0.0488 2
0.0489 2
0.049 2
0.0491 2
0.0492 2
0.0493 2
0.0494 2
0.0495 2
0.0496 2
0.0497 2
0.0498 3
0.0499 2
0.05 3
0.0501 2
0.0502 3
0.0503 3
0.0504 3
0.0505 3
0.0506 3
0.0507 3
0.0508 4
0.0509 4
0.051 5
0.0511 5
0.0512 5
0.0513 5
0.0514 5
0.0515 4
0.0516 3
0.0517 4
0.0518 4
0.0519 4
0.052 5
0.0521 5
0.0522 5
0.0523 6
0.0524 5
0.0525 4
0.0526 4
0.0527 4
0.0528 4
0.0529 4
0.053 4
0.0531 4
0.0532 4
0.0533 4
0.0534 4
0.0535 4
0.0536 4
0.0537 4
0.0538 4
0.0539 4
0.054 5
0.0541 5
0.0542 4
0.0543 4
0.0544 4
0.0545 3
0.0546 3
0.0547 3
0.0548 4
0.0549 4
0.055 4
0.0551 4
0.0552 4
0.0553 4
0.0554 4
0.0555 3
0.0556 3
0.0557 3
0.0558 3
0.0559 2
0.056 2
0.0561 3
0.0562 3
0.0563 3
0.0564 3
0.0565 3
0.0566 3
0.0567 3
0.0568 3
0.0569 3
0.057 3
0.0571 3
0.0572 3
0.0573 3
0.0574 3
0.0575 3
0.0576 3
0.0577 4
0.0578 4
0.0579 3
0.058 3
0.0581 3
0.0582 3
0.0583 3
0.0584 3
0.0585 3
0.0586 3
0.0587 3
0.0588 1
0.0589 2
0.059 2
0.0591 3
0.0592 3
0.0593 3
0.0594 5
0.0595 4
0.0596 4
0.0597 4
0.0598 4
0.0599 3
0.06 2
0.0601 3
0.0602 3
0.0603 3
0.0604 2
0.0605 3
0.0606 3
0.0607 3
0.0608 4
0.0609 4
0.061 5
0.0611 5
0.0612 5
0.0613 5
0.0614 5
0.0615 5
0.0616 4
0.0617 4
0.0618 4
0.0619 3
0.062 3
0.0621 3
0.0622 3
0.0623 3
0.0624 3
0.0625 3
0.0626 3
0.0627 2
0.0628 1
0.0629 1
0.063 1
0.0631 1
0.0632 3
0.0633 3
0.0634 3
0.0635 4
0.0636 4
0.0637 3
0.0638 3
0.0639 3
0.064 3
0.0641 3
0.0642 3
0.0643 3
0.0644 3
0.0645 3
0.0646 3
0.0647 3
0.0648 3
0.0649 3
0.065 3
0.0651 3
0.0652 3
0.0653 4
0.0654 4
0.0655 4
0.0656 4
0.0657 4
0.0658 4
0.0659 4
0.066 4
0.0661 4
0.0662 4
0.0663 4
0.0664 3
0.0665 3
0.0666 2
0.0667 2
0.0668 2
0.0669 2
0.067 3
0.0671 4
0.0672 4
0.0673 4
0.0674 4
0.0675 4
0.0676 4
0.0677 4
0.0678 4
0.0679 4
0.068 4
0.0681 4
0.0682 4
0.0683 4
0.0684 4
0.0685 4
0.0686 3
0.0687 3
0.0688 3
0.0689 4
0.069 4
0.0691 4
0.0692 4
0.0693 4
0.0694 5
0.0695 5
0.0696 5
0.0697 6
0.0698 4
0.0699 4
0.07 4
0.0701 4
0.0702 4
0.0703 3
0.0704 3
0.0705 4
0.0706 3
0.0707 3
0.0708 3
0.0709 3
0.071 3
0.0711 3
0.0712 3
0.0713 4
0.0714 4
0.0715 4
0.0716 4
0.0717 4
0.0718 5
0.0719 5
0.072 5
0.0721 5
0.0722 5
0.0723 5
0.0724 5
0.0725 5
0.0726 5
0.0727 3
0.0728 3
0.0729 3
0.073 3
0.0731 3
0.0732 4
0.0733 4
0.0734 4
0.0735 4
0.0736 5
0.0737 6
0.0738 6
0.0739 6
0.074 7
0.0741 6
0.0742 6
0.0743 7
0.0744 7
0.0745 7
0.0746 7
0.0747 7
0.0748 7
0.0749 7
0.075 7
0.0751 7
0.0752 7
0.0753 7
0.0754 7
0.0755 7
0.0756 7
0.0757 7
0.0758 7
0.0759 7
0.076 6
0.0761 5
0.0762 4
0.0763 4
0.0764 5
0.0765 6
0.0766 7
0.0767 7
0.0768 7
0.0769 7
0.077 7
0.0771 7
0.0772 7
0.0773 6
0.0774 6
0.0775 6
0.0776 5
0.0777 5
0.0778 6
0.0779 4
0.078 4
0.0781 4
0.0782 4
0.0783 4
0.0784 5
0.0785 6
0.0786 6
0.0787 6
0.0788 6
0.0789 6
0.079 6
0.0791 6
0.0792 6
0.0793 7
0.0794 8
0.0795 8
0.0796 8
0.0797 8
0.0798 8
0.0799 8
0.08 7
0.0801 6
0.0802 6
0.0803 6
0.0804 6
0.0805 6
0.0806 6
0.0807 6
0.0808 6
0.0809 7
0.081 8
0.0811 8
0.0812 8
0.0813 8
0.0814 8
0.0815 9
0.0816 8
0.0817 8
0.0818 8
0.0819 8
0.082 8
0.0821 8
0.0822 8
0.0823 8
0.0824 10
0.0825 8
0.0826 8
0.0827 8
0.0828 10
0.0829 10
0.083 10
0.0831 9
0.0832 10
0.0833 9
0.0834 9
0.0835 9
0.0836 7
0.0837 7
0.0838 6
0.0839 7
0.084 7
0.0841 7
0.0842 6
0.0843 6
0.0844 6
0.0845 6
0.0846 6
0.0847 7
0.0848 8
0.0849 8
0.085 8
0.0851 8
0.0852 8
0.0853 8
0.0854 7
0.0855 6
0.0856 6
0.0857 6
0.0858 6
0.0859 7
0.086 7
0.0861 7
0.0862 7
0.0863 8
0.0864 8
0.0865 5
0.0866 6
0.0867 6
0.0868 5
0.0869 5
0.087 4
0.0871 4
0.0872 4
0.0873 4
0.0874 4
0.0875 4
0.0876 4
0.0877 4
0.0878 3
0.0879 2
0.088 3
0.0881 4
0.0882 4
0.0883 3
0.0884 3
0.0885 4
0.0886 4
0.0887 4
0.0888 2
0.0889 3
0.089 3
0.0891 2
0.0892 3
0.0893 3
0.0894 3
0.0895 3
0.0896 2
0.0897 3
0.0898 3
0.0899 3
0.09 3
0.0901 3
0.0902 3
0.0903 3
0.0904 3
0.0905 3
0.0906 3
0.0907 3
0.0908 2
0.0909 3
0.091 3
0.0911 3
0.0912 3
0.0913 4
0.0914 3
0.0915 2
0.0916 2
0.0917 2
0.0918 3
0.0919 3
0.092 3
0.0921 3
0.0922 2
0.0923 2
0.0924 2
0.0925 2
0.0926 2
0.0927 2
0.0928 2
0.0929 2
0.093 2
0.0931 2
0.0932 2
0.0933 2
0.0934 2
0.0935 2
0.0936 2
0.0937 2
0.0938 2
0.0939 2
0.094 2
0.0941 3
0.0942 3
0.0943 4
0.0944 4
0.0945 4
0.0946 4
0.0947 4
0.0948 4
0.0949 5
0.095 4
0.0951 4
0.0952 4
0.0953 4
0.0954 4
0.0955 4
0.0956 4
0.0957 4
0.0958 4
0.0959 4
0.096 4
0.0961 4
0.0962 3
0.0963 3
0.0964 3
0.0965 3
0.0966 3
0.0967 3
0.0968 4
0.0969 4
0.097 4
0.0971 4
0.0972 4
0.0973 4
0.0974 4
0.0975 4
0.0976 4
0.0977 4
0.0978 4
0.0979 4
0.098 5
0.0981 5
0.0982 5
0.0983 6
0.0984 5
0.0985 5
0.0986 5
0.0987 5
0.0988 5
0.0989 5
0.099 5
0.0991 4
0.0992 4
0.0993 5
0.0994 5
0.0995 5
0.0996 5
0.0997 6
0.0998 5
0.0999 5
0.1 5
