0 665
0.01 618
0.02 587
0.03 571
0.04 557
0.05 530
0.06 510
0.07 492
0.08 472
0.09 461
0.1 442
0.11 429
0.12 415
0.13 399
0.14 390
0.15 378
0.16 362
0.17 349
0.18 338
0.19 330
0.2 318
0.21 309
0.22 300
0.23 295
0.24 283
0.25 277
0.26 271
0.27 257
0.28 250
0.29 242
0.3 237
0.31 231
0.32 220
0.33 210
0.34 200
0.35 195
0.36 193
0.37 185
0.38 180
0.39 171
0.4 167
0.41 163
0.42 158
0.43 154
0.44 147
0.45 140
0.46 137
0.47 135
0.48 134
0.49 134
0.5 132
0.51 126
0.52 121
0.53 120
0.54 118
0.55 116
0.56 114
0.57 110
0.58 109
0.59 106
0.6 102
0.61 99
0.62 97
0.63 92
0.64 88
0.65 84
0.66 84
0.67 81
0.68 79
0.69 78
0.7 74
0.71 71
0.72 68
0.73 67
0.74 66
0.75 65
0.76 65
0.77 64
0.78 64
0.79 63
0.8 61
0.81 60
0.82 60
0.83 59
0.84 57
0.85 57
0.86 55
0.87 53
0.88 52
0.89 51
0.9 48
0.91 48
0.92 46
0.93 45
0.94 45
0.95 44
0.96 39
0.97 40
0.98 40
0.99 39
1 38
1.01 38
1.02 41
1.03 38
1.04 39
1.05 38
1.06 37
1.07 35
1.08 32
1.09 30
1.1 30
1.11 29
1.12 30
1.13 29
1.14 29
1.15 30
1.16 31
1.17 31
1.18 31
1.19 30
1.2 28
1.21 28
1.22 29
1.23 29
1.24 27
1.25 26
1.26 24
1.27 22
1.28 21
1.29 22
1.3 21
1.31 21
1.32 24
1.33 24
1.34 24
1.35 26
1.36 27
1.37 27
1.38 25
1.39 22
1.4 20
1.41 19
1.42 19
1.43 18
1.44 18
1.45 17
1.46 19
1.47 17
1.48 16
1.49 17
1.5 16
1.51 15
1.52 14
1.53 10
1.54 11
1.55 12
1.56 12
1.57 12
1.58 11
1.59 12
1.6 12
1.61 12
1.62 13
1.63 13
1.64 12
1.65 14
1.66 13
1.67 12
1.68 13
1.69 12
1.7 12
1.71 11
1.72 11
1.73 10
1.74 10
1.75 10
1.76 11
1.77 11
1.78 11
1.79 10
1.8 12
1.81 12
1.82 11
1.83 12
1.84 13
1.85 15
1.86 16
1.87 14
1.88 13
1.89 13
1.9 13
1.91 12
1.92 12
1.93 11
1.94 11
1.95 10
1.96 10
1.97 9
1.98 10
1.99 12
2 12
