0 0
0.0001 0
0.0002 0
0.0003 0
0.0004 0
0.0005 0
0.0006 0
0.0007 0
0.0008 0
0.0009 0
0.001 0
0.0011 0
0.0012 0
0.0013 0
0.0014 0
0.0015 0
0.0016 0
0.0017 0
0.0018 0
0.0019 0
0.002 0
0.0021 1
0.0022 1
0.0023 2
0.0024 2
0.0025 2
0.0026 2
0.0027 3
0.0028 4
0.0029 5
0.003 5
0.0031 6
0.0032 7
0.0033 9
0.0034 11
0.0035 13
0.0036 15
0.0037 17
0.0038 20
0.0039 20
0.004 24
0.0041 26
0.0042 29
0.0043 31
0.0044 34
0.0045 37
0.0046 40
0.0047 42
0.0048 45
0.0049 48
0.005 52
0.0051 56
0.0052 60
0.0053 64
0.0054 69
0.0055 73
0.0056 77
0.0057 81
0.0058 86
0.0059 89
0.006 94
0.0061 100
0.0062 105
0.0063 110
0.0064 114
0.0065 120
0.0066 122
0.0067 131
0.0068 138
0.0069 144
0.007 147
0.0071 155
0.0072 160
0.0073 166
0.0074 173
0.0075 178
0.0076 186
0.0077 192
0.0078 197
0.0079 203
0.008 209
0.0081 213
0.0082 221
0.0083 227
0.0084 233
0.0085 238
0.0086 243
0.0087 252
0.0088 259
0.0089 265
0.009 271
0.0091 280
0.0092 283
0.0093 290
0.0094 298
0.0095 304
0.0096 311
0.0097 317
0.0098 325
0.0099 332
0.01 337
0.0101 346
0.0102 351
0.0103 358
0.0104 366
0.0105 372
0.0106 378
0.0107 384
0.0108 389
0.0109 397
0.011 402
0.0111 408
0.0112 416
0.0113 422
0.0114 429
0.0115 436
0.0116 442
0.0117 450
0.0118 458
0.0119 464
0.012 472
0.0121 479
0.0122 487
0.0123 493
0.0124 500
0.0125 507
0.0126 515
0.0127 523
0.0128 529
0.0129 534
0.013 544
0.0131 552
0.0132 560
0.0133 568
0.0134 574
0.0135 583
0.0136 591
0.0137 596
0.0138 605
0.0139 612
0.014 623
0.0141 629
0.0142 640
0.0143 648
0.0144 657
0.0145 666
0.0146 675
0.0147 684
0.0148 693
0.0149 704
0.015 711
0.0151 719
0.0152 729
0.0153 737
0.0154 743
0.0155 756
0.0156 763
0.0157 772
0.0158 781
0.0159 792
0.016 801
0.0161 809
0.0162 817
0.0163 826
0.0164 837
0.0165 846
0.0166 855
0.0167 865
0.0168 873
0.0169 884
0.017 895
0.0171 905
0.0172 913
0.0173 920
0.0174 932
0.0175 940
0.0176 951
0.0177 962
0.0178 973
0.0179 981
0.018 991
0.0181 1001
0.0182 1012
0.0183 1019
0.0184 1030
0.0185 1038
0.0186 1045
0.0187 1058
0.0188 1067
0.0189 1076
0.019 1086
0.0191 1090
0.0192 1101
0.0193 1109
0.0194 1118
0.0195 1129
0.0196 1138
0.0197 1145
0.0198 1154
0.0199 1161
0.02 1172
0.0201 1181
0.0202 1187
0.0203 1194
0.0204 1203
0.0205 1214
0.0206 1223
0.0207 1228
0.0208 1240
0.0209 1252
0.021 1262
0.0211 1268
0.0212 1279
0.0213 1284
0.0214 1293
0.0215 1304
0.0216 1308
0.0217 1322
0.0218 1329
0.0219 1337
0.022 1347
0.0221 1351
0.0222 1362
0.0223 1370
0.0224 1377
0.0225 1386
0.0226 1397
0.0227 1404
0.0228 1410
0.0229 1422
0.023 1431
0.0231 1441
0.0232 1439
0.0233 1456
0.0234 1463
0.0235 1472
0.0236 1481
0.0237 1483
0.0238 1496
0.0239 1493
0.024 1512
0.0241 1517
0.0242 1524
0.0243 1530
0.0244 1538
0.0245 1551
0.0246 1557
0.0247 1562
0.0248 1565
0.0249 1575
0.025 1582
0.0251 1591
0.0252 1599
0.0253 1599
0.0254 1607
0.0255 1618
0.0256 1627
0.0257 1638
0.0258 1640
0.0259 1645
0.026 1658
0.0261 1662
0.0262 1676
0.0263 1687
0.0264 1680
0.0265 1693
0.0266 1691
0.0267 1705
0.0268 1713
0.0269 1722
0.027 1728
0.0271 1721
0.0272 1732
0.0273 1730
0.0274 1742
0.0275 1751
0.0276 1743
0.0277 1744
0.0278 1745
0.0279 1740
0.028 1738
0.0281 1742
0.0282 1735
0.0283 1736
0.0284 1718
0.0285 1691
0.0286 1660
0.0287 1635
0.0288 1610
0.0289 1584
0.029 1553
0.0291 1525
0.0292 1504
0.0293 1474
0.0294 1438
0.0295 1413
0.0296 1383
0.0297 1351
0.0298 1328
0.0299 1298
0.03 1274
0.0301 1254
0.0302 1224
0.0303 1202
0.0304 1172
0.0305 1148
0.0306 1117
0.0307 1090
0.0308 1064
0.0309 1051
0.031 1026
0.0311 1000
0.0312 977
0.0313 958
0.0314 928
0.0315 914
0.0316 903
0.0317 882
0.0318 853
0.0319 840
0.032 824
0.0321 800
0.0322 786
0.0323 766
0.0324 748
0.0325 743
0.0326 730
0.0327 707
0.0328 702
0.0329 698
0.033 679
0.0331 668
0.0332 651
0.0333 631
0.0334 624
0.0335 619
0.0336 618
0.0337 611
0.0338 597
0.0339 585
0.034 574
0.0341 567
0.0342 555
0.0343 537
0.0344 530
0.0345 516
0.0346 509
0.0347 493
0.0348 485
0.0349 473
0.035 461
0.0351 449
0.0352 443
0.0353 432
0.0354 421
0.0355 410
0.0356 402
0.0357 390
0.0358 385
0.0359 378
0.036 378
0.0361 372
0.0362 366
0.0363 366
0.0364 365
0.0365 357
0.0366 348
0.0367 344
0.0368 340
0.0369 332
0.037 333
0.0371 330
0.0372 334
0.0373 338
0.0374 339
0.0375 342
0.0376 343
0.0377 345
0.0378 345
0.0379 346
0.038 349
0.0381 341
0.0382 337
0.0383 336
0.0384 343
0.0385 363
0.0386 387
0.0387 426
0.0388 441
0.0389 455
0.039 468
0.0391 481
0.0392 479
0.0393 478
0.0394 484
0.0395 478
0.0396 475
0.0397 475
0.0398 479
0.0399 480
0.04 482
0.0401 477
0.0402 466
0.0403 458
0.0404 451
0.0405 440
0.0406 437
0.0407 448
0.0408 442
0.0409 436
0.041 437
0.0411 434
0.0412 438
0.0413 435
0.0414 431
0.0415 427
0.0416 423
0.0417 422
0.0418 416
0.0419 413
0.042 425
0.0421 416
0.0422 405
0.0423 400
0.0424 398
0.0425 396
0.0426 387
0.0427 379
0.0428 375
0.0429 371
0.043 363
0.0431 360
0.0432 356
0.0433 348
0.0434 349
0.0435 340
0.0436 333
0.0437 330
0.0438 326
0.0439 325
0.044 330
0.0441 331
0.0442 327
0.0443 334
0.0444 330
0.0445 335
0.0446 335
0.0447 327
0.0448 328
0.0449 327
0.045 322
0.0451 320
0.0452 323
0.0453 320
0.0454 321
0.0455 314
0.0456 316
0.0457 319
0.0458 313
0.0459 312
0.046 313
0.0461 313
0.0462 306
0.0463 301
0.0464 301
0.0465 290
0.0466 284
0.0467 285
0.0468 286
0.0469 279
0.047 269
0.0471 270
0.0472 262
0.0473 251
0.0474 245
0.0475 237
0.0476 234
0.0477 235
0.0478 239
0.0479 239
0.048 235
0.0481 239
0.0482 242
0.0483 244
0.0484 252
0.0485 252
0.0486 252
0.0487 251
0.0488 250
0.0489 253
0.049 256
0.0491 254
0.0492 256
0.0493 253
0.0494 247
0.0495 240
0.0496 239
0.0497 243
0.0498 243
0.0499 240
0.05 239
0.0501 243
0.0502 245
0.0503 252
0.0504 253
0.0505 254
0.0506 258
0.0507 258
0.0508 262
0.0509 264
0.051 273
0.0511 278
0.0512 277
0.0513 271
0.0514 273
0.0515 275
0.0516 274
0.0517 269
0.0518 265
0.0519 261
0.052 258
0.0521 266
0.0522 267
0.0523 266
0.0524 265
0.0525 266
0.0526 267
0.0527 264
0.0528 262
0.0529 249
0.053 244
0.0531 242
0.0532 240
0.0533 242
0.0534 239
0.0535 232
0.0536 229
0.0537 226
0.0538 222
0.0539 222
0.054 222
0.0541 221
0.0542 223
0.0543 228
0.0544 228
0.0545 227
0.0546 231
0.0547 243
0.0548 247
0.0549 253
0.055 260
0.0551 267
0.0552 269
0.0553 272
0.0554 267
0.0555 274
0.0556 275
0.0557 278
0.0558 278
0.0559 279
0.056 271
0.0561 269
0.0562 270
0.0563 272
0.0564 264
0.0565 266
0.0566 269
0.0567 273
0.0568 270
0.0569 278
0.057 284
0.0571 289
0.0572 291
0.0573 291
0.0574 285
0.0575 281
0.0576 281
0.0577 287
0.0578 286
0.0579 283
0.058 272
0.0581 266
0.0582 270
0.0583 261
0.0584 261
0.0585 259
0.0586 271
0.0587 277
0.0588 278
0.0589 280
0.059 273
0.0591 274
0.0592 272
0.0593 269
0.0594 266
0.0595 267
0.0596 269
0.0597 267
0.0598 264
0.0599 264
0.06 260
0.0601 257
0.0602 256
0.0603 254
0.0604 252
0.0605 251
0.0606 250
0.0607 252
0.0608 251
0.0609 249
0.061 247
0.0611 249
0.0612 247
0.0613 250
0.0614 253
0.0615 252
0.0616 249
0.0617 245
0.0618 246
0.0619 247
0.062 251
0.0621 252
0.0622 254
0.0623 257
0.0624 256
0.0625 252
0.0626 250
0.0627 245
0.0628 242
0.0629 241
0.063 236
0.0631 241
0.0632 237
0.0633 236
0.0634 228
0.0635 228
0.0636 226
0.0637 224
0.0638 220
0.0639 214
0.064 208
0.0641 202
0.0642 202
0.0643 199
0.0644 195
0.0645 192
0.0646 195
0.0647 199
0.0648 202
0.0649 201
0.065 201
0.0651 199
0.0652 209
0.0653 226
0.0654 258
0.0655 278
0.0656 286
0.0657 293
0.0658 293
0.0659 292
0.066 293
0.0661 306
0.0662 308
0.0663 314
0.0664 319
0.0665 318
0.0666 329
0.0667 335
0.0668 330
0.0669 335
0.067 335
0.0671 332
0.0672 324
0.0673 323
0.0674 325
0.0675 322
0.0676 325
0.0677 328
0.0678 338
0.0679 337
0.068 334
0.0681 320
0.0682 318
0.0683 311
0.0684 309
0.0685 301
0.0686 291
0.0687 291
0.0688 287
0.0689 281
0.069 277
0.0691 278
0.0692 275
0.0693 273
0.0694 269
0.0695 266
0.0696 268
0.0697 265
0.0698 263
0.0699 262
0.07 257
0.0701 256
0.0702 254
0.0703 257
0.0704 262
0.0705 262
0.0706 266
0.0707 267
0.0708 266
0.0709 271
0.071 270
0.0711 269
0.0712 275
0.0713 268
0.0714 267
0.0715 258
0.0716 253
0.0717 254
0.0718 257
0.0719 265
0.072 266
0.0721 260
0.0722 264
0.0723 259
0.0724 256
0.0725 255
0.0726 266
0.0727 268
0.0728 269
0.0729 283
0.073 287
0.0731 303
0.0732 306
0.0733 312
0.0734 318
0.0735 318
0.0736 315
0.0737 313
0.0738 308
0.0739 304
0.074 303
0.0741 299
0.0742 295
0.0743 286
0.0744 283
0.0745 279
0.0746 273
0.0747 272
0.0748 276
0.0749 277
0.075 271
0.0751 272
0.0752 269
0.0753 277
0.0754 279
0.0755 280
0.0756 286
0.0757 290
0.0758 286
0.0759 285
0.076 279
0.0761 279
0.0762 268
0.0763 265
0.0764 259
0.0765 253
0.0766 247
0.0767 243
0.0768 234
0.0769 230
0.077 229
0.0771 225
0.0772 224
0.0773 221
0.0774 216
0.0775 213
0.0776 209
0.0777 204
0.0778 201
0.0779 199
0.078 195
0.0781 197
0.0782 198
0.0783 195
0.0784 202
0.0785 201
0.0786 198
0.0787 197
0.0788 195
0.0789 192
0.079 193
0.0791 194
0.0792 190
0.0793 190
0.0794 186
0.0795 180
0.0796 178
0.0797 174
0.0798 175
0.0799 174
0.08 173
0.0801 169
0.0802 167
0.0803 167
0.0804 171
0.0805 171
0.0806 175
0.0807 179
0.0808 184
0.0809 197
0.081 211
0.0811 233
0.0812 242
0.0813 251
0.0814 259
0.0815 261
0.0816 268
0.0817 266
0.0818 266
0.0819 266
0.082 265
0.0821 267
0.0822 267
0.0823 266
0.0824 265
0.0825 261
0.0826 266
0.0827 257
0.0828 262
0.0829 259
0.083 260
0.0831 260
0.0832 259
0.0833 260
0.0834 257
0.0835 254
0.0836 252
0.0837 250
0.0838 249
0.0839 248
0.084 249
0.0841 253
0.0842 250
0.0843 250
0.0844 251
0.0845 243
0.0846 242
0.0847 234
0.0848 231
0.0849 227
0.085 225
0.0851 221
0.0852 219
0.0853 211
0.0854 207
0.0855 207
0.0856 205
0.0857 203
0.0858 205
0.0859 203
0.086 197
0.0861 196
0.0862 194
0.0863 194
0.0864 203
0.0865 203
0.0866 211
0.0867 212
0.0868 213
0.0869 209
0.087 208
0.0871 208
0.0872 203
0.0873 202
0.0874 196
0.0875 199
0.0876 198
0.0877 206
0.0878 208
0.0879 204
0.088 211
0.0881 212
0.0882 209
0.0883 208
0.0884 213
0.0885 211
0.0886 211
0.0887 210
0.0888 209
0.0889 213
0.089 215
0.0891 221
0.0892 220
0.0893 222
0.0894 231
0.0895 232
0.0896 232
0.0897 234
0.0898 245
0.0899 249
0.09 251
0.0901 249
0.0902 247
0.0903 247
0.0904 244
0.0905 252
0.0906 257
0.0907 264
0.0908 262
0.0909 265
0.091 275
0.0911 285
0.0912 289
0.0913 297
0.0914 304
0.0915 311
0.0916 309
0.0917 308
0.0918 307
0.0919 306
0.092 313
0.0921 311
0.0922 311
0.0923 318
0.0924 320
0.0925 326
0.0926 330
0.0927 325
0.0928 323
0.0929 327
0.093 325
0.0931 324
0.0932 326
0.0933 329
0.0934 328
0.0935 330
0.0936 329
0.0937 329
0.0938 330
0.0939 333
0.094 335
0.0941 330
0.0942 336
0.0943 338
0.0944 335
0.0945 334
0.0946 337
0.0947 341
0.0948 340
0.0949 340
0.095 343
0.0951 344
0.0952 342
0.0953 347
0.0954 349
0.0955 349
0.0956 351
0.0957 355
0.0958 356
0.0959 360
0.096 362
0.0961 364
0.0962 367
0.0963 369
0.0964 373
0.0965 377
0.0966 380
0.0967 381
0.0968 385
0.0969 388
0.097 392
0.0971 399
0.0972 403
0.0973 408
0.0974 412
0.0975 417
0.0976 420
0.0977 428
0.0978 432
0.0979 439
0.098 441
0.0981 450
0.0982 456
0.0983 461
0.0984 467
0.0985 473
0.0986 479
0.0987 482
0.0988 488
0.0989 495
0.099 500
0.0991 503
0.0992 509
0.0993 515
0.0994 519
0.0995 526
0.0996 532
0.0997 538
0.0998 544
0.0999 548
0.1 556
0.1001 562
0.1002 566
0.1003 572
0.1004 577
0.1005 585
0.1006 589
0.1007 595
0.1008 602
0.1009 606
0.101 613
0.1011 618
0.1012 624
0.1013 632
0.1014 637
0.1015 642
0.1016 651
0.1017 658
0.1018 664
0.1019 671
0.102 677
0.1021 680
0.1022 689
0.1023 694
0.1024 702
0.1025 708
0.1026 715
0.1027 720
0.1028 729
0.1029 737
0.103 741
0.1031 744
0.1032 753
0.1033 760
0.1034 767
0.1035 773
0.1036 778
0.1037 785
0.1038 790
0.1039 796
0.104 802
0.1041 811
0.1042 820
0.1043 826
0.1044 834
0.1045 842
0.1046 846
0.1047 855
0.1048 860
0.1049 868
0.105 873
0.1051 883
0.1052 889
0.1053 893
0.1054 904
0.1055 912
0.1056 920
0.1057 926
0.1058 935
0.1059 943
0.106 951
0.1061 957
0.1062 967
0.1063 973
0.1064 982
0.1065 990
0.1066 998
0.1067 1003
0.1068 1012
0.1069 1020
0.107 1030
0.1071 1036
0.1072 1046
0.1073 1053
0.1074 1060
0.1075 1066
0.1076 1077
0.1077 1083
0.1078 1091
0.1079 1101
0.108 1107
0.1081 1117
0.1082 1129
0.1083 1136
0.1084 1142
0.1085 1152
0.1086 1160
0.1087 1166
0.1088 1177
0.1089 1190
0.109 1196
0.1091 1206
0.1092 1210
0.1093 1223
0.1094 1229
0.1095 1242
0.1096 1249
0.1097 1258
0.1098 1264
0.1099 1273
0.11 1285
0.1101 1289
0.1102 1298
0.1103 1312
0.1104 1320
0.1105 1326
0.1106 1337
0.1107 1342
0.1108 1351
0.1109 1360
0.111 1369
0.1111 1374
0.1112 1383
0.1113 1394
0.1114 1404
0.1115 1408
0.1116 1415
0.1117 1422
0.1118 1431
0.1119 1438
0.112 1451
0.1121 1460
0.1122 1468
0.1123 1472
0.1124 1485
0.1125 1489
0.1126 1500
0.1127 1505
0.1128 1516
0.1129 1515
0.113 1527
0.1131 1537
0.1132 1547
0.1133 1558
0.1134 1557
0.1135 1574
0.1136 1576
0.1137 1585
0.1138 1596
0.1139 1600
0.114 1611
0.1141 1618
0.1142 1627
0.1143 1628
0.1144 1629
0.1145 1643
0.1146 1641
0.1147 1660
0.1148 1660
0.1149 1657
0.115 1656
0.1151 1659
0.1152 1657
0.1153 1643
0.1154 1634
0.1155 1620
0.1156 1603
0.1157 1596
0.1158 1576
0.1159 1547
0.116 1528
0.1161 1511
0.1162 1469
0.1163 1439
0.1164 1405
0.1165 1378
0.1166 1349
0.1167 1326
0.1168 1300
0.1169 1271
0.117 1250
0.1171 1216
0.1172 1195
0.1173 1151
0.1174 1131
0.1175 1106
0.1176 1083
0.1177 1060
0.1178 1053
0.1179 1034
0.118 1013
0.1181 989
0.1182 968
0.1183 942
0.1184 919
0.1185 900
0.1186 882
0.1187 856
0.1188 838
0.1189 827
0.119 814
0.1191 802
0.1192 787
0.1193 779
0.1194 755
0.1195 734
0.1196 726
0.1197 709
0.1198 698
0.1199 688
0.12 677
0.1201 676
0.1202 670
0.1203 657
0.1204 646
0.1205 640
0.1206 623
0.1207 611
0.1208 604
0.1209 592
0.121 583
0.1211 583
0.1212 586
0.1213 580
0.1214 562
0.1215 557
0.1216 555
0.1217 555
0.1218 547
0.1219 538
0.122 533
0.1221 524
0.1222 523
0.1223 514
0.1224 509
0.1225 503
0.1226 499
0.1227 492
0.1228 494
0.1229 489
0.123 488
0.1231 481
0.1232 472
0.1233 470
0.1234 463
0.1235 456
0.1236 459
0.1237 451
0.1238 443
0.1239 445
0.124 435
0.1241 428
0.1242 423
0.1243 424
0.1244 412
0.1245 410
0.1246 404
0.1247 398
0.1248 396
0.1249 395
0.125 398
0.1251 399
0.1252 402
0.1253 402
0.1254 399
0.1255 400
0.1256 395
0.1257 396
0.1258 391
0.1259 385
0.126 387
0.1261 389
0.1262 387
0.1263 383
0.1264 383
0.1265 384
0.1266 384
0.1267 379
0.1268 379
0.1269 376
0.127 373
0.1271 366
0.1272 352
0.1273 339
0.1274 329
0.1275 322
0.1276 319
0.1277 320
0.1278 312
0.1279 307
0.128 299
0.1281 295
0.1282 289
0.1283 286
0.1284 287
0.1285 286
0.1286 286
0.1287 287
0.1288 289
0.1289 291
0.129 294
0.1291 306
0.1292 304
0.1293 304
0.1294 311
0.1295 320
0.1296 317
0.1297 316
0.1298 308
0.1299 312
0.13 312
0.1301 305
0.1302 299
0.1303 297
0.1304 292
0.1305 285
0.1306 288
0.1307 281
0.1308 274
0.1309 273
0.131 277
0.1311 273
0.1312 266
0.1313 259
0.1314 265
0.1315 255
0.1316 252
0.1317 249
0.1318 255
0.1319 261
0.132 261
0.1321 263
0.1322 260
0.1323 265
0.1324 259
0.1325 256
0.1326 256
0.1327 254
0.1328 257
0.1329 249
0.133 243
0.1331 246
0.1332 245
0.1333 246
0.1334 242
0.1335 244
0.1336 243
0.1337 244
0.1338 240
0.1339 237
0.134 236
0.1341 237
0.1342 232
0.1343 228
0.1344 233
0.1345 237
0.1346 239
0.1347 235
0.1348 231
0.1349 231
0.135 227
0.1351 224
0.1352 220
0.1353 223
0.1354 229
0.1355 233
0.1356 238
0.1357 244
0.1358 253
0.1359 259
0.136 267
0.1361 269
0.1362 264
0.1363 273
0.1364 273
0.1365 269
0.1366 266
0.1367 266
0.1368 261
0.1369 254
0.137 249
0.1371 238
0.1372 232
0.1373 228
0.1374 226
0.1375 222
0.1376 223
0.1377 222
0.1378 218
0.1379 216
0.138 216
0.1381 221
0.1382 222
0.1383 222
0.1384 228
0.1385 222
0.1386 215
0.1387 214
0.1388 211
0.1389 205
0.139 202
0.1391 198
0.1392 202
0.1393 201
0.1394 204
0.1395 207
0.1396 212
0.1397 214
0.1398 208
0.1399 207
0.14 206
0.1401 201
0.1402 205
0.1403 209
0.1404 212
0.1405 228
0.1406 232
0.1407 242
0.1408 248
0.1409 251
0.141 254
0.1411 257
0.1412 253
0.1413 248
0.1414 242
0.1415 239
0.1416 244
0.1417 250
0.1418 250
0.1419 253
0.142 254
0.1421 253
0.1422 245
0.1423 244
0.1424 247
0.1425 238
0.1426 240
0.1427 240
0.1428 243
0.1429 242
0.143 245
0.1431 255
0.1432 255
0.1433 263
0.1434 262
0.1435 270
0.1436 269
0.1437 278
0.1438 282
0.1439 283
0.144 278
0.1441 282
0.1442 278
0.1443 278
0.1444 278
0.1445 273
0.1446 270
0.1447 266
0.1448 261
0.1449 254
0.145 247
0.1451 245
0.1452 239
0.1453 239
0.1454 241
0.1455 241
0.1456 231
0.1457 237
0.1458 239
0.1459 240
0.146 249
0.1461 256
0.1462 263
0.1463 272
0.1464 271
0.1465 272
0.1466 273
0.1467 276
0.1468 283
0.1469 295
0.147 294
0.1471 299
0.1472 302
0.1473 302
0.1474 307
0.1475 307
0.1476 302
0.1477 297
0.1478 299
0.1479 298
0.148 294
0.1481 293
0.1482 294
0.1483 291
0.1484 297
0.1485 300
0.1486 299
0.1487 307
0.1488 306
0.1489 305
0.149 313
0.1491 310
0.1492 305
0.1493 306
0.1494 307
0.1495 306
0.1496 306
0.1497 302
0.1498 304
0.1499 313
0.15 331
0.1501 344
0.1502 350
0.1503 347
0.1504 345
0.1505 338
0.1506 333
0.1507 328
0.1508 326
0.1509 316
0.151 315
0.1511 307
0.1512 304
0.1513 305
0.1514 295
0.1515 294
0.1516 293
0.1517 297
0.1518 298
0.1519 294
0.152 297
0.1521 300
0.1522 296
0.1523 290
0.1524 288
0.1525 285
0.1526 281
0.1527 278
0.1528 275
0.1529 274
0.153 270
0.1531 276
0.1532 275
0.1533 273
0.1534 275
0.1535 279
0.1536 280
0.1537 276
0.1538 278
0.1539 275
0.154 277
0.1541 288
0.1542 302
0.1543 319
0.1544 334
0.1545 339
0.1546 344
0.1547 356
0.1548 359
0.1549 370
0.155 368
0.1551 365
0.1552 361
0.1553 355
0.1554 341
0.1555 329
0.1556 326
0.1557 328
0.1558 327
0.1559 328
0.156 325
0.1561 323
0.1562 322
0.1563 322
0.1564 309
0.1565 305
0.1566 306
0.1567 305
0.1568 308
0.1569 296
0.157 292
0.1571 291
0.1572 283
0.1573 279
0.1574 279
0.1575 273
0.1576 268
0.1577 259
0.1578 255
0.1579 252
0.158 248
0.1581 250
0.1582 247
0.1583 241
0.1584 240
0.1585 238
0.1586 233
0.1587 229
0.1588 227
0.1589 224
0.159 224
0.1591 227
0.1592 226
0.1593 225
0.1594 222
0.1595 219
0.1596 219
0.1597 211
0.1598 210
0.1599 209
0.16 203
0.1601 200
0.1602 197
0.1603 193
0.1604 195
0.1605 191
0.1606 187
0.1607 187
0.1608 189
0.1609 183
0.161 183
0.1611 184
0.1612 181
0.1613 177
0.1614 175
0.1615 177
0.1616 182
0.1617 187
0.1618 191
0.1619 203
0.162 214
0.1621 214
0.1622 218
0.1623 224
0.1624 225
0.1625 230
0.1626 233
0.1627 241
0.1628 243
0.1629 252
0.163 254
0.1631 248
0.1632 238
0.1633 239
0.1634 239
0.1635 237
0.1636 230
0.1637 230
0.1638 226
0.1639 236
0.164 230
0.1641 234
0.1642 232
0.1643 229
0.1644 226
0.1645 222
0.1646 221
0.1647 218
0.1648 217
0.1649 213
0.165 211
0.1651 206
0.1652 204
0.1653 209
0.1654 204
0.1655 206
0.1656 204
0.1657 204
0.1658 201
0.1659 201
0.166 199
0.1661 200
0.1662 205
0.1663 205
0.1664 206
0.1665 215
0.1666 225
0.1667 228
0.1668 227
0.1669 233
0.167 244
0.1671 252
0.1672 266
0.1673 271
0.1674 277
0.1675 280
0.1676 287
0.1677 289
0.1678 293
0.1679 285
0.168 280
0.1681 273
0.1682 267
0.1683 272
0.1684 278
0.1685 289
0.1686 294
0.1687 292
0.1688 290
0.1689 287
0.169 285
0.1691 277
0.1692 269
0.1693 265
0.1694 261
0.1695 262
0.1696 258
0.1697 261
0.1698 268
0.1699 261
0.17 263
0.1701 271
0.1702 274
0.1703 279
0.1704 272
0.1705 290
0.1706 296
0.1707 302
0.1708 303
0.1709 304
0.171 307
0.1711 305
0.1712 302
0.1713 303
0.1714 309
0.1715 311
0.1716 317
0.1717 329
0.1718 329
0.1719 330
0.172 324
0.1721 328
0.1722 329
0.1723 332
0.1724 337
0.1725 334
0.1726 344
0.1727 349
0.1728 343
0.1729 345
0.173 344
0.1731 346
0.1732 354
0.1733 358
0.1734 351
0.1735 353
0.1736 354
0.1737 356
0.1738 362
0.1739 364
0.174 366
0.1741 369
0.1742 373
0.1743 372
0.1744 376
0.1745 375
0.1746 370
0.1747 365
0.1748 368
0.1749 375
0.175 378
0.1751 378
0.1752 383
0.1753 388
0.1754 389
0.1755 383
0.1756 386
0.1757 386
0.1758 389
0.1759 389
0.176 391
0.1761 388
0.1762 395
0.1763 393
0.1764 392
0.1765 394
0.1766 395
0.1767 397
0.1768 398
0.1769 398
0.177 395
0.1771 400
0.1772 402
0.1773 400
0.1774 403
0.1775 403
0.1776 404
0.1777 405
0.1778 407
0.1779 409
0.178 410
0.1781 412
0.1782 411
0.1783 413
0.1784 415
0.1785 414
0.1786 419
0.1787 419
0.1788 422
0.1789 423
0.179 425
0.1791 430
0.1792 430
0.1793 433
0.1794 432
0.1795 437
0.1796 438
0.1797 442
0.1798 443
0.1799 447
0.18 449
0.1801 450
0.1802 454
0.1803 456
0.1804 459
0.1805 461
0.1806 466
0.1807 468
0.1808 468
0.1809 472
0.181 476
0.1811 476
0.1812 480
0.1813 483
0.1814 489
0.1815 493
0.1816 497
0.1817 500
0.1818 502
0.1819 507
0.182 510
0.1821 515
0.1822 518
0.1823 525
0.1824 528
0.1825 531
0.1826 534
0.1827 539
0.1828 546
0.1829 549
0.183 552
0.1831 556
0.1832 561
0.1833 564
0.1834 572
0.1835 576
0.1836 582
0.1837 587
0.1838 591
0.1839 596
0.184 599
0.1841 606
0.1842 609
0.1843 615
0.1844 622
0.1845 624
0.1846 631
0.1847 637
0.1848 641
0.1849 646
0.185 652
0.1851 655
0.1852 665
0.1853 669
0.1854 674
0.1855 681
0.1856 688
0.1857 694
0.1858 698
0.1859 706
0.186 711
0.1861 719
0.1862 724
0.1863 733
0.1864 739
0.1865 748
0.1866 757
0.1867 765
0.1868 772
0.1869 780
0.187 788
0.1871 796
0.1872 805
0.1873 813
0.1874 819
0.1875 827
0.1876 835
0.1877 841
0.1878 848
0.1879 858
0.188 865
0.1881 874
0.1882 880
0.1883 892
0.1884 900
0.1885 905
0.1886 913
0.1887 921
0.1888 929
0.1889 938
0.189 944
0.1891 953
0.1892 961
0.1893 965
0.1894 976
0.1895 984
0.1896 994
0.1897 998
0.1898 1008
0.1899 1017
0.19 1025
0.1901 1034
0.1902 1038
0.1903 1049
0.1904 1057
0.1905 1065
0.1906 1071
0.1907 1080
0.1908 1090
0.1909 1096
0.191 1102
0.1911 1109
0.1912 1117
0.1913 1122
0.1914 1135
0.1915 1136
0.1916 1144
0.1917 1156
0.1918 1162
0.1919 1167
0.192 1178
0.1921 1184
0.1922 1189
0.1923 1200
0.1924 1203
0.1925 1213
0.1926 1219
0.1927 1229
0.1928 1236
0.1929 1244
0.193 1249
0.1931 1258
0.1932 1259
0.1933 1266
0.1934 1278
0.1935 1285
0.1936 1292
0.1937 1298
0.1938 1308
0.1939 1311
0.194 1319
0.1941 1325
0.1942 1329
0.1943 1338
0.1944 1343
0.1945 1353
0.1946 1359
0.1947 1369
0.1948 1370
0.1949 1378
0.195 1380
0.1951 1391
0.1952 1398
0.1953 1404
0.1954 1414
0.1955 1421
0.1956 1418
0.1957 1431
0.1958 1440
0.1959 1447
0.196 1455
0.1961 1455
0.1962 1462
0.1963 1470
0.1964 1478
0.1965 1482
0.1966 1487
0.1967 1488
0.1968 1498
0.1969 1499
0.197 1507
0.1971 1518
0.1972 1523
0.1973 1527
0.1974 1529
0.1975 1532
0.1976 1537
0.1977 1542
0.1978 1541
0.1979 1547
0.198 1546
0.1981 1559
0.1982 1567
0.1983 1574
0.1984 1564
0.1985 1579
0.1986 1585
0.1987 1586
0.1988 1587
0.1989 1586
0.199 1583
0.1991 1576
0.1992 1557
0.1993 1538
0.1994 1519
0.1995 1495
0.1996 1471
0.1997 1438
0.1998 1399
0.1999 1365
0.2 1342
0.2001 1311
0.2002 1281
0.2003 1263
0.2004 1230
0.2005 1197
0.2006 1169
0.2007 1140
0.2008 1117
0.2009 1086
0.201 1059
0.2011 1034
0.2012 1000
0.2013 974
0.2014 955
0.2015 931
0.2016 912
0.2017 879
0.2018 857
0.2019 837
0.202 814
0.2021 805
0.2022 781
0.2023 766
0.2024 754
0.2025 740
0.2026 725
0.2027 714
0.2028 690
0.2029 670
0.203 659
0.2031 643
0.2032 636
0.2033 619
0.2034 602
0.2035 587
0.2036 574
0.2037 562
0.2038 555
0.2039 541
0.204 535
0.2041 530
0.2042 525
0.2043 525
0.2044 515
0.2045 502
0.2046 491
0.2047 483
0.2048 482
0.2049 471
0.205 466
0.2051 456
0.2052 450
0.2053 446
0.2054 438
0.2055 429
0.2056 421
0.2057 420
0.2058 409
0.2059 405
0.206 404
0.2061 395
0.2062 398
0.2063 398
0.2064 394
0.2065 386
0.2066 387
0.2067 388
0.2068 382
0.2069 378
0.207 378
0.2071 379
0.2072 380
0.2073 390
0.2074 395
0.2075 402
0.2076 407
0.2077 410
0.2078 409
0.2079 396
0.208 398
0.2081 395
0.2082 389
0.2083 385
0.2084 376
0.2085 375
0.2086 371
0.2087 371
0.2088 371
0.2089 367
0.209 356
0.2091 348
0.2092 345
0.2093 339
0.2094 341
0.2095 337
0.2096 332
0.2097 325
0.2098 328
0.2099 326
0.21 326
0.2101 325
0.2102 321
0.2103 317
0.2104 307
0.2105 304
0.2106 297
0.2107 294
0.2108 295
0.2109 298
0.211 299
0.2111 295
0.2112 293
0.2113 298
0.2114 307
0.2115 307
0.2116 306
0.2117 301
0.2118 298
0.2119 291
0.212 295
0.2121 291
0.2122 284
0.2123 278
0.2124 273
0.2125 269
0.2126 262
0.2127 252
0.2128 248
0.2129 239
0.213 232
0.2131 218
0.2132 221
0.2133 222
0.2134 220
0.2135 223
0.2136 227
0.2137 224
0.2138 230
0.2139 234
0.214 236
0.2141 227
0.2142 224
0.2143 220
0.2144 217
0.2145 221
0.2146 217
0.2147 218
0.2148 214
0.2149 214
0.215 215
0.2151 214
0.2152 213
0.2153 221
0.2154 224
0.2155 232
0.2156 232
0.2157 239
0.2158 244
0.2159 249
0.216 250
0.2161 252
0.2162 254
0.2163 254
0.2164 260
0.2165 256
0.2166 258
0.2167 260
0.2168 263
0.2169 257
0.217 253
0.2171 259
0.2172 261
0.2173 265
0.2174 266
0.2175 269
0.2176 271
0.2177 268
0.2178 265
0.2179 268
0.218 265
0.2181 266
0.2182 264
0.2183 259
0.2184 252
0.2185 252
0.2186 250
0.2187 251
0.2188 254
0.2189 254
0.219 261
0.2191 268
0.2192 269
0.2193 273
0.2194 269
0.2195 263
0.2196 259
0.2197 257
0.2198 257
0.2199 255
0.22 254
0.2201 252
0.2202 250
0.2203 251
0.2204 247
0.2205 244
0.2206 238
0.2207 243
0.2208 241
0.2209 238
0.221 237
0.2211 233
0.2212 233
0.2213 229
0.2214 229
0.2215 220
0.2216 223
0.2217 227
0.2218 225
0.2219 228
0.222 228
0.2221 222
0.2222 221
0.2223 221
0.2224 217
0.2225 216
0.2226 220
0.2227 218
0.2228 211
0.2229 212
0.223 214
0.2231 212
0.2232 211
0.2233 212
0.2234 207
0.2235 208
0.2236 203
0.2237 202
0.2238 202
0.2239 198
0.224 203
0.2241 205
0.2242 224
0.2243 237
0.2244 245
0.2245 255
0.2246 262
0.2247 261
0.2248 270
0.2249 268
0.225 270
0.2251 269
0.2252 269
0.2253 263
0.2254 262
0.2255 264
0.2256 257
0.2257 252
0.2258 247
0.2259 243
0.226 245
0.2261 250
0.2262 251
0.2263 253
0.2264 261
0.2265 254
0.2266 261
0.2267 265
0.2268 273
0.2269 287
0.227 295
0.2271 305
0.2272 309
0.2273 316
0.2274 321
0.2275 325
0.2276 325
0.2277 328
0.2278 323
0.2279 327
0.228 322
0.2281 321
0.2282 317
0.2283 318
0.2284 323
0.2285 322
0.2286 328
0.2287 339
0.2288 347
0.2289 352
0.229 360
0.2291 367
0.2292 371
0.2293 368
0.2294 362
0.2295 360
0.2296 358
0.2297 357
0.2298 355
0.2299 351
0.23 350
0.2301 351
0.2302 343
0.2303 336
0.2304 340
0.2305 344
0.2306 340
0.2307 342
0.2308 345
0.2309 345
0.231 342
0.2311 339
0.2312 345
0.2313 352
0.2314 356
0.2315 358
0.2316 360
0.2317 362
0.2318 363
0.2319 366
0.232 361
0.2321 362
0.2322 360
0.2323 365
0.2324 363
0.2325 359
0.2326 357
0.2327 353
0.2328 346
0.2329 340
0.233 343
0.2331 349
0.2332 342
0.2333 345
0.2334 340
0.2335 339
0.2336 335
0.2337 332
0.2338 328
0.2339 329
0.234 326
0.2341 325
0.2342 328
0.2343 324
0.2344 326
0.2345 336
0.2346 342
0.2347 349
0.2348 357
0.2349 363
0.235 370
0.2351 369
0.2352 358
0.2353 352
0.2354 353
0.2355 346
0.2356 346
0.2357 340
0.2358 338
0.2359 337
0.236 342
0.2361 350
0.2362 351
0.2363 358
0.2364 369
0.2365 368
0.2366 368
0.2367 364
0.2368 359
0.2369 354
0.237 346
0.2371 340
0.2372 333
0.2373 336
0.2374 335
0.2375 331
0.2376 333
0.2377 336
0.2378 332
0.2379 335
0.238 340
0.2381 343
0.2382 334
0.2383 336
0.2384 342
0.2385 342
0.2386 343
0.2387 351
0.2388 353
0.2389 350
0.239 342
0.2391 333
0.2392 335
0.2393 336
0.2394 330
0.2395 326
0.2396 328
0.2397 327
0.2398 326
0.2399 322
0.24 324
0.2401 323
0.2402 315
0.2403 314
0.2404 309
0.2405 309
0.2406 309
0.2407 305
0.2408 315
0.2409 310
0.241 312
0.2411 306
0.2412 303
0.2413 305
0.2414 305
0.2415 301
0.2416 296
0.2417 289
0.2418 282
0.2419 277
0.242 273
0.2421 270
0.2422 275
0.2423 274
0.2424 270
0.2425 268
0.2426 267
0.2427 263
0.2428 258
0.2429 254
0.243 252
0.2431 243
0.2432 238
0.2433 237
0.2434 235
0.2435 238
0.2436 240
0.2437 240
0.2438 245
0.2439 250
0.244 254
0.2441 259
0.2442 270
0.2443 274
0.2444 271
0.2445 267
0.2446 260
0.2447 256
0.2448 248
0.2449 248
0.245 244
0.2451 234
0.2452 231
0.2453 224
0.2454 217
0.2455 219
0.2456 216
0.2457 217
0.2458 215
0.2459 218
0.246 217
0.2461 219
0.2462 217
0.2463 217
0.2464 218
0.2465 220
0.2466 213
0.2467 212
0.2468 211
0.2469 212
0.247 212
0.2471 210
0.2472 207
0.2473 209
0.2474 217
0.2475 214
0.2476 218
0.2477 221
0.2478 229
0.2479 229
0.248 232
0.2481 228
0.2482 232
0.2483 235
0.2484 231
0.2485 232
0.2486 231
0.2487 228
0.2488 234
0.2489 235
0.249 232
0.2491 232
0.2492 234
0.2493 253
0.2494 254
0.2495 266
0.2496 276
0.2497 293
0.2498 305
0.2499 305
0.25 300
