0 0
0.0001 0
0.0002 0
0.0003 0
0.0004 0
0.0005 0
0.0006 0
0.0007 0
0.0008 0
0.0009 0
0.001 0
0.0011 0
0.0012 0
0.0013 0
0.0014 0
0.0015 0
0.0016 0
0.0017 0
0.0018 0
0.0019 0
0.002 0
0.0021 0
0.0022 3
0.0023 4
0.0024 6
0.0025 7
0.0026 7
0.0027 8
0.0028 10
0.0029 12
0.003 13
0.0031 13
0.0032 16
0.0033 17
0.0034 21
0.0035 25
0.0036 25
0.0037 27
0.0038 31
0.0039 34
0.004 38
0.0041 42
0.0042 46
0.0043 48
0.0044 49
0.0045 53
0.0046 58
0.0047 64
0.0048 68
0.0049 68
0.005 70
0.0051 80
0.0052 82
0.0053 86
0.0054 91
0.0055 96
0.0056 106
0.0057 109
0.0058 113
0.0059 117
0.006 123
0.0061 128
0.0062 132
0.0063 139
0.0064 143
0.0065 152
0.0066 154
0.0067 161
0.0068 167
0.0069 173
0.007 179
0.0071 184
0.0072 190
0.0073 200
0.0074 204
0.0075 209
0.0076 217
0.0077 227
0.0078 232
0.0079 247
0.008 256
0.0081 264
0.0082 270
0.0083 281
0.0084 293
0.0085 298
0.0086 306
0.0087 310
0.0088 318
0.0089 324
0.009 332
0.0091 337
0.0092 345
0.0093 356
0.0094 362
0.0095 368
0.0096 377
0.0097 384
0.0098 392
0.0099 396
0.01 402
0.0101 410
0.0102 417
0.0103 429
0.0104 433
0.0105 441
0.0106 447
0.0107 456
0.0108 467
0.0109 475
0.011 483
0.0111 489
0.0112 498
0.0113 509
0.0114 517
0.0115 525
0.0116 528
0.0117 533
0.0118 538
0.0119 548
0.012 556
0.0121 562
0.0122 576
0.0123 577
0.0124 587
0.0125 591
0.0126 600
0.0127 608
0.0128 615
0.0129 628
0.013 642
0.0131 649
0.0132 657
0.0133 668
0.0134 681
0.0135 692
0.0136 703
0.0137 710
0.0138 717
0.0139 730
0.014 734
0.0141 743
0.0142 750
0.0143 755
0.0144 762
0.0145 772
0.0146 781
0.0147 788
0.0148 797
0.0149 806
0.015 817
0.0151 827
0.0152 842
0.0153 849
0.0154 869
0.0155 874
0.0156 886
0.0157 892
0.0158 903
0.0159 906
0.016 919
0.0161 928
0.0162 940
0.0163 943
0.0164 958
0.0165 972
0.0166 986
0.0167 987
0.0168 1003
0.0169 1017
0.017 1026
0.0171 1040
0.0172 1054
0.0173 1059
0.0174 1074
0.0175 1082
0.0176 1091
0.0177 1103
0.0178 1113
0.0179 1116
0.018 1132
0.0181 1140
0.0182 1149
0.0183 1162
0.0184 1171
0.0185 1175
0.0186 1181
0.0187 1188
0.0188 1196
0.0189 1204
0.019 1217
0.0191 1220
0.0192 1231
0.0193 1235
0.0194 1245
0.0195 1249
0.0196 1262
0.0197 1267
0.0198 1272
0.0199 1285
0.02 1288
0.0201 1295
0.0202 1300
0.0203 1313
0.0204 1322
0.0205 1325
0.0206 1339
0.0207 1348
0.0208 1355
0.0209 1363
0.021 1369
0.0211 1379
0.0212 1384
0.0213 1392
0.0214 1400
0.0215 1410
0.0216 1413
0.0217 1429
0.0218 1446
0.0219 1450
0.022 1458
0.0221 1459
0.0222 1470
0.0223 1476
0.0224 1482
0.0225 1485
0.0226 1497
0.0227 1508
0.0228 1516
0.0229 1526
0.023 1522
0.0231 1523
0.0232 1526
0.0233 1538
0.0234 1549
0.0235 1544
0.0236 1552
0.0237 1563
0.0238 1565
0.0239 1566
0.024 1574
0.0241 1583
0.0242 1573
0.0243 1585
0.0244 1583
0.0245 1586
0.0246 1591
0.0247 1606
0.0248 1608
0.0249 1618
0.025 1614
0.0251 1612
0.0252 1606
0.0253 1616
0.0254 1622
0.0255 1628
0.0256 1633
0.0257 1625
0.0258 1605
0.0259 1582
0.026 1574
0.0261 1555
0.0262 1525
0.0263 1491
0.0264 1461
0.0265 1439
0.0266 1425
0.0267 1406
0.0268 1393
0.0269 1382
0.027 1368
0.0271 1340
0.0272 1316
0.0273 1284
0.0274 1256
0.0275 1219
0.0276 1199
0.0277 1176
0.0278 1146
0.0279 1121
0.028 1100
0.0281 1080
0.0282 1060
0.0283 1041
0.0284 1012
0.0285 992
0.0286 977
0.0287 952
0.0288 936
0.0289 917
0.029 895
0.0291 892
0.0292 876
0.0293 858
0.0294 836
0.0295 818
0.0296 796
0.0297 783
0.0298 780
0.0299 761
0.03 744
0.0301 736
0.0302 725
0.0303 721
0.0304 711
0.0305 699
0.0306 694
0.0307 689
0.0308 667
0.0309 659
0.031 645
0.0311 639
0.0312 629
0.0313 619
0.0314 608
0.0315 593
0.0316 582
0.0317 568
0.0318 555
0.0319 547
0.032 542
0.0321 541
0.0322 533
0.0323 519
0.0324 521
0.0325 510
0.0326 506
0.0327 500
0.0328 494
0.0329 485
0.033 483
0.0331 471
0.0332 461
0.0333 458
0.0334 462
0.0335 455
0.0336 442
0.0337 436
0.0338 434
0.0339 433
0.034 422
0.0341 421
0.0342 411
0.0343 398
0.0344 392
0.0345 386
0.0346 390
0.0347 387
0.0348 385
0.0349 383
0.035 380
0.0351 370
0.0352 371
0.0353 360
0.0354 353
0.0355 352
0.0356 343
0.0357 349
0.0358 355
0.0359 350
0.036 346
0.0361 341
0.0362 340
0.0363 331
0.0364 326
0.0365 321
0.0366 319
0.0367 317
0.0368 307
0.0369 301
0.037 292
0.0371 283
0.0372 281
0.0373 281
0.0374 286
0.0375 293
0.0376 288
0.0377 284
0.0378 286
0.0379 283
0.038 274
0.0381 274
0.0382 271
0.0383 258
0.0384 254
0.0385 251
0.0386 249
0.0387 249
0.0388 250
0.0389 255
0.039 260
0.0391 256
0.0392 257
0.0393 260
0.0394 254
0.0395 254
0.0396 253
0.0397 252
0.0398 255
0.0399 261
0.04 260
0.0401 257
0.0402 255
0.0403 265
0.0404 262
0.0405 263
0.0406 258
0.0407 257
0.0408 261
0.0409 264
0.041 262
0.0411 261
0.0412 259
0.0413 261
0.0414 257
0.0415 256
0.0416 254
0.0417 257
0.0418 255
0.0419 252
0.042 250
0.0421 254
0.0422 259
0.0423 255
0.0424 257
0.0425 257
0.0426 262
0.0427 264
0.0428 260
0.0429 260
0.043 258
0.0431 257
0.0432 255
0.0433 250
0.0434 243
0.0435 236
0.0436 232
0.0437 226
0.0438 226
0.0439 226
0.044 225
0.0441 225
0.0442 222
0.0443 226
0.0444 222
0.0445 224
0.0446 230
0.0447 232
0.0448 226
0.0449 231
0.045 235
0.0451 237
0.0452 238
0.0453 241
0.0454 241
0.0455 248
0.0456 249
0.0457 251
0.0458 255
0.0459 252
0.046 249
0.0461 247
0.0462 250
0.0463 250
0.0464 250
0.0465 248
0.0466 241
0.0467 234
0.0468 233
0.0469 225
0.047 218
0.0471 215
0.0472 208
0.0473 204
0.0474 205
0.0475 203
0.0476 205
0.0477 203
0.0478 209
0.0479 207
0.048 205
0.0481 202
0.0482 200
0.0483 194
0.0484 191
0.0485 200
0.0486 201
0.0487 208
0.0488 210
0.0489 217
0.049 221
0.0491 225
0.0492 231
0.0493 226
0.0494 222
0.0495 219
0.0496 220
0.0497 220
0.0498 216
0.0499 215
0.05 209
0.0501 206
0.0502 204
0.0503 201
0.0504 199
0.0505 196
0.0506 191
0.0507 189
0.0508 189
0.0509 192
0.051 194
0.0511 194
0.0512 201
0.0513 201
0.0514 203
0.0515 216
0.0516 232
0.0517 242
0.0518 245
0.0519 249
0.052 248
0.0521 247
0.0522 246
0.0523 252
0.0524 252
0.0525 259
0.0526 261
0.0527 272
0.0528 280
0.0529 275
0.053 270
0.0531 271
0.0532 265
0.0533 259
0.0534 254
0.0535 254
0.0536 254
0.0537 256
0.0538 249
0.0539 246
0.054 244
0.0541 244
0.0542 251
0.0543 246
0.0544 243
0.0545 247
0.0546 246
0.0547 248
0.0548 259
0.0549 258
0.055 260
0.0551 265
0.0552 269
0.0553 269
0.0554 276
0.0555 282
0.0556 286
0.0557 279
0.0558 278
0.0559 273
0.056 267
0.0561 263
0.0562 264
0.0563 268
0.0564 269
0.0565 271
0.0566 267
0.0567 265
0.0568 261
0.0569 259
0.057 262
0.0571 255
0.0572 254
0.0573 254
0.0574 253
0.0575 249
0.0576 249
0.0577 243
0.0578 243
0.0579 242
0.058 241
0.0581 237
0.0582 238
0.0583 234
0.0584 234
0.0585 232
0.0586 236
0.0587 239
0.0588 254
0.0589 267
0.059 267
0.0591 271
0.0592 268
0.0593 265
0.0594 259
0.0595 251
0.0596 250
0.0597 246
0.0598 244
0.0599 239
0.06 239
0.0601 250
0.0602 264
0.0603 273
0.0604 278
0.0605 284
0.0606 288
0.0607 298
0.0608 293
0.0609 287
0.061 292
0.0611 295
0.0612 290
0.0613 294
0.0614 294
0.0615 302
0.0616 297
0.0617 293
0.0618 291
0.0619 298
0.062 298
0.0621 302
0.0622 303
0.0623 308
0.0624 310
0.0625 308
0.0626 306
0.0627 305
0.0628 306
0.0629 308
0.063 314
0.0631 313
0.0632 311
0.0633 307
0.0634 301
0.0635 298
0.0636 292
0.0637 291
0.0638 286
0.0639 285
0.064 284
0.0641 287
0.0642 290
0.0643 304
0.0644 309
0.0645 307
0.0646 315
0.0647 316
0.0648 318
0.0649 323
0.065 330
0.0651 335
0.0652 342
0.0653 340
0.0654 342
0.0655 342
0.0656 338
0.0657 327
0.0658 324
0.0659 318
0.066 308
0.0661 307
0.0662 310
0.0663 311
0.0664 309
0.0665 303
0.0666 307
0.0667 307
0.0668 300
0.0669 301
0.067 295
0.0671 292
0.0672 289
0.0673 289
0.0674 287
0.0675 289
0.0676 295
0.0677 292
0.0678 284
0.0679 286
0.068 280
0.0681 275
0.0682 269
0.0683 261
0.0684 253
0.0685 251
0.0686 249
0.0687 239
0.0688 242
0.0689 243
0.069 248
0.0691 243
0.0692 231
0.0693 228
0.0694 222
0.0695 217
0.0696 213
0.0697 202
0.0698 200
0.0699 197
0.07 191
0.0701 191
0.0702 188
0.0703 189
0.0704 186
0.0705 184
0.0706 183
0.0707 184
0.0708 194
0.0709 199
0.071 206
0.0711 210
0.0712 217
0.0713 217
0.0714 217
0.0715 219
0.0716 227
0.0717 227
0.0718 226
0.0719 234
0.072 247
0.0721 252
0.0722 255
0.0723 256
0.0724 258
0.0725 257
0.0726 260
0.0727 261
0.0728 261
0.0729 257
0.073 256
0.0731 254
0.0732 254
0.0733 252
0.0734 247
0.0735 242
0.0736 246
0.0737 253
0.0738 251
0.0739 255
0.074 255
0.0741 253
0.0742 256
0.0743 252
0.0744 254
0.0745 247
0.0746 245
0.0747 240
0.0748 242
0.0749 248
0.075 251
0.0751 246
0.0752 246
0.0753 241
0.0754 240
0.0755 243
0.0756 243
0.0757 244
0.0758 234
0.0759 231
0.076 228
0.0761 224
0.0762 231
0.0763 229
0.0764 229
0.0765 239
0.0766 247
0.0767 258
0.0768 278
0.0769 299
0.077 304
0.0771 313
0.0772 326
0.0773 334
0.0774 341
0.0775 344
0.0776 357
0.0777 360
0.0778 360
0.0779 362
0.078 358
0.0781 364
0.0782 360
0.0783 366
0.0784 370
0.0785 378
0.0786 384
0.0787 387
0.0788 380
0.0789 381
0.079 386
0.0791 381
0.0792 382
0.0793 385
0.0794 386
0.0795 390
0.0796 383
0.0797 388
0.0798 388
0.0799 391
0.08 398
0.0801 400
0.0802 401
0.0803 402
0.0804 403
0.0805 405
0.0806 405
0.0807 403
0.0808 399
0.0809 405
0.081 405
0.0811 407
0.0812 408
0.0813 410
0.0814 413
0.0815 417
0.0816 418
0.0817 416
0.0818 416
0.0819 419
0.082 416
0.0821 422
0.0822 426
0.0823 430
0.0824 434
0.0825 435
0.0826 436
0.0827 439
0.0828 441
0.0829 444
0.083 448
0.0831 451
0.0832 449
0.0833 456
0.0834 464
0.0835 465
0.0836 469
0.0837 478
0.0838 486
0.0839 487
0.084 493
0.0841 497
0.0842 502
0.0843 510
0.0844 515
0.0845 518
0.0846 523
0.0847 525
0.0848 526
0.0849 535
0.085 541
0.0851 546
0.0852 552
0.0853 553
0.0854 562
0.0855 569
0.0856 575
0.0857 577
0.0858 580
0.0859 587
0.086 591
0.0861 593
0.0862 603
0.0863 609
0.0864 614
0.0865 618
0.0866 626
0.0867 628
0.0868 632
0.0869 642
0.087 651
0.0871 655
0.0872 663
0.0873 668
0.0874 679
0.0875 687
0.0876 690
0.0877 694
0.0878 702
0.0879 706
0.088 709
0.0881 718
0.0882 721
0.0883 726
0.0884 734
0.0885 737
0.0886 742
0.0887 748
0.0888 756
0.0889 767
0.089 771
0.0891 775
0.0892 781
0.0893 786
0.0894 789
0.0895 799
0.0896 801
0.0897 814
0.0898 822
0.0899 832
0.09 845
0.0901 852
0.0902 861
0.0903 869
0.0904 880
0.0905 884
0.0906 897
0.0907 905
0.0908 917
0.0909 921
0.091 933
0.0911 943
0.0912 949
0.0913 960
0.0914 974
0.0915 982
0.0916 991
0.0917 1001
0.0918 1010
0.0919 1018
0.092 1022
0.0921 1036
0.0922 1044
0.0923 1055
0.0924 1062
0.0925 1073
0.0926 1083
0.0927 1095
0.0928 1104
0.0929 1113
0.093 1119
0.0931 1127
0.0932 1143
0.0933 1151
0.0934 1162
0.0935 1168
0.0936 1176
0.0937 1187
0.0938 1194
0.0939 1199
0.094 1213
0.0941 1225
0.0942 1229
0.0943 1244
0.0944 1249
0.0945 1257
0.0946 1267
0.0947 1273
0.0948 1283
0.0949 1293
0.095 1298
0.0951 1305
0.0952 1316
0.0953 1329
0.0954 1340
0.0955 1342
0.0956 1355
0.0957 1363
0.0958 1370
0.0959 1383
0.096 1394
0.0961 1400
0.0962 1412
0.0963 1419
0.0964 1431
0.0965 1447
0.0966 1449
0.0967 1457
0.0968 1472
0.0969 1484
0.097 1487
0.0971 1496
0.0972 1503
0.0973 1501
0.0974 1512
0.0975 1522
0.0976 1531
0.0977 1534
0.0978 1544
0.0979 1551
0.098 1555
0.0981 1543
0.0982 1538
0.0983 1516
0.0984 1504
0.0985 1484
0.0986 1472
0.0987 1452
0.0988 1435
0.0989 1417
0.099 1381
0.0991 1352
0.0992 1327
0.0993 1294
0.0994 1266
0.0995 1241
0.0996 1210
0.0997 1182
0.0998 1154
0.0999 1125
0.1 1102
0.1001 1070
0.1002 1051
0.1003 1036
0.1004 1017
0.1005 1003
0.1006 986
0.1007 972
0.1008 961
0.1009 945
0.101 931
0.1011 914
0.1012 890
0.1013 876
0.1014 860
0.1015 836
0.1016 818
0.1017 797
0.1018 785
0.1019 761
0.102 750
0.1021 744
0.1022 723
0.1023 702
0.1024 696
0.1025 677
0.1026 673
0.1027 664
0.1028 658
0.1029 655
0.103 642
0.1031 628
0.1032 631
0.1033 628
0.1034 614
0.1035 607
0.1036 611
0.1037 614
0.1038 611
0.1039 602
0.104 591
0.1041 586
0.1042 570
0.1043 561
0.1044 563
0.1045 554
0.1046 553
0.1047 547
0.1048 533
0.1049 528
0.105 522
0.1051 517
0.1052 506
0.1053 501
0.1054 506
0.1055 503
0.1056 498
0.1057 490
0.1058 484
0.1059 472
0.106 457
0.1061 445
0.1062 429
0.1063 416
0.1064 409
0.1065 405
0.1066 396
0.1067 391
0.1068 383
0.1069 381
0.107 380
0.1071 383
0.1072 380
0.1073 384
0.1074 387
0.1075 385
0.1076 385
0.1077 387
0.1078 387
0.1079 381
0.108 378
0.1081 384
0.1082 380
0.1083 370
0.1084 360
0.1085 360
0.1086 356
0.1087 359
0.1088 355
0.1089 360
0.109 363
0.1091 363
0.1092 369
0.1093 367
0.1094 366
0.1095 365
0.1096 354
0.1097 358
0.1098 353
0.1099 356
0.11 353
0.1101 354
0.1102 355
0.1103 356
0.1104 350
0.1105 346
0.1106 351
0.1107 347
0.1108 345
0.1109 344
0.111 341
0.1111 328
0.1112 322
0.1113 322
0.1114 321
0.1115 316
0.1116 311
0.1117 309
0.1118 305
0.1119 303
0.112 307
0.1121 299
0.1122 292
0.1123 281
0.1124 269
0.1125 262
0.1126 256
0.1127 254
0.1128 246
0.1129 240
0.113 229
0.1131 227
0.1132 226
0.1133 229
0.1134 224
0.1135 224
0.1136 221
0.1137 214
0.1138 219
0.1139 225
0.114 229
0.1141 239
0.1142 235
0.1143 234
0.1144 242
0.1145 260
0.1146 258
0.1147 262
0.1148 258
0.1149 254
0.115 257
0.1151 260
0.1152 257
0.1153 267
0.1154 263
0.1155 263
0.1156 265
0.1157 269
0.1158 266
0.1159 265
0.116 265
0.1161 260
0.1162 263
0.1163 260
0.1164 258
0.1165 253
0.1166 248
0.1167 249
0.1168 243
0.1169 239
0.117 239
0.1171 242
0.1172 240
0.1173 238
0.1174 241
0.1175 236
0.1176 231
0.1177 226
0.1178 227
0.1179 227
0.118 229
0.1181 225
0.1182 225
0.1183 231
0.1184 229
0.1185 225
0.1186 227
0.1187 232
0.1188 228
0.1189 219
0.119 215
0.1191 208
0.1192 200
0.1193 196
0.1194 194
0.1195 197
0.1196 194
0.1197 193
0.1198 194
0.1199 195
0.12 196
0.1201 193
0.1202 196
0.1203 187
0.1204 183
0.1205 182
0.1206 187
0.1207 189
0.1208 189
0.1209 192
0.121 191
0.1211 190
0.1212 186
0.1213 183
0.1214 180
0.1215 182
0.1216 186
0.1217 181
0.1218 182
0.1219 183
0.122 182
0.1221 183
0.1222 194
0.1223 195
0.1224 199
0.1225 200
0.1226 200
0.1227 195
0.1228 193
0.1229 197
0.123 195
0.1231 194
0.1232 191
0.1233 192
0.1234 196
0.1235 199
0.1236 197
0.1237 207
0.1238 204
0.1239 209
0.124 207
0.1241 211
0.1242 210
0.1243 200
0.1244 200
0.1245 202
0.1246 200
0.1247 202
0.1248 206
0.1249 210
0.125 210
0.1251 205
0.1252 205
0.1253 204
0.1254 201
0.1255 202
0.1256 199
0.1257 200
0.1258 200
0.1259 204
0.126 208
0.1261 209
0.1262 212
0.1263 212
0.1264 210
0.1265 207
0.1266 209
0.1267 209
0.1268 204
0.1269 202
0.127 200
0.1271 206
0.1272 212
0.1273 202
0.1274 199
0.1275 198
0.1276 194
0.1277 190
0.1278 193
0.1279 199
0.128 212
0.1281 203
0.1282 200
0.1283 196
0.1284 203
0.1285 207
0.1286 213
0.1287 213
0.1288 217
0.1289 211
0.129 212
0.1291 217
0.1292 218
0.1293 218
0.1294 218
0.1295 223
0.1296 220
0.1297 218
0.1298 217
0.1299 219
0.13 222
0.1301 222
0.1302 228
0.1303 233
0.1304 237
0.1305 233
0.1306 233
0.1307 228
0.1308 225
0.1309 220
0.131 223
0.1311 226
0.1312 223
0.1313 230
0.1314 231
0.1315 228
0.1316 230
0.1317 229
0.1318 225
0.1319 225
0.132 222
0.1321 218
0.1322 217
0.1323 217
0.1324 213
0.1325 214
0.1326 214
0.1327 221
0.1328 229
0.1329 231
0.133 232
0.1331 234
0.1332 229
0.1333 226
0.1334 226
0.1335 222
0.1336 221
0.1337 218
0.1338 218
0.1339 216
0.134 217
0.1341 219
0.1342 225
0.1343 231
0.1344 231
0.1345 230
0.1346 226
0.1347 223
0.1348 225
0.1349 220
0.135 224
0.1351 230
0.1352 230
0.1353 225
0.1354 228
0.1355 223
0.1356 226
0.1357 228
0.1358 225
0.1359 227
0.136 227
0.1361 225
0.1362 220
0.1363 227
0.1364 230
0.1365 228
0.1366 232
0.1367 230
0.1368 235
0.1369 241
0.137 248
0.1371 247
0.1372 249
0.1373 256
0.1374 259
0.1375 258
0.1376 259
0.1377 262
0.1378 260
0.1379 258
0.138 255
0.1381 251
0.1382 252
0.1383 254
0.1384 255
0.1385 258
0.1386 260
0.1387 256
0.1388 257
0.1389 259
0.139 257
0.1391 248
0.1392 246
0.1393 240
0.1394 235
0.1395 230
0.1396 228
0.1397 228
0.1398 223
0.1399 225
0.14 230
0.1401 238
0.1402 247
0.1403 248
0.1404 249
0.1405 255
0.1406 265
0.1407 270
0.1408 281
0.1409 293
0.141 302
0.1411 330
0.1412 356
0.1413 373
0.1414 384
0.1415 391
0.1416 406
0.1417 411
0.1418 416
0.1419 412
0.142 419
0.1421 424
0.1422 421
0.1423 422
0.1424 420
0.1425 413
0.1426 415
0.1427 410
0.1428 404
0.1429 408
0.143 409
0.1431 404
0.1432 399
0.1433 402
0.1434 390
0.1435 384
0.1436 375
0.1437 369
0.1438 370
0.1439 372
0.144 375
0.1441 379
0.1442 380
0.1443 377
0.1444 379
0.1445 376
0.1446 371
0.1447 378
0.1448 369
0.1449 374
0.145 375
0.1451 373
0.1452 369
0.1453 359
0.1454 353
0.1455 352
0.1456 346
0.1457 352
0.1458 347
0.1459 346
0.146 336
0.1461 337
0.1462 331
0.1463 330
0.1464 335
0.1465 338
0.1466 343
0.1467 337
0.1468 346
0.1469 343
0.147 347
0.1471 343
0.1472 337
0.1473 338
0.1474 335
0.1475 331
0.1476 333
0.1477 337
0.1478 349
0.1479 349
0.148 340
0.1481 335
0.1482 330
0.1483 330
0.1484 325
0.1485 324
0.1486 323
0.1487 322
0.1488 322
0.1489 326
0.149 322
0.1491 324
0.1492 328
0.1493 323
0.1494 315
0.1495 310
0.1496 306
0.1497 299
0.1498 293
0.1499 293
0.15 290
0.1501 286
0.1502 286
0.1503 285
0.1504 284
0.1505 288
0.1506 293
0.1507 292
0.1508 289
0.1509 289
0.151 286
0.1511 283
0.1512 282
0.1513 283
0.1514 283
0.1515 283
0.1516 277
0.1517 282
0.1518 288
0.1519 291
0.152 291
0.1521 288
0.1522 278
0.1523 279
0.1524 276
0.1525 273
0.1526 271
0.1527 273
0.1528 261
0.1529 262
0.153 255
0.1531 252
0.1532 257
0.1533 256
0.1534 255
0.1535 265
0.1536 258
0.1537 260
0.1538 260
0.1539 254
0.154 248
0.1541 247
0.1542 244
0.1543 246
0.1544 242
0.1545 239
0.1546 238
0.1547 233
0.1548 236
0.1549 230
0.155 228
0.1551 234
0.1552 240
0.1553 241
0.1554 240
0.1555 241
0.1556 239
0.1557 235
0.1558 241
0.1559 242
0.156 243
0.1561 243
0.1562 253
0.1563 249
0.1564 253
0.1565 249
0.1566 254
0.1567 259
0.1568 273
0.1569 278
0.157 277
0.1571 269
0.1572 269
0.1573 268
0.1574 264
0.1575 262
0.1576 264
0.1577 257
0.1578 263
0.1579 260
0.158 257
0.1581 260
0.1582 258
0.1583 256
0.1584 253
0.1585 248
0.1586 250
0.1587 249
0.1588 251
0.1589 248
0.159 251
0.1591 249
0.1592 256
0.1593 262
0.1594 262
0.1595 264
0.1596 261
0.1597 260
0.1598 262
0.1599 261
0.16 265
0.1601 261
0.1602 263
0.1603 264
0.1604 262
0.1605 256
0.1606 252
0.1607 251
0.1608 252
0.1609 246
0.161 248
0.1611 249
0.1612 257
0.1613 262
0.1614 260
0.1615 264
0.1616 264
0.1617 259
0.1618 262
0.1619 256
0.162 261
0.1621 261
0.1622 258
0.1623 256
0.1624 258
0.1625 258
0.1626 260
0.1627 256
0.1628 254
0.1629 254
0.163 245
0.1631 241
0.1632 237
0.1633 241
0.1634 243
0.1635 250
0.1636 255
0.1637 251
0.1638 248
0.1639 245
0.164 242
0.1641 239
0.1642 244
0.1643 254
0.1644 255
0.1645 254
0.1646 251
0.1647 242
0.1648 239
0.1649 232
0.165 230
0.1651 228
0.1652 229
0.1653 231
0.1654 229
0.1655 226
0.1656 231
0.1657 232
0.1658 235
0.1659 236
0.166 235
0.1661 228
0.1662 224
0.1663 222
0.1664 225
0.1665 223
0.1666 225
0.1667 226
0.1668 229
0.1669 235
0.167 238
0.1671 239
0.1672 238
0.1673 237
0.1674 234
0.1675 229
0.1676 230
0.1677 227
0.1678 226
0.1679 225
0.168 223
0.1681 219
0.1682 229
0.1683 235
0.1684 234
0.1685 236
0.1686 238
0.1687 241
0.1688 244
0.1689 242
0.169 246
0.1691 249
0.1692 270
0.1693 280
0.1694 286
0.1695 291
0.1696 292
0.1697 299
0.1698 306
0.1699 304
0.17 308
0.1701 310
0.1702 314
0.1703 315
0.1704 309
0.1705 315
0.1706 311
0.1707 313
0.1708 316
0.1709 318
0.171 320
0.1711 321
0.1712 319
0.1713 321
0.1714 317
0.1715 317
0.1716 314
0.1717 321
0.1718 319
0.1719 320
0.172 325
0.1721 326
0.1722 326
0.1723 325
0.1724 325
0.1725 329
0.1726 332
0.1727 331
0.1728 333
0.1729 334
0.173 334
0.1731 336
0.1732 338
0.1733 339
0.1734 339
0.1735 339
0.1736 337
0.1737 340
0.1738 340
0.1739 345
0.174 342
0.1741 347
0.1742 348
0.1743 349
0.1744 352
0.1745 351
0.1746 350
0.1747 352
0.1748 355
0.1749 359
0.175 361
0.1751 363
0.1752 361
0.1753 363
0.1754 367
0.1755 371
0.1756 373
0.1757 378
0.1758 386
0.1759 388
0.176 390
0.1761 391
0.1762 393
0.1763 403
0.1764 408
0.1765 410
0.1766 412
0.1767 414
0.1768 422
0.1769 424
0.177 429
0.1771 430
0.1772 432
0.1773 436
0.1774 441
0.1775 446
0.1776 448
0.1777 454
0.1778 463
0.1779 465
0.178 466
0.1781 470
0.1782 471
0.1783 478
0.1784 483
0.1785 488
0.1786 495
0.1787 506
0.1788 513
0.1789 519
0.179 528
0.1791 534
0.1792 546
0.1793 545
0.1794 551
0.1795 560
0.1796 569
0.1797 577
0.1798 587
0.1799 592
0.18 598
0.1801 606
0.1802 610
0.1803 619
0.1804 623
0.1805 628
0.1806 638
0.1807 643
0.1808 654
0.1809 659
0.181 667
0.1811 673
0.1812 687
0.1813 692
0.1814 698
0.1815 704
0.1816 709
0.1817 717
0.1818 723
0.1819 730
0.182 742
0.1821 749
0.1822 756
0.1823 763
0.1824 769
0.1825 773
0.1826 781
0.1827 786
0.1828 795
0.1829 803
0.183 812
0.1831 819
0.1832 825
0.1833 835
0.1834 844
0.1835 848
0.1836 856
0.1837 862
0.1838 872
0.1839 881
0.184 890
0.1841 900
0.1842 911
0.1843 920
0.1844 925
0.1845 940
0.1846 948
0.1847 956
0.1848 970
0.1849 985
0.185 987
0.1851 999
0.1852 1010
0.1853 1021
0.1854 1029
0.1855 1045
0.1856 1053
0.1857 1061
0.1858 1066
0.1859 1078
0.186 1085
0.1861 1091
0.1862 1102
0.1863 1111
0.1864 1117
0.1865 1125
0.1866 1138
0.1867 1148
0.1868 1157
0.1869 1165
0.187 1177
0.1871 1178
0.1872 1201
0.1873 1210
0.1874 1222
0.1875 1228
0.1876 1240
0.1877 1248
0.1878 1260
0.1879 1272
0.188 1282
0.1881 1292
0.1882 1301
0.1883 1309
0.1884 1327
0.1885 1341
0.1886 1346
0.1887 1357
0.1888 1369
0.1889 1375
0.189 1389
0.1891 1391
0.1892 1410
0.1893 1425
0.1894 1434
0.1895 1440
0.1896 1448
0.1897 1458
0.1898 1468
0.1899 1469
0.19 1479
0.1901 1488
0.1902 1495
0.1903 1497
0.1904 1503
0.1905 1510
0.1906 1516
0.1907 1526
0.1908 1544
0.1909 1555
0.191 1566
0.1911 1571
0.1912 1583
0.1913 1589
0.1914 1600
0.1915 1608
0.1916 1624
0.1917 1632
0.1918 1651
0.1919 1655
0.192 1662
0.1921 1673
0.1922 1677
0.1923 1696
0.1924 1712
0.1925 1718
0.1926 1731
0.1927 1738
0.1928 1751
0.1929 1758
0.193 1769
0.1931 1781
0.1932 1786
0.1933 1795
0.1934 1812
0.1935 1830
0.1936 1828
0.1937 1846
0.1938 1850
0.1939 1856
0.194 1878
0.1941 1887
0.1942 1902
0.1943 1907
0.1944 1905
0.1945 1913
0.1946 1925
0.1947 1929
0.1948 1934
0.1949 1938
0.195 1929
0.1951 1925
0.1952 1914
0.1953 1900
0.1954 1889
0.1955 1853
0.1956 1820
0.1957 1789
0.1958 1754
0.1959 1729
0.196 1688
0.1961 1661
0.1962 1632
0.1963 1587
0.1964 1553
0.1965 1521
0.1966 1490
0.1967 1462
0.1968 1441
0.1969 1405
0.197 1375
0.1971 1340
0.1972 1308
0.1973 1284
0.1974 1259
0.1975 1229
0.1976 1204
0.1977 1190
0.1978 1158
0.1979 1129
0.198 1098
0.1981 1069
0.1982 1044
0.1983 1023
0.1984 995
0.1985 972
0.1986 955
0.1987 939
0.1988 919
0.1989 902
0.199 891
0.1991 881
0.1992 854
0.1993 845
0.1994 828
0.1995 810
0.1996 793
0.1997 785
0.1998 777
0.1999 767
0.2 748
0.2001 731
0.2002 724
0.2003 710
0.2004 689
0.2005 668
0.2006 651
0.2007 634
0.2008 613
0.2009 598
0.201 586
0.2011 562
0.2012 550
0.2013 544
0.2014 532
0.2015 526
0.2016 520
0.2017 499
0.2018 487
0.2019 480
0.202 471
0.2021 466
0.2022 462
0.2023 452
0.2024 453
0.2025 448
0.2026 448
0.2027 443
0.2028 437
0.2029 443
0.203 441
0.2031 441
0.2032 435
0.2033 426
0.2034 415
0.2035 412
0.2036 407
0.2037 395
0.2038 387
0.2039 379
0.204 372
0.2041 364
0.2042 358
0.2043 357
0.2044 352
0.2045 347
0.2046 344
0.2047 340
0.2048 339
0.2049 329
0.205 324
0.2051 323
0.2052 318
0.2053 326
0.2054 325
0.2055 325
0.2056 325
0.2057 325
0.2058 320
0.2059 314
0.206 307
0.2061 305
0.2062 308
0.2063 310
0.2064 306
0.2065 301
0.2066 309
0.2067 304
0.2068 297
0.2069 302
0.207 300
0.2071 296
0.2072 291
0.2073 289
0.2074 285
0.2075 286
0.2076 283
0.2077 279
0.2078 272
0.2079 279
0.208 281
0.2081 279
0.2082 276
0.2083 273
0.2084 280
0.2085 280
0.2086 282
0.2087 279
0.2088 275
0.2089 271
0.209 275
0.2091 273
0.2092 272
0.2093 268
0.2094 270
0.2095 268
0.2096 267
0.2097 262
0.2098 262
0.2099 255
0.21 253
0.2101 249
0.2102 244
0.2103 247
0.2104 244
0.2105 246
0.2106 246
0.2107 247
0.2108 248
0.2109 251
0.211 256
0.2111 260
0.2112 261
0.2113 264
0.2114 264
0.2115 274
0.2116 274
0.2117 274
0.2118 273
0.2119 272
0.212 270
0.2121 266
0.2122 266
0.2123 262
0.2124 255
0.2125 245
0.2126 241
0.2127 236
0.2128 228
0.2129 224
0.213 218
0.2131 218
0.2132 212
0.2133 208
0.2134 206
0.2135 206
0.2136 203
0.2137 204
0.2138 206
0.2139 203
0.214 206
0.2141 208
0.2142 207
0.2143 202
0.2144 195
0.2145 195
0.2146 193
0.2147 191
0.2148 193
0.2149 192
0.215 190
0.2151 189
0.2152 182
0.2153 178
0.2154 176
0.2155 169
0.2156 167
0.2157 166
0.2158 168
0.2159 168
0.216 173
0.2161 179
0.2162 183
0.2163 184
0.2164 186
0.2165 183
0.2166 188
0.2167 197
0.2168 205
0.2169 200
0.217 199
0.2171 205
0.2172 204
0.2173 213
0.2174 218
0.2175 219
0.2176 222
0.2177 217
0.2178 221
0.2179 218
0.218 217
0.2181 216
0.2182 218
0.2183 216
0.2184 214
0.2185 223
0.2186 222
0.2187 220
0.2188 220
0.2189 219
0.219 219
0.2191 217
0.2192 217
0.2193 214
0.2194 214
0.2195 217
0.2196 218
0.2197 223
0.2198 223
0.2199 224
0.22 224
0.2201 224
0.2202 222
0.2203 226
0.2204 220
0.2205 221
0.2206 216
0.2207 221
0.2208 223
0.2209 221
0.221 220
0.2211 219
0.2212 217
0.2213 211
0.2214 216
0.2215 215
0.2216 215
0.2217 219
0.2218 221
0.2219 229
0.222 232
0.2221 237
0.2222 236
0.2223 245
0.2224 245
0.2225 243
0.2226 241
0.2227 235
0.2228 234
0.2229 232
0.223 230
0.2231 231
0.2232 224
0.2233 225
0.2234 218
0.2235 218
0.2236 223
0.2237 226
0.2238 226
0.2239 224
0.224 228
0.2241 227
0.2242 230
0.2243 231
0.2244 232
0.2245 230
0.2246 235
0.2247 235
0.2248 232
0.2249 231
0.225 234
0.2251 232
0.2252 237
0.2253 234
0.2254 232
0.2255 228
0.2256 228
0.2257 223
0.2258 225
0.2259 227
0.226 222
0.2261 220
0.2262 217
0.2263 225
0.2264 229
0.2265 234
0.2266 230
0.2267 236
0.2268 233
0.2269 229
0.227 234
0.2271 232
0.2272 240
0.2273 238
0.2274 239
0.2275 237
0.2276 230
0.2277 228
0.2278 224
0.2279 221
0.228 219
0.2281 216
0.2282 211
0.2283 203
0.2284 199
0.2285 198
0.2286 197
0.2287 195
0.2288 194
0.2289 193
0.229 192
0.2291 189
0.2292 185
0.2293 184
0.2294 182
0.2295 177
0.2296 170
0.2297 176
0.2298 178
0.2299 172
0.23 169
0.2301 168
0.2302 168
0.2303 170
0.2304 175
0.2305 174
0.2306 176
0.2307 189
0.2308 186
0.2309 189
0.231 191
0.2311 188
0.2312 187
0.2313 186
0.2314 183
0.2315 186
0.2316 193
0.2317 195
0.2318 206
0.2319 210
0.232 221
0.2321 226
0.2322 224
0.2323 224
0.2324 222
0.2325 216
0.2326 211
0.2327 213
0.2328 205
0.2329 205
0.233 207
0.2331 204
0.2332 207
0.2333 207
0.2334 208
0.2335 201
0.2336 202
0.2337 202
0.2338 210
0.2339 210
0.234 217
0.2341 225
0.2342 227
0.2343 226
0.2344 228
0.2345 234
0.2346 241
0.2347 239
0.2348 241
0.2349 243
0.235 246
0.2351 248
0.2352 246
0.2353 251
0.2354 255
0.2355 254
0.2356 256
0.2357 252
0.2358 251
0.2359 249
0.236 252
0.2361 253
0.2362 251
0.2363 253
0.2364 256
0.2365 252
0.2366 256
0.2367 268
0.2368 273
0.2369 277
0.237 275
0.2371 274
0.2372 270
0.2373 269
0.2374 269
0.2375 262
0.2376 260
0.2377 266
0.2378 264
0.2379 259
0.238 259
0.2381 259
0.2382 264
0.2383 259
0.2384 256
0.2385 251
0.2386 257
0.2387 249
0.2388 245
0.2389 247
0.239 243
0.2391 250
0.2392 249
0.2393 251
0.2394 252
0.2395 257
0.2396 258
0.2397 257
0.2398 255
0.2399 256
0.24 253
0.2401 260
0.2402 265
0.2403 269
0.2404 271
0.2405 277
0.2406 278
0.2407 275
0.2408 273
0.2409 270
0.241 273
0.2411 270
0.2412 276
0.2413 273
0.2414 273
0.2415 273
0.2416 276
0.2417 272
0.2418 268
0.2419 264
0.242 264
0.2421 267
0.2422 264
0.2423 259
0.2424 254
0.2425 245
0.2426 245
0.2427 239
0.2428 239
0.2429 240
0.243 236
0.2431 240
0.2432 246
0.2433 266
0.2434 286
0.2435 297
0.2436 312
0.2437 323
0.2438 334
0.2439 336
0.244 340
0.2441 340
0.2442 344
0.2443 339
0.2444 344
0.2445 349
0.2446 350
0.2447 348
0.2448 341
0.2449 338
0.245 336
0.2451 336
0.2452 333
0.2453 337
0.2454 339
0.2455 337
0.2456 338
0.2457 345
0.2458 339
0.2459 346
0.246 348
0.2461 343
0.2462 348
0.2463 339
0.2464 339
0.2465 336
0.2466 332
0.2467 330
0.2468 326
0.2469 316
0.247 317
0.2471 317
0.2472 309
0.2473 302
0.2474 301
0.2475 298
0.2476 297
0.2477 300
0.2478 297
0.2479 302
0.248 307
0.2481 305
0.2482 311
0.2483 314
0.2484 311
0.2485 310
0.2486 310
0.2487 311
0.2488 316
0.2489 311
0.249 321
0.2491 324
0.2492 326
0.2493 337
0.2494 337
0.2495 346
0.2496 341
0.2497 337
0.2498 328
0.2499 327
0.25 328
