0 0
0.0001 1
0.0002 2
0.0003 4
0.0004 6
0.0005 8
0.0006 9
0.0007 15
0.0008 22
0.0009 29
0.001 36
0.0011 47
0.0012 53
0.0013 59
0.0014 68
0.0015 77
0.0016 84
0.0017 82
0.0018 84
0.0019 82
0.002 87
0.0021 91
0.0022 95
0.0023 103
0.0024 115
0.0025 129
0.0026 135
0.0027 139
0.0028 170
0.0029 191
0.003 193
0.0031 219
0.0032 246
0.0033 252
0.0034 279
0.0035 302
0.0036 344
0.0037 372
0.0038 403
0.0039 437
0.004 473
0.0041 507
0.0042 539
0.0043 563
0.0044 594
0.0045 635
0.0046 676
0.0047 732
0.0048 775
0.0049 816
0.005 860
0.0051 878
0.0052 913
0.0053 952
0.0054 973
0.0055 976
0.0056 1009
0.0057 1019
0.0058 1022
0.0059 1036
0.006 1057
0.0061 1077
0.0062 1101
0.0063 1124
0.0064 1161
0.0065 1200
0.0066 1221
0.0067 1241
0.0068 1275
0.0069 1273
0.007 1289
0.0071 1286
0.0072 1270
0.0073 1297
0.0074 1318
0.0075 1326
0.0076 1337
0.0077 1351
0.0078 1376
0.0079 1381
0.008 1403
0.0081 1417
0.0082 1434
0.0083 1451
0.0084 1460
0.0085 1492
0.0086 1530
0.0087 1546
0.0088 1563
0.0089 1593
0.009 1616
0.0091 1623
0.0092 1615
0.0093 1598
0.0094 1595
0.0095 1588
0.0096 1572
0.0097 1559
0.0098 1576
0.0099 1587
0.01 1589
0.0101 1597
0.0102 1606
0.0103 1616
0.0104 1622
0.0105 1613
0.0106 1616
0.0107 1636
0.0108 1630
0.0109 1661
0.011 1677
0.0111 1680
0.0112 1674
0.0113 1692
0.0114 1675
0.0115 1683
0.0116 1679
0.0117 1691
0.0118 1688
0.0119 1675
0.012 1686
0.0121 1692
0.0122 1690
0.0123 1703
0.0124 1682
0.0125 1682
0.0126 1673
0.0127 1677
0.0128 1687
0.0129 1681
0.013 1677
0.0131 1664
0.0132 1657
0.0133 1654
0.0134 1652
0.0135 1645
0.0136 1650
0.0137 1639
0.0138 1632
0.0139 1622
0.014 1603
0.0141 1623
0.0142 1631
0.0143 1632
0.0144 1611
0.0145 1592
0.0146 1585
0.0147 1571
0.0148 1581
0.0149 1536
0.015 1533
0.0151 1544
0.0152 1543
0.0153 1558
0.0154 1546
0.0155 1554
0.0156 1554
0.0157 1560
0.0158 1580
0.0159 1579
0.016 1579
0.0161 1564
0.0162 1585
0.0163 1567
0.0164 1567
0.0165 1560
0.0166 1550
0.0167 1535
0.0168 1528
0.0169 1521
0.017 1543
0.0171 1536
0.0172 1516
0.0173 1509
0.0174 1519
0.0175 1501
0.0176 1477
0.0177 1470
0.0178 1435
0.0179 1408
0.018 1377
0.0181 1356
0.0182 1328
0.0183 1295
0.0184 1270
0.0185 1241
0.0186 1225
0.0187 1230
0.0188 1214
0.0189 1203
0.019 1195
0.0191 1194
0.0192 1180
0.0193 1159
0.0194 1140
0.0195 1131
0.0196 1127
0.0197 1100
0.0198 1100
0.0199 1065
0.02 1045
0.0201 1018
0.0202 994
0.0203 969
0.0204 948
0.0205 917
0.0206 914
0.0207 918
0.0208 917
0.0209 915
0.021 914
0.0211 890
0.0212 879
0.0213 873
0.0214 867
0.0215 841
0.0216 814
0.0217 804
0.0218 803
0.0219 802
0.022 790
0.0221 773
0.0222 767
0.0223 771
0.0224 759
0.0225 763
0.0226 779
0.0227 768
0.0228 776
0.0229 772
0.023 779
0.0231 785
0.0232 797
0.0233 802
0.0234 798
0.0235 785
0.0236 802
0.0237 792
0.0238 807
0.0239 795
0.024 790
0.0241 800
0.0242 791
0.0243 785
0.0244 740
0.0245 701
0.0246 677
0.0247 643
0.0248 609
0.0249 581
0.025 544
0.0251 525
0.0252 518
0.0253 505
0.0254 472
0.0255 450
0.0256 411
0.0257 348
0.0258 322
0.0259 306
0.026 283
0.0261 264
0.0262 250
0.0263 235
0.0264 228
0.0265 204
0.0266 194
0.0267 177
0.0268 150
0.0269 143
0.027 106
0.0271 94
0.0272 66
0.0273 43
0.0274 26
0.0275 23
0.0276 18
0.0277 14
0.0278 13
0.0279 14
0.028 12
0.0281 8
0.0282 5
0.0283 2
0.0284 3
0.0285 5
0.0286 1
0.0287 2
0.0288 4
0.0289 1
0.029 3
0.0291 1
0.0292 0
0.0293 0
0.0294 0
0.0295 2
0.0296 3
0.0297 2
0.0298 2
0.0299 0
0.03 0
0.0301 0
0.0302 0
0.0303 0
0.0304 0
0.0305 2
0.0306 0
0.0307 0
0.0308 0
0.0309 1
0.031 1
0.0311 1
0.0312 0
0.0313 0
0.0314 0
0.0315 0
0.0316 0
0.0317 0
0.0318 0
0.0319 1
0.032 0
0.0321 0
0.0322 0
0.0323 4
0.0324 2
0.0325 1
0.0326 2
0.0327 1
0.0328 0
0.0329 0
0.033 1
0.0331 1
0.0332 0
0.0333 0
0.0334 1
0.0335 0
0.0336 0
0.0337 0
0.0338 0
0.0339 0
0.034 0
0.0341 1
0.0342 1
0.0343 1
0.0344 0
0.0345 0
0.0346 0
0.0347 0
0.0348 0
0.0349 0
0.035 1
0.0351 2
0.0352 1
0.0353 2
0.0354 1
0.0355 0
0.0356 1
0.0357 0
0.0358 3
0.0359 0
0.036 1
0.0361 0
0.0362 1
0.0363 0
0.0364 0
0.0365 1
0.0366 0
0.0367 1
0.0368 0
0.0369 0
0.037 0
0.0371 0
0.0372 0
0.0373 1
0.0374 0
0.0375 0
0.0376 0
0.0377 0
0.0378 0
0.0379 0
0.038 0
0.0381 1
0.0382 1
0.0383 1
0.0384 0
0.0385 1
0.0386 0
0.0387 1
0.0388 0
0.0389 1
0.039 1
0.0391 1
0.0392 1
0.0393 2
0.0394 3
0.0395 0
0.0396 1
0.0397 1
0.0398 0
0.0399 3
0.04 0
0.0401 1
0.0402 1
0.0403 0
0.0404 0
0.0405 0
0.0406 0
0.0407 0
0.0408 0
0.0409 0
0.041 0
0.0411 0
0.0412 0
0.0413 1
0.0414 0
0.0415 1
0.0416 1
0.0417 1
0.0418 0
0.0419 1
0.042 0
0.0421 1
0.0422 2
0.0423 2
0.0424 1
0.0425 1
0.0426 0
0.0427 0
0.0428 1
0.0429 0
0.043 1
0.0431 0
0.0432 0
0.0433 1
0.0434 0
0.0435 1
0.0436 0
0.0437 0
0.0438 0
0.0439 0
0.044 0
0.0441 0
0.0442 0
0.0443 1
0.0444 0
0.0445 0
0.0446 0
0.0447 1
0.0448 0
0.0449 1
0.045 1
0.0451 0
0.0452 2
0.0453 2
0.0454 0
0.0455 0
0.0456 0
0.0457 1
0.0458 1
0.0459 1
0.046 1
0.0461 0
0.0462 2
0.0463 1
0.0464 0
0.0465 1
0.0466 0
0.0467 0
0.0468 0
0.0469 1
0.047 1
0.0471 0
0.0472 0
0.0473 0
0.0474 0
0.0475 2
0.0476 1
0.0477 2
0.0478 1
0.0479 0
0.048 0
0.0481 0
0.0482 2
0.0483 1
0.0484 0
0.0485 0
0.0486 2
0.0487 1
0.0488 0
0.0489 1
0.049 0
0.0491 2
0.0492 1
0.0493 0
0.0494 1
0.0495 0
0.0496 0
0.0497 1
0.0498 3
0.0499 0
0.05 0
0.0501 1
0.0502 2
0.0503 0
0.0504 2
0.0505 0
0.0506 2
0.0507 2
0.0508 0
0.0509 0
0.051 0
0.0511 1
0.0512 2
0.0513 0
0.0514 2
0.0515 0
0.0516 1
0.0517 1
0.0518 0
0.0519 0
0.052 0
0.0521 3
0.0522 1
0.0523 2
0.0524 1
0.0525 0
0.0526 1
0.0527 2
0.0528 3
0.0529 1
0.053 3
0.0531 1
0.0532 1
0.0533 1
0.0534 1
0.0535 1
0.0536 0
0.0537 1
0.0538 0
0.0539 0
0.054 1
0.0541 1
0.0542 1
0.0543 3
0.0544 1
0.0545 1
0.0546 3
0.0547 0
0.0548 0
0.0549 2
0.055 1
0.0551 0
0.0552 0
0.0553 0
0.0554 2
0.0555 1
0.0556 2
0.0557 1
0.0558 3
0.0559 0
0.056 2
0.0561 4
0.0562 0
0.0563 1
0.0564 1
0.0565 1
0.0566 4
0.0567 0
0.0568 0
0.0569 1
0.057 3
0.0571 0
0.0572 1
0.0573 0
0.0574 1
0.0575 1
0.0576 2
0.0577 0
0.0578 0
0.0579 1
0.058 4
0.0581 1
0.0582 3
0.0583 1
0.0584 1
0.0585 2
0.0586 0
0.0587 1
0.0588 0
0.0589 0
0.059 0
0.0591 2
0.0592 1
0.0593 1
0.0594 2
0.0595 3
0.0596 1
0.0597 0
0.0598 0
0.0599 3
0.06 1
0.0601 0
0.0602 0
0.0603 0
0.0604 1
0.0605 0
0.0606 1
0.0607 2
0.0608 1
0.0609 2
0.061 1
0.0611 0
0.0612 1
0.0613 0
0.0614 1
0.0615 0
0.0616 0
0.0617 1
0.0618 1
0.0619 0
0.062 0
0.0621 1
0.0622 0
0.0623 2
0.0624 0
0.0625 0
0.0626 3
0.0627 1
0.0628 0
0.0629 1
0.063 2
0.0631 1
0.0632 0
0.0633 2
0.0634 2
0.0635 1
0.0636 1
0.0637 0
0.0638 1
0.0639 1
0.064 2
0.0641 2
0.0642 4
0.0643 4
0.0644 1
0.0645 3
0.0646 1
0.0647 5
0.0648 2
0.0649 1
0.065 0
0.0651 1
0.0652 0
0.0653 3
0.0654 5
0.0655 2
0.0656 1
0.0657 1
0.0658 3
0.0659 1
0.066 1
0.0661 1
0.0662 1
0.0663 2
0.0664 2
0.0665 1
0.0666 3
0.0667 5
0.0668 3
0.0669 4
0.067 1
0.0671 1
0.0672 2
0.0673 1
0.0674 3
0.0675 0
0.0676 2
0.0677 0
0.0678 0
0.0679 1
0.068 0
0.0681 3
0.0682 1
0.0683 1
0.0684 0
0.0685 1
0.0686 2
0.0687 1
0.0688 5
0.0689 2
0.069 3
0.0691 2
0.0692 0
0.0693 1
0.0694 0
0.0695 0
0.0696 2
0.0697 1
0.0698 1
0.0699 1
0.07 0
0.0701 2
0.0702 1
0.0703 0
0.0704 2
0.0705 0
0.0706 2
0.0707 0
0.0708 1
0.0709 2
0.071 2
0.0711 1
0.0712 1
0.0713 1
0.0714 1
0.0715 1
0.0716 1
0.0717 3
0.0718 3
0.0719 1
0.072 3
0.0721 2
0.0722 1
0.0723 3
0.0724 3
0.0725 2
0.0726 1
0.0727 1
0.0728 3
0.0729 2
0.073 2
0.0731 1
0.0732 3
0.0733 0
0.0734 1
0.0735 3
0.0736 2
0.0737 1
0.0738 0
0.0739 2
0.074 2
0.0741 1
0.0742 3
0.0743 1
0.0744 0
0.0745 0
0.0746 0
0.0747 0
0.0748 0
0.0749 0
0.075 0
0.0751 2
0.0752 0
0.0753 2
0.0754 1
0.0755 1
0.0756 2
0.0757 0
0.0758 4
0.0759 3
0.076 2
0.0761 3
0.0762 2
0.0763 2
0.0764 5
0.0765 1
0.0766 7
0.0767 4
0.0768 0
0.0769 0
0.077 1
0.0771 2
0.0772 1
0.0773 4
0.0774 1
0.0775 2
0.0776 1
0.0777 6
0.0778 6
0.0779 3
0.078 2
0.0781 9
0.0782 11
0.0783 6
0.0784 5
0.0785 7
0.0786 12
0.0787 10
0.0788 8
0.0789 5
0.079 3
0.0791 2
0.0792 4
0.0793 7
0.0794 4
0.0795 6
0.0796 7
0.0797 8
0.0798 4
0.0799 2
0.08 5
0.0801 4
0.0802 4
0.0803 1
0.0804 1
0.0805 2
0.0806 6
0.0807 1
0.0808 2
0.0809 4
0.081 0
0.0811 0
0.0812 3
0.0813 0
0.0814 1
0.0815 3
0.0816 3
0.0817 5
0.0818 1
0.0819 4
0.082 5
0.0821 3
0.0822 2
0.0823 4
0.0824 6
0.0825 1
0.0826 1
0.0827 2
0.0828 4
0.0829 4
0.083 4
0.0831 5
0.0832 4
0.0833 3
0.0834 0
0.0835 3
0.0836 1
0.0837 3
0.0838 0
0.0839 2
0.084 1
0.0841 1
0.0842 1
0.0843 2
0.0844 0
0.0845 3
0.0846 1
0.0847 0
0.0848 3
0.0849 0
0.085 1
0.0851 3
0.0852 1
0.0853 2
0.0854 6
0.0855 0
0.0856 4
0.0857 1
0.0858 0
0.0859 1
0.086 3
0.0861 5
0.0862 2
0.0863 3
0.0864 1
0.0865 0
0.0866 0
0.0867 2
0.0868 3
0.0869 8
0.087 5
0.0871 5
0.0872 9
0.0873 6
0.0874 7
0.0875 4
0.0876 2
0.0877 0
0.0878 1
0.0879 3
0.088 3
0.0881 4
0.0882 3
0.0883 4
0.0884 5
0.0885 8
0.0886 6
0.0887 4
0.0888 6
0.0889 4
0.089 3
0.0891 0
0.0892 2
0.0893 4
0.0894 4
0.0895 3
0.0896 6
0.0897 4
0.0898 6
0.0899 4
0.09 7
0.0901 5
0.0902 2
0.0903 3
0.0904 1
0.0905 5
0.0906 3
0.0907 5
0.0908 1
0.0909 4
0.091 1
0.0911 3
0.0912 8
0.0913 5
0.0914 4
0.0915 6
0.0916 6
0.0917 9
0.0918 5
0.0919 8
0.092 10
0.0921 3
0.0922 5
0.0923 4
0.0924 1
0.0925 5
0.0926 4
0.0927 3
0.0928 6
0.0929 13
0.093 6
0.0931 5
0.0932 5
0.0933 3
0.0934 3
0.0935 1
0.0936 2
0.0937 6
0.0938 9
0.0939 8
0.094 6
0.0941 10
0.0942 8
0.0943 11
0.0944 12
0.0945 11
0.0946 15
0.0947 12
0.0948 7
0.0949 9
0.095 7
0.0951 7
0.0952 6
0.0953 6
0.0954 8
0.0955 8
0.0956 5
0.0957 5
0.0958 6
0.0959 7
0.096 11
0.0961 6
0.0962 8
0.0963 1
0.0964 1
0.0965 1
0.0966 4
0.0967 0
0.0968 1
0.0969 4
0.097 4
0.0971 7
0.0972 6
0.0973 3
0.0974 5
0.0975 4
0.0976 1
0.0977 0
0.0978 3
0.0979 5
0.098 3
0.0981 5
0.0982 2
0.0983 4
0.0984 0
0.0985 1
0.0986 4
0.0987 5
0.0988 5
0.0989 9
0.099 10
0.0991 4
0.0992 7
0.0993 12
0.0994 12
0.0995 14
0.0996 14
0.0997 18
0.0998 12
0.0999 7
0.1 6
0.1001 6
0.1002 7
0.1003 6
0.1004 4
0.1005 5
0.1006 2
0.1007 1
0.1008 0
0.1009 0
0.101 1
0.1011 5
0.1012 3
0.1013 4
0.1014 3
0.1015 8
0.1016 4
0.1017 2
0.1018 5
0.1019 2
0.102 2
0.1021 5
0.1022 6
0.1023 3
0.1024 1
0.1025 2
0.1026 2
0.1027 1
0.1028 4
0.1029 3
0.103 4
0.1031 6
0.1032 7
0.1033 5
0.1034 6
0.1035 4
0.1036 5
0.1037 5
0.1038 9
0.1039 6
0.104 3
0.1041 4
0.1042 3
0.1043 5
0.1044 5
0.1045 5
0.1046 7
0.1047 4
0.1048 3
0.1049 3
0.105 4
0.1051 4
0.1052 6
0.1053 2
0.1054 5
0.1055 7
0.1056 9
0.1057 7
0.1058 14
0.1059 31
0.106 22
0.1061 23
0.1062 18
0.1063 27
0.1064 19
0.1065 17
0.1066 16
0.1067 11
0.1068 19
0.1069 22
0.107 30
0.1071 34
0.1072 32
0.1073 33
0.1074 37
0.1075 60
0.1076 90
0.1077 107
0.1078 129
0.1079 135
0.108 139
0.1081 139
0.1082 165
0.1083 201
0.1084 226
0.1085 260
0.1086 271
0.1087 299
0.1088 314
0.1089 323
0.109 345
0.1091 373
0.1092 409
0.1093 451
0.1094 472
0.1095 505
0.1096 520
0.1097 546
0.1098 573
0.1099 580
0.11 584
0.1101 599
0.1102 627
0.1103 646
0.1104 667
0.1105 681
0.1106 685
0.1107 702
0.1108 730
0.1109 760
0.111 788
0.1111 824
0.1112 816
0.1113 844
0.1114 868
0.1115 881
0.1116 897
0.1117 914
0.1118 946
0.1119 959
0.112 973
0.1121 988
0.1122 998
0.1123 1008
0.1124 1039
0.1125 1059
0.1126 1084
0.1127 1120
0.1128 1138
0.1129 1175
0.113 1204
0.1131 1214
0.1132 1222
0.1133 1223
0.1134 1234
0.1135 1256
0.1136 1259
0.1137 1266
0.1138 1287
0.1139 1309
0.114 1316
0.1141 1325
0.1142 1345
0.1143 1346
0.1144 1350
0.1145 1356
0.1146 1351
0.1147 1357
0.1148 1351
0.1149 1357
0.115 1371
0.1151 1388
0.1152 1391
0.1153 1391
0.1154 1388
0.1155 1376
0.1156 1373
0.1157 1362
0.1158 1353
0.1159 1344
0.116 1339
0.1161 1330
0.1162 1323
0.1163 1310
0.1164 1315
0.1165 1321
0.1166 1330
0.1167 1320
0.1168 1330
0.1169 1356
0.117 1339
0.1171 1336
0.1172 1350
0.1173 1328
0.1174 1344
0.1175 1346
0.1176 1354
0.1177 1354
0.1178 1351
0.1179 1365
0.118 1364
0.1181 1373
0.1182 1358
0.1183 1326
0.1184 1310
0.1185 1315
0.1186 1281
0.1187 1287
0.1188 1274
0.1189 1267
0.119 1262
0.1191 1246
0.1192 1237
0.1193 1239
0.1194 1214
0.1195 1212
0.1196 1181
0.1197 1186
0.1198 1188
0.1199 1204
0.12 1203
0.1201 1205
0.1202 1206
0.1203 1188
0.1204 1196
0.1205 1202
0.1206 1204
0.1207 1189
0.1208 1193
0.1209 1196
0.121 1191
0.1211 1187
0.1212 1183
0.1213 1185
0.1214 1174
0.1215 1168
0.1216 1159
0.1217 1144
0.1218 1146
0.1219 1141
0.122 1147
0.1221 1158
0.1222 1158
0.1223 1151
0.1224 1139
0.1225 1141
0.1226 1153
0.1227 1129
0.1228 1104
0.1229 1074
0.123 1052
0.1231 1040
0.1232 1027
0.1233 1018
0.1234 1006
0.1235 999
0.1236 1004
0.1237 1008
0.1238 1016
0.1239 1016
0.124 1017
0.1241 1002
0.1242 1019
0.1243 1006
0.1244 1015
0.1245 995
0.1246 985
0.1247 979
0.1248 987
0.1249 990
0.125 1014
0.1251 1002
0.1252 1000
0.1253 995
0.1254 990
0.1255 980
0.1256 975
0.1257 967
0.1258 950
0.1259 914
0.126 897
0.1261 876
0.1262 868
0.1263 851
0.1264 844
0.1265 820
0.1266 805
0.1267 777
0.1268 751
0.1269 716
0.127 696
0.1271 673
0.1272 659
0.1273 646
0.1274 639
0.1275 623
0.1276 603
0.1277 593
0.1278 581
0.1279 579
0.128 559
0.1281 515
0.1282 508
0.1283 523
0.1284 533
0.1285 525
0.1286 505
0.1287 489
0.1288 468
0.1289 448
0.129 460
0.1291 457
0.1292 463
0.1293 464
0.1294 450
0.1295 442
0.1296 436
0.1297 429
0.1298 413
0.1299 416
0.13 415
0.1301 423
0.1302 415
0.1303 400
0.1304 394
0.1305 361
0.1306 352
0.1307 327
0.1308 304
0.1309 277
0.131 247
0.1311 244
0.1312 233
0.1313 213
0.1314 178
0.1315 161
0.1316 133
0.1317 111
0.1318 78
0.1319 65
0.132 72
0.1321 64
0.1322 82
0.1323 88
0.1324 88
0.1325 67
0.1326 54
0.1327 39
0.1328 35
0.1329 29
0.133 11
0.1331 13
0.1332 7
0.1333 1
0.1334 3
0.1335 1
0.1336 1
0.1337 5
0.1338 2
0.1339 1
0.134 3
0.1341 0
0.1342 1
0.1343 1
0.1344 1
0.1345 0
0.1346 0
0.1347 1
0.1348 1
0.1349 0
0.135 0
0.1351 0
0.1352 0
0.1353 3
0.1354 4
0.1355 1
0.1356 1
0.1357 1
0.1358 0
0.1359 1
0.136 0
0.1361 0
0.1362 0
0.1363 1
0.1364 0
0.1365 0
0.1366 0
0.1367 0
0.1368 0
0.1369 1
0.137 1
0.1371 1
0.1372 0
0.1373 1
0.1374 0
0.1375 1
0.1376 1
0.1377 0
0.1378 0
0.1379 0
0.138 0
0.1381 0
0.1382 1
0.1383 1
0.1384 1
0.1385 0
0.1386 0
0.1387 0
0.1388 0
0.1389 1
0.139 0
0.1391 0
0.1392 0
0.1393 1
0.1394 0
0.1395 0
0.1396 0
0.1397 0
0.1398 0
0.1399 0
0.14 0
0.1401 0
0.1402 0
0.1403 0
0.1404 0
0.1405 1
0.1406 0
0.1407 0
0.1408 2
0.1409 0
0.141 0
0.1411 0
0.1412 2
0.1413 0
0.1414 0
0.1415 0
0.1416 0
0.1417 0
0.1418 0
0.1419 0
0.142 1
0.1421 0
0.1422 1
0.1423 0
0.1424 1
0.1425 0
0.1426 1
0.1427 0
0.1428 1
0.1429 1
0.143 1
0.1431 0
0.1432 0
0.1433 0
0.1434 1
0.1435 1
0.1436 0
0.1437 1
0.1438 1
0.1439 0
0.144 1
0.1441 0
0.1442 0
0.1443 1
0.1444 1
0.1445 1
0.1446 1
0.1447 2
0.1448 0
0.1449 0
0.145 0
0.1451 0
0.1452 0
0.1453 0
0.1454 1
0.1455 0
0.1456 0
0.1457 0
0.1458 0
0.1459 0
0.146 0
0.1461 0
0.1462 0
0.1463 1
0.1464 0
0.1465 0
0.1466 1
0.1467 0
0.1468 2
0.1469 0
0.147 0
0.1471 0
0.1472 0
0.1473 0
0.1474 0
0.1475 0
0.1476 0
0.1477 1
0.1478 2
0.1479 0
0.148 0
0.1481 0
0.1482 0
0.1483 0
0.1484 0
0.1485 0
0.1486 0
0.1487 0
0.1488 0
0.1489 0
0.149 0
0.1491 0
0.1492 0
0.1493 0
0.1494 0
0.1495 0
0.1496 0
0.1497 1
0.1498 0
0.1499 0
0.15 0
0.1501 0
0.1502 0
0.1503 0
0.1504 0
0.1505 0
0.1506 0
0.1507 0
0.1508 0
0.1509 0
0.151 1
0.1511 1
0.1512 0
0.1513 0
0.1514 0
0.1515 0
0.1516 1
0.1517 1
0.1518 1
0.1519 3
0.152 1
0.1521 1
0.1522 1
0.1523 1
0.1524 1
0.1525 0
0.1526 0
0.1527 0
0.1528 1
0.1529 1
0.153 0
0.1531 1
0.1532 1
0.1533 0
0.1534 1
0.1535 0
0.1536 1
0.1537 1
0.1538 1
0.1539 0
0.154 2
0.1541 0
0.1542 2
0.1543 2
0.1544 0
0.1545 1
0.1546 0
0.1547 2
0.1548 2
0.1549 2
0.155 0
0.1551 1
0.1552 0
0.1553 0
0.1554 0
0.1555 0
0.1556 0
0.1557 1
0.1558 1
0.1559 0
0.156 0
0.1561 0
0.1562 0
0.1563 0
0.1564 1
0.1565 0
0.1566 0
0.1567 0
0.1568 0
0.1569 1
0.157 0
0.1571 1
0.1572 1
0.1573 1
0.1574 2
0.1575 1
0.1576 0
0.1577 0
0.1578 0
0.1579 0
0.158 0
0.1581 1
0.1582 0
0.1583 1
0.1584 2
0.1585 1
0.1586 1
0.1587 1
0.1588 0
0.1589 1
0.159 1
0.1591 0
0.1592 7
0.1593 0
0.1594 0
0.1595 0
0.1596 1
0.1597 1
0.1598 0
0.1599 0
0.16 2
0.1601 1
0.1602 0
0.1603 0
0.1604 1
0.1605 0
0.1606 0
0.1607 1
0.1608 1
0.1609 2
0.161 2
0.1611 1
0.1612 3
0.1613 4
0.1614 1
0.1615 0
0.1616 2
0.1617 4
0.1618 1
0.1619 3
0.162 1
0.1621 0
0.1622 2
0.1623 0
0.1624 0
0.1625 0
0.1626 1
0.1627 1
0.1628 1
0.1629 1
0.163 0
0.1631 0
0.1632 1
0.1633 1
0.1634 0
0.1635 0
0.1636 0
0.1637 1
0.1638 0
0.1639 3
0.164 0
0.1641 1
0.1642 0
0.1643 1
0.1644 0
0.1645 1
0.1646 2
0.1647 2
0.1648 3
0.1649 3
0.165 1
0.1651 1
0.1652 4
0.1653 3
0.1654 4
0.1655 1
0.1656 2
0.1657 0
0.1658 3
0.1659 0
0.166 2
0.1661 6
0.1662 2
0.1663 1
0.1664 1
0.1665 2
0.1666 1
0.1667 3
0.1668 2
0.1669 3
0.167 3
0.1671 2
0.1672 3
0.1673 1
0.1674 1
0.1675 1
0.1676 1
0.1677 1
0.1678 0
0.1679 0
0.168 0
0.1681 0
0.1682 3
0.1683 3
0.1684 1
0.1685 1
0.1686 0
0.1687 0
0.1688 2
0.1689 2
0.169 2
0.1691 5
0.1692 1
0.1693 3
0.1694 2
0.1695 1
0.1696 0
0.1697 0
0.1698 1
0.1699 0
0.17 1
0.1701 0
0.1702 1
0.1703 2
0.1704 2
0.1705 1
0.1706 0
0.1707 0
0.1708 1
0.1709 1
0.171 3
0.1711 3
0.1712 3
0.1713 1
0.1714 1
0.1715 4
0.1716 7
0.1717 4
0.1718 1
0.1719 7
0.172 2
0.1721 2
0.1722 5
0.1723 5
0.1724 3
0.1725 5
0.1726 4
0.1727 4
0.1728 4
0.1729 4
0.173 4
0.1731 4
0.1732 5
0.1733 0
0.1734 1
0.1735 2
0.1736 1
0.1737 1
0.1738 1
0.1739 1
0.174 0
0.1741 0
0.1742 1
0.1743 1
0.1744 1
0.1745 2
0.1746 3
0.1747 1
0.1748 1
0.1749 0
0.175 1
0.1751 2
0.1752 1
0.1753 1
0.1754 1
0.1755 0
0.1756 1
0.1757 2
0.1758 1
0.1759 1
0.176 1
0.1761 4
0.1762 2
0.1763 1
0.1764 2
0.1765 1
0.1766 2
0.1767 0
0.1768 0
0.1769 0
0.177 1
0.1771 1
0.1772 0
0.1773 1
0.1774 1
0.1775 0
0.1776 0
0.1777 1
0.1778 0
0.1779 1
0.178 1
0.1781 1
0.1782 1
0.1783 0
0.1784 0
0.1785 0
0.1786 0
0.1787 0
0.1788 1
0.1789 2
0.179 1
0.1791 0
0.1792 0
0.1793 3
0.1794 4
0.1795 1
0.1796 1
0.1797 1
0.1798 1
0.1799 3
0.18 3
0.1801 7
0.1802 5
0.1803 8
0.1804 7
0.1805 6
0.1806 8
0.1807 3
0.1808 5
0.1809 2
0.181 2
0.1811 5
0.1812 3
0.1813 3
0.1814 6
0.1815 1
0.1816 4
0.1817 5
0.1818 3
0.1819 7
0.182 4
0.1821 6
0.1822 6
0.1823 4
0.1824 5
0.1825 7
0.1826 12
0.1827 12
0.1828 2
0.1829 3
0.183 3
0.1831 3
0.1832 2
0.1833 4
0.1834 4
0.1835 4
0.1836 1
0.1837 5
0.1838 2
0.1839 1
0.184 0
0.1841 0
0.1842 1
0.1843 1
0.1844 0
0.1845 1
0.1846 4
0.1847 7
0.1848 7
0.1849 10
0.185 6
0.1851 3
0.1852 3
0.1853 3
0.1854 4
0.1855 5
0.1856 3
0.1857 3
0.1858 2
0.1859 4
0.186 1
0.1861 4
0.1862 11
0.1863 5
0.1864 2
0.1865 4
0.1866 11
0.1867 9
0.1868 3
0.1869 3
0.187 1
0.1871 1
0.1872 2
0.1873 7
0.1874 2
0.1875 8
0.1876 5
0.1877 5
0.1878 10
0.1879 7
0.188 5
0.1881 9
0.1882 10
0.1883 5
0.1884 6
0.1885 10
0.1886 11
0.1887 9
0.1888 8
0.1889 5
0.189 4
0.1891 5
0.1892 4
0.1893 4
0.1894 2
0.1895 8
0.1896 8
0.1897 9
0.1898 3
0.1899 8
0.19 12
0.1901 14
0.1902 11
0.1903 13
0.1904 12
0.1905 16
0.1906 18
0.1907 17
0.1908 14
0.1909 10
0.191 7
0.1911 4
0.1912 1
0.1913 2
0.1914 5
0.1915 7
0.1916 5
0.1917 4
0.1918 3
0.1919 4
0.192 1
0.1921 0
0.1922 1
0.1923 1
0.1924 0
0.1925 0
0.1926 1
0.1927 1
0.1928 4
0.1929 4
0.193 3
0.1931 4
0.1932 2
0.1933 2
0.1934 1
0.1935 2
0.1936 2
0.1937 1
0.1938 1
0.1939 4
0.194 4
0.1941 2
0.1942 0
0.1943 2
0.1944 5
0.1945 1
0.1946 1
0.1947 3
0.1948 2
0.1949 2
0.195 3
0.1951 4
0.1952 6
0.1953 3
0.1954 8
0.1955 5
0.1956 6
0.1957 6
0.1958 7
0.1959 1
0.196 2
0.1961 3
0.1962 4
0.1963 1
0.1964 5
0.1965 2
0.1966 2
0.1967 2
0.1968 1
0.1969 1
0.197 2
0.1971 4
0.1972 4
0.1973 1
0.1974 1
0.1975 3
0.1976 5
0.1977 6
0.1978 4
0.1979 5
0.198 4
0.1981 3
0.1982 3
0.1983 3
0.1984 5
0.1985 6
0.1986 3
0.1987 3
0.1988 2
0.1989 2
0.199 0
0.1991 3
0.1992 3
0.1993 2
0.1994 2
0.1995 0
0.1996 1
0.1997 4
0.1998 3
0.1999 2
0.2 1
0.2001 1
0.2002 3
0.2003 1
0.2004 5
0.2005 9
0.2006 3
0.2007 3
0.2008 6
0.2009 2
0.201 4
0.2011 5
0.2012 4
0.2013 5
0.2014 3
0.2015 5
0.2016 5
0.2017 2
0.2018 3
0.2019 8
0.202 11
0.2021 9
0.2022 9
0.2023 8
0.2024 11
0.2025 8
0.2026 5
0.2027 6
0.2028 3
0.2029 3
0.203 7
0.2031 5
0.2032 4
0.2033 4
0.2034 5
0.2035 2
0.2036 3
0.2037 2
0.2038 1
0.2039 1
0.204 1
0.2041 2
0.2042 0
0.2043 1
0.2044 0
0.2045 2
0.2046 5
0.2047 5
0.2048 6
0.2049 9
0.205 4
0.2051 10
0.2052 10
0.2053 8
0.2054 10
0.2055 18
0.2056 28
0.2057 47
0.2058 42
0.2059 38
0.206 46
0.2061 62
0.2062 76
0.2063 111
0.2064 134
0.2065 151
0.2066 184
0.2067 212
0.2068 223
0.2069 248
0.207 250
0.2071 261
0.2072 271
0.2073 290
0.2074 307
0.2075 319
0.2076 327
0.2077 355
0.2078 377
0.2079 412
0.208 443
0.2081 453
0.2082 464
0.2083 472
0.2084 499
0.2085 527
0.2086 550
0.2087 573
0.2088 573
0.2089 581
0.209 597
0.2091 633
0.2092 671
0.2093 684
0.2094 725
0.2095 747
0.2096 777
0.2097 802
0.2098 824
0.2099 845
0.21 894
0.2101 924
0.2102 952
0.2103 977
0.2104 994
0.2105 1006
0.2106 1018
0.2107 1010
0.2108 1012
0.2109 1016
0.211 1002
0.2111 993
0.2112 1008
0.2113 1023
0.2114 1043
0.2115 1050
0.2116 1060
0.2117 1086
0.2118 1120
0.2119 1143
0.212 1159
0.2121 1165
0.2122 1166
0.2123 1179
0.2124 1199
0.2125 1201
0.2126 1208
0.2127 1212
0.2128 1216
0.2129 1249
0.213 1261
0.2131 1288
0.2132 1313
0.2133 1325
0.2134 1342
0.2135 1350
0.2136 1351
0.2137 1357
0.2138 1360
0.2139 1370
0.214 1365
0.2141 1371
0.2142 1365
0.2143 1364
0.2144 1364
0.2145 1372
0.2146 1367
0.2147 1359
0.2148 1346
0.2149 1342
0.215 1333
0.2151 1335
0.2152 1341
0.2153 1307
0.2154 1300
0.2155 1286
0.2156 1288
0.2157 1284
0.2158 1287
0.2159 1266
0.216 1290
0.2161 1308
0.2162 1332
0.2163 1327
0.2164 1331
0.2165 1341
0.2166 1316
0.2167 1305
0.2168 1272
0.2169 1238
0.217 1237
0.2171 1237
0.2172 1229
0.2173 1212
0.2174 1211
0.2175 1216
0.2176 1197
0.2177 1211
0.2178 1184
0.2179 1187
0.218 1173
0.2181 1139
0.2182 1138
0.2183 1136
0.2184 1150
0.2185 1155
0.2186 1161
0.2187 1163
0.2188 1145
0.2189 1133
0.219 1113
0.2191 1099
0.2192 1094
0.2193 1104
0.2194 1112
0.2195 1090
0.2196 1080
0.2197 1053
0.2198 1053
0.2199 1047
0.22 1063
0.2201 1073
0.2202 1070
0.2203 1070
0.2204 1049
0.2205 1048
0.2206 1026
0.2207 1037
0.2208 1046
0.2209 1039
0.221 1035
0.2211 1047
0.2212 1029
0.2213 1015
0.2214 1010
0.2215 1004
0.2216 1006
0.2217 992
0.2218 989
0.2219 989
0.222 981
0.2221 956
0.2222 945
0.2223 930
0.2224 927
0.2225 902
0.2226 887
0.2227 888
0.2228 897
0.2229 870
0.223 841
0.2231 835
0.2232 813
0.2233 798
0.2234 762
0.2235 753
0.2236 728
0.2237 689
0.2238 672
0.2239 673
0.224 657
0.2241 662
0.2242 671
0.2243 669
0.2244 674
0.2245 651
0.2246 653
0.2247 653
0.2248 654
0.2249 619
0.225 616
0.2251 601
0.2252 579
0.2253 578
0.2254 600
0.2255 613
0.2256 594
0.2257 547
0.2258 535
0.2259 510
0.226 492
0.2261 483
0.2262 459
0.2263 435
0.2264 413
0.2265 402
0.2266 381
0.2267 351
0.2268 340
0.2269 308
0.227 292
0.2271 277
0.2272 269
0.2273 244
0.2274 228
0.2275 199
0.2276 161
0.2277 149
0.2278 121
0.2279 104
0.228 66
0.2281 37
0.2282 17
0.2283 13
0.2284 12
0.2285 5
0.2286 1
0.2287 3
0.2288 4
0.2289 4
0.229 2
0.2291 3
0.2292 3
0.2293 0
0.2294 1
0.2295 0
0.2296 1
0.2297 1
0.2298 0
0.2299 1
0.23 0
0.2301 1
0.2302 0
0.2303 0
0.2304 0
0.2305 0
0.2306 0
0.2307 0
0.2308 0
0.2309 0
0.231 0
0.2311 0
0.2312 0
0.2313 0
0.2314 0
0.2315 0
0.2316 1
0.2317 0
0.2318 1
0.2319 0
0.232 0
0.2321 0
0.2322 0
0.2323 2
0.2324 0
0.2325 0
0.2326 1
0.2327 0
0.2328 0
0.2329 0
0.233 0
0.2331 0
0.2332 0
0.2333 0
0.2334 0
0.2335 0
0.2336 0
0.2337 0
0.2338 0
0.2339 1
0.234 1
0.2341 0
0.2342 0
0.2343 0
0.2344 0
0.2345 1
0.2346 1
0.2347 2
0.2348 2
0.2349 1
0.235 1
0.2351 0
0.2352 0
0.2353 0
0.2354 0
0.2355 0
0.2356 0
0.2357 3
0.2358 0
0.2359 1
0.236 0
0.2361 0
0.2362 0
0.2363 0
0.2364 0
0.2365 0
0.2366 0
0.2367 0
0.2368 0
0.2369 0
0.237 0
0.2371 0
0.2372 0
0.2373 0
0.2374 0
0.2375 1
0.2376 1
0.2377 1
0.2378 2
0.2379 2
0.238 2
0.2381 4
0.2382 1
0.2383 1
0.2384 4
0.2385 3
0.2386 0
0.2387 3
0.2388 1
0.2389 0
0.239 1
0.2391 0
0.2392 1
0.2393 0
0.2394 0
0.2395 0
0.2396 0
0.2397 0
0.2398 2
0.2399 1
0.24 1
0.2401 0
0.2402 0
0.2403 0
0.2404 0
0.2405 0
0.2406 0
0.2407 0
0.2408 0
0.2409 0
0.241 3
0.2411 1
0.2412 0
0.2413 0
0.2414 0
0.2415 1
0.2416 1
0.2417 1
0.2418 0
0.2419 1
0.242 1
0.2421 2
0.2422 1
0.2423 0
0.2424 0
0.2425 0
0.2426 0
0.2427 0
0.2428 1
0.2429 0
0.243 0
0.2431 0
0.2432 1
0.2433 0
0.2434 0
0.2435 0
0.2436 0
0.2437 0
0.2438 0
0.2439 1
0.244 1
0.2441 0
0.2442 2
0.2443 1
0.2444 2
0.2445 1
0.2446 1
0.2447 0
0.2448 0
0.2449 2
0.245 1
0.2451 0
0.2452 0
0.2453 1
0.2454 0
0.2455 1
0.2456 0
0.2457 0
0.2458 1
0.2459 1
0.246 0
0.2461 0
0.2462 1
0.2463 0
0.2464 0
0.2465 0
0.2466 2
0.2467 0
0.2468 0
0.2469 0
0.247 0
0.2471 1
0.2472 0
0.2473 0
0.2474 3
0.2475 0
0.2476 0
0.2477 0
0.2478 1
0.2479 1
0.248 0
0.2481 1
0.2482 0
0.2483 0
0.2484 0
0.2485 0
0.2486 0
0.2487 1
0.2488 2
0.2489 2
0.249 2
0.2491 0
0.2492 0
0.2493 1
0.2494 0
0.2495 1
0.2496 1
0.2497 0
0.2498 0
0.2499 0
0.25 0
