0 0
0.0001 0
0.0002 0
0.0003 0
0.0004 0
0.0005 0
0.0006 0
0.0007 0
0.0008 0
0.0009 0
0.001 0
0.0011 0
0.0012 0
0.0013 1
0.0014 1
0.0015 1
0.0016 2
0.0017 2
0.0018 2
0.0019 2
0.002 3
0.0021 3
0.0022 3
0.0023 3
0.0024 3
0.0025 3
0.0026 3
0.0027 3
0.0028 3
0.0029 3
0.003 5
0.0031 7
0.0032 11
0.0033 14
0.0034 15
0.0035 15
0.0036 17
0.0037 17
0.0038 18
0.0039 20
0.004 22
0.0041 22
0.0042 30
0.0043 32
0.0044 32
0.0045 33
0.0046 34
0.0047 34
0.0048 34
0.0049 37
0.005 40
0.0051 44
0.0052 46
0.0053 51
0.0054 53
0.0055 58
0.0056 61
0.0057 62
0.0058 63
0.0059 68
0.006 73
0.0061 77
0.0062 79
0.0063 83
0.0064 88
0.0065 91
0.0066 91
0.0067 93
0.0068 97
0.0069 97
0.007 99
0.0071 102
0.0072 106
0.0073 107
0.0074 114
0.0075 119
0.0076 122
0.0077 131
0.0078 134
0.0079 137
0.008 141
0.0081 146
0.0082 152
0.0083 158
0.0084 161
0.0085 167
0.0086 176
0.0087 178
0.0088 182
0.0089 188
0.009 196
0.0091 203
0.0092 205
0.0093 213
0.0094 221
0.0095 233
0.0096 243
0.0097 248
0.0098 254
0.0099 262
0.01 272
0.0101 277
0.0102 282
0.0103 287
0.0104 294
0.0105 299
0.0106 304
0.0107 311
0.0108 318
0.0109 329
0.011 336
0.0111 345
0.0112 353
0.0113 362
0.0114 371
0.0115 375
0.0116 382
0.0117 387
0.0118 392
0.0119 402
0.012 413
0.0121 416
0.0122 421
0.0123 426
0.0124 434
0.0125 434
0.0126 442
0.0127 450
0.0128 458
0.0129 467
0.013 475
0.0131 480
0.0132 492
0.0133 503
0.0134 508
0.0135 525
0.0136 534
0.0137 544
0.0138 550
0.0139 559
0.014 569
0.0141 582
0.0142 590
0.0143 600
0.0144 605
0.0145 613
0.0146 617
0.0147 626
0.0148 637
0.0149 645
0.015 654
0.0151 663
0.0152 671
0.0153 679
0.0154 684
0.0155 694
0.0156 697
0.0157 705
0.0158 719
0.0159 729
0.016 738
0.0161 742
0.0162 755
0.0163 761
0.0164 767
0.0165 775
0.0166 786
0.0167 794
0.0168 801
0.0169 812
0.017 823
0.0171 836
0.0172 851
0.0173 859
0.0174 870
0.0175 880
0.0176 891
0.0177 901
0.0178 907
0.0179 922
0.018 931
0.0181 940
0.0182 951
0.0183 965
0.0184 970
0.0185 979
0.0186 990
0.0187 994
0.0188 1004
0.0189 1014
0.019 1023
0.0191 1036
0.0192 1041
0.0193 1046
0.0194 1059
0.0195 1074
0.0196 1080
0.0197 1094
0.0198 1100
0.0199 1109
0.02 1117
0.0201 1127
0.0202 1135
0.0203 1149
0.0204 1156
0.0205 1164
0.0206 1177
0.0207 1185
0.0208 1192
0.0209 1197
0.021 1206
0.0211 1213
0.0212 1229
0.0213 1237
0.0214 1247
0.0215 1254
0.0216 1265
0.0217 1271
0.0218 1283
0.0219 1292
0.022 1307
0.0221 1309
0.0222 1322
0.0223 1330
0.0224 1344
0.0225 1353
0.0226 1365
0.0227 1376
0.0228 1391
0.0229 1396
0.023 1407
0.0231 1419
0.0232 1426
0.0233 1434
0.0234 1442
0.0235 1449
0.0236 1456
0.0237 1462
0.0238 1476
0.0239 1478
0.024 1484
0.0241 1490
0.0242 1499
0.0243 1515
0.0244 1524
0.0245 1533
0.0246 1536
0.0247 1548
0.0248 1556
0.0249 1566
0.025 1572
0.0251 1571
0.0252 1575
0.0253 1586
0.0254 1595
0.0255 1607
0.0256 1606
0.0257 1621
0.0258 1628
0.0259 1635
0.026 1646
0.0261 1651
0.0262 1667
0.0263 1677
0.0264 1682
0.0265 1692
0.0266 1692
0.0267 1693
0.0268 1697
0.0269 1705
0.027 1711
0.0271 1719
0.0272 1718
0.0273 1708
0.0274 1708
0.0275 1702
0.0276 1688
0.0277 1670
0.0278 1645
0.0279 1622
0.028 1596
0.0281 1566
0.0282 1538
0.0283 1494
0.0284 1449
0.0285 1421
0.0286 1395
0.0287 1370
0.0288 1326
0.0289 1290
0.029 1259
0.0291 1239
0.0292 1213
0.0293 1190
0.0294 1159
0.0295 1132
0.0296 1111
0.0297 1091
0.0298 1077
0.0299 1056
0.03 1031
0.0301 1010
0.0302 990
0.0303 968
0.0304 943
0.0305 917
0.0306 898
0.0307 892
0.0308 867
0.0309 842
0.031 837
0.0311 822
0.0312 806
0.0313 790
0.0314 776
0.0315 763
0.0316 752
0.0317 734
0.0318 714
0.0319 697
0.032 685
0.0321 674
0.0322 675
0.0323 666
0.0324 656
0.0325 652
0.0326 656
0.0327 648
0.0328 634
0.0329 634
0.033 623
0.0331 614
0.0332 610
0.0333 597
0.0334 593
0.0335 591
0.0336 578
0.0337 569
0.0338 558
0.0339 543
0.034 538
0.0341 543
0.0342 538
0.0343 542
0.0344 544
0.0345 550
0.0346 558
0.0347 560
0.0348 565
0.0349 561
0.035 555
0.0351 557
0.0352 547
0.0353 541
0.0354 538
0.0355 523
0.0356 519
0.0357 509
0.0358 506
0.0359 500
0.036 492
0.0361 493
0.0362 499
0.0363 496
0.0364 492
0.0365 506
0.0366 498
0.0367 494
0.0368 489
0.0369 484
0.037 472
0.0371 461
0.0372 453
0.0373 443
0.0374 440
0.0375 437
0.0376 434
0.0377 432
0.0378 429
0.0379 420
0.038 413
0.0381 407
0.0382 407
0.0383 407
0.0384 399
0.0385 407
0.0386 405
0.0387 409
0.0388 405
0.0389 409
0.039 410
0.0391 408
0.0392 407
0.0393 406
0.0394 413
0.0395 401
0.0396 402
0.0397 397
0.0398 387
0.0399 387
0.04 385
0.0401 378
0.0402 374
0.0403 377
0.0404 377
0.0405 378
0.0406 380
0.0407 383
0.0408 390
0.0409 385
0.041 388
0.0411 387
0.0412 391
0.0413 392
0.0414 386
0.0415 387
0.0416 383
0.0417 370
0.0418 368
0.0419 362
0.042 360
0.0421 355
0.0422 352
0.0423 348
0.0424 350
0.0425 347
0.0426 342
0.0427 343
0.0428 337
0.0429 335
0.043 329
0.0431 321
0.0432 319
0.0433 314
0.0434 309
0.0435 299
0.0436 298
0.0437 298
0.0438 300
0.0439 295
0.044 297
0.0441 303
0.0442 309
0.0443 301
0.0444 293
0.0445 291
0.0446 290
0.0447 294
0.0448 289
0.0449 281
0.045 280
0.0451 275
0.0452 272
0.0453 267
0.0454 268
0.0455 263
0.0456 262
0.0457 259
0.0458 252
0.0459 250
0.046 250
0.0461 252
0.0462 249
0.0463 247
0.0464 245
0.0465 241
0.0466 244
0.0467 250
0.0468 259
0.0469 262
0.047 270
0.0471 271
0.0472 275
0.0473 275
0.0474 281
0.0475 279
0.0476 276
0.0477 273
0.0478 279
0.0479 292
0.048 296
0.0481 299
0.0482 302
0.0483 305
0.0484 305
0.0485 305
0.0486 301
0.0487 302
0.0488 295
0.0489 295
0.049 299
0.0491 305
0.0492 312
0.0493 324
0.0494 334
0.0495 334
0.0496 337
0.0497 341
0.0498 342
0.0499 341
0.05 347
0.0501 344
0.0502 336
0.0503 337
0.0504 333
0.0505 330
0.0506 324
0.0507 319
0.0508 315
0.0509 313
0.051 311
0.0511 316
0.0512 316
0.0513 318
0.0514 323
0.0515 319
0.0516 311
0.0517 309
0.0518 305
0.0519 302
0.052 296
0.0521 294
0.0522 303
0.0523 303
0.0524 303
0.0525 298
0.0526 303
0.0527 302
0.0528 306
0.0529 301
0.053 296
0.0531 294
0.0532 297
0.0533 294
0.0534 302
0.0535 304
0.0536 300
0.0537 308
0.0538 310
0.0539 309
0.054 313
0.0541 318
0.0542 319
0.0543 319
0.0544 314
0.0545 305
0.0546 301
0.0547 300
0.0548 298
0.0549 299
0.055 297
0.0551 306
0.0552 304
0.0553 301
0.0554 311
0.0555 308
0.0556 307
0.0557 308
0.0558 309
0.0559 311
0.056 319
0.0561 320
0.0562 323
0.0563 321
0.0564 317
0.0565 318
0.0566 312
0.0567 308
0.0568 309
0.0569 307
0.057 298
0.0571 294
0.0572 299
0.0573 300
0.0574 305
0.0575 312
0.0576 304
0.0577 309
0.0578 302
0.0579 307
0.058 305
0.0581 307
0.0582 310
0.0583 313
0.0584 309
0.0585 309
0.0586 312
0.0587 314
0.0588 311
0.0589 312
0.059 319
0.0591 318
0.0592 322
0.0593 328
0.0594 329
0.0595 335
0.0596 333
0.0597 330
0.0598 329
0.0599 324
0.06 322
0.0601 317
0.0602 310
0.0603 303
0.0604 304
0.0605 300
0.0606 292
0.0607 287
0.0608 285
0.0609 282
0.061 281
0.0611 279
0.0612 272
0.0613 266
0.0614 264
0.0615 276
0.0616 283
0.0617 280
0.0618 281
0.0619 275
0.062 275
0.0621 272
0.0622 272
0.0623 269
0.0624 269
0.0625 268
0.0626 264
0.0627 259
0.0628 255
0.0629 251
0.063 250
0.0631 254
0.0632 250
0.0633 252
0.0634 257
0.0635 258
0.0636 258
0.0637 263
0.0638 273
0.0639 276
0.064 278
0.0641 275
0.0642 267
0.0643 258
0.0644 254
0.0645 249
0.0646 248
0.0647 253
0.0648 253
0.0649 249
0.065 250
0.0651 246
0.0652 239
0.0653 231
0.0654 234
0.0655 236
0.0656 241
0.0657 241
0.0658 241
0.0659 244
0.066 244
0.0661 238
0.0662 231
0.0663 227
0.0664 229
0.0665 233
0.0666 232
0.0667 229
0.0668 222
0.0669 225
0.067 218
0.0671 223
0.0672 221
0.0673 223
0.0674 215
0.0675 214
0.0676 219
0.0677 216
0.0678 217
0.0679 213
0.068 215
0.0681 223
0.0682 225
0.0683 224
0.0684 220
0.0685 226
0.0686 231
0.0687 232
0.0688 229
0.0689 228
0.069 231
0.0691 226
0.0692 229
0.0693 227
0.0694 227
0.0695 229
0.0696 230
0.0697 234
0.0698 245
0.0699 249
0.07 249
0.0701 250
0.0702 251
0.0703 250
0.0704 253
0.0705 256
0.0706 257
0.0707 254
0.0708 260
0.0709 255
0.071 261
0.0711 255
0.0712 252
0.0713 244
0.0714 239
0.0715 234
0.0716 229
0.0717 229
0.0718 227
0.0719 222
0.072 222
0.0721 220
0.0722 217
0.0723 212
0.0724 209
0.0725 199
0.0726 195
0.0727 197
0.0728 197
0.0729 198
0.073 200
0.0731 205
0.0732 212
0.0733 212
0.0734 216
0.0735 221
0.0736 222
0.0737 226
0.0738 231
0.0739 231
0.074 231
0.0741 238
0.0742 245
0.0743 257
0.0744 260
0.0745 281
0.0746 307
0.0747 334
0.0748 366
0.0749 376
0.075 394
0.0751 398
0.0752 411
0.0753 426
0.0754 433
0.0755 436
0.0756 439
0.0757 434
0.0758 433
0.0759 434
0.076 431
0.0761 434
0.0762 437
0.0763 435
0.0764 429
0.0765 427
0.0766 417
0.0767 413
0.0768 405
0.0769 399
0.077 391
0.0771 384
0.0772 383
0.0773 378
0.0774 373
0.0775 376
0.0776 380
0.0777 377
0.0778 370
0.0779 367
0.078 363
0.0781 364
0.0782 372
0.0783 377
0.0784 382
0.0785 383
0.0786 381
0.0787 383
0.0788 389
0.0789 393
0.079 384
0.0791 387
0.0792 388
0.0793 398
0.0794 412
0.0795 420
0.0796 439
0.0797 437
0.0798 441
0.0799 449
0.08 446
0.0801 449
0.0802 453
0.0803 460
0.0804 462
0.0805 466
0.0806 470
0.0807 469
0.0808 472
0.0809 468
0.081 468
0.0811 473
0.0812 472
0.0813 472
0.0814 473
0.0815 476
0.0816 480
0.0817 480
0.0818 482
0.0819 483
0.082 484
0.0821 485
0.0822 487
0.0823 485
0.0824 488
0.0825 492
0.0826 497
0.0827 499
0.0828 503
0.0829 504
0.083 507
0.0831 511
0.0832 515
0.0833 517
0.0834 515
0.0835 520
0.0836 529
0.0837 531
0.0838 535
0.0839 545
0.084 545
0.0841 544
0.0842 547
0.0843 551
0.0844 552
0.0845 558
0.0846 561
0.0847 566
0.0848 566
0.0849 570
0.085 572
0.0851 576
0.0852 581
0.0853 584
0.0854 588
0.0855 587
0.0856 595
0.0857 599
0.0858 610
0.0859 617
0.086 616
0.0861 622
0.0862 628
0.0863 631
0.0864 641
0.0865 649
0.0866 656
0.0867 658
0.0868 666
0.0869 678
0.087 683
0.0871 691
0.0872 696
0.0873 700
0.0874 706
0.0875 711
0.0876 716
0.0877 723
0.0878 727
0.0879 735
0.088 738
0.0881 748
0.0882 758
0.0883 760
0.0884 767
0.0885 772
0.0886 774
0.0887 782
0.0888 791
0.0889 800
0.089 807
0.0891 818
0.0892 823
0.0893 832
0.0894 834
0.0895 844
0.0896 849
0.0897 855
0.0898 859
0.0899 864
0.09 876
0.0901 879
0.0902 896
0.0903 902
0.0904 915
0.0905 922
0.0906 926
0.0907 933
0.0908 939
0.0909 950
0.091 955
0.0911 964
0.0912 966
0.0913 974
0.0914 983
0.0915 992
0.0916 996
0.0917 1010
0.0918 1018
0.0919 1028
0.092 1033
0.0921 1042
0.0922 1051
0.0923 1056
0.0924 1065
0.0925 1074
0.0926 1077
0.0927 1086
0.0928 1099
0.0929 1105
0.093 1115
0.0931 1114
0.0932 1121
0.0933 1129
0.0934 1143
0.0935 1150
0.0936 1160
0.0937 1162
0.0938 1170
0.0939 1176
0.094 1188
0.0941 1196
0.0942 1203
0.0943 1215
0.0944 1220
0.0945 1229
0.0946 1234
0.0947 1249
0.0948 1262
0.0949 1274
0.095 1277
0.0951 1281
0.0952 1283
0.0953 1296
0.0954 1304
0.0955 1314
0.0956 1320
0.0957 1327
0.0958 1332
0.0959 1338
0.096 1348
0.0961 1356
0.0962 1366
0.0963 1376
0.0964 1386
0.0965 1401
0.0966 1406
0.0967 1417
0.0968 1422
0.0969 1430
0.097 1443
0.0971 1446
0.0972 1456
0.0973 1465
0.0974 1472
0.0975 1486
0.0976 1500
0.0977 1508
0.0978 1518
0.0979 1523
0.098 1541
0.0981 1547
0.0982 1554
0.0983 1563
0.0984 1574
0.0985 1583
0.0986 1596
0.0987 1597
0.0988 1607
0.0989 1607
0.099 1620
0.0991 1631
0.0992 1637
0.0993 1649
0.0994 1659
0.0995 1663
0.0996 1670
0.0997 1677
0.0998 1691
0.0999 1694
0.1 1697
0.1001 1695
0.1002 1682
0.1003 1679
0.1004 1652
0.1005 1637
0.1006 1612
0.1007 1580
0.1008 1549
0.1009 1515
0.101 1491
0.1011 1456
0.1012 1431
0.1013 1404
0.1014 1370
0.1015 1362
0.1016 1329
0.1017 1298
0.1018 1269
0.1019 1241
0.102 1223
0.1021 1201
0.1022 1191
0.1023 1176
0.1024 1135
0.1025 1112
0.1026 1092
0.1027 1059
0.1028 1032
0.1029 1011
0.103 982
0.1031 962
0.1032 939
0.1033 925
0.1034 903
0.1035 880
0.1036 856
0.1037 841
0.1038 827
0.1039 812
0.104 790
0.1041 771
0.1042 744
0.1043 731
0.1044 716
0.1045 699
0.1046 679
0.1047 662
0.1048 639
0.1049 617
0.105 595
0.1051 580
0.1052 570
0.1053 557
0.1054 543
0.1055 533
0.1056 525
0.1057 505
0.1058 495
0.1059 493
0.106 482
0.1061 472
0.1062 467
0.1063 463
0.1064 450
0.1065 442
0.1066 435
0.1067 433
0.1068 422
0.1069 418
0.107 416
0.1071 409
0.1072 395
0.1073 389
0.1074 384
0.1075 381
0.1076 382
0.1077 376
0.1078 365
0.1079 359
0.108 363
0.1081 348
0.1082 348
0.1083 343
0.1084 330
0.1085 319
0.1086 311
0.1087 307
0.1088 302
0.1089 297
0.109 291
0.1091 280
0.1092 276
0.1093 274
0.1094 274
0.1095 271
0.1096 269
0.1097 266
0.1098 266
0.1099 264
0.11 268
0.1101 267
0.1102 261
0.1103 260
0.1104 267
0.1105 274
0.1106 276
0.1107 279
0.1108 278
0.1109 280
0.111 282
0.1111 276
0.1112 278
0.1113 279
0.1114 277
0.1115 277
0.1116 278
0.1117 275
0.1118 282
0.1119 283
0.112 291
0.1121 288
0.1122 289
0.1123 291
0.1124 289
0.1125 281
0.1126 272
0.1127 265
0.1128 264
0.1129 266
0.113 267
0.1131 270
0.1132 267
0.1133 264
0.1134 260
0.1135 261
0.1136 250
0.1137 253
0.1138 255
0.1139 262
0.114 268
0.1141 274
0.1142 272
0.1143 268
0.1144 271
0.1145 271
0.1146 269
0.1147 267
0.1148 265
0.1149 262
0.115 256
0.1151 252
0.1152 248
0.1153 237
0.1154 228
0.1155 221
0.1156 218
0.1157 220
0.1158 224
0.1159 226
0.116 234
0.1161 239
0.1162 240
0.1163 237
0.1164 243
0.1165 233
0.1166 233
0.1167 239
0.1168 240
0.1169 239
0.117 236
0.1171 236
0.1172 237
0.1173 233
0.1174 222
0.1175 221
0.1176 225
0.1177 226
0.1178 212
0.1179 207
0.118 206
0.1181 206
0.1182 205
0.1183 199
0.1184 203
0.1185 206
0.1186 205
0.1187 205
0.1188 206
0.1189 207
0.119 211
0.1191 216
0.1192 217
0.1193 209
0.1194 218
0.1195 209
0.1196 205
0.1197 198
0.1198 193
0.1199 190
0.12 186
0.1201 185
0.1202 183
0.1203 179
0.1204 181
0.1205 182
0.1206 190
0.1207 193
0.1208 192
0.1209 193
0.121 188
0.1211 188
0.1212 191
0.1213 201
0.1214 209
0.1215 213
0.1216 212
0.1217 219
0.1218 218
0.1219 223
0.122 224
0.1221 237
0.1222 242
0.1223 237
0.1224 234
0.1225 241
0.1226 244
0.1227 247
0.1228 242
0.1229 231
0.123 225
0.1231 234
0.1232 238
0.1233 244
0.1234 247
0.1235 253
0.1236 255
0.1237 254
0.1238 253
0.1239 251
0.124 251
0.1241 249
0.1242 246
0.1243 242
0.1244 247
0.1245 239
0.1246 240
0.1247 237
0.1248 231
0.1249 223
0.125 214
0.1251 216
0.1252 214
0.1253 214
0.1254 219
0.1255 217
0.1256 211
0.1257 210
0.1258 210
0.1259 213
0.126 211
0.1261 212
0.1262 214
0.1263 215
0.1264 225
0.1265 227
0.1266 224
0.1267 222
0.1268 215
0.1269 214
0.127 216
0.1271 217
0.1272 217
0.1273 218
0.1274 214
0.1275 209
0.1276 206
0.1277 206
0.1278 199
0.1279 199
0.128 201
0.1281 200
0.1282 202
0.1283 199
0.1284 191
0.1285 187
0.1286 186
0.1287 189
0.1288 191
0.1289 190
0.129 190
0.1291 194
0.1292 197
0.1293 196
0.1294 197
0.1295 196
0.1296 199
0.1297 201
0.1298 201
0.1299 202
0.13 211
0.1301 217
0.1302 236
0.1303 245
0.1304 252
0.1305 259
0.1306 253
0.1307 270
0.1308 271
0.1309 285
0.131 285
0.1311 284
0.1312 285
0.1313 290
0.1314 285
0.1315 282
0.1316 288
0.1317 283
0.1318 281
0.1319 279
0.132 278
0.1321 273
0.1322 268
0.1323 256
0.1324 254
0.1325 256
0.1326 250
0.1327 245
0.1328 245
0.1329 251
0.133 247
0.1331 253
0.1332 253
0.1333 254
0.1334 261
0.1335 269
0.1336 268
0.1337 265
0.1338 267
0.1339 261
0.134 263
0.1341 257
0.1342 251
0.1343 251
0.1344 257
0.1345 278
0.1346 302
0.1347 324
0.1348 354
0.1349 376
0.135 395
0.1351 403
0.1352 409
0.1353 407
0.1354 412
0.1355 413
0.1356 412
0.1357 404
0.1358 395
0.1359 394
0.136 397
0.1361 399
0.1362 393
0.1363 390
0.1364 393
0.1365 391
0.1366 388
0.1367 379
0.1368 382
0.1369 391
0.137 388
0.1371 387
0.1372 388
0.1373 396
0.1374 392
0.1375 394
0.1376 389
0.1377 387
0.1378 392
0.1379 398
0.138 391
0.1381 392
0.1382 395
0.1383 398
0.1384 402
0.1385 404
0.1386 407
0.1387 401
0.1388 397
0.1389 394
0.139 388
0.1391 378
0.1392 372
0.1393 374
0.1394 374
0.1395 374
0.1396 366
0.1397 360
0.1398 350
0.1399 343
0.14 339
0.1401 333
0.1402 327
0.1403 329
0.1404 330
0.1405 322
0.1406 316
0.1407 306
0.1408 299
0.1409 292
0.141 288
0.1411 284
0.1412 284
0.1413 284
0.1414 287
0.1415 290
0.1416 294
0.1417 289
0.1418 286
0.1419 277
0.142 276
0.1421 273
0.1422 264
0.1423 271
0.1424 268
0.1425 273
0.1426 275
0.1427 270
0.1428 260
0.1429 260
0.143 259
0.1431 257
0.1432 254
0.1433 255
0.1434 252
0.1435 251
0.1436 252
0.1437 247
0.1438 246
0.1439 242
0.144 233
0.1441 233
0.1442 232
0.1443 230
0.1444 230
0.1445 222
0.1446 221
0.1447 219
0.1448 219
0.1449 217
0.145 211
0.1451 215
0.1452 211
0.1453 212
0.1454 220
0.1455 223
0.1456 224
0.1457 237
0.1458 239
0.1459 243
0.146 237
0.1461 234
0.1462 233
0.1463 231
0.1464 232
0.1465 230
0.1466 232
0.1467 222
0.1468 230
0.1469 228
0.147 227
0.1471 220
0.1472 214
0.1473 212
0.1474 206
0.1475 202
0.1476 202
0.1477 201
0.1478 205
0.1479 198
0.148 199
0.1481 199
0.1482 204
0.1483 203
0.1484 199
0.1485 205
0.1486 206
0.1487 209
0.1488 207
0.1489 213
0.149 240
0.1491 258
0.1492 273
0.1493 279
0.1494 284
0.1495 297
0.1496 295
0.1497 299
0.1498 301
0.1499 301
0.15 304
0.1501 305
0.1502 304
0.1503 306
0.1504 304
0.1505 302
0.1506 298
0.1507 297
0.1508 293
0.1509 290
0.151 286
0.1511 289
0.1512 286
0.1513 279
0.1514 275
0.1515 273
0.1516 268
0.1517 266
0.1518 266
0.1519 264
0.152 259
0.1521 254
0.1522 253
0.1523 247
0.1524 245
0.1525 245
0.1526 249
0.1527 249
0.1528 242
0.1529 243
0.153 246
0.1531 244
0.1532 251
0.1533 241
0.1534 238
0.1535 231
0.1536 231
0.1537 225
0.1538 223
0.1539 219
0.154 215
0.1541 210
0.1542 202
0.1543 196
0.1544 189
0.1545 187
0.1546 189
0.1547 190
0.1548 188
0.1549 195
0.155 200
0.1551 197
0.1552 194
0.1553 199
0.1554 201
0.1555 206
0.1556 207
0.1557 209
0.1558 206
0.1559 205
0.156 214
0.1561 216
0.1562 222
0.1563 227
0.1564 225
0.1565 230
0.1566 229
0.1567 225
0.1568 227
0.1569 227
0.157 229
0.1571 223
0.1572 222
0.1573 225
0.1574 227
0.1575 227
0.1576 223
0.1577 221
0.1578 216
0.1579 214
0.158 210
0.1581 203
0.1582 205
0.1583 202
0.1584 209
0.1585 208
0.1586 204
0.1587 203
0.1588 202
0.1589 203
0.159 204
0.1591 201
0.1592 202
0.1593 210
0.1594 211
0.1595 212
0.1596 210
0.1597 213
0.1598 213
0.1599 210
0.16 220
0.1601 221
0.1602 224
0.1603 227
0.1604 230
0.1605 232
0.1606 239
0.1607 253
0.1608 252
0.1609 249
0.161 250
0.1611 252
0.1612 250
0.1613 248
0.1614 243
0.1615 246
0.1616 247
0.1617 246
0.1618 245
0.1619 249
0.162 249
0.1621 247
0.1622 243
0.1623 241
0.1624 238
0.1625 231
0.1626 230
0.1627 234
0.1628 236
0.1629 237
0.163 243
0.1631 239
0.1632 243
0.1633 243
0.1634 249
0.1635 250
0.1636 255
0.1637 256
0.1638 251
0.1639 243
0.164 238
0.1641 237
0.1642 233
0.1643 228
0.1644 230
0.1645 227
0.1646 230
0.1647 225
0.1648 219
0.1649 221
0.165 215
0.1651 217
0.1652 217
0.1653 216
0.1654 211
0.1655 210
0.1656 207
0.1657 211
0.1658 209
0.1659 209
0.166 214
0.1661 228
0.1662 239
0.1663 243
0.1664 251
0.1665 259
0.1666 261
0.1667 262
0.1668 261
0.1669 259
0.167 256
0.1671 254
0.1672 250
0.1673 247
0.1674 238
0.1675 238
0.1676 239
0.1677 242
0.1678 244
0.1679 246
0.168 248
0.1681 251
0.1682 259
0.1683 264
0.1684 271
0.1685 271
0.1686 272
0.1687 276
0.1688 285
0.1689 292
0.169 288
0.1691 293
0.1692 307
0.1693 307
0.1694 305
0.1695 305
0.1696 300
0.1697 297
0.1698 301
0.1699 304
0.17 302
0.1701 312
0.1702 313
0.1703 314
0.1704 313
0.1705 316
0.1706 316
0.1707 317
0.1708 323
0.1709 320
0.171 325
0.1711 320
0.1712 320
0.1713 320
0.1714 316
0.1715 317
0.1716 311
0.1717 304
0.1718 297
0.1719 287
0.172 275
0.1721 266
0.1722 267
0.1723 264
0.1724 262
0.1725 257
0.1726 256
0.1727 255
0.1728 260
0.1729 268
0.173 280
0.1731 283
0.1732 290
0.1733 297
0.1734 298
0.1735 295
0.1736 290
0.1737 287
0.1738 292
0.1739 292
0.174 289
0.1741 293
0.1742 293
0.1743 298
0.1744 300
0.1745 303
0.1746 307
0.1747 314
0.1748 327
0.1749 327
0.175 327
0.1751 329
0.1752 326
0.1753 318
0.1754 319
0.1755 321
0.1756 323
0.1757 331
0.1758 337
0.1759 354
0.176 360
0.1761 360
0.1762 358
0.1763 365
0.1764 366
0.1765 369
0.1766 370
0.1767 371
0.1768 378
0.1769 375
0.177 378
0.1771 382
0.1772 382
0.1773 383
0.1774 385
0.1775 384
0.1776 384
0.1777 391
0.1778 395
0.1779 392
0.178 394
0.1781 397
0.1782 397
0.1783 402
0.1784 404
0.1785 408
0.1786 412
0.1787 418
0.1788 417
0.1789 420
0.179 420
0.1791 423
0.1792 427
0.1793 431
0.1794 431
0.1795 435
0.1796 435
0.1797 441
0.1798 444
0.1799 451
0.18 460
0.1801 466
0.1802 471
0.1803 474
0.1804 481
0.1805 487
0.1806 490
0.1807 494
0.1808 496
0.1809 499
0.181 502
0.1811 509
0.1812 510
0.1813 515
0.1814 525
0.1815 529
0.1816 538
0.1817 542
0.1818 549
0.1819 551
0.182 556
0.1821 563
0.1822 566
0.1823 573
0.1824 577
0.1825 578
0.1826 586
0.1827 583
0.1828 592
0.1829 597
0.183 598
0.1831 600
0.1832 606
0.1833 613
0.1834 616
0.1835 626
0.1836 626
0.1837 631
0.1838 632
0.1839 633
0.184 640
0.1841 642
0.1842 647
0.1843 647
0.1844 650
0.1845 654
0.1846 662
0.1847 661
0.1848 669
0.1849 672
0.185 673
0.1851 679
0.1852 687
0.1853 693
0.1854 695
0.1855 706
0.1856 712
0.1857 722
0.1858 727
0.1859 738
0.186 750
0.1861 756
0.1862 765
0.1863 773
0.1864 778
0.1865 785
0.1866 788
0.1867 793
0.1868 800
0.1869 808
0.187 816
0.1871 824
0.1872 834
0.1873 842
0.1874 848
0.1875 857
0.1876 860
0.1877 866
0.1878 878
0.1879 881
0.188 888
0.1881 895
0.1882 903
0.1883 908
0.1884 911
0.1885 914
0.1886 923
0.1887 925
0.1888 935
0.1889 943
0.189 951
0.1891 954
0.1892 961
0.1893 964
0.1894 968
0.1895 978
0.1896 985
0.1897 995
0.1898 1004
0.1899 1009
0.19 1016
0.1901 1029
0.1902 1042
0.1903 1049
0.1904 1052
0.1905 1056
0.1906 1068
0.1907 1077
0.1908 1083
0.1909 1087
0.191 1094
0.1911 1104
0.1912 1122
0.1913 1133
0.1914 1139
0.1915 1147
0.1916 1158
0.1917 1161
0.1918 1171
0.1919 1178
0.192 1188
0.1921 1194
0.1922 1201
0.1923 1212
0.1924 1223
0.1925 1234
0.1926 1246
0.1927 1255
0.1928 1264
0.1929 1273
0.193 1282
0.1931 1294
0.1932 1305
0.1933 1309
0.1934 1314
0.1935 1325
0.1936 1335
0.1937 1346
0.1938 1350
0.1939 1359
0.194 1359
0.1941 1376
0.1942 1391
0.1943 1400
0.1944 1411
0.1945 1426
0.1946 1428
0.1947 1440
0.1948 1456
0.1949 1469
0.195 1472
0.1951 1480
0.1952 1489
0.1953 1495
0.1954 1503
0.1955 1508
0.1956 1524
0.1957 1530
0.1958 1542
0.1959 1546
0.196 1559
0.1961 1560
0.1962 1574
0.1963 1576
0.1964 1589
0.1965 1601
0.1966 1617
0.1967 1620
0.1968 1635
0.1969 1638
0.197 1651
0.1971 1653
0.1972 1660
0.1973 1675
0.1974 1684
0.1975 1690
0.1976 1698
0.1977 1712
0.1978 1721
0.1979 1733
0.198 1740
0.1981 1757
0.1982 1768
0.1983 1769
0.1984 1780
0.1985 1782
0.1986 1777
0.1987 1791
0.1988 1801
0.1989 1780
0.199 1779
0.1991 1770
0.1992 1780
0.1993 1786
0.1994 1790
0.1995 1811
0.1996 1791
0.1997 1777
0.1998 1760
0.1999 1733
0.2 1711
0.2001 1678
0.2002 1632
0.2003 1600
0.2004 1555
0.2005 1523
0.2006 1498
0.2007 1455
0.2008 1426
0.2009 1397
0.201 1344
0.2011 1305
0.2012 1271
0.2013 1246
0.2014 1217
0.2015 1207
0.2016 1184
0.2017 1155
0.2018 1132
0.2019 1109
0.202 1083
0.2021 1062
0.2022 1036
0.2023 1015
0.2024 993
0.2025 980
0.2026 956
0.2027 937
0.2028 918
0.2029 894
0.203 870
0.2031 853
0.2032 835
0.2033 812
0.2034 795
0.2035 780
0.2036 758
0.2037 745
0.2038 732
0.2039 713
0.204 701
0.2041 687
0.2042 674
0.2043 660
0.2044 655
0.2045 646
0.2046 622
0.2047 613
0.2048 594
0.2049 578
0.205 561
0.2051 552
0.2052 541
0.2053 532
0.2054 524
0.2055 514
0.2056 502
0.2057 493
0.2058 485
0.2059 478
0.206 470
0.2061 462
0.2062 447
0.2063 438
0.2064 428
0.2065 424
0.2066 417
0.2067 412
0.2068 399
0.2069 392
0.207 382
0.2071 377
0.2072 367
0.2073 366
0.2074 357
0.2075 349
0.2076 347
0.2077 349
0.2078 345
0.2079 349
0.208 348
0.2081 347
0.2082 353
0.2083 355
0.2084 363
0.2085 359
0.2086 354
0.2087 349
0.2088 346
0.2089 348
0.209 346
0.2091 357
0.2092 358
0.2093 356
0.2094 352
0.2095 352
0.2096 355
0.2097 353
0.2098 354
0.2099 348
0.21 351
0.2101 344
0.2102 335
0.2103 337
0.2104 333
0.2105 323
0.2106 315
0.2107 315
0.2108 313
0.2109 315
0.211 314
0.2111 322
0.2112 323
0.2113 327
0.2114 319
0.2115 319
0.2116 317
0.2117 312
0.2118 309
0.2119 301
0.212 301
0.2121 302
0.2122 303
0.2123 300
0.2124 293
0.2125 290
0.2126 288
0.2127 286
0.2128 287
0.2129 281
0.213 276
0.2131 265
0.2132 256
0.2133 247
0.2134 241
0.2135 235
0.2136 233
0.2137 232
0.2138 230
0.2139 229
0.214 230
0.2141 225
0.2142 218
0.2143 216
0.2144 213
0.2145 209
0.2146 208
0.2147 205
0.2148 202
0.2149 212
0.215 212
0.2151 214
0.2152 212
0.2153 215
0.2154 209
0.2155 208
0.2156 205
0.2157 203
0.2158 207
0.2159 205
0.216 207
0.2161 208
0.2162 212
0.2163 218
0.2164 219
0.2165 219
0.2166 218
0.2167 225
0.2168 222
0.2169 223
0.217 227
0.2171 223
0.2172 224
0.2173 227
0.2174 230
0.2175 233
0.2176 238
0.2177 240
0.2178 242
0.2179 239
0.218 239
0.2181 249
0.2182 243
0.2183 247
0.2184 248
0.2185 247
0.2186 250
0.2187 246
0.2188 242
0.2189 238
0.219 230
0.2191 230
0.2192 231
0.2193 230
0.2194 227
0.2195 225
0.2196 225
0.2197 224
0.2198 228
0.2199 226
0.22 233
0.2201 228
0.2202 226
0.2203 226
0.2204 222
0.2205 217
0.2206 214
0.2207 213
0.2208 217
0.2209 217
0.221 218
0.2211 216
0.2212 240
0.2213 255
0.2214 263
0.2215 270
0.2216 282
0.2217 282
0.2218 282
0.2219 287
0.222 288
0.2221 286
0.2222 289
0.2223 284
0.2224 278
0.2225 272
0.2226 270
0.2227 279
0.2228 278
0.2229 279
0.223 282
0.2231 284
0.2232 277
0.2233 276
0.2234 270
0.2235 276
0.2236 279
0.2237 276
0.2238 280
0.2239 283
0.224 283
0.2241 281
0.2242 275
0.2243 269
0.2244 269
0.2245 261
0.2246 260
0.2247 254
0.2248 252
0.2249 248
0.225 244
0.2251 245
0.2252 243
0.2253 238
0.2254 236
0.2255 227
0.2256 222
0.2257 215
0.2258 214
0.2259 207
0.226 209
0.2261 209
0.2262 211
0.2263 208
0.2264 208
0.2265 208
0.2266 204
0.2267 202
0.2268 204
0.2269 205
0.227 206
0.2271 209
0.2272 208
0.2273 205
0.2274 204
0.2275 205
0.2276 214
0.2277 218
0.2278 227
0.2279 229
0.228 230
0.2281 233
0.2282 241
0.2283 249
0.2284 248
0.2285 248
0.2286 245
0.2287 248
0.2288 247
0.2289 248
0.229 248
0.2291 249
0.2292 249
0.2293 243
0.2294 239
0.2295 236
0.2296 241
0.2297 235
0.2298 239
0.2299 234
0.23 231
0.2301 239
0.2302 237
0.2303 235
0.2304 237
0.2305 232
0.2306 226
0.2307 225
0.2308 223
0.2309 220
0.231 218
0.2311 218
0.2312 211
0.2313 208
0.2314 209
0.2315 216
0.2316 213
0.2317 212
0.2318 210
0.2319 219
0.232 227
0.2321 234
0.2322 238
0.2323 238
0.2324 245
0.2325 250
0.2326 254
0.2327 260
0.2328 275
0.2329 276
0.233 285
0.2331 278
0.2332 277
0.2333 279
0.2334 276
0.2335 273
0.2336 272
0.2337 260
0.2338 252
0.2339 245
0.234 242
0.2341 238
0.2342 240
0.2343 240
0.2344 240
0.2345 239
0.2346 240
0.2347 242
0.2348 246
0.2349 246
0.235 243
0.2351 242
0.2352 239
0.2353 244
0.2354 247
0.2355 248
0.2356 242
0.2357 241
0.2358 244
0.2359 244
0.236 252
0.2361 257
0.2362 265
0.2363 267
0.2364 265
0.2365 267
0.2366 270
0.2367 274
0.2368 274
0.2369 270
0.237 270
0.2371 265
0.2372 263
0.2373 258
0.2374 255
0.2375 261
0.2376 261
0.2377 255
0.2378 257
0.2379 261
0.238 264
0.2381 268
0.2382 271
0.2383 278
0.2384 275
0.2385 283
0.2386 288
0.2387 285
0.2388 277
0.2389 276
0.239 272
0.2391 271
0.2392 265
0.2393 263
0.2394 265
0.2395 258
0.2396 251
0.2397 251
0.2398 248
0.2399 239
0.24 234
0.2401 233
0.2402 232
0.2403 228
0.2404 223
0.2405 217
0.2406 211
0.2407 215
0.2408 217
0.2409 225
0.241 227
0.2411 233
0.2412 237
0.2413 244
0.2414 251
0.2415 250
0.2416 251
0.2417 252
0.2418 254
0.2419 250
0.242 250
0.2421 249
0.2422 246
0.2423 247
0.2424 242
0.2425 233
0.2426 234
0.2427 245
0.2428 257
0.2429 268
0.243 263
0.2431 263
0.2432 263
0.2433 266
0.2434 263
0.2435 259
0.2436 251
0.2437 244
0.2438 241
0.2439 240
0.244 235
0.2441 232
0.2442 234
0.2443 231
0.2444 229
0.2445 228
0.2446 222
0.2447 218
0.2448 215
0.2449 211
0.245 206
0.2451 199
0.2452 201
0.2453 207
0.2454 217
0.2455 213
0.2456 216
0.2457 212
0.2458 218
0.2459 227
0.246 224
0.2461 226
0.2462 228
0.2463 230
0.2464 221
0.2465 223
0.2466 224
0.2467 226
0.2468 230
0.2469 234
0.247 238
0.2471 236
0.2472 240
0.2473 242
0.2474 242
0.2475 247
0.2476 247
0.2477 242
0.2478 238
0.2479 245
0.248 246
0.2481 250
0.2482 253
0.2483 259
0.2484 255
0.2485 261
0.2486 261
0.2487 266
0.2488 263
0.2489 263
0.249 259
0.2491 257
0.2492 253
0.2493 262
0.2494 255
0.2495 262
0.2496 264
0.2497 255
0.2498 253
0.2499 244
0.25 246
