0 0
0.0001 0
0.0002 0
0.0003 0
0.0004 0
0.0005 0
0.0006 0
0.0007 0
0.0008 0
0.0009 0
0.001 0
0.0011 0
0.0012 0
0.0013 0
0.0014 0
0.0015 0
0.0016 0
0.0017 0
0.0018 0
0.0019 0
0.002 0
0.0021 0
0.0022 0
0.0023 0
0.0024 0
0.0025 0
0.0026 0
0.0027 0
0.0028 0
0.0029 0
0.003 0
0.0031 0
0.0032 0
0.0033 0
0.0034 0
0.0035 0
0.0036 0
0.0037 0
0.0038 1
0.0039 1
0.004 3
0.0041 4
0.0042 5
0.0043 5
0.0044 6
0.0045 7
0.0046 8
0.0047 9
0.0048 10
0.0049 11
0.005 13
0.0051 13
0.0052 16
0.0053 18
0.0054 19
0.0055 20
0.0056 22
0.0057 23
0.0058 25
0.0059 27
0.006 29
0.0061 31
0.0062 33
0.0063 35
0.0064 38
0.0065 40
0.0066 43
0.0067 45
0.0068 48
0.0069 51
0.007 53
0.0071 57
0.0072 60
0.0073 62
0.0074 66
0.0075 69
0.0076 73
0.0077 75
0.0078 79
0.0079 83
0.008 86
0.0081 90
0.0082 94
0.0083 97
0.0084 101
0.0085 106
0.0086 109
0.0087 114
0.0088 118
0.0089 122
0.009 127
0.0091 130
0.0092 135
0.0093 140
0.0094 143
0.0095 149
0.0096 153
0.0097 157
0.0098 163
0.0099 168
0.01 175
0.0101 178
0.0102 184
0.0103 189
0.0104 194
0.0105 200
0.0106 204
0.0107 210
0.0108 216
0.0109 220
0.011 227
0.0111 233
0.0112 237
0.0113 243
0.0114 250
0.0115 255
0.0116 260
0.0117 266
0.0118 271
0.0119 277
0.012 282
0.0121 286
0.0122 292
0.0123 299
0.0124 304
0.0125 309
0.0126 315
0.0127 320
0.0128 323
0.0129 331
0.013 337
0.0131 343
0.0132 348
0.0133 353
0.0134 360
0.0135 366
0.0136 372
0.0137 378
0.0138 385
0.0139 392
0.014 397
0.0141 402
0.0142 410
0.0143 416
0.0144 423
0.0145 429
0.0146 435
0.0147 443
0.0148 448
0.0149 457
0.015 463
0.0151 472
0.0152 477
0.0153 484
0.0154 493
0.0155 501
0.0156 508
0.0157 518
0.0158 526
0.0159 531
0.016 539
0.0161 550
0.0162 558
0.0163 565
0.0164 571
0.0165 579
0.0166 589
0.0167 596
0.0168 605
0.0169 612
0.017 621
0.0171 629
0.0172 638
0.0173 648
0.0174 655
0.0175 663
0.0176 671
0.0177 683
0.0178 690
0.0179 698
0.018 708
0.0181 717
0.0182 724
0.0183 734
0.0184 743
0.0185 752
0.0186 761
0.0187 768
0.0188 778
0.0189 787
0.019 795
0.0191 803
0.0192 812
0.0193 821
0.0194 828
0.0195 838
0.0196 846
0.0197 853
0.0198 863
0.0199 870
0.02 877
0.0201 890
0.0202 895
0.0203 903
0.0204 914
0.0205 924
0.0206 934
0.0207 940
0.0208 950
0.0209 959
0.021 967
0.0211 977
0.0212 985
0.0213 999
0.0214 1006
0.0215 1016
0.0216 1024
0.0217 1034
0.0218 1046
0.0219 1054
0.022 1063
0.0221 1070
0.0222 1079
0.0223 1090
0.0224 1100
0.0225 1111
0.0226 1119
0.0227 1127
0.0228 1137
0.0229 1142
0.023 1154
0.0231 1163
0.0232 1176
0.0233 1183
0.0234 1193
0.0235 1206
0.0236 1213
0.0237 1226
0.0238 1229
0.0239 1242
0.024 1252
0.0241 1262
0.0242 1269
0.0243 1279
0.0244 1285
0.0245 1292
0.0246 1308
0.0247 1311
0.0248 1319
0.0249 1328
0.025 1339
0.0251 1345
0.0252 1360
0.0253 1366
0.0254 1373
0.0255 1384
0.0256 1392
0.0257 1400
0.0258 1409
0.0259 1415
0.026 1419
0.0261 1429
0.0262 1435
0.0263 1438
0.0264 1448
0.0265 1457
0.0266 1466
0.0267 1473
0.0268 1478
0.0269 1487
0.027 1488
0.0271 1496
0.0272 1510
0.0273 1517
0.0274 1523
0.0275 1528
0.0276 1536
0.0277 1545
0.0278 1543
0.0279 1561
0.028 1567
0.0281 1576
0.0282 1577
0.0283 1595
0.0284 1593
0.0285 1606
0.0286 1612
0.0287 1625
0.0288 1627
0.0289 1632
0.029 1647
0.0291 1645
0.0292 1656
0.0293 1664
0.0294 1669
0.0295 1679
0.0296 1684
0.0297 1688
0.0298 1693
0.0299 1704
0.03 1709
0.0301 1717
0.0302 1727
0.0303 1739
0.0304 1741
0.0305 1749
0.0306 1757
0.0307 1760
0.0308 1773
0.0309 1780
0.031 1781
0.0311 1785
0.0312 1797
0.0313 1798
0.0314 1800
0.0315 1812
0.0316 1820
0.0317 1812
0.0318 1829
0.0319 1821
0.032 1824
0.0321 1817
0.0322 1795
0.0323 1789
0.0324 1770
0.0325 1728
0.0326 1696
0.0327 1664
0.0328 1641
0.0329 1623
0.033 1599
0.0331 1552
0.0332 1511
0.0333 1478
0.0334 1450
0.0335 1412
0.0336 1377
0.0337 1340
0.0338 1304
0.0339 1283
0.034 1256
0.0341 1234
0.0342 1214
0.0343 1185
0.0344 1157
0.0345 1132
0.0346 1112
0.0347 1084
0.0348 1065
0.0349 1038
0.035 1025
0.0351 1014
0.0352 986
0.0353 969
0.0354 953
0.0355 932
0.0356 906
0.0357 887
0.0358 852
0.0359 829
0.036 812
0.0361 797
0.0362 782
0.0363 763
0.0364 756
0.0365 742
0.0366 726
0.0367 709
0.0368 687
0.0369 674
0.037 656
0.0371 647
0.0372 637
0.0373 619
0.0374 613
0.0375 602
0.0376 591
0.0377 583
0.0378 567
0.0379 557
0.038 551
0.0381 541
0.0382 533
0.0383 521
0.0384 512
0.0385 500
0.0386 491
0.0387 483
0.0388 486
0.0389 484
0.039 484
0.0391 484
0.0392 475
0.0393 468
0.0394 454
0.0395 442
0.0396 430
0.0397 426
0.0398 421
0.0399 409
0.04 411
0.0401 408
0.0402 407
0.0403 400
0.0404 395
0.0405 393
0.0406 384
0.0407 378
0.0408 374
0.0409 374
0.041 375
0.0411 374
0.0412 372
0.0413 372
0.0414 367
0.0415 363
0.0416 356
0.0417 353
0.0418 354
0.0419 351
0.042 354
0.0421 353
0.0422 361
0.0423 363
0.0424 363
0.0425 366
0.0426 369
0.0427 371
0.0428 380
0.0429 382
0.043 387
0.0431 399
0.0432 395
0.0433 392
0.0434 392
0.0435 386
0.0436 375
0.0437 373
0.0438 370
0.0439 365
0.044 360
0.0441 361
0.0442 349
0.0443 350
0.0444 347
0.0445 333
0.0446 328
0.0447 331
0.0448 324
0.0449 320
0.045 318
0.0451 315
0.0452 309
0.0453 306
0.0454 302
0.0455 295
0.0456 294
0.0457 298
0.0458 302
0.0459 312
0.046 347
0.0461 378
0.0462 413
0.0463 431
0.0464 458
0.0465 479
0.0466 486
0.0467 492
0.0468 487
0.0469 486
0.047 487
0.0471 494
0.0472 519
0.0473 529
0.0474 544
0.0475 547
0.0476 555
0.0477 551
0.0478 546
0.0479 537
0.048 540
0.0481 562
0.0482 563
0.0483 558
0.0484 561
0.0485 558
0.0486 563
0.0487 558
0.0488 547
0.0489 541
0.049 530
0.0491 519
0.0492 512
0.0493 501
0.0494 496
0.0495 489
0.0496 477
0.0497 468
0.0498 458
0.0499 452
0.05 437
0.0501 428
0.0502 421
0.0503 427
0.0504 428
0.0505 417
0.0506 423
0.0507 408
0.0508 393
0.0509 388
0.051 379
0.0511 373
0.0512 366
0.0513 361
0.0514 358
0.0515 353
0.0516 346
0.0517 343
0.0518 334
0.0519 327
0.052 322
0.0521 315
0.0522 315
0.0523 309
0.0524 303
0.0525 300
0.0526 295
0.0527 297
0.0528 305
0.0529 315
0.053 321
0.0531 322
0.0532 324
0.0533 324
0.0534 317
0.0535 311
0.0536 303
0.0537 301
0.0538 299
0.0539 300
0.054 303
0.0541 306
0.0542 316
0.0543 312
0.0544 316
0.0545 314
0.0546 321
0.0547 321
0.0548 323
0.0549 320
0.055 316
0.0551 309
0.0552 309
0.0553 303
0.0554 305
0.0555 304
0.0556 301
0.0557 302
0.0558 318
0.0559 324
0.056 329
0.0561 338
0.0562 343
0.0563 350
0.0564 348
0.0565 347
0.0566 342
0.0567 343
0.0568 347
0.0569 343
0.057 346
0.0571 345
0.0572 341
0.0573 341
0.0574 333
0.0575 331
0.0576 335
0.0577 337
0.0578 332
0.0579 321
0.058 313
0.0581 313
0.0582 313
0.0583 316
0.0584 311
0.0585 311
0.0586 313
0.0587 309
0.0588 305
0.0589 300
0.059 294
0.0591 293
0.0592 283
0.0593 278
0.0594 278
0.0595 275
0.0596 274
0.0597 274
0.0598 267
0.0599 261
0.06 256
0.0601 251
0.0602 249
0.0603 244
0.0604 243
0.0605 234
0.0606 235
0.0607 233
0.0608 229
0.0609 226
0.061 226
0.0611 224
0.0612 237
0.0613 254
0.0614 280
0.0615 320
0.0616 370
0.0617 410
0.0618 427
0.0619 447
0.062 468
0.0621 482
0.0622 486
0.0623 493
0.0624 488
0.0625 488
0.0626 494
0.0627 491
0.0628 488
0.0629 486
0.063 481
0.0631 475
0.0632 484
0.0633 483
0.0634 483
0.0635 485
0.0636 496
0.0637 499
0.0638 492
0.0639 487
0.064 479
0.0641 472
0.0642 458
0.0643 453
0.0644 447
0.0645 438
0.0646 429
0.0647 421
0.0648 413
0.0649 413
0.065 413
0.0651 408
0.0652 410
0.0653 411
0.0654 413
0.0655 415
0.0656 404
0.0657 397
0.0658 387
0.0659 376
0.066 367
0.0661 363
0.0662 355
0.0663 353
0.0664 347
0.0665 342
0.0666 339
0.0667 341
0.0668 335
0.0669 334
0.067 338
0.0671 338
0.0672 336
0.0673 334
0.0674 329
0.0675 325
0.0676 316
0.0677 314
0.0678 313
0.0679 316
0.068 319
0.0681 316
0.0682 318
0.0683 312
0.0684 307
0.0685 298
0.0686 291
0.0687 287
0.0688 280
0.0689 275
0.069 275
0.0691 272
0.0692 267
0.0693 265
0.0694 266
0.0695 258
0.0696 255
0.0697 250
0.0698 263
0.0699 270
0.07 272
0.0701 270
0.0702 270
0.0703 274
0.0704 280
0.0705 299
0.0706 311
0.0707 335
0.0708 364
0.0709 389
0.071 409
0.0711 417
0.0712 431
0.0713 437
0.0714 433
0.0715 429
0.0716 422
0.0717 414
0.0718 410
0.0719 405
0.072 405
0.0721 394
0.0722 395
0.0723 392
0.0724 388
0.0725 393
0.0726 390
0.0727 390
0.0728 383
0.0729 384
0.073 381
0.0731 382
0.0732 381
0.0733 377
0.0734 376
0.0735 386
0.0736 393
0.0737 388
0.0738 391
0.0739 400
0.074 398
0.0741 398
0.0742 404
0.0743 429
0.0744 446
0.0745 455
0.0746 454
0.0747 466
0.0748 473
0.0749 479
0.075 474
0.0751 468
0.0752 467
0.0753 456
0.0754 446
0.0755 438
0.0756 429
0.0757 426
0.0758 422
0.0759 428
0.076 457
0.0761 484
0.0762 515
0.0763 551
0.0764 571
0.0765 584
0.0766 603
0.0767 608
0.0768 613
0.0769 617
0.077 615
0.0771 618
0.0772 618
0.0773 621
0.0774 618
0.0775 624
0.0776 626
0.0777 629
0.0778 629
0.0779 631
0.078 631
0.0781 633
0.0782 633
0.0783 633
0.0784 636
0.0785 637
0.0786 639
0.0787 643
0.0788 644
0.0789 645
0.079 648
0.0791 651
0.0792 650
0.0793 647
0.0794 656
0.0795 655
0.0796 661
0.0797 664
0.0798 667
0.0799 667
0.08 667
0.0801 674
0.0802 674
0.0803 679
0.0804 684
0.0805 687
0.0806 690
0.0807 692
0.0808 699
0.0809 700
0.081 704
0.0811 712
0.0812 716
0.0813 718
0.0814 725
0.0815 726
0.0816 733
0.0817 736
0.0818 741
0.0819 744
0.082 751
0.0821 756
0.0822 761
0.0823 764
0.0824 769
0.0825 771
0.0826 778
0.0827 786
0.0828 791
0.0829 796
0.083 803
0.0831 806
0.0832 811
0.0833 817
0.0834 824
0.0835 827
0.0836 836
0.0837 842
0.0838 846
0.0839 852
0.084 862
0.0841 868
0.0842 873
0.0843 880
0.0844 887
0.0845 892
0.0846 898
0.0847 906
0.0848 913
0.0849 920
0.085 924
0.0851 929
0.0852 939
0.0853 945
0.0854 953
0.0855 957
0.0856 961
0.0857 969
0.0858 976
0.0859 983
0.086 987
0.0861 997
0.0862 999
0.0863 1010
0.0864 1017
0.0865 1024
0.0866 1030
0.0867 1038
0.0868 1042
0.0869 1049
0.087 1058
0.0871 1066
0.0872 1071
0.0873 1077
0.0874 1084
0.0875 1093
0.0876 1100
0.0877 1110
0.0878 1113
0.0879 1122
0.088 1129
0.0881 1137
0.0882 1146
0.0883 1153
0.0884 1157
0.0885 1165
0.0886 1178
0.0887 1184
0.0888 1192
0.0889 1199
0.089 1205
0.0891 1220
0.0892 1226
0.0893 1230
0.0894 1241
0.0895 1247
0.0896 1252
0.0897 1265
0.0898 1273
0.0899 1278
0.09 1288
0.0901 1295
0.0902 1304
0.0903 1317
0.0904 1318
0.0905 1328
0.0906 1335
0.0907 1350
0.0908 1352
0.0909 1365
0.091 1375
0.0911 1382
0.0912 1391
0.0913 1400
0.0914 1406
0.0915 1411
0.0916 1420
0.0917 1430
0.0918 1440
0.0919 1448
0.092 1454
0.0921 1464
0.0922 1469
0.0923 1478
0.0924 1477
0.0925 1491
0.0926 1502
0.0927 1514
0.0928 1516
0.0929 1528
0.093 1530
0.0931 1540
0.0932 1546
0.0933 1553
0.0934 1554
0.0935 1565
0.0936 1576
0.0937 1579
0.0938 1589
0.0939 1589
0.094 1600
0.0941 1608
0.0942 1612
0.0943 1610
0.0944 1618
0.0945 1632
0.0946 1624
0.0947 1634
0.0948 1637
0.0949 1648
0.095 1652
0.0951 1650
0.0952 1667
0.0953 1681
0.0954 1684
0.0955 1677
0.0956 1685
0.0957 1686
0.0958 1704
0.0959 1706
0.096 1704
0.0961 1711
0.0962 1722
0.0963 1736
0.0964 1733
0.0965 1743
0.0966 1750
0.0967 1760
0.0968 1764
0.0969 1771
0.097 1777
0.0971 1784
0.0972 1787
0.0973 1784
0.0974 1784
0.0975 1783
0.0976 1770
0.0977 1754
0.0978 1722
0.0979 1696
0.098 1654
0.0981 1628
0.0982 1590
0.0983 1566
0.0984 1558
0.0985 1542
0.0986 1556
0.0987 1555
0.0988 1564
0.0989 1557
0.099 1564
0.0991 1579
0.0992 1605
0.0993 1635
0.0994 1638
0.0995 1654
0.0996 1665
0.0997 1677
0.0998 1670
0.0999 1651
0.1 1643
0.1001 1615
0.1002 1604
0.1003 1564
0.1004 1528
0.1005 1499
0.1006 1473
0.1007 1443
0.1008 1410
0.1009 1374
0.101 1354
0.1011 1322
0.1012 1297
0.1013 1276
0.1014 1255
0.1015 1230
0.1016 1202
0.1017 1161
0.1018 1137
0.1019 1117
0.102 1098
0.1021 1074
0.1022 1043
0.1023 1015
0.1024 984
0.1025 961
0.1026 944
0.1027 917
0.1028 894
0.1029 878
0.103 853
0.1031 840
0.1032 816
0.1033 792
0.1034 780
0.1035 769
0.1036 757
0.1037 743
0.1038 727
0.1039 714
0.104 703
0.1041 699
0.1042 691
0.1043 670
0.1044 645
0.1045 621
0.1046 608
0.1047 603
0.1048 593
0.1049 575
0.105 562
0.1051 553
0.1052 539
0.1053 527
0.1054 520
0.1055 512
0.1056 496
0.1057 492
0.1058 480
0.1059 475
0.106 476
0.1061 504
0.1062 532
0.1063 572
0.1064 598
0.1065 629
0.1066 656
0.1067 662
0.1068 667
0.1069 667
0.107 667
0.1071 657
0.1072 646
0.1073 650
0.1074 656
0.1075 650
0.1076 635
0.1077 628
0.1078 618
0.1079 609
0.108 598
0.1081 603
0.1082 598
0.1083 584
0.1084 581
0.1085 570
0.1086 571
0.1087 576
0.1088 574
0.1089 573
0.109 564
0.1091 555
0.1092 549
0.1093 540
0.1094 524
0.1095 514
0.1096 505
0.1097 503
0.1098 503
0.1099 486
0.11 478
0.1101 479
0.1102 472
0.1103 458
0.1104 445
0.1105 431
0.1106 422
0.1107 411
0.1108 398
0.1109 397
0.111 399
0.1111 396
0.1112 397
0.1113 388
0.1114 383
0.1115 384
0.1116 380
0.1117 374
0.1118 364
0.1119 369
0.112 362
0.1121 362
0.1122 350
0.1123 347
0.1124 346
0.1125 340
0.1126 331
0.1127 332
0.1128 324
0.1129 316
0.113 315
0.1131 314
0.1132 308
0.1133 305
0.1134 309
0.1135 302
0.1136 301
0.1137 304
0.1138 302
0.1139 302
0.114 304
0.1141 301
0.1142 291
0.1143 286
0.1144 287
0.1145 294
0.1146 294
0.1147 295
0.1148 293
0.1149 297
0.115 302
0.1151 311
0.1152 320
0.1153 331
0.1154 336
0.1155 344
0.1156 345
0.1157 338
0.1158 338
0.1159 332
0.116 338
0.1161 336
0.1162 336
0.1163 337
0.1164 328
0.1165 332
0.1166 331
0.1167 324
0.1168 325
0.1169 323
0.117 318
0.1171 313
0.1172 305
0.1173 295
0.1174 288
0.1175 290
0.1176 292
0.1177 290
0.1178 291
0.1179 305
0.118 323
0.1181 359
0.1182 411
0.1183 449
0.1184 487
0.1185 515
0.1186 542
0.1187 569
0.1188 594
0.1189 632
0.119 666
0.1191 679
0.1192 690
0.1193 706
0.1194 717
0.1195 725
0.1196 728
0.1197 704
0.1198 689
0.1199 688
0.12 673
0.1201 668
0.1202 653
0.1203 640
0.1204 624
0.1205 617
0.1206 601
0.1207 596
0.1208 590
0.1209 589
0.121 580
0.1211 569
0.1212 564
0.1213 557
0.1214 566
0.1215 569
0.1216 569
0.1217 562
0.1218 564
0.1219 554
0.122 552
0.1221 547
0.1222 544
0.1223 537
0.1224 526
0.1225 519
0.1226 516
0.1227 510
0.1228 509
0.1229 506
0.123 502
0.1231 495
0.1232 490
0.1233 487
0.1234 491
0.1235 490
0.1236 487
0.1237 489
0.1238 491
0.1239 503
0.124 516
0.1241 524
0.1242 556
0.1243 593
0.1244 609
0.1245 627
0.1246 646
0.1247 676
0.1248 705
0.1249 728
0.125 731
0.1251 737
0.1252 755
0.1253 768
0.1254 769
0.1255 785
0.1256 792
0.1257 796
0.1258 791
0.1259 784
0.126 781
0.1261 774
0.1262 758
0.1263 741
0.1264 734
0.1265 726
0.1266 714
0.1267 714
0.1268 698
0.1269 684
0.127 671
0.1271 655
0.1272 643
0.1273 637
0.1274 621
0.1275 610
0.1276 602
0.1277 590
0.1278 590
0.1279 588
0.128 570
0.1281 559
0.1282 552
0.1283 541
0.1284 538
0.1285 527
0.1286 517
0.1287 503
0.1288 486
0.1289 482
0.129 477
0.1291 468
0.1292 459
0.1293 446
0.1294 444
0.1295 441
0.1296 426
0.1297 424
0.1298 418
0.1299 410
0.13 402
0.1301 395
0.1302 389
0.1303 391
0.1304 394
0.1305 397
0.1306 394
0.1307 392
0.1308 384
0.1309 381
0.131 382
0.1311 380
0.1312 371
0.1313 362
0.1314 365
0.1315 368
0.1316 368
0.1317 364
0.1318 364
0.1319 359
0.132 355
0.1321 363
0.1322 359
0.1323 367
0.1324 375
0.1325 384
0.1326 388
0.1327 397
0.1328 409
0.1329 399
0.133 401
0.1331 397
0.1332 404
0.1333 423
0.1334 443
0.1335 463
0.1336 493
0.1337 513
0.1338 551
0.1339 599
0.134 617
0.1341 639
0.1342 660
0.1343 674
0.1344 681
0.1345 692
0.1346 688
0.1347 679
0.1348 673
0.1349 666
0.135 660
0.1351 654
0.1352 641
0.1353 634
0.1354 621
0.1355 607
0.1356 599
0.1357 585
0.1358 573
0.1359 561
0.136 550
0.1361 541
0.1362 535
0.1363 525
0.1364 516
0.1365 509
0.1366 504
0.1367 494
0.1368 485
0.1369 477
0.137 465
0.1371 455
0.1372 443
0.1373 445
0.1374 445
0.1375 454
0.1376 464
0.1377 468
0.1378 467
0.1379 465
0.138 451
0.1381 443
0.1382 432
0.1383 425
0.1384 424
0.1385 422
0.1386 420
0.1387 414
0.1388 412
0.1389 427
0.139 438
0.1391 452
0.1392 479
0.1393 517
0.1394 550
0.1395 586
0.1396 622
0.1397 636
0.1398 643
0.1399 646
0.14 659
0.1401 647
0.1402 639
0.1403 638
0.1404 626
0.1405 611
0.1406 605
0.1407 595
0.1408 582
0.1409 578
0.141 565
0.1411 559
0.1412 564
0.1413 556
0.1414 544
0.1415 536
0.1416 522
0.1417 519
0.1418 513
0.1419 504
0.142 494
0.1421 485
0.1422 481
0.1423 482
0.1424 480
0.1425 476
0.1426 475
0.1427 471
0.1428 470
0.1429 463
0.143 452
0.1431 439
0.1432 435
0.1433 437
0.1434 430
0.1435 428
0.1436 433
0.1437 436
0.1438 442
0.1439 432
0.144 430
0.1441 433
0.1442 427
0.1443 423
0.1444 413
0.1445 405
0.1446 395
0.1447 382
0.1448 376
0.1449 369
0.145 358
0.1451 350
0.1452 346
0.1453 339
0.1454 335
0.1455 329
0.1456 328
0.1457 319
0.1458 323
0.1459 324
0.146 323
0.1461 322
0.1462 328
0.1463 344
0.1464 375
0.1465 390
0.1466 414
0.1467 430
0.1468 436
0.1469 431
0.147 432
0.1471 434
0.1472 423
0.1473 439
0.1474 472
0.1475 498
0.1476 525
0.1477 556
0.1478 570
0.1479 571
0.148 573
0.1481 572
0.1482 564
0.1483 569
0.1484 584
0.1485 601
0.1486 610
0.1487 625
0.1488 635
0.1489 640
0.149 649
0.1491 648
0.1492 650
0.1493 650
0.1494 645
0.1495 653
0.1496 654
0.1497 655
0.1498 651
0.1499 658
0.15 660
0.1501 659
0.1502 661
0.1503 660
0.1504 661
0.1505 666
0.1506 664
0.1507 665
0.1508 668
0.1509 665
0.151 667
0.1511 672
0.1512 673
0.1513 677
0.1514 678
0.1515 680
0.1516 683
0.1517 683
0.1518 684
0.1519 690
0.152 692
0.1521 695
0.1522 698
0.1523 702
0.1524 703
0.1525 708
0.1526 712
0.1527 715
0.1528 717
0.1529 719
0.153 722
0.1531 727
0.1532 730
0.1533 735
0.1534 739
0.1535 742
0.1536 744
0.1537 745
0.1538 753
0.1539 757
0.154 759
0.1541 765
0.1542 767
0.1543 772
0.1544 777
0.1545 778
0.1546 783
0.1547 786
0.1548 790
0.1549 791
0.155 797
0.1551 798
0.1552 803
0.1553 808
0.1554 810
0.1555 814
0.1556 815
0.1557 818
0.1558 821
0.1559 827
0.156 827
0.1561 833
0.1562 837
0.1563 841
0.1564 846
0.1565 849
0.1566 852
0.1567 857
0.1568 862
0.1569 864
0.157 870
0.1571 874
0.1572 878
0.1573 883
0.1574 890
0.1575 894
0.1576 899
0.1577 901
0.1578 909
0.1579 913
0.158 917
0.1581 926
0.1582 930
0.1583 936
0.1584 944
0.1585 951
0.1586 956
0.1587 957
0.1588 966
0.1589 972
0.159 976
0.1591 986
0.1592 994
0.1593 999
0.1594 1003
0.1595 1013
0.1596 1021
0.1597 1027
0.1598 1036
0.1599 1041
0.16 1048
0.1601 1059
0.1602 1060
0.1603 1070
0.1604 1077
0.1605 1087
0.1606 1094
0.1607 1100
0.1608 1109
0.1609 1115
0.161 1122
0.1611 1130
0.1612 1139
0.1613 1148
0.1614 1151
0.1615 1164
0.1616 1172
0.1617 1178
0.1618 1187
0.1619 1200
0.162 1208
0.1621 1213
0.1622 1227
0.1623 1234
0.1624 1241
0.1625 1253
0.1626 1261
0.1627 1268
0.1628 1279
0.1629 1290
0.163 1294
0.1631 1305
0.1632 1314
0.1633 1323
0.1634 1329
0.1635 1345
0.1636 1352
0.1637 1363
0.1638 1372
0.1639 1382
0.164 1391
0.1641 1397
0.1642 1408
0.1643 1420
0.1644 1428
0.1645 1437
0.1646 1445
0.1647 1452
0.1648 1469
0.1649 1470
0.165 1485
0.1651 1492
0.1652 1502
0.1653 1514
0.1654 1519
0.1655 1529
0.1656 1539
0.1657 1549
0.1658 1556
0.1659 1567
0.166 1582
0.1661 1590
0.1662 1596
0.1663 1608
0.1664 1617
0.1665 1626
0.1666 1636
0.1667 1647
0.1668 1656
0.1669 1667
0.167 1676
0.1671 1685
0.1672 1698
0.1673 1703
0.1674 1713
0.1675 1725
0.1676 1734
0.1677 1741
0.1678 1747
0.1679 1764
0.168 1765
0.1681 1778
0.1682 1783
0.1683 1796
0.1684 1802
0.1685 1815
0.1686 1816
0.1687 1828
0.1688 1838
0.1689 1848
0.169 1858
0.1691 1864
0.1692 1873
0.1693 1877
0.1694 1886
0.1695 1898
0.1696 1908
0.1697 1911
0.1698 1917
0.1699 1918
0.17 1942
0.1701 1948
0.1702 1949
0.1703 1970
0.1704 1972
0.1705 1981
0.1706 1982
0.1707 1995
0.1708 2004
0.1709 2010
0.171 2015
0.1711 2017
0.1712 2022
0.1713 2040
0.1714 2035
0.1715 2039
0.1716 2047
0.1717 2047
0.1718 2059
0.1719 2063
0.172 2060
0.1721 2048
0.1722 2057
0.1723 2051
0.1724 2035
0.1725 2002
0.1726 1967
0.1727 1936
0.1728 1899
0.1729 1858
0.173 1826
0.1731 1782
0.1732 1726
0.1733 1671
0.1734 1631
0.1735 1592
0.1736 1557
0.1737 1526
0.1738 1483
0.1739 1443
0.174 1406
0.1741 1362
0.1742 1328
0.1743 1298
0.1744 1273
0.1745 1249
0.1746 1215
0.1747 1195
0.1748 1192
0.1749 1161
0.175 1139
0.1751 1114
0.1752 1108
0.1753 1101
0.1754 1096
0.1755 1074
0.1756 1064
0.1757 1048
0.1758 1035
0.1759 1025
0.176 1006
0.1761 979
0.1762 959
0.1763 939
0.1764 906
0.1765 885
0.1766 871
0.1767 860
0.1768 844
0.1769 823
0.177 818
0.1771 812
0.1772 813
0.1773 795
0.1774 786
0.1775 780
0.1776 774
0.1777 752
0.1778 745
0.1779 735
0.178 724
0.1781 716
0.1782 707
0.1783 693
0.1784 682
0.1785 673
0.1786 661
0.1787 642
0.1788 626
0.1789 610
0.179 597
0.1791 587
0.1792 576
0.1793 566
0.1794 557
0.1795 550
0.1796 547
0.1797 535
0.1798 533
0.1799 519
0.18 515
0.1801 504
0.1802 495
0.1803 481
0.1804 467
0.1805 451
0.1806 448
0.1807 440
0.1808 432
0.1809 425
0.181 422
0.1811 420
0.1812 425
0.1813 428
0.1814 433
0.1815 433
0.1816 425
0.1817 419
0.1818 407
0.1819 402
0.182 392
0.1821 388
0.1822 379
0.1823 372
0.1824 368
0.1825 363
0.1826 359
0.1827 355
0.1828 349
0.1829 342
0.183 339
0.1831 334
0.1832 325
0.1833 315
0.1834 301
0.1835 297
0.1836 291
0.1837 289
0.1838 282
0.1839 277
0.184 283
0.1841 279
0.1842 275
0.1843 275
0.1844 272
0.1845 268
0.1846 269
0.1847 266
0.1848 265
0.1849 261
0.185 265
0.1851 261
0.1852 260
0.1853 261
0.1854 286
0.1855 300
0.1856 332
0.1857 337
0.1858 349
0.1859 354
0.186 366
0.1861 367
0.1862 365
0.1863 368
0.1864 372
0.1865 375
0.1866 365
0.1867 369
0.1868 388
0.1869 394
0.187 388
0.1871 381
0.1872 374
0.1873 369
0.1874 368
0.1875 367
0.1876 360
0.1877 352
0.1878 343
0.1879 340
0.188 334
0.1881 328
0.1882 323
0.1883 328
0.1884 331
0.1885 340
0.1886 346
0.1887 346
0.1888 347
0.1889 344
0.189 343
0.1891 341
0.1892 336
0.1893 331
0.1894 337
0.1895 342
0.1896 360
0.1897 383
0.1898 393
0.1899 401
0.19 411
0.1901 420
0.1902 429
0.1903 441
0.1904 443
0.1905 446
0.1906 450
0.1907 455
0.1908 445
0.1909 438
0.191 432
0.1911 422
0.1912 415
0.1913 403
0.1914 400
0.1915 393
0.1916 389
0.1917 383
0.1918 378
0.1919 368
0.192 363
0.1921 360
0.1922 360
0.1923 360
0.1924 359
0.1925 363
0.1926 366
0.1927 361
0.1928 364
0.1929 363
0.193 359
0.1931 364
0.1932 366
0.1933 363
0.1934 365
0.1935 368
0.1936 363
0.1937 346
0.1938 341
0.1939 333
0.194 329
0.1941 327
0.1942 327
0.1943 325
0.1944 322
0.1945 320
0.1946 318
0.1947 314
0.1948 314
0.1949 312
0.195 305
0.1951 302
0.1952 296
0.1953 287
0.1954 285
0.1955 279
0.1956 269
0.1957 267
0.1958 269
0.1959 277
0.196 285
0.1961 280
0.1962 281
0.1963 279
0.1964 288
0.1965 298
0.1966 316
0.1967 324
0.1968 334
0.1969 334
0.197 342
0.1971 350
0.1972 355
0.1973 352
0.1974 353
0.1975 357
0.1976 356
0.1977 348
0.1978 349
0.1979 346
0.198 341
0.1981 328
0.1982 321
0.1983 312
0.1984 308
0.1985 300
0.1986 301
0.1987 297
0.1988 294
0.1989 299
0.199 298
0.1991 295
0.1992 294
0.1993 287
0.1994 282
0.1995 275
0.1996 269
0.1997 258
0.1998 258
0.1999 258
0.2 248
0.2001 253
0.2002 252
0.2003 251
0.2004 245
0.2005 249
0.2006 254
0.2007 256
0.2008 254
0.2009 252
0.201 252
0.2011 254
0.2012 257
0.2013 250
0.2014 258
0.2015 254
0.2016 255
0.2017 263
0.2018 268
0.2019 269
0.202 262
0.2021 261
0.2022 258
0.2023 258
0.2024 254
0.2025 253
0.2026 250
0.2027 241
0.2028 240
0.2029 232
0.203 231
0.2031 229
0.2032 229
0.2033 223
0.2034 221
0.2035 217
0.2036 219
0.2037 218
0.2038 216
0.2039 217
0.204 216
0.2041 215
0.2042 216
0.2043 215
0.2044 216
0.2045 209
0.2046 206
0.2047 208
0.2048 207
0.2049 205
0.205 206
0.2051 208
0.2052 210
0.2053 212
0.2054 207
0.2055 207
0.2056 203
0.2057 205
0.2058 216
0.2059 213
0.206 214
0.2061 215
0.2062 217
0.2063 215
0.2064 214
0.2065 223
0.2066 232
0.2067 235
0.2068 237
0.2069 231
0.207 227
0.2071 228
0.2072 228
0.2073 229
0.2074 227
0.2075 230
0.2076 235
0.2077 233
0.2078 231
0.2079 227
0.208 224
0.2081 228
0.2082 231
0.2083 234
0.2084 241
0.2085 243
0.2086 261
0.2087 273
0.2088 276
0.2089 278
0.209 276
0.2091 270
0.2092 264
0.2093 261
0.2094 256
0.2095 250
0.2096 247
0.2097 243
0.2098 243
0.2099 250
0.21 268
0.2101 300
0.2102 342
0.2103 374
0.2104 396
0.2105 413
0.2106 421
0.2107 430
0.2108 443
0.2109 447
0.211 458
0.2111 467
0.2112 473
0.2113 479
0.2114 484
0.2115 494
0.2116 496
0.2117 502
0.2118 520
0.2119 543
0.212 564
0.2121 553
0.2122 566
0.2123 561
0.2124 555
0.2125 548
0.2126 548
0.2127 550
0.2128 556
0.2129 565
0.213 578
0.2131 587
0.2132 612
0.2133 612
0.2134 610
0.2135 612
0.2136 615
0.2137 626
0.2138 621
0.2139 622
0.214 629
0.2141 627
0.2142 626
0.2143 632
0.2144 632
0.2145 636
0.2146 636
0.2147 643
0.2148 640
0.2149 645
0.215 648
0.2151 651
0.2152 652
0.2153 656
0.2154 658
0.2155 660
0.2156 663
0.2157 666
0.2158 665
0.2159 672
0.216 671
0.2161 677
0.2162 680
0.2163 682
0.2164 686
0.2165 690
0.2166 689
0.2167 696
0.2168 699
0.2169 697
0.217 703
0.2171 704
0.2172 710
0.2173 712
0.2174 717
0.2175 722
0.2176 725
0.2177 728
0.2178 732
0.2179 734
0.218 740
0.2181 747
0.2182 750
0.2183 755
0.2184 759
0.2185 763
0.2186 769
0.2187 766
0.2188 777
0.2189 783
0.219 788
0.2191 791
0.2192 797
0.2193 803
0.2194 807
0.2195 813
0.2196 820
0.2197 824
0.2198 830
0.2199 835
0.22 838
0.2201 844
0.2202 848
0.2203 855
0.2204 862
0.2205 865
0.2206 875
0.2207 879
0.2208 883
0.2209 890
0.221 896
0.2211 900
0.2212 908
0.2213 913
0.2214 917
0.2215 923
0.2216 926
0.2217 937
0.2218 940
0.2219 946
0.222 954
0.2221 961
0.2222 966
0.2223 971
0.2224 978
0.2225 983
0.2226 990
0.2227 995
0.2228 1002
0.2229 1009
0.223 1014
0.2231 1022
0.2232 1026
0.2233 1034
0.2234 1041
0.2235 1047
0.2236 1053
0.2237 1057
0.2238 1066
0.2239 1071
0.224 1081
0.2241 1085
0.2242 1094
0.2243 1102
0.2244 1107
0.2245 1117
0.2246 1122
0.2247 1132
0.2248 1138
0.2249 1145
0.225 1152
0.2251 1160
0.2252 1166
0.2253 1176
0.2254 1181
0.2255 1191
0.2256 1200
0.2257 1207
0.2258 1215
0.2259 1220
0.226 1231
0.2261 1237
0.2262 1241
0.2263 1253
0.2264 1264
0.2265 1271
0.2266 1280
0.2267 1289
0.2268 1298
0.2269 1304
0.227 1314
0.2271 1322
0.2272 1327
0.2273 1337
0.2274 1342
0.2275 1355
0.2276 1365
0.2277 1370
0.2278 1380
0.2279 1387
0.228 1399
0.2281 1405
0.2282 1412
0.2283 1423
0.2284 1432
0.2285 1436
0.2286 1444
0.2287 1457
0.2288 1463
0.2289 1473
0.229 1479
0.2291 1490
0.2292 1495
0.2293 1507
0.2294 1512
0.2295 1521
0.2296 1531
0.2297 1538
0.2298 1543
0.2299 1555
0.23 1560
0.2301 1572
0.2302 1579
0.2303 1583
0.2304 1592
0.2305 1599
0.2306 1612
0.2307 1624
0.2308 1627
0.2309 1635
0.231 1642
0.2311 1655
0.2312 1658
0.2313 1671
0.2314 1675
0.2315 1687
0.2316 1694
0.2317 1705
0.2318 1711
0.2319 1725
0.232 1731
0.2321 1738
0.2322 1746
0.2323 1754
0.2324 1762
0.2325 1770
0.2326 1778
0.2327 1790
0.2328 1798
0.2329 1808
0.233 1825
0.2331 1826
0.2332 1836
0.2333 1839
0.2334 1857
0.2335 1856
0.2336 1871
0.2337 1881
0.2338 1884
0.2339 1896
0.234 1898
0.2341 1912
0.2342 1918
0.2343 1920
0.2344 1929
0.2345 1936
0.2346 1937
0.2347 1938
0.2348 1939
0.2349 1931
0.235 1930
0.2351 1920
0.2352 1932
0.2353 1914
0.2354 1905
0.2355 1894
0.2356 1875
0.2357 1860
0.2358 1826
0.2359 1785
0.236 1752
0.2361 1713
0.2362 1671
0.2363 1625
0.2364 1587
0.2365 1558
0.2366 1524
0.2367 1501
0.2368 1466
0.2369 1425
0.237 1398
0.2371 1365
0.2372 1330
0.2373 1311
0.2374 1290
0.2375 1282
0.2376 1253
0.2377 1233
0.2378 1208
0.2379 1193
0.238 1171
0.2381 1157
0.2382 1118
0.2383 1102
0.2384 1079
0.2385 1059
0.2386 1051
0.2387 1032
0.2388 1017
0.2389 1007
0.239 977
0.2391 945
0.2392 928
0.2393 910
0.2394 900
0.2395 888
0.2396 868
0.2397 852
0.2398 826
0.2399 829
0.24 811
0.2401 798
0.2402 799
0.2403 786
0.2404 768
0.2405 755
0.2406 746
0.2407 735
0.2408 704
0.2409 687
0.241 693
0.2411 696
0.2412 687
0.2413 678
0.2414 669
0.2415 656
0.2416 644
0.2417 633
0.2418 619
0.2419 611
0.242 604
0.2421 590
0.2422 583
0.2423 570
0.2424 560
0.2425 556
0.2426 546
0.2427 538
0.2428 539
0.2429 538
0.243 522
0.2431 519
0.2432 521
0.2433 510
0.2434 510
0.2435 500
0.2436 489
0.2437 485
0.2438 475
0.2439 462
0.244 453
0.2441 443
0.2442 433
0.2443 420
0.2444 415
0.2445 408
0.2446 405
0.2447 398
0.2448 392
0.2449 382
0.245 365
0.2451 353
0.2452 342
0.2453 334
0.2454 327
0.2455 322
0.2456 309
0.2457 307
0.2458 302
0.2459 295
0.246 284
0.2461 277
0.2462 273
0.2463 265
0.2464 263
0.2465 258
0.2466 263
0.2467 265
0.2468 277
0.2469 278
0.247 280
0.2471 288
0.2472 288
0.2473 292
0.2474 293
0.2475 291
0.2476 294
0.2477 301
0.2478 298
0.2479 299
0.248 301
0.2481 302
0.2482 302
0.2483 302
0.2484 297
0.2485 292
0.2486 289
0.2487 291
0.2488 292
0.2489 296
0.249 295
0.2491 289
0.2492 284
0.2493 283
0.2494 273
0.2495 270
0.2496 264
0.2497 259
0.2498 255
0.2499 252
0.25 249
