0 910
0.0001 676
0.0002 546
0.0003 473
0.0004 440
0.0005 394
0.0006 348
0.0007 344
0.0008 316
0.0009 315
0.001 315
0.0011 326
0.0012 314
0.0013 299
0.0014 314
0.0015 301
0.0016 311
0.0017 299
0.0018 282
0.0019 319
0.002 315
0.0021 310
0.0022 299
0.0023 314
0.0024 290
0.0025 275
0.0026 270
0.0027 267
0.0028 255
0.0029 259
0.003 273
0.0031 276
0.0032 263
0.0033 271
0.0034 280
0.0035 272
0.0036 260
0.0037 270
0.0038 278
0.0039 293
0.004 274
0.0041 279
0.0042 285
0.0043 275
0.0044 253
0.0045 253
0.0046 250
0.0047 260
0.0048 264
0.0049 274
0.005 257
0.0051 239
0.0052 258
0.0053 244
0.0054 235
0.0055 221
0.0056 222
0.0057 239
0.0058 222
0.0059 234
0.006 255
0.0061 251
0.0062 217
0.0063 221
0.0064 230
0.0065 227
0.0066 237
0.0067 237
0.0068 234
0.0069 246
0.007 230
0.0071 229
0.0072 230
0.0073 221
0.0074 220
0.0075 222
0.0076 222
0.0077 216
0.0078 222
0.0079 234
0.008 234
0.0081 220
0.0082 209
0.0083 196
0.0084 193
0.0085 194
0.0086 188
0.0087 209
0.0088 204
0.0089 213
0.009 214
0.0091 209
0.0092 209
0.0093 194
0.0094 185
0.0095 198
0.0096 204
0.0097 217
0.0098 215
0.0099 222
0.01 213
0.0101 202
0.0102 198
0.0103 213
0.0104 227
0.0105 231
0.0106 232
0.0107 225
0.0108 214
0.0109 205
0.011 230
0.0111 220
0.0112 214
0.0113 210
0.0114 216
0.0115 223
0.0116 220
0.0117 217
0.0118 208
0.0119 206
0.012 197
0.0121 202
0.0122 219
0.0123 209
0.0124 199
0.0125 193
0.0126 183
0.0127 177
0.0128 180
0.0129 185
0.013 191
0.0131 193
0.0132 189
0.0133 194
0.0134 184
0.0135 173
0.0136 172
0.0137 183
0.0138 176
0.0139 176
0.014 182
0.0141 179
0.0142 183
0.0143 186
0.0144 183
0.0145 176
0.0146 156
0.0147 160
0.0148 170
0.0149 175
0.015 174
0.0151 161
0.0152 170
0.0153 177
0.0154 171
0.0155 174
0.0156 178
0.0157 155
0.0158 161
0.0159 168
0.016 166
0.0161 156
0.0162 161
0.0163 162
0.0164 167
0.0165 187
0.0166 187
0.0167 173
0.0168 169
0.0169 165
0.017 171
0.0171 159
0.0172 151
0.0173 149
0.0174 138
0.0175 149
0.0176 157
0.0177 148
0.0178 149
0.0179 162
0.018 161
0.0181 147
0.0182 154
0.0183 145
0.0184 148
0.0185 141
0.0186 144
0.0187 136
0.0188 151
0.0189 151
0.019 153
0.0191 154
0.0192 139
0.0193 131
0.0194 140
0.0195 154
0.0196 153
0.0197 165
0.0198 159
0.0199 154
0.02 160
0.0201 155
0.0202 142
0.0203 164
0.0204 152
0.0205 157
0.0206 151
0.0207 158
0.0208 152
0.0209 142
0.021 137
0.0211 136
0.0212 123
0.0213 132
0.0214 129
0.0215 131
0.0216 132
0.0217 127
0.0218 128
0.0219 126
0.022 136
0.0221 139
0.0222 137
0.0223 130
0.0224 128
0.0225 128
0.0226 131
0.0227 114
0.0228 120
0.0229 139
0.023 144
0.0231 142
0.0232 138
0.0233 132
0.0234 126
0.0235 132
0.0236 135
0.0237 148
0.0238 133
0.0239 128
0.024 117
0.0241 117
0.0242 122
0.0243 108
0.0244 130
0.0245 128
0.0246 123
0.0247 131
0.0248 114
0.0249 117
0.025 112
0.0251 112
0.0252 119
0.0253 124
0.0254 123
0.0255 129
0.0256 129
0.0257 130
0.0258 122
0.0259 112
0.026 117
0.0261 130
0.0262 140
0.0263 122
0.0264 121
0.0265 119
0.0266 118
0.0267 121
0.0268 136
0.0269 116
0.027 126
0.0271 130
0.0272 123
0.0273 129
0.0274 116
0.0275 123
0.0276 112
0.0277 119
0.0278 110
0.0279 118
0.028 122
0.0281 112
0.0282 104
0.0283 111
0.0284 114
0.0285 112
0.0286 111
0.0287 111
0.0288 120
0.0289 110
0.029 106
0.0291 107
0.0292 109
0.0293 101
0.0294 99
0.0295 100
0.0296 106
0.0297 103
0.0298 111
0.0299 115
0.03 111
0.0301 107
0.0302 125
0.0303 130
0.0304 114
0.0305 110
0.0306 107
0.0307 107
0.0308 103
0.0309 101
0.031 101
0.0311 103
0.0312 110
0.0313 109
0.0314 95
0.0315 101
0.0316 93
0.0317 95
0.0318 100
0.0319 97
0.032 94
0.0321 98
0.0322 95
0.0323 89
0.0324 74
0.0325 67
0.0326 77
0.0327 90
0.0328 87
0.0329 93
0.033 95
0.0331 106
0.0332 102
0.0333 107
0.0334 96
0.0335 101
0.0336 97
0.0337 105
0.0338 92
0.0339 89
0.034 96
0.0341 90
0.0342 100
0.0343 91
0.0344 90
0.0345 88
0.0346 81
0.0347 91
0.0348 90
0.0349 91
0.035 98
0.0351 91
0.0352 80
0.0353 81
0.0354 83
0.0355 91
0.0356 91
0.0357 87
0.0358 82
0.0359 88
0.036 80
0.0361 76
0.0362 90
0.0363 80
0.0364 78
0.0365 86
0.0366 96
0.0367 102
0.0368 95
0.0369 83
0.037 82
0.0371 86
0.0372 85
0.0373 90
0.0374 86
0.0375 81
0.0376 87
0.0377 88
0.0378 87
0.0379 94
0.038 88
0.0381 91
0.0382 99
0.0383 97
0.0384 102
0.0385 92
0.0386 85
0.0387 87
0.0388 83
0.0389 96
0.039 90
0.0391 87
0.0392 92
0.0393 99
0.0394 89
0.0395 82
0.0396 85
0.0397 80
0.0398 79
0.0399 80
0.04 81
0.0401 81
0.0402 78
0.0403 68
0.0404 70
0.0405 90
0.0406 82
0.0407 76
0.0408 72
0.0409 72
0.041 86
0.0411 83
0.0412 88
0.0413 78
0.0414 76
0.0415 86
0.0416 80
0.0417 77
0.0418 90
0.0419 87
0.042 84
0.0421 93
0.0422 92
0.0423 96
0.0424 95
0.0425 86
0.0426 94
0.0427 85
0.0428 81
0.0429 79
0.043 83
0.0431 79
0.0432 83
0.0433 85
0.0434 75
0.0435 78
0.0436 79
0.0437 83
0.0438 78
0.0439 80
0.044 83
0.0441 74
0.0442 86
0.0443 86
0.0444 86
0.0445 87
0.0446 79
0.0447 82
0.0448 78
0.0449 69
0.045 76
0.0451 74
0.0452 79
0.0453 85
0.0454 83
0.0455 77
0.0456 83
0.0457 75
0.0458 66
0.0459 76
0.046 79
0.0461 79
0.0462 88
0.0463 88
0.0464 76
0.0465 80
0.0466 75
0.0467 76
0.0468 76
0.0469 78
0.047 79
0.0471 75
0.0472 74
0.0473 72
0.0474 79
0.0475 79
0.0476 71
0.0477 72
0.0478 75
0.0479 74
0.048 75
0.0481 82
0.0482 88
0.0483 87
0.0484 82
0.0485 79
0.0486 80
0.0487 77
0.0488 85
0.0489 77
0.049 80
0.0491 82
0.0492 84
0.0493 84
0.0494 83
0.0495 84
0.0496 84
0.0497 84
0.0498 77
0.0499 87
0.05 79
0.0501 87
0.0502 82
0.0503 84
0.0504 78
0.0505 76
0.0506 75
0.0507 76
0.0508 87
0.0509 88
0.051 92
0.0511 96
0.0512 85
0.0513 85
0.0514 82
0.0515 76
0.0516 84
0.0517 74
0.0518 79
0.0519 83
0.052 69
0.0521 68
0.0522 67
0.0523 68
0.0524 66
0.0525 70
0.0526 80
0.0527 71
0.0528 76
0.0529 69
0.053 71
0.0531 76
0.0532 85
0.0533 85
0.0534 92
0.0535 84
0.0536 87
0.0537 82
0.0538 79
0.0539 76
0.054 77
0.0541 76
0.0542 69
0.0543 72
0.0544 74
0.0545 84
0.0546 80
0.0547 71
0.0548 74
0.0549 67
0.055 77
0.0551 71
0.0552 82
0.0553 80
0.0554 70
0.0555 72
0.0556 72
0.0557 75
0.0558 68
0.0559 75
0.056 72
0.0561 67
0.0562 61
0.0563 64
0.0564 70
0.0565 61
0.0566 64
0.0567 71
0.0568 78
0.0569 71
0.057 73
0.0571 79
0.0572 68
0.0573 72
0.0574 83
0.0575 82
0.0576 71
0.0577 74
0.0578 79
0.0579 69
0.058 77
0.0581 89
0.0582 83
0.0583 78
0.0584 89
0.0585 85
0.0586 83
0.0587 77
0.0588 83
0.0589 85
0.059 78
0.0591 72
0.0592 71
0.0593 70
0.0594 75
0.0595 74
0.0596 76
0.0597 74
0.0598 74
0.0599 93
0.06 92
