0 0
0.0001 0
0.0002 0
0.0003 0
0.0004 0
0.0005 0
0.0006 0
0.0007 0
0.0008 0
0.0009 0
0.001 0
0.0011 0
0.0012 0
0.0013 0
0.0014 0
0.0015 0
0.0016 0
0.0017 0
0.0018 0
0.0019 0
0.002 0
0.0021 0
0.0022 0
0.0023 0
0.0024 0
0.0025 1
0.0026 1
0.0027 1
0.0028 1
0.0029 1
0.003 1
0.0031 1
0.0032 1
0.0033 1
0.0034 1
0.0035 1
0.0036 1
0.0037 1
0.0038 1
0.0039 1
0.004 2
0.0041 2
0.0042 2
0.0043 2
0.0044 2
0.0045 2
0.0046 2
0.0047 2
0.0048 2
0.0049 2
0.005 2
0.0051 2
0.0052 2
0.0053 2
0.0054 2
0.0055 2
0.0056 2
0.0057 2
0.0058 2
0.0059 2
0.006 2
0.0061 2
0.0062 2
0.0063 3
0.0064 3
0.0065 3
0.0066 3
0.0067 3
0.0068 3
0.0069 3
0.007 3
0.0071 3
0.0072 3
0.0073 3
0.0074 3
0.0075 3
0.0076 3
0.0077 3
0.0078 3
0.0079 3
0.008 3
0.0081 3
0.0082 3
0.0083 3
0.0084 3
0.0085 3
0.0086 4
0.0087 4
0.0088 4
0.0089 4
0.009 4
0.0091 4
0.0092 4
0.0093 4
0.0094 4
0.0095 4
0.0096 4
0.0097 5
0.0098 5
0.0099 5
0.01 5
0.0101 5
0.0102 5
0.0103 5
0.0104 5
0.0105 5
0.0106 4
0.0107 4
0.0108 4
0.0109 4
0.011 4
0.0111 4
0.0112 4
0.0113 4
0.0114 4
0.0115 4
0.0116 4
0.0117 4
0.0118 4
0.0119 5
0.012 5
0.0121 5
0.0122 6
0.0123 6
0.0124 6
0.0125 6
0.0126 6
0.0127 6
0.0128 6
0.0129 6
0.013 6
0.0131 6
0.0132 6
0.0133 8
0.0134 8
0.0135 8
0.0136 8
0.0137 8
0.0138 8
0.0139 8
0.014 9
0.0141 9
0.0142 9
0.0143 9
0.0144 9
0.0145 9
0.0146 9
0.0147 9
0.0148 9
0.0149 9
0.015 9
0.0151 9
0.0152 9
0.0153 9
0.0154 9
0.0155 9
0.0156 8
0.0157 8
0.0158 8
0.0159 8
0.016 9
0.0161 9
0.0162 9
0.0163 8
0.0164 8
0.0165 8
0.0166 8
0.0167 8
0.0168 8
0.0169 8
0.017 8
0.0171 7
0.0172 7
0.0173 7
0.0174 7
0.0175 7
0.0176 7
0.0177 7
0.0178 7
0.0179 7
0.018 6
0.0181 5
0.0182 5
0.0183 6
0.0184 6
0.0185 6
0.0186 6
0.0187 6
0.0188 6
0.0189 6
0.019 6
0.0191 6
0.0192 6
0.0193 6
0.0194 6
0.0195 6
0.0196 5
0.0197 5
0.0198 5
0.0199 5
0.02 6
0.0201 6
0.0202 6
0.0203 6
0.0204 7
0.0205 7
0.0206 7
0.0207 6
0.0208 6
0.0209 6
0.021 6
0.0211 6
0.0212 6
0.0213 6
0.0214 6
0.0215 6
0.0216 6
0.0217 5
0.0218 5
0.0219 5
0.022 5
0.0221 5
0.0222 5
0.0223 5
0.0224 6
0.0225 6
0.0226 6
0.0227 6
0.0228 6
0.0229 6
0.023 6
0.0231 6
0.0232 6
0.0233 7
0.0234 8
0.0235 8
0.0236 8
0.0237 8
0.0238 8
0.0239 8
0.024 8
0.0241 9
0.0242 9
0.0243 10
0.0244 10
0.0245 9
0.0246 9
0.0247 9
0.0248 9
0.0249 8
0.025 8
0.0251 8
0.0252 8
0.0253 8
0.0254 8
0.0255 8
0.0256 7
0.0257 7
0.0258 7
0.0259 7
0.026 8
0.0261 8
0.0262 8
0.0263 8
0.0264 8
0.0265 8
0.0266 8
0.0267 8
0.0268 8
0.0269 8
0.027 9
0.0271 9
0.0272 9
0.0273 9
0.0274 9
0.0275 9
0.0276 9
0.0277 9
0.0278 7
0.0279 7
0.028 7
0.0281 7
0.0282 7
0.0283 7
0.0284 6
0.0285 6
0.0286 5
0.0287 5
0.0288 5
0.0289 5
0.029 5
0.0291 5
0.0292 5
0.0293 5
0.0294 5
0.0295 6
0.0296 6
0.0297 6
0.0298 6
0.0299 5
0.03 5
0.0301 5
0.0302 5
0.0303 5
0.0304 5
0.0305 5
0.0306 5
0.0307 5
0.0308 5
0.0309 5
0.031 5
0.0311 5
0.0312 5
0.0313 5
0.0314 5
0.0315 5
0.0316 5
0.0317 5
0.0318 5
0.0319 5
0.032 5
0.0321 5
0.0322 5
0.0323 5
0.0324 5
0.0325 5
0.0326 5
0.0327 5
0.0328 5
0.0329 5
0.033 5
0.0331 5
0.0332 5
0.0333 5
0.0334 5
0.0335 5
0.0336 5
0.0337 5
0.0338 5
0.0339 5
0.034 5
0.0341 5
0.0342 6
0.0343 6
0.0344 6
0.0345 6
0.0346 6
0.0347 6
0.0348 6
0.0349 6
0.035 7
0.0351 7
0.0352 7
0.0353 7
0.0354 7
0.0355 7
0.0356 7
0.0357 7
0.0358 7
0.0359 7
0.036 6
0.0361 6
0.0362 6
0.0363 6
0.0364 6
0.0365 6
0.0366 6
0.0367 6
0.0368 6
0.0369 6
0.037 6
0.0371 6
0.0372 6
0.0373 6
0.0374 6
0.0375 6
0.0376 6
0.0377 6
0.0378 6
0.0379 6
0.038 6
0.0381 6
0.0382 6
0.0383 6
0.0384 5
0.0385 5
0.0386 5
0.0387 5
0.0388 5
0.0389 5
0.039 5
0.0391 5
0.0392 5
0.0393 5
0.0394 5
0.0395 5
0.0396 5
0.0397 4
0.0398 4
0.0399 4
0.04 4
0.0401 4
0.0402 4
0.0403 4
0.0404 4
0.0405 4
0.0406 4
0.0407 4
0.0408 4
0.0409 4
0.041 4
0.0411 4
0.0412 4
0.0413 4
0.0414 4
0.0415 4
0.0416 4
0.0417 4
0.0418 4
0.0419 4
0.042 4
0.0421 4
0.0422 4
0.0423 4
0.0424 4
0.0425 3
0.0426 3
0.0427 3
0.0428 3
0.0429 3
0.043 3
0.0431 3
0.0432 3
0.0433 3
0.0434 3
0.0435 3
0.0436 3
0.0437 3
0.0438 3
0.0439 3
0.044 3
0.0441 3
0.0442 3
0.0443 3
0.0444 3
0.0445 3
0.0446 3
0.0447 3
0.0448 3
0.0449 3
0.045 3
0.0451 3
0.0452 3
0.0453 3
0.0454 3
0.0455 3
0.0456 3
0.0457 3
0.0458 3
0.0459 3
0.046 3
0.0461 3
0.0462 3
0.0463 3
0.0464 3
0.0465 3
0.0466 3
0.0467 3
0.0468 3
0.0469 3
0.047 3
0.0471 3
0.0472 3
0.0473 3
0.0474 3
0.0475 3
0.0476 3
0.0477 3
0.0478 3
0.0479 3
0.048 4
0.0481 4
0.0482 4
0.0483 4
0.0484 4
0.0485 4
0.0486 4
0.0487 4
0.0488 4
0.0489 4
0.049 4
0.0491 4
0.0492 4
0.0493 4
0.0494 4
0.0495 4
0.0496 4
0.0497 4
0.0498 4
0.0499 4
0.05 4
0.0501 4
0.0502 4
0.0503 4
0.0504 4
0.0505 4
0.0506 4
0.0507 4
0.0508 4
0.0509 4
0.051 4
0.0511 4
0.0512 4
0.0513 4
0.0514 4
0.0515 4
0.0516 4
0.0517 4
0.0518 4
0.0519 4
0.052 4
0.0521 4
0.0522 4
0.0523 4
0.0524 4
0.0525 4
0.0526 4
0.0527 4
0.0528 4
0.0529 4
0.053 4
0.0531 4
0.0532 4
0.0533 4
0.0534 4
0.0535 3
0.0536 4
0.0537 4
0.0538 4
0.0539 4
0.054 4
0.0541 4
0.0542 4
0.0543 4
0.0544 4
0.0545 4
0.0546 4
0.0547 4
0.0548 4
0.0549 4
0.055 4
0.0551 4
0.0552 4
0.0553 5
0.0554 5
0.0555 5
0.0556 5
0.0557 5
0.0558 5
0.0559 5
0.056 5
0.0561 5
0.0562 5
0.0563 5
0.0564 5
0.0565 5
0.0566 5
0.0567 5
0.0568 5
0.0569 5
0.057 5
0.0571 5
0.0572 5
0.0573 4
0.0574 4
0.0575 4
0.0576 4
0.0577 4
0.0578 4
0.0579 4
0.058 4
0.0581 3
0.0582 3
0.0583 3
0.0584 4
0.0585 4
0.0586 4
0.0587 4
0.0588 4
0.0589 4
0.059 4
0.0591 4
0.0592 4
0.0593 4
0.0594 4
0.0595 4
0.0596 4
0.0597 4
0.0598 4
0.0599 4
0.06 4
