0 0
0.0001 0
0.0002 0
0.0003 0
0.0004 0
0.0005 0
0.0006 0
0.0007 0
0.0008 0
0.0009 0
0.001 0
0.0011 0
0.0012 0
0.0013 0
0.0014 0
0.0015 0
0.0016 0
0.0017 0
0.0018 0
0.0019 0
0.002 0
0.0021 0
0.0022 0
0.0023 0
0.0024 0
0.0025 0
0.0026 0
0.0027 0
0.0028 0
0.0029 0
0.003 0
0.0031 1
0.0032 1
0.0033 1
0.0034 1
0.0035 2
0.0036 1
0.0037 1
0.0038 1
0.0039 1
0.004 1
0.0041 1
0.0042 1
0.0043 2
0.0044 2
0.0045 2
0.0046 1
0.0047 1
0.0048 1
0.0049 1
0.005 1
0.0051 1
0.0052 1
0.0053 1
0.0054 1
0.0055 1
0.0056 2
0.0057 1
0.0058 1
0.0059 1
0.006 1
0.0061 2
0.0062 3
0.0063 4
0.0064 3
0.0065 2
0.0066 3
0.0067 3
0.0068 5
0.0069 5
0.007 4
0.0071 3
0.0072 3
0.0073 4
0.0074 4
0.0075 4
0.0076 3
0.0077 4
0.0078 3
0.0079 3
0.008 3
0.0081 2
0.0082 2
0.0083 2
0.0084 2
0.0085 2
0.0086 2
0.0087 2
0.0088 2
0.0089 2
0.009 1
0.0091 1
0.0092 1
0.0093 2
0.0094 3
0.0095 3
0.0096 3
0.0097 3
0.0098 3
0.0099 4
0.01 4
0.0101 3
0.0102 4
0.0103 5
0.0104 5
0.0105 5
0.0106 4
0.0107 4
0.0108 4
0.0109 4
0.011 4
0.0111 4
0.0112 4
0.0113 4
0.0114 4
0.0115 4
0.0116 5
0.0117 5
0.0118 5
0.0119 5
0.012 5
0.0121 5
0.0122 5
0.0123 5
0.0124 4
0.0125 4
0.0126 4
0.0127 4
0.0128 4
0.0129 4
0.013 4
0.0131 4
0.0132 4
0.0133 4
0.0134 4
0.0135 6
0.0136 6
0.0137 6
0.0138 6
0.0139 6
0.014 6
0.0141 6
0.0142 6
0.0143 6
0.0144 6
0.0145 6
0.0146 6
0.0147 6
0.0148 7
0.0149 7
0.015 7
0.0151 6
0.0152 6
0.0153 7
0.0154 7
0.0155 7
0.0156 7
0.0157 7
0.0158 6
0.0159 6
0.016 6
0.0161 5
0.0162 5
0.0163 5
0.0164 5
0.0165 5
0.0166 5
0.0167 4
0.0168 4
0.0169 4
0.017 4
0.0171 4
0.0172 4
0.0173 5
0.0174 7
0.0175 7
0.0176 7
0.0177 7
0.0178 9
0.0179 8
0.018 9
0.0181 10
0.0182 11
0.0183 11
0.0184 12
0.0185 11
0.0186 11
0.0187 11
0.0188 12
0.0189 12
0.019 12
0.0191 12
0.0192 13
0.0193 13
0.0194 12
0.0195 11
0.0196 11
0.0197 11
0.0198 12
0.0199 12
0.02 13
0.0201 12
0.0202 12
0.0203 11
0.0204 12
0.0205 12
0.0206 13
0.0207 14
0.0208 14
0.0209 14
0.021 14
0.0211 14
0.0212 15
0.0213 14
0.0214 14
0.0215 14
0.0216 14
0.0217 16
0.0218 15
0.0219 16
0.022 16
0.0221 16
0.0222 16
0.0223 16
0.0224 17
0.0225 17
0.0226 17
0.0227 17
0.0228 18
0.0229 18
0.023 16
0.0231 17
0.0232 19
0.0233 17
0.0234 17
0.0235 17
0.0236 16
0.0237 17
0.0238 17
0.0239 18
0.024 18
0.0241 17
0.0242 16
0.0243 15
0.0244 14
0.0245 14
0.0246 13
0.0247 12
0.0248 12
0.0249 13
0.025 12
0.0251 12
0.0252 12
0.0253 12
0.0254 12
0.0255 12
0.0256 12
0.0257 11
0.0258 13
0.0259 13
0.026 12
0.0261 13
0.0262 14
0.0263 13
0.0264 14
0.0265 15
0.0266 15
0.0267 15
0.0268 16
0.0269 16
0.027 17
0.0271 17
0.0272 17
0.0273 17
0.0274 16
0.0275 16
0.0276 16
0.0277 15
0.0278 14
0.0279 16
0.028 16
0.0281 16
0.0282 15
0.0283 15
0.0284 15
0.0285 15
0.0286 15
0.0287 15
0.0288 15
0.0289 15
0.029 16
0.0291 16
0.0292 16
0.0293 16
0.0294 16
0.0295 16
0.0296 16
0.0297 16
0.0298 15
0.0299 15
0.03 16
0.0301 15
0.0302 13
0.0303 13
0.0304 14
0.0305 14
0.0306 15
0.0307 12
0.0308 12
0.0309 12
0.031 12
0.0311 14
0.0312 15
0.0313 15
0.0314 15
0.0315 16
0.0316 18
0.0317 18
0.0318 18
0.0319 19
0.032 19
0.0321 19
0.0322 19
0.0323 19
0.0324 19
0.0325 19
0.0326 21
0.0327 21
0.0328 21
0.0329 20
0.033 20
0.0331 20
0.0332 19
0.0333 19
0.0334 19
0.0335 19
0.0336 19
0.0337 19
0.0338 20
0.0339 20
0.034 20
0.0341 19
0.0342 19
0.0343 19
0.0344 20
0.0345 20
0.0346 20
0.0347 20
0.0348 21
0.0349 21
0.035 21
0.0351 20
0.0352 20
0.0353 19
0.0354 20
0.0355 19
0.0356 19
0.0357 20
0.0358 19
0.0359 19
0.036 20
0.0361 19
0.0362 18
0.0363 18
0.0364 18
0.0365 17
0.0366 17
0.0367 18
0.0368 18
0.0369 19
0.037 18
0.0371 20
0.0372 21
0.0373 21
0.0374 21
0.0375 22
0.0376 22
0.0377 22
0.0378 21
0.0379 20
0.038 18
0.0381 18
0.0382 18
0.0383 18
0.0384 18
0.0385 17
0.0386 18
0.0387 18
0.0388 18
0.0389 18
0.039 19
0.0391 18
0.0392 17
0.0393 19
0.0394 20
0.0395 20
0.0396 20
0.0397 21
0.0398 22
0.0399 22
0.04 22
0.0401 20
0.0402 22
0.0403 22
0.0404 22
0.0405 21
0.0406 20
0.0407 22
0.0408 22
0.0409 23
0.041 22
0.0411 22
0.0412 23
0.0413 22
0.0414 21
0.0415 21
0.0416 22
0.0417 22
0.0418 22
0.0419 22
0.042 22
0.0421 22
0.0422 22
0.0423 22
0.0424 21
0.0425 21
0.0426 21
0.0427 21
0.0428 21
0.0429 20
0.043 20
0.0431 20
0.0432 20
0.0433 21
0.0434 23
0.0435 23
0.0436 22
0.0437 22
0.0438 22
0.0439 22
0.044 22
0.0441 22
0.0442 22
0.0443 20
0.0444 20
0.0445 20
0.0446 20
0.0447 19
0.0448 19
0.0449 18
0.045 19
0.0451 20
0.0452 20
0.0453 20
0.0454 22
0.0455 21
0.0456 22
0.0457 22
0.0458 21
0.0459 21
0.046 21
0.0461 21
0.0462 21
0.0463 21
0.0464 20
0.0465 20
0.0466 20
0.0467 20
0.0468 19
0.0469 19
0.047 18
0.0471 18
0.0472 17
0.0473 17
0.0474 17
0.0475 17
0.0476 17
0.0477 18
0.0478 18
0.0479 18
0.048 18
0.0481 17
0.0482 17
0.0483 17
0.0484 17
0.0485 17
0.0486 18
0.0487 18
0.0488 18
0.0489 17
0.049 17
0.0491 17
0.0492 17
0.0493 16
0.0494 15
0.0495 16
0.0496 16
0.0497 16
0.0498 16
0.0499 17
0.05 18
0.0501 19
0.0502 19
0.0503 19
0.0504 20
0.0505 20
0.0506 20
0.0507 19
0.0508 19
0.0509 19
0.051 19
0.0511 20
0.0512 20
0.0513 21
0.0514 22
0.0515 22
0.0516 21
0.0517 21
0.0518 21
0.0519 20
0.052 20
0.0521 20
0.0522 20
0.0523 20
0.0524 20
0.0525 20
0.0526 20
0.0527 19
0.0528 18
0.0529 20
0.053 21
0.0531 20
0.0532 21
0.0533 20
0.0534 20
0.0535 20
0.0536 19
0.0537 17
0.0538 16
0.0539 17
0.054 17
0.0541 17
0.0542 17
0.0543 18
0.0544 17
0.0545 17
0.0546 15
0.0547 15
0.0548 14
0.0549 14
0.055 14
0.0551 14
0.0552 14
0.0553 14
0.0554 14
0.0555 16
0.0556 17
0.0557 17
0.0558 17
0.0559 17
0.056 17
0.0561 17
0.0562 18
0.0563 18
0.0564 18
0.0565 18
0.0566 17
0.0567 17
0.0568 17
0.0569 17
0.057 17
0.0571 17
0.0572 18
0.0573 19
0.0574 19
0.0575 20
0.0576 20
0.0577 20
0.0578 20
0.0579 20
0.058 19
0.0581 19
0.0582 20
0.0583 20
0.0584 20
0.0585 19
0.0586 20
0.0587 20
0.0588 20
0.0589 20
0.059 20
0.0591 21
0.0592 21
0.0593 21
0.0594 21
0.0595 22
0.0596 22
0.0597 21
0.0598 21
0.0599 21
0.06 21
0.0601 21
0.0602 20
0.0603 19
0.0604 19
0.0605 19
0.0606 19
0.0607 19
0.0608 20
0.0609 20
0.061 20
0.0611 20
0.0612 20
0.0613 20
0.0614 20
0.0615 20
0.0616 19
0.0617 19
0.0618 19
0.0619 17
0.062 17
0.0621 17
0.0622 16
0.0623 17
0.0624 18
0.0625 18
0.0626 18
0.0627 19
0.0628 19
0.0629 19
0.063 19
0.0631 19
0.0632 19
0.0633 19
0.0634 19
0.0635 20
0.0636 20
0.0637 20
0.0638 20
0.0639 21
0.064 21
0.0641 21
0.0642 21
0.0643 20
0.0644 19
0.0645 19
0.0646 20
0.0647 21
0.0648 21
0.0649 22
0.065 23
0.0651 25
0.0652 25
0.0653 25
0.0654 25
0.0655 25
0.0656 25
0.0657 26
0.0658 26
0.0659 26
0.066 26
0.0661 26
0.0662 25
0.0663 26
0.0664 26
0.0665 26
0.0666 26
0.0667 26
0.0668 26
0.0669 26
0.067 26
0.0671 27
0.0672 27
0.0673 27
0.0674 27
0.0675 26
0.0676 27
0.0677 27
0.0678 27
0.0679 28
0.068 28
0.0681 28
0.0682 27
0.0683 26
0.0684 25
0.0685 24
0.0686 24
0.0687 24
0.0688 24
0.0689 24
0.069 24
0.0691 23
0.0692 24
0.0693 24
0.0694 24
0.0695 23
0.0696 24
0.0697 25
0.0698 26
0.0699 26
0.07 26
0.0701 26
0.0702 26
0.0703 27
0.0704 27
0.0705 27
0.0706 29
0.0707 30
0.0708 30
0.0709 30
0.071 31
0.0711 31
0.0712 31
0.0713 32
0.0714 32
0.0715 32
0.0716 32
0.0717 32
0.0718 32
0.0719 33
0.072 33
0.0721 32
0.0722 32
0.0723 32
0.0724 32
0.0725 32
0.0726 32
0.0727 32
0.0728 32
0.0729 32
0.073 31
0.0731 32
0.0732 33
0.0733 33
0.0734 32
0.0735 32
0.0736 32
0.0737 32
0.0738 30
0.0739 30
0.074 30
0.0741 30
0.0742 31
0.0743 29
0.0744 29
0.0745 28
0.0746 28
0.0747 28
0.0748 28
0.0749 29
0.075 29
0.0751 29
0.0752 29
0.0753 31
0.0754 29
0.0755 29
0.0756 30
0.0757 31
0.0758 31
0.0759 32
0.076 31
0.0761 32
0.0762 31
0.0763 31
0.0764 32
0.0765 32
0.0766 32
0.0767 32
0.0768 32
0.0769 31
0.077 31
0.0771 31
0.0772 32
0.0773 33
0.0774 33
0.0775 32
0.0776 32
0.0777 31
0.0778 32
0.0779 32
0.078 32
0.0781 32
0.0782 32
0.0783 32
0.0784 32
0.0785 32
0.0786 31
0.0787 30
0.0788 29
0.0789 29
0.079 29
0.0791 29
0.0792 29
0.0793 29
0.0794 29
0.0795 28
0.0796 27
0.0797 26
0.0798 26
0.0799 26
0.08 26
0.0801 26
0.0802 26
0.0803 25
0.0804 24
0.0805 25
0.0806 26
0.0807 27
0.0808 27
0.0809 27
0.081 28
0.0811 28
0.0812 29
0.0813 30
0.0814 30
0.0815 31
0.0816 29
0.0817 30
0.0818 31
0.0819 31
0.082 32
0.0821 32
0.0822 32
0.0823 32
0.0824 31
0.0825 30
0.0826 30
0.0827 31
0.0828 31
0.0829 29
0.083 30
0.0831 30
0.0832 30
0.0833 29
0.0834 29
0.0835 29
0.0836 29
0.0837 30
0.0838 30
0.0839 31
0.084 31
0.0841 31
0.0842 31
0.0843 32
0.0844 32
0.0845 32
0.0846 32
0.0847 32
0.0848 33
0.0849 33
0.085 32
0.0851 32
0.0852 33
0.0853 32
0.0854 34
0.0855 33
0.0856 33
0.0857 35
0.0858 35
0.0859 36
0.086 35
0.0861 34
0.0862 34
0.0863 34
0.0864 34
0.0865 34
0.0866 34
0.0867 34
0.0868 34
0.0869 34
0.087 34
0.0871 35
0.0872 36
0.0873 34
0.0874 34
0.0875 33
0.0876 34
0.0877 34
0.0878 34
0.0879 35
0.088 35
0.0881 35
0.0882 34
0.0883 34
0.0884 33
0.0885 33
0.0886 32
0.0887 30
0.0888 30
0.0889 29
0.089 29
0.0891 29
0.0892 28
0.0893 28
0.0894 29
0.0895 29
0.0896 29
0.0897 29
0.0898 29
0.0899 29
0.09 29
0.0901 31
0.0902 31
0.0903 32
0.0904 31
0.0905 32
0.0906 32
0.0907 32
0.0908 32
0.0909 33
0.091 33
0.0911 32
0.0912 32
0.0913 32
0.0914 32
0.0915 32
0.0916 32
0.0917 34
0.0918 34
0.0919 34
0.092 35
0.0921 35
0.0922 34
0.0923 33
0.0924 33
0.0925 31
0.0926 31
0.0927 31
0.0928 32
0.0929 32
0.093 31
0.0931 31
0.0932 31
0.0933 31
0.0934 32
0.0935 32
0.0936 35
0.0937 35
0.0938 35
0.0939 36
0.094 36
0.0941 35
0.0942 35
0.0943 36
0.0944 36
0.0945 36
0.0946 36
0.0947 36
0.0948 35
0.0949 35
0.095 35
0.0951 35
0.0952 35
0.0953 35
0.0954 35
0.0955 35
0.0956 34
0.0957 34
0.0958 34
0.0959 34
0.096 33
0.0961 34
0.0962 36
0.0963 35
0.0964 35
0.0965 34
0.0966 35
0.0967 36
0.0968 35
0.0969 34
0.097 34
0.0971 33
0.0972 34
0.0973 34
0.0974 34
0.0975 35
0.0976 35
0.0977 35
0.0978 35
0.0979 36
0.098 37
0.0981 37
0.0982 39
0.0983 38
0.0984 36
0.0985 36
0.0986 36
0.0987 35
0.0988 36
0.0989 36
0.099 36
0.0991 35
0.0992 35
0.0993 35
0.0994 35
0.0995 35
0.0996 35
0.0997 36
0.0998 36
0.0999 35
0.1 35
