0.0000 0.000000
0.0001 0.000000
0.0002 0.000000
0.0003 0.000000
0.0004 0.000000
0.0005 0.000000
0.0006 0.000000
0.0007 0.000000
0.0008 0.000000
0.0009 0.000000
0.0010 0.000000
0.0011 0.000000
0.0012 0.082973
0.0013 0.242346
0.0014 0.741799
0.0015 0.275246
0.0016 0.930892
0.0017 0.598275
0.0018 0.265244
0.0019 0.932280
0.0020 0.634699
0.0021 0.434736
0.0022 2.234368
0.0023 1.033739
0.0024 0.933770
0.0025 0.868919
0.0026 0.804282
0.0027 0.739750
0.0028 0.749610
0.0029 0.939842
0.0030 0.215425
0.0031 0.553057
0.0032 0.890540
0.0033 0.110430
0.0034 0.561667
0.0035 1.032288
0.0036 0.503842
0.0037 0.980616
0.0038 0.635846
0.0039 1.374280
0.0040 0.113927
0.0041 0.978090
0.0042 0.115255
0.0043 0.420766
0.0044 1.010351
0.0045 0.687756
0.0046 1.364934
0.0047 1.168296
0.0048 1.040454
0.0049 0.893041
0.0050 0.810868
0.0051 0.792053
0.0052 0.707054
0.0053 0.735312
0.0054 0.833223
0.0055 0.051298
0.0056 0.413924
0.0057 1.049038
0.0058 0.798812
0.0059 1.627501
0.0060 0.587908
0.0061 0.605900
0.0062 0.622379
0.0063 0.701450
0.0064 0.722827
0.0065 0.085634
0.0066 1.065216
0.0067 1.109811
0.0068 0.201741
0.0069 0.727213
0.0070 -0.804496
0.0071 0.758323
0.0072 0.430810
0.0073 0.156571
0.0074 0.051718
0.0075 1.252746
0.0076 1.754005
0.0077 0.414488
0.0078 2.208947
0.0079 1.173006
0.0080 1.393075
0.0081 0.761609
0.0082 1.014558
0.0083 0.379704
0.0084 1.132570
0.0085 0.928252
0.0086 1.648368
0.0087 0.503479
0.0088 0.292748
0.0089 1.085601
0.0090 1.108598
0.0091 0.181001
0.0092 2.454396
0.0093 0.978969
0.0094 0.660180
0.0095 0.145612
0.0096 1.839042
0.0097 1.428824
0.0098 0.866871
0.0099 1.096742
0.0100 1.097924
0.0101 0.998814
0.0102 1.846378
0.0103 1.716613
0.0104 -0.386749
0.0105 1.384085
0.0106 1.106653
0.0107 1.668428
0.0108 0.222727
0.0109 1.072313
0.0110 0.976424
0.0111 0.575841
0.0112 1.245423
0.0113 0.994895
0.0114 2.575256
0.0115 1.306280
0.0116 0.974506
0.0117 0.901299
0.0118 4.057125
0.0119 1.279975
0.0120 0.357776
0.0121 2.393348
0.0122 3.277494
0.0123 3.042960
0.0124 2.898846
0.0125 1.624846
0.0126 1.454961
0.0127 1.370244
0.0128 0.310834
0.0129 2.115464
0.0130 1.868780
0.0131 0.851022
0.0132 3.016976
0.0133 0.953620
0.0134 0.954393
0.0135 1.920244
0.0136 4.540847
0.0137 2.104525
0.0138 2.581129
0.0139 4.079970
0.0140 2.577607
0.0141 1.025184
0.0142 -0.615125
0.0143 2.750587
0.0144 0.168100
0.0145 1.870229
0.0146 1.079520
0.0147 2.819344
0.0148 1.678686
0.0149 -0.241705
0.0150 1.729856
0.0151 0.759399
0.0152 1.879758
0.0153 1.900486
0.0154 0.979486
0.0155 2.996956
0.0156 2.973201
0.0157 0.958074
0.0158 1.763017
0.0159 2.770040
0.0160 0.975456
0.0161 5.190974
0.0162 2.125039
0.0163 2.938820
0.0164 4.906265
0.0165 2.887074
0.0166 1.900387
0.0167 2.924850
0.0168 1.182615
0.0169 5.750043
0.0170 2.488961
0.0171 3.243930
0.0172 4.172526
0.0173 3.101165
0.0174 2.138236
0.0175 2.115072
0.0176 4.045572
0.0177 3.040417
0.0178 3.878233
0.0179 0.900626
0.0180 3.859940
0.0181 2.631353
0.0182 4.438136
0.0183 1.287706
0.0184 4.183275
0.0185 1.769813
0.0186 1.376539
0.0187 2.970603
0.0188 6.473177
0.0189 2.075335
0.0190 0.714839
0.0191 7.132243
0.0192 4.497751
0.0193 5.037103
0.0194 5.805775
0.0195 3.844026
0.0196 5.911738
0.0197 5.924922
0.0198 5.060309
0.0199 4.206193
0.0200 2.458766
0.0201 4.895960
0.0202 1.422391
0.0203 2.933945
0.0204 3.308546
0.0205 5.794686
0.0206 3.568060
0.0207 0.407884
0.0208 3.294389
0.0209 2.321654
0.0210 2.466813
0.0211 1.881226
0.0212 3.527458
0.0213 2.257561
0.0214 5.970426
0.0215 5.609797
0.0216 7.380399
0.0217 8.351749
0.0218 6.701203
0.0219 4.229635
0.0220 10.687302
0.0221 7.003570
0.0222 8.086964
0.0223 2.963647
0.0224 5.726161
0.0225 8.272298
0.0226 6.765417
0.0227 4.376638
0.0228 6.903834
0.0229 5.140993
0.0230 5.377286
0.0231 9.731496
0.0232 2.067011
0.0233 3.082132
0.0234 1.948839
0.0235 12.762057
0.0236 3.559155
0.0237 9.187101
0.0238 11.865465
0.0239 7.610221
0.0240 4.547648
0.0241 13.565446
0.0242 8.789471
0.0243 9.885213
0.0244 13.005163
0.0245 10.224783
0.0246 8.649348
0.0247 9.120070
0.0248 16.584039
0.0249 15.147904
0.0250 15.811266
0.0251 10.490390
0.0252 9.956388
0.0253 14.273122
0.0254 10.458604
0.0255 23.549335
0.0256 16.830323
0.0257 21.087555
0.0258 33.261234
0.0259 30.291634
0.0260 36.191077
0.0261 36.004043
0.0262 37.793939
0.0263 51.156293
0.0264 66.339138
0.0265 81.291290
0.0266 93.154032
0.0267 106.929700
0.0268 108.678026
0.0269 110.412588
0.0270 115.146645
0.0271 131.672592
0.0272 147.200371
0.0273 158.346275
0.0274 168.139923
0.0275 174.545113
0.0276 194.916533
0.0277 223.021319
0.0278 246.873821
0.0279 287.198978
0.0280 325.277408
0.0281 359.032541
0.0282 403.356714
0.0283 432.411561
0.0284 463.296592
0.0285 491.043868
0.0286 524.350823
0.0287 561.343731
0.0288 587.059819
0.0289 624.566077
0.0290 657.706984
0.0291 706.538385
0.0292 740.783498
0.0293 779.676132
0.0294 811.172844
0.0295 845.301046
0.0296 875.053006
0.0297 894.468226
0.0298 913.739703
0.0299 930.809924
0.0300 958.651261
0.0301 979.355116
0.0302 999.953557
0.0303 1022.428142
0.0304 1042.802707
0.0305 1052.938116
0.0306 1072.021739
0.0307 1107.911168
0.0308 1114.600943
0.0309 1095.155862
0.0310 1076.696615
0.0311 1072.266906
0.0312 1074.752426
0.0313 1074.170962
0.0314 1075.491584
0.0315 1086.658447
0.0316 1098.704717
0.0317 1102.518818
0.0318 1108.293013
0.0319 1113.030485
0.0320 1130.688093
0.0321 1151.250444
0.0322 1168.717867
0.0323 1183.105479
0.0324 1192.428798
0.0325 1190.741655
0.0326 1211.996355
0.0327 1230.044841
0.0328 1242.894674
0.0329 1252.556981
0.0330 1262.084093
0.0331 1285.546341
0.0332 1298.486658
0.0333 1321.000518
0.0334 1330.333028
0.0335 1338.520811
0.0336 1351.536188
0.0337 1358.416417
0.0338 1367.061291
0.0339 1377.650166
0.0340 1388.154270
0.0341 1392.500797
0.0342 1403.710683
0.0343 1403.735394
0.0344 1408.738458
0.0345 1410.719782
0.0346 1412.553924
0.0347 1410.390495
0.0348 1410.239300
0.0349 1423.072120
0.0350 1424.775489
0.0351 1422.317281
0.0352 1427.828326
0.0353 1424.329567
0.0354 1429.775593
0.0355 1429.116371
0.0356 1434.449625
0.0357 1440.663013
0.0358 1442.815740
0.0359 1441.901153
0.0360 1444.912772
0.0361 1434.833049
0.0362 1430.768722
0.0363 1431.706977
0.0364 1429.646562
0.0365 1433.577392
0.0366 1435.498464
0.0367 1437.403083
0.0368 1437.309548
0.0369 1432.238354
0.0370 1440.137635
0.0371 1445.002600
0.0372 1447.838184
0.0373 1456.662423
0.0374 1450.357352
0.0375 1450.063716
0.0376 1443.774377
0.0377 1443.493690
0.0378 1442.098588
0.0379 1440.650250
0.0380 1440.133954
0.0381 1432.639791
0.0382 1432.160239
0.0383 1436.689655
0.0384 1433.207192
0.0385 1435.716286
0.0386 1436.218009
0.0387 1431.726200
0.0388 1432.256105
0.0389 1427.803696
0.0390 1427.358373
0.0391 1421.830550
0.0392 1424.270767
0.0393 1425.707623
0.0394 1419.149463
0.0395 1420.604590
0.0396 1414.084278
0.0397 1403.614676
0.0398 1397.174143
0.0399 1384.790212
0.0400 1375.464453
0.0401 1370.182425
0.0402 1364.920380
0.0403 1365.674510
0.0404 1362.435664
0.0405 1361.211323
0.0406 1357.991476
0.0407 1354.781788
0.0408 1348.605858
0.0409 1339.470763
0.0410 1342.354912
0.0411 1342.224848
0.0412 1340.100089
0.0413 1339.002501
0.0414 1339.837207
0.0415 1337.603314
0.0416 1338.368478
0.0417 1334.142094
0.0418 1327.944338
0.0419 1327.756102
0.0420 1324.587599
0.0421 1322.425364
0.0422 1318.292212
0.0423 1310.180183
0.0424 1300.122764
0.0425 1307.068260
0.0426 1305.009316
0.0427 1302.920374
0.0428 1300.696193
0.0429 1301.390856
0.0430 1303.075247
0.0431 1300.753956
0.0432 1288.471386
0.0433 1281.119805
0.0434 1277.798599
0.0435 1275.502667
0.0436 1265.232932
0.0437 1259.924350
0.0438 1249.598452
0.0439 1248.298028
0.0440 1238.030285
0.0441 1223.835655
0.0442 1216.699849
0.0443 1205.603527
0.0444 1198.565711
0.0445 1193.560099
0.0446 1188.568609
0.0447 1182.614506
0.0448 1171.701268
0.0449 1159.847532
0.0450 1149.067624
0.0451 1144.322464
0.0452 1136.611229
0.0453 1131.943641
0.0454 1125.298131
0.0455 1118.687462
0.0456 1116.103199
0.0457 1108.539536
0.0458 1099.018656
0.0459 1096.534367
0.0460 1089.073500
0.0461 1082.510710
0.0462 1075.996235
0.0463 1068.508064
0.0464 1067.047384
0.0465 1052.624276
0.0466 1051.251851
0.0467 1046.902174
0.0468 1038.578173
0.0469 1031.249454
0.0470 1031.849779
0.0471 1025.459845
0.0472 1029.086253
0.0473 1023.717491
0.0474 1015.377429
0.0475 1013.069376
0.0476 1003.797291
0.0477 997.565987
0.0478 994.356719
0.0479 988.180980
0.0480 981.032571
0.0481 977.924814
0.0482 974.826538
0.0483 978.720294
0.0484 979.593531
0.0485 975.487433
0.0486 971.398395
0.0487 972.323136
0.0488 955.272897
0.0489 930.341291
0.0490 907.554670
0.0491 888.878202
0.0492 871.293063
0.0493 860.792946
0.0494 853.328362
0.0495 851.894384
0.0496 850.465956
0.0497 851.039917
0.0498 843.622752
0.0499 846.229289
0.0500 847.814104
0.0501 838.434838
0.0502 840.079587
0.0503 832.726112
0.0504 831.395588
0.0505 828.083360
0.0506 824.792155
0.0507 822.503102
0.0508 816.250217
0.0509 816.019404
0.0510 815.780673
0.0511 809.557945
0.0512 803.365310
0.0513 804.188768
0.0514 807.997954
0.0515 808.790355
0.0516 808.590798
0.0517 810.389925
0.0518 811.174237
0.0519 812.960026
0.0520 810.741086
0.0521 819.508901
0.0522 818.254055
0.0523 817.006454
0.0524 814.763011
0.0525 811.547401
0.0526 809.338906
0.0527 802.152871
0.0528 795.008707
0.0529 787.904650
0.0530 788.815790
0.0531 790.710767
0.0532 793.598788
0.0533 794.480094
0.0534 798.338441
0.0535 795.200696
0.0536 790.082886
0.0537 789.977537
0.0538 785.891585
0.0539 779.839304
0.0540 776.805611
0.0541 771.799567
0.0542 765.804280
0.0543 752.870452
0.0544 751.972087
0.0545 750.083829
0.0546 744.211022
0.0547 742.354296
0.0548 744.513208
0.0549 739.668939
0.0550 732.849969
0.0551 721.078814
0.0552 715.365346
0.0553 707.681587
0.0554 705.020911
0.0555 696.396002
0.0556 696.798451
0.0557 693.213540
0.0558 687.644325
0.0559 686.097297
0.0560 682.555255
0.0561 680.040892
0.0562 669.559487
0.0563 671.100576
0.0564 669.633299
0.0565 664.191873
0.0566 657.780268
0.0567 655.397699
0.0568 652.032655
0.0569 652.673782
0.0570 648.318416
0.0571 641.988245
0.0572 647.666118
0.0573 648.326394
0.0574 649.855575
0.0575 648.370541
0.0576 643.909527
0.0577 638.465466
0.0578 632.063847
0.0579 631.673288
0.0580 626.296276
0.0581 625.931425
0.0582 616.604667
0.0583 608.310001
0.0584 604.064500
0.0585 608.811788
0.0586 610.543290
0.0587 600.302938
0.0588 587.124232
0.0589 582.971465
0.0590 569.871040
0.0591 567.821967
0.0592 562.788756
0.0593 550.808286
0.0594 544.874620
0.0595 543.952646
0.0596 551.020315
0.0597 550.071510
0.0598 548.132255
0.0599 550.193113
0.0600 545.252008
0.0601 540.345050
0.0602 533.467252
0.0603 527.610112
0.0604 520.796707
0.0605 523.997975
0.0606 524.180844
0.0607 519.378761
0.0608 518.602140
0.0609 520.814632
0.0610 513.043881
0.0611 509.303549
0.0612 507.575778
0.0613 505.853132
0.0614 510.130991
0.0615 508.396876
0.0616 516.647436
0.0617 514.877933
0.0618 516.109120
0.0619 522.323309
0.0620 523.516204
0.0621 520.720400
0.0622 518.933612
0.0623 521.147277
0.0624 523.341245
0.0625 520.545976
0.0626 516.761826
0.0627 516.989480
0.0628 509.238112
0.0629 505.506904
0.0630 500.812115
0.0631 494.149183
0.0632 489.512999
0.0633 478.920289
0.0634 477.357297
0.0635 473.804430
0.0636 467.291082
0.0637 469.776603
0.0638 464.266906
0.0639 460.786131
0.0640 459.321583
0.0641 452.919575
0.0642 444.655193
0.0643 442.414590
0.0644 441.182571
0.0645 444.939351
0.0646 448.677347
0.0647 449.406900
0.0648 448.132138
0.0649 451.848279
0.0650 451.554173
0.0651 454.253323
0.0652 454.943683
0.0653 453.640519
0.0654 451.342852
0.0655 449.054105
0.0656 450.768820
0.0657 450.489068
0.0658 442.228350
0.0659 445.984632
0.0660 446.721268
0.0661 446.455465
0.0662 449.189517
0.0663 448.923961
0.0664 448.650486
0.0665 444.388225
0.0666 438.152927
0.0667 441.921701
0.0668 436.700056
0.0669 434.497288
0.0670 426.324708
0.0671 422.181811
0.0672 413.089686
0.0673 409.021259
0.0674 400.982482
0.0675 397.965050
0.0676 394.965513
0.0677 382.998833
0.0678 379.086930
0.0679 371.204703
0.0680 363.368740
0.0681 360.567455
0.0682 351.798012
0.0683 350.046696
0.0684 337.330575
0.0685 333.658502
0.0686 324.013174
0.0687 311.452326
0.0688 303.931921
0.0689 306.436996
0.0690 303.928583
0.0691 300.441260
0.0692 297.972897
0.0693 299.503795
0.0694 300.029801
0.0695 304.535496
0.0696 308.030015
0.0697 309.501218
0.0698 307.979462
0.0699 310.456370
0.0700 311.917651
0.0701 321.348885
0.0702 315.769636
0.0703 311.220859
0.0704 313.689260
0.0705 319.125151
0.0706 313.557399
0.0707 313.009036
0.0708 313.403826
0.0709 301.758554
0.0710 280.193812
0.0711 260.741767
0.0712 232.420205
0.0713 203.247295
0.0714 165.254714
0.0715 138.431250
0.0716 89.823955
0.0717 63.405226
0.0718 44.125891
0.0719 39.027774
0.0720 33.965303
0.0721 35.897748
0.0722 12.904457
0.0723 7.983549
0.0724 2.081595
0.0725 9.328821
0.0726 5.542549
0.0727 3.782681
0.0728 9.125221
0.0729 3.487893
0.0730 4.873521
0.0731 0.248389
0.0732 4.635766
0.0733 3.212499
0.0734 2.898602
0.0735 2.844362
0.0736 3.126790
0.0737 3.588078
0.0738 2.331206
0.0739 2.204556
0.0740 1.250106
0.0741 0.383228
0.0742 3.800761
0.0743 4.330728
0.0744 1.957577
0.0745 1.727012
0.0746 2.770800
0.0747 1.844836
0.0748 2.873074
0.0749 0.940155
0.0750 1.195025
0.0751 0.712646
0.0752 0.247756
0.0753 0.955066
0.0754 1.695446
0.0755 3.796501
0.0756 3.208012
0.0757 0.595527
0.0758 4.954745
0.0759 1.635381
0.0760 0.469524
0.0761 1.573276
0.0762 1.970519
0.0763 1.536993
0.0764 3.289626
0.0765 0.990212
0.0766 1.530880
0.0767 2.149624
0.0768 1.765163
0.0769 1.433080
0.0770 2.230638
0.0771 0.906728
0.0772 2.629724
0.0773 1.381227
0.0774 2.257235
0.0775 2.148711
0.0776 2.401762
0.0777 3.980883
0.0778 1.579433
0.0779 2.996027
0.0780 3.398941
0.0781 0.822275
0.0782 3.281143
0.0783 3.610698
0.0784 1.896265
0.0785 3.185193
0.0786 3.377674
0.0787 2.592333
0.0788 2.097946
0.0789 1.599474
0.0790 1.128280
0.0791 0.444462
0.0792 1.864825
0.0793 1.315403
0.0794 1.891100
0.0795 3.538894
0.0796 2.096856
0.0797 3.886246
0.0798 0.980616
0.0799 1.795583
0.0800 3.369522
0.0801 2.922559
0.0802 1.471559
0.0803 2.060561
0.0804 1.636191
0.0805 2.178819
0.0806 0.768473
0.0807 2.491811
0.0808 1.133863
0.0809 0.818500
0.0810 1.601996
0.0811 2.327707
0.0812 4.001025
0.0813 1.819897
0.0814 3.872153
0.0815 1.245735
0.0816 1.603522
0.0817 1.831059
0.0818 1.247182
0.0819 3.740932
0.0820 2.238732
0.0821 1.992488
0.0822 2.908350
0.0823 2.936539
0.0824 2.943986
0.0825 3.888392
0.0826 3.870793
0.0827 1.934790
0.0828 3.105983
0.0829 4.301746
0.0830 4.503704
0.0831 2.639743
0.0832 2.818095
0.0833 3.035421
0.0834 3.211820
0.0835 4.376277
0.0836 3.499677
0.0837 3.457274
0.0838 2.465051
0.0839 0.352709
0.0840 1.146581
0.0841 6.072106
0.0842 2.034108
0.0843 2.065887
0.0844 2.223311
0.0845 5.378638
0.0846 0.537873
0.0847 1.699380
0.0848 1.860210
0.0849 1.205049
0.0850 3.577872
0.0851 2.881629
0.0852 4.468613
0.0853 8.112710
0.0854 3.801588
0.0855 4.235546
0.0856 2.688505
0.0857 5.398190
0.0858 5.323645
0.0859 1.449435
0.0860 2.280923
0.0861 5.184681
0.0862 5.326636
0.0863 3.393601
0.0864 2.381753
0.0865 6.309032
0.0866 5.180974
0.0867 3.014014
0.0868 2.151242
0.0869 3.498035
0.0870 6.565419
0.0871 6.599294
0.0872 3.671632
0.0873 3.769147
0.0874 3.828601
0.0875 7.755998
0.0876 4.539508
0.0877 3.295441
0.0878 8.129649
0.0879 7.265127
0.0880 3.434580
0.0881 2.505602
0.0882 6.850517
0.0883 1.217753
0.0884 4.574952
0.0885 4.856194
0.0886 7.313422
0.0887 8.575072
0.0888 5.815967
0.0889 5.011957
0.0890 7.058331
0.0891 7.719547
0.0892 10.089698
0.0893 6.662158
0.0894 6.325925
0.0895 10.802987
0.0896 15.315573
0.0897 16.827387
0.0898 12.676375
0.0899 19.323053
0.0900 14.686726
0.0901 22.788968
0.0902 27.004769
0.0903 31.281642
0.0904 28.440011
0.0905 37.589886
0.0906 39.690068
0.0907 38.652775
0.0908 44.623554
0.0909 68.493787
0.0910 70.318600
0.0911 92.920208
0.0912 124.229302
0.0913 146.428349
0.0914 179.380073
0.0915 204.115645
0.0916 215.744718
0.0917 249.293308
0.0918 247.594860
0.0919 246.919550
0.0920 244.099804
0.0921 260.926264
0.0922 258.408007
0.0923 262.860511
0.0924 280.111219
0.0925 305.121667
0.0926 320.937692
0.0927 350.421713
0.0928 365.714917
0.0929 374.894829
0.0930 385.006553
0.0931 406.799456
0.0932 436.437699
0.0933 476.884451
0.0934 500.127278
0.0935 521.104502
0.0936 559.678338
0.0937 580.850639
0.0938 613.864242
0.0939 631.652425
0.0940 660.207855
0.0941 678.418681
0.0942 706.382778
0.0943 743.198673
0.0944 774.808524
0.0945 794.175649
0.0946 813.301500
0.0947 833.111459
0.0948 846.757326
0.0949 866.223004
0.0950 888.520887
0.0951 913.714615
0.0952 941.761036
0.0953 971.418988
0.0954 993.859064
0.0955 1011.111172
0.0956 1029.257363
0.0957 1044.308873
0.0958 1037.219257
0.0959 1025.170077
0.0960 1011.177231
0.0961 1018.230528
0.0962 1025.041503
0.0963 1039.739236
0.0964 1061.318466
0.0965 1069.834818
0.0966 1087.245389
0.0967 1090.609179
0.0968 1090.969638
0.0969 1092.328350
0.0970 1099.611353
0.0971 1113.770320
0.0972 1118.869177
0.0973 1137.891186
0.0974 1154.819529
0.0975 1169.677485
0.0976 1171.349265
0.0977 1182.981934
0.0978 1189.565379
0.0979 1207.085080
0.0980 1211.546634
0.0981 1208.001910
0.0982 1219.189366
0.0983 1223.326239
0.0984 1218.464275
0.0985 1229.584665
0.0986 1237.646588
0.0987 1237.694771
0.0988 1242.720957
0.0989 1244.635915
0.0990 1247.501957
0.0991 1244.363599
0.0992 1237.062066
0.0993 1239.697244
0.0994 1232.125407
0.0995 1238.514693
0.0996 1238.885102
0.0997 1246.227816
0.0998 1247.553556
0.0999 1260.835151
0.1000 1268.075191
0.1001 1267.283209
0.1002 1270.495336
0.1003 1276.676018
0.1004 1275.856614
0.1005 1274.035471
0.1006 1285.192936
0.1007 1289.282702
0.1008 1284.260322
0.1009 1293.227849
0.1010 1303.124736
0.1011 1303.016883
0.1012 1300.912686
0.1013 1302.809626
0.1014 1306.688391
0.1015 1306.503982
0.1016 1296.277250
0.1017 1291.009003
0.1018 1283.719481
0.1019 1278.453721
0.1020 1285.192185
0.1021 1281.915389
0.1022 1284.642293
0.1023 1279.372752
0.1024 1275.130164
0.1025 1267.907905
0.1026 1270.714623
0.1027 1275.512479
0.1028 1276.169377
0.1029 1276.798791
0.1030 1274.435836
0.1031 1272.074072
0.1032 1280.704381
0.1033 1273.341226
0.1034 1273.990467
0.1035 1270.644459
0.1036 1263.322234
0.1037 1260.022442
0.1038 1258.736409
0.1039 1257.470282
0.1040 1253.174042
0.1041 1255.789285
0.1042 1255.396407
0.1043 1261.988068
0.1044 1260.563586
0.1045 1259.158442
0.1046 1260.748337
0.1047 1257.338570
0.1048 1248.964210
0.1049 1242.596727
0.1050 1235.167356
0.1051 1231.762599
0.1052 1226.288992
0.1053 1219.806894
0.1054 1209.361082
0.1055 1198.982857
0.1056 1196.642983
0.1057 1188.325340
0.1058 1179.048757
0.1059 1170.816190
0.1060 1166.628045
0.1061 1167.446820
0.1062 1173.237222
0.1063 1174.021517
0.1064 1170.817989
0.1065 1168.613572
0.1066 1168.426816
0.1067 1166.242004
0.1068 1153.090984
0.1069 1145.992848
0.1070 1144.918135
0.1071 1135.871800
0.1072 1129.764546
0.1073 1111.698393
0.1074 1103.696131
0.1075 1097.748446
0.1076 1089.824178
0.1077 1081.922228
0.1078 1068.114669
0.1079 1060.348736
0.1080 1060.607681
0.1081 1047.898507
0.1082 1028.268573
0.1083 1008.742244
0.1084 986.266604
0.1085 976.804060
0.1086 974.380920
0.1087 965.972363
0.1088 954.632254
0.1089 952.325411
0.1090 939.049994
0.1091 928.845746
0.1092 921.692133
0.1093 917.565092
0.1094 905.478633
0.1095 903.430985
0.1096 901.391124
0.1097 892.404279
0.1098 894.416351
0.1099 888.453268
0.1100 882.513093
0.1101 884.575811
0.1102 881.651819
0.1103 890.710471
0.1104 896.709182
0.1105 898.699871
0.1106 902.538935
0.1107 906.360333
0.1108 912.024926
0.1109 911.670713
0.1110 912.315694
0.1111 910.958829
0.1112 903.633939
0.1113 893.355752
0.1114 889.115484
0.1115 885.887834
0.1116 884.683040
0.1117 890.459579
0.1118 885.238132
0.1119 882.034880
0.1120 876.854068
0.1121 873.687410
0.1122 873.549287
0.1123 874.404355
0.1124 872.263464
0.1125 868.047029
0.1126 861.819590
0.1127 862.481491
0.1128 858.127067
0.1129 846.827686
0.1130 844.681415
0.1131 838.571624
0.1132 841.467264
0.1133 841.351019
0.1134 842.235122
0.1135 842.123421
0.1136 837.021658
0.1137 835.936636
0.1138 835.781897
0.1139 838.566919
0.1140 835.350780
0.1141 828.166438
0.1142 825.001563
0.1143 831.825568
0.1144 838.621951
0.1145 842.386622
0.1146 841.142694
0.1147 831.930203
0.1148 814.786246
0.1149 805.708126
0.1150 792.687668
0.1151 784.724991
0.1152 774.814175
0.1153 775.918896
0.1154 766.945618
0.1155 759.999572
0.1156 758.066466
0.1157 752.154725
0.1158 738.294690
0.1159 739.469895
0.1160 728.663736
0.1161 714.926296
0.1162 706.249999
0.1163 701.612704
0.1164 700.991215
0.1165 700.368693
0.1166 700.747112
0.1167 699.129665
0.1168 694.519481
0.1169 689.941329
0.1170 684.391055
0.1171 678.862155
0.1172 670.381541
0.1173 665.940466
0.1174 661.523592
0.1175 648.142051
0.1176 604.888607
0.1177 563.887059
0.1178 527.090260
0.1179 476.525307
0.1180 430.242582
0.1181 399.138204
0.1182 382.176524
0.1183 367.293139
0.1184 347.505370
0.1185 326.836613
0.1186 308.276468
0.1187 299.801049
0.1188 289.345074
0.1189 293.928710
0.1190 281.521542
0.1191 286.125352
0.1192 285.726642
0.1193 282.333313
0.1194 288.929978
0.1195 297.501881
0.1196 297.049639
0.1197 290.608681
0.1198 295.178447
0.1199 299.725192
0.1200 313.212067
0.1201 325.622781
0.1202 333.013601
0.1203 333.347544
0.1204 332.697293
0.1205 340.023213
0.1206 336.346152
0.1207 327.693491
0.1208 321.088892
0.1209 318.513907
0.1210 321.937155
0.1211 320.339459
0.1212 320.754259
0.1213 331.122019
0.1214 334.478536
0.1215 335.801174
0.1216 343.108053
0.1217 339.410431
0.1218 340.724128
0.1219 345.012932
0.1220 352.285740
0.1221 352.544032
0.1222 354.787760
0.1223 351.032334
0.1224 360.261495
0.1225 375.421754
0.1226 379.531427
0.1227 391.595005
0.1228 397.614917
0.1229 409.592535
0.1230 412.521988
0.1231 417.316605
0.1232 421.069019
0.1233 424.803390
0.1234 432.500676
0.1235 438.181923
0.1236 439.830788
0.1237 441.471773
0.1238 446.095658
0.1239 441.710505
0.1240 438.351328
0.1241 440.999498
0.1242 429.655870
0.1243 438.318177
0.1244 440.958344
0.1245 445.586695
0.1246 452.168697
0.1247 451.739368
0.1248 449.314322
0.1249 453.892796
0.1250 463.446101
0.1251 462.971234
0.1252 462.491498
0.1253 459.027656
0.1254 459.566197
0.1255 463.079842
0.1256 467.603319
0.1257 470.090059
0.1258 472.567650
0.1259 474.030737
0.1260 476.482813
0.1261 489.893430
0.1262 485.280109
0.1263 476.694896
0.1264 470.154646
0.1265 455.668614
0.1266 446.250496
0.1267 433.887045
0.1268 417.598807
0.1269 418.357454
0.1270 410.137734
0.1271 400.967683
0.1272 396.832415
0.1273 394.700763
0.1274 383.608080
0.1275 378.572351
0.1276 379.539915
0.1277 379.506307
0.1278 377.489680
0.1279 373.487567
0.1280 372.476758
0.1281 374.478698
0.1282 371.469635
0.1283 364.502652
0.1284 350.582286
0.1285 329.752119
0.1286 314.031535
0.1287 280.421425
0.1288 268.967178
0.1289 257.546858
0.1290 252.177062
0.1291 256.808870
0.1292 257.421080
0.1293 259.037234
0.1294 264.617221
0.1295 258.202238
0.1296 255.829066
0.1297 231.518178
0.1298 217.332379
0.1299 205.204015
0.1300 201.105084
0.1301 198.042533
0.1302 200.967524
0.1303 205.872966
0.1304 207.748385
0.1305 205.634002
0.1306 195.543568
0.1307 198.483479
0.1308 198.420472
0.1309 196.364021
0.1310 190.329108
0.1311 183.327626
0.1312 198.310079
0.1313 207.221994
0.1314 207.121329
0.1315 218.966825
0.1316 207.821569
0.1317 201.728518
0.1318 198.648571
0.1319 192.608614
0.1320 192.576391
0.1321 196.530107
0.1322 195.474781
0.1323 201.417819
0.1324 205.335376
0.1325 197.252802
0.1326 183.234870
0.1327 171.286595
0.1328 167.369178
0.1329 165.477369
0.1330 152.622628
0.1331 146.808211
0.1332 143.028563
0.1333 142.250441
0.1334 151.465753
0.1335 154.640657
0.1336 164.764020
0.1337 169.858306
0.1338 162.961741
0.1339 152.128221
0.1340 145.339386
0.1341 145.556712
0.1342 142.779539
0.1343 134.040776
0.1344 132.322044
0.1345 115.635894
0.1346 94.063041
0.1347 72.622032
0.1348 62.250120
0.1349 49.959035
0.1350 50.683415
0.1351 49.402488
0.1352 54.135374
0.1353 53.850406
0.1354 48.592202
0.1355 41.349178
0.1356 36.134485
0.1357 25.970224
0.1358 29.815654
0.1359 19.677853
0.1360 14.582006
0.1361 7.759546
0.1362 9.985822
0.1363 11.184500
0.1364 12.406280
0.1365 5.632284
0.1366 2.874778
0.1367 5.125270
0.1368 4.570253
0.1369 7.081251
0.1370 4.682918
0.1371 2.554316
0.1372 2.477510
0.1373 1.398838
0.1374 1.321229
0.1375 2.237546
0.1376 2.349057
0.1377 2.821679
0.1378 1.340555
0.1379 2.799579
0.1380 7.248318
0.1381 2.701614
0.1382 1.163415
0.1383 2.624185
0.1384 2.272953
0.1385 1.898876
0.1386 3.497294
0.1387 4.091152
0.1388 3.822596
0.1389 4.541121
0.1390 3.262077
0.1391 1.983101
0.1392 3.899380
0.1393 5.895209
0.1394 0.895042
0.1395 3.943410
0.1396 3.052669
0.1397 4.309834
0.1398 3.575235
0.1399 2.845500
0.1400 2.070935
0.1401 1.341452
0.1402 4.815481
0.1403 2.347597
0.1404 0.987597
0.1405 2.775636
0.1406 4.683518
0.1407 0.616151
0.1408 2.499828
0.1409 3.449833
0.1410 1.376650
0.1411 1.448783
0.1412 2.519300
0.1413 1.597642
0.1414 3.669504
0.1415 1.735667
0.1416 1.826030
0.1417 2.977867
0.1418 4.073894
0.1419 3.411449
0.1420 3.758527
0.1421 2.852418
0.1422 0.878236
0.1423 0.882191
0.1424 1.751553
0.1425 4.765940
0.1426 2.877014
0.1427 2.146369
0.1428 1.620538
0.1429 2.092011
0.1430 0.506999
0.1431 3.979236
0.1432 0.532763
0.1433 1.142219
0.1434 2.848165
0.1435 1.918193
0.1436 1.920574
0.1437 1.764262
0.1438 0.509389
0.1439 3.254027
0.1440 3.099018
0.1441 2.024089
0.1442 0.153343
0.1443 2.366267
0.1444 0.667133
0.1445 2.112992
0.1446 2.284856
0.1447 2.484662
0.1448 2.756590
0.1449 0.197114
0.1450 2.715027
0.1451 3.120633
0.1452 2.578056
0.1453 4.122678
0.1454 2.629350
0.1455 6.352856
0.1456 3.029205
0.1457 0.706719
0.1458 3.319907
0.1459 4.741409
0.1460 4.298153
0.1461 2.887779
0.1462 1.567601
0.1463 3.330917
0.1464 0.299825
0.1465 2.379365
0.1466 3.543833
0.1467 3.880864
0.1468 3.427424
0.1469 3.011563
0.1470 2.663752
0.1471 2.238971
0.1472 3.249176
0.1473 3.619880
0.1474 5.176044
0.1475 2.843134
0.1476 0.535347
0.1477 4.144709
0.1478 1.698972
0.1479 1.965508
0.1480 3.233431
0.1481 0.598185
0.1482 1.020396
0.1483 6.441304
0.1484 4.836799
0.1485 6.304044
0.1486 2.962728
0.1487 3.744287
0.1488 1.585799
0.1489 4.658598
0.1490 6.214602
0.1491 2.768443
0.1492 1.230832
0.1493 0.622900
0.1494 3.135107
0.1495 1.820960
0.1496 3.922387
0.1497 4.479426
0.1498 4.976586
0.1499 2.498995
0.1500 3.061226
0.1501 6.696640
0.1502 5.289250
0.1503 5.730263
0.1504 2.236917
0.1505 2.987164
0.1506 6.996302
0.1507 6.016363
0.1508 5.646373
0.1509 2.378525
0.1510 4.211472
0.1511 7.015610
0.1512 3.814395
0.1513 3.753279
0.1514 4.489096
0.1515 3.428253
0.1516 0.438660
0.1517 1.654884
0.1518 1.154186
0.1519 5.335987
0.1520 2.425374
0.1521 1.434719
0.1522 0.467142
0.1523 3.763149
0.1524 4.122721
0.1525 5.518359
0.1526 3.899162
0.1527 3.312902
0.1528 2.758910
0.1529 3.206403
0.1530 6.696970
0.1531 2.514165
0.1532 4.226610
0.1533 4.885639
0.1534 4.649501
0.1535 5.468666
0.1536 5.304807
0.1537 3.331385
0.1538 3.465841
0.1539 4.698348
0.1540 6.159773
0.1541 3.858362
0.1542 11.483137
0.1543 7.046295
0.1544 6.568028
0.1545 7.230810
0.1546 6.930606
0.1547 9.208765
0.1548 1.150014
0.1549 5.061752
0.1550 6.940799
0.1551 9.017158
0.1552 16.016266
0.1553 10.883842
0.1554 14.744631
0.1555 8.604102
0.1556 10.460272
0.1557 10.217921
0.1558 13.937873
0.1559 19.606531
0.1560 9.218155
0.1561 14.914319
0.1562 17.609949
0.1563 20.135829
0.1564 14.383087
0.1565 23.541100
0.1566 17.631289
0.1567 17.644625
0.1568 21.548235
0.1569 14.804753
0.1570 27.077492
0.1571 28.190988
0.1572 25.237762
0.1573 26.203453
0.1574 39.130956
0.1575 41.793770
0.1576 45.404284
0.1577 50.735064
0.1578 61.931554
0.1579 65.996317
0.1580 60.968230
0.1581 72.908047
0.1582 63.848838
0.1583 69.802491
0.1584 79.747060
0.1585 98.693030
0.1586 93.600614
0.1587 82.575202
0.1588 87.424937
0.1589 80.214733
0.1590 81.874487
0.1591 73.512001
0.1592 77.029087
0.1593 77.414284
0.1594 105.517726
0.1595 121.399945
0.1596 163.943570
0.1597 197.241886
0.1598 235.191435
0.1599 275.658649
0.1600 305.839426
0.1601 337.710073
0.1602 359.308968
0.1603 380.567394
0.1604 432.413450
0.1605 474.922492
0.1606 505.165835
0.1607 540.114168
0.1608 575.885855
0.1609 605.493657
0.1610 646.884206
0.1611 684.933907
0.1612 720.783526
0.1613 748.365604
0.1614 773.783606
0.1615 798.970043
0.1616 831.968274
0.1617 856.795998
0.1618 881.484739
0.1619 895.893522
0.1620 911.055896
0.1621 933.995805
0.1622 956.707036
0.1623 974.080570
0.1624 991.376125
0.1625 1003.525362
0.1626 1022.512902
0.1627 1032.412961
0.1628 1049.249240
0.1629 1069.985136
0.1630 1091.602206
0.1631 1110.104646
0.1632 1126.322523
0.1633 1152.175150
0.1634 1171.761082
0.1635 1192.169326
0.1636 1210.450324
0.1637 1230.418707
0.1638 1251.247531
0.1639 1270.977496
0.1640 1287.618799
0.1641 1302.097979
0.1642 1332.369864
0.1643 1339.559978
0.1644 1351.691245
0.1645 1356.714876
0.1646 1359.637803
0.1647 1352.584741
0.1648 1357.529375
0.1649 1354.466284
0.1650 1362.403658
0.1651 1364.324529
0.1652 1374.183637
0.1653 1373.041580
0.1654 1370.901035
0.1655 1380.653814
0.1656 1386.276303
0.1657 1385.730582
0.1658 1392.092449
0.1659 1395.369249
0.1660 1395.572658
0.1661 1407.683556
0.1662 1412.663613
0.1663 1417.638370
0.1664 1414.486403
0.1665 1419.136076
0.1666 1431.641492
0.1667 1443.083139
0.1668 1446.481437
0.1669 1437.906557
0.1670 1427.367084
0.1671 1424.766562
0.1672 1423.150412
0.1673 1420.486517
0.1674 1413.749943
0.1675 1405.068187
0.1676 1406.399227
0.1677 1401.754641
0.1678 1397.137971
0.1679 1393.534402
0.1680 1389.957780
0.1681 1389.375092
0.1682 1379.818537
0.1683 1382.291449
0.1684 1377.759103
0.1685 1372.261372
0.1686 1375.774243
0.1687 1375.288257
0.1688 1373.799741
0.1689 1371.313850
0.1690 1374.745896
0.1691 1372.118968
0.1692 1376.493322
0.1693 1373.859886
0.1694 1370.241361
0.1695 1353.636829
0.1696 1345.020530
0.1697 1341.430776
0.1698 1332.865227
0.1699 1327.347907
0.1700 1331.833916
0.1701 1332.300657
0.1702 1321.801367
0.1703 1319.340570
0.1704 1324.857743
0.1705 1315.385790
0.1706 1319.928505
0.1707 1305.365449
0.1708 1296.869590
0.1709 1281.443663
0.1710 1277.058579
0.1711 1276.691290
0.1712 1277.310449
0.1713 1269.964239
0.1714 1262.646849
0.1715 1253.382290
0.1716 1248.134111
0.1717 1223.981906
0.1718 1175.988041
0.1719 1126.313956
0.1720 1100.817930
0.1721 1072.474407
0.1722 1064.226569
0.1723 1052.007682
0.1724 1051.845120
0.1725 1050.687803
0.1726 1038.563945
0.1727 1039.462008
0.1728 1038.362610
0.1729 1035.281246
0.1730 1042.178322
0.1731 1038.993123
0.1732 1046.753882
0.1733 1043.492490
0.1734 1045.243553
0.1735 1046.966090
0.1736 1035.721492
0.1737 1028.552910
0.1738 1024.336732
0.1739 1033.956632
0.1740 1033.476080
0.1741 1023.035867
0.1742 990.672834
0.1743 974.328962
0.1744 950.103561
0.1745 937.982947
0.1746 931.913360
0.1747 910.833715
0.1748 905.788449
0.1749 905.718336
0.1750 904.677589
0.1751 907.620930
0.1752 916.534148
0.1753 921.419763
0.1754 920.287270
0.1755 928.142355
0.1756 934.952579
0.1757 947.700942
0.1758 959.396882
0.1759 958.058946
0.1760 962.719212
0.1761 961.366268
0.1762 960.022613
0.1763 960.675950
0.1764 966.310438
0.1765 959.956424
0.1766 956.629193
0.1767 957.301536
0.1768 958.987743
0.1769 956.645741
0.1770 956.316424
0.1771 959.997888
0.1772 964.587258
0.1773 965.075840
0.1774 968.564961
0.1775 970.043333
0.1776 968.513272
0.1777 974.985823
0.1778 980.411853
0.1779 983.794988
0.1780 983.048742
0.1781 985.309741
0.1782 974.593175
0.1783 968.927115
0.1784 958.303241
0.1785 945.734702
0.1786 939.213788
0.1787 931.734877
0.1788 930.285641
0.1789 927.828766
0.1790 925.402608
0.1791 929.963070
0.1792 927.522771
0.1793 931.078234
0.1794 942.594596
0.1795 943.066908
0.1796 943.505520
0.1797 942.854565
0.1798 943.203775
0.1799 942.559430
0.1800 947.900718
0.1801 946.227274
0.1802 949.542902
0.1803 942.863355
0.1804 938.219720
0.1805 933.607168
0.1806 935.008286
0.1807 939.385222
0.1808 936.762514
0.1809 933.153101
0.1810 928.570110
0.1811 930.980755
0.1812 921.413451
0.1813 920.873905
0.1814 927.240504
0.1815 925.539127
0.1816 920.855032
0.1817 918.194725
0.1818 909.560589
0.1819 896.990140
0.1820 889.336002
0.1821 877.734666
0.1822 864.194660
0.1823 858.711234
0.1824 861.234552
0.1825 865.743435
0.1826 863.242095
0.1827 865.747119
0.1828 871.224325
0.1829 874.682135
0.1830 875.119913
0.1831 870.573334
0.1832 871.034641
0.1833 870.495533
0.1834 877.946164
0.1835 885.350529
0.1836 889.720126
0.1837 891.081841
0.1838 895.420838
0.1839 894.754694
0.1840 899.072847
0.1841 899.385753
0.1842 897.699477
0.1843 892.034000
0.1844 863.453442
0.1845 843.009534
0.1846 826.670075
0.1847 812.402585
0.1848 807.206107
0.1849 800.039204
0.1850 794.902900
0.1851 792.784239
0.1852 791.672974
0.1853 792.561452
0.1854 790.445900
0.1855 790.337841
0.1856 791.222248
0.1857 796.094617
0.1858 793.967234
0.1859 790.838688
0.1860 783.768184
0.1861 769.731904
0.1862 755.766696
0.1863 753.862651
0.1864 751.958165
0.1865 748.067098
0.1866 733.238244
0.1867 709.494001
0.1868 675.914157
0.1869 639.521654
0.1870 628.257146
0.1871 608.077730
0.1872 598.978452
0.1873 580.957615
0.1874 578.971325
0.1875 575.013846
0.1876 564.090661
0.1877 570.196876
0.1878 569.275044
0.1879 570.355811
0.1880 572.422268
0.1881 575.475799
0.1882 580.510490
0.1883 583.526973
0.1884 585.545777
0.1885 583.548931
0.1886 598.511473
0.1887 600.433431
0.1888 601.354241
0.1889 608.246950
0.1890 602.140602
0.1891 604.034228
0.1892 605.932967
0.1893 607.820724
0.1894 612.678800
0.1895 616.508204
0.1896 619.330476
0.1897 623.090514
0.1898 629.737366
0.1899 637.339840
0.1900 640.914616
0.1901 640.477658
0.1902 644.039016
0.1903 646.583874
0.1904 653.092648
0.1905 651.597339
0.1906 652.106247
0.1907 650.611985
0.1908 639.159054
0.1909 644.712169
0.1910 636.267761
0.1911 626.892604
0.1912 625.533765
0.1913 629.172845
0.1914 627.806645
0.1915 626.442702
0.1916 617.109868
0.1917 613.810435
0.1918 609.535892
0.1919 611.257106
0.1920 600.997404
0.1921 598.774859
0.1922 594.585266
0.1923 594.401330
0.1924 590.233176
0.1925 584.097910
0.1926 582.972758
0.1927 580.859001
0.1928 578.739435
0.1929 575.642360
0.1930 576.550920
0.1931 573.459902
0.1932 572.389314
0.1933 562.346673
0.1934 559.343351
0.1935 557.347062
0.1936 553.360881
0.1937 556.384611
0.1938 546.429849
0.1939 542.507696
0.1940 544.594544
0.1941 526.725929
0.1942 488.976946
0.1943 453.445535
0.1944 424.093935
0.1945 394.908078
0.1946 365.862932
0.1947 343.974050
0.1948 317.199827
0.1949 309.531922
0.1950 304.887146
0.1951 293.289149
0.1952 288.731896
0.1953 287.193502
0.1954 285.658284
0.1955 290.112277
0.1956 293.538463
0.1957 280.006532
0.1958 270.541903
0.1959 273.076258
0.1960 269.614270
0.1961 267.155660
0.1962 269.724305
0.1963 273.281904
0.1964 273.815869
0.1965 276.346996
0.1966 283.859523
0.1967 291.317678
0.1968 296.738891
0.1969 316.093458
0.1970 333.341668
0.1971 335.537679
0.1972 332.743512
0.1973 330.965859
0.1974 330.198053
0.1975 329.422358
0.1976 342.619600
0.1977 336.802882
0.1978 344.970774
0.1979 347.103695
0.1980 348.238917
0.1981 352.361654
0.1982 355.469395
0.1983 358.549507
0.1984 352.634887
0.1985 359.719185
0.1986 369.758661
0.1987 371.773430
0.1988 374.764315
0.1989 380.732439
0.1990 388.665387
0.1991 393.563881
0.1992 399.436740
0.1993 393.318703
0.1994 401.186801
0.1995 389.065595
0.1996 379.012865
0.1997 383.965015
0.1998 374.934106
0.1999 372.945276
0.2000 377.932713
0.2001 379.891730
0.2002 384.838345
0.2003 381.782677
0.2004 382.735105
0.2005 377.694752
0.2006 376.666824
0.2007 377.637599
0.2008 378.606333
0.2009 374.597504
0.2010 372.593703
0.2011 371.606935
0.2012 374.605008
0.2013 371.620844
0.2014 366.638662
0.2015 366.676960
0.2016 365.710628
0.2017 361.767640
0.2018 346.876240
0.2019 339.036076
0.2020 337.226616
0.2021 330.448154
0.2022 322.701504
0.2023 322.973026
0.2024 302.276522
0.2025 289.689834
0.2026 280.162200
0.2027 267.696908
0.2028 260.276482
0.2029 245.913089
0.2030 224.645774
0.2031 208.486295
0.2032 199.398952
0.2033 192.346162
0.2034 171.368817
0.2035 120.582552
0.2036 87.023041
0.2037 50.696269
0.2038 27.492700
0.2039 15.362208
0.2040 9.297023
0.2041 12.232375
0.2042 4.191796
0.2043 6.151267
0.2044 4.128376
0.2045 6.092148
0.2046 2.162923
0.2047 7.276834
0.2048 9.359948
0.2049 7.460324
0.2050 5.570003
0.2051 3.683746
0.2052 5.950491
0.2053 4.239101
0.2054 5.484074
0.2055 3.755561
0.2056 5.377360
0.2057 3.159623
0.2058 7.040624
0.2059 4.138400
0.2060 3.188202
0.2061 2.422882
0.2062 1.671349
0.2063 5.946580
0.2064 2.175523
0.2065 4.583895
0.2066 6.174879
0.2067 3.788725
0.2068 2.517263
0.2069 2.257757
0.2070 1.121733
0.2071 2.136973
0.2072 2.382002
0.2073 2.758533
0.2074 2.153480
0.2075 3.544480
0.2076 3.943416
0.2077 0.342357
0.2078 2.807289
0.2079 3.356889
0.2080 3.025969
0.2081 2.625844
0.2082 1.416718
0.2083 2.480888
0.2084 0.834782
0.2085 1.294911
0.2086 0.932375
0.2087 0.805821
0.2088 0.730863
0.2089 1.742257
0.2090 1.800203
0.2091 2.021750
0.2092 2.437452
0.2093 4.846357
0.2094 1.126745
0.2095 0.348987
0.2096 1.568838
0.2097 1.873959
0.2098 2.359950
0.2099 2.119995
0.2100 1.192874
0.2101 6.336687
0.2102 5.818292
0.2103 3.430631
0.2104 1.912130
0.2105 4.256764
0.2106 7.549005
0.2107 4.892381
0.2108 2.282260
0.2109 4.966653
0.2110 0.772327
0.2111 1.790214
0.2112 4.886505
0.2113 1.270853
0.2114 4.940539
0.2115 3.656384
0.2116 1.402525
0.2117 0.208601
0.2118 6.105306
0.2119 1.930245
0.2120 3.830330
0.2121 2.947499
0.2122 2.300195
0.2123 2.546575
0.2124 7.077427
0.2125 1.702176
0.2126 2.237662
0.2127 5.722075
0.2128 2.197420
0.2129 0.420283
0.2130 2.672817
0.2131 3.031835
0.2132 3.661576
0.2133 5.548731
0.2134 3.548344
0.2135 3.868591
0.2136 2.344022
0.2137 5.756091
0.2138 5.196362
0.2139 2.827072
0.2140 6.796846
0.2141 3.763469
0.2142 5.755522
0.2143 4.632942
0.2144 4.527332
0.2145 9.536804
0.2146 5.432915
0.2147 5.321043
0.2148 7.294617
0.2149 1.348269
0.2150 2.539265
0.2151 7.808262
0.2152 4.314934
0.2153 5.808294
0.2154 8.298483
0.2155 1.576053
0.2156 7.684091
0.2157 5.986451
0.2158 2.340008
0.2159 4.440098
0.2160 4.630989
0.2161 6.996362
0.2162 1.296550
0.2163 2.533167
0.2164 7.837614
0.2165 5.077628
0.2166 4.298274
0.2167 4.522790
0.2168 7.864438
0.2169 6.460860
0.2170 3.862597
0.2171 4.258371
0.2172 3.797645
0.2173 4.425072
0.2174 8.018068
0.2175 0.689081
0.2176 4.435551
0.2177 5.053145
0.2178 6.594979
0.2179 5.075996
0.2180 2.564697
0.2181 1.992034
0.2182 7.345931
0.2183 8.795903
0.2184 8.329326
0.2185 3.720641
0.2186 7.136832
0.2187 10.648845
0.2188 5.974244
0.2189 3.153220
0.2190 8.471663
0.2191 7.821617
0.2192 6.034124
0.2193 5.910575
0.2194 6.700987
0.2195 5.301989
0.2196 7.957811
0.2197 7.739835
0.2198 7.792346
0.2199 7.855959
0.2200 10.822303
0.2201 6.677416
0.2202 7.447439
0.2203 2.096433
0.2204 4.776996
0.2205 4.562886
0.2206 5.261326
0.2207 4.814884
0.2208 5.356972
0.2209 6.887707
0.2210 8.325527
0.2211 14.659936
0.2212 10.781500
0.2213 14.824260
0.2214 7.545232
0.2215 8.249224
0.2216 11.802279
0.2217 15.240009
0.2218 5.743402
0.2219 14.599943
0.2220 13.709473
0.2221 13.270478
0.2222 8.921192
0.2223 9.395341
0.2224 13.768605
0.2225 12.863530
0.2226 12.047428
0.2227 14.108109
0.2228 7.931732
0.2229 10.732504
0.2230 8.437661
0.2231 11.133650
0.2232 12.901919
0.2233 16.725167
0.2234 8.514289
0.2235 14.358255
0.2236 17.073060
0.2237 18.814864
0.2238 5.455129
0.2239 15.726887
0.2240 13.765470
0.2241 19.767611
0.2242 18.848673
0.2243 18.325318
0.2244 19.047939
0.2245 22.562616
0.2246 17.167673
0.2247 20.828394
0.2248 28.413169
0.2249 37.272567
0.2250 35.021338
0.2251 43.759622
0.2252 50.562247
0.2253 67.432686
0.2254 83.729867
0.2255 107.098085
0.2256 127.601099
0.2257 137.993912
0.2258 151.342880
0.2259 179.608644
0.2260 199.611761
0.2261 235.199290
0.2262 268.584250
0.2263 309.748998
0.2264 338.735407
0.2265 379.470865
0.2266 410.817747
0.2267 437.886332
0.2268 465.666679
0.2269 496.166907
0.2270 524.481000
0.2271 553.529465
0.2272 590.380764
0.2273 622.973058
0.2274 656.320385
0.2275 680.513467
0.2276 711.526997
0.2277 752.036987
0.2278 786.259803
0.2279 827.178842
0.2280 855.907124
0.2281 885.399617
0.2282 927.426012
0.2283 954.093886
0.2284 983.607065
0.2285 1019.936308
0.2286 1049.096160
0.2287 1071.040309
0.2288 1091.799915
0.2289 1110.223479
0.2290 1144.345597
0.2291 1159.341489
0.2292 1174.263823
0.2293 1206.033481
0.2294 1235.658975
0.2295 1249.162201
0.2296 1258.488832
0.2297 1281.714788
0.2298 1310.784077
0.2299 1334.699099
0.2300 1346.394643
0.2301 1358.046975
0.2302 1378.544431
0.2303 1400.797541
0.2304 1404.811198
0.2305 1417.725044
0.2306 1429.597989
0.2307 1441.397119
0.2308 1456.968911
0.2309 1468.348881
0.2310 1484.624291
0.2311 1496.492442
0.2312 1503.272677
0.2313 1514.996879
0.2314 1525.538420
0.2315 1533.890222
0.2316 1545.157434
0.2317 1553.180660
0.2318 1558.123418
0.2319 1571.029685
0.2320 1578.800128
0.2321 1591.462568
0.2322 1601.063477
0.2323 1600.610665
0.2324 1606.037746
0.2325 1611.427662
0.2326 1618.791168
0.2327 1614.005901
0.2328 1613.109673
0.2329 1609.091777
0.2330 1604.102266
0.2331 1597.137863
0.2332 1607.165712
0.2333 1613.148669
0.2334 1614.997814
0.2335 1612.683585
0.2336 1603.420140
0.2337 1597.193070
0.2338 1591.968517
0.2339 1588.553252
0.2340 1592.104938
0.2341 1577.569778
0.2342 1570.076746
0.2343 1562.625943
0.2344 1549.241609
0.2345 1533.931391
0.2346 1536.650256
0.2347 1533.367291
0.2348 1527.107581
0.2349 1528.853727
0.2350 1522.621475
0.2351 1530.325885
0.2352 1521.955903
0.2353 1526.602995
0.2354 1522.233763
0.2355 1518.896076
0.2356 1524.563249
0.2357 1526.200259
0.2358 1520.849359
0.2359 1513.524086
0.2360 1521.068667
0.2361 1526.578956
0.2362 1528.065850
0.2363 1520.583005
0.2364 1522.116052
0.2365 1517.644621
0.2366 1511.198116
0.2367 1503.791865
0.2368 1504.400807
0.2369 1496.042137
0.2370 1490.706257
0.2371 1484.421002
0.2372 1478.930324
0.2373 1477.418510
0.2374 1468.938056
0.2375 1463.490009
0.2376 1463.057547
0.2377 1458.632490
0.2378 1444.119730
0.2379 1440.545725
0.2380 1435.984150
0.2381 1432.432691
0.2382 1418.931804
0.2383 1421.430296
0.2384 1425.806016
0.2385 1420.106142
0.2386 1414.381678
0.2387 1416.661649
0.2388 1423.782476
0.2389 1419.904851
0.2390 1422.031745
0.2391 1414.154471
0.2392 1408.204647
0.2393 1405.261383
0.2394 1404.345031
0.2395 1395.441759
0.2396 1388.590369
0.2397 1380.766714
0.2398 1380.975392
0.2399 1353.241762
0.2400 1339.560062
0.2401 1324.904131
0.2402 1312.312721
0.2403 1299.794099
0.2404 1298.305607
0.2405 1289.841162
0.2406 1274.441896
0.2407 1238.169302
0.2408 1203.098152
0.2409 1180.178141
0.2410 1169.360265
0.2411 1168.571691
0.2412 1161.783357
0.2413 1153.926068
0.2414 1154.081439
0.2415 1150.243319
0.2416 1142.435090
0.2417 1142.648670
0.2418 1139.867544
0.2419 1134.111294
0.2420 1127.391653
0.2421 1125.705314
0.2422 1114.036034
0.2423 1115.397502
0.2424 1110.768954
0.2425 1116.115619
0.2426 1121.455988
0.2427 1115.673779
0.2428 1119.896111
0.2429 1119.107903
0.2430 1124.303078
0.2431 1122.480718
0.2432 1130.619427
0.2433 1132.618016
0.2434 1132.617686
0.2435 1135.611571
0.2436 1136.578861
0.2437 1143.531770
0.2438 1124.524466
0.2439 1112.608376
0.2440 1105.727867
0.2441 1097.892546
0.2442 1092.099485
0.2443 1090.329467
0.2444 1095.544540
0.2445 1101.733970
0.2446 1101.893604
0.2447 1107.049168
0.2448 1103.155203
0.2449 1108.165541
0.2450 1104.169854
0.2451 1100.196636
0.2452 1098.241337
0.2453 1100.283208
0.2454 1099.331159
0.2455 1098.386377
0.2456 1094.438387
0.2457 1088.520551
0.2458 1088.627231
0.2459 1088.644607
0.2460 1088.558483
0.2461 1087.401223
0.2462 1087.240363
0.2463 1089.063014
0.2464 1079.912653
0.2465 1065.821988
0.2466 1056.796390
0.2467 1043.830440
0.2468 1035.914015
0.2469 1027.041528
0.2470 1024.215385
0.2471 1018.404171
0.2472 1016.613728
0.2473 1018.810415
0.2474 1012.032550
0.2475 1010.281018
0.2476 1012.522219
0.2477 1013.755928
0.2478 1013.002215
0.2479 1015.238322
0.2480 1011.471795
0.2481 1014.715157
0.2482 1009.965634
0.2483 1002.235949
0.2484 982.567409
0.2485 952.048399
0.2486 933.665280
0.2487 916.380897
0.2488 904.160055
0.2489 903.983649
0.2490 903.818842
0.2491 904.638032
0.2492 897.484778
0.2493 898.358107
0.2494 903.188546
0.2495 908.009200
0.2496 908.818434
0.2497 908.608534
0.2498 909.402751
0.2499 910.197539
