0 0
0.0001 0
0.0002 0
0.0003 0
0.0004 0
0.0005 0
0.0006 0
0.0007 0
0.0008 0
0.0009 0
0.001 0
0.0011 0
0.0012 1
0.0013 1
0.0014 1
0.0015 1
0.0016 1
0.0017 4
0.0018 5
0.0019 6
0.002 8
0.0021 8
0.0022 9
0.0023 10
0.0024 11
0.0025 12
0.0026 13
0.0027 14
0.0028 14
0.0029 19
0.003 19
0.0031 21
0.0032 21
0.0033 22
0.0034 24
0.0035 25
0.0036 27
0.0037 27
0.0038 32
0.0039 35
0.004 40
0.0041 45
0.0042 51
0.0043 51
0.0044 57
0.0045 59
0.0046 65
0.0047 70
0.0048 72
0.0049 74
0.005 82
0.0051 86
0.0052 89
0.0053 97
0.0054 102
0.0055 102
0.0056 111
0.0057 119
0.0058 122
0.0059 124
0.006 134
0.0061 138
0.0062 141
0.0063 150
0.0064 156
0.0065 162
0.0066 172
0.0067 182
0.0068 184
0.0069 188
0.007 194
0.0071 196
0.0072 201
0.0073 206
0.0074 212
0.0075 218
0.0076 224
0.0077 232
0.0078 238
0.0079 241
0.008 246
0.0081 248
0.0082 255
0.0083 257
0.0084 264
0.0085 270
0.0086 274
0.0087 281
0.0088 288
0.0089 293
0.009 300
0.0091 308
0.0092 317
0.0093 321
0.0094 329
0.0095 336
0.0096 343
0.0097 347
0.0098 356
0.0099 362
0.01 364
0.0101 370
0.0102 374
0.0103 382
0.0104 390
0.0105 396
0.0106 405
0.0107 411
0.0108 420
0.0109 422
0.011 430
0.0111 436
0.0112 444
0.0113 453
0.0114 459
0.0115 466
0.0116 473
0.0117 481
0.0118 490
0.0119 502
0.012 512
0.0121 522
0.0122 528
0.0123 534
0.0124 542
0.0125 551
0.0126 558
0.0127 564
0.0128 568
0.0129 580
0.013 590
0.0131 602
0.0132 614
0.0133 621
0.0134 632
0.0135 648
0.0136 654
0.0137 658
0.0138 672
0.0139 677
0.014 692
0.0141 697
0.0142 710
0.0143 721
0.0144 733
0.0145 738
0.0146 744
0.0147 750
0.0148 759
0.0149 766
0.015 776
0.0151 781
0.0152 789
0.0153 795
0.0154 807
0.0155 808
0.0156 821
0.0157 831
0.0158 838
0.0159 848
0.016 859
0.0161 856
0.0162 871
0.0163 881
0.0164 897
0.0165 905
0.0166 912
0.0167 924
0.0168 932
0.0169 939
0.017 951
0.0171 964
0.0172 968
0.0173 975
0.0174 986
0.0175 994
0.0176 1002
0.0177 1007
0.0178 1007
0.0179 1015
0.018 1029
0.0181 1038
0.0182 1048
0.0183 1054
0.0184 1063
0.0185 1074
0.0186 1092
0.0187 1090
0.0188 1110
0.0189 1119
0.019 1130
0.0191 1135
0.0192 1148
0.0193 1158
0.0194 1169
0.0195 1178
0.0196 1193
0.0197 1193
0.0198 1201
0.0199 1212
0.02 1215
0.0201 1226
0.0202 1235
0.0203 1248
0.0204 1255
0.0205 1270
0.0206 1276
0.0207 1297
0.0208 1300
0.0209 1316
0.021 1324
0.0211 1338
0.0212 1345
0.0213 1351
0.0214 1356
0.0215 1367
0.0216 1368
0.0217 1379
0.0218 1384
0.0219 1390
0.022 1397
0.0221 1408
0.0222 1417
0.0223 1420
0.0224 1425
0.0225 1431
0.0226 1439
0.0227 1450
0.0228 1466
0.0229 1466
0.023 1477
0.0231 1498
0.0232 1509
0.0233 1517
0.0234 1519
0.0235 1546
0.0236 1548
0.0237 1562
0.0238 1578
0.0239 1582
0.024 1586
0.0241 1612
0.0242 1614
0.0243 1614
0.0244 1637
0.0245 1650
0.0246 1654
0.0247 1663
0.0248 1675
0.0249 1687
0.025 1696
0.0251 1713
0.0252 1709
0.0253 1721
0.0254 1732
0.0255 1740
0.0256 1757
0.0257 1761
0.0258 1769
0.0259 1774
0.026 1780
0.0261 1788
0.0262 1801
0.0263 1810
0.0264 1816
0.0265 1824
0.0266 1820
0.0267 1816
0.0268 1802
0.0269 1814
0.027 1808
0.0271 1821
0.0272 1810
0.0273 1804
0.0274 1806
0.0275 1804
0.0276 1806
0.0277 1807
0.0278 1807
0.0279 1799
0.028 1798
0.0281 1796
0.0282 1790
0.0283 1784
0.0284 1782
0.0285 1774
0.0286 1775
0.0287 1763
0.0288 1761
0.0289 1752
0.029 1729
0.0291 1715
0.0292 1717
0.0293 1702
0.0294 1694
0.0295 1685
0.0296 1677
0.0297 1667
0.0298 1675
0.0299 1663
0.03 1664
0.0301 1628
0.0302 1612
0.0303 1576
0.0304 1526
0.0305 1490
0.0306 1466
0.0307 1433
0.0308 1406
0.0309 1376
0.031 1349
0.0311 1327
0.0312 1299
0.0313 1269
0.0314 1247
0.0315 1221
0.0316 1189
0.0317 1169
0.0318 1165
0.0319 1149
0.032 1121
0.0321 1105
0.0322 1079
0.0323 1055
0.0324 1028
0.0325 1004
0.0326 999
0.0327 986
0.0328 984
0.0329 973
0.033 984
0.0331 984
0.0332 1009
0.0333 1012
0.0334 1021
0.0335 1026
0.0336 1024
0.0337 1022
0.0338 1028
0.0339 1030
0.034 1020
0.0341 1001
0.0342 980
0.0343 963
0.0344 942
0.0345 930
0.0346 919
0.0347 905
0.0348 886
0.0349 874
0.035 848
0.0351 831
0.0352 816
0.0353 800
0.0354 792
0.0355 778
0.0356 758
0.0357 740
0.0358 734
0.0359 729
0.036 724
0.0361 715
0.0362 713
0.0363 700
0.0364 696
0.0365 694
0.0366 683
0.0367 676
0.0368 665
0.0369 654
0.037 639
0.0371 621
0.0372 605
0.0373 597
0.0374 596
0.0375 589
0.0376 587
0.0377 582
0.0378 583
0.0379 572
0.038 563
0.0381 558
0.0382 548
0.0383 544
0.0384 545
0.0385 540
0.0386 537
0.0387 538
0.0388 531
0.0389 525
0.039 522
0.0391 528
0.0392 532
0.0393 520
0.0394 518
0.0395 511
0.0396 506
0.0397 504
0.0398 499
0.0399 494
0.04 497
0.0401 492
0.0402 485
0.0403 480
0.0404 475
0.0405 465
0.0406 458
0.0407 466
0.0408 461
0.0409 457
0.041 453
0.0411 450
0.0412 446
0.0413 444
0.0414 429
0.0415 421
0.0416 419
0.0417 414
0.0418 409
0.0419 404
0.042 423
0.0421 425
0.0422 417
0.0423 417
0.0424 407
0.0425 403
0.0426 395
0.0427 387
0.0428 386
0.0429 383
0.043 383
0.0431 382
0.0432 373
0.0433 373
0.0434 360
0.0435 361
0.0436 360
0.0437 360
0.0438 355
0.0439 352
0.044 342
0.0441 342
0.0442 335
0.0443 334
0.0444 321
0.0445 314
0.0446 312
0.0447 305
0.0448 300
0.0449 297
0.045 297
0.0451 293
0.0452 300
0.0453 316
0.0454 314
0.0455 321
0.0456 320
0.0457 315
0.0458 322
0.0459 313
0.046 317
0.0461 322
0.0462 332
0.0463 332
0.0464 335
0.0465 340
0.0466 342
0.0467 345
0.0468 348
0.0469 345
0.047 343
0.0471 344
0.0472 342
0.0473 346
0.0474 340
0.0475 340
0.0476 338
0.0477 337
0.0478 339
0.0479 339
0.048 344
0.0481 348
0.0482 373
0.0483 383
0.0484 394
0.0485 407
0.0486 415
0.0487 414
0.0488 418
0.0489 418
0.049 414
0.0491 414
0.0492 410
0.0493 414
0.0494 412
0.0495 430
0.0496 418
0.0497 411
0.0498 406
0.0499 400
0.05 398
0.0501 419
0.0502 426
0.0503 449
0.0504 451
0.0505 453
0.0506 457
0.0507 458
0.0508 452
0.0509 447
0.051 430
0.0511 427
0.0512 422
0.0513 411
0.0514 403
0.0515 395
0.0516 386
0.0517 382
0.0518 380
0.0519 376
0.052 371
0.0521 365
0.0522 357
0.0523 349
0.0524 338
0.0525 332
0.0526 326
0.0527 321
0.0528 321
0.0529 329
0.053 330
0.0531 322
0.0532 315
0.0533 310
0.0534 307
0.0535 302
0.0536 289
0.0537 286
0.0538 289
0.0539 294
0.054 298
0.0541 297
0.0542 291
0.0543 290
0.0544 287
0.0545 293
0.0546 297
0.0547 301
0.0548 300
0.0549 294
0.055 293
0.0551 288
0.0552 304
0.0553 335
0.0554 359
0.0555 399
0.0556 437
0.0557 481
0.0558 517
0.0559 562
0.056 586
0.0561 609
0.0562 651
0.0563 676
0.0564 723
0.0565 760
0.0566 784
0.0567 810
0.0568 823
0.0569 832
0.057 840
0.0571 835
0.0572 833
0.0573 838
0.0574 847
0.0575 852
0.0576 851
0.0577 849
0.0578 853
0.0579 849
0.058 837
0.0581 846
0.0582 853
0.0583 868
0.0584 874
0.0585 878
0.0586 893
0.0587 902
0.0588 926
0.0589 925
0.059 931
0.0591 936
0.0592 934
0.0593 924
0.0594 922
0.0595 920
0.0596 916
0.0597 916
0.0598 925
0.0599 930
0.06 934
0.0601 941
0.0602 944
0.0603 962
0.0604 959
0.0605 969
0.0606 971
0.0607 972
0.0608 985
0.0609 984
0.061 987
0.0611 991
0.0612 987
0.0613 998
0.0614 1002
0.0615 1001
0.0616 1006
0.0617 1009
0.0618 1012
0.0619 1022
0.062 1036
0.0621 1043
0.0622 1049
0.0623 1072
0.0624 1065
0.0625 1067
0.0626 1079
0.0627 1075
0.0628 1078
0.0629 1093
0.063 1095
0.0631 1104
0.0632 1122
0.0633 1126
0.0634 1129
0.0635 1138
0.0636 1138
0.0637 1148
0.0638 1155
0.0639 1159
0.064 1154
0.0641 1164
0.0642 1164
0.0643 1176
0.0644 1175
0.0645 1178
0.0646 1181
0.0647 1177
0.0648 1184
0.0649 1187
0.065 1198
0.0651 1197
0.0652 1193
0.0653 1211
0.0654 1211
0.0655 1215
0.0656 1233
0.0657 1242
0.0658 1253
0.0659 1248
0.066 1262
0.0661 1266
0.0662 1275
0.0663 1280
0.0664 1285
0.0665 1299
0.0666 1298
0.0667 1305
0.0668 1319
0.0669 1325
0.067 1320
0.0671 1335
0.0672 1327
0.0673 1338
0.0674 1333
0.0675 1346
0.0676 1350
0.0677 1350
0.0678 1354
0.0679 1358
0.068 1364
0.0681 1359
0.0682 1381
0.0683 1385
0.0684 1387
0.0685 1392
0.0686 1388
0.0687 1404
0.0688 1408
0.0689 1409
0.069 1415
0.0691 1427
0.0692 1437
0.0693 1441
0.0694 1451
0.0695 1463
0.0696 1469
0.0697 1466
0.0698 1475
0.0699 1477
0.07 1487
0.0701 1488
0.0702 1501
0.0703 1508
0.0704 1514
0.0705 1525
0.0706 1532
0.0707 1540
0.0708 1543
0.0709 1550
0.071 1562
0.0711 1580
0.0712 1559
0.0713 1568
0.0714 1589
0.0715 1602
0.0716 1606
0.0717 1607
0.0718 1597
0.0719 1605
0.072 1615
0.0721 1621
0.0722 1627
0.0723 1632
0.0724 1634
0.0725 1635
0.0726 1640
0.0727 1637
0.0728 1648
0.0729 1653
0.073 1658
0.0731 1654
0.0732 1662
0.0733 1674
0.0734 1687
0.0735 1683
0.0736 1690
0.0737 1698
0.0738 1702
0.0739 1700
0.074 1713
0.0741 1722
0.0742 1715
0.0743 1729
0.0744 1738
0.0745 1733
0.0746 1745
0.0747 1756
0.0748 1761
0.0749 1772
0.075 1767
0.0751 1784
0.0752 1787
0.0753 1794
0.0754 1800
0.0755 1803
0.0756 1801
0.0757 1811
0.0758 1818
0.0759 1822
0.076 1823
0.0761 1823
0.0762 1824
0.0763 1836
0.0764 1834
0.0765 1840
0.0766 1831
0.0767 1846
0.0768 1854
0.0769 1852
0.077 1866
0.0771 1864
0.0772 1872
0.0773 1872
0.0774 1863
0.0775 1870
0.0776 1884
0.0777 1891
0.0778 1900
0.0779 1888
0.078 1881
0.0781 1890
0.0782 1901
0.0783 1908
0.0784 1913
0.0785 1916
0.0786 1929
0.0787 1935
0.0788 1961
0.0789 1957
0.079 1964
0.0791 1968
0.0792 1987
0.0793 1987
0.0794 1991
0.0795 1995
0.0796 2002
0.0797 1997
0.0798 2004
0.0799 2014
0.08 2014
0.0801 2025
0.0802 2047
0.0803 2035
0.0804 2024
0.0805 2030
0.0806 2026
0.0807 2027
0.0808 2028
0.0809 2027
0.081 2036
0.0811 2039
0.0812 2019
0.0813 2023
0.0814 2029
0.0815 2008
0.0816 2005
0.0817 1989
0.0818 1968
0.0819 1966
0.082 1956
0.0821 1967
0.0822 1970
0.0823 1974
0.0824 1997
0.0825 2009
0.0826 2014
0.0827 2029
0.0828 2040
0.0829 2034
0.083 2023
0.0831 1999
0.0832 1974
0.0833 1945
0.0834 1901
0.0835 1852
0.0836 1825
0.0837 1776
0.0838 1729
0.0839 1685
0.084 1659
0.0841 1619
0.0842 1583
0.0843 1550
0.0844 1533
0.0845 1508
0.0846 1485
0.0847 1451
0.0848 1425
0.0849 1407
0.085 1384
0.0851 1356
0.0852 1329
0.0853 1310
0.0854 1280
0.0855 1248
0.0856 1227
0.0857 1200
0.0858 1178
0.0859 1140
0.086 1103
0.0861 1066
0.0862 1049
0.0863 1033
0.0864 1021
0.0865 1022
0.0866 1031
0.0867 1046
0.0868 1062
0.0869 1069
0.087 1057
0.0871 1055
0.0872 1050
0.0873 1046
0.0874 1039
0.0875 1036
0.0876 1029
0.0877 1024
0.0878 1008
0.0879 990
0.088 966
0.0881 952
0.0882 929
0.0883 913
0.0884 881
0.0885 863
0.0886 833
0.0887 822
0.0888 798
0.0889 782
0.089 762
0.0891 741
0.0892 724
0.0893 710
0.0894 701
0.0895 701
0.0896 697
0.0897 688
0.0898 683
0.0899 671
0.09 674
0.0901 669
0.0902 668
0.0903 659
0.0904 647
0.0905 637
0.0906 629
0.0907 602
0.0908 576
0.0909 565
0.091 554
0.0911 547
0.0912 540
0.0913 532
0.0914 520
0.0915 518
0.0916 514
0.0917 501
0.0918 497
0.0919 480
0.092 462
0.0921 446
0.0922 433
0.0923 423
0.0924 412
0.0925 405
0.0926 403
0.0927 403
0.0928 393
0.0929 385
0.093 383
0.0931 376
0.0932 375
0.0933 366
0.0934 359
0.0935 350
0.0936 346
0.0937 341
0.0938 337
0.0939 326
0.094 313
0.0941 304
0.0942 301
0.0943 297
0.0944 296
0.0945 289
0.0946 284
0.0947 282
0.0948 276
0.0949 277
0.095 269
0.0951 266
0.0952 261
0.0953 257
0.0954 255
0.0955 254
0.0956 249
0.0957 247
0.0958 245
0.0959 241
0.096 235
0.0961 242
0.0962 236
0.0963 238
0.0964 242
0.0965 241
0.0966 244
0.0967 243
0.0968 244
0.0969 249
0.097 249
0.0971 254
0.0972 253
0.0973 258
0.0974 256
0.0975 254
0.0976 260
0.0977 260
0.0978 264
0.0979 260
0.098 262
0.0981 253
0.0982 256
0.0983 257
0.0984 262
0.0985 265
0.0986 275
0.0987 269
0.0988 267
0.0989 271
0.099 266
0.0991 262
0.0992 267
0.0993 268
0.0994 268
0.0995 263
0.0996 261
0.0997 254
0.0998 264
0.0999 272
0.1 291
0.1001 312
0.1002 344
0.1003 368
0.1004 398
0.1005 428
0.1006 450
0.1007 478
0.1008 498
0.1009 495
0.101 508
0.1011 503
0.1012 499
0.1013 497
0.1014 496
0.1015 490
0.1016 481
0.1017 481
0.1018 471
0.1019 467
0.102 456
0.1021 454
0.1022 448
0.1023 441
0.1024 443
0.1025 436
0.1026 433
0.1027 434
0.1028 448
0.1029 462
0.103 481
0.1031 520
0.1032 560
0.1033 600
0.1034 625
0.1035 637
0.1036 660
0.1037 696
0.1038 715
0.1039 746
0.104 774
0.1041 806
0.1042 853
0.1043 882
0.1044 915
0.1045 932
0.1046 962
0.1047 992
0.1048 1014
0.1049 1032
0.105 1039
0.1051 1061
0.1052 1075
0.1053 1086
0.1054 1107
0.1055 1137
0.1056 1138
0.1057 1158
0.1058 1176
0.1059 1174
0.106 1182
0.1061 1185
0.1062 1193
0.1063 1206
0.1064 1198
0.1065 1201
0.1066 1196
0.1067 1194
0.1068 1197
0.1069 1191
0.107 1193
0.1071 1206
0.1072 1208
0.1073 1211
0.1074 1201
0.1075 1196
0.1076 1206
0.1077 1218
0.1078 1222
0.1079 1217
0.108 1216
0.1081 1228
0.1082 1229
0.1083 1229
0.1084 1220
0.1085 1225
0.1086 1223
0.1087 1221
0.1088 1226
0.1089 1236
0.109 1242
0.1091 1229
0.1092 1230
0.1093 1228
0.1094 1233
0.1095 1237
0.1096 1241
0.1097 1237
0.1098 1233
0.1099 1229
0.11 1233
0.1101 1232
0.1102 1229
0.1103 1224
0.1104 1215
0.1105 1217
0.1106 1220
0.1107 1230
0.1108 1242
0.1109 1245
0.111 1256
0.1111 1274
0.1112 1274
0.1113 1280
0.1114 1286
0.1115 1274
0.1116 1282
0.1117 1294
0.1118 1298
0.1119 1304
0.112 1306
0.1121 1309
0.1122 1310
0.1123 1313
0.1124 1307
0.1125 1313
0.1126 1312
0.1127 1322
0.1128 1327
0.1129 1328
0.113 1332
0.1131 1322
0.1132 1331
0.1133 1332
0.1134 1329
0.1135 1344
0.1136 1344
0.1137 1349
0.1138 1351
0.1139 1350
0.114 1344
0.1141 1359
0.1142 1355
0.1143 1365
0.1144 1365
0.1145 1369
0.1146 1360
0.1147 1360
0.1148 1355
0.1149 1353
0.115 1351
0.1151 1367
0.1152 1361
0.1153 1366
0.1154 1369
0.1155 1382
0.1156 1378
0.1157 1393
0.1158 1393
0.1159 1414
0.116 1407
0.1161 1417
0.1162 1416
0.1163 1408
0.1164 1413
0.1165 1422
0.1166 1415
0.1167 1417
0.1168 1425
0.1169 1429
0.117 1431
0.1171 1444
0.1172 1457
0.1173 1460
0.1174 1455
0.1175 1464
0.1176 1463
0.1177 1473
0.1178 1478
0.1179 1478
0.118 1484
0.1181 1482
0.1182 1493
0.1183 1490
0.1184 1498
0.1185 1498
0.1186 1501
0.1187 1503
0.1188 1501
0.1189 1508
0.119 1505
0.1191 1512
0.1192 1515
0.1193 1528
0.1194 1528
0.1195 1532
0.1196 1538
0.1197 1533
0.1198 1539
0.1199 1543
0.12 1543
0.1201 1549
0.1202 1554
0.1203 1569
0.1204 1571
0.1205 1569
0.1206 1578
0.1207 1582
0.1208 1586
0.1209 1589
0.121 1578
0.1211 1583
0.1212 1589
0.1213 1598
0.1214 1594
0.1215 1601
0.1216 1602
0.1217 1608
0.1218 1607
0.1219 1612
0.122 1610
0.1221 1613
0.1222 1606
0.1223 1621
0.1224 1616
0.1225 1629
0.1226 1628
0.1227 1617
0.1228 1622
0.1229 1622
0.123 1625
0.1231 1635
0.1232 1637
0.1233 1632
0.1234 1626
0.1235 1622
0.1236 1628
0.1237 1627
0.1238 1630
0.1239 1634
0.124 1636
0.1241 1636
0.1242 1640
0.1243 1646
0.1244 1648
0.1245 1663
0.1246 1673
0.1247 1688
0.1248 1692
0.1249 1682
0.125 1695
0.1251 1704
0.1252 1704
0.1253 1697
0.1254 1708
0.1255 1701
0.1256 1711
0.1257 1712
0.1258 1717
0.1259 1730
0.126 1734
0.1261 1735
0.1262 1732
0.1263 1741
0.1264 1742
0.1265 1738
0.1266 1739
0.1267 1727
0.1268 1733
0.1269 1741
0.127 1746
0.1271 1743
0.1272 1731
0.1273 1725
0.1274 1732
0.1275 1744
0.1276 1739
0.1277 1735
0.1278 1745
0.1279 1742
0.128 1753
0.1281 1754
0.1282 1765
0.1283 1764
0.1284 1753
0.1285 1762
0.1286 1754
0.1287 1756
0.1288 1758
0.1289 1758
0.129 1765
0.1291 1763
0.1292 1735
0.1293 1741
0.1294 1748
0.1295 1730
0.1296 1726
0.1297 1719
0.1298 1734
0.1299 1738
0.13 1751
0.1301 1747
0.1302 1753
0.1303 1756
0.1304 1768
0.1305 1769
0.1306 1783
0.1307 1783
0.1308 1797
0.1309 1824
0.131 1820
0.1311 1817
0.1312 1822
0.1313 1821
0.1314 1803
0.1315 1804
0.1316 1799
0.1317 1787
0.1318 1782
0.1319 1786
0.132 1804
0.1321 1798
0.1322 1786
0.1323 1795
0.1324 1802
0.1325 1803
0.1326 1800
0.1327 1803
0.1328 1797
0.1329 1787
0.133 1792
0.1331 1793
0.1332 1790
0.1333 1783
0.1334 1781
0.1335 1781
0.1336 1792
0.1337 1792
0.1338 1772
0.1339 1772
0.134 1761
0.1341 1754
0.1342 1738
0.1343 1752
0.1344 1757
0.1345 1749
0.1346 1752
0.1347 1755
0.1348 1760
0.1349 1759
0.135 1767
0.1351 1769
0.1352 1774
0.1353 1780
0.1354 1798
0.1355 1798
0.1356 1799
0.1357 1813
0.1358 1812
0.1359 1809
0.136 1823
0.1361 1826
0.1362 1825
0.1363 1822
0.1364 1804
0.1365 1789
0.1366 1782
0.1367 1766
0.1368 1750
0.1369 1723
0.137 1706
0.1371 1683
0.1372 1677
0.1373 1674
0.1374 1673
0.1375 1678
0.1376 1669
0.1377 1655
0.1378 1654
0.1379 1641
0.138 1651
0.1381 1664
0.1382 1659
0.1383 1655
0.1384 1630
0.1385 1623
0.1386 1609
0.1387 1585
0.1388 1555
0.1389 1513
0.139 1480
0.1391 1444
0.1392 1411
0.1393 1387
0.1394 1358
0.1395 1333
0.1396 1323
0.1397 1305
0.1398 1296
0.1399 1285
0.14 1276
0.1401 1278
0.1402 1258
0.1403 1242
0.1404 1215
0.1405 1184
0.1406 1167
0.1407 1147
0.1408 1125
0.1409 1102
0.141 1079
0.1411 1057
0.1412 1036
0.1413 1019
0.1414 992
0.1415 971
0.1416 957
0.1417 939
0.1418 923
0.1419 905
0.142 890
0.1421 876
0.1422 860
0.1423 846
0.1424 831
0.1425 819
0.1426 805
0.1427 789
0.1428 781
0.1429 764
0.143 756
0.1431 750
0.1432 731
0.1433 723
0.1434 707
0.1435 690
0.1436 675
0.1437 647
0.1438 637
0.1439 622
0.144 612
0.1441 606
0.1442 598
0.1443 589
0.1444 583
0.1445 573
0.1446 558
0.1447 544
0.1448 534
0.1449 522
0.145 512
0.1451 506
0.1452 501
0.1453 492
0.1454 484
0.1455 469
0.1456 461
0.1457 456
0.1458 442
0.1459 433
0.146 431
0.1461 434
0.1462 450
0.1463 458
0.1464 472
0.1465 491
0.1466 502
0.1467 511
0.1468 522
0.1469 533
0.147 535
0.1471 538
0.1472 543
0.1473 541
0.1474 537
0.1475 532
0.1476 525
0.1477 512
0.1478 507
0.1479 496
0.148 484
0.1481 476
0.1482 467
0.1483 462
0.1484 458
0.1485 454
0.1486 444
0.1487 435
0.1488 429
0.1489 421
0.149 409
0.1491 402
0.1492 398
0.1493 393
0.1494 390
0.1495 384
0.1496 376
0.1497 367
0.1498 369
0.1499 366
0.15 372
0.1501 376
0.1502 378
0.1503 375
0.1504 379
0.1505 407
0.1506 431
0.1507 474
0.1508 497
0.1509 501
0.151 512
0.1511 526
0.1512 524
0.1513 514
0.1514 513
0.1515 500
0.1516 493
0.1517 491
0.1518 478
0.1519 472
0.152 452
0.1521 452
0.1522 460
0.1523 470
0.1524 507
0.1525 548
0.1526 572
0.1527 583
0.1528 595
0.1529 611
0.153 611
0.1531 609
0.1532 612
0.1533 616
0.1534 597
0.1535 589
0.1536 577
0.1537 569
0.1538 560
0.1539 560
0.154 556
0.1541 549
0.1542 541
0.1543 543
0.1544 546
0.1545 546
0.1546 531
0.1547 523
0.1548 511
0.1549 505
0.155 495
0.1551 487
0.1552 477
0.1553 467
0.1554 461
0.1555 460
0.1556 452
0.1557 443
0.1558 435
0.1559 428
0.156 415
0.1561 403
0.1562 406
0.1563 424
0.1564 451
0.1565 471
0.1566 499
0.1567 528
0.1568 573
0.1569 599
0.157 628
0.1571 659
0.1572 679
0.1573 688
0.1574 687
0.1575 693
0.1576 681
0.1577 674
0.1578 660
0.1579 645
0.158 635
0.1581 627
0.1582 613
0.1583 599
0.1584 589
0.1585 577
0.1586 577
0.1587 576
0.1588 574
0.1589 564
0.159 554
0.1591 549
0.1592 543
0.1593 535
0.1594 527
0.1595 528
0.1596 517
0.1597 509
0.1598 499
0.1599 495
0.16 490
0.1601 483
0.1602 481
0.1603 476
0.1604 469
0.1605 460
0.1606 451
0.1607 450
0.1608 438
0.1609 431
0.161 429
0.1611 419
0.1612 411
0.1613 412
0.1614 426
0.1615 442
0.1616 462
0.1617 487
0.1618 498
0.1619 505
0.162 505
0.1621 503
0.1622 506
0.1623 497
0.1624 498
0.1625 505
0.1626 496
0.1627 482
0.1628 470
0.1629 455
0.163 447
0.1631 445
0.1632 441
0.1633 440
0.1634 427
0.1635 430
0.1636 440
0.1637 442
0.1638 440
0.1639 438
0.164 446
0.1641 465
0.1642 489
0.1643 503
0.1644 515
0.1645 542
0.1646 565
0.1647 598
0.1648 640
0.1649 664
0.165 691
0.1651 716
0.1652 735
0.1653 753
0.1654 768
0.1655 790
0.1656 805
0.1657 823
0.1658 837
0.1659 854
0.166 870
0.1661 886
0.1662 896
0.1663 907
0.1664 905
0.1665 917
0.1666 924
0.1667 924
0.1668 933
0.1669 939
0.167 946
0.1671 957
0.1672 954
0.1673 961
0.1674 968
0.1675 980
0.1676 978
0.1677 976
0.1678 975
0.1679 978
0.168 976
0.1681 986
0.1682 983
0.1683 991
0.1684 991
0.1685 989
0.1686 996
0.1687 992
0.1688 995
0.1689 993
0.169 1006
0.1691 1009
0.1692 1016
0.1693 1020
0.1694 1019
0.1695 1024
0.1696 1026
0.1697 1024
0.1698 1029
0.1699 1027
0.17 1027
0.1701 1032
0.1702 1037
0.1703 1034
0.1704 1035
0.1705 1040
0.1706 1037
0.1707 1039
0.1708 1043
0.1709 1047
0.171 1048
0.1711 1044
0.1712 1056
0.1713 1060
0.1714 1065
0.1715 1061
0.1716 1063
0.1717 1068
0.1718 1077
0.1719 1075
0.172 1082
0.1721 1084
0.1722 1087
0.1723 1086
0.1724 1089
0.1725 1095
0.1726 1101
0.1727 1099
0.1728 1102
0.1729 1109
0.173 1110
0.1731 1114
0.1732 1110
0.1733 1121
0.1734 1119
0.1735 1123
0.1736 1127
0.1737 1129
0.1738 1133
0.1739 1142
0.174 1145
0.1741 1144
0.1742 1148
0.1743 1150
0.1744 1156
0.1745 1160
0.1746 1163
0.1747 1166
0.1748 1171
0.1749 1171
0.175 1180
0.1751 1176
0.1752 1181
0.1753 1189
0.1754 1187
0.1755 1193
0.1756 1192
0.1757 1193
0.1758 1205
0.1759 1203
0.176 1212
0.1761 1213
0.1762 1215
0.1763 1228
0.1764 1224
0.1765 1228
0.1766 1238
0.1767 1241
0.1768 1242
0.1769 1245
0.177 1247
0.1771 1258
0.1772 1255
0.1773 1266
0.1774 1265
0.1775 1271
0.1776 1273
0.1777 1274
0.1778 1282
0.1779 1289
0.178 1301
0.1781 1300
0.1782 1300
0.1783 1313
0.1784 1311
0.1785 1322
0.1786 1328
0.1787 1327
0.1788 1338
0.1789 1343
0.179 1347
0.1791 1351
0.1792 1359
0.1793 1372
0.1794 1372
0.1795 1384
0.1796 1382
0.1797 1387
0.1798 1391
0.1799 1394
0.18 1407
0.1801 1412
0.1802 1420
0.1803 1424
0.1804 1428
0.1805 1429
0.1806 1437
0.1807 1451
0.1808 1451
0.1809 1448
0.181 1473
0.1811 1481
0.1812 1474
0.1813 1484
0.1814 1488
0.1815 1494
0.1816 1498
0.1817 1509
0.1818 1511
0.1819 1517
0.182 1522
0.1821 1526
0.1822 1538
0.1823 1535
0.1824 1541
0.1825 1549
0.1826 1559
0.1827 1556
0.1828 1575
0.1829 1575
0.183 1585
0.1831 1580
0.1832 1586
0.1833 1602
0.1834 1605
0.1835 1611
0.1836 1608
0.1837 1613
0.1838 1621
0.1839 1630
0.184 1640
0.1841 1633
0.1842 1650
0.1843 1653
0.1844 1666
0.1845 1667
0.1846 1672
0.1847 1672
0.1848 1690
0.1849 1697
0.185 1699
0.1851 1694
0.1852 1696
0.1853 1696
0.1854 1692
0.1855 1703
0.1856 1701
0.1857 1707
0.1858 1718
0.1859 1734
0.186 1732
0.1861 1741
0.1862 1744
0.1863 1740
0.1864 1749
0.1865 1766
0.1866 1768
0.1867 1777
0.1868 1768
0.1869 1770
0.187 1772
0.1871 1785
0.1872 1789
0.1873 1792
0.1874 1790
0.1875 1809
0.1876 1812
0.1877 1809
0.1878 1819
0.1879 1827
0.188 1838
0.1881 1845
0.1882 1865
0.1883 1859
0.1884 1872
0.1885 1866
0.1886 1870
0.1887 1858
0.1888 1864
0.1889 1869
0.189 1887
0.1891 1876
0.1892 1894
0.1893 1886
0.1894 1887
0.1895 1895
0.1896 1902
0.1897 1910
0.1898 1918
0.1899 1918
0.19 1934
0.1901 1933
0.1902 1952
0.1903 1933
0.1904 1950
0.1905 1939
0.1906 1931
0.1907 1920
0.1908 1908
0.1909 1914
0.191 1934
0.1911 1956
0.1912 1963
0.1913 1959
0.1914 1951
0.1915 1977
0.1916 1998
0.1917 2011
0.1918 2004
0.1919 2028
0.192 2020
0.1921 2020
0.1922 2024
0.1923 2027
0.1924 2024
0.1925 2034
0.1926 2038
0.1927 2036
0.1928 2028
0.1929 2027
0.193 2031
0.1931 2030
0.1932 2024
0.1933 2030
0.1934 2030
0.1935 2012
0.1936 2001
0.1937 1967
0.1938 1941
0.1939 1905
0.194 1863
0.1941 1849
0.1942 1821
0.1943 1808
0.1944 1808
0.1945 1796
0.1946 1798
0.1947 1786
0.1948 1783
0.1949 1774
0.195 1772
0.1951 1761
0.1952 1752
0.1953 1761
0.1954 1752
0.1955 1761
0.1956 1757
0.1957 1757
0.1958 1748
0.1959 1743
0.196 1732
0.1961 1715
0.1962 1685
0.1963 1651
0.1964 1619
0.1965 1593
0.1966 1559
0.1967 1534
0.1968 1497
0.1969 1475
0.197 1454
0.1971 1419
0.1972 1393
0.1973 1363
0.1974 1341
0.1975 1316
0.1976 1285
0.1977 1260
0.1978 1233
0.1979 1196
0.198 1166
0.1981 1143
0.1982 1118
0.1983 1097
0.1984 1069
0.1985 1049
0.1986 1034
0.1987 1014
0.1988 978
0.1989 971
0.199 975
0.1991 972
0.1992 981
0.1993 978
0.1994 993
0.1995 995
0.1996 991
0.1997 985
0.1998 966
0.1999 946
0.2 940
0.2001 919
0.2002 906
0.2003 890
0.2004 883
0.2005 869
0.2006 856
0.2007 846
0.2008 835
0.2009 816
0.201 799
0.2011 795
0.2012 784
0.2013 779
0.2014 770
0.2015 762
0.2016 747
0.2017 741
0.2018 727
0.2019 707
0.202 690
0.2021 678
0.2022 661
0.2023 656
0.2024 642
0.2025 625
0.2026 620
0.2027 611
0.2028 600
0.2029 609
0.203 619
0.2031 639
0.2032 657
0.2033 684
0.2034 703
0.2035 712
0.2036 717
0.2037 719
0.2038 725
0.2039 737
0.204 734
0.2041 720
0.2042 723
0.2043 719
0.2044 711
0.2045 700
0.2046 687
0.2047 679
0.2048 658
0.2049 651
0.205 638
0.2051 628
0.2052 619
0.2053 609
0.2054 611
0.2055 604
0.2056 600
0.2057 592
0.2058 586
0.2059 573
0.206 568
0.2061 553
0.2062 543
0.2063 526
0.2064 522
0.2065 518
0.2066 511
0.2067 506
0.2068 502
0.2069 499
0.207 493
0.2071 496
0.2072 499
0.2073 485
0.2074 479
0.2075 473
0.2076 461
0.2077 459
0.2078 450
0.2079 447
0.208 452
0.2081 449
0.2082 444
0.2083 437
0.2084 431
0.2085 424
0.2086 415
0.2087 414
0.2088 412
0.2089 405
0.209 404
0.2091 397
0.2092 388
0.2093 384
0.2094 384
0.2095 385
0.2096 374
0.2097 365
0.2098 369
0.2099 363
0.21 355
0.2101 348
0.2102 340
0.2103 332
0.2104 328
0.2105 323
0.2106 317
0.2107 310
0.2108 306
0.2109 295
0.211 293
0.2111 292
0.2112 291
0.2113 288
0.2114 287
0.2115 286
0.2116 281
0.2117 282
0.2118 280
0.2119 282
0.212 278
0.2121 270
0.2122 264
0.2123 255
0.2124 247
0.2125 248
0.2126 247
0.2127 244
0.2128 236
0.2129 229
0.213 223
0.2131 221
0.2132 215
0.2133 209
0.2134 208
0.2135 199
0.2136 196
0.2137 200
0.2138 204
0.2139 209
0.214 218
0.2141 222
0.2142 230
0.2143 232
0.2144 234
0.2145 238
0.2146 236
0.2147 241
0.2148 243
0.2149 253
0.215 255
0.2151 262
0.2152 266
0.2153 264
0.2154 264
0.2155 269
0.2156 271
0.2157 277
0.2158 294
0.2159 318
0.216 337
0.2161 339
0.2162 346
0.2163 356
0.2164 358
0.2165 352
0.2166 353
0.2167 355
0.2168 354
0.2169 362
0.217 360
0.2171 361
0.2172 362
0.2173 362
0.2174 366
0.2175 375
0.2176 378
0.2177 371
0.2178 370
0.2179 373
0.218 369
0.2181 358
0.2182 366
0.2183 365
0.2184 369
0.2185 367
0.2186 366
0.2187 368
0.2188 365
0.2189 365
0.219 370
0.2191 373
0.2192 368
0.2193 374
0.2194 387
0.2195 411
0.2196 442
0.2197 470
0.2198 493
0.2199 499
0.22 515
0.2201 525
0.2202 518
0.2203 530
0.2204 538
0.2205 545
0.2206 556
0.2207 573
0.2208 591
0.2209 599
0.221 600
0.2211 606
0.2212 598
0.2213 598
0.2214 599
0.2215 601
0.2216 605
0.2217 592
0.2218 587
0.2219 583
0.222 579
0.2221 577
0.2222 580
0.2223 581
0.2224 578
0.2225 569
0.2226 562
0.2227 560
0.2228 549
0.2229 547
0.223 541
0.2231 522
0.2232 513
0.2233 497
0.2234 477
0.2235 466
0.2236 456
0.2237 442
0.2238 433
0.2239 421
0.224 406
0.2241 393
0.2242 388
0.2243 373
0.2244 368
0.2245 359
0.2246 358
0.2247 352
0.2248 347
0.2249 346
0.225 343
0.2251 338
0.2252 333
0.2253 321
0.2254 312
0.2255 308
0.2256 303
0.2257 300
0.2258 296
0.2259 294
0.226 289
0.2261 289
0.2262 287
0.2263 287
0.2264 289
0.2265 283
0.2266 278
0.2267 273
0.2268 271
0.2269 271
0.227 266
0.2271 261
0.2272 258
0.2273 261
0.2274 259
0.2275 262
0.2276 262
0.2277 266
0.2278 286
0.2279 294
0.228 301
0.2281 302
0.2282 302
0.2283 294
0.2284 298
0.2285 297
0.2286 288
0.2287 278
0.2288 267
0.2289 263
0.229 255
0.2291 251
0.2292 248
0.2293 244
0.2294 248
0.2295 255
0.2296 272
0.2297 303
0.2298 319
0.2299 340
0.23 356
0.2301 370
0.2302 379
0.2303 385
0.2304 385
0.2305 381
0.2306 379
0.2307 375
0.2308 364
0.2309 356
0.231 350
0.2311 347
0.2312 345
0.2313 342
0.2314 338
0.2315 330
0.2316 324
0.2317 324
0.2318 321
0.2319 319
0.232 320
0.2321 316
0.2322 306
0.2323 309
0.2324 304
0.2325 306
0.2326 318
0.2327 332
0.2328 365
0.2329 379
0.233 404
0.2331 425
0.2332 463
0.2333 491
0.2334 503
0.2335 526
0.2336 550
0.2337 583
0.2338 603
0.2339 619
0.234 637
0.2341 642
0.2342 652
0.2343 664
0.2344 681
0.2345 700
0.2346 716
0.2347 715
0.2348 715
0.2349 720
0.235 728
0.2351 734
0.2352 747
0.2353 749
0.2354 751
0.2355 757
0.2356 762
0.2357 760
0.2358 767
0.2359 768
0.236 769
0.2361 773
0.2362 775
0.2363 781
0.2364 782
0.2365 780
0.2366 784
0.2367 785
0.2368 792
0.2369 791
0.237 791
0.2371 792
0.2372 799
0.2373 802
0.2374 802
0.2375 807
0.2376 807
0.2377 811
0.2378 813
0.2379 812
0.238 813
0.2381 815
0.2382 815
0.2383 827
0.2384 835
0.2385 840
0.2386 843
0.2387 847
0.2388 851
0.2389 859
0.239 869
0.2391 875
0.2392 880
0.2393 880
0.2394 896
0.2395 896
0.2396 894
0.2397 905
0.2398 911
0.2399 922
0.24 925
0.2401 930
0.2402 935
0.2403 942
0.2404 945
0.2405 950
0.2406 954
0.2407 966
0.2408 969
0.2409 972
0.241 975
0.2411 986
0.2412 994
0.2413 1002
0.2414 998
0.2415 1013
0.2416 1023
0.2417 1020
0.2418 1030
0.2419 1034
0.242 1038
0.2421 1048
0.2422 1058
0.2423 1058
0.2424 1074
0.2425 1077
0.2426 1086
0.2427 1089
0.2428 1095
0.2429 1102
0.243 1113
0.2431 1113
0.2432 1120
0.2433 1131
0.2434 1135
0.2435 1146
0.2436 1153
0.2437 1162
0.2438 1162
0.2439 1177
0.244 1187
0.2441 1195
0.2442 1209
0.2443 1214
0.2444 1218
0.2445 1221
0.2446 1230
0.2447 1236
0.2448 1245
0.2449 1257
0.245 1262
0.2451 1273
0.2452 1273
0.2453 1287
0.2454 1292
0.2455 1301
0.2456 1308
0.2457 1313
0.2458 1328
0.2459 1338
0.246 1345
0.2461 1352
0.2462 1366
0.2463 1376
0.2464 1381
0.2465 1388
0.2466 1392
0.2467 1398
0.2468 1395
0.2469 1398
0.247 1413
0.2471 1417
0.2472 1425
0.2473 1434
0.2474 1447
0.2475 1449
0.2476 1458
0.2477 1466
0.2478 1466
0.2479 1468
0.248 1482
0.2481 1490
0.2482 1499
0.2483 1508
0.2484 1511
0.2485 1521
0.2486 1533
0.2487 1537
0.2488 1545
0.2489 1542
0.249 1562
0.2491 1573
0.2492 1588
0.2493 1585
0.2494 1590
0.2495 1603
0.2496 1613
0.2497 1627
0.2498 1626
0.2499 1635
0.25 1636
