0 665
0.01 617
0.02 573
0.03 547
0.04 532
0.05 507
0.06 480
0.07 466
0.08 451
0.09 431
0.1 404
0.11 393
0.12 386
0.13 379
0.14 370
0.15 359
0.16 352
0.17 340
0.18 324
0.19 313
0.2 304
0.21 289
0.22 273
0.23 259
0.24 252
0.25 245
0.26 239
0.27 233
0.28 227
0.29 221
0.3 211
0.31 205
0.32 198
0.33 194
0.34 181
0.35 176
0.36 172
0.37 169
0.38 166
0.39 159
0.4 154
0.41 150
0.42 142
0.43 137
0.44 131
0.45 128
0.46 124
0.47 124
0.48 121
0.49 115
0.5 109
0.51 105
0.52 102
0.53 100
0.54 93
0.55 89
0.56 88
0.57 87
0.58 86
0.59 83
0.6 84
0.61 82
0.62 79
0.63 79
0.64 77
0.65 74
0.66 73
0.67 72
0.68 66
0.69 64
0.7 63
0.71 61
0.72 61
0.73 59
0.74 58
0.75 54
0.76 49
0.77 50
0.78 49
0.79 48
0.8 48
0.81 46
0.82 46
0.83 44
0.84 44
0.85 41
0.86 40
0.87 40
0.88 37
0.89 38
0.9 35
0.91 32
0.92 30
0.93 30
0.94 28
0.95 30
0.96 30
0.97 29
0.98 30
0.99 29
1 29
1.01 28
1.02 26
1.03 26
1.04 25
1.05 25
1.06 26
1.07 28
1.08 27
1.09 24
1.1 21
1.11 20
1.12 20
1.13 20
1.14 19
1.15 20
1.16 21
1.17 20
1.18 19
1.19 19
1.2 18
1.21 15
1.22 16
1.23 14
1.24 13
1.25 13
1.26 10
1.27 10
1.28 10
1.29 11
1.3 11
1.31 11
1.32 10
1.33 9
1.34 9
1.35 10
1.36 10
1.37 11
1.38 11
1.39 11
1.4 12
1.41 10
1.42 10
1.43 11
1.44 12
1.45 11
1.46 12
1.47 11
1.48 11
1.49 10
1.5 11
1.51 11
1.52 10
1.53 11
1.54 11
1.55 12
1.56 11
1.57 10
1.58 10
1.59 10
1.6 11
1.61 11
1.62 11
1.63 11
1.64 11
1.65 12
1.66 11
1.67 12
1.68 12
1.69 12
1.7 13
1.71 12
1.72 11
1.73 11
1.74 10
1.75 11
1.76 11
1.77 11
1.78 9
1.79 8
1.8 8
1.81 11
1.82 8
1.83 8
1.84 8
1.85 9
1.86 9
1.87 9
1.88 8
1.89 7
1.9 9
1.91 9
1.92 9
1.93 8
1.94 7
1.95 6
1.96 5
1.97 5
1.98 6
1.99 6
2 6
