0 0
0.01 2
0.02 14
0.03 27
0.04 36
0.05 54
0.06 69
0.07 88
0.08 110
0.09 126
0.1 138
0.11 157
0.12 169
0.13 185
0.14 198
0.15 213
0.16 226
0.17 236
0.18 248
0.19 259
0.2 269
0.21 276
0.22 286
0.23 293
0.24 304
0.25 318
0.26 330
0.27 339
0.28 345
0.29 356
0.3 359
0.31 373
0.32 380
0.33 385
0.34 392
0.35 400
0.36 403
0.37 409
0.38 419
0.39 422
0.4 430
0.41 437
0.42 442
0.43 444
0.44 448
0.45 457
0.46 465
0.47 471
0.48 481
0.49 480
0.5 483
0.51 486
0.52 490
0.53 492
0.54 493
0.55 501
0.56 503
0.57 503
0.58 510
0.59 510
0.6 518
0.61 516
0.62 518
0.63 522
0.64 520
0.65 521
0.66 524
0.67 525
0.68 531
0.69 532
0.7 534
0.71 537
0.72 546
0.73 550
0.74 552
0.75 552
0.76 553
0.77 556
0.78 558
0.79 555
0.8 560
0.81 560
0.82 563
0.83 567
0.84 570
0.85 571
0.86 567
0.87 568
0.88 569
0.89 573
0.9 571
0.91 571
0.92 570
0.93 570
0.94 571
0.95 577
0.96 580
0.97 580
0.98 579
0.99 577
1 576
1.01 577
1.02 578
1.03 578
1.04 577
1.05 575
1.06 575
1.07 578
1.08 573
1.09 576
1.1 579
1.11 574
1.12 575
1.13 574
1.14 578
1.15 578
1.16 580
1.17 585
1.18 583
1.19 582
1.2 587
1.21 589
1.22 584
1.23 590
1.24 588
1.25 585
1.26 587
1.27 587
1.28 588
1.29 593
1.3 592
1.31 589
1.32 593
1.33 594
1.34 591
1.35 586
1.36 588
1.37 590
1.38 594
1.39 590
1.4 591
1.41 590
1.42 594
1.43 597
1.44 596
1.45 601
1.46 596
1.47 599
1.48 601
1.49 604
1.5 600
1.51 603
1.52 593
1.53 589
1.54 595
1.55 593
1.56 587
1.57 588
1.58 590
1.59 588
1.6 585
1.61 586
1.62 584
1.63 587
1.64 586
1.65 595
1.66 596
1.67 600
1.68 605
1.69 608
1.7 606
1.71 604
1.72 608
1.73 608
1.74 607
1.75 607
1.76 603
1.77 596
1.78 594
1.79 597
1.8 601
1.81 601
1.82 599
1.83 602
1.84 598
1.85 598
1.86 593
1.87 599
1.88 591
1.89 592
1.9 592
1.91 589
1.92 583
1.93 596
1.94 598
1.95 597
1.96 597
1.97 595
1.98 595
1.99 604
2 605
