0 665
0.01 619
0.02 576
0.03 532
0.04 502
0.05 483
0.06 471
0.07 453
0.08 429
0.09 419
0.1 405
0.11 393
0.12 376
0.13 366
0.14 357
0.15 346
0.16 333
0.17 319
0.18 306
0.19 297
0.2 286
0.21 280
0.22 269
0.23 264
0.24 254
0.25 246
0.26 241
0.27 233
0.28 228
0.29 220
0.3 212
0.31 207
0.32 196
0.33 190
0.34 182
0.35 174
0.36 169
0.37 162
0.38 158
0.39 149
0.4 148
0.41 140
0.42 135
0.43 130
0.44 127
0.45 120
0.46 116
0.47 109
0.48 107
0.49 108
0.5 102
0.51 98
0.52 97
0.53 94
0.54 93
0.55 92
0.56 88
0.57 86
0.58 82
0.59 79
0.6 77
0.61 74
0.62 74
0.63 72
0.64 72
0.65 68
0.66 67
0.67 67
0.68 66
0.69 66
0.7 63
0.71 63
0.72 56
0.73 52
0.74 51
0.75 48
0.76 45
0.77 44
0.78 41
0.79 38
0.8 40
0.81 39
0.82 39
0.83 38
0.84 37
0.85 36
0.86 35
0.87 34
0.88 33
0.89 32
0.9 33
0.91 33
0.92 34
0.93 36
0.94 37
0.95 38
0.96 36
0.97 35
0.98 34
0.99 34
1 35
1.01 35
1.02 35
1.03 35
1.04 34
1.05 35
1.06 35
1.07 34
1.08 33
1.09 32
1.1 33
1.11 32
1.12 31
1.13 29
1.14 28
1.15 27
1.16 26
1.17 27
1.18 26
1.19 27
1.2 28
1.21 27
1.22 27
1.23 28
1.24 27
1.25 26
1.26 27
1.27 26
1.28 27
1.29 27
1.3 23
1.31 22
1.32 22
1.33 21
1.34 21
1.35 21
1.36 21
1.37 22
1.38 21
1.39 22
1.4 23
1.41 23
1.42 23
1.43 24
1.44 22
1.45 23
1.46 23
1.47 21
1.48 22
1.49 20
1.5 19
1.51 19
1.52 20
1.53 18
1.54 19
1.55 17
1.56 17
1.57 16
1.58 16
1.59 16
1.6 16
1.61 15
1.62 16
1.63 16
1.64 15
1.65 15
1.66 14
1.67 14
1.68 14
1.69 13
1.7 14
1.71 14
1.72 13
1.73 14
1.74 14
1.75 14
1.76 14
1.77 14
1.78 14
1.79 13
1.8 12
1.81 11
1.82 11
1.83 11
1.84 11
1.85 12
1.86 14
1.87 13
1.88 14
1.89 12
1.9 12
1.91 11
1.92 11
1.93 11
1.94 11
1.95 12
1.96 11
1.97 11
1.98 11
1.99 10
2 10
