0 0
0.0001 0
0.0002 0
0.0003 0
0.0004 3
0.0005 6
0.0006 7
0.0007 8
0.0008 13
0.0009 19
0.001 21
0.0011 26
0.0012 33
0.0013 34
0.0014 48
0.0015 59
0.0016 75
0.0017 91
0.0018 94
0.0019 105
0.002 107
0.0021 117
0.0022 132
0.0023 159
0.0024 179
0.0025 198
0.0026 219
0.0027 243
0.0028 264
0.0029 298
0.003 321
0.0031 346
0.0032 347
0.0033 347
0.0034 346
0.0035 362
0.0036 384
0.0037 388
0.0038 396
0.0039 395
0.004 408
0.0041 422
0.0042 435
0.0043 441
0.0044 465
0.0045 505
0.0046 554
0.0047 577
0.0048 603
0.0049 620
0.005 640
0.0051 662
0.0052 678
0.0053 686
0.0054 696
0.0055 726
0.0056 739
0.0057 752
0.0058 770
0.0059 785
0.006 795
0.0061 806
0.0062 830
0.0063 865
0.0064 888
0.0065 904
0.0066 918
0.0067 917
0.0068 939
0.0069 965
0.007 983
0.0071 994
0.0072 1011
0.0073 1008
0.0074 1043
0.0075 1055
0.0076 1088
0.0077 1090
0.0078 1119
0.0079 1119
0.008 1133
0.0081 1129
0.0082 1120
0.0083 1118
0.0084 1114
0.0085 1119
0.0086 1124
0.0087 1133
0.0088 1138
0.0089 1166
0.009 1178
0.0091 1196
0.0092 1229
0.0093 1233
0.0094 1248
0.0095 1248
0.0096 1272
0.0097 1268
0.0098 1293
0.0099 1296
0.01 1293
0.0101 1293
0.0102 1312
0.0103 1327
0.0104 1338
0.0105 1369
0.0106 1374
0.0107 1399
0.0108 1398
0.0109 1423
0.011 1442
0.0111 1451
0.0112 1440
0.0113 1456
0.0114 1474
0.0115 1476
0.0116 1496
0.0117 1516
0.0118 1531
0.0119 1532
0.012 1535
0.0121 1531
0.0122 1531
0.0123 1548
0.0124 1539
0.0125 1534
0.0126 1525
0.0127 1523
0.0128 1507
0.0129 1499
0.013 1500
0.0131 1508
0.0132 1524
0.0133 1561
0.0134 1580
0.0135 1607
0.0136 1629
0.0137 1640
0.0138 1659
0.0139 1652
0.014 1649
0.0141 1649
0.0142 1651
0.0143 1622
0.0144 1615
0.0145 1610
0.0146 1593
0.0147 1583
0.0148 1566
0.0149 1525
0.015 1530
0.0151 1511
0.0152 1488
0.0153 1473
0.0154 1442
0.0155 1430
0.0156 1418
0.0157 1391
0.0158 1365
0.0159 1338
0.016 1329
0.0161 1324
0.0162 1330
0.0163 1321
0.0164 1334
0.0165 1351
0.0166 1330
0.0167 1333
0.0168 1310
0.0169 1298
0.017 1279
0.0171 1254
0.0172 1252
0.0173 1248
0.0174 1229
0.0175 1207
0.0176 1188
0.0177 1183
0.0178 1193
0.0179 1183
0.018 1204
0.0181 1205
0.0182 1223
0.0183 1232
0.0184 1233
0.0185 1244
0.0186 1244
0.0187 1219
0.0188 1201
0.0189 1196
0.019 1175
0.0191 1164
0.0192 1154
0.0193 1118
0.0194 1112
0.0195 1096
0.0196 1104
0.0197 1108
0.0198 1110
0.0199 1073
0.02 1069
0.0201 1063
0.0202 1044
0.0203 1025
0.0204 1006
0.0205 993
0.0206 1000
0.0207 1011
0.0208 1030
0.0209 1015
0.021 1035
0.0211 1023
0.0212 1004
0.0213 1005
0.0214 1013
0.0215 1007
0.0216 986
0.0217 987
0.0218 1007
0.0219 1012
0.022 1006
0.0221 1008
0.0222 1023
0.0223 1006
0.0224 1008
0.0225 998
0.0226 972
0.0227 929
0.0228 908
0.0229 907
0.023 873
0.0231 846
0.0232 848
0.0233 826
0.0234 796
0.0235 783
0.0236 739
0.0237 735
0.0238 735
0.0239 729
0.024 719
0.0241 709
0.0242 695
0.0243 673
0.0244 660
0.0245 638
0.0246 638
0.0247 611
0.0248 596
0.0249 570
0.025 558
0.0251 563
0.0252 558
0.0253 519
0.0254 518
0.0255 506
0.0256 500
0.0257 504
0.0258 485
0.0259 473
0.026 446
0.0261 403
0.0262 383
0.0263 369
0.0264 352
0.0265 338
0.0266 353
0.0267 367
0.0268 351
0.0269 345
0.027 328
0.0271 322
0.0272 306
0.0273 282
0.0274 270
0.0275 278
0.0276 285
0.0277 266
0.0278 272
0.0279 259
0.028 249
0.0281 258
0.0282 259
0.0283 263
0.0284 255
0.0285 253
0.0286 250
0.0287 230
0.0288 230
0.0289 216
0.029 202
0.0291 200
0.0292 189
0.0293 175
0.0294 151
0.0295 141
0.0296 117
0.0297 95
0.0298 80
0.0299 76
0.03 63
0.0301 68
0.0302 60
0.0303 53
0.0304 51
0.0305 38
0.0306 33
0.0307 17
0.0308 19
0.0309 20
0.031 20
0.0311 18
0.0312 9
0.0313 10
0.0314 8
0.0315 9
0.0316 3
0.0317 4
0.0318 2
0.0319 1
0.032 1
0.0321 2
0.0322 5
0.0323 5
0.0324 0
0.0325 0
0.0326 2
0.0327 1
0.0328 1
0.0329 4
0.033 0
0.0331 3
0.0332 1
0.0333 3
0.0334 0
0.0335 0
0.0336 0
0.0337 0
0.0338 0
0.0339 0
0.034 1
0.0341 0
0.0342 1
0.0343 0
0.0344 0
0.0345 3
0.0346 1
0.0347 0
0.0348 1
0.0349 2
0.035 1
0.0351 1
0.0352 1
0.0353 0
0.0354 0
0.0355 1
0.0356 0
0.0357 1
0.0358 0
0.0359 0
0.036 0
0.0361 0
0.0362 0
0.0363 2
0.0364 1
0.0365 0
0.0366 2
0.0367 1
0.0368 0
0.0369 1
0.037 0
0.0371 0
0.0372 1
0.0373 0
0.0374 0
0.0375 0
0.0376 0
0.0377 0
0.0378 1
0.0379 1
0.038 1
0.0381 0
0.0382 0
0.0383 1
0.0384 1
0.0385 1
0.0386 0
0.0387 1
0.0388 0
0.0389 0
0.039 0
0.0391 1
0.0392 0
0.0393 0
0.0394 0
0.0395 0
0.0396 0
0.0397 0
0.0398 0
0.0399 1
0.04 1
0.0401 0
0.0402 0
0.0403 2
0.0404 0
0.0405 1
0.0406 0
0.0407 1
0.0408 1
0.0409 1
0.041 0
0.0411 0
0.0412 0
0.0413 0
0.0414 0
0.0415 2
0.0416 0
0.0417 0
0.0418 0
0.0419 1
0.042 0
0.0421 2
0.0422 0
0.0423 0
0.0424 0
0.0425 1
0.0426 1
0.0427 1
0.0428 1
0.0429 1
0.043 0
0.0431 1
0.0432 1
0.0433 2
0.0434 1
0.0435 1
0.0436 1
0.0437 0
0.0438 3
0.0439 1
0.044 1
0.0441 0
0.0442 0
0.0443 0
0.0444 1
0.0445 1
0.0446 1
0.0447 0
0.0448 0
0.0449 1
0.045 1
0.0451 2
0.0452 1
0.0453 2
0.0454 0
0.0455 0
0.0456 0
0.0457 2
0.0458 1
0.0459 0
0.046 0
0.0461 0
0.0462 2
0.0463 0
0.0464 1
0.0465 3
0.0466 0
0.0467 1
0.0468 2
0.0469 2
0.047 2
0.0471 1
0.0472 1
0.0473 0
0.0474 3
0.0475 0
0.0476 2
0.0477 1
0.0478 0
0.0479 0
0.048 0
0.0481 1
0.0482 1
0.0483 2
0.0484 1
0.0485 1
0.0486 0
0.0487 1
0.0488 2
0.0489 0
0.049 1
0.0491 2
0.0492 3
0.0493 0
0.0494 0
0.0495 0
0.0496 1
0.0497 0
0.0498 1
0.0499 0
0.05 0
0.0501 1
0.0502 0
0.0503 0
0.0504 0
0.0505 0
0.0506 1
0.0507 2
0.0508 0
0.0509 1
0.051 2
0.0511 1
0.0512 0
0.0513 0
0.0514 0
0.0515 0
0.0516 1
0.0517 1
0.0518 1
0.0519 0
0.052 2
0.0521 1
0.0522 0
0.0523 0
0.0524 1
0.0525 0
0.0526 0
0.0527 1
0.0528 0
0.0529 0
0.053 1
0.0531 0
0.0532 1
0.0533 0
0.0534 1
0.0535 2
0.0536 1
0.0537 1
0.0538 1
0.0539 0
0.054 0
0.0541 0
0.0542 0
0.0543 0
0.0544 2
0.0545 1
0.0546 0
0.0547 0
0.0548 1
0.0549 0
0.055 2
0.0551 0
0.0552 2
0.0553 0
0.0554 1
0.0555 0
0.0556 1
0.0557 0
0.0558 1
0.0559 0
0.056 0
0.0561 0
0.0562 0
0.0563 0
0.0564 1
0.0565 0
0.0566 1
0.0567 0
0.0568 0
0.0569 2
0.057 0
0.0571 0
0.0572 0
0.0573 2
0.0574 0
0.0575 0
0.0576 1
0.0577 1
0.0578 0
0.0579 0
0.058 2
0.0581 0
0.0582 0
0.0583 2
0.0584 0
0.0585 2
0.0586 1
0.0587 1
0.0588 1
0.0589 0
0.059 1
0.0591 2
0.0592 0
0.0593 0
0.0594 0
0.0595 1
0.0596 0
0.0597 0
0.0598 1
0.0599 1
0.06 2
0.0601 0
0.0602 2
0.0603 1
0.0604 2
0.0605 0
0.0606 2
0.0607 1
0.0608 1
0.0609 1
0.061 0
0.0611 1
0.0612 0
0.0613 0
0.0614 1
0.0615 0
0.0616 0
0.0617 0
0.0618 0
0.0619 3
0.062 3
0.0621 3
0.0622 0
0.0623 0
0.0624 0
0.0625 2
0.0626 0
0.0627 0
0.0628 1
0.0629 2
0.063 1
0.0631 0
0.0632 0
0.0633 0
0.0634 0
0.0635 1
0.0636 0
0.0637 1
0.0638 0
0.0639 1
0.064 0
0.0641 0
0.0642 0
0.0643 1
0.0644 1
0.0645 1
0.0646 0
0.0647 2
0.0648 0
0.0649 2
0.065 1
0.0651 1
0.0652 0
0.0653 0
0.0654 0
0.0655 3
0.0656 1
0.0657 1
0.0658 0
0.0659 0
0.066 0
0.0661 1
0.0662 0
0.0663 2
0.0664 1
0.0665 0
0.0666 3
0.0667 1
0.0668 0
0.0669 1
0.067 1
0.0671 2
0.0672 4
0.0673 2
0.0674 3
0.0675 1
0.0676 2
0.0677 2
0.0678 1
0.0679 1
0.068 1
0.0681 1
0.0682 1
0.0683 1
0.0684 1
0.0685 0
0.0686 1
0.0687 0
0.0688 1
0.0689 1
0.069 0
0.0691 0
0.0692 2
0.0693 0
0.0694 4
0.0695 1
0.0696 2
0.0697 1
0.0698 4
0.0699 2
0.07 1
0.0701 0
0.0702 1
0.0703 3
0.0704 2
0.0705 4
0.0706 5
0.0707 2
0.0708 3
0.0709 0
0.071 1
0.0711 0
0.0712 1
0.0713 2
0.0714 5
0.0715 2
0.0716 2
0.0717 2
0.0718 4
0.0719 4
0.072 0
0.0721 4
0.0722 3
0.0723 4
0.0724 2
0.0725 5
0.0726 2
0.0727 0
0.0728 2
0.0729 1
0.073 5
0.0731 3
0.0732 3
0.0733 3
0.0734 3
0.0735 0
0.0736 1
0.0737 2
0.0738 0
0.0739 2
0.074 1
0.0741 3
0.0742 3
0.0743 0
0.0744 3
0.0745 2
0.0746 0
0.0747 1
0.0748 1
0.0749 2
0.075 2
0.0751 4
0.0752 1
0.0753 1
0.0754 5
0.0755 2
0.0756 3
0.0757 4
0.0758 4
0.0759 2
0.076 0
0.0761 2
0.0762 1
0.0763 4
0.0764 3
0.0765 2
0.0766 4
0.0767 8
0.0768 8
0.0769 3
0.077 3
0.0771 4
0.0772 4
0.0773 1
0.0774 4
0.0775 5
0.0776 3
0.0777 0
0.0778 0
0.0779 4
0.078 0
0.0781 3
0.0782 4
0.0783 1
0.0784 6
0.0785 2
0.0786 8
0.0787 5
0.0788 6
0.0789 6
0.079 6
0.0791 5
0.0792 7
0.0793 5
0.0794 6
0.0795 9
0.0796 5
0.0797 4
0.0798 5
0.0799 4
0.08 3
0.0801 7
0.0802 2
0.0803 4
0.0804 2
0.0805 4
0.0806 2
0.0807 7
0.0808 2
0.0809 4
0.081 0
0.0811 1
0.0812 1
0.0813 1
0.0814 2
0.0815 0
0.0816 1
0.0817 1
0.0818 6
0.0819 4
0.082 3
0.0821 4
0.0822 3
0.0823 0
0.0824 1
0.0825 1
0.0826 4
0.0827 1
0.0828 3
0.0829 2
0.083 2
0.0831 5
0.0832 7
0.0833 5
0.0834 5
0.0835 3
0.0836 3
0.0837 3
0.0838 5
0.0839 4
0.084 1
0.0841 3
0.0842 3
0.0843 3
0.0844 0
0.0845 4
0.0846 4
0.0847 4
0.0848 0
0.0849 1
0.085 0
0.0851 0
0.0852 0
0.0853 0
0.0854 3
0.0855 1
0.0856 2
0.0857 6
0.0858 3
0.0859 9
0.086 8
0.0861 8
0.0862 10
0.0863 5
0.0864 2
0.0865 3
0.0866 4
0.0867 1
0.0868 1
0.0869 0
0.087 0
0.0871 3
0.0872 4
0.0873 2
0.0874 0
0.0875 4
0.0876 1
0.0877 1
0.0878 3
0.0879 3
0.088 4
0.0881 11
0.0882 12
0.0883 6
0.0884 12
0.0885 8
0.0886 12
0.0887 9
0.0888 9
0.0889 4
0.089 5
0.0891 6
0.0892 7
0.0893 11
0.0894 6
0.0895 10
0.0896 5
0.0897 2
0.0898 2
0.0899 2
0.09 4
0.0901 4
0.0902 5
0.0903 9
0.0904 5
0.0905 6
0.0906 8
0.0907 10
0.0908 9
0.0909 5
0.091 7
0.0911 8
0.0912 6
0.0913 3
0.0914 2
0.0915 5
0.0916 4
0.0917 4
0.0918 3
0.0919 7
0.092 4
0.0921 3
0.0922 0
0.0923 1
0.0924 0
0.0925 0
0.0926 1
0.0927 1
0.0928 5
0.0929 2
0.093 2
0.0931 3
0.0932 6
0.0933 3
0.0934 3
0.0935 3
0.0936 7
0.0937 6
0.0938 4
0.0939 4
0.094 2
0.0941 2
0.0942 2
0.0943 0
0.0944 4
0.0945 6
0.0946 3
0.0947 3
0.0948 2
0.0949 6
0.095 4
0.0951 3
0.0952 2
0.0953 0
0.0954 2
0.0955 1
0.0956 3
0.0957 4
0.0958 4
0.0959 3
0.096 3
0.0961 5
0.0962 5
0.0963 3
0.0964 4
0.0965 3
0.0966 5
0.0967 9
0.0968 3
0.0969 7
0.097 10
0.0971 12
0.0972 2
0.0973 10
0.0974 10
0.0975 13
0.0976 11
0.0977 8
0.0978 7
0.0979 10
0.098 6
0.0981 5
0.0982 3
0.0983 2
0.0984 2
0.0985 3
0.0986 3
0.0987 6
0.0988 8
0.0989 5
0.099 1
0.0991 5
0.0992 6
0.0993 4
0.0994 5
0.0995 1
0.0996 6
0.0997 3
0.0998 3
0.0999 6
0.1 9
0.1001 4
0.1002 4
0.1003 3
0.1004 7
0.1005 8
0.1006 7
0.1007 4
0.1008 6
0.1009 5
0.101 3
0.1011 3
0.1012 1
0.1013 2
0.1014 5
0.1015 4
0.1016 3
0.1017 7
0.1018 2
0.1019 1
0.102 0
0.1021 0
0.1022 1
0.1023 0
0.1024 1
0.1025 0
0.1026 3
0.1027 3
0.1028 1
0.1029 0
0.103 2
0.1031 1
0.1032 1
0.1033 0
0.1034 0
0.1035 3
0.1036 1
0.1037 0
0.1038 2
0.1039 0
0.104 1
0.1041 1
0.1042 5
0.1043 2
0.1044 1
0.1045 4
0.1046 6
0.1047 4
0.1048 3
0.1049 4
0.105 5
0.1051 3
0.1052 2
0.1053 4
0.1054 5
0.1055 5
0.1056 6
0.1057 3
0.1058 4
0.1059 3
0.106 2
0.1061 6
0.1062 6
0.1063 5
0.1064 4
0.1065 5
0.1066 1
0.1067 5
0.1068 4
0.1069 6
0.107 5
0.1071 2
0.1072 7
0.1073 6
0.1074 4
0.1075 5
0.1076 5
0.1077 5
0.1078 4
0.1079 11
0.108 11
0.1081 9
0.1082 8
0.1083 4
0.1084 12
0.1085 4
0.1086 8
0.1087 8
0.1088 10
0.1089 10
0.109 9
0.1091 6
0.1092 3
0.1093 3
0.1094 1
0.1095 3
0.1096 2
0.1097 3
0.1098 3
0.1099 3
0.11 6
0.1101 5
0.1102 2
0.1103 2
0.1104 4
0.1105 7
0.1106 5
0.1107 5
0.1108 4
0.1109 6
0.111 5
0.1111 5
0.1112 3
0.1113 3
0.1114 3
0.1115 4
0.1116 3
0.1117 6
0.1118 8
0.1119 12
0.112 3
0.1121 7
0.1122 14
0.1123 27
0.1124 39
0.1125 30
0.1126 48
0.1127 59
0.1128 47
0.1129 52
0.113 56
0.1131 75
0.1132 77
0.1133 95
0.1134 107
0.1135 112
0.1136 116
0.1137 134
0.1138 150
0.1139 171
0.114 185
0.1141 201
0.1142 202
0.1143 212
0.1144 222
0.1145 221
0.1146 218
0.1147 230
0.1148 250
0.1149 273
0.115 300
0.1151 333
0.1152 354
0.1153 381
0.1154 418
0.1155 447
0.1156 466
0.1157 487
0.1158 501
0.1159 504
0.116 503
0.1161 507
0.1162 517
0.1163 539
0.1164 559
0.1165 585
0.1166 627
0.1167 639
0.1168 663
0.1169 664
0.117 682
0.1171 706
0.1172 720
0.1173 733
0.1174 759
0.1175 763
0.1176 792
0.1177 821
0.1178 846
0.1179 899
0.118 933
0.1181 939
0.1182 968
0.1183 978
0.1184 987
0.1185 1001
0.1186 1005
0.1187 1017
0.1188 1019
0.1189 1033
0.119 1043
0.1191 1053
0.1192 1055
0.1193 1056
0.1194 1051
0.1195 1046
0.1196 1049
0.1197 1057
0.1198 1066
0.1199 1089
0.12 1090
0.1201 1085
0.1202 1093
0.1203 1079
0.1204 1068
0.1205 1066
0.1206 1055
0.1207 1057
0.1208 1072
0.1209 1081
0.121 1079
0.1211 1078
0.1212 1072
0.1213 1071
0.1214 1068
0.1215 1089
0.1216 1106
0.1217 1113
0.1218 1146
0.1219 1178
0.122 1209
0.1221 1210
0.1222 1201
0.1223 1188
0.1224 1190
0.1225 1214
0.1226 1210
0.1227 1208
0.1228 1194
0.1229 1182
0.123 1183
0.1231 1174
0.1232 1184
0.1233 1154
0.1234 1159
0.1235 1157
0.1236 1153
0.1237 1157
0.1238 1132
0.1239 1125
0.124 1120
0.1241 1114
0.1242 1113
0.1243 1114
0.1244 1110
0.1245 1099
0.1246 1073
0.1247 1072
0.1248 1053
0.1249 1046
0.125 1044
0.1251 1011
0.1252 998
0.1253 970
0.1254 965
0.1255 953
0.1256 948
0.1257 943
0.1258 930
0.1259 935
0.126 924
0.1261 922
0.1262 909
0.1263 920
0.1264 918
0.1265 915
0.1266 912
0.1267 908
0.1268 909
0.1269 922
0.127 924
0.1271 936
0.1272 940
0.1273 927
0.1274 922
0.1275 924
0.1276 929
0.1277 913
0.1278 905
0.1279 894
0.128 878
0.1281 869
0.1282 840
0.1283 822
0.1284 810
0.1285 780
0.1286 781
0.1287 761
0.1288 766
0.1289 763
0.129 738
0.1291 737
0.1292 715
0.1293 704
0.1294 693
0.1295 678
0.1296 651
0.1297 632
0.1298 615
0.1299 611
0.13 598
0.1301 609
0.1302 614
0.1303 599
0.1304 617
0.1305 621
0.1306 629
0.1307 621
0.1308 596
0.1309 586
0.131 563
0.1311 532
0.1312 510
0.1313 498
0.1314 471
0.1315 442
0.1316 417
0.1317 396
0.1318 397
0.1319 368
0.132 328
0.1321 327
0.1322 304
0.1323 283
0.1324 251
0.1325 229
0.1326 200
0.1327 172
0.1328 151
0.1329 165
0.133 162
0.1331 176
0.1332 161
0.1333 146
0.1334 137
0.1335 134
0.1336 99
0.1337 76
0.1338 68
0.1339 60
0.134 59
0.1341 53
0.1342 39
0.1343 35
0.1344 31
0.1345 20
0.1346 9
0.1347 13
0.1348 5
0.1349 6
0.135 1
0.1351 0
0.1352 3
0.1353 2
0.1354 0
0.1355 1
0.1356 3
0.1357 0
0.1358 1
0.1359 3
0.136 0
0.1361 1
0.1362 2
0.1363 0
0.1364 1
0.1365 3
0.1366 4
0.1367 0
0.1368 0
0.1369 0
0.137 0
0.1371 0
0.1372 1
0.1373 0
0.1374 2
0.1375 0
0.1376 0
0.1377 2
0.1378 3
0.1379 2
0.138 1
0.1381 0
0.1382 0
0.1383 0
0.1384 0
0.1385 0
0.1386 0
0.1387 1
0.1388 1
0.1389 1
0.139 0
0.1391 0
0.1392 0
0.1393 0
0.1394 0
0.1395 0
0.1396 0
0.1397 0
0.1398 0
0.1399 0
0.14 0
0.1401 0
0.1402 2
0.1403 0
0.1404 0
0.1405 0
0.1406 0
0.1407 0
0.1408 1
0.1409 0
0.141 1
0.1411 0
0.1412 0
0.1413 0
0.1414 0
0.1415 0
0.1416 2
0.1417 0
0.1418 0
0.1419 0
0.142 0
0.1421 3
0.1422 0
0.1423 0
0.1424 3
0.1425 0
0.1426 0
0.1427 0
0.1428 0
0.1429 0
0.143 0
0.1431 0
0.1432 0
0.1433 0
0.1434 0
0.1435 0
0.1436 0
0.1437 1
0.1438 0
0.1439 1
0.144 0
0.1441 0
0.1442 0
0.1443 1
0.1444 1
0.1445 0
0.1446 0
0.1447 1
0.1448 1
0.1449 1
0.145 1
0.1451 0
0.1452 0
0.1453 0
0.1454 0
0.1455 0
0.1456 0
0.1457 0
0.1458 0
0.1459 1
0.146 0
0.1461 0
0.1462 0
0.1463 0
0.1464 0
0.1465 0
0.1466 0
0.1467 0
0.1468 1
0.1469 1
0.147 0
0.1471 0
0.1472 2
0.1473 1
0.1474 0
0.1475 0
0.1476 0
0.1477 0
0.1478 1
0.1479 0
0.148 0
0.1481 0
0.1482 1
0.1483 0
0.1484 0
0.1485 3
0.1486 1
0.1487 2
0.1488 0
0.1489 1
0.149 0
0.1491 0
0.1492 1
0.1493 0
0.1494 1
0.1495 0
0.1496 0
0.1497 1
0.1498 0
0.1499 2
0.15 0
0.1501 0
0.1502 0
0.1503 0
0.1504 0
0.1505 0
0.1506 0
0.1507 1
0.1508 0
0.1509 1
0.151 0
0.1511 1
0.1512 1
0.1513 0
0.1514 0
0.1515 0
0.1516 1
0.1517 0
0.1518 1
0.1519 0
0.152 1
0.1521 1
0.1522 1
0.1523 0
0.1524 1
0.1525 0
0.1526 0
0.1527 0
0.1528 0
0.1529 0
0.153 0
0.1531 0
0.1532 0
0.1533 0
0.1534 0
0.1535 0
0.1536 2
0.1537 0
0.1538 2
0.1539 1
0.154 2
0.1541 1
0.1542 0
0.1543 0
0.1544 0
0.1545 1
0.1546 1
0.1547 1
0.1548 1
0.1549 0
0.155 3
0.1551 1
0.1552 2
0.1553 0
0.1554 0
0.1555 0
0.1556 2
0.1557 0
0.1558 1
0.1559 1
0.156 0
0.1561 0
0.1562 0
0.1563 1
0.1564 0
0.1565 2
0.1566 0
0.1567 0
0.1568 1
0.1569 0
0.157 2
0.1571 0
0.1572 2
0.1573 1
0.1574 0
0.1575 0
0.1576 2
0.1577 0
0.1578 0
0.1579 0
0.158 2
0.1581 0
0.1582 1
0.1583 2
0.1584 2
0.1585 2
0.1586 0
0.1587 0
0.1588 2
0.1589 1
0.159 1
0.1591 1
0.1592 3
0.1593 1
0.1594 0
0.1595 2
0.1596 3
0.1597 0
0.1598 2
0.1599 1
0.16 2
0.1601 0
0.1602 0
0.1603 0
0.1604 1
0.1605 3
0.1606 2
0.1607 0
0.1608 2
0.1609 1
0.161 1
0.1611 0
0.1612 1
0.1613 3
0.1614 1
0.1615 2
0.1616 1
0.1617 1
0.1618 0
0.1619 0
0.162 0
0.1621 1
0.1622 0
0.1623 0
0.1624 0
0.1625 4
0.1626 0
0.1627 3
0.1628 1
0.1629 0
0.163 2
0.1631 0
0.1632 0
0.1633 0
0.1634 0
0.1635 0
0.1636 0
0.1637 0
0.1638 1
0.1639 1
0.164 1
0.1641 1
0.1642 3
0.1643 0
0.1644 2
0.1645 2
0.1646 0
0.1647 1
0.1648 0
0.1649 2
0.165 1
0.1651 1
0.1652 0
0.1653 5
0.1654 4
0.1655 2
0.1656 1
0.1657 1
0.1658 0
0.1659 1
0.166 1
0.1661 1
0.1662 2
0.1663 3
0.1664 0
0.1665 0
0.1666 1
0.1667 0
0.1668 1
0.1669 0
0.167 2
0.1671 0
0.1672 1
0.1673 0
0.1674 2
0.1675 2
0.1676 1
0.1677 2
0.1678 3
0.1679 2
0.168 0
0.1681 0
0.1682 0
0.1683 0
0.1684 1
0.1685 0
0.1686 0
0.1687 0
0.1688 0
0.1689 0
0.169 1
0.1691 1
0.1692 1
0.1693 1
0.1694 1
0.1695 1
0.1696 2
0.1697 0
0.1698 3
0.1699 2
0.17 1
0.1701 1
0.1702 2
0.1703 1
0.1704 1
0.1705 2
0.1706 3
0.1707 0
0.1708 0
0.1709 1
0.171 0
0.1711 0
0.1712 0
0.1713 0
0.1714 4
0.1715 1
0.1716 3
0.1717 5
0.1718 2
0.1719 3
0.172 2
0.1721 1
0.1722 1
0.1723 2
0.1724 2
0.1725 1
0.1726 3
0.1727 0
0.1728 1
0.1729 4
0.173 3
0.1731 3
0.1732 0
0.1733 3
0.1734 5
0.1735 6
0.1736 0
0.1737 2
0.1738 3
0.1739 3
0.174 4
0.1741 4
0.1742 2
0.1743 1
0.1744 2
0.1745 3
0.1746 5
0.1747 4
0.1748 8
0.1749 2
0.175 1
0.1751 1
0.1752 2
0.1753 2
0.1754 4
0.1755 5
0.1756 6
0.1757 4
0.1758 4
0.1759 2
0.176 3
0.1761 2
0.1762 1
0.1763 0
0.1764 1
0.1765 4
0.1766 2
0.1767 0
0.1768 0
0.1769 0
0.177 1
0.1771 1
0.1772 5
0.1773 0
0.1774 2
0.1775 1
0.1776 2
0.1777 2
0.1778 0
0.1779 1
0.178 1
0.1781 1
0.1782 1
0.1783 0
0.1784 0
0.1785 1
0.1786 0
0.1787 0
0.1788 1
0.1789 1
0.179 3
0.1791 0
0.1792 3
0.1793 2
0.1794 2
0.1795 2
0.1796 0
0.1797 0
0.1798 1
0.1799 3
0.18 6
0.1801 1
0.1802 1
0.1803 3
0.1804 3
0.1805 2
0.1806 2
0.1807 1
0.1808 2
0.1809 2
0.181 6
0.1811 2
0.1812 3
0.1813 5
0.1814 5
0.1815 3
0.1816 13
0.1817 8
0.1818 14
0.1819 12
0.182 13
0.1821 10
0.1822 5
0.1823 8
0.1824 4
0.1825 3
0.1826 3
0.1827 4
0.1828 3
0.1829 1
0.183 4
0.1831 7
0.1832 3
0.1833 3
0.1834 0
0.1835 0
0.1836 1
0.1837 2
0.1838 6
0.1839 5
0.184 6
0.1841 5
0.1842 7
0.1843 2
0.1844 4
0.1845 1
0.1846 6
0.1847 5
0.1848 3
0.1849 5
0.185 1
0.1851 2
0.1852 6
0.1853 5
0.1854 2
0.1855 7
0.1856 5
0.1857 5
0.1858 3
0.1859 3
0.186 3
0.1861 2
0.1862 0
0.1863 4
0.1864 3
0.1865 7
0.1866 5
0.1867 5
0.1868 5
0.1869 6
0.187 8
0.1871 10
0.1872 7
0.1873 2
0.1874 3
0.1875 6
0.1876 7
0.1877 4
0.1878 3
0.1879 8
0.188 13
0.1881 22
0.1882 26
0.1883 31
0.1884 36
0.1885 36
0.1886 39
0.1887 39
0.1888 37
0.1889 35
0.189 36
0.1891 39
0.1892 45
0.1893 44
0.1894 43
0.1895 44
0.1896 41
0.1897 60
0.1898 85
0.1899 97
0.19 98
0.1901 99
0.1902 94
0.1903 93
0.1904 90
0.1905 87
0.1906 88
0.1907 83
0.1908 81
0.1909 75
0.191 70
0.1911 60
0.1912 70
0.1913 71
0.1914 66
0.1915 70
0.1916 68
0.1917 79
0.1918 74
0.1919 64
0.192 57
0.1921 60
0.1922 58
0.1923 60
0.1924 58
0.1925 59
0.1926 58
0.1927 60
0.1928 72
0.1929 94
0.193 108
0.1931 114
0.1932 122
0.1933 127
0.1934 127
0.1935 125
0.1936 144
0.1937 154
0.1938 147
0.1939 153
0.194 159
0.1941 169
0.1942 185
0.1943 218
0.1944 241
0.1945 261
0.1946 261
0.1947 265
0.1948 291
0.1949 312
0.195 336
0.1951 364
0.1952 381
0.1953 398
0.1954 386
0.1955 387
0.1956 392
0.1957 412
0.1958 415
0.1959 429
0.196 430
0.1961 435
0.1962 460
0.1963 478
0.1964 505
0.1965 526
0.1966 535
0.1967 522
0.1968 526
0.1969 539
0.197 535
0.1971 558
0.1972 578
0.1973 576
0.1974 582
0.1975 601
0.1976 612
0.1977 630
0.1978 664
0.1979 685
0.198 707
0.1981 714
0.1982 728
0.1983 731
0.1984 732
0.1985 730
0.1986 729
0.1987 731
0.1988 731
0.1989 756
0.199 779
0.1991 789
0.1992 807
0.1993 819
0.1994 845
0.1995 862
0.1996 885
0.1997 903
0.1998 910
0.1999 892
0.2 890
0.2001 893
0.2002 898
0.2003 909
0.2004 952
0.2005 969
0.2006 980
0.2007 989
0.2008 1007
0.2009 1018
0.201 1016
0.2011 1013
0.2012 995
0.2013 989
0.2014 983
0.2015 961
0.2016 955
0.2017 949
0.2018 958
0.2019 952
0.202 945
0.2021 956
0.2022 951
0.2023 939
0.2024 931
0.2025 919
0.2026 942
0.2027 935
0.2028 933
0.2029 942
0.203 931
0.2031 941
0.2032 934
0.2033 910
0.2034 897
0.2035 886
0.2036 878
0.2037 877
0.2038 860
0.2039 844
0.204 836
0.2041 839
0.2042 830
0.2043 833
0.2044 833
0.2045 843
0.2046 838
0.2047 818
0.2048 820
0.2049 806
0.205 813
0.2051 818
0.2052 816
0.2053 797
0.2054 813
0.2055 817
0.2056 801
0.2057 789
0.2058 816
0.2059 831
0.206 848
0.2061 848
0.2062 831
0.2063 829
0.2064 823
0.2065 815
0.2066 805
0.2067 782
0.2068 758
0.2069 750
0.207 728
0.2071 701
0.2072 689
0.2073 685
0.2074 658
0.2075 665
0.2076 653
0.2077 642
0.2078 650
0.2079 634
0.208 645
0.2081 645
0.2082 658
0.2083 676
0.2084 700
0.2085 712
0.2086 719
0.2087 717
0.2088 715
0.2089 693
0.209 673
0.2091 652
0.2092 628
0.2093 596
0.2094 582
0.2095 558
0.2096 534
0.2097 527
0.2098 499
0.2099 468
0.21 448
0.2101 442
0.2102 434
0.2103 431
0.2104 434
0.2105 433
0.2106 427
0.2107 417
0.2108 407
0.2109 401
0.211 391
0.2111 381
0.2112 361
0.2113 371
0.2114 362
0.2115 351
0.2116 328
0.2117 314
0.2118 304
0.2119 303
0.212 300
0.2121 287
0.2122 256
0.2123 239
0.2124 214
0.2125 190
0.2126 150
0.2127 130
0.2128 100
0.2129 89
0.213 85
0.2131 77
0.2132 46
0.2133 41
0.2134 15
0.2135 18
0.2136 7
0.2137 6
0.2138 3
0.2139 1
0.214 4
0.2141 4
0.2142 4
0.2143 1
0.2144 0
0.2145 0
0.2146 0
0.2147 0
0.2148 0
0.2149 0
0.215 0
0.2151 0
0.2152 0
0.2153 2
0.2154 0
0.2155 2
0.2156 0
0.2157 1
0.2158 0
0.2159 0
0.216 0
0.2161 0
0.2162 0
0.2163 2
0.2164 0
0.2165 2
0.2166 0
0.2167 2
0.2168 0
0.2169 0
0.217 3
0.2171 0
0.2172 0
0.2173 0
0.2174 0
0.2175 1
0.2176 0
0.2177 1
0.2178 0
0.2179 0
0.218 0
0.2181 1
0.2182 0
0.2183 1
0.2184 0
0.2185 0
0.2186 1
0.2187 1
0.2188 0
0.2189 0
0.219 0
0.2191 0
0.2192 0
0.2193 2
0.2194 1
0.2195 0
0.2196 0
0.2197 0
0.2198 1
0.2199 1
0.22 1
0.2201 2
0.2202 0
0.2203 1
0.2204 0
0.2205 1
0.2206 0
0.2207 0
0.2208 1
0.2209 0
0.221 1
0.2211 1
0.2212 0
0.2213 1
0.2214 0
0.2215 1
0.2216 0
0.2217 1
0.2218 0
0.2219 1
0.222 2
0.2221 0
0.2222 0
0.2223 1
0.2224 0
0.2225 1
0.2226 0
0.2227 2
0.2228 2
0.2229 0
0.223 0
0.2231 0
0.2232 1
0.2233 1
0.2234 1
0.2235 2
0.2236 2
0.2237 0
0.2238 1
0.2239 0
0.224 0
0.2241 1
0.2242 0
0.2243 1
0.2244 0
0.2245 1
0.2246 0
0.2247 0
0.2248 0
0.2249 0
0.225 0
0.2251 1
0.2252 0
0.2253 0
0.2254 0
0.2255 1
0.2256 1
0.2257 0
0.2258 0
0.2259 0
0.226 2
0.2261 0
0.2262 0
0.2263 0
0.2264 0
0.2265 0
0.2266 0
0.2267 0
0.2268 0
0.2269 1
0.227 0
0.2271 1
0.2272 2
0.2273 1
0.2274 0
0.2275 2
0.2276 1
0.2277 0
0.2278 1
0.2279 0
0.228 0
0.2281 0
0.2282 2
0.2283 1
0.2284 0
0.2285 0
0.2286 1
0.2287 0
0.2288 1
0.2289 1
0.229 0
0.2291 1
0.2292 1
0.2293 0
0.2294 1
0.2295 1
0.2296 1
0.2297 0
0.2298 0
0.2299 1
0.23 1
0.2301 0
0.2302 0
0.2303 2
0.2304 1
0.2305 2
0.2306 0
0.2307 1
0.2308 2
0.2309 0
0.231 0
0.2311 0
0.2312 0
0.2313 1
0.2314 0
0.2315 1
0.2316 0
0.2317 1
0.2318 0
0.2319 0
0.232 1
0.2321 0
0.2322 0
0.2323 0
0.2324 0
0.2325 0
0.2326 0
0.2327 0
0.2328 3
0.2329 1
0.233 0
0.2331 0
0.2332 1
0.2333 0
0.2334 1
0.2335 0
0.2336 1
0.2337 1
0.2338 1
0.2339 0
0.234 2
0.2341 1
0.2342 1
0.2343 0
0.2344 1
0.2345 2
0.2346 1
0.2347 3
0.2348 3
0.2349 0
0.235 3
0.2351 1
0.2352 3
0.2353 0
0.2354 0
0.2355 2
0.2356 2
0.2357 3
0.2358 1
0.2359 3
0.236 0
0.2361 2
0.2362 0
0.2363 2
0.2364 1
0.2365 1
0.2366 0
0.2367 2
0.2368 1
0.2369 0
0.237 2
0.2371 2
0.2372 1
0.2373 4
0.2374 3
0.2375 1
0.2376 2
0.2377 2
0.2378 1
0.2379 4
0.238 0
0.2381 2
0.2382 4
0.2383 4
0.2384 3
0.2385 4
0.2386 3
0.2387 1
0.2388 2
0.2389 2
0.239 2
0.2391 0
0.2392 2
0.2393 1
0.2394 2
0.2395 3
0.2396 4
0.2397 2
0.2398 2
0.2399 3
0.24 2
0.2401 3
0.2402 1
0.2403 4
0.2404 1
0.2405 1
0.2406 2
0.2407 1
0.2408 0
0.2409 0
0.241 0
0.2411 0
0.2412 0
0.2413 1
0.2414 2
0.2415 0
0.2416 1
0.2417 1
0.2418 0
0.2419 0
0.242 1
0.2421 1
0.2422 0
0.2423 1
0.2424 1
0.2425 0
0.2426 1
0.2427 1
0.2428 1
0.2429 1
0.243 2
0.2431 3
0.2432 0
0.2433 2
0.2434 1
0.2435 0
0.2436 0
0.2437 0
0.2438 3
0.2439 0
0.244 0
0.2441 1
0.2442 0
0.2443 0
0.2444 1
0.2445 2
0.2446 1
0.2447 2
0.2448 0
0.2449 2
0.245 0
0.2451 2
0.2452 2
0.2453 0
0.2454 1
0.2455 1
0.2456 0
0.2457 0
0.2458 0
0.2459 1
0.246 2
0.2461 0
0.2462 1
0.2463 1
0.2464 1
0.2465 0
0.2466 2
0.2467 1
0.2468 4
0.2469 1
0.247 1
0.2471 2
0.2472 0
0.2473 0
0.2474 0
0.2475 0
0.2476 0
0.2477 1
0.2478 5
0.2479 1
0.248 4
0.2481 2
0.2482 3
0.2483 5
0.2484 1
0.2485 3
0.2486 2
0.2487 0
0.2488 0
0.2489 0
0.249 0
0.2491 0
0.2492 1
0.2493 0
0.2494 0
0.2495 2
0.2496 1
0.2497 6
0.2498 1
0.2499 1
0.25 2
