0 0
0.0001 0
0.0002 0
0.0003 0
0.0004 0
0.0005 0
0.0006 0
0.0007 0
0.0008 0
0.0009 0
0.001 0
0.0011 0
0.0012 0
0.0013 0
0.0014 0
0.0015 0
0.0016 1
0.0017 1
0.0018 1
0.0019 2
0.002 3
0.0021 3
0.0022 4
0.0023 5
0.0024 6
0.0025 6
0.0026 7
0.0027 8
0.0028 8
0.0029 9
0.003 9
0.0031 11
0.0032 12
0.0033 13
0.0034 15
0.0035 17
0.0036 19
0.0037 20
0.0038 23
0.0039 24
0.004 27
0.0041 29
0.0042 32
0.0043 35
0.0044 38
0.0045 41
0.0046 44
0.0047 47
0.0048 50
0.0049 54
0.005 58
0.0051 61
0.0052 64
0.0053 69
0.0054 73
0.0055 77
0.0056 80
0.0057 85
0.0058 88
0.0059 94
0.006 98
0.0061 101
0.0062 107
0.0063 111
0.0064 115
0.0065 120
0.0066 125
0.0067 130
0.0068 135
0.0069 139
0.007 143
0.0071 149
0.0072 153
0.0073 159
0.0074 164
0.0075 169
0.0076 174
0.0077 179
0.0078 185
0.0079 190
0.008 195
0.0081 199
0.0082 205
0.0083 211
0.0084 216
0.0085 222
0.0086 226
0.0087 233
0.0088 237
0.0089 244
0.009 250
0.0091 257
0.0092 263
0.0093 271
0.0094 276
0.0095 282
0.0096 290
0.0097 296
0.0098 304
0.0099 311
0.01 317
0.0101 322
0.0102 332
0.0103 339
0.0104 346
0.0105 353
0.0106 359
0.0107 365
0.0108 373
0.0109 379
0.011 386
0.0111 395
0.0112 401
0.0113 409
0.0114 417
0.0115 424
0.0116 430
0.0117 438
0.0118 447
0.0119 455
0.012 462
0.0121 470
0.0122 476
0.0123 486
0.0124 492
0.0125 502
0.0126 510
0.0127 518
0.0128 526
0.0129 535
0.013 544
0.0131 552
0.0132 561
0.0133 571
0.0134 580
0.0135 588
0.0136 596
0.0137 605
0.0138 613
0.0139 622
0.014 631
0.0141 639
0.0142 649
0.0143 658
0.0144 664
0.0145 677
0.0146 681
0.0147 693
0.0148 702
0.0149 712
0.015 720
0.0151 727
0.0152 737
0.0153 747
0.0154 753
0.0155 763
0.0156 771
0.0157 781
0.0158 789
0.0159 800
0.016 810
0.0161 819
0.0162 829
0.0163 837
0.0164 847
0.0165 857
0.0166 866
0.0167 878
0.0168 886
0.0169 896
0.017 907
0.0171 915
0.0172 926
0.0173 934
0.0174 942
0.0175 950
0.0176 959
0.0177 970
0.0178 979
0.0179 987
0.018 996
0.0181 1007
0.0182 1015
0.0183 1025
0.0184 1034
0.0185 1044
0.0186 1053
0.0187 1065
0.0188 1072
0.0189 1085
0.019 1095
0.0191 1104
0.0192 1114
0.0193 1127
0.0194 1136
0.0195 1148
0.0196 1161
0.0197 1169
0.0198 1182
0.0199 1191
0.02 1201
0.0201 1214
0.0202 1227
0.0203 1235
0.0204 1250
0.0205 1257
0.0206 1273
0.0207 1282
0.0208 1295
0.0209 1303
0.021 1316
0.0211 1329
0.0212 1337
0.0213 1352
0.0214 1359
0.0215 1373
0.0216 1380
0.0217 1389
0.0218 1401
0.0219 1412
0.022 1424
0.0221 1433
0.0222 1448
0.0223 1456
0.0224 1468
0.0225 1476
0.0226 1486
0.0227 1497
0.0228 1508
0.0229 1519
0.023 1531
0.0231 1535
0.0232 1545
0.0233 1557
0.0234 1562
0.0235 1572
0.0236 1582
0.0237 1593
0.0238 1604
0.0239 1611
0.024 1617
0.0241 1633
0.0242 1639
0.0243 1651
0.0244 1665
0.0245 1672
0.0246 1678
0.0247 1690
0.0248 1700
0.0249 1703
0.025 1716
0.0251 1722
0.0252 1729
0.0253 1736
0.0254 1745
0.0255 1757
0.0256 1763
0.0257 1768
0.0258 1779
0.0259 1782
0.026 1794
0.0261 1799
0.0262 1805
0.0263 1814
0.0264 1822
0.0265 1829
0.0266 1840
0.0267 1846
0.0268 1849
0.0269 1856
0.027 1867
0.0271 1866
0.0272 1886
0.0273 1894
0.0274 1883
0.0275 1895
0.0276 1908
0.0277 1909
0.0278 1926
0.0279 1929
0.028 1941
0.0281 1944
0.0282 1937
0.0283 1938
0.0284 1954
0.0285 1938
0.0286 1939
0.0287 1921
0.0288 1919
0.0289 1895
0.029 1858
0.0291 1811
0.0292 1768
0.0293 1715
0.0294 1660
0.0295 1621
0.0296 1583
0.0297 1544
0.0298 1517
0.0299 1490
0.03 1459
0.0301 1420
0.0302 1399
0.0303 1374
0.0304 1349
0.0305 1333
0.0306 1319
0.0307 1312
0.0308 1301
0.0309 1281
0.031 1253
0.0311 1222
0.0312 1209
0.0313 1178
0.0314 1154
0.0315 1144
0.0316 1113
0.0317 1083
0.0318 1051
0.0319 1029
0.032 1009
0.0321 977
0.0322 962
0.0323 946
0.0324 936
0.0325 916
0.0326 887
0.0327 868
0.0328 849
0.0329 835
0.033 821
0.0331 806
0.0332 794
0.0333 789
0.0334 786
0.0335 787
0.0336 800
0.0337 791
0.0338 787
0.0339 777
0.034 766
0.0341 754
0.0342 750
0.0343 743
0.0344 732
0.0345 721
0.0346 702
0.0347 702
0.0348 690
0.0349 682
0.035 678
0.0351 670
0.0352 660
0.0353 649
0.0354 631
0.0355 620
0.0356 609
0.0357 599
0.0358 586
0.0359 572
0.036 565
0.0361 553
0.0362 541
0.0363 532
0.0364 526
0.0365 514
0.0366 515
0.0367 515
0.0368 512
0.0369 509
0.037 499
0.0371 492
0.0372 494
0.0373 491
0.0374 489
0.0375 479
0.0376 470
0.0377 461
0.0378 455
0.0379 441
0.038 426
0.0381 410
0.0382 400
0.0383 395
0.0384 392
0.0385 402
0.0386 427
0.0387 442
0.0388 456
0.0389 478
0.039 512
0.0391 557
0.0392 588
0.0393 602
0.0394 612
0.0395 625
0.0396 628
0.0397 634
0.0398 642
0.0399 632
0.04 634
0.0401 627
0.0402 623
0.0403 619
0.0404 618
0.0405 607
0.0406 593
0.0407 586
0.0408 577
0.0409 568
0.041 557
0.0411 540
0.0412 541
0.0413 538
0.0414 529
0.0415 514
0.0416 511
0.0417 502
0.0418 492
0.0419 492
0.042 487
0.0421 473
0.0422 464
0.0423 457
0.0424 451
0.0425 442
0.0426 436
0.0427 430
0.0428 415
0.0429 408
0.043 394
0.0431 381
0.0432 376
0.0433 366
0.0434 364
0.0435 352
0.0436 347
0.0437 340
0.0438 340
0.0439 342
0.044 360
0.0441 384
0.0442 399
0.0443 408
0.0444 408
0.0445 411
0.0446 404
0.0447 402
0.0448 401
0.0449 392
0.045 390
0.0451 383
0.0452 377
0.0453 369
0.0454 368
0.0455 369
0.0456 385
0.0457 414
0.0458 438
0.0459 453
0.046 457
0.0461 471
0.0462 483
0.0463 480
0.0464 481
0.0465 481
0.0466 480
0.0467 477
0.0468 471
0.0469 465
0.047 456
0.0471 448
0.0472 436
0.0473 432
0.0474 426
0.0475 422
0.0476 413
0.0477 408
0.0478 394
0.0479 389
0.048 382
0.0481 377
0.0482 373
0.0483 364
0.0484 355
0.0485 350
0.0486 348
0.0487 336
0.0488 338
0.0489 336
0.049 334
0.0491 333
0.0492 334
0.0493 346
0.0494 353
0.0495 356
0.0496 347
0.0497 341
0.0498 339
0.0499 343
0.05 350
0.0501 361
0.0502 368
0.0503 369
0.0504 370
0.0505 372
0.0506 366
0.0507 361
0.0508 358
0.0509 357
0.051 350
0.0511 350
0.0512 345
0.0513 343
0.0514 337
0.0515 331
0.0516 325
0.0517 319
0.0518 309
0.0519 312
0.052 313
0.0521 319
0.0522 314
0.0523 312
0.0524 314
0.0525 320
0.0526 319
0.0527 311
0.0528 307
0.0529 304
0.053 307
0.0531 311
0.0532 312
0.0533 312
0.0534 306
0.0535 302
0.0536 303
0.0537 297
0.0538 293
0.0539 290
0.054 294
0.0541 295
0.0542 291
0.0543 302
0.0544 301
0.0545 288
0.0546 279
0.0547 275
0.0548 272
0.0549 265
0.055 265
0.0551 264
0.0552 261
0.0553 255
0.0554 256
0.0555 254
0.0556 256
0.0557 269
0.0558 272
0.0559 274
0.056 272
0.0561 278
0.0562 285
0.0563 302
0.0564 301
0.0565 305
0.0566 301
0.0567 295
0.0568 293
0.0569 288
0.057 281
0.0571 280
0.0572 283
0.0573 282
0.0574 289
0.0575 300
0.0576 332
0.0577 345
0.0578 359
0.0579 377
0.058 377
0.0581 372
0.0582 369
0.0583 381
0.0584 412
0.0585 439
0.0586 460
0.0587 467
0.0588 468
0.0589 466
0.059 461
0.0591 458
0.0592 454
0.0593 443
0.0594 435
0.0595 426
0.0596 413
0.0597 411
0.0598 406
0.0599 398
0.06 396
0.0601 393
0.0602 390
0.0603 383
0.0604 407
0.0605 436
0.0606 460
0.0607 479
0.0608 485
0.0609 488
0.061 494
0.0611 494
0.0612 508
0.0613 509
0.0614 521
0.0615 532
0.0616 536
0.0617 534
0.0618 542
0.0619 532
0.062 524
0.0621 518
0.0622 498
0.0623 484
0.0624 470
0.0625 459
0.0626 448
0.0627 436
0.0628 429
0.0629 419
0.063 406
0.0631 402
0.0632 393
0.0633 392
0.0634 395
0.0635 394
0.0636 388
0.0637 385
0.0638 379
0.0639 383
0.064 377
0.0641 375
0.0642 376
0.0643 374
0.0644 370
0.0645 361
0.0646 362
0.0647 363
0.0648 368
0.0649 370
0.065 363
0.0651 361
0.0652 358
0.0653 352
0.0654 347
0.0655 342
0.0656 337
0.0657 327
0.0658 323
0.0659 324
0.066 319
0.0661 320
0.0662 318
0.0663 309
0.0664 300
0.0665 297
0.0666 290
0.0667 285
0.0668 283
0.0669 282
0.067 286
0.0671 288
0.0672 287
0.0673 288
0.0674 282
0.0675 280
0.0676 275
0.0677 275
0.0678 271
0.0679 275
0.068 279
0.0681 301
0.0682 318
0.0683 350
0.0684 373
0.0685 405
0.0686 421
0.0687 428
0.0688 433
0.0689 433
0.069 438
0.0691 428
0.0692 424
0.0693 415
0.0694 408
0.0695 410
0.0696 407
0.0697 395
0.0698 389
0.0699 373
0.07 368
0.0701 369
0.0702 363
0.0703 354
0.0704 351
0.0705 349
0.0706 351
0.0707 363
0.0708 357
0.0709 362
0.071 361
0.0711 357
0.0712 344
0.0713 343
0.0714 345
0.0715 363
0.0716 375
0.0717 381
0.0718 380
0.0719 378
0.072 373
0.0721 371
0.0722 366
0.0723 371
0.0724 393
0.0725 416
0.0726 447
0.0727 473
0.0728 486
0.0729 486
0.073 480
0.0731 479
0.0732 469
0.0733 469
0.0734 464
0.0735 464
0.0736 468
0.0737 464
0.0738 458
0.0739 450
0.074 442
0.0741 436
0.0742 441
0.0743 443
0.0744 444
0.0745 442
0.0746 433
0.0747 425
0.0748 421
0.0749 417
0.075 416
0.0751 418
0.0752 412
0.0753 415
0.0754 421
0.0755 428
0.0756 428
0.0757 433
0.0758 428
0.0759 429
0.076 431
0.0761 435
0.0762 435
0.0763 445
0.0764 472
0.0765 477
0.0766 484
0.0767 498
0.0768 510
0.0769 518
0.077 533
0.0771 559
0.0772 571
0.0773 585
0.0774 595
0.0775 602
0.0776 603
0.0777 603
0.0778 608
0.0779 614
0.078 613
0.0781 609
0.0782 612
0.0783 615
0.0784 611
0.0785 610
0.0786 616
0.0787 621
0.0788 617
0.0789 623
0.079 625
0.0791 626
0.0792 627
0.0793 626
0.0794 628
0.0795 633
0.0796 631
0.0797 632
0.0798 637
0.0799 637
0.08 637
0.0801 641
0.0802 642
0.0803 645
0.0804 647
0.0805 649
0.0806 648
0.0807 651
0.0808 656
0.0809 658
0.081 660
0.0811 663
0.0812 668
0.0813 670
0.0814 673
0.0815 675
0.0816 677
0.0817 683
0.0818 685
0.0819 688
0.082 690
0.0821 694
0.0822 698
0.0823 703
0.0824 705
0.0825 709
0.0826 711
0.0827 715
0.0828 720
0.0829 726
0.083 729
0.0831 733
0.0832 740
0.0833 742
0.0834 749
0.0835 754
0.0836 756
0.0837 759
0.0838 767
0.0839 771
0.084 778
0.0841 782
0.0842 787
0.0843 791
0.0844 797
0.0845 804
0.0846 811
0.0847 816
0.0848 822
0.0849 829
0.085 835
0.0851 840
0.0852 846
0.0853 852
0.0854 858
0.0855 866
0.0856 871
0.0857 875
0.0858 881
0.0859 889
0.086 890
0.0861 898
0.0862 905
0.0863 908
0.0864 915
0.0865 922
0.0866 929
0.0867 936
0.0868 941
0.0869 948
0.087 959
0.0871 963
0.0872 966
0.0873 970
0.0874 982
0.0875 992
0.0876 1002
0.0877 1008
0.0878 1013
0.0879 1020
0.088 1029
0.0881 1037
0.0882 1045
0.0883 1047
0.0884 1058
0.0885 1066
0.0886 1071
0.0887 1078
0.0888 1089
0.0889 1096
0.089 1106
0.0891 1111
0.0892 1123
0.0893 1129
0.0894 1136
0.0895 1145
0.0896 1155
0.0897 1157
0.0898 1172
0.0899 1178
0.09 1187
0.0901 1193
0.0902 1201
0.0903 1212
0.0904 1219
0.0905 1227
0.0906 1233
0.0907 1239
0.0908 1245
0.0909 1252
0.091 1259
0.0911 1266
0.0912 1277
0.0913 1285
0.0914 1290
0.0915 1298
0.0916 1307
0.0917 1311
0.0918 1320
0.0919 1328
0.092 1330
0.0921 1339
0.0922 1350
0.0923 1353
0.0924 1361
0.0925 1367
0.0926 1377
0.0927 1383
0.0928 1391
0.0929 1395
0.093 1405
0.0931 1414
0.0932 1420
0.0933 1424
0.0934 1435
0.0935 1445
0.0936 1450
0.0937 1459
0.0938 1464
0.0939 1471
0.094 1480
0.0941 1489
0.0942 1494
0.0943 1503
0.0944 1512
0.0945 1511
0.0946 1522
0.0947 1528
0.0948 1538
0.0949 1545
0.095 1551
0.0951 1560
0.0952 1567
0.0953 1575
0.0954 1585
0.0955 1593
0.0956 1598
0.0957 1608
0.0958 1619
0.0959 1628
0.096 1637
0.0961 1643
0.0962 1650
0.0963 1660
0.0964 1668
0.0965 1678
0.0966 1680
0.0967 1692
0.0968 1698
0.0969 1714
0.097 1715
0.0971 1730
0.0972 1737
0.0973 1738
0.0974 1751
0.0975 1759
0.0976 1759
0.0977 1776
0.0978 1783
0.0979 1781
0.098 1806
0.0981 1806
0.0982 1807
0.0983 1818
0.0984 1830
0.0985 1836
0.0986 1846
0.0987 1851
0.0988 1868
0.0989 1870
0.099 1886
0.0991 1878
0.0992 1880
0.0993 1890
0.0994 1897
0.0995 1891
0.0996 1900
0.0997 1893
0.0998 1888
0.0999 1893
0.1 1889
0.1001 1890
0.1002 1878
0.1003 1853
0.1004 1830
0.1005 1816
0.1006 1803
0.1007 1801
0.1008 1804
0.1009 1779
0.101 1765
0.1011 1738
0.1012 1703
0.1013 1668
0.1014 1639
0.1015 1601
0.1016 1577
0.1017 1553
0.1018 1529
0.1019 1512
0.102 1484
0.1021 1465
0.1022 1432
0.1023 1396
0.1024 1378
0.1025 1354
0.1026 1314
0.1027 1283
0.1028 1260
0.1029 1230
0.103 1200
0.1031 1174
0.1032 1145
0.1033 1126
0.1034 1090
0.1035 1072
0.1036 1043
0.1037 1020
0.1038 998
0.1039 977
0.104 959
0.1041 936
0.1042 925
0.1043 909
0.1044 886
0.1045 874
0.1046 864
0.1047 847
0.1048 831
0.1049 823
0.105 807
0.1051 798
0.1052 788
0.1053 780
0.1054 761
0.1055 753
0.1056 741
0.1057 737
0.1058 725
0.1059 719
0.106 705
0.1061 691
0.1062 676
0.1063 663
0.1064 645
0.1065 634
0.1066 614
0.1067 602
0.1068 590
0.1069 581
0.107 568
0.1071 557
0.1072 545
0.1073 531
0.1074 516
0.1075 507
0.1076 498
0.1077 499
0.1078 492
0.1079 485
0.108 475
0.1081 468
0.1082 467
0.1083 465
0.1084 466
0.1085 454
0.1086 446
0.1087 441
0.1088 442
0.1089 436
0.109 435
0.1091 434
0.1092 424
0.1093 419
0.1094 429
0.1095 419
0.1096 409
0.1097 402
0.1098 393
0.1099 389
0.11 384
0.1101 375
0.1102 368
0.1103 365
0.1104 357
0.1105 355
0.1106 344
0.1107 339
0.1108 328
0.1109 316
0.111 314
0.1111 316
0.1112 320
0.1113 324
0.1114 325
0.1115 327
0.1116 325
0.1117 318
0.1118 316
0.1119 312
0.112 312
0.1121 314
0.1122 311
0.1123 319
0.1124 321
0.1125 319
0.1126 315
0.1127 310
0.1128 316
0.1129 341
0.113 350
0.1131 358
0.1132 355
0.1133 354
0.1134 350
0.1135 352
0.1136 351
0.1137 357
0.1138 356
0.1139 352
0.114 353
0.1141 342
0.1142 339
0.1143 328
0.1144 319
0.1145 312
0.1146 306
0.1147 303
0.1148 299
0.1149 295
0.115 297
0.1151 300
0.1152 300
0.1153 309
0.1154 308
0.1155 306
0.1156 306
0.1157 306
0.1158 300
0.1159 308
0.116 312
0.1161 312
0.1162 314
0.1163 313
0.1164 323
0.1165 334
0.1166 364
0.1167 386
0.1168 394
0.1169 403
0.117 415
0.1171 422
0.1172 417
0.1173 411
0.1174 415
0.1175 420
0.1176 430
0.1177 432
0.1178 440
0.1179 435
0.118 435
0.1181 430
0.1182 429
0.1183 425
0.1184 415
0.1185 408
0.1186 403
0.1187 398
0.1188 394
0.1189 394
0.119 388
0.1191 384
0.1192 382
0.1193 374
0.1194 358
0.1195 357
0.1196 351
0.1197 351
0.1198 340
0.1199 339
0.12 341
0.1201 342
0.1202 344
0.1203 340
0.1204 339
0.1205 333
0.1206 324
0.1207 315
0.1208 309
0.1209 309
0.121 309
0.1211 306
0.1212 300
0.1213 298
0.1214 295
0.1215 294
0.1216 284
0.1217 284
0.1218 279
0.1219 271
0.122 263
0.1221 266
0.1222 288
0.1223 308
0.1224 318
0.1225 337
0.1226 341
0.1227 346
0.1228 345
0.1229 351
0.123 349
0.1231 349
0.1232 355
0.1233 358
0.1234 363
0.1235 373
0.1236 377
0.1237 373
0.1238 376
0.1239 378
0.124 384
0.1241 378
0.1242 373
0.1243 366
0.1244 364
0.1245 359
0.1246 361
0.1247 361
0.1248 363
0.1249 365
0.125 358
0.1251 350
0.1252 348
0.1253 339
0.1254 343
0.1255 344
0.1256 350
0.1257 359
0.1258 385
0.1259 406
0.126 419
0.1261 425
0.1262 431
0.1263 420
0.1264 412
0.1265 414
0.1266 428
0.1267 438
0.1268 444
0.1269 436
0.127 430
0.1271 425
0.1272 428
0.1273 427
0.1274 437
0.1275 434
0.1276 444
0.1277 440
0.1278 436
0.1279 434
0.128 441
0.1281 448
0.1282 444
0.1283 436
0.1284 434
0.1285 430
0.1286 430
0.1287 416
0.1288 414
0.1289 411
0.129 408
0.1291 412
0.1292 412
0.1293 411
0.1294 404
0.1295 403
0.1296 401
0.1297 398
0.1298 401
0.1299 399
0.13 390
0.1301 384
0.1302 375
0.1303 375
0.1304 372
0.1305 368
0.1306 361
0.1307 357
0.1308 350
0.1309 345
0.131 339
0.1311 337
0.1312 342
0.1313 344
0.1314 337
0.1315 333
0.1316 330
0.1317 328
0.1318 323
0.1319 313
0.132 324
0.1321 334
0.1322 341
0.1323 337
0.1324 332
0.1325 327
0.1326 319
0.1327 317
0.1328 318
0.1329 312
0.133 319
0.1331 321
0.1332 322
0.1333 338
0.1334 354
0.1335 374
0.1336 389
0.1337 410
0.1338 424
0.1339 431
0.134 442
0.1341 455
0.1342 457
0.1343 456
0.1344 454
0.1345 453
0.1346 450
0.1347 445
0.1348 463
0.1349 496
0.135 514
0.1351 528
0.1352 546
0.1353 563
0.1354 583
0.1355 592
0.1356 605
0.1357 612
0.1358 607
0.1359 599
0.136 595
0.1361 585
0.1362 574
0.1363 555
0.1364 555
0.1365 550
0.1366 543
0.1367 538
0.1368 533
0.1369 531
0.137 524
0.1371 542
0.1372 541
0.1373 541
0.1374 537
0.1375 540
0.1376 534
0.1377 531
0.1378 530
0.1379 520
0.138 513
0.1381 504
0.1382 495
0.1383 491
0.1384 485
0.1385 476
0.1386 473
0.1387 472
0.1388 471
0.1389 473
0.139 464
0.1391 462
0.1392 454
0.1393 447
0.1394 448
0.1395 438
0.1396 436
0.1397 426
0.1398 416
0.1399 414
0.14 413
0.1401 404
0.1402 399
0.1403 381
0.1404 368
0.1405 361
0.1406 359
0.1407 354
0.1408 353
0.1409 342
0.141 344
0.1411 342
0.1412 351
0.1413 358
0.1414 359
0.1415 361
0.1416 367
0.1417 368
0.1418 368
0.1419 384
0.142 381
0.1421 382
0.1422 377
0.1423 375
0.1424 371
0.1425 372
0.1426 369
0.1427 370
0.1428 375
0.1429 368
0.143 372
0.1431 365
0.1432 362
0.1433 357
0.1434 358
0.1435 350
0.1436 349
0.1437 353
0.1438 357
0.1439 354
0.144 361
0.1441 364
0.1442 371
0.1443 377
0.1444 377
0.1445 373
0.1446 370
0.1447 364
0.1448 371
0.1449 370
0.145 378
0.1451 378
0.1452 382
0.1453 386
0.1454 381
0.1455 376
0.1456 372
0.1457 365
0.1458 358
0.1459 354
0.146 348
0.1461 356
0.1462 376
0.1463 377
0.1464 372
0.1465 375
0.1466 371
0.1467 374
0.1468 377
0.1469 375
0.147 371
0.1471 365
0.1472 365
0.1473 366
0.1474 364
0.1475 367
0.1476 364
0.1477 366
0.1478 366
0.1479 361
0.148 361
0.1481 354
0.1482 354
0.1483 353
0.1484 356
0.1485 349
0.1486 341
0.1487 338
0.1488 332
0.1489 324
0.149 319
0.1491 320
0.1492 323
0.1493 329
0.1494 329
0.1495 329
0.1496 323
0.1497 317
0.1498 316
0.1499 313
0.15 312
0.1501 306
0.1502 300
0.1503 295
0.1504 294
0.1505 304
0.1506 313
0.1507 319
0.1508 322
0.1509 325
0.151 329
0.1511 330
0.1512 331
0.1513 339
0.1514 342
0.1515 347
0.1516 341
0.1517 336
0.1518 341
0.1519 337
0.152 333
0.1521 327
0.1522 323
0.1523 321
0.1524 316
0.1525 318
0.1526 323
0.1527 317
0.1528 319
0.1529 315
0.153 315
0.1531 319
0.1532 317
0.1533 319
0.1534 317
0.1535 324
0.1536 324
0.1537 325
0.1538 331
0.1539 339
0.154 353
0.1541 353
0.1542 352
0.1543 359
0.1544 366
0.1545 361
0.1546 369
0.1547 375
0.1548 370
0.1549 367
0.155 374
0.1551 376
0.1552 380
0.1553 375
0.1554 372
0.1555 374
0.1556 374
0.1557 381
0.1558 387
0.1559 396
0.156 402
0.1561 414
0.1562 426
0.1563 451
0.1564 465
0.1565 483
0.1566 486
0.1567 497
0.1568 502
0.1569 506
0.157 501
0.1571 500
0.1572 502
0.1573 506
0.1574 508
0.1575 513
0.1576 518
0.1577 518
0.1578 520
0.1579 526
0.158 520
0.1581 526
0.1582 528
0.1583 528
0.1584 529
0.1585 530
0.1586 531
0.1587 533
0.1588 532
0.1589 536
0.159 537
0.1591 538
0.1592 540
0.1593 543
0.1594 541
0.1595 545
0.1596 542
0.1597 548
0.1598 549
0.1599 553
0.16 556
0.1601 554
0.1602 562
0.1603 564
0.1604 567
0.1605 569
0.1606 573
0.1607 574
0.1608 579
0.1609 582
0.161 586
0.1611 588
0.1612 592
0.1613 595
0.1614 600
0.1615 603
0.1616 607
0.1617 610
0.1618 615
0.1619 618
0.162 623
0.1621 627
0.1622 631
0.1623 634
0.1624 640
0.1625 645
0.1626 650
0.1627 654
0.1628 657
0.1629 664
0.163 667
0.1631 673
0.1632 679
0.1633 685
0.1634 691
0.1635 697
0.1636 704
0.1637 710
0.1638 714
0.1639 722
0.164 727
0.1641 733
0.1642 736
0.1643 744
0.1644 752
0.1645 755
0.1646 764
0.1647 770
0.1648 773
0.1649 780
0.165 788
0.1651 792
0.1652 799
0.1653 806
0.1654 813
0.1655 818
0.1656 826
0.1657 831
0.1658 839
0.1659 848
0.166 854
0.1661 859
0.1662 868
0.1663 871
0.1664 880
0.1665 886
0.1666 892
0.1667 898
0.1668 908
0.1669 915
0.167 922
0.1671 929
0.1672 935
0.1673 941
0.1674 950
0.1675 953
0.1676 960
0.1677 967
0.1678 975
0.1679 982
0.168 989
0.1681 997
0.1682 1005
0.1683 1012
0.1684 1018
0.1685 1022
0.1686 1034
0.1687 1041
0.1688 1048
0.1689 1057
0.169 1062
0.1691 1069
0.1692 1079
0.1693 1086
0.1694 1095
0.1695 1103
0.1696 1109
0.1697 1112
0.1698 1128
0.1699 1133
0.17 1139
0.1701 1145
0.1702 1155
0.1703 1164
0.1704 1172
0.1705 1182
0.1706 1190
0.1707 1197
0.1708 1209
0.1709 1214
0.171 1224
0.1711 1234
0.1712 1244
0.1713 1248
0.1714 1261
0.1715 1268
0.1716 1276
0.1717 1286
0.1718 1294
0.1719 1302
0.172 1311
0.1721 1320
0.1722 1327
0.1723 1339
0.1724 1346
0.1725 1356
0.1726 1364
0.1727 1373
0.1728 1382
0.1729 1388
0.173 1403
0.1731 1407
0.1732 1417
0.1733 1432
0.1734 1440
0.1735 1450
0.1736 1463
0.1737 1473
0.1738 1483
0.1739 1491
0.174 1496
0.1741 1509
0.1742 1522
0.1743 1530
0.1744 1540
0.1745 1544
0.1746 1554
0.1747 1569
0.1748 1575
0.1749 1588
0.175 1597
0.1751 1602
0.1752 1614
0.1753 1621
0.1754 1632
0.1755 1645
0.1756 1651
0.1757 1660
0.1758 1670
0.1759 1680
0.176 1688
0.1761 1696
0.1762 1708
0.1763 1716
0.1764 1728
0.1765 1731
0.1766 1744
0.1767 1757
0.1768 1766
0.1769 1776
0.177 1787
0.1771 1787
0.1772 1795
0.1773 1805
0.1774 1809
0.1775 1822
0.1776 1829
0.1777 1838
0.1778 1844
0.1779 1844
0.178 1854
0.1781 1858
0.1782 1852
0.1783 1861
0.1784 1860
0.1785 1873
0.1786 1877
0.1787 1884
0.1788 1885
0.1789 1876
0.179 1856
0.1791 1859
0.1792 1869
0.1793 1881
0.1794 1881
0.1795 1873
0.1796 1869
0.1797 1849
0.1798 1835
0.1799 1830
0.18 1820
0.1801 1814
0.1802 1793
0.1803 1788
0.1804 1780
0.1805 1744
0.1806 1715
0.1807 1684
0.1808 1645
0.1809 1612
0.181 1576
0.1811 1548
0.1812 1519
0.1813 1496
0.1814 1453
0.1815 1416
0.1816 1392
0.1817 1362
0.1818 1341
0.1819 1309
0.182 1297
0.1821 1272
0.1822 1251
0.1823 1229
0.1824 1192
0.1825 1167
0.1826 1132
0.1827 1115
0.1828 1092
0.1829 1082
0.183 1065
0.1831 1043
0.1832 1024
0.1833 1009
0.1834 992
0.1835 962
0.1836 939
0.1837 924
0.1838 916
0.1839 897
0.184 878
0.1841 860
0.1842 846
0.1843 827
0.1844 816
0.1845 805
0.1846 796
0.1847 779
0.1848 758
0.1849 727
0.185 708
0.1851 691
0.1852 683
0.1853 666
0.1854 651
0.1855 632
0.1856 624
0.1857 612
0.1858 600
0.1859 587
0.186 579
0.1861 568
0.1862 558
0.1863 542
0.1864 535
0.1865 524
0.1866 522
0.1867 517
0.1868 507
0.1869 503
0.187 502
0.1871 508
0.1872 516
0.1873 516
0.1874 510
0.1875 507
0.1876 497
0.1877 491
0.1878 482
0.1879 474
0.188 466
0.1881 454
0.1882 445
0.1883 437
0.1884 428
0.1885 425
0.1886 426
0.1887 428
0.1888 429
0.1889 422
0.189 420
0.1891 416
0.1892 418
0.1893 412
0.1894 418
0.1895 428
0.1896 440
0.1897 441
0.1898 448
0.1899 447
0.19 457
0.1901 458
0.1902 458
0.1903 442
0.1904 439
0.1905 432
0.1906 424
0.1907 426
0.1908 420
0.1909 417
0.191 411
0.1911 407
0.1912 405
0.1913 399
0.1914 385
0.1915 381
0.1916 377
0.1917 374
0.1918 374
0.1919 377
0.192 383
0.1921 387
0.1922 402
0.1923 424
0.1924 458
0.1925 496
0.1926 513
0.1927 534
0.1928 541
0.1929 553
0.193 547
0.1931 538
0.1932 539
0.1933 545
0.1934 542
0.1935 533
0.1936 524
0.1937 521
0.1938 517
0.1939 515
0.194 511
0.1941 508
0.1942 507
0.1943 497
0.1944 488
0.1945 494
0.1946 487
0.1947 486
0.1948 482
0.1949 483
0.195 476
0.1951 466
0.1952 455
0.1953 452
0.1954 441
0.1955 430
0.1956 413
0.1957 413
0.1958 407
0.1959 399
0.196 404
0.1961 403
0.1962 400
0.1963 404
0.1964 403
0.1965 406
0.1966 406
0.1967 408
0.1968 406
0.1969 405
0.197 399
0.1971 400
0.1972 403
0.1973 410
0.1974 418
0.1975 417
0.1976 414
0.1977 417
0.1978 414
0.1979 420
0.198 416
0.1981 406
0.1982 410
0.1983 399
0.1984 404
0.1985 409
0.1986 403
0.1987 400
0.1988 400
0.1989 404
0.199 405
0.1991 401
0.1992 397
0.1993 402
0.1994 401
0.1995 402
0.1996 389
0.1997 389
0.1998 381
0.1999 382
0.2 375
0.2001 376
0.2002 373
0.2003 371
0.2004 369
0.2005 365
0.2006 361
0.2007 353
0.2008 350
0.2009 348
0.201 345
0.2011 341
0.2012 345
0.2013 351
0.2014 344
0.2015 337
0.2016 332
0.2017 319
0.2018 314
0.2019 310
0.202 307
0.2021 305
0.2022 306
0.2023 303
0.2024 297
0.2025 297
0.2026 293
0.2027 294
0.2028 289
0.2029 286
0.203 287
0.2031 303
0.2032 317
0.2033 334
0.2034 346
0.2035 354
0.2036 366
0.2037 374
0.2038 386
0.2039 391
0.204 393
0.2041 385
0.2042 373
0.2043 364
0.2044 368
0.2045 376
0.2046 403
0.2047 425
0.2048 435
0.2049 447
0.205 442
0.2051 438
0.2052 444
0.2053 452
0.2054 452
0.2055 460
0.2056 467
0.2057 466
0.2058 463
0.2059 475
0.206 482
0.2061 484
0.2062 476
0.2063 484
0.2064 473
0.2065 467
0.2066 468
0.2067 457
0.2068 458
0.2069 455
0.207 453
0.2071 445
0.2072 441
0.2073 436
0.2074 438
0.2075 429
0.2076 425
0.2077 423
0.2078 424
0.2079 449
0.208 470
0.2081 485
0.2082 488
0.2083 491
0.2084 497
0.2085 504
0.2086 510
0.2087 502
0.2088 502
0.2089 496
0.209 493
0.2091 485
0.2092 479
0.2093 476
0.2094 465
0.2095 455
0.2096 451
0.2097 447
0.2098 445
0.2099 445
0.21 447
0.2101 442
0.2102 440
0.2103 436
0.2104 430
0.2105 427
0.2106 417
0.2107 407
0.2108 409
0.2109 404
0.211 420
0.2111 443
0.2112 466
0.2113 491
0.2114 506
0.2115 528
0.2116 536
0.2117 546
0.2118 549
0.2119 547
0.212 548
0.2121 543
0.2122 532
0.2123 525
0.2124 519
0.2125 515
0.2126 512
0.2127 503
0.2128 498
0.2129 494
0.213 484
0.2131 466
0.2132 450
0.2133 445
0.2134 439
0.2135 428
0.2136 429
0.2137 424
0.2138 422
0.2139 424
0.214 426
0.2141 427
0.2142 418
0.2143 405
0.2144 400
0.2145 397
0.2146 394
0.2147 384
0.2148 387
0.2149 384
0.215 386
0.2151 380
0.2152 371
0.2153 363
0.2154 356
0.2155 351
0.2156 349
0.2157 350
0.2158 346
0.2159 350
0.216 352
0.2161 347
0.2162 344
0.2163 340
0.2164 337
0.2165 333
0.2166 332
0.2167 326
0.2168 327
0.2169 325
0.217 328
0.2171 333
0.2172 363
0.2173 388
0.2174 411
0.2175 420
0.2176 431
0.2177 443
0.2178 466
0.2179 505
0.218 531
0.2181 562
0.2182 594
0.2183 622
0.2184 653
0.2185 695
0.2186 728
0.2187 742
0.2188 759
0.2189 769
0.219 771
0.2191 772
0.2192 773
0.2193 772
0.2194 772
0.2195 773
0.2196 767
0.2197 774
0.2198 778
0.2199 782
0.22 783
0.2201 782
0.2202 786
0.2203 780
0.2204 785
0.2205 788
0.2206 789
0.2207 790
0.2208 794
0.2209 794
0.221 798
0.2211 797
0.2212 799
0.2213 800
0.2214 801
0.2215 805
0.2216 805
0.2217 805
0.2218 804
0.2219 808
0.222 808
0.2221 813
0.2222 817
0.2223 817
0.2224 818
0.2225 819
0.2226 823
0.2227 827
0.2228 830
0.2229 831
0.223 837
0.2231 839
0.2232 840
0.2233 846
0.2234 850
0.2235 855
0.2236 856
0.2237 857
0.2238 865
0.2239 867
0.224 868
0.2241 875
0.2242 876
0.2243 884
0.2244 885
0.2245 891
0.2246 895
0.2247 896
0.2248 903
0.2249 905
0.225 908
0.2251 914
0.2252 915
0.2253 922
0.2254 924
0.2255 926
0.2256 934
0.2257 939
0.2258 940
0.2259 945
0.226 950
0.2261 954
0.2262 958
0.2263 962
0.2264 967
0.2265 972
0.2266 978
0.2267 982
0.2268 986
0.2269 995
0.227 1000
0.2271 1002
0.2272 1011
0.2273 1014
0.2274 1020
0.2275 1026
0.2276 1031
0.2277 1038
0.2278 1045
0.2279 1048
0.228 1054
0.2281 1059
0.2282 1069
0.2283 1073
0.2284 1080
0.2285 1084
0.2286 1091
0.2287 1100
0.2288 1098
0.2289 1108
0.229 1117
0.2291 1120
0.2292 1130
0.2293 1133
0.2294 1142
0.2295 1148
0.2296 1156
0.2297 1160
0.2298 1166
0.2299 1171
0.23 1178
0.2301 1186
0.2302 1194
0.2303 1201
0.2304 1209
0.2305 1215
0.2306 1222
0.2307 1228
0.2308 1233
0.2309 1237
0.231 1249
0.2311 1255
0.2312 1258
0.2313 1263
0.2314 1273
0.2315 1279
0.2316 1286
0.2317 1294
0.2318 1303
0.2319 1308
0.232 1315
0.2321 1324
0.2322 1330
0.2323 1341
0.2324 1343
0.2325 1354
0.2326 1359
0.2327 1366
0.2328 1373
0.2329 1377
0.233 1387
0.2331 1393
0.2332 1405
0.2333 1408
0.2334 1423
0.2335 1428
0.2336 1434
0.2337 1442
0.2338 1446
0.2339 1456
0.234 1467
0.2341 1470
0.2342 1478
0.2343 1482
0.2344 1491
0.2345 1503
0.2346 1508
0.2347 1513
0.2348 1513
0.2349 1527
0.235 1538
0.2351 1542
0.2352 1550
0.2353 1555
0.2354 1563
0.2355 1573
0.2356 1576
0.2357 1581
0.2358 1594
0.2359 1602
0.236 1610
0.2361 1613
0.2362 1618
0.2363 1623
0.2364 1635
0.2365 1640
0.2366 1645
0.2367 1655
0.2368 1652
0.2369 1667
0.237 1661
0.2371 1685
0.2372 1687
0.2373 1695
0.2374 1698
0.2375 1713
0.2376 1714
0.2377 1720
0.2378 1728
0.2379 1736
0.238 1740
0.2381 1748
0.2382 1749
0.2383 1758
0.2384 1771
0.2385 1771
0.2386 1783
0.2387 1786
0.2388 1791
0.2389 1800
0.239 1794
0.2391 1803
0.2392 1804
0.2393 1801
0.2394 1818
0.2395 1807
0.2396 1820
0.2397 1832
0.2398 1848
0.2399 1856
0.24 1865
0.2401 1864
0.2402 1853
0.2403 1853
0.2404 1819
0.2405 1795
0.2406 1763
0.2407 1730
0.2408 1707
0.2409 1675
0.241 1655
0.2411 1618
0.2412 1580
0.2413 1539
0.2414 1503
0.2415 1462
0.2416 1424
0.2417 1386
0.2418 1360
0.2419 1343
0.242 1321
0.2421 1292
0.2422 1250
0.2423 1226
0.2424 1198
0.2425 1167
0.2426 1141
0.2427 1115
0.2428 1088
0.2429 1064
0.243 1025
0.2431 994
0.2432 963
0.2433 939
0.2434 919
0.2435 894
0.2436 870
0.2437 854
0.2438 837
0.2439 836
0.244 851
0.2441 850
0.2442 851
0.2443 832
0.2444 825
0.2445 823
0.2446 808
0.2447 804
0.2448 787
0.2449 766
0.245 745
0.2451 726
0.2452 719
0.2453 709
0.2454 699
0.2455 680
0.2456 669
0.2457 655
0.2458 660
0.2459 652
0.246 644
0.2461 639
0.2462 628
0.2463 610
0.2464 605
0.2465 596
0.2466 587
0.2467 578
0.2468 575
0.2469 567
0.247 551
0.2471 545
0.2472 546
0.2473 532
0.2474 523
0.2475 511
0.2476 500
0.2477 499
0.2478 494
0.2479 490
0.248 485
0.2481 471
0.2482 456
0.2483 448
0.2484 442
0.2485 439
0.2486 433
0.2487 426
0.2488 422
0.2489 420
0.249 414
0.2491 408
0.2492 402
0.2493 403
0.2494 394
0.2495 383
0.2496 375
0.2497 372
0.2498 361
0.2499 367
0.25 372
