0 0
0.0001 0
0.0002 0
0.0003 0
0.0004 0
0.0005 0
0.0006 0
0.0007 0
0.0008 0
0.0009 0
0.001 0
0.0011 0
0.0012 0
0.0013 0
0.0014 0
0.0015 0
0.0016 0
0.0017 0
0.0018 2
0.0019 1
0.002 1
0.0021 0
0.0022 0
0.0023 0
0.0024 1
0.0025 0
0.0026 2
0.0027 2
0.0028 1
0.0029 0
0.003 0
0.0031 3
0.0032 1
0.0033 3
0.0034 0
0.0035 2
0.0036 1
0.0037 2
0.0038 0
0.0039 0
0.004 0
0.0041 0
0.0042 1
0.0043 0
0.0044 1
0.0045 0
0.0046 1
0.0047 0
0.0048 0
0.0049 0
0.005 1
0.0051 0
0.0052 2
0.0053 2
0.0054 0
0.0055 0
0.0056 0
0.0057 1
0.0058 0
0.0059 2
0.006 1
0.0061 0
0.0062 0
0.0063 0
0.0064 0
0.0065 2
0.0066 1
0.0067 4
0.0068 1
0.0069 0
0.007 0
0.0071 0
0.0072 0
0.0073 1
0.0074 0
0.0075 1
0.0076 1
0.0077 1
0.0078 2
0.0079 1
0.008 0
0.0081 1
0.0082 0
0.0083 0
0.0084 0
0.0085 2
0.0086 1
0.0087 0
0.0088 0
0.0089 1
0.009 0
0.0091 0
0.0092 1
0.0093 1
0.0094 0
0.0095 1
0.0096 2
0.0097 1
0.0098 0
0.0099 4
0.01 2
0.0101 5
0.0102 2
0.0103 1
0.0104 5
0.0105 1
0.0106 2
0.0107 0
0.0108 1
0.0109 1
0.011 3
0.0111 3
0.0112 2
0.0113 2
0.0114 1
0.0115 2
0.0116 3
0.0117 2
0.0118 4
0.0119 4
0.012 1
0.0121 3
0.0122 2
0.0123 2
0.0124 2
0.0125 3
0.0126 3
0.0127 2
0.0128 1
0.0129 1
0.013 1
0.0131 1
0.0132 1
0.0133 3
0.0134 1
0.0135 2
0.0136 0
0.0137 4
0.0138 2
0.0139 6
0.014 2
0.0141 4
0.0142 0
0.0143 4
0.0144 3
0.0145 3
0.0146 1
0.0147 2
0.0148 2
0.0149 4
0.015 3
0.0151 1
0.0152 0
0.0153 5
0.0154 1
0.0155 1
0.0156 4
0.0157 2
0.0158 5
0.0159 5
0.016 5
0.0161 4
0.0162 2
0.0163 3
0.0164 4
0.0165 3
0.0166 5
0.0167 6
0.0168 3
0.0169 7
0.017 5
0.0171 1
0.0172 4
0.0173 4
0.0174 3
0.0175 7
0.0176 1
0.0177 1
0.0178 7
0.0179 7
0.018 5
0.0181 7
0.0182 4
0.0183 6
0.0184 6
0.0185 8
0.0186 6
0.0187 6
0.0188 7
0.0189 6
0.019 6
0.0191 5
0.0192 6
0.0193 6
0.0194 3
0.0195 3
0.0196 4
0.0197 10
0.0198 8
0.0199 11
0.02 7
0.0201 5
0.0202 6
0.0203 13
0.0204 7
0.0205 12
0.0206 13
0.0207 9
0.0208 10
0.0209 10
0.021 12
0.0211 10
0.0212 9
0.0213 12
0.0214 12
0.0215 12
0.0216 10
0.0217 9
0.0218 9
0.0219 11
0.022 21
0.0221 16
0.0222 11
0.0223 14
0.0224 16
0.0225 19
0.0226 14
0.0227 13
0.0228 11
0.0229 13
0.023 12
0.0231 19
0.0232 14
0.0233 21
0.0234 21
0.0235 22
0.0236 17
0.0237 15
0.0238 17
0.0239 18
0.024 20
0.0241 27
0.0242 29
0.0243 19
0.0244 15
0.0245 24
0.0246 26
0.0247 30
0.0248 28
0.0249 24
0.025 28
0.0251 40
0.0252 39
0.0253 38
0.0254 36
0.0255 48
0.0256 44
0.0257 46
0.0258 57
0.0259 64
0.026 71
0.0261 77
0.0262 78
0.0263 86
0.0264 90
0.0265 107
0.0266 95
0.0267 107
0.0268 115
0.0269 107
0.027 108
0.0271 129
0.0272 141
0.0273 133
0.0274 145
0.0275 145
0.0276 150
0.0277 152
0.0278 147
0.0279 156
0.028 159
0.0281 162
0.0282 158
0.0283 161
0.0284 168
0.0285 180
0.0286 199
0.0287 210
0.0288 230
0.0289 261
0.029 280
0.0291 286
0.0292 296
0.0293 294
0.0294 283
0.0295 301
0.0296 293
0.0297 287
0.0298 295
0.0299 310
0.03 335
0.0301 381
0.0302 421
0.0303 452
0.0304 497
0.0305 540
0.0306 576
0.0307 617
0.0308 661
0.0309 693
0.031 725
0.0311 747
0.0312 778
0.0313 816
0.0314 839
0.0315 872
0.0316 902
0.0317 911
0.0318 926
0.0319 948
0.032 962
0.0321 980
0.0322 995
0.0323 1010
0.0324 1007
0.0325 994
0.0326 970
0.0327 949
0.0328 935
0.0329 936
0.033 928
0.0331 931
0.0332 921
0.0333 942
0.0334 961
0.0335 979
0.0336 997
0.0337 1009
0.0338 1026
0.0339 1044
0.034 1059
0.0341 1075
0.0342 1093
0.0343 1114
0.0344 1126
0.0345 1138
0.0346 1160
0.0347 1178
0.0348 1198
0.0349 1220
0.035 1233
0.0351 1238
0.0352 1252
0.0353 1250
0.0354 1261
0.0355 1267
0.0356 1266
0.0357 1278
0.0358 1296
0.0359 1308
0.036 1315
0.0361 1318
0.0362 1333
0.0363 1344
0.0364 1349
0.0365 1353
0.0366 1347
0.0367 1347
0.0368 1353
0.0369 1360
0.037 1359
0.0371 1356
0.0372 1363
0.0373 1358
0.0374 1363
0.0375 1370
0.0376 1378
0.0377 1384
0.0378 1387
0.0379 1390
0.038 1388
0.0381 1392
0.0382 1381
0.0383 1381
0.0384 1389
0.0385 1378
0.0386 1376
0.0387 1372
0.0388 1366
0.0389 1353
0.039 1347
0.0391 1351
0.0392 1351
0.0393 1340
0.0394 1333
0.0395 1333
0.0396 1336
0.0397 1335
0.0398 1341
0.0399 1340
0.04 1342
0.0401 1343
0.0402 1348
0.0403 1346
0.0404 1349
0.0405 1348
0.0406 1346
0.0407 1347
0.0408 1349
0.0409 1347
0.041 1344
0.0411 1336
0.0412 1335
0.0413 1328
0.0414 1327
0.0415 1320
0.0416 1322
0.0417 1324
0.0418 1320
0.0419 1316
0.042 1321
0.0421 1322
0.0422 1312
0.0423 1307
0.0424 1306
0.0425 1291
0.0426 1265
0.0427 1251
0.0428 1242
0.0429 1230
0.043 1222
0.0431 1224
0.0432 1219
0.0433 1210
0.0434 1203
0.0435 1200
0.0436 1198
0.0437 1199
0.0438 1196
0.0439 1192
0.044 1187
0.0441 1181
0.0442 1182
0.0443 1188
0.0444 1187
0.0445 1187
0.0446 1188
0.0447 1190
0.0448 1190
0.0449 1196
0.045 1184
0.0451 1180
0.0452 1175
0.0453 1176
0.0454 1178
0.0455 1180
0.0456 1182
0.0457 1179
0.0458 1183
0.0459 1182
0.046 1165
0.0461 1166
0.0462 1163
0.0463 1160
0.0464 1154
0.0465 1148
0.0466 1149
0.0467 1140
0.0468 1126
0.0469 1128
0.047 1135
0.0471 1129
0.0472 1121
0.0473 1119
0.0474 1114
0.0475 1104
0.0476 1095
0.0477 1075
0.0478 1062
0.0479 1046
0.048 1040
0.0481 1031
0.0482 1025
0.0483 1018
0.0484 1009
0.0485 998
0.0486 974
0.0487 958
0.0488 921
0.0489 885
0.049 828
0.0491 797
0.0492 768
0.0493 756
0.0494 726
0.0495 711
0.0496 703
0.0497 700
0.0498 690
0.0499 690
0.05 697
0.0501 705
0.0502 708
0.0503 701
0.0504 700
0.0505 698
0.0506 699
0.0507 701
0.0508 696
0.0509 673
0.051 660
0.0511 645
0.0512 637
0.0513 637
0.0514 639
0.0515 642
0.0516 646
0.0517 653
0.0518 652
0.0519 648
0.052 636
0.0521 629
0.0522 630
0.0523 620
0.0524 620
0.0525 612
0.0526 608
0.0527 582
0.0528 558
0.0529 534
0.053 513
0.0531 493
0.0532 484
0.0533 487
0.0534 482
0.0535 480
0.0536 485
0.0537 489
0.0538 491
0.0539 483
0.054 475
0.0541 479
0.0542 484
0.0543 499
0.0544 502
0.0545 502
0.0546 510
0.0547 511
0.0548 514
0.0549 520
0.055 513
0.0551 516
0.0552 523
0.0553 531
0.0554 537
0.0555 538
0.0556 533
0.0557 537
0.0558 542
0.0559 549
0.056 559
0.0561 557
0.0562 551
0.0563 535
0.0564 507
0.0565 486
0.0566 472
0.0567 464
0.0568 462
0.0569 469
0.057 462
0.0571 468
0.0572 454
0.0573 451
0.0574 453
0.0575 454
0.0576 459
0.0577 457
0.0578 456
0.0579 461
0.058 463
0.0581 480
0.0582 487
0.0583 488
0.0584 498
0.0585 498
0.0586 504
0.0587 503
0.0588 501
0.0589 499
0.059 485
0.0591 482
0.0592 472
0.0593 449
0.0594 419
0.0595 396
0.0596 373
0.0597 357
0.0598 342
0.0599 325
0.06 310
0.0601 293
0.0602 281
0.0603 263
0.0604 250
0.0605 234
0.0606 218
0.0607 196
0.0608 176
0.0609 155
0.061 144
0.0611 126
0.0612 101
0.0613 78
0.0614 65
0.0615 50
0.0616 38
0.0617 32
0.0618 26
0.0619 18
0.062 21
0.0621 18
0.0622 21
0.0623 18
0.0624 12
0.0625 11
0.0626 13
0.0627 19
0.0628 15
0.0629 16
0.063 9
0.0631 14
0.0632 15
0.0633 9
0.0634 7
0.0635 5
0.0636 8
0.0637 15
0.0638 3
0.0639 9
0.064 10
0.0641 12
0.0642 5
0.0643 8
0.0644 12
0.0645 9
0.0646 7
0.0647 10
0.0648 9
0.0649 7
0.065 11
0.0651 9
0.0652 3
0.0653 6
0.0654 10
0.0655 14
0.0656 13
0.0657 7
0.0658 14
0.0659 12
0.066 12
0.0661 11
0.0662 11
0.0663 8
0.0664 8
0.0665 9
0.0666 13
0.0667 11
0.0668 16
0.0669 7
0.067 10
0.0671 7
0.0672 6
0.0673 10
0.0674 8
0.0675 10
0.0676 10
0.0677 13
0.0678 11
0.0679 6
0.068 8
0.0681 6
0.0682 9
0.0683 8
0.0684 6
0.0685 15
0.0686 10
0.0687 13
0.0688 12
0.0689 1
0.069 10
0.0691 10
0.0692 8
0.0693 11
0.0694 10
0.0695 15
0.0696 12
0.0697 13
0.0698 9
0.0699 13
0.07 10
0.0701 10
0.0702 16
0.0703 10
0.0704 18
0.0705 16
0.0706 12
0.0707 9
0.0708 13
0.0709 10
0.071 11
0.0711 12
0.0712 13
0.0713 11
0.0714 18
0.0715 12
0.0716 11
0.0717 16
0.0718 14
0.0719 13
0.072 18
0.0721 22
0.0722 16
0.0723 21
0.0724 13
0.0725 16
0.0726 32
0.0727 24
0.0728 26
0.0729 17
0.073 29
0.0731 27
0.0732 24
0.0733 26
0.0734 23
0.0735 25
0.0736 24
0.0737 24
0.0738 31
0.0739 26
0.074 33
0.0741 41
0.0742 41
0.0743 35
0.0744 36
0.0745 29
0.0746 27
0.0747 32
0.0748 35
0.0749 28
0.075 32
0.0751 31
0.0752 34
0.0753 38
0.0754 35
0.0755 43
0.0756 37
0.0757 47
0.0758 43
0.0759 44
0.076 50
0.0761 39
0.0762 66
0.0763 56
0.0764 58
0.0765 50
0.0766 60
0.0767 69
0.0768 66
0.0769 77
0.077 80
0.0771 83
0.0772 96
0.0773 124
0.0774 147
0.0775 150
0.0776 169
0.0777 186
0.0778 200
0.0779 208
0.078 227
0.0781 240
0.0782 243
0.0783 251
0.0784 251
0.0785 253
0.0786 245
0.0787 242
0.0788 229
0.0789 232
0.079 214
0.0791 208
0.0792 205
0.0793 196
0.0794 182
0.0795 178
0.0796 170
0.0797 174
0.0798 153
0.0799 134
0.08 140
0.0801 134
0.0802 133
0.0803 128
0.0804 145
0.0805 141
0.0806 140
0.0807 132
0.0808 133
0.0809 139
0.081 143
0.0811 140
0.0812 133
0.0813 141
0.0814 146
0.0815 161
0.0816 192
0.0817 209
0.0818 228
0.0819 238
0.082 260
0.0821 265
0.0822 288
0.0823 300
0.0824 316
0.0825 327
0.0826 339
0.0827 359
0.0828 373
0.0829 394
0.083 409
0.0831 443
0.0832 475
0.0833 510
0.0834 530
0.0835 540
0.0836 561
0.0837 581
0.0838 606
0.0839 625
0.084 651
0.0841 665
0.0842 698
0.0843 728
0.0844 763
0.0845 783
0.0846 789
0.0847 794
0.0848 807
0.0849 824
0.085 851
0.0851 868
0.0852 895
0.0853 916
0.0854 942
0.0855 953
0.0856 982
0.0857 1019
0.0858 1028
0.0859 1050
0.086 1054
0.0861 1084
0.0862 1091
0.0863 1104
0.0864 1126
0.0865 1136
0.0866 1138
0.0867 1152
0.0868 1166
0.0869 1177
0.087 1183
0.0871 1196
0.0872 1211
0.0873 1221
0.0874 1238
0.0875 1255
0.0876 1267
0.0877 1277
0.0878 1296
0.0879 1308
0.088 1308
0.0881 1323
0.0882 1326
0.0883 1329
0.0884 1337
0.0885 1352
0.0886 1345
0.0887 1354
0.0888 1365
0.0889 1368
0.089 1366
0.0891 1377
0.0892 1382
0.0893 1394
0.0894 1393
0.0895 1404
0.0896 1409
0.0897 1411
0.0898 1408
0.0899 1408
0.09 1408
0.0901 1407
0.0902 1404
0.0903 1397
0.0904 1406
0.0905 1416
0.0906 1416
0.0907 1416
0.0908 1415
0.0909 1419
0.091 1418
0.0911 1418
0.0912 1414
0.0913 1410
0.0914 1414
0.0915 1410
0.0916 1410
0.0917 1405
0.0918 1404
0.0919 1399
0.092 1393
0.0921 1385
0.0922 1382
0.0923 1371
0.0924 1376
0.0925 1376
0.0926 1374
0.0927 1377
0.0928 1365
0.0929 1358
0.093 1345
0.0931 1342
0.0932 1336
0.0933 1325
0.0934 1319
0.0935 1312
0.0936 1300
0.0937 1289
0.0938 1283
0.0939 1272
0.094 1265
0.0941 1269
0.0942 1264
0.0943 1255
0.0944 1256
0.0945 1250
0.0946 1248
0.0947 1249
0.0948 1254
0.0949 1252
0.095 1247
0.0951 1246
0.0952 1238
0.0953 1228
0.0954 1222
0.0955 1215
0.0956 1206
0.0957 1201
0.0958 1198
0.0959 1199
0.096 1194
0.0961 1192
0.0962 1193
0.0963 1201
0.0964 1193
0.0965 1184
0.0966 1178
0.0967 1178
0.0968 1174
0.0969 1166
0.097 1172
0.0971 1167
0.0972 1157
0.0973 1148
0.0974 1155
0.0975 1152
0.0976 1147
0.0977 1145
0.0978 1137
0.0979 1136
0.098 1129
0.0981 1120
0.0982 1116
0.0983 1110
0.0984 1096
0.0985 1082
0.0986 1079
0.0987 1075
0.0988 1068
0.0989 1068
0.099 1064
0.0991 1063
0.0992 1065
0.0993 1059
0.0994 1051
0.0995 1055
0.0996 1049
0.0997 1045
0.0998 1046
0.0999 1043
0.1 1040
0.1001 1041
0.1002 1039
0.1003 1033
0.1004 1021
0.1005 1027
0.1006 1021
0.1007 1019
0.1008 1013
0.1009 1019
0.101 1014
0.1011 1012
0.1012 1012
0.1013 1004
0.1014 995
0.1015 989
0.1016 990
0.1017 995
0.1018 982
0.1019 976
0.102 967
0.1021 964
0.1022 954
0.1023 941
0.1024 937
0.1025 932
0.1026 936
0.1027 933
0.1028 924
0.1029 914
0.103 902
0.1031 893
0.1032 877
0.1033 861
0.1034 849
0.1035 844
0.1036 844
0.1037 847
0.1038 846
0.1039 846
0.104 835
0.1041 829
0.1042 822
0.1043 815
0.1044 816
0.1045 823
0.1046 823
0.1047 822
0.1048 810
0.1049 806
0.105 793
0.1051 784
0.1052 779
0.1053 776
0.1054 772
0.1055 769
0.1056 772
0.1057 773
0.1058 774
0.1059 765
0.106 759
0.1061 753
0.1062 749
0.1063 754
0.1064 755
0.1065 752
0.1066 748
0.1067 744
0.1068 742
0.1069 737
0.107 733
0.1071 732
0.1072 734
0.1073 727
0.1074 728
0.1075 723
0.1076 723
0.1077 720
0.1078 720
0.1079 719
0.108 713
0.1081 701
0.1082 694
0.1083 690
0.1084 684
0.1085 680
0.1086 680
0.1087 680
0.1088 671
0.1089 648
0.109 628
0.1091 598
0.1092 577
0.1093 548
0.1094 522
0.1095 501
0.1096 482
0.1097 468
0.1098 452
0.1099 437
0.11 428
0.1101 423
0.1102 424
0.1103 418
0.1104 410
0.1105 408
0.1106 408
0.1107 411
0.1108 418
0.1109 419
0.111 417
0.1111 424
0.1112 422
0.1113 428
0.1114 428
0.1115 415
0.1116 380
0.1117 357
0.1118 319
0.1119 285
0.112 250
0.1121 235
0.1122 238
0.1123 238
0.1124 226
0.1125 231
0.1126 221
0.1127 218
0.1128 209
0.1129 191
0.113 177
0.1131 156
0.1132 144
0.1133 136
0.1134 131
0.1135 130
0.1136 126
0.1137 119
0.1138 115
0.1139 115
0.114 129
0.1141 126
0.1142 125
0.1143 135
0.1144 144
0.1145 137
0.1146 142
0.1147 159
0.1148 166
0.1149 165
0.115 161
0.1151 165
0.1152 166
0.1153 177
0.1154 188
0.1155 197
0.1156 191
0.1157 193
0.1158 196
0.1159 205
0.116 211
0.1161 227
0.1162 235
0.1163 241
0.1164 244
0.1165 248
0.1166 253
0.1167 261
0.1168 266
0.1169 271
0.117 274
0.1171 267
0.1172 254
0.1173 248
0.1174 222
0.1175 197
0.1176 185
0.1177 168
0.1178 143
0.1179 125
0.118 107
0.1181 96
0.1182 78
0.1183 64
0.1184 53
0.1185 48
0.1186 40
0.1187 31
0.1188 35
0.1189 29
0.119 26
0.1191 19
0.1192 10
0.1193 16
0.1194 12
0.1195 14
0.1196 5
0.1197 11
0.1198 10
0.1199 4
0.12 8
0.1201 11
0.1202 8
0.1203 10
0.1204 4
0.1205 6
0.1206 3
0.1207 2
0.1208 6
0.1209 6
0.121 5
0.1211 7
0.1212 5
0.1213 8
0.1214 6
0.1215 8
0.1216 10
0.1217 6
0.1218 2
0.1219 6
0.122 4
0.1221 3
0.1222 4
0.1223 7
0.1224 4
0.1225 4
0.1226 5
0.1227 4
0.1228 3
0.1229 5
0.123 6
0.1231 5
0.1232 3
0.1233 5
0.1234 9
0.1235 5
0.1236 6
0.1237 8
0.1238 7
0.1239 3
0.124 3
0.1241 6
0.1242 2
0.1243 3
0.1244 2
0.1245 7
0.1246 4
0.1247 5
0.1248 5
0.1249 7
0.125 6
0.1251 4
0.1252 3
0.1253 7
0.1254 5
0.1255 10
0.1256 0
0.1257 2
0.1258 6
0.1259 3
0.126 5
0.1261 3
0.1262 0
0.1263 4
0.1264 6
0.1265 7
0.1266 11
0.1267 3
0.1268 9
0.1269 7
0.127 5
0.1271 5
0.1272 5
0.1273 4
0.1274 9
0.1275 11
0.1276 10
0.1277 6
0.1278 7
0.1279 7
0.128 9
0.1281 7
0.1282 6
0.1283 9
0.1284 2
0.1285 9
0.1286 10
0.1287 5
0.1288 3
0.1289 5
0.129 2
0.1291 4
0.1292 2
0.1293 5
0.1294 9
0.1295 7
0.1296 6
0.1297 5
0.1298 9
0.1299 12
0.13 8
0.1301 8
0.1302 10
0.1303 4
0.1304 7
0.1305 7
0.1306 11
0.1307 11
0.1308 6
0.1309 6
0.131 9
0.1311 11
0.1312 10
0.1313 10
0.1314 14
0.1315 7
0.1316 9
0.1317 8
0.1318 10
0.1319 7
0.132 9
0.1321 12
0.1322 10
0.1323 13
0.1324 12
0.1325 6
0.1326 9
0.1327 7
0.1328 4
0.1329 14
0.133 15
0.1331 16
0.1332 14
0.1333 17
0.1334 17
0.1335 16
0.1336 12
0.1337 15
0.1338 19
0.1339 19
0.134 19
0.1341 19
0.1342 14
0.1343 23
0.1344 25
0.1345 20
0.1346 21
0.1347 15
0.1348 10
0.1349 24
0.135 24
0.1351 31
0.1352 21
0.1353 23
0.1354 23
0.1355 20
0.1356 27
0.1357 23
0.1358 40
0.1359 31
0.136 26
0.1361 25
0.1362 35
0.1363 30
0.1364 29
0.1365 31
0.1366 33
0.1367 35
0.1368 32
0.1369 32
0.137 37
0.1371 34
0.1372 35
0.1373 30
0.1374 36
0.1375 39
0.1376 39
0.1377 44
0.1378 50
0.1379 40
0.138 42
0.1381 40
0.1382 29
0.1383 30
0.1384 30
0.1385 43
0.1386 56
0.1387 57
0.1388 55
0.1389 53
0.139 58
0.1391 59
0.1392 59
0.1393 56
0.1394 52
0.1395 77
0.1396 83
0.1397 77
0.1398 99
0.1399 97
0.14 94
0.1401 104
0.1402 111
0.1403 108
0.1404 115
0.1405 106
0.1406 109
0.1407 115
0.1408 112
0.1409 124
0.141 130
0.1411 138
0.1412 125
0.1413 136
0.1414 143
0.1415 151
0.1416 150
0.1417 146
0.1418 141
0.1419 131
0.142 143
0.1421 138
0.1422 138
0.1423 152
0.1424 159
0.1425 153
0.1426 159
0.1427 164
0.1428 184
0.1429 195
0.143 236
0.1431 250
0.1432 263
0.1433 286
0.1434 330
0.1435 384
0.1436 420
0.1437 460
0.1438 505
0.1439 543
0.144 594
0.1441 639
0.1442 695
0.1443 709
0.1444 730
0.1445 753
0.1446 767
0.1447 760
0.1448 763
0.1449 785
0.145 798
0.1451 809
0.1452 826
0.1453 842
0.1454 862
0.1455 891
0.1456 921
0.1457 952
0.1458 978
0.1459 1013
0.146 1045
0.1461 1058
0.1462 1070
0.1463 1084
0.1464 1094
0.1465 1097
0.1466 1103
0.1467 1096
0.1468 1090
0.1469 1067
0.147 1047
0.1471 1039
0.1472 1022
0.1473 1007
0.1474 1001
0.1475 977
0.1476 953
0.1477 920
0.1478 904
0.1479 881
0.148 850
0.1481 816
0.1482 791
0.1483 790
0.1484 792
0.1485 802
0.1486 787
0.1487 816
0.1488 835
0.1489 866
0.149 902
0.1491 927
0.1492 946
0.1493 981
0.1494 1013
0.1495 1042
0.1496 1065
0.1497 1104
0.1498 1120
0.1499 1144
0.15 1160
0.1501 1192
0.1502 1205
0.1503 1230
0.1504 1246
0.1505 1251
0.1506 1277
0.1507 1291
0.1508 1297
0.1509 1319
0.151 1340
0.1511 1362
0.1512 1386
0.1513 1413
0.1514 1416
0.1515 1428
0.1516 1436
0.1517 1450
0.1518 1459
0.1519 1473
0.152 1478
0.1521 1484
0.1522 1502
0.1523 1505
0.1524 1512
0.1525 1513
0.1526 1515
0.1527 1534
0.1528 1538
0.1529 1547
0.153 1553
0.1531 1557
0.1532 1567
0.1533 1572
0.1534 1574
0.1535 1577
0.1536 1583
0.1537 1593
0.1538 1594
0.1539 1600
0.154 1597
0.1541 1593
0.1542 1596
0.1543 1593
0.1544 1588
0.1545 1596
0.1546 1599
0.1547 1597
0.1548 1588
0.1549 1593
0.155 1591
0.1551 1572
0.1552 1574
0.1553 1568
0.1554 1534
0.1555 1511
0.1556 1501
0.1557 1480
0.1558 1467
0.1559 1456
0.156 1414
0.1561 1380
0.1562 1355
0.1563 1327
0.1564 1313
0.1565 1297
0.1566 1292
0.1567 1292
0.1568 1291
0.1569 1290
0.157 1283
0.1571 1267
0.1572 1262
0.1573 1259
0.1574 1256
0.1575 1253
0.1576 1258
0.1577 1255
0.1578 1259
0.1579 1256
0.158 1262
0.1581 1269
0.1582 1281
0.1583 1290
0.1584 1289
0.1585 1292
0.1586 1298
0.1587 1298
0.1588 1296
0.1589 1300
0.159 1307
0.1591 1303
0.1592 1289
0.1593 1259
0.1594 1236
0.1595 1203
0.1596 1190
0.1597 1157
0.1598 1145
0.1599 1146
0.16 1144
0.1601 1147
0.1602 1143
0.1603 1144
0.1604 1138
0.1605 1120
0.1606 1095
0.1607 1065
0.1608 1027
0.1609 996
0.161 967
0.1611 952
0.1612 943
0.1613 939
0.1614 943
0.1615 942
0.1616 948
0.1617 935
0.1618 926
0.1619 920
0.162 926
0.1621 930
0.1622 935
0.1623 941
0.1624 951
0.1625 963
0.1626 976
0.1627 983
0.1628 986
0.1629 989
0.163 984
0.1631 996
0.1632 1006
0.1633 1009
0.1634 1014
0.1635 1020
0.1636 1019
0.1637 1022
0.1638 1028
0.1639 1032
0.164 1042
0.1641 1051
0.1642 1052
0.1643 1054
0.1644 1052
0.1645 1050
0.1646 1057
0.1647 1064
0.1648 1070
0.1649 1073
0.165 1073
0.1651 1061
0.1652 1037
0.1653 1018
0.1654 993
0.1655 971
0.1656 947
0.1657 911
0.1658 872
0.1659 843
0.166 791
0.1661 750
0.1662 694
0.1663 655
0.1664 627
0.1665 594
0.1666 572
0.1667 555
0.1668 534
0.1669 519
0.167 509
0.1671 504
0.1672 505
0.1673 502
0.1674 499
0.1675 501
0.1676 506
0.1677 518
0.1678 540
0.1679 559
0.168 573
0.1681 580
0.1682 590
0.1683 606
0.1684 620
0.1685 620
0.1686 625
0.1687 630
0.1688 643
0.1689 651
0.169 660
0.1691 675
0.1692 674
0.1693 671
0.1694 673
0.1695 685
0.1696 678
0.1697 685
0.1698 696
0.1699 713
0.17 715
0.1701 715
0.1702 721
0.1703 728
0.1704 728
0.1705 727
0.1706 732
0.1707 741
0.1708 745
0.1709 729
0.171 707
0.1711 676
0.1712 654
0.1713 637
0.1714 595
0.1715 576
0.1716 565
0.1717 555
0.1718 541
0.1719 532
0.172 522
0.1721 523
0.1722 534
0.1723 543
0.1724 531
0.1725 518
0.1726 494
0.1727 468
0.1728 446
0.1729 420
0.173 384
0.1731 379
0.1732 333
0.1733 307
0.1734 314
0.1735 308
0.1736 303
0.1737 304
0.1738 296
0.1739 271
0.174 255
0.1741 243
0.1742 211
0.1743 181
0.1744 167
0.1745 153
0.1746 142
0.1747 130
0.1748 121
0.1749 121
0.175 118
0.1751 115
0.1752 110
0.1753 98
0.1754 95
0.1755 87
0.1756 90
0.1757 82
0.1758 80
0.1759 72
0.176 68
0.1761 71
0.1762 61
0.1763 60
0.1764 55
0.1765 37
0.1766 36
0.1767 32
0.1768 29
0.1769 27
0.177 31
0.1771 37
0.1772 25
0.1773 35
0.1774 36
0.1775 28
0.1776 27
0.1777 20
0.1778 24
0.1779 29
0.178 27
0.1781 28
0.1782 17
0.1783 22
0.1784 18
0.1785 24
0.1786 17
0.1787 16
0.1788 25
0.1789 27
0.179 20
0.1791 31
0.1792 22
0.1793 21
0.1794 17
0.1795 26
0.1796 22
0.1797 19
0.1798 21
0.1799 16
0.18 12
0.1801 15
0.1802 12
0.1803 16
0.1804 18
0.1805 12
0.1806 13
0.1807 17
0.1808 12
0.1809 9
0.181 4
0.1811 14
0.1812 10
0.1813 8
0.1814 7
0.1815 16
0.1816 10
0.1817 8
0.1818 14
0.1819 13
0.182 7
0.1821 7
0.1822 17
0.1823 10
0.1824 4
0.1825 11
0.1826 17
0.1827 9
0.1828 10
0.1829 19
0.183 10
0.1831 16
0.1832 13
0.1833 7
0.1834 5
0.1835 10
0.1836 13
0.1837 15
0.1838 8
0.1839 12
0.184 16
0.1841 12
0.1842 13
0.1843 20
0.1844 22
0.1845 16
0.1846 14
0.1847 11
0.1848 12
0.1849 14
0.185 18
0.1851 15
0.1852 15
0.1853 19
0.1854 20
0.1855 20
0.1856 24
0.1857 24
0.1858 25
0.1859 23
0.186 16
0.1861 24
0.1862 25
0.1863 37
0.1864 37
0.1865 31
0.1866 25
0.1867 26
0.1868 30
0.1869 31
0.187 40
0.1871 31
0.1872 36
0.1873 31
0.1874 36
0.1875 28
0.1876 30
0.1877 35
0.1878 32
0.1879 24
0.188 27
0.1881 32
0.1882 29
0.1883 24
0.1884 33
0.1885 37
0.1886 42
0.1887 31
0.1888 44
0.1889 46
0.189 45
0.1891 38
0.1892 36
0.1893 45
0.1894 41
0.1895 57
0.1896 51
0.1897 49
0.1898 61
0.1899 56
0.19 76
0.1901 77
0.1902 68
0.1903 76
0.1904 73
0.1905 84
0.1906 85
0.1907 87
0.1908 96
0.1909 100
0.191 107
0.1911 105
0.1912 116
0.1913 121
0.1914 123
0.1915 131
0.1916 142
0.1917 153
0.1918 141
0.1919 152
0.192 135
0.1921 142
0.1922 140
0.1923 166
0.1924 169
0.1925 192
0.1926 194
0.1927 214
0.1928 221
0.1929 233
0.193 236
0.1931 236
0.1932 231
0.1933 226
0.1934 224
0.1935 237
0.1936 257
0.1937 253
0.1938 254
0.1939 265
0.194 271
0.1941 283
0.1942 297
0.1943 322
0.1944 360
0.1945 391
0.1946 431
0.1947 465
0.1948 487
0.1949 526
0.195 559
0.1951 596
0.1952 622
0.1953 656
0.1954 693
0.1955 705
0.1956 696
0.1957 703
0.1958 681
0.1959 655
0.196 661
0.1961 685
0.1962 700
0.1963 721
0.1964 704
0.1965 680
0.1966 665
0.1967 638
0.1968 627
0.1969 618
0.197 607
0.1971 597
0.1972 564
0.1973 539
0.1974 507
0.1975 502
0.1976 504
0.1977 492
0.1978 498
0.1979 490
0.198 489
0.1981 476
0.1982 472
0.1983 492
0.1984 498
0.1985 509
0.1986 532
0.1987 557
0.1988 578
0.1989 586
0.199 613
0.1991 635
0.1992 652
0.1993 672
0.1994 703
0.1995 730
0.1996 740
0.1997 754
0.1998 766
0.1999 786
0.2 805
0.2001 832
0.2002 850
0.2003 873
0.2004 886
0.2005 899
0.2006 921
0.2007 939
0.2008 960
0.2009 976
0.201 996
0.2011 1002
0.2012 1012
0.2013 1025
0.2014 1042
0.2015 1054
0.2016 1068
0.2017 1086
0.2018 1091
0.2019 1096
0.202 1115
0.2021 1130
0.2022 1149
0.2023 1160
0.2024 1172
0.2025 1176
0.2026 1187
0.2027 1197
0.2028 1187
0.2029 1193
0.203 1188
0.2031 1183
0.2032 1190
0.2033 1188
0.2034 1186
0.2035 1182
0.2036 1180
0.2037 1184
0.2038 1190
0.2039 1193
0.204 1189
0.2041 1190
0.2042 1192
0.2043 1198
0.2044 1190
0.2045 1184
0.2046 1176
0.2047 1176
0.2048 1164
0.2049 1128
0.205 1087
0.2051 1077
0.2052 1061
0.2053 1067
0.2054 1053
0.2055 1043
0.2056 1034
0.2057 1021
0.2058 1018
0.2059 1015
0.206 1011
0.2061 1016
0.2062 1007
0.2063 987
0.2064 956
0.2065 934
0.2066 907
0.2067 880
0.2068 841
0.2069 797
0.207 780
0.2071 761
0.2072 748
0.2073 725
0.2074 697
0.2075 655
0.2076 620
0.2077 593
0.2078 567
0.2079 546
0.208 541
0.2081 523
0.2082 510
0.2083 493
0.2084 504
0.2085 523
0.2086 539
0.2087 547
0.2088 556
0.2089 547
0.209 549
0.2091 567
0.2092 567
0.2093 575
0.2094 557
0.2095 560
0.2096 550
0.2097 538
0.2098 552
0.2099 561
0.21 577
0.2101 577
0.2102 593
0.2103 601
0.2104 608
0.2105 620
0.2106 623
0.2107 632
0.2108 642
0.2109 650
0.211 664
0.2111 673
0.2112 674
0.2113 684
0.2114 658
0.2115 639
0.2116 607
0.2117 589
0.2118 571
0.2119 561
0.212 536
0.2121 530
0.2122 520
0.2123 502
0.2124 490
0.2125 478
0.2126 464
0.2127 469
0.2128 476
0.2129 492
0.213 496
0.2131 502
0.2132 507
0.2133 520
0.2134 539
0.2135 543
0.2136 542
0.2137 565
0.2138 576
0.2139 583
0.214 584
0.2141 598
0.2142 609
0.2143 622
0.2144 639
0.2145 653
0.2146 653
0.2147 656
0.2148 655
0.2149 658
0.215 668
0.2151 677
0.2152 676
0.2153 681
0.2154 692
0.2155 685
0.2156 681
0.2157 659
0.2158 652
0.2159 637
0.216 632
0.2161 613
0.2162 626
0.2163 625
0.2164 626
0.2165 634
0.2166 634
0.2167 627
0.2168 612
0.2169 606
0.217 603
0.2171 607
0.2172 608
0.2173 606
0.2174 608
0.2175 621
0.2176 624
0.2177 606
0.2178 593
0.2179 580
0.218 559
0.2181 542
0.2182 540
0.2183 543
0.2184 548
0.2185 550
0.2186 548
0.2187 555
0.2188 552
0.2189 559
0.219 574
0.2191 577
0.2192 587
0.2193 584
0.2194 580
0.2195 560
0.2196 553
0.2197 527
0.2198 512
0.2199 492
0.22 478
0.2201 486
0.2202 486
0.2203 486
0.2204 490
0.2205 488
0.2206 488
0.2207 494
0.2208 497
0.2209 512
0.221 520
0.2211 546
0.2212 556
0.2213 567
0.2214 575
0.2215 583
0.2216 586
0.2217 585
0.2218 593
0.2219 602
0.222 618
0.2221 629
0.2222 638
0.2223 648
0.2224 649
0.2225 655
0.2226 656
0.2227 670
0.2228 660
0.2229 654
0.223 653
0.2231 654
0.2232 649
0.2233 665
0.2234 671
0.2235 682
0.2236 697
0.2237 712
0.2238 707
0.2239 703
0.224 703
0.2241 702
0.2242 702
0.2243 699
0.2244 697
0.2245 682
0.2246 671
0.2247 649
0.2248 638
0.2249 636
0.225 633
0.2251 632
0.2252 627
0.2253 629
0.2254 625
0.2255 629
0.2256 631
0.2257 622
0.2258 620
0.2259 615
0.226 614
0.2261 612
0.2262 620
0.2263 620
0.2264 629
0.2265 617
0.2266 617
0.2267 625
0.2268 623
0.2269 628
0.227 623
0.2271 620
0.2272 628
0.2273 632
0.2274 642
0.2275 634
0.2276 626
0.2277 628
0.2278 626
0.2279 630
0.228 635
0.2281 636
0.2282 640
0.2283 648
0.2284 648
0.2285 652
0.2286 651
0.2287 644
0.2288 626
0.2289 601
0.229 585
0.2291 574
0.2292 561
0.2293 555
0.2294 555
0.2295 555
0.2296 550
0.2297 544
0.2298 548
0.2299 544
0.23 536
0.2301 533
0.2302 525
0.2303 506
0.2304 504
0.2305 500
0.2306 499
0.2307 495
0.2308 494
0.2309 492
0.231 493
0.2311 487
0.2312 501
0.2313 510
0.2314 516
0.2315 520
0.2316 525
0.2317 531
0.2318 537
0.2319 537
0.232 527
0.2321 526
0.2322 518
0.2323 511
0.2324 501
0.2325 474
0.2326 454
0.2327 435
0.2328 405
0.2329 387
0.233 350
0.2331 341
0.2332 324
0.2333 313
0.2334 297
0.2335 277
0.2336 264
0.2337 244
0.2338 244
0.2339 240
0.234 242
0.2341 234
0.2342 243
0.2343 248
0.2344 252
0.2345 254
0.2346 261
0.2347 252
0.2348 245
0.2349 240
0.235 230
0.2351 232
0.2352 235
0.2353 238
0.2354 240
0.2355 246
0.2356 238
0.2357 247
0.2358 242
0.2359 254
0.236 268
0.2361 278
0.2362 275
0.2363 285
0.2364 288
0.2365 302
0.2366 307
0.2367 320
0.2368 318
0.2369 327
0.237 327
0.2371 327
0.2372 327
0.2373 328
0.2374 322
0.2375 322
0.2376 300
0.2377 272
0.2378 246
0.2379 219
0.238 189
0.2381 167
0.2382 153
0.2383 140
0.2384 125
0.2385 121
0.2386 99
0.2387 86
0.2388 78
0.2389 73
0.239 58
0.2391 47
0.2392 31
0.2393 22
0.2394 22
0.2395 17
0.2396 21
0.2397 17
0.2398 17
0.2399 18
0.24 27
0.2401 23
0.2402 24
0.2403 21
0.2404 20
0.2405 15
0.2406 20
0.2407 8
0.2408 9
0.2409 18
0.241 15
0.2411 10
0.2412 13
0.2413 12
0.2414 10
0.2415 5
0.2416 8
0.2417 14
0.2418 6
0.2419 9
0.242 7
0.2421 2
0.2422 11
0.2423 9
0.2424 8
0.2425 8
0.2426 0
0.2427 2
0.2428 3
0.2429 8
0.243 5
0.2431 4
0.2432 4
0.2433 4
0.2434 5
0.2435 8
0.2436 8
0.2437 8
0.2438 5
0.2439 8
0.244 6
0.2441 3
0.2442 4
0.2443 3
0.2444 4
0.2445 4
0.2446 3
0.2447 6
0.2448 4
0.2449 7
0.245 10
0.2451 3
0.2452 10
0.2453 5
0.2454 5
0.2455 16
0.2456 5
0.2457 5
0.2458 13
0.2459 10
0.246 10
0.2461 4
0.2462 6
0.2463 8
0.2464 9
0.2465 9
0.2466 5
0.2467 4
0.2468 10
0.2469 6
0.247 2
0.2471 10
0.2472 6
0.2473 10
0.2474 11
0.2475 8
0.2476 9
0.2477 8
0.2478 12
0.2479 7
0.248 8
0.2481 8
0.2482 9
0.2483 12
0.2484 9
0.2485 9
0.2486 13
0.2487 13
0.2488 2
0.2489 6
0.249 9
0.2491 14
0.2492 7
0.2493 9
0.2494 13
0.2495 6
0.2496 6
0.2497 8
0.2498 6
0.2499 13
0.25 8
