0 0
0.01 47
0.02 63
0.03 81
0.04 89
0.05 92
0.06 95
0.07 95
0.08 90
0.09 89
0.1 85
0.11 77
0.12 82
0.13 83
0.14 85
0.15 90
0.16 93
0.17 91
0.18 92
0.19 90
0.2 85
0.21 81
0.22 83
0.23 79
0.24 79
0.25 78
0.26 78
0.27 77
0.28 68
0.29 62
0.3 60
0.31 54
0.32 53
0.33 61
0.34 58
0.35 59
0.36 58
0.37 57
0.38 57
0.39 61
0.4 65
0.41 62
0.42 63
0.43 57
0.44 54
0.45 54
0.46 61
0.47 61
0.48 58
0.49 61
0.5 56
0.51 57
0.52 59
0.53 62
0.54 68
0.55 69
0.56 70
0.57 66
0.58 77
0.59 76
0.6 76
0.61 72
0.62 77
0.63 76
0.64 69
0.65 69
0.66 70
0.67 69
0.68 68
0.69 73
0.7 67
0.71 68
0.72 68
0.73 65
0.74 64
0.75 64
0.76 66
0.77 66
0.78 61
0.79 65
0.8 69
0.81 68
0.82 60
0.83 57
0.84 58
0.85 53
0.86 56
0.87 55
0.88 57
0.89 60
0.9 59
0.91 60
0.92 61
0.93 58
0.94 54
0.95 59
0.96 63
0.97 65
0.98 62
0.99 61
1 62
1.01 63
1.02 59
1.03 55
1.04 58
1.05 57
1.06 64
1.07 70
1.08 70
1.09 66
1.1 62
1.11 62
1.12 68
1.13 66
1.14 68
1.15 68
1.16 71
1.17 67
1.18 66
1.19 60
1.2 61
1.21 66
1.22 70
1.23 73
1.24 70
1.25 69
1.26 65
1.27 66
1.28 65
1.29 66
1.3 64
1.31 64
1.32 65
1.33 69
1.34 66
1.35 67
1.36 74
1.37 77
1.38 76
1.39 70
1.4 71
1.41 64
1.42 63
1.43 60
1.44 66
1.45 64
1.46 65
1.47 65
1.48 67
1.49 64
1.5 65
1.51 61
1.52 57
1.53 58
1.54 65
1.55 59
1.56 53
1.57 52
1.58 53
1.59 51
1.6 50
1.61 47
1.62 47
1.63 51
1.64 49
1.65 48
1.66 46
1.67 47
1.68 47
1.69 46
1.7 44
1.71 48
1.72 58
1.73 53
1.74 53
1.75 54
1.76 58
1.77 53
1.78 51
1.79 57
1.8 59
1.81 60
1.82 52
1.83 56
1.84 53
1.85 52
1.86 56
1.87 57
1.88 57
1.89 56
1.9 55
1.91 57
1.92 56
1.93 57
1.94 55
1.95 53
1.96 57
1.97 54
1.98 51
1.99 51
2 52
