0 665
0.01 607
0.02 571
0.03 551
0.04 532
0.05 510
0.06 493
0.07 478
0.08 466
0.09 458
0.1 444
0.11 433
0.12 423
0.13 411
0.14 393
0.15 382
0.16 367
0.17 355
0.18 348
0.19 335
0.2 321
0.21 309
0.22 301
0.23 288
0.24 281
0.25 270
0.26 265
0.27 256
0.28 253
0.29 244
0.3 235
0.31 226
0.32 221
0.33 216
0.34 212
0.35 209
0.36 207
0.37 200
0.38 194
0.39 186
0.4 177
0.41 174
0.42 167
0.43 165
0.44 162
0.45 154
0.46 151
0.47 149
0.48 144
0.49 141
0.5 135
0.51 129
0.52 128
0.53 125
0.54 119
0.55 118
0.56 112
0.57 106
0.58 103
0.59 100
0.6 99
0.61 96
0.62 90
0.63 89
0.64 88
0.65 87
0.66 85
0.67 86
0.68 84
0.69 78
0.7 80
0.71 80
0.72 77
0.73 77
0.74 77
0.75 71
0.76 70
0.77 70
0.78 70
0.79 70
0.8 64
0.81 63
0.82 60
0.83 59
0.84 57
0.85 55
0.86 54
0.87 51
0.88 47
0.89 45
0.9 42
0.91 41
0.92 42
0.93 40
0.94 38
0.95 37
0.96 36
0.97 36
0.98 34
0.99 33
1 33
1.01 32
1.02 29
1.03 29
1.04 29
1.05 30
1.06 29
1.07 28
1.08 27
1.09 27
1.1 27
1.11 26
1.12 26
1.13 25
1.14 25
1.15 25
1.16 25
1.17 24
1.18 23
1.19 20
1.2 18
1.21 17
1.22 16
1.23 15
1.24 14
1.25 14
1.26 13
1.27 14
1.28 13
1.29 11
1.3 13
1.31 13
1.32 12
1.33 14
1.34 14
1.35 15
1.36 14
1.37 14
1.38 13
1.39 13
1.4 13
1.41 13
1.42 13
1.43 14
1.44 14
1.45 13
1.46 13
1.47 11
1.48 11
1.49 11
1.5 11
1.51 11
1.52 11
1.53 10
1.54 9
1.55 9
1.56 10
1.57 10
1.58 11
1.59 11
1.6 11
1.61 11
1.62 11
1.63 13
1.64 11
1.65 10
1.66 8
1.67 8
1.68 8
1.69 8
1.7 8
1.71 8
1.72 8
1.73 8
1.74 9
1.75 8
1.76 9
1.77 8
1.78 8
1.79 7
1.8 7
1.81 6
1.82 6
1.83 7
1.84 7
1.85 7
1.86 7
1.87 8
1.88 6
1.89 6
1.9 5
1.91 5
1.92 6
1.93 6
1.94 6
1.95 5
1.96 4
1.97 4
1.98 4
1.99 4
2 8
