0 665
0.01 609
0.02 579
0.03 551
0.04 524
0.05 509
0.06 482
0.07 468
0.08 447
0.09 434
0.1 419
0.11 405
0.12 390
0.13 378
0.14 369
0.15 354
0.16 344
0.17 338
0.18 320
0.19 309
0.2 302
0.21 293
0.22 284
0.23 275
0.24 270
0.25 263
0.26 256
0.27 243
0.28 236
0.29 232
0.3 223
0.31 215
0.32 203
0.33 198
0.34 191
0.35 184
0.36 175
0.37 170
0.38 168
0.39 160
0.4 155
0.41 151
0.42 148
0.43 143
0.44 143
0.45 138
0.46 131
0.47 126
0.48 121
0.49 120
0.5 118
0.51 112
0.52 107
0.53 106
0.54 102
0.55 101
0.56 97
0.57 92
0.58 91
0.59 90
0.6 88
0.61 84
0.62 83
0.63 81
0.64 76
0.65 77
0.66 75
0.67 73
0.68 68
0.69 68
0.7 65
0.71 65
0.72 66
0.73 64
0.74 64
0.75 64
0.76 61
0.77 60
0.78 59
0.79 57
0.8 57
0.81 55
0.82 55
0.83 53
0.84 51
0.85 49
0.86 47
0.87 47
0.88 46
0.89 44
0.9 42
0.91 39
0.92 38
0.93 40
0.94 38
0.95 37
0.96 35
0.97 35
0.98 34
0.99 35
1 36
1.01 34
1.02 35
1.03 34
1.04 34
1.05 34
1.06 34
1.07 32
1.08 35
1.09 34
1.1 33
1.11 31
1.12 30
1.13 29
1.14 29
1.15 29
1.16 30
1.17 28
1.18 26
1.19 25
1.2 26
1.21 27
1.22 26
1.23 23
1.24 20
1.25 20
1.26 19
1.27 17
1.28 18
1.29 18
1.3 18
1.31 16
1.32 14
1.33 15
1.34 15
1.35 15
1.36 14
1.37 13
1.38 13
1.39 14
1.4 13
1.41 15
1.42 17
1.43 15
1.44 14
1.45 13
1.46 13
1.47 15
1.48 15
1.49 15
1.5 14
1.51 14
1.52 14
1.53 13
1.54 14
1.55 13
1.56 12
1.57 12
1.58 11
1.59 11
1.6 11
1.61 11
1.62 12
1.63 13
1.64 13
1.65 14
1.66 13
1.67 12
1.68 12
1.69 13
1.7 13
1.71 13
1.72 13
1.73 14
1.74 14
1.75 15
1.76 16
1.77 14
1.78 14
1.79 13
1.8 11
1.81 10
1.82 10
1.83 10
1.84 9
1.85 9
1.86 9
1.87 9
1.88 9
1.89 10
1.9 10
1.91 10
1.92 10
1.93 10
1.94 10
1.95 11
1.96 11
1.97 11
1.98 11
1.99 11
2 10
