0 0
0.0001 0
0.0002 0
0.0003 0
0.0004 0
0.0005 0
0.0006 0
0.0007 0
0.0008 0
0.0009 0
0.001 0
0.0011 0
0.0012 0
0.0013 0
0.0014 0
0.0015 0
0.0016 0
0.0017 0
0.0018 0
0.0019 0
0.002 0
0.0021 0
0.0022 0
0.0023 0
0.0024 0
0.0025 0
0.0026 0
0.0027 0
0.0028 0
0.0029 0
0.003 0
0.0031 1
0.0032 1
0.0033 1
0.0034 1
0.0035 1
0.0036 1
0.0037 1
0.0038 1
0.0039 0
0.004 0
0.0041 0
0.0042 0
0.0043 0
0.0044 0
0.0045 0
0.0046 0
0.0047 0
0.0048 0
0.0049 0
0.005 0
0.0051 1
0.0052 1
0.0053 1
0.0054 1
0.0055 1
0.0056 1
0.0057 1
0.0058 1
0.0059 1
0.006 1
0.0061 1
0.0062 1
0.0063 1
0.0064 2
0.0065 2
0.0066 2
0.0067 2
0.0068 2
0.0069 2
0.007 2
0.0071 2
0.0072 1
0.0073 1
0.0074 2
0.0075 2
0.0076 2
0.0077 2
0.0078 2
0.0079 2
0.008 2
0.0081 2
0.0082 2
0.0083 2
0.0084 2
0.0085 2
0.0086 2
0.0087 4
0.0088 4
0.0089 4
0.009 5
0.0091 4
0.0092 4
0.0093 4
0.0094 4
0.0095 4
0.0096 4
0.0097 4
0.0098 4
0.0099 4
0.01 4
0.0101 3
0.0102 3
0.0103 2
0.0104 2
0.0105 2
0.0106 2
0.0107 2
0.0108 3
0.0109 4
0.011 5
0.0111 5
0.0112 6
0.0113 6
0.0114 5
0.0115 5
0.0116 5
0.0117 5
0.0118 5
0.0119 5
0.012 5
0.0121 5
0.0122 5
0.0123 6
0.0124 5
0.0125 5
0.0126 4
0.0127 4
0.0128 4
0.0129 4
0.013 4
0.0131 4
0.0132 5
0.0133 3
0.0134 3
0.0135 3
0.0136 3
0.0137 3
0.0138 4
0.0139 4
0.014 4
0.0141 4
0.0142 4
0.0143 4
0.0144 2
0.0145 2
0.0146 1
0.0147 1
0.0148 2
0.0149 2
0.015 2
0.0151 2
0.0152 3
0.0153 3
0.0154 3
0.0155 4
0.0156 4
0.0157 4
0.0158 5
0.0159 5
0.016 5
0.0161 5
0.0162 5
0.0163 6
0.0164 7
0.0165 8
0.0166 9
0.0167 9
0.0168 9
0.0169 10
0.017 9
0.0171 10
0.0172 10
0.0173 9
0.0174 8
0.0175 8
0.0176 8
0.0177 6
0.0178 6
0.0179 5
0.018 5
0.0181 6
0.0182 6
0.0183 6
0.0184 5
0.0185 6
0.0186 6
0.0187 5
0.0188 5
0.0189 6
0.019 7
0.0191 8
0.0192 8
0.0193 8
0.0194 7
0.0195 10
0.0196 9
0.0197 10
0.0198 10
0.0199 10
0.02 7
0.0201 7
0.0202 7
0.0203 6
0.0204 6
0.0205 6
0.0206 6
0.0207 8
0.0208 8
0.0209 8
0.021 8
0.0211 9
0.0212 10
0.0213 11
0.0214 10
0.0215 11
0.0216 11
0.0217 11
0.0218 10
0.0219 10
0.022 9
0.0221 9
0.0222 9
0.0223 10
0.0224 11
0.0225 11
0.0226 12
0.0227 11
0.0228 14
0.0229 15
0.023 15
0.0231 13
0.0232 13
0.0233 13
0.0234 13
0.0235 15
0.0236 15
0.0237 14
0.0238 15
0.0239 14
0.024 14
0.0241 17
0.0242 16
0.0243 16
0.0244 15
0.0245 18
0.0246 19
0.0247 21
0.0248 20
0.0249 20
0.025 17
0.0251 17
0.0252 18
0.0253 18
0.0254 18
0.0255 17
0.0256 18
0.0257 17
0.0258 16
0.0259 16
0.026 17
0.0261 17
0.0262 15
0.0263 16
0.0264 15
0.0265 15
0.0266 15
0.0267 17
0.0268 17
0.0269 18
0.027 16
0.0271 16
0.0272 17
0.0273 16
0.0274 15
0.0275 15
0.0276 16
0.0277 15
0.0278 14
0.0279 15
0.028 15
0.0281 16
0.0282 16
0.0283 16
0.0284 17
0.0285 16
0.0286 14
0.0287 14
0.0288 13
0.0289 13
0.029 12
0.0291 12
0.0292 12
0.0293 12
0.0294 12
0.0295 12
0.0296 11
0.0297 10
0.0298 9
0.0299 8
0.03 8
0.0301 8
0.0302 9
0.0303 10
0.0304 11
0.0305 10
0.0306 9
0.0307 9
0.0308 9
0.0309 9
0.031 10
0.0311 10
0.0312 10
0.0313 10
0.0314 10
0.0315 10
0.0316 10
0.0317 10
0.0318 10
0.0319 10
0.032 11
0.0321 11
0.0322 11
0.0323 11
0.0324 14
0.0325 14
0.0326 14
0.0327 14
0.0328 14
0.0329 13
0.033 13
0.0331 14
0.0332 15
0.0333 15
0.0334 14
0.0335 17
0.0336 18
0.0337 19
0.0338 19
0.0339 19
0.034 18
0.0341 18
0.0342 17
0.0343 15
0.0344 16
0.0345 15
0.0346 16
0.0347 16
0.0348 16
0.0349 15
0.035 16
0.0351 16
0.0352 17
0.0353 16
0.0354 17
0.0355 20
0.0356 19
0.0357 20
0.0358 20
0.0359 21
0.036 22
0.0361 22
0.0362 22
0.0363 22
0.0364 22
0.0365 21
0.0366 22
0.0367 22
0.0368 21
0.0369 20
0.037 21
0.0371 23
0.0372 23
0.0373 24
0.0374 24
0.0375 24
0.0376 23
0.0377 22
0.0378 20
0.0379 19
0.038 18
0.0381 18
0.0382 18
0.0383 21
0.0384 22
0.0385 24
0.0386 25
0.0387 24
0.0388 24
0.0389 24
0.039 24
0.0391 23
0.0392 23
0.0393 22
0.0394 21
0.0395 21
0.0396 20
0.0397 19
0.0398 18
0.0399 20
0.04 20
0.0401 20
0.0402 19
0.0403 19
0.0404 19
0.0405 19
0.0406 19
0.0407 19
0.0408 21
0.0409 21
0.041 21
0.0411 22
0.0412 22
0.0413 22
0.0414 21
0.0415 20
0.0416 22
0.0417 21
0.0418 22
0.0419 21
0.042 22
0.0421 22
0.0422 21
0.0423 21
0.0424 21
0.0425 21
0.0426 22
0.0427 23
0.0428 21
0.0429 20
0.043 20
0.0431 20
0.0432 20
0.0433 19
0.0434 19
0.0435 18
0.0436 18
0.0437 17
0.0438 17
0.0439 17
0.044 17
0.0441 19
0.0442 19
0.0443 17
0.0444 15
0.0445 16
0.0446 16
0.0447 18
0.0448 18
0.0449 19
0.045 19
0.0451 16
0.0452 17
0.0453 18
0.0454 18
0.0455 17
0.0456 20
0.0457 20
0.0458 19
0.0459 20
0.046 20
0.0461 21
0.0462 23
0.0463 23
0.0464 22
0.0465 21
0.0466 22
0.0467 23
0.0468 22
0.0469 24
0.047 24
0.0471 23
0.0472 24
0.0473 27
0.0474 28
0.0475 29
0.0476 29
0.0477 28
0.0478 29
0.0479 28
0.048 28
0.0481 26
0.0482 25
0.0483 25
0.0484 26
0.0485 25
0.0486 24
0.0487 26
0.0488 26
0.0489 24
0.049 26
0.0491 26
0.0492 23
0.0493 24
0.0494 24
0.0495 21
0.0496 21
0.0497 20
0.0498 20
0.0499 17
0.05 17
0.0501 15
0.0502 15
0.0503 16
0.0504 16
0.0505 17
0.0506 17
0.0507 17
0.0508 17
0.0509 17
0.051 18
0.0511 17
0.0512 17
0.0513 17
0.0514 17
0.0515 18
0.0516 18
0.0517 20
0.0518 21
0.0519 22
0.052 22
0.0521 21
0.0522 22
0.0523 24
0.0524 24
0.0525 25
0.0526 25
0.0527 23
0.0528 22
0.0529 23
0.053 22
0.0531 20
0.0532 19
0.0533 19
0.0534 18
0.0535 18
0.0536 18
0.0537 15
0.0538 16
0.0539 17
0.054 17
0.0541 18
0.0542 18
0.0543 17
0.0544 15
0.0545 16
0.0546 16
0.0547 15
0.0548 16
0.0549 17
0.055 19
0.0551 19
0.0552 20
0.0553 19
0.0554 19
0.0555 19
0.0556 18
0.0557 19
0.0558 18
0.0559 19
0.056 19
0.0561 21
0.0562 21
0.0563 21
0.0564 20
0.0565 17
0.0566 17
0.0567 18
0.0568 18
0.0569 15
0.057 15
0.0571 16
0.0572 14
0.0573 14
0.0574 15
0.0575 13
0.0576 14
0.0577 16
0.0578 15
0.0579 15
0.058 17
0.0581 16
0.0582 15
0.0583 16
0.0584 16
0.0585 15
0.0586 18
0.0587 18
0.0588 16
0.0589 16
0.059 13
0.0591 13
0.0592 13
0.0593 13
0.0594 13
0.0595 12
0.0596 12
0.0597 13
0.0598 12
0.0599 14
0.06 15
0.0601 14
0.0602 13
0.0603 13
0.0604 12
0.0605 12
0.0606 16
0.0607 17
0.0608 18
0.0609 18
0.061 19
0.0611 21
0.0612 23
0.0613 24
0.0614 24
0.0615 23
0.0616 22
0.0617 22
0.0618 21
0.0619 21
0.062 22
0.0621 23
0.0622 23
0.0623 23
0.0624 22
0.0625 21
0.0626 20
0.0627 21
0.0628 20
0.0629 25
0.063 24
0.0631 23
0.0632 23
0.0633 23
0.0634 22
0.0635 22
0.0636 21
0.0637 22
0.0638 22
0.0639 21
0.064 20
0.0641 20
0.0642 20
0.0643 20
0.0644 21
0.0645 19
0.0646 19
0.0647 19
0.0648 20
0.0649 23
0.065 23
0.0651 22
0.0652 21
0.0653 21
0.0654 21
0.0655 22
0.0656 22
0.0657 22
0.0658 22
0.0659 23
0.066 22
0.0661 25
0.0662 25
0.0663 24
0.0664 24
0.0665 22
0.0666 21
0.0667 20
0.0668 20
0.0669 20
0.067 23
0.0671 22
0.0672 23
0.0673 22
0.0674 22
0.0675 22
0.0676 21
0.0677 21
0.0678 23
0.0679 25
0.068 25
0.0681 27
0.0682 28
0.0683 27
0.0684 26
0.0685 26
0.0686 27
0.0687 23
0.0688 23
0.0689 22
0.069 22
0.0691 21
0.0692 20
0.0693 22
0.0694 21
0.0695 20
0.0696 21
0.0697 18
0.0698 18
0.0699 18
0.07 19
0.0701 20
0.0702 20
0.0703 19
0.0704 19
0.0705 20
0.0706 19
0.0707 19
0.0708 19
0.0709 19
0.071 19
0.0711 18
0.0712 18
0.0713 17
0.0714 18
0.0715 18
0.0716 17
0.0717 14
0.0718 15
0.0719 13
0.072 13
0.0721 13
0.0722 12
0.0723 12
0.0724 12
0.0725 13
0.0726 15
0.0727 16
0.0728 17
0.0729 18
0.073 19
0.0731 19
0.0732 18
0.0733 18
0.0734 18
0.0735 16
0.0736 17
0.0737 18
0.0738 19
0.0739 18
0.074 19
0.0741 19
0.0742 22
0.0743 19
0.0744 19
0.0745 20
0.0746 21
0.0747 20
0.0748 21
0.0749 21
0.075 22
0.0751 21
0.0752 23
0.0753 22
0.0754 20
0.0755 17
0.0756 17
0.0757 17
0.0758 20
0.0759 21
0.076 22
0.0761 23
0.0762 24
0.0763 22
0.0764 21
0.0765 21
0.0766 23
0.0767 24
0.0768 24
0.0769 24
0.077 24
0.0771 23
0.0772 24
0.0773 24
0.0774 26
0.0775 26
0.0776 27
0.0777 26
0.0778 25
0.0779 25
0.078 24
0.0781 25
0.0782 24
0.0783 22
0.0784 23
0.0785 23
0.0786 21
0.0787 23
0.0788 24
0.0789 24
0.079 24
0.0791 26
0.0792 26
0.0793 25
0.0794 24
0.0795 24
0.0796 23
0.0797 23
0.0798 22
0.0799 21
0.08 20
0.0801 20
0.0802 21
0.0803 21
0.0804 24
0.0805 24
0.0806 24
0.0807 24
0.0808 22
0.0809 23
0.081 22
0.0811 22
0.0812 23
0.0813 23
0.0814 25
0.0815 23
0.0816 22
0.0817 23
0.0818 23
0.0819 22
0.082 20
0.0821 20
0.0822 18
0.0823 17
0.0824 20
0.0825 20
0.0826 20
0.0827 21
0.0828 21
0.0829 21
0.083 19
0.0831 18
0.0832 17
0.0833 14
0.0834 15
0.0835 12
0.0836 12
0.0837 13
0.0838 13
0.0839 13
0.084 11
0.0841 11
0.0842 11
0.0843 12
0.0844 13
0.0845 12
0.0846 13
0.0847 14
0.0848 14
0.0849 14
0.085 14
0.0851 15
0.0852 15
0.0853 15
0.0854 14
0.0855 14
0.0856 18
0.0857 17
0.0858 15
0.0859 13
0.086 15
0.0861 13
0.0862 14
0.0863 13
0.0864 13
0.0865 14
0.0866 15
0.0867 14
0.0868 14
0.0869 15
0.087 15
0.0871 15
0.0872 14
0.0873 14
0.0874 13
0.0875 13
0.0876 13
0.0877 13
0.0878 15
0.0879 14
0.088 15
0.0881 15
0.0882 15
0.0883 15
0.0884 16
0.0885 16
0.0886 15
0.0887 14
0.0888 14
0.0889 15
0.089 15
0.0891 16
0.0892 16
0.0893 15
0.0894 15
0.0895 15
0.0896 16
0.0897 15
0.0898 15
0.0899 15
0.09 17
0.0901 16
0.0902 18
0.0903 18
0.0904 18
0.0905 17
0.0906 20
0.0907 20
0.0908 21
0.0909 21
0.091 20
0.0911 20
0.0912 20
0.0913 20
0.0914 18
0.0915 19
0.0916 17
0.0917 16
0.0918 16
0.0919 16
0.092 17
0.0921 16
0.0922 16
0.0923 18
0.0924 18
0.0925 18
0.0926 19
0.0927 19
0.0928 21
0.0929 21
0.093 21
0.0931 22
0.0932 24
0.0933 23
0.0934 21
0.0935 22
0.0936 22
0.0937 20
0.0938 20
0.0939 21
0.094 20
0.0941 20
0.0942 22
0.0943 22
0.0944 21
0.0945 22
0.0946 20
0.0947 19
0.0948 21
0.0949 23
0.095 24
0.0951 23
0.0952 21
0.0953 21
0.0954 22
0.0955 23
0.0956 23
0.0957 24
0.0958 25
0.0959 26
0.096 26
0.0961 25
0.0962 23
0.0963 24
0.0964 25
0.0965 24
0.0966 25
0.0967 24
0.0968 25
0.0969 25
0.097 26
0.0971 27
0.0972 27
0.0973 27
0.0974 27
0.0975 30
0.0976 28
0.0977 25
0.0978 27
0.0979 29
0.098 29
0.0981 28
0.0982 29
0.0983 29
0.0984 29
0.0985 29
0.0986 28
0.0987 29
0.0988 28
0.0989 28
0.099 30
0.0991 31
0.0992 32
0.0993 29
0.0994 27
0.0995 30
0.0996 30
0.0997 32
0.0998 33
0.0999 32
0.1 30
