0 0
0.0001 0
0.0002 0
0.0003 0
0.0004 0
0.0005 0
0.0006 0
0.0007 0
0.0008 0
0.0009 0
0.001 0
0.0011 0
0.0012 0
0.0013 0
0.0014 0
0.0015 0
0.0016 0
0.0017 0
0.0018 1
0.0019 1
0.002 2
0.0021 2
0.0022 2
0.0023 4
0.0024 4
0.0025 5
0.0026 6
0.0027 7
0.0028 9
0.0029 10
0.003 10
0.0031 12
0.0032 13
0.0033 14
0.0034 15
0.0035 16
0.0036 18
0.0037 20
0.0038 22
0.0039 23
0.004 25
0.0041 27
0.0042 29
0.0043 32
0.0044 35
0.0045 37
0.0046 40
0.0047 43
0.0048 45
0.0049 49
0.005 52
0.0051 54
0.0052 58
0.0053 61
0.0054 65
0.0055 68
0.0056 71
0.0057 74
0.0058 77
0.0059 80
0.006 83
0.0061 87
0.0062 90
0.0063 93
0.0064 96
0.0065 100
0.0066 103
0.0067 108
0.0068 111
0.0069 115
0.007 119
0.0071 122
0.0072 127
0.0073 131
0.0074 134
0.0075 139
0.0076 143
0.0077 148
0.0078 152
0.0079 156
0.008 161
0.0081 166
0.0082 172
0.0083 177
0.0084 182
0.0085 187
0.0086 193
0.0087 199
0.0088 205
0.0089 211
0.009 218
0.0091 221
0.0092 229
0.0093 237
0.0094 242
0.0095 248
0.0096 255
0.0097 260
0.0098 269
0.0099 273
0.01 281
0.0101 287
0.0102 293
0.0103 300
0.0104 306
0.0105 313
0.0106 321
0.0107 327
0.0108 335
0.0109 343
0.011 350
0.0111 358
0.0112 365
0.0113 373
0.0114 382
0.0115 389
0.0116 398
0.0117 405
0.0118 414
0.0119 423
0.012 431
0.0121 438
0.0122 450
0.0123 459
0.0124 468
0.0125 477
0.0126 485
0.0127 496
0.0128 504
0.0129 514
0.013 524
0.0131 533
0.0132 542
0.0133 552
0.0134 562
0.0135 571
0.0136 580
0.0137 591
0.0138 600
0.0139 608
0.014 617
0.0141 627
0.0142 637
0.0143 644
0.0144 652
0.0145 663
0.0146 668
0.0147 677
0.0148 688
0.0149 697
0.015 705
0.0151 713
0.0152 723
0.0153 733
0.0154 740
0.0155 748
0.0156 758
0.0157 769
0.0158 779
0.0159 786
0.016 798
0.0161 807
0.0162 817
0.0163 823
0.0164 835
0.0165 842
0.0166 851
0.0167 863
0.0168 872
0.0169 882
0.017 891
0.0171 900
0.0172 911
0.0173 920
0.0174 928
0.0175 942
0.0176 948
0.0177 961
0.0178 972
0.0179 979
0.018 991
0.0181 997
0.0182 1008
0.0183 1018
0.0184 1030
0.0185 1038
0.0186 1049
0.0187 1058
0.0188 1071
0.0189 1078
0.019 1089
0.0191 1099
0.0192 1110
0.0193 1119
0.0194 1127
0.0195 1138
0.0196 1148
0.0197 1158
0.0198 1168
0.0199 1180
0.02 1189
0.0201 1196
0.0202 1206
0.0203 1214
0.0204 1226
0.0205 1233
0.0206 1245
0.0207 1250
0.0208 1266
0.0209 1272
0.021 1284
0.0211 1291
0.0212 1303
0.0213 1314
0.0214 1323
0.0215 1332
0.0216 1344
0.0217 1353
0.0218 1365
0.0219 1376
0.022 1383
0.0221 1394
0.0222 1404
0.0223 1414
0.0224 1426
0.0225 1431
0.0226 1446
0.0227 1457
0.0228 1466
0.0229 1474
0.023 1483
0.0231 1491
0.0232 1501
0.0233 1512
0.0234 1526
0.0235 1536
0.0236 1541
0.0237 1555
0.0238 1561
0.0239 1574
0.024 1582
0.0241 1594
0.0242 1606
0.0243 1604
0.0244 1621
0.0245 1635
0.0246 1643
0.0247 1645
0.0248 1659
0.0249 1662
0.025 1680
0.0251 1686
0.0252 1694
0.0253 1703
0.0254 1712
0.0255 1720
0.0256 1731
0.0257 1740
0.0258 1741
0.0259 1751
0.026 1759
0.0261 1770
0.0262 1775
0.0263 1780
0.0264 1784
0.0265 1779
0.0266 1783
0.0267 1780
0.0268 1767
0.0269 1763
0.027 1757
0.0271 1768
0.0272 1762
0.0273 1763
0.0274 1748
0.0275 1746
0.0276 1730
0.0277 1689
0.0278 1662
0.0279 1644
0.028 1608
0.0281 1574
0.0282 1539
0.0283 1505
0.0284 1481
0.0285 1449
0.0286 1420
0.0287 1386
0.0288 1354
0.0289 1342
0.029 1341
0.0291 1342
0.0292 1321
0.0293 1311
0.0294 1289
0.0295 1285
0.0296 1266
0.0297 1254
0.0298 1249
0.0299 1226
0.03 1208
0.0301 1176
0.0302 1154
0.0303 1136
0.0304 1114
0.0305 1085
0.0306 1066
0.0307 1050
0.0308 1039
0.0309 1024
0.031 1009
0.0311 986
0.0312 962
0.0313 937
0.0314 915
0.0315 898
0.0316 875
0.0317 855
0.0318 836
0.0319 827
0.032 810
0.0321 786
0.0322 772
0.0323 760
0.0324 746
0.0325 740
0.0326 746
0.0327 753
0.0328 780
0.0329 808
0.033 819
0.0331 829
0.0332 832
0.0333 833
0.0334 823
0.0335 806
0.0336 803
0.0337 801
0.0338 791
0.0339 789
0.034 785
0.0341 778
0.0342 773
0.0343 760
0.0344 752
0.0345 742
0.0346 731
0.0347 723
0.0348 710
0.0349 696
0.035 687
0.0351 681
0.0352 672
0.0353 655
0.0354 646
0.0355 636
0.0356 635
0.0357 632
0.0358 620
0.0359 606
0.036 591
0.0361 591
0.0362 592
0.0363 600
0.0364 603
0.0365 593
0.0366 601
0.0367 595
0.0368 590
0.0369 590
0.037 587
0.0371 582
0.0372 577
0.0373 571
0.0374 568
0.0375 558
0.0376 547
0.0377 545
0.0378 533
0.0379 526
0.038 530
0.0381 526
0.0382 516
0.0383 516
0.0384 507
0.0385 499
0.0386 496
0.0387 487
0.0388 484
0.0389 476
0.039 472
0.0391 463
0.0392 458
0.0393 460
0.0394 460
0.0395 449
0.0396 444
0.0397 431
0.0398 422
0.0399 409
0.04 397
0.0401 391
0.0402 384
0.0403 377
0.0404 373
0.0405 366
0.0406 359
0.0407 352
0.0408 344
0.0409 340
0.041 335
0.0411 322
0.0412 318
0.0413 309
0.0414 307
0.0415 306
0.0416 303
0.0417 298
0.0418 296
0.0419 296
0.042 298
0.0421 298
0.0422 301
0.0423 299
0.0424 303
0.0425 309
0.0426 315
0.0427 325
0.0428 321
0.0429 318
0.043 308
0.0431 317
0.0432 317
0.0433 309
0.0434 309
0.0435 308
0.0436 305
0.0437 303
0.0438 300
0.0439 301
0.044 295
0.0441 286
0.0442 291
0.0443 293
0.0444 290
0.0445 282
0.0446 284
0.0447 287
0.0448 291
0.0449 290
0.045 285
0.0451 281
0.0452 278
0.0453 281
0.0454 283
0.0455 277
0.0456 277
0.0457 288
0.0458 288
0.0459 287
0.046 289
0.0461 294
0.0462 292
0.0463 287
0.0464 288
0.0465 294
0.0466 300
0.0467 299
0.0468 304
0.0469 314
0.047 335
0.0471 347
0.0472 353
0.0473 365
0.0474 398
0.0475 414
0.0476 420
0.0477 418
0.0478 425
0.0479 425
0.048 419
0.0481 411
0.0482 409
0.0483 403
0.0484 404
0.0485 391
0.0486 381
0.0487 381
0.0488 378
0.0489 368
0.049 360
0.0491 348
0.0492 344
0.0493 342
0.0494 348
0.0495 348
0.0496 344
0.0497 339
0.0498 337
0.0499 329
0.05 327
0.0501 331
0.0502 324
0.0503 319
0.0504 315
0.0505 314
0.0506 308
0.0507 303
0.0508 296
0.0509 288
0.051 283
0.0511 278
0.0512 273
0.0513 264
0.0514 259
0.0515 259
0.0516 254
0.0517 252
0.0518 260
0.0519 254
0.052 252
0.0521 255
0.0522 251
0.0523 251
0.0524 254
0.0525 258
0.0526 263
0.0527 258
0.0528 255
0.0529 261
0.053 262
0.0531 263
0.0532 259
0.0533 257
0.0534 258
0.0535 260
0.0536 270
0.0537 281
0.0538 286
0.0539 287
0.054 292
0.0541 296
0.0542 294
0.0543 296
0.0544 305
0.0545 302
0.0546 306
0.0547 302
0.0548 307
0.0549 305
0.055 303
0.0551 307
0.0552 302
0.0553 298
0.0554 297
0.0555 294
0.0556 294
0.0557 290
0.0558 299
0.0559 319
0.056 346
0.0561 361
0.0562 386
0.0563 402
0.0564 399
0.0565 406
0.0566 411
0.0567 407
0.0568 411
0.0569 408
0.057 400
0.0571 394
0.0572 391
0.0573 385
0.0574 387
0.0575 382
0.0576 384
0.0577 374
0.0578 371
0.0579 356
0.058 359
0.0581 357
0.0582 348
0.0583 350
0.0584 345
0.0585 338
0.0586 343
0.0587 339
0.0588 328
0.0589 322
0.059 318
0.0591 323
0.0592 320
0.0593 317
0.0594 319
0.0595 308
0.0596 302
0.0597 299
0.0598 295
0.0599 294
0.06 294
0.0601 287
0.0602 289
0.0603 296
0.0604 302
0.0605 298
0.0606 290
0.0607 289
0.0608 289
0.0609 292
0.061 287
0.0611 282
0.0612 278
0.0613 287
0.0614 300
0.0615 310
0.0616 341
0.0617 361
0.0618 384
0.0619 403
0.062 418
0.0621 424
0.0622 434
0.0623 431
0.0624 440
0.0625 434
0.0626 433
0.0627 431
0.0628 440
0.0629 460
0.063 484
0.0631 494
0.0632 512
0.0633 555
0.0634 582
0.0635 623
0.0636 657
0.0637 687
0.0638 715
0.0639 731
0.064 738
0.0641 740
0.0642 743
0.0643 744
0.0644 746
0.0645 749
0.0646 750
0.0647 750
0.0648 751
0.0649 750
0.065 752
0.0651 755
0.0652 753
0.0653 759
0.0654 753
0.0655 755
0.0656 762
0.0657 759
0.0658 757
0.0659 761
0.066 760
0.0661 763
0.0662 764
0.0663 766
0.0664 763
0.0665 766
0.0666 766
0.0667 772
0.0668 769
0.0669 772
0.067 777
0.0671 774
0.0672 779
0.0673 781
0.0674 782
0.0675 784
0.0676 785
0.0677 788
0.0678 788
0.0679 791
0.068 793
0.0681 797
0.0682 799
0.0683 796
0.0684 804
0.0685 803
0.0686 809
0.0687 810
0.0688 812
0.0689 816
0.069 817
0.0691 820
0.0692 823
0.0693 827
0.0694 831
0.0695 832
0.0696 835
0.0697 838
0.0698 838
0.0699 843
0.07 847
0.0701 850
0.0702 855
0.0703 854
0.0704 859
0.0705 861
0.0706 866
0.0707 871
0.0708 875
0.0709 881
0.071 882
0.0711 888
0.0712 895
0.0713 898
0.0714 899
0.0715 908
0.0716 913
0.0717 918
0.0718 921
0.0719 927
0.072 932
0.0721 940
0.0722 945
0.0723 949
0.0724 955
0.0725 963
0.0726 967
0.0727 974
0.0728 979
0.0729 983
0.073 992
0.0731 997
0.0732 998
0.0733 1007
0.0734 1013
0.0735 1021
0.0736 1027
0.0737 1032
0.0738 1037
0.0739 1045
0.074 1052
0.0741 1057
0.0742 1063
0.0743 1069
0.0744 1074
0.0745 1081
0.0746 1089
0.0747 1095
0.0748 1100
0.0749 1110
0.075 1116
0.0751 1123
0.0752 1132
0.0753 1138
0.0754 1145
0.0755 1155
0.0756 1160
0.0757 1168
0.0758 1175
0.0759 1184
0.076 1192
0.0761 1197
0.0762 1208
0.0763 1216
0.0764 1220
0.0765 1231
0.0766 1241
0.0767 1246
0.0768 1253
0.0769 1266
0.077 1272
0.0771 1279
0.0772 1285
0.0773 1296
0.0774 1303
0.0775 1314
0.0776 1321
0.0777 1328
0.0778 1336
0.0779 1346
0.078 1353
0.0781 1367
0.0782 1374
0.0783 1384
0.0784 1388
0.0785 1403
0.0786 1411
0.0787 1421
0.0788 1429
0.0789 1437
0.079 1444
0.0791 1452
0.0792 1467
0.0793 1472
0.0794 1486
0.0795 1493
0.0796 1503
0.0797 1516
0.0798 1525
0.0799 1530
0.08 1544
0.0801 1553
0.0802 1565
0.0803 1573
0.0804 1583
0.0805 1593
0.0806 1601
0.0807 1608
0.0808 1620
0.0809 1625
0.081 1639
0.0811 1652
0.0812 1661
0.0813 1668
0.0814 1680
0.0815 1689
0.0816 1696
0.0817 1701
0.0818 1717
0.0819 1732
0.082 1733
0.0821 1746
0.0822 1755
0.0823 1762
0.0824 1767
0.0825 1776
0.0826 1788
0.0827 1796
0.0828 1805
0.0829 1810
0.083 1825
0.0831 1837
0.0832 1843
0.0833 1853
0.0834 1858
0.0835 1869
0.0836 1874
0.0837 1886
0.0838 1901
0.0839 1904
0.084 1913
0.0841 1919
0.0842 1922
0.0843 1935
0.0844 1942
0.0845 1952
0.0846 1955
0.0847 1955
0.0848 1969
0.0849 1963
0.085 1971
0.0851 1971
0.0852 1979
0.0853 1969
0.0854 1968
0.0855 1969
0.0856 1967
0.0857 1974
0.0858 1989
0.0859 2001
0.086 1997
0.0861 1998
0.0862 1992
0.0863 1990
0.0864 1972
0.0865 1945
0.0866 1926
0.0867 1902
0.0868 1879
0.0869 1845
0.087 1809
0.0871 1758
0.0872 1720
0.0873 1686
0.0874 1652
0.0875 1618
0.0876 1584
0.0877 1555
0.0878 1513
0.0879 1496
0.088 1463
0.0881 1448
0.0882 1424
0.0883 1397
0.0884 1377
0.0885 1343
0.0886 1302
0.0887 1282
0.0888 1261
0.0889 1231
0.089 1214
0.0891 1187
0.0892 1164
0.0893 1151
0.0894 1133
0.0895 1105
0.0896 1085
0.0897 1059
0.0898 1041
0.0899 1017
0.09 1000
0.0901 975
0.0902 954
0.0903 931
0.0904 917
0.0905 900
0.0906 893
0.0907 870
0.0908 848
0.0909 833
0.091 816
0.0911 804
0.0912 788
0.0913 780
0.0914 775
0.0915 772
0.0916 770
0.0917 768
0.0918 750
0.0919 734
0.092 730
0.0921 727
0.0922 721
0.0923 709
0.0924 701
0.0925 692
0.0926 666
0.0927 656
0.0928 642
0.0929 634
0.093 632
0.0931 627
0.0932 619
0.0933 605
0.0934 604
0.0935 596
0.0936 583
0.0937 573
0.0938 558
0.0939 540
0.094 528
0.0941 521
0.0942 522
0.0943 511
0.0944 514
0.0945 501
0.0946 498
0.0947 510
0.0948 520
0.0949 519
0.095 506
0.0951 504
0.0952 498
0.0953 495
0.0954 478
0.0955 475
0.0956 472
0.0957 473
0.0958 464
0.0959 451
0.096 443
0.0961 441
0.0962 433
0.0963 426
0.0964 422
0.0965 425
0.0966 421
0.0967 411
0.0968 400
0.0969 395
0.097 395
0.0971 398
0.0972 393
0.0973 394
0.0974 399
0.0975 394
0.0976 386
0.0977 383
0.0978 371
0.0979 369
0.098 369
0.0981 360
0.0982 362
0.0983 355
0.0984 357
0.0985 361
0.0986 361
0.0987 354
0.0988 354
0.0989 349
0.099 346
0.0991 341
0.0992 339
0.0993 343
0.0994 342
0.0995 342
0.0996 334
0.0997 335
0.0998 329
0.0999 326
0.1 319
0.1001 321
0.1002 320
0.1003 318
0.1004 327
0.1005 331
0.1006 331
0.1007 326
0.1008 321
0.1009 315
0.101 309
0.1011 298
0.1012 293
0.1013 289
0.1014 281
0.1015 279
0.1016 275
0.1017 283
0.1018 294
0.1019 296
0.102 299
0.1021 300
0.1022 299
0.1023 298
0.1024 298
0.1025 295
0.1026 289
0.1027 283
0.1028 282
0.1029 286
0.103 281
0.1031 291
0.1032 292
0.1033 289
0.1034 280
0.1035 284
0.1036 284
0.1037 283
0.1038 284
0.1039 280
0.104 274
0.1041 272
0.1042 266
0.1043 268
0.1044 273
0.1045 273
0.1046 273
0.1047 276
0.1048 278
0.1049 282
0.105 279
0.1051 277
0.1052 273
0.1053 273
0.1054 266
0.1055 261
0.1056 259
0.1057 259
0.1058 257
0.1059 251
0.106 248
0.1061 248
0.1062 249
0.1063 245
0.1064 241
0.1065 235
0.1066 230
0.1067 221
0.1068 214
0.1069 214
0.107 219
0.1071 226
0.1072 233
0.1073 234
0.1074 234
0.1075 240
0.1076 248
0.1077 249
0.1078 247
0.1079 245
0.108 240
0.1081 246
0.1082 246
0.1083 245
0.1084 243
0.1085 246
0.1086 248
0.1087 247
0.1088 253
0.1089 259
0.109 254
0.1091 254
0.1092 262
0.1093 261
0.1094 258
0.1095 255
0.1096 257
0.1097 250
0.1098 252
0.1099 252
0.11 255
0.1101 254
0.1102 249
0.1103 256
0.1104 263
0.1105 262
0.1106 258
0.1107 260
0.1108 263
0.1109 258
0.111 257
0.1111 253
0.1112 248
0.1113 243
0.1114 243
0.1115 240
0.1116 230
0.1117 229
0.1118 224
0.1119 225
0.112 225
0.1121 228
0.1122 229
0.1123 224
0.1124 226
0.1125 219
0.1126 218
0.1127 210
0.1128 213
0.1129 216
0.113 216
0.1131 217
0.1132 215
0.1133 214
0.1134 217
0.1135 219
0.1136 222
0.1137 229
0.1138 230
0.1139 227
0.114 227
0.1141 223
0.1142 219
0.1143 212
0.1144 212
0.1145 223
0.1146 219
0.1147 219
0.1148 217
0.1149 212
0.115 205
0.1151 204
0.1152 207
0.1153 206
0.1154 203
0.1155 208
0.1156 204
0.1157 203
0.1158 205
0.1159 203
0.116 203
0.1161 207
0.1162 217
0.1163 237
0.1164 252
0.1165 266
0.1166 276
0.1167 281
0.1168 291
0.1169 324
0.117 343
0.1171 379
0.1172 415
0.1173 455
0.1174 480
0.1175 510
0.1176 523
0.1177 525
0.1178 526
0.1179 526
0.118 516
0.1181 521
0.1182 525
0.1183 533
0.1184 540
0.1185 548
0.1186 547
0.1187 553
0.1188 551
0.1189 552
0.119 547
0.1191 543
0.1192 533
0.1193 522
0.1194 520
0.1195 517
0.1196 512
0.1197 510
0.1198 502
0.1199 488
0.12 472
0.1201 465
0.1202 467
0.1203 478
0.1204 518
0.1205 541
0.1206 562
0.1207 561
0.1208 568
0.1209 576
0.121 573
0.1211 562
0.1212 564
0.1213 560
0.1214 550
0.1215 545
0.1216 536
0.1217 529
0.1218 524
0.1219 520
0.122 507
0.1221 500
0.1222 485
0.1223 477
0.1224 473
0.1225 471
0.1226 468
0.1227 458
0.1228 447
0.1229 435
0.123 428
0.1231 422
0.1232 412
0.1233 408
0.1234 409
0.1235 409
0.1236 407
0.1237 403
0.1238 406
0.1239 408
0.124 407
0.1241 396
0.1242 398
0.1243 409
0.1244 409
0.1245 409
0.1246 398
0.1247 392
0.1248 389
0.1249 383
0.125 377
0.1251 386
0.1252 399
0.1253 426
0.1254 451
0.1255 455
0.1256 469
0.1257 499
0.1258 525
0.1259 563
0.126 594
0.1261 609
0.1262 631
0.1263 645
0.1264 649
0.1265 652
0.1266 652
0.1267 649
0.1268 640
0.1269 627
0.127 619
0.1271 609
0.1272 599
0.1273 593
0.1274 587
0.1275 579
0.1276 577
0.1277 567
0.1278 564
0.1279 564
0.128 557
0.1281 557
0.1282 559
0.1283 542
0.1284 538
0.1285 533
0.1286 528
0.1287 530
0.1288 529
0.1289 527
0.129 518
0.1291 509
0.1292 512
0.1293 510
0.1294 499
0.1295 492
0.1296 477
0.1297 468
0.1298 459
0.1299 452
0.13 446
0.1301 447
0.1302 461
0.1303 466
0.1304 488
0.1305 516
0.1306 548
0.1307 572
0.1308 576
0.1309 586
0.131 601
0.1311 599
0.1312 591
0.1313 588
0.1314 594
0.1315 591
0.1316 583
0.1317 573
0.1318 567
0.1319 562
0.132 549
0.1321 534
0.1322 522
0.1323 514
0.1324 502
0.1325 490
0.1326 473
0.1327 459
0.1328 451
0.1329 444
0.133 435
0.1331 425
0.1332 415
0.1333 412
0.1334 403
0.1335 400
0.1336 398
0.1337 390
0.1338 380
0.1339 370
0.134 365
0.1341 358
0.1342 358
0.1343 363
0.1344 369
0.1345 371
0.1346 376
0.1347 382
0.1348 377
0.1349 379
0.135 376
0.1351 363
0.1352 364
0.1353 356
0.1354 350
0.1355 343
0.1356 341
0.1357 338
0.1358 333
0.1359 329
0.136 327
0.1361 328
0.1362 331
0.1363 327
0.1364 322
0.1365 320
0.1366 319
0.1367 316
0.1368 315
0.1369 317
0.137 317
0.1371 311
0.1372 309
0.1373 303
0.1374 301
0.1375 296
0.1376 292
0.1377 284
0.1378 285
0.1379 283
0.138 278
0.1381 279
0.1382 272
0.1383 269
0.1384 267
0.1385 262
0.1386 259
0.1387 254
0.1388 246
0.1389 241
0.139 237
0.1391 239
0.1392 239
0.1393 238
0.1394 236
0.1395 244
0.1396 244
0.1397 240
0.1398 237
0.1399 241
0.14 245
0.1401 243
0.1402 242
0.1403 240
0.1404 249
0.1405 253
0.1406 268
0.1407 315
0.1408 335
0.1409 353
0.141 369
0.1411 388
0.1412 402
0.1413 409
0.1414 411
0.1415 416
0.1416 412
0.1417 403
0.1418 395
0.1419 385
0.142 380
0.1421 374
0.1422 375
0.1423 372
0.1424 371
0.1425 366
0.1426 360
0.1427 357
0.1428 358
0.1429 352
0.143 347
0.1431 343
0.1432 343
0.1433 357
0.1434 384
0.1435 397
0.1436 421
0.1437 428
0.1438 447
0.1439 473
0.144 486
0.1441 498
0.1442 499
0.1443 508
0.1444 505
0.1445 508
0.1446 508
0.1447 509
0.1448 508
0.1449 510
0.145 512
0.1451 509
0.1452 513
0.1453 513
0.1454 515
0.1455 514
0.1456 518
0.1457 517
0.1458 516
0.1459 518
0.146 521
0.1461 522
0.1462 522
0.1463 521
0.1464 524
0.1465 526
0.1466 527
0.1467 528
0.1468 528
0.1469 530
0.147 532
0.1471 534
0.1472 538
0.1473 540
0.1474 540
0.1475 544
0.1476 545
0.1477 548
0.1478 551
0.1479 553
0.148 557
0.1481 559
0.1482 563
0.1483 566
0.1484 567
0.1485 570
0.1486 573
0.1487 577
0.1488 581
0.1489 581
0.149 586
0.1491 590
0.1492 592
0.1493 596
0.1494 599
0.1495 602
0.1496 606
0.1497 610
0.1498 613
0.1499 617
0.15 621
0.1501 621
0.1502 627
0.1503 630
0.1504 635
0.1505 639
0.1506 640
0.1507 646
0.1508 648
0.1509 653
0.151 657
0.1511 660
0.1512 666
0.1513 666
0.1514 671
0.1515 678
0.1516 683
0.1517 684
0.1518 690
0.1519 696
0.152 696
0.1521 703
0.1522 708
0.1523 712
0.1524 715
0.1525 719
0.1526 727
0.1527 727
0.1528 733
0.1529 741
0.153 746
0.1531 748
0.1532 755
0.1533 762
0.1534 768
0.1535 773
0.1536 778
0.1537 784
0.1538 789
0.1539 794
0.154 800
0.1541 804
0.1542 813
0.1543 817
0.1544 823
0.1545 833
0.1546 837
0.1547 844
0.1548 851
0.1549 859
0.155 866
0.1551 874
0.1552 883
0.1553 888
0.1554 897
0.1555 908
0.1556 911
0.1557 923
0.1558 930
0.1559 937
0.156 945
0.1561 952
0.1562 959
0.1563 963
0.1564 972
0.1565 979
0.1566 985
0.1567 997
0.1568 1001
0.1569 1012
0.157 1016
0.1571 1024
0.1572 1033
0.1573 1042
0.1574 1052
0.1575 1059
0.1576 1067
0.1577 1077
0.1578 1085
0.1579 1090
0.158 1104
0.1581 1111
0.1582 1119
0.1583 1131
0.1584 1139
0.1585 1149
0.1586 1158
0.1587 1171
0.1588 1179
0.1589 1188
0.159 1199
0.1591 1209
0.1592 1215
0.1593 1231
0.1594 1242
0.1595 1251
0.1596 1262
0.1597 1268
0.1598 1283
0.1599 1292
0.16 1302
0.1601 1310
0.1602 1327
0.1603 1330
0.1604 1346
0.1605 1352
0.1606 1365
0.1607 1371
0.1608 1381
0.1609 1394
0.161 1403
0.1611 1408
0.1612 1418
0.1613 1431
0.1614 1442
0.1615 1445
0.1616 1461
0.1617 1470
0.1618 1480
0.1619 1492
0.162 1501
0.1621 1514
0.1622 1522
0.1623 1535
0.1624 1543
0.1625 1557
0.1626 1564
0.1627 1578
0.1628 1591
0.1629 1598
0.163 1602
0.1631 1614
0.1632 1627
0.1633 1637
0.1634 1646
0.1635 1660
0.1636 1672
0.1637 1682
0.1638 1693
0.1639 1697
0.164 1703
0.1641 1725
0.1642 1734
0.1643 1740
0.1644 1754
0.1645 1759
0.1646 1767
0.1647 1780
0.1648 1789
0.1649 1800
0.165 1808
0.1651 1832
0.1652 1830
0.1653 1840
0.1654 1854
0.1655 1861
0.1656 1869
0.1657 1873
0.1658 1886
0.1659 1891
0.166 1895
0.1661 1910
0.1662 1911
0.1663 1926
0.1664 1935
0.1665 1937
0.1666 1949
0.1667 1944
0.1668 1949
0.1669 1960
0.167 1969
0.1671 1972
0.1672 1962
0.1673 1962
0.1674 1947
0.1675 1913
0.1676 1875
0.1677 1835
0.1678 1799
0.1679 1772
0.168 1740
0.1681 1701
0.1682 1665
0.1683 1631
0.1684 1603
0.1685 1560
0.1686 1528
0.1687 1493
0.1688 1457
0.1689 1419
0.169 1384
0.1691 1353
0.1692 1331
0.1693 1300
0.1694 1268
0.1695 1243
0.1696 1213
0.1697 1193
0.1698 1171
0.1699 1155
0.17 1132
0.1701 1109
0.1702 1086
0.1703 1057
0.1704 1037
0.1705 1010
0.1706 998
0.1707 982
0.1708 961
0.1709 946
0.171 931
0.1711 920
0.1712 912
0.1713 895
0.1714 878
0.1715 871
0.1716 866
0.1717 852
0.1718 836
0.1719 827
0.172 809
0.1721 800
0.1722 792
0.1723 768
0.1724 749
0.1725 732
0.1726 710
0.1727 707
0.1728 693
0.1729 680
0.173 664
0.1731 655
0.1732 639
0.1733 634
0.1734 625
0.1735 608
0.1736 599
0.1737 591
0.1738 586
0.1739 582
0.174 573
0.1741 565
0.1742 557
0.1743 547
0.1744 535
0.1745 530
0.1746 520
0.1747 521
0.1748 517
0.1749 507
0.175 507
0.1751 509
0.1752 505
0.1753 509
0.1754 503
0.1755 497
0.1756 492
0.1757 487
0.1758 485
0.1759 477
0.176 473
0.1761 464
0.1762 455
0.1763 448
0.1764 437
0.1765 427
0.1766 419
0.1767 413
0.1768 407
0.1769 406
0.177 405
0.1771 412
0.1772 415
0.1773 414
0.1774 412
0.1775 408
0.1776 403
0.1777 395
0.1778 387
0.1779 375
0.178 366
0.1781 358
0.1782 349
0.1783 345
0.1784 338
0.1785 333
0.1786 327
0.1787 324
0.1788 336
0.1789 341
0.179 341
0.1791 333
0.1792 340
0.1793 344
0.1794 338
0.1795 336
0.1796 337
0.1797 338
0.1798 339
0.1799 335
0.18 332
0.1801 333
0.1802 338
0.1803 345
0.1804 338
0.1805 332
0.1806 327
0.1807 319
0.1808 309
0.1809 308
0.181 301
0.1811 295
0.1812 291
0.1813 291
0.1814 280
0.1815 271
0.1816 268
0.1817 263
0.1818 254
0.1819 252
0.182 248
0.1821 246
0.1822 249
0.1823 244
0.1824 244
0.1825 249
0.1826 246
0.1827 251
0.1828 252
0.1829 247
0.183 242
0.1831 244
0.1832 239
0.1833 234
0.1834 236
0.1835 231
0.1836 232
0.1837 234
0.1838 245
0.1839 250
0.184 257
0.1841 261
0.1842 262
0.1843 281
0.1844 309
0.1845 355
0.1846 390
0.1847 434
0.1848 467
0.1849 507
0.185 531
0.1851 557
0.1852 584
0.1853 598
0.1854 601
0.1855 598
0.1856 595
0.1857 592
0.1858 591
0.1859 602
0.186 613
0.1861 611
0.1862 611
0.1863 642
0.1864 667
0.1865 691
0.1866 708
0.1867 729
0.1868 735
0.1869 736
0.187 735
0.1871 727
0.1872 718
0.1873 716
0.1874 707
0.1875 703
0.1876 688
0.1877 680
0.1878 666
0.1879 651
0.188 640
0.1881 629
0.1882 627
0.1883 633
0.1884 650
0.1885 684
0.1886 702
0.1887 722
0.1888 745
0.1889 732
0.189 743
0.1891 734
0.1892 727
0.1893 729
0.1894 719
0.1895 704
0.1896 696
0.1897 682
0.1898 665
0.1899 650
0.19 643
0.1901 636
0.1902 633
0.1903 649
0.1904 671
0.1905 705
0.1906 741
0.1907 789
0.1908 798
0.1909 811
0.191 835
0.1911 851
0.1912 860
0.1913 876
0.1914 906
0.1915 917
0.1916 932
0.1917 928
0.1918 932
0.1919 908
0.192 896
0.1921 878
0.1922 871
0.1923 861
0.1924 855
0.1925 842
0.1926 820
0.1927 812
0.1928 799
0.1929 790
0.193 764
0.1931 758
0.1932 744
0.1933 726
0.1934 720
0.1935 709
0.1936 702
0.1937 690
0.1938 678
0.1939 669
0.194 666
0.1941 661
0.1942 657
0.1943 652
0.1944 648
0.1945 644
0.1946 648
0.1947 659
0.1948 656
0.1949 649
0.195 639
0.1951 640
0.1952 631
0.1953 622
0.1954 610
0.1955 601
0.1956 588
0.1957 583
0.1958 579
0.1959 585
0.196 597
0.1961 616
0.1962 624
0.1963 610
0.1964 606
0.1965 600
0.1966 597
0.1967 591
0.1968 583
0.1969 577
0.197 571
0.1971 558
0.1972 550
0.1973 534
0.1974 515
0.1975 507
0.1976 500
0.1977 492
0.1978 482
0.1979 486
0.198 495
0.1981 503
0.1982 512
0.1983 520
0.1984 524
0.1985 521
0.1986 512
0.1987 512
0.1988 503
0.1989 508
0.199 497
0.1991 493
0.1992 490
0.1993 485
0.1994 479
0.1995 463
0.1996 458
0.1997 455
0.1998 452
0.1999 444
0.2 429
0.2001 419
0.2002 428
0.2003 427
0.2004 424
0.2005 418
0.2006 401
0.2007 391
0.2008 392
0.2009 396
0.201 386
0.2011 390
0.2012 398
0.2013 410
0.2014 425
0.2015 441
0.2016 456
0.2017 468
0.2018 469
0.2019 460
0.202 455
0.2021 448
0.2022 443
0.2023 445
0.2024 446
0.2025 447
0.2026 450
0.2027 451
0.2028 454
0.2029 456
0.203 463
0.2031 461
0.2032 457
0.2033 454
0.2034 451
0.2035 437
0.2036 432
0.2037 429
0.2038 430
0.2039 422
0.204 424
0.2041 421
0.2042 414
0.2043 409
0.2044 400
0.2045 400
0.2046 399
0.2047 394
0.2048 393
0.2049 390
0.205 385
0.2051 385
0.2052 382
0.2053 384
0.2054 377
0.2055 378
0.2056 374
0.2057 368
0.2058 365
0.2059 359
0.206 358
0.2061 364
0.2062 370
0.2063 373
0.2064 368
0.2065 359
0.2066 361
0.2067 361
0.2068 358
0.2069 343
0.207 335
0.2071 333
0.2072 328
0.2073 323
0.2074 316
0.2075 309
0.2076 307
0.2077 306
0.2078 301
0.2079 298
0.208 295
0.2081 310
0.2082 323
0.2083 343
0.2084 369
0.2085 390
0.2086 399
0.2087 404
0.2088 406
0.2089 424
0.209 440
0.2091 448
0.2092 450
0.2093 452
0.2094 467
0.2095 476
0.2096 481
0.2097 483
0.2098 486
0.2099 480
0.21 472
0.2101 465
0.2102 449
0.2103 443
0.2104 448
0.2105 475
0.2106 486
0.2107 498
0.2108 502
0.2109 504
0.211 506
0.2111 498
0.2112 495
0.2113 480
0.2114 477
0.2115 468
0.2116 451
0.2117 449
0.2118 440
0.2119 434
0.212 428
0.2121 419
0.2122 410
0.2123 416
0.2124 409
0.2125 402
0.2126 395
0.2127 393
0.2128 386
0.2129 392
0.213 387
0.2131 391
0.2132 396
0.2133 403
0.2134 408
0.2135 432
0.2136 471
0.2137 505
0.2138 519
0.2139 531
0.214 533
0.2141 540
0.2142 556
0.2143 564
0.2144 583
0.2145 600
0.2146 614
0.2147 628
0.2148 636
0.2149 639
0.215 649
0.2151 658
0.2152 653
0.2153 648
0.2154 647
0.2155 646
0.2156 649
0.2157 640
0.2158 645
0.2159 661
0.216 658
0.2161 666
0.2162 674
0.2163 682
0.2164 682
0.2165 676
0.2166 680
0.2167 680
0.2168 685
0.2169 681
0.217 680
0.2171 678
0.2172 676
0.2173 674
0.2174 678
0.2175 677
0.2176 681
0.2177 687
0.2178 689
0.2179 696
0.218 688
0.2181 693
0.2182 698
0.2183 699
0.2184 700
0.2185 698
0.2186 704
0.2187 708
0.2188 697
0.2189 709
0.219 715
0.2191 717
0.2192 721
0.2193 717
0.2194 718
0.2195 722
0.2196 723
0.2197 726
0.2198 727
0.2199 727
0.22 728
0.2201 729
0.2202 735
0.2203 734
0.2204 735
0.2205 738
0.2206 742
0.2207 740
0.2208 744
0.2209 744
0.221 747
0.2211 751
0.2212 753
0.2213 754
0.2214 757
0.2215 759
0.2216 755
0.2217 762
0.2218 765
0.2219 767
0.222 769
0.2221 769
0.2222 776
0.2223 777
0.2224 782
0.2225 783
0.2226 788
0.2227 792
0.2228 792
0.2229 797
0.223 800
0.2231 805
0.2232 807
0.2233 810
0.2234 814
0.2235 820
0.2236 820
0.2237 827
0.2238 830
0.2239 833
0.224 837
0.2241 841
0.2242 845
0.2243 849
0.2244 852
0.2245 857
0.2246 862
0.2247 866
0.2248 869
0.2249 875
0.225 879
0.2251 882
0.2252 888
0.2253 893
0.2254 898
0.2255 903
0.2256 907
0.2257 910
0.2258 916
0.2259 921
0.226 926
0.2261 929
0.2262 934
0.2263 941
0.2264 943
0.2265 954
0.2266 957
0.2267 963
0.2268 969
0.2269 971
0.227 980
0.2271 983
0.2272 991
0.2273 995
0.2274 1003
0.2275 1007
0.2276 1015
0.2277 1020
0.2278 1025
0.2279 1031
0.228 1038
0.2281 1041
0.2282 1049
0.2283 1053
0.2284 1060
0.2285 1068
0.2286 1073
0.2287 1080
0.2288 1086
0.2289 1092
0.229 1099
0.2291 1106
0.2292 1112
0.2293 1119
0.2294 1129
0.2295 1136
0.2296 1144
0.2297 1147
0.2298 1154
0.2299 1163
0.23 1170
0.2301 1181
0.2302 1187
0.2303 1195
0.2304 1203
0.2305 1213
0.2306 1219
0.2307 1224
0.2308 1234
0.2309 1240
0.231 1249
0.2311 1254
0.2312 1262
0.2313 1272
0.2314 1278
0.2315 1287
0.2316 1296
0.2317 1300
0.2318 1307
0.2319 1313
0.232 1325
0.2321 1332
0.2322 1341
0.2323 1352
0.2324 1357
0.2325 1364
0.2326 1374
0.2327 1382
0.2328 1391
0.2329 1397
0.233 1403
0.2331 1414
0.2332 1420
0.2333 1429
0.2334 1437
0.2335 1442
0.2336 1453
0.2337 1465
0.2338 1470
0.2339 1478
0.234 1488
0.2341 1500
0.2342 1508
0.2343 1519
0.2344 1528
0.2345 1533
0.2346 1536
0.2347 1556
0.2348 1561
0.2349 1576
0.235 1584
0.2351 1592
0.2352 1605
0.2353 1613
0.2354 1621
0.2355 1632
0.2356 1641
0.2357 1648
0.2358 1662
0.2359 1667
0.236 1680
0.2361 1688
0.2362 1697
0.2363 1707
0.2364 1719
0.2365 1728
0.2366 1737
0.2367 1749
0.2368 1758
0.2369 1766
0.237 1774
0.2371 1788
0.2372 1798
0.2373 1807
0.2374 1817
0.2375 1830
0.2376 1840
0.2377 1850
0.2378 1855
0.2379 1874
0.238 1878
0.2381 1883
0.2382 1898
0.2383 1897
0.2384 1913
0.2385 1916
0.2386 1921
0.2387 1939
0.2388 1934
0.2389 1949
0.239 1950
0.2391 1966
0.2392 1956
0.2393 1958
0.2394 1963
0.2395 1958
0.2396 1950
0.2397 1916
0.2398 1881
0.2399 1837
0.24 1802
0.2401 1760
0.2402 1722
0.2403 1682
0.2404 1647
0.2405 1621
0.2406 1575
0.2407 1532
0.2408 1499
0.2409 1463
0.241 1429
0.2411 1393
0.2412 1363
0.2413 1332
0.2414 1302
0.2415 1277
0.2416 1244
0.2417 1222
0.2418 1202
0.2419 1185
0.242 1162
0.2421 1163
0.2422 1140
0.2423 1120
0.2424 1109
0.2425 1094
0.2426 1080
0.2427 1076
0.2428 1060
0.2429 1056
0.243 1050
0.2431 1023
0.2432 1018
0.2433 996
0.2434 967
0.2435 940
0.2436 915
0.2437 886
0.2438 874
0.2439 852
0.244 837
0.2441 827
0.2442 813
0.2443 825
0.2444 820
0.2445 813
0.2446 800
0.2447 776
0.2448 764
0.2449 757
0.245 741
0.2451 725
0.2452 714
0.2453 709
0.2454 687
0.2455 672
0.2456 661
0.2457 651
0.2458 643
0.2459 627
0.246 623
0.2461 604
0.2462 587
0.2463 577
0.2464 572
0.2465 559
0.2466 549
0.2467 540
0.2468 538
0.2469 529
0.247 515
0.2471 510
0.2472 499
0.2473 486
0.2474 477
0.2475 466
0.2476 460
0.2477 456
0.2478 452
0.2479 452
0.248 444
0.2481 442
0.2482 430
0.2483 425
0.2484 417
0.2485 413
0.2486 411
0.2487 399
0.2488 392
0.2489 383
0.249 367
0.2491 362
0.2492 365
0.2493 367
0.2494 366
0.2495 374
0.2496 368
0.2497 365
0.2498 370
0.2499 362
0.25 369
