0 0
0.01 51
0.02 72
0.03 89
0.04 84
0.05 96
0.06 94
0.07 91
0.08 96
0.09 88
0.1 81
0.11 72
0.12 75
0.13 74
0.14 78
0.15 79
0.16 75
0.17 77
0.18 74
0.19 71
0.2 76
0.21 72
0.22 74
0.23 70
0.24 70
0.25 63
0.26 63
0.27 61
0.28 60
0.29 59
0.3 55
0.31 59
0.32 58
0.33 53
0.34 54
0.35 51
0.36 51
0.37 50
0.38 54
0.39 59
0.4 59
0.41 60
0.42 58
0.43 61
0.44 61
0.45 67
0.46 73
0.47 81
0.48 77
0.49 76
0.5 77
0.51 62
0.52 56
0.53 57
0.54 61
0.55 64
0.56 68
0.57 63
0.58 66
0.59 69
0.6 67
0.61 74
0.62 69
0.63 72
0.64 77
0.65 71
0.66 74
0.67 81
0.68 80
0.69 81
0.7 83
0.71 76
0.72 69
0.73 63
0.74 68
0.75 67
0.76 66
0.77 67
0.78 69
0.79 63
0.8 61
0.81 61
0.82 60
0.83 61
0.84 64
0.85 66
0.86 65
0.87 67
0.88 61
0.89 62
0.9 57
0.91 61
0.92 60
0.93 61
0.94 59
0.95 64
0.96 61
0.97 65
0.98 65
0.99 64
1 59
1.01 61
1.02 56
1.03 55
1.04 55
1.05 58
1.06 53
1.07 55
1.08 60
1.09 58
1.1 58
1.11 59
1.12 58
1.13 57
1.14 53
1.15 55
1.16 59
1.17 56
1.18 58
1.19 52
1.2 49
1.21 58
1.22 55
1.23 56
1.24 61
1.25 60
1.26 60
1.27 57
1.28 58
1.29 59
1.3 58
1.31 51
1.32 49
1.33 52
1.34 51
1.35 49
1.36 49
1.37 54
1.38 57
1.39 62
1.4 60
1.41 63
1.42 59
1.43 59
1.44 61
1.45 60
1.46 60
1.47 58
1.48 61
1.49 57
1.5 58
1.51 56
1.52 57
1.53 56
1.54 59
1.55 63
1.56 66
1.57 63
1.58 60
1.59 61
1.6 61
1.61 59
1.62 55
1.63 58
1.64 55
1.65 53
1.66 59
1.67 65
1.68 64
1.69 64
1.7 66
1.71 69
1.72 65
1.73 63
1.74 69
1.75 64
1.76 68
1.77 67
1.78 63
1.79 65
1.8 64
1.81 61
1.82 62
1.83 57
1.84 59
1.85 59
1.86 56
1.87 54
1.88 54
1.89 57
1.9 57
1.91 56
1.92 57
1.93 52
1.94 58
1.95 55
1.96 57
1.97 56
1.98 59
1.99 56
2 54
