0.0000 0.000000
0.0001 0.000000
0.0002 0.000000
0.0003 0.000000
0.0004 0.000000
0.0005 0.000000
0.0006 0.000000
0.0007 0.000000
0.0008 0.000000
0.0009 0.000000
0.0010 0.000000
0.0011 0.000000
0.0012 0.000000
0.0013 0.000000
0.0014 0.000000
0.0015 0.000000
0.0016 0.000000
0.0017 0.062255
0.0018 0.195613
0.0019 0.328258
0.0020 0.460194
0.0021 0.642979
0.0022 0.906923
0.0023 1.169454
0.0024 0.432457
0.0025 0.697526
0.0026 0.961178
0.0027 0.225829
0.0028 0.492003
0.0029 0.756754
0.0030 1.020089
0.0031 0.286296
0.0032 0.675168
0.0033 1.072630
0.0034 0.469172
0.0035 0.867736
0.0036 0.267701
0.0037 0.667342
0.0038 0.065676
0.0039 1.508774
0.0040 1.040790
0.0041 0.667445
0.0042 0.560586
0.0043 0.684232
0.0044 1.962090
0.0045 0.397608
0.0046 0.033208
0.0047 0.899215
0.0048 0.772687
0.0049 1.708370
0.0050 0.715726
0.0051 -0.275136
0.0052 0.733465
0.0053 0.741248
0.0054 0.953021
0.0055 0.478951
0.0056 1.021977
0.0057 0.565602
0.0058 0.293391
0.0059 1.233627
0.0060 0.624997
0.0061 1.240167
0.0062 0.880924
0.0063 0.584939
0.0064 0.246075
0.0065 1.012133
0.0066 0.993488
0.0067 1.010942
0.0068 1.029637
0.0069 0.975200
0.0070 0.761336
0.0071 -0.488340
0.0072 1.391219
0.0073 0.544302
0.0074 0.723629
0.0075 0.899964
0.0076 0.289507
0.0077 0.709420
0.0078 1.127809
0.0079 0.558639
0.0080 3.945996
0.0081 1.652379
0.0082 0.745306
0.0083 1.037689
0.0084 1.319885
0.0085 0.721919
0.0086 1.230132
0.0087 0.713779
0.0088 1.166360
0.0089 0.373140
0.0090 0.461409
0.0091 0.550648
0.0092 0.617169
0.0093 1.619534
0.0094 1.707128
0.0095 0.975012
0.0096 0.417410
0.0097 1.009270
0.0098 1.546199
0.0099 0.157403
0.0100 -0.270316
0.0101 1.113498
0.0102 0.713350
0.0103 -0.407992
0.0104 0.662054
0.0105 1.822959
0.0106 0.940663
0.0107 0.012939
0.0108 2.110715
0.0109 1.018221
0.0110 0.933649
0.0111 0.960504
0.0112 0.848230
0.0113 0.741804
0.0114 3.765914
0.0115 0.854542
0.0116 1.031241
0.0117 0.345808
0.0118 1.779434
0.0119 0.268956
0.0120 1.127487
0.0121 1.091900
0.0122 1.023983
0.0123 0.939864
0.0124 1.903646
0.0125 1.701801
0.0126 2.473054
0.0127 2.086102
0.0128 3.782661
0.0129 1.331418
0.0130 1.961003
0.0131 2.663802
0.0132 0.975962
0.0133 2.518169
0.0134 1.150687
0.0135 0.783513
0.0136 1.515774
0.0137 1.445158
0.0138 3.519373
0.0139 1.655086
0.0140 1.626759
0.0141 0.511600
0.0142 1.231294
0.0143 2.904780
0.0144 3.666346
0.0145 0.573409
0.0146 0.688381
0.0147 0.899438
0.0148 -0.053802
0.0149 1.861293
0.0150 0.947733
0.0151 2.172272
0.0152 0.358070
0.0153 3.491387
0.0154 0.814411
0.0155 1.375139
0.0156 4.825152
0.0157 0.528912
0.0158 1.407089
0.0159 0.337874
0.0160 3.173451
0.0161 2.191627
0.0162 2.253930
0.0163 3.265738
0.0164 0.430065
0.0165 2.662629
0.0166 -0.104101
0.0167 1.330779
0.0168 2.747876
0.0169 2.216514
0.0170 2.778239
0.0171 2.341227
0.0172 1.715664
0.0173 1.998371
0.0174 1.235395
0.0175 1.476605
0.0176 0.716629
0.0177 2.182950
0.0178 1.780425
0.0179 1.523005
0.0180 2.256310
0.0181 4.100873
0.0182 2.457960
0.0183 4.481728
0.0184 3.327155
0.0185 2.436007
0.0186 3.797530
0.0187 1.302423
0.0188 2.292300
0.0189 3.290674
0.0190 2.194002
0.0191 4.051985
0.0192 2.903712
0.0193 1.800123
0.0194 0.651698
0.0195 2.512924
0.0196 1.433774
0.0197 3.550626
0.0198 5.723981
0.0199 5.023001
0.0200 1.447454
0.0201 3.884999
0.0202 3.505054
0.0203 4.123610
0.0204 0.557356
0.0205 4.895276
0.0206 3.370053
0.0207 3.999348
0.0208 6.583362
0.0209 4.056159
0.0210 4.252586
0.0211 1.532801
0.0212 1.832516
0.0213 6.135864
0.0214 4.566034
0.0215 4.967086
0.0216 3.173111
0.0217 5.067932
0.0218 1.955677
0.0219 5.884817
0.0220 3.917437
0.0221 2.061892
0.0222 6.301245
0.0223 6.568228
0.0224 6.916516
0.0225 2.109567
0.0226 5.403746
0.0227 3.747260
0.0228 6.028276
0.0229 6.389208
0.0230 3.919324
0.0231 11.419097
0.0232 7.870337
0.0233 4.032747
0.0234 4.109392
0.0235 8.154863
0.0236 4.180608
0.0237 3.137788
0.0238 2.858451
0.0239 3.335204
0.0240 4.063271
0.0241 4.880290
0.0242 4.898758
0.0243 4.866653
0.0244 8.711899
0.0245 4.337025
0.0246 6.927932
0.0247 6.309249
0.0248 6.618974
0.0249 6.077080
0.0250 3.518659
0.0251 5.868087
0.0252 6.261441
0.0253 6.687607
0.0254 5.815611
0.0255 8.109315
0.0256 9.310902
0.0257 14.375043
0.0258 11.440303
0.0259 11.420982
0.0260 15.447754
0.0261 18.593653
0.0262 13.675212
0.0263 12.764455
0.0264 13.832978
0.0265 27.080955
0.0266 22.324638
0.0267 19.398586
0.0268 27.387927
0.0269 39.349588
0.0270 39.269196
0.0271 45.997580
0.0272 55.570224
0.0273 72.057095
0.0274 77.603656
0.0275 86.139902
0.0276 91.462989
0.0277 104.531184
0.0278 128.334234
0.0279 148.875801
0.0280 162.346707
0.0281 174.752640
0.0282 174.989630
0.0283 185.079543
0.0284 205.090968
0.0285 233.976573
0.0286 273.572048
0.0287 295.771540
0.0288 334.716869
0.0289 361.353049
0.0290 394.827283
0.0291 421.146382
0.0292 463.278782
0.0293 490.223232
0.0294 524.020984
0.0295 548.619385
0.0296 577.007027
0.0297 611.190181
0.0298 639.962239
0.0299 668.537979
0.0300 696.912058
0.0301 721.027643
0.0302 742.694463
0.0303 779.080470
0.0304 809.252182
0.0305 833.258405
0.0306 861.011789
0.0307 878.609596
0.0308 902.990619
0.0309 924.240336
0.0310 951.375952
0.0311 967.174261
0.0312 982.830055
0.0313 1019.257848
0.0314 1042.424977
0.0315 1065.311641
0.0316 1080.064352
0.0317 1092.683369
0.0318 1104.160032
0.0319 1113.572714
0.0320 1122.931515
0.0321 1125.172252
0.0322 1137.354079
0.0323 1145.378145
0.0324 1157.287829
0.0325 1171.136675
0.0326 1183.918181
0.0327 1190.643265
0.0328 1194.232788
0.0329 1208.757536
0.0330 1214.073774
0.0331 1223.228316
0.0332 1225.242875
0.0333 1237.201871
0.0334 1246.037641
0.0335 1257.736694
0.0336 1265.404743
0.0337 1271.971755
0.0338 1279.413894
0.0339 1284.760991
0.0340 1286.919615
0.0341 1301.736624
0.0342 1307.265233
0.0343 1314.725555
0.0344 1309.171817
0.0345 1311.649864
0.0346 1305.122514
0.0347 1309.599267
0.0348 1319.036291
0.0349 1316.430947
0.0350 1309.747170
0.0351 1314.031397
0.0352 1325.167372
0.0353 1332.249232
0.0354 1335.311517
0.0355 1337.360849
0.0356 1347.382238
0.0357 1351.223135
0.0358 1349.935240
0.0359 1348.555396
0.0360 1349.143050
0.0361 1344.740548
0.0362 1345.347718
0.0363 1341.960772
0.0364 1351.553110
0.0365 1354.000554
0.0366 1358.398788
0.0367 1359.792891
0.0368 1355.198592
0.0369 1358.610767
0.0370 1352.018087
0.0371 1351.462546
0.0372 1350.889624
0.0373 1349.289100
0.0374 1352.601358
0.0375 1351.897912
0.0376 1356.111310
0.0377 1352.231969
0.0378 1347.270134
0.0379 1345.302544
0.0380 1348.156076
0.0381 1347.939396
0.0382 1357.697345
0.0383 1360.420133
0.0384 1361.135206
0.0385 1360.724001
0.0386 1364.288356
0.0387 1359.819062
0.0388 1359.264386
0.0389 1348.745323
0.0390 1350.261877
0.0391 1348.767748
0.0392 1347.276557
0.0393 1348.784033
0.0394 1345.305003
0.0395 1340.846589
0.0396 1334.422990
0.0397 1335.012068
0.0398 1332.610837
0.0399 1333.078766
0.0400 1331.542354
0.0401 1326.885334
0.0402 1325.258303
0.0403 1320.650062
0.0404 1312.058740
0.0405 1307.503888
0.0406 1305.965662
0.0407 1299.326066
0.0408 1299.698410
0.0409 1300.076541
0.0410 1289.475572
0.0411 1279.929168
0.0412 1267.435201
0.0413 1262.993582
0.0414 1258.472979
0.0415 1248.948993
0.0416 1241.485316
0.0417 1221.078433
0.0418 1220.725101
0.0419 1217.388026
0.0420 1208.091981
0.0421 1197.844025
0.0422 1201.616965
0.0423 1193.298644
0.0424 1184.987821
0.0425 1175.733014
0.0426 1171.501117
0.0427 1168.306227
0.0428 1170.101940
0.0429 1161.923847
0.0430 1161.772299
0.0431 1159.580209
0.0432 1142.351101
0.0433 1134.179026
0.0434 1121.083124
0.0435 1112.026340
0.0436 1099.036102
0.0437 1096.091692
0.0438 1098.146791
0.0439 1095.209838
0.0440 1096.276174
0.0441 1091.343990
0.0442 1096.415030
0.0443 1094.480445
0.0444 1092.469105
0.0445 1097.397232
0.0446 1098.255824
0.0447 1098.038261
0.0448 1102.801124
0.0449 1096.569071
0.0450 1089.379287
0.0451 1084.230531
0.0452 1083.100194
0.0453 1075.986763
0.0454 1069.899687
0.0455 1068.831961
0.0456 1060.791819
0.0457 1051.797745
0.0458 1053.821767
0.0459 1043.867377
0.0460 1036.955568
0.0461 1024.982273
0.0462 1031.004555
0.0463 1020.041827
0.0464 1015.120635
0.0465 1012.221635
0.0466 1004.366731
0.0467 1003.521247
0.0468 1000.675043
0.0469 983.886964
0.0470 981.142589
0.0471 979.427811
0.0472 974.717791
0.0473 974.027571
0.0474 966.366788
0.0475 963.638020
0.0476 956.883104
0.0477 944.180559
0.0478 940.529449
0.0479 929.907771
0.0480 927.336329
0.0481 932.744443
0.0482 928.163798
0.0483 928.584450
0.0484 928.003588
0.0485 923.436103
0.0486 925.877083
0.0487 923.277644
0.0488 915.621508
0.0489 910.988338
0.0490 901.390165
0.0491 903.820014
0.0492 894.264271
0.0493 882.765280
0.0494 882.301038
0.0495 870.873904
0.0496 860.493321
0.0497 850.179777
0.0498 852.882217
0.0499 844.595042
0.0500 840.343140
0.0501 842.103076
0.0502 834.873334
0.0503 836.663171
0.0504 835.450019
0.0505 827.256878
0.0506 822.089750
0.0507 826.931414
0.0508 826.768461
0.0509 824.611462
0.0510 830.444748
0.0511 834.254056
0.0512 835.044124
0.0513 834.823343
0.0514 824.647476
0.0515 820.502214
0.0516 815.385142
0.0517 800.319522
0.0518 797.300937
0.0519 788.319202
0.0520 783.371637
0.0521 769.384676
0.0522 754.445523
0.0523 749.550252
0.0524 741.681647
0.0525 746.825067
0.0526 739.984672
0.0527 741.139397
0.0528 731.327593
0.0529 731.552680
0.0530 732.747597
0.0531 723.981576
0.0532 717.259942
0.0533 710.559580
0.0534 706.899658
0.0535 709.246004
0.0536 709.572244
0.0537 707.902600
0.0538 703.254198
0.0539 701.613240
0.0540 699.992365
0.0541 700.365124
0.0542 704.725344
0.0543 702.087854
0.0544 711.449226
0.0545 712.761673
0.0546 709.084953
0.0547 702.426083
0.0548 697.803809
0.0549 699.183961
0.0550 698.565750
0.0551 688.985061
0.0552 679.454568
0.0553 669.975547
0.0554 663.541886
0.0555 659.129930
0.0556 653.744643
0.0557 643.398396
0.0558 638.097770
0.0559 631.817095
0.0560 635.543471
0.0561 628.292636
0.0562 627.068603
0.0563 617.855472
0.0564 613.681015
0.0565 593.578565
0.0566 567.588654
0.0567 540.761994
0.0568 513.077677
0.0569 488.525131
0.0570 478.085911
0.0571 474.669210
0.0572 479.255139
0.0573 480.818057
0.0574 487.346454
0.0575 490.853550
0.0576 489.357522
0.0577 494.859286
0.0578 496.335948
0.0579 494.811991
0.0580 496.288691
0.0581 502.750897
0.0582 509.163550
0.0583 500.588558
0.0584 504.027544
0.0585 509.440754
0.0586 504.852984
0.0587 504.286259
0.0588 497.730657
0.0589 504.177621
0.0590 504.615547
0.0591 508.033132
0.0592 511.433829
0.0593 512.822441
0.0594 514.204862
0.0595 515.578067
0.0596 510.961137
0.0597 511.360090
0.0598 513.744873
0.0599 512.130706
0.0600 512.521376
0.0601 508.909134
0.0602 512.298061
0.0603 505.712773
0.0604 505.128214
0.0605 498.576452
0.0606 499.030966
0.0607 498.494062
0.0608 491.973760
0.0609 485.490953
0.0610 478.046867
0.0611 480.613777
0.0612 477.176873
0.0613 477.749671
0.0614 472.433720
0.0615 470.161473
0.0616 468.851300
0.0617 471.470357
0.0618 470.089418
0.0619 471.700275
0.0620 474.307032
0.0621 473.901914
0.0622 473.492524
0.0623 466.110079
0.0624 465.751253
0.0625 467.382313
0.0626 467.009713
0.0627 470.622141
0.0628 470.228897
0.0629 469.845726
0.0630 473.450156
0.0631 472.059974
0.0632 473.661151
0.0633 477.241990
0.0634 476.816504
0.0635 470.415763
0.0636 460.052025
0.0637 458.724482
0.0638 446.428845
0.0639 445.174256
0.0640 443.916245
0.0641 440.675151
0.0642 435.453242
0.0643 428.263143
0.0644 423.106492
0.0645 418.986027
0.0646 421.882652
0.0647 417.757813
0.0648 416.653582
0.0649 412.562804
0.0650 409.489593
0.0651 410.423991
0.0652 409.368501
0.0653 404.324246
0.0654 395.321998
0.0655 399.328615
0.0656 394.340167
0.0657 384.379899
0.0658 364.504919
0.0659 357.704085
0.0660 347.934496
0.0661 343.213531
0.0662 338.525466
0.0663 334.855875
0.0664 336.186969
0.0665 327.544960
0.0666 322.935082
0.0667 315.354635
0.0668 316.806709
0.0669 317.242564
0.0670 319.668221
0.0671 319.081929
0.0672 313.523341
0.0673 316.965729
0.0674 316.398203
0.0675 311.845947
0.0676 309.317049
0.0677 306.802328
0.0678 307.289574
0.0679 309.779527
0.0680 310.246653
0.0681 315.694980
0.0682 322.126470
0.0683 320.534920
0.0684 326.935237
0.0685 324.311672
0.0686 331.685241
0.0687 335.031873
0.0688 337.370477
0.0689 339.689762
0.0690 345.974598
0.0691 353.239731
0.0692 353.476983
0.0693 351.711163
0.0694 350.958629
0.0695 353.208000
0.0696 351.438697
0.0697 352.677450
0.0698 353.907043
0.0699 346.172008
0.0700 342.464687
0.0701 340.768960
0.0702 337.081924
0.0703 331.421567
0.0704 326.803398
0.0705 325.194272
0.0706 330.567053
0.0707 331.919885
0.0708 334.265697
0.0709 337.599733
0.0710 333.929429
0.0711 338.258126
0.0712 337.580231
0.0713 339.901949
0.0714 335.214100
0.0715 331.554843
0.0716 332.913306
0.0717 332.262202
0.0718 333.610694
0.0719 324.982078
0.0720 320.399820
0.0721 319.814912
0.0722 318.247308
0.0723 320.674440
0.0724 316.102705
0.0725 321.534186
0.0726 316.948164
0.0727 314.385408
0.0728 314.845438
0.0729 319.276540
0.0730 318.704325
0.0731 322.115130
0.0732 318.535231
0.0733 317.957196
0.0734 315.391804
0.0735 318.828481
0.0736 323.233669
0.0737 325.625344
0.0738 323.016376
0.0739 323.418300
0.0740 320.825594
0.0741 327.218900
0.0742 327.596085
0.0743 324.979436
0.0744 325.368168
0.0745 327.750213
0.0746 327.130253
0.0747 327.514727
0.0748 328.894332
0.0749 332.261316
0.0750 333.603801
0.0751 333.950044
0.0752 334.295102
0.0753 330.644696
0.0754 329.011853
0.0755 326.387049
0.0756 325.775470
0.0757 324.164812
0.0758 320.566092
0.0759 327.958619
0.0760 321.353607
0.0761 319.764970
0.0762 317.189024
0.0763 314.631052
0.0764 311.087995
0.0765 308.570220
0.0766 299.069046
0.0767 287.630850
0.0768 276.249273
0.0769 265.937551
0.0770 250.678654
0.0771 252.456079
0.0772 249.243440
0.0773 231.084926
0.0774 229.988597
0.0775 221.911587
0.0776 222.849588
0.0777 216.796118
0.0778 220.759060
0.0779 222.699819
0.0780 225.634934
0.0781 232.528146
0.0782 239.398021
0.0783 242.244032
0.0784 245.076906
0.0785 239.907460
0.0786 237.756744
0.0787 236.623142
0.0788 236.486996
0.0789 236.357563
0.0790 227.253650
0.0791 217.193988
0.0792 207.194087
0.0793 203.225264
0.0794 203.267256
0.0795 205.304318
0.0796 208.335295
0.0797 208.343090
0.0798 210.345520
0.0799 202.387427
0.0800 197.446663
0.0801 190.541528
0.0802 185.671363
0.0803 184.813225
0.0804 180.974521
0.0805 176.154663
0.0806 168.368401
0.0807 168.595937
0.0808 167.832612
0.0809 167.069146
0.0810 164.314505
0.0811 160.578942
0.0812 151.873266
0.0813 154.191424
0.0814 155.483602
0.0815 150.797363
0.0816 144.144741
0.0817 142.514016
0.0818 139.900385
0.0819 131.297914
0.0820 130.728698
0.0821 131.143140
0.0822 141.551404
0.0823 144.920497
0.0824 147.258344
0.0825 149.595988
0.0826 156.904409
0.0827 166.173728
0.0828 169.404089
0.0829 171.617691
0.0830 178.810465
0.0831 174.988160
0.0832 178.183690
0.0833 176.370377
0.0834 185.543559
0.0835 190.667325
0.0836 189.785568
0.0837 188.904407
0.0838 187.022667
0.0839 187.154520
0.0840 181.303189
0.0841 178.473382
0.0842 172.661981
0.0843 166.886202
0.0844 171.105698
0.0845 167.338612
0.0846 158.593743
0.0847 150.909777
0.0848 142.247594
0.0849 137.625333
0.0850 129.041016
0.0851 122.500539
0.0852 110.005616
0.0853 104.557099
0.0854 94.156606
0.0855 92.776041
0.0856 93.413864
0.0857 92.054454
0.0858 95.696159
0.0859 91.325733
0.0860 92.956795
0.0861 89.601017
0.0862 91.248834
0.0863 91.896800
0.0864 89.550080
0.0865 87.214528
0.0866 78.897480
0.0867 82.602874
0.0868 77.312992
0.0869 82.011599
0.0870 80.721107
0.0871 74.434000
0.0872 72.169008
0.0873 73.899705
0.0874 72.639361
0.0875 71.390384
0.0876 69.151591
0.0877 68.909794
0.0878 74.664944
0.0879 75.396117
0.0880 71.143388
0.0881 71.886915
0.0882 75.636033
0.0883 82.335205
0.0884 80.034963
0.0885 87.719946
0.0886 93.378057
0.0887 94.004879
0.0888 95.636103
0.0889 100.245599
0.0890 100.847861
0.0891 97.453740
0.0892 99.062459
0.0893 104.642429
0.0894 102.230436
0.0895 106.805362
0.0896 108.362943
0.0897 115.895444
0.0898 119.389702
0.0899 124.869660
0.0900 131.314963
0.0901 132.745567
0.0902 133.165559
0.0903 132.593951
0.0904 133.012002
0.0905 130.445116
0.0906 131.875343
0.0907 128.311714
0.0908 131.745193
0.0909 133.171330
0.0910 140.565118
0.0911 137.944982
0.0912 136.333104
0.0913 131.750240
0.0914 130.174085
0.0915 131.605493
0.0916 130.037229
0.0917 129.467286
0.0918 122.928780
0.0919 129.382643
0.0920 133.812186
0.0921 125.250721
0.0922 127.700893
0.0923 131.139782
0.0924 138.557275
0.0925 143.943347
0.0926 138.319349
0.0927 137.715607
0.0928 138.110542
0.0929 138.503573
0.0930 144.870429
0.0931 146.223163
0.0932 138.588179
0.0933 134.992952
0.0934 131.417032
0.0935 132.841825
0.0936 132.265101
0.0937 134.678512
0.0938 134.085702
0.0939 132.506478
0.0940 137.918811
0.0941 129.328184
0.0942 132.754974
0.0943 133.178557
0.0944 131.598695
0.0945 133.024914
0.0946 129.452029
0.0947 131.877994
0.0948 132.306238
0.0949 125.746663
0.0950 128.196293
0.0951 130.634642
0.0952 126.080373
0.0953 117.454612
0.0954 108.848497
0.0955 108.267184
0.0956 99.718793
0.0957 93.201212
0.0958 100.674979
0.0959 95.149609
0.0960 96.637245
0.0961 102.106250
0.0962 90.585538
0.0963 84.120459
0.0964 85.670180
0.0965 76.247955
0.0966 71.847358
0.0967 67.477215
0.0968 67.130537
0.0969 62.795195
0.0970 62.463288
0.0971 57.151961
0.0972 52.860244
0.0973 54.581435
0.0974 51.304243
0.0975 57.006930
0.0976 59.691916
0.0977 62.357812
0.0978 58.030366
0.0979 57.735329
0.0980 56.583207
0.0981 53.563040
0.0982 49.557419
0.0983 47.574677
0.0984 45.586208
0.0985 42.623901
0.0986 43.658793
0.0987 41.703913
0.0988 38.758147
0.0989 33.829400
0.0990 25.939725
0.0991 22.074870
0.0992 22.224608
0.0993 22.369266
0.0994 22.519066
0.0995 18.605464
0.0996 25.618387
0.0997 25.621606
0.0998 27.616996
0.0999 30.591335
0.1000 27.563640
0.1001 24.552317
0.1002 27.546098
0.1003 28.521339
0.1004 26.503218
0.1005 27.498149
0.1006 21.504938
0.1007 19.534301
0.1008 14.585408
0.1009 10.660041
0.1010 15.719811
0.1011 7.793798
0.1012 6.896133
0.1013 6.001321
0.1014 8.217980
0.1015 4.443478
0.1016 6.673028
0.1017 4.974390
0.1018 2.361780
0.1019 1.752469
0.1020 1.142600
0.1021 3.588127
0.1022 3.110497
0.1023 2.680585
0.1024 4.328390
0.1025 4.977338
0.1026 6.626368
0.1027 2.368513
0.1028 2.228911
0.1029 2.153632
0.1030 7.095518
0.1031 1.281313
0.1032 3.474578
0.1033 2.661330
0.1034 2.854484
0.1035 1.053856
0.1036 2.265966
0.1037 3.459268
0.1038 3.653184
0.1039 1.903618
0.1040 4.257839
0.1041 2.587354
0.1042 2.109317
0.1043 2.038922
0.1044 3.137839
0.1045 3.476128
0.1046 3.830952
0.1047 1.162081
0.1048 0.598764
0.1049 1.009791
0.1050 1.412946
0.1051 3.839083
0.1052 2.373041
0.1053 1.909442
0.1054 0.381201
0.1055 2.895925
0.1056 5.431908
0.1057 0.969601
0.1058 1.642181
0.1059 0.449605
0.1060 2.256610
0.1061 1.065130
0.1062 2.751858
0.1063 0.448457
0.1064 2.179789
0.1065 1.984927
0.1066 1.789639
0.1067 0.697541
0.1068 1.639161
0.1069 0.685275
0.1070 0.864273
0.1071 3.076364
0.1072 0.417438
0.1073 1.691733
0.1074 3.286950
0.1075 1.896979
0.1076 0.507193
0.1077 0.118687
0.1078 0.729454
0.1079 1.340190
0.1080 1.029138
0.1081 1.883864
0.1082 1.802488
0.1083 0.685845
0.1084 3.664368
0.1085 1.680158
0.1086 2.815021
0.1087 1.203088
0.1088 2.616936
0.1089 0.820684
0.1090 1.017968
0.1091 2.298638
0.1092 2.678651
0.1093 0.093225
0.1094 3.422630
0.1095 1.810784
0.1096 2.272615
0.1097 -0.176443
0.1098 2.263876
0.1099 1.692962
0.1100 3.241494
0.1101 1.105417
0.1102 0.370150
0.1103 2.909011
0.1104 0.662900
0.1105 0.421204
0.1106 0.300210
0.1107 4.246229
0.1108 2.134974
0.1109 1.085576
0.1110 2.075876
0.1111 0.234198
0.1112 0.239027
0.1113 0.185921
0.1114 0.846135
0.1115 0.523250
0.1116 3.279653
0.1117 4.033192
0.1118 0.853841
0.1119 2.738825
0.1120 2.052947
0.1121 0.949834
0.1122 1.770137
0.1123 1.598196
0.1124 1.425195
0.1125 0.186702
0.1126 1.008923
0.1127 1.023522
0.1128 1.101355
0.1129 1.117963
0.1130 3.022365
0.1131 0.720669
0.1132 0.316301
0.1133 4.065408
0.1134 0.909479
0.1135 2.984685
0.1136 2.517457
0.1137 1.245294
0.1138 0.009753
0.1139 3.730416
0.1140 0.427401
0.1141 2.436016
0.1142 0.469885
0.1143 4.499265
0.1144 0.529699
0.1145 1.574626
0.1146 2.672826
0.1147 1.715222
0.1148 1.606114
0.1149 3.211024
0.1150 1.913831
0.1151 0.665032
0.1152 4.316174
0.1153 2.820835
0.1154 1.446735
0.1155 2.942309
0.1156 3.499570
0.1157 3.469510
0.1158 4.631281
0.1159 1.857514
0.1160 3.068463
0.1161 4.116559
0.1162 0.217946
0.1163 3.377889
0.1164 3.408259
0.1165 1.563225
0.1166 5.589191
0.1167 3.615211
0.1168 1.617689
0.1169 2.634431
0.1170 1.637714
0.1171 4.841304
0.1172 4.078890
0.1173 3.319275
0.1174 5.525072
0.1175 6.679958
0.1176 1.841091
0.1177 3.092131
0.1178 3.374436
0.1179 1.532276
0.1180 0.716810
0.1181 3.906129
0.1182 5.084112
0.1183 2.309383
0.1184 1.662416
0.1185 4.118073
0.1186 6.652573
0.1187 1.075571
0.1188 6.604071
0.1189 2.121124
0.1190 2.739336
0.1191 3.427980
0.1192 5.106760
0.1193 3.688634
0.1194 3.036682
0.1195 5.627449
0.1196 4.507107
0.1197 4.375185
0.1198 5.453062
0.1199 5.720517
0.1200 4.941785
0.1201 9.142987
0.1202 6.322753
0.1203 1.500115
0.1204 6.860463
0.1205 5.314117
0.1206 5.808344
0.1207 5.231777
0.1208 5.590057
0.1209 10.798574
0.1210 2.949740
0.1211 6.175811
0.1212 4.450923
0.1213 7.529869
0.1214 5.445896
0.1215 5.261937
0.1216 2.083639
0.1217 8.936195
0.1218 3.660538
0.1219 4.613742
0.1220 4.587862
0.1221 5.524982
0.1222 4.231983
0.1223 4.604935
0.1224 7.612524
0.1225 4.507885
0.1226 3.303354
0.1227 8.102519
0.1228 4.189444
0.1229 1.187270
0.1230 4.116116
0.1231 2.998886
0.1232 8.867649
0.1233 9.595947
0.1234 5.455975
0.1235 5.332783
0.1236 4.204381
0.1237 5.135813
0.1238 6.199932
0.1239 8.196641
0.1240 9.406236
0.1241 7.634601
0.1242 11.786002
0.1243 9.751774
0.1244 5.660385
0.1245 8.522032
0.1246 8.383091
0.1247 12.128919
0.1248 8.965594
0.1249 7.710885
0.1250 10.297602
0.1251 19.699687
0.1252 5.791269
0.1253 11.155918
0.1254 10.651803
0.1255 19.965484
0.1256 14.175067
0.1257 23.370908
0.1258 16.557814
0.1259 28.688514
0.1260 22.860608
0.1261 27.203809
0.1262 31.552658
0.1263 28.902906
0.1264 30.105987
0.1265 36.105671
0.1266 36.902388
0.1267 51.569139
0.1268 38.168649
0.1269 46.668750
0.1270 45.251319
0.1271 45.827125
0.1272 59.338764
0.1273 72.805294
0.1274 67.268157
0.1275 72.448841
0.1276 69.496702
0.1277 79.533544
0.1278 78.521262
0.1279 86.400473
0.1280 99.966563
0.1281 123.365788
0.1282 156.295286
0.1283 189.004381
0.1284 243.486685
0.1285 285.533245
0.1286 320.255283
0.1287 351.826734
0.1288 394.181576
0.1289 438.230955
0.1290 477.009926
0.1291 512.580286
0.1292 565.902308
0.1293 596.887783
0.1294 630.698295
0.1295 662.327880
0.1296 689.792451
0.1297 707.013804
0.1298 738.089775
0.1299 770.995919
0.1300 791.642840
0.1301 822.140489
0.1302 834.468129
0.1303 843.683428
0.1304 850.860292
0.1305 867.951810
0.1306 880.946369
0.1307 903.695493
0.1308 917.235086
0.1309 934.704690
0.1310 950.832489
0.1311 972.822626
0.1312 1001.672066
0.1313 1015.413641
0.1314 1025.091927
0.1315 1039.567836
0.1316 1066.929666
0.1317 1078.192698
0.1318 1098.387461
0.1319 1114.348646
0.1320 1116.260257
0.1321 1131.125141
0.1322 1138.927852
0.1323 1146.680795
0.1324 1157.401459
0.1325 1171.935424
0.1326 1182.374405
0.1327 1189.692944
0.1328 1197.905134
0.1329 1206.951631
0.1330 1224.917831
0.1331 1228.844949
0.1332 1241.714598
0.1333 1253.510287
0.1334 1257.184924
0.1335 1263.772379
0.1336 1271.331995
0.1337 1284.845736
0.1338 1298.276766
0.1339 1298.462811
0.1340 1303.581783
0.1341 1304.662919
0.1342 1312.672225
0.1343 1319.556887
0.1344 1330.263466
0.1345 1338.853970
0.1346 1339.351170
0.1347 1339.845663
0.1348 1335.360253
0.1349 1331.902642
0.1350 1332.431056
0.1351 1339.950121
0.1352 1337.452327
0.1353 1341.945896
0.1354 1339.436602
0.1355 1340.930315
0.1356 1346.400952
0.1357 1347.865525
0.1358 1333.329928
0.1359 1340.715891
0.1360 1340.071263
0.1361 1343.421338
0.1362 1337.772444
0.1363 1342.141044
0.1364 1334.508628
0.1365 1339.888046
0.1366 1345.229678
0.1367 1349.558183
0.1368 1356.842168
0.1369 1362.095685
0.1370 1366.329022
0.1371 1372.529971
0.1372 1375.702778
0.1373 1372.893758
0.1374 1374.067165
0.1375 1371.257850
0.1376 1373.449273
0.1377 1372.633105
0.1378 1372.817212
0.1379 1371.009354
0.1380 1367.222578
0.1381 1369.422985
0.1382 1369.610541
0.1383 1370.679919
0.1384 1363.765821
0.1385 1358.860595
0.1386 1353.782695
0.1387 1353.604410
0.1388 1355.352004
0.1389 1354.110338
0.1390 1359.839625
0.1391 1357.557494
0.1392 1363.265548
0.1393 1355.972834
0.1394 1352.727505
0.1395 1349.489079
0.1396 1347.269681
0.1397 1340.082488
0.1398 1332.928028
0.1399 1330.801063
0.1400 1328.560851
0.1401 1318.340148
0.1402 1310.169232
0.1403 1308.024751
0.1404 1307.881404
0.1405 1307.743842
0.1406 1314.592743
0.1407 1315.413585
0.1408 1312.242052
0.1409 1304.069418
0.1410 1297.837457
0.1411 1300.620858
0.1412 1299.390943
0.1413 1294.178973
0.1414 1292.994206
0.1415 1293.796911
0.1416 1292.602599
0.1417 1293.411573
0.1418 1288.226125
0.1419 1285.072036
0.1420 1280.934579
0.1421 1274.740484
0.1422 1261.547326
0.1423 1253.419344
0.1424 1248.307591
0.1425 1244.110826
0.1426 1238.900962
0.1427 1225.558493
0.1428 1215.223313
0.1429 1205.934416
0.1430 1198.699849
0.1431 1189.499665
0.1432 1189.327449
0.1433 1184.169301
0.1434 1182.010679
0.1435 1169.768008
0.1436 1165.586696
0.1437 1150.443457
0.1438 1144.367494
0.1439 1144.308657
0.1440 1147.231283
0.1441 1141.167280
0.1442 1145.102899
0.1443 1138.039349
0.1444 1133.017741
0.1445 1130.019500
0.1446 1132.034846
0.1447 1132.034747
0.1448 1122.964729
0.1449 1114.887245
0.1450 1109.724862
0.1451 1110.566733
0.1452 1107.428095
0.1453 1103.314697
0.1454 1097.219235
0.1455 1088.165284
0.1456 1081.153913
0.1457 1065.206615
0.1458 1057.321149
0.1459 1051.324236
0.1460 1036.399792
0.1461 1034.524724
0.1462 1021.682896
0.1463 1004.916721
0.1464 993.223993
0.1465 992.573288
0.1466 978.959044
0.1467 974.396769
0.1468 967.856277
0.1469 970.331358
0.1470 964.805651
0.1471 962.316964
0.1472 953.852333
0.1473 948.378980
0.1474 943.841327
0.1475 948.294741
0.1476 948.736038
0.1477 947.194279
0.1478 944.654484
0.1479 940.135682
0.1480 937.636333
0.1481 935.156979
0.1482 929.696167
0.1483 926.253902
0.1484 931.802326
0.1485 930.341363
0.1486 926.901559
0.1487 929.468880
0.1488 923.033246
0.1489 921.422516
0.1490 913.772643
0.1491 911.148950
0.1492 911.530225
0.1493 909.926812
0.1494 915.173874
0.1495 917.399234
0.1496 913.631344
0.1497 909.875546
0.1498 906.138424
0.1499 903.434651
0.1500 897.746308
0.1501 898.067245
0.1502 889.407499
0.1503 890.771310
0.1504 885.140226
0.1505 873.561600
0.1506 866.027339
0.1507 857.554784
0.1508 853.092322
0.1509 837.702092
0.1510 819.387591
0.1511 809.154163
0.1512 792.000103
0.1513 784.911467
0.1514 786.833212
0.1515 789.743596
0.1516 778.664520
0.1517 776.624645
0.1518 775.588386
0.1519 775.536280
0.1520 770.403334
0.1521 773.263084
0.1522 770.126781
0.1523 769.996114
0.1524 765.872837
0.1525 757.788171
0.1526 748.743987
0.1527 746.728802
0.1528 743.728220
0.1529 741.736674
0.1530 734.776726
0.1531 731.841335
0.1532 732.909735
0.1533 735.962705
0.1534 734.017385
0.1535 733.081772
0.1536 729.169962
0.1537 721.286996
0.1538 709.449122
0.1539 702.665125
0.1540 692.930938
0.1541 692.219985
0.1542 687.530844
0.1543 684.854210
0.1544 686.170754
0.1545 688.486027
0.1546 688.792036
0.1547 696.094966
0.1548 696.369933
0.1549 695.641208
0.1550 692.911361
0.1551 688.205521
0.1552 676.545779
0.1553 668.922009
0.1554 668.327470
0.1555 668.741566
0.1556 664.180306
0.1557 667.608257
0.1558 665.035945
0.1559 664.473311
0.1560 667.894453
0.1561 666.321351
0.1562 664.758504
0.1563 657.210445
0.1564 655.690117
0.1565 652.193968
0.1566 650.698753
0.1567 638.247871
0.1568 636.818201
0.1569 630.426669
0.1570 626.063455
0.1571 619.721970
0.1572 621.385827
0.1573 618.067620
0.1574 609.775759
0.1575 608.509738
0.1576 609.246230
0.1577 609.978810
0.1578 616.693775
0.1579 614.400354
0.1580 614.098153
0.1581 611.811794
0.1582 613.518621
0.1583 603.255149
0.1584 600.024712
0.1585 600.799600
0.1586 596.581694
0.1587 594.389761
0.1588 590.208486
0.1589 592.041211
0.1590 585.889205
0.1591 579.763280
0.1592 569.690561
0.1593 560.661695
0.1594 548.695805
0.1595 544.767762
0.1596 538.861373
0.1597 535.977446
0.1598 532.123002
0.1599 532.273972
0.1600 532.420985
0.1601 534.544281
0.1602 529.695124
0.1603 523.884684
0.1604 522.083380
0.1605 526.272019
0.1606 523.462337
0.1607 524.655824
0.1608 515.866485
0.1609 509.112538
0.1610 506.377509
0.1611 506.660007
0.1612 507.940163
0.1613 505.227574
0.1614 503.535322
0.1615 502.847387
0.1616 501.164948
0.1617 497.488032
0.1618 494.824734
0.1619 493.176025
0.1620 493.521232
0.1621 493.877298
0.1622 487.251099
0.1623 478.647960
0.1624 478.090091
0.1625 477.521508
0.1626 471.969826
0.1627 464.455950
0.1628 466.964657
0.1629 465.481021
0.1630 462.988938
0.1631 466.496371
0.1632 461.009213
0.1633 463.534640
0.1634 466.050433
0.1635 462.567395
0.1636 451.117574
0.1637 438.740071
0.1638 437.385482
0.1639 437.036955
0.1640 426.730147
0.1641 424.453549
0.1642 415.211576
0.1643 415.989725
0.1644 408.774347
0.1645 407.585607
0.1646 401.422055
0.1647 406.261582
0.1648 404.083322
0.1649 404.913896
0.1650 398.756469
0.1651 397.614571
0.1652 393.488918
0.1653 387.401251
0.1654 390.305304
0.1655 381.234604
0.1656 372.223376
0.1657 369.235882
0.1658 362.268569
0.1659 359.343455
0.1660 360.414269
0.1661 359.487276
0.1662 358.564835
0.1663 358.636928
0.1664 363.692984
0.1665 374.712897
0.1666 371.713699
0.1667 372.719968
0.1668 366.733712
0.1669 369.762192
0.1670 370.777931
0.1671 373.780986
0.1672 375.772346
0.1673 379.744310
0.1674 380.703756
0.1675 385.647454
0.1676 383.584940
0.1677 389.512956
0.1678 388.426290
0.1679 384.352102
0.1680 383.297156
0.1681 384.237894
0.1682 384.171013
0.1683 388.106519
0.1684 384.022546
0.1685 382.972943
0.1686 381.920532
0.1687 381.868124
0.1688 382.826287
0.1689 379.777263
0.1690 371.755165
0.1691 364.783086
0.1692 359.841883
0.1693 358.921642
0.1694 358.996507
0.1695 353.094917
0.1696 351.207417
0.1697 350.330218
0.1698 349.458167
0.1699 342.609830
0.1700 337.793215
0.1701 329.011140
0.1702 326.253022
0.1703 327.491997
0.1704 325.745020
0.1705 321.009966
0.1706 316.299552
0.1707 311.607489
0.1708 309.939390
0.1709 308.292910
0.1710 304.655456
0.1711 307.015856
0.1712 314.348602
0.1713 316.647280
0.1714 317.937977
0.1715 316.236797
0.1716 314.541452
0.1717 315.849531
0.1718 314.154387
0.1719 310.484699
0.1720 299.840599
0.1721 300.228444
0.1722 299.614292
0.1723 300.999517
0.1724 300.383939
0.1725 301.775717
0.1726 305.150955
0.1727 304.515667
0.1728 302.889208
0.1729 308.248040
0.1730 311.582815
0.1731 316.901567
0.1732 319.197290
0.1733 320.484475
0.1734 322.760735
0.1735 317.048962
0.1736 320.344765
0.1737 330.597338
0.1738 331.825033
0.1739 331.045846
0.1740 333.267421
0.1741 333.487229
0.1742 332.691747
0.1743 332.907999
0.1744 328.127524
0.1745 320.386473
0.1746 314.686381
0.1747 307.023270
0.1748 299.391491
0.1749 293.789208
0.1750 290.231925
0.1751 288.682011
0.1752 274.163602
0.1753 264.714960
0.1754 267.291839
0.1755 259.889874
0.1756 253.512340
0.1757 242.184058
0.1758 233.906830
0.1759 231.660978
0.1760 230.412302
0.1761 231.179010
0.1762 230.938575
0.1763 233.697362
0.1764 230.453412
0.1765 234.206262
0.1766 236.949150
0.1767 234.691983
0.1768 233.434163
0.1769 226.200834
0.1770 223.995720
0.1771 219.811464
0.1772 208.669538
0.1773 206.560096
0.1774 191.498809
0.1775 186.486358
0.1776 181.489454
0.1777 174.541423
0.1778 167.634767
0.1779 164.732651
0.1780 163.850041
0.1781 166.966057
0.1782 157.101703
0.1783 148.285579
0.1784 156.463596
0.1785 153.635313
0.1786 147.836085
0.1787 145.040062
0.1788 148.262878
0.1789 145.482025
0.1790 146.700190
0.1791 150.900410
0.1792 155.078005
0.1793 156.243485
0.1794 160.390455
0.1795 155.544706
0.1796 158.702236
0.1797 160.826297
0.1798 157.972484
0.1799 156.127898
0.1800 157.277611
0.1801 155.437462
0.1802 157.605194
0.1803 158.747300
0.1804 162.881549
0.1805 159.010709
0.1806 161.142778
0.1807 153.300925
0.1808 144.498877
0.1809 140.733780
0.1810 126.012900
0.1811 112.371150
0.1812 115.760406
0.1813 111.152761
0.1814 99.584938
0.1815 102.041667
0.1816 98.515293
0.1817 100.975415
0.1818 101.432784
0.1819 101.883864
0.1820 105.321688
0.1821 108.744733
0.1822 110.149432
0.1823 110.556701
0.1824 112.958097
0.1825 118.331114
0.1826 125.676803
0.1827 126.005626
0.1828 122.338640
0.1829 125.668291
0.1830 123.997705
0.1831 127.327540
0.1832 138.602388
0.1833 144.847781
0.1834 155.045775
0.1835 156.208167
0.1836 145.394174
0.1837 143.615434
0.1838 129.887943
0.1839 103.261812
0.1840 88.751597
0.1841 80.299492
0.1842 75.878166
0.1843 72.470849
0.1844 71.086185
0.1845 77.688486
0.1846 81.266963
0.1847 79.826099
0.1848 79.400770
0.1849 82.964813
0.1850 85.503924
0.1851 82.054035
0.1852 86.599830
0.1853 83.142854
0.1854 87.682482
0.1855 91.205184
0.1856 99.688956
0.1857 105.142895
0.1858 110.566445
0.1859 110.982075
0.1860 117.367632
0.1861 113.747190
0.1862 111.137260
0.1863 108.549091
0.1864 101.980040
0.1865 102.432043
0.1866 96.907822
0.1867 87.412558
0.1868 84.943482
0.1869 87.512202
0.1870 77.210841
0.1871 76.935034
0.1872 80.646435
0.1873 84.342141
0.1874 85.024127
0.1875 87.698557
0.1876 90.348767
0.1877 97.980462
0.1878 99.586175
0.1879 108.163713
0.1880 112.699719
0.1881 118.225558
0.1882 119.721168
0.1883 123.208024
0.1884 127.674462
0.1885 129.120180
0.1886 126.645889
0.1887 125.242328
0.1888 122.840798
0.1889 119.445345
0.1890 121.066886
0.1891 112.708980
0.1892 107.387255
0.1893 108.070790
0.1894 106.762765
0.1895 105.466281
0.1896 108.167386
0.1897 106.861972
0.1898 107.562944
0.1899 96.295895
0.1900 102.033654
0.1901 107.737714
0.1902 110.413842
0.1903 112.093282
0.1904 113.751576
0.1905 119.400373
0.1906 121.901884
0.1907 124.375653
0.1908 124.843179
0.1909 120.315146
0.1910 114.825286
0.1911 107.369303
0.1912 103.940300
0.1913 106.502957
0.1914 109.066057
0.1915 112.609269
0.1916 104.154824
0.1917 102.733167
0.1918 98.317049
0.1919 90.935000
0.1920 81.601501
0.1921 79.302494
0.1922 75.035366
0.1923 73.771700
0.1924 71.515169
0.1925 67.275390
0.1926 69.050169
0.1927 68.813644
0.1928 69.576884
0.1929 73.331465
0.1930 75.062970
0.1931 71.792611
0.1932 75.530852
0.1933 71.268691
0.1934 69.028748
0.1935 79.753513
0.1936 78.462077
0.1937 76.190249
0.1938 70.917448
0.1939 66.677661
0.1940 71.436675
0.1941 72.182923
0.1942 69.936629
0.1943 66.706411
0.1944 60.498929
0.1945 56.324936
0.1946 42.184222
0.1947 36.119856
0.1948 25.085716
0.1949 20.094281
0.1950 14.139461
0.1951 13.200454
0.1952 12.263347
0.1953 5.365247
0.1954 12.451105
0.1955 8.531317
0.1956 11.616333
0.1957 7.689784
0.1958 6.789206
0.1959 3.894352
0.1960 5.000936
0.1961 4.108713
0.1962 4.218988
0.1963 3.328859
0.1964 5.434385
0.1965 3.551647
0.1966 6.796634
0.1967 1.227883
0.1968 3.817743
0.1969 1.474400
0.1970 1.127383
0.1971 0.784060
0.1972 1.456372
0.1973 3.243073
0.1974 1.945424
0.1975 1.738749
0.1976 0.628146
0.1977 2.555431
0.1978 0.485280
0.1979 1.516226
0.1980 1.579950
0.1981 1.643493
0.1982 0.736263
0.1983 0.934800
0.1984 0.259626
0.1985 1.632902
0.1986 2.233891
0.1987 0.804837
0.1988 1.401029
0.1989 2.901284
0.1990 0.600995
0.1991 1.327267
0.1992 1.974307
0.1993 1.573095
0.1994 3.186329
0.1995 1.920350
0.1996 0.653122
0.1997 0.483894
0.1998 0.387971
0.1999 1.242174
0.2000 3.390546
0.2001 0.774195
0.2002 0.310734
0.2003 0.985113
0.2004 0.657710
0.2005 0.500363
0.2006 0.560944
0.2007 0.807745
0.2008 2.014018
0.2009 2.136914
0.2010 3.116616
0.2011 1.117944
0.2012 1.327882
0.2013 1.647549
0.2014 1.988908
0.2015 0.376393
0.2016 2.605835
0.2017 1.750677
0.2018 1.009131
0.2019 1.374407
0.2020 0.987602
0.2021 1.703876
0.2022 0.435976
0.2023 2.011584
0.2024 1.716395
0.2025 1.728809
0.2026 2.863576
0.2027 1.146034
0.2028 1.410334
0.2029 1.430613
0.2030 2.311798
0.2031 1.125452
0.2032 0.857834
0.2033 0.736493
0.2034 3.716261
0.2035 0.822484
0.2036 0.070090
0.2037 -0.676226
0.2038 2.634612
0.2039 1.011527
0.2040 2.525455
0.2041 1.923465
0.2042 1.206455
0.2043 1.559253
0.2044 1.858272
0.2045 2.141720
0.2046 1.562302
0.2047 1.188506
0.2048 0.609349
0.2049 3.026374
0.2050 1.757776
0.2051 3.784179
0.2052 0.892909
0.2053 3.978776
0.2054 0.269809
0.2055 0.487799
0.2056 1.798843
0.2057 1.041605
0.2058 2.247632
0.2059 2.230944
0.2060 1.157750
0.2061 3.054697
0.2062 0.186955
0.2063 1.511116
0.2064 2.064692
0.2065 2.685145
0.2066 1.402866
0.2067 1.266320
0.2068 2.373756
0.2069 1.439741
0.2070 2.888463
0.2071 3.437697
0.2072 1.171824
0.2073 2.787801
0.2074 0.220341
0.2075 5.555877
0.2076 1.958087
0.2077 2.449169
0.2078 1.209129
0.2079 2.076444
0.2080 1.207854
0.2081 3.453996
0.2082 1.637805
0.2083 1.970360
0.2084 1.311133
0.2085 1.718320
0.2086 2.345299
0.2087 1.063841
0.2088 0.810379
0.2089 3.614178
0.2090 0.500861
0.2091 1.637704
0.2092 3.557840
0.2093 2.328448
0.2094 2.411773
0.2095 0.464899
0.2096 3.361014
0.2097 2.199882
0.2098 0.006012
0.2099 1.235915
0.2100 2.496901
0.2101 4.850183
0.2102 3.211453
0.2103 1.531558
0.2104 2.827961
0.2105 3.125761
0.2106 4.413318
0.2107 0.706379
0.2108 3.125491
0.2109 0.512982
0.2110 3.905478
0.2111 6.501734
0.2112 4.390420
0.2113 3.374068
0.2114 3.378466
0.2115 2.153605
0.2116 2.848910
0.2117 3.523554
0.2118 3.473136
0.2119 1.601413
0.2120 4.700107
0.2121 3.822519
0.2122 3.723365
0.2123 4.552956
0.2124 2.545189
0.2125 3.619290
0.2126 3.717061
0.2127 5.808290
0.2128 2.905689
0.2129 3.002244
0.2130 3.181606
0.2131 3.664888
0.2132 4.124345
0.2133 5.621524
0.2134 6.091308
0.2135 5.411819
0.2136 5.470620
0.2137 5.572755
0.2138 4.781493
0.2139 3.203020
0.2140 5.566763
0.2141 1.699169
0.2142 5.633761
0.2143 5.517587
0.2144 2.261608
0.2145 6.952727
0.2146 4.695926
0.2147 4.610904
0.2148 5.835617
0.2149 4.072381
0.2150 7.294625
0.2151 2.313338
0.2152 4.316532
0.2153 6.137507
0.2154 1.897884
0.2155 8.460190
0.2156 8.163128
0.2157 6.014812
0.2158 5.571641
0.2159 1.258659
0.2160 5.761301
0.2161 4.312784
0.2162 3.227956
0.2163 0.481290
0.2164 7.015946
0.2165 4.126452
0.2166 2.292692
0.2167 3.453099
0.2168 6.514931
0.2169 7.624166
0.2170 4.558729
0.2171 2.365770
0.2172 5.297032
0.2173 2.130118
0.2174 3.008809
0.2175 5.758830
0.2176 4.608583
0.2177 3.624238
0.2178 5.468612
0.2179 8.065281
0.2180 8.524137
0.2181 7.305978
0.2182 5.139164
0.2183 11.856163
0.2184 5.659002
0.2185 9.184738
0.2186 21.548291
0.2187 6.973858
0.2188 10.580536
0.2189 10.072140
0.2190 10.544930
0.2191 9.028641
0.2192 8.454304
0.2193 9.682409
0.2194 7.097418
0.2195 5.461999
0.2196 9.888019
0.2197 9.332554
0.2198 12.028725
0.2199 7.590059
0.2200 6.684892
0.2201 12.027215
0.2202 18.346650
0.2203 13.766658
0.2204 14.152185
0.2205 14.461006
0.2206 16.694802
0.2207 12.851443
0.2208 19.935741
0.2209 18.121391
0.2210 17.515427
0.2211 13.962920
0.2212 7.536219
0.2213 17.985255
0.2214 21.432224
0.2215 20.963222
0.2216 21.394697
0.2217 25.510276
0.2218 39.459998
0.2219 49.323055
0.2220 62.148867
0.2221 99.017648
0.2222 133.686115
0.2223 194.918766
0.2224 241.605990
0.2225 287.911354
0.2226 342.918776
0.2227 385.528124
0.2228 426.925228
0.2229 472.050530
0.2230 508.839581
0.2231 544.303874
0.2232 584.602687
0.2233 612.562180
0.2234 646.112471
0.2235 682.487445
0.2236 709.654217
0.2237 743.533312
0.2238 781.937762
0.2239 810.965511
0.2240 840.742590
0.2241 867.112098
0.2242 885.998859
0.2243 922.591534
0.2244 941.024626
0.2245 966.341537
0.2246 1011.462391
0.2247 1035.349140
0.2248 1058.040569
0.2249 1081.607219
0.2250 1100.965469
0.2251 1118.179917
0.2252 1136.304761
0.2253 1140.362264
0.2254 1158.239678
0.2255 1173.856709
0.2256 1171.342263
0.2257 1183.772013
0.2258 1212.004472
0.2259 1225.950411
0.2260 1237.500344
0.2261 1249.729405
0.2262 1266.794488
0.2263 1280.652169
0.2264 1290.448956
0.2265 1300.192684
0.2266 1314.874832
0.2267 1331.454907
0.2268 1348.975999
0.2269 1363.335819
0.2270 1374.501363
0.2271 1388.499677
0.2272 1398.315880
0.2273 1409.080332
0.2274 1418.796184
0.2275 1424.354349
0.2276 1432.837221
0.2277 1434.170785
0.2278 1431.513925
0.2279 1439.838128
0.2280 1436.150523
0.2281 1443.454553
0.2282 1447.725285
0.2283 1451.862970
0.2284 1460.937514
0.2285 1465.978784
0.2286 1470.996011
0.2287 1477.960360
0.2288 1482.913832
0.2289 1490.830455
0.2290 1509.668817
0.2291 1520.371934
0.2292 1526.945527
0.2293 1536.479143
0.2294 1541.972885
0.2295 1541.382817
0.2296 1544.744789
0.2297 1544.076352
0.2298 1552.393231
0.2299 1552.691988
0.2300 1558.968303
0.2301 1561.226498
0.2302 1560.476601
0.2303 1564.712518
0.2304 1565.911859
0.2305 1570.988266
0.2306 1577.976435
0.2307 1569.882306
0.2308 1573.800656
0.2309 1576.704452
0.2310 1574.609432
0.2311 1575.524430
0.2312 1571.427709
0.2313 1578.335864
0.2314 1578.159891
0.2315 1571.926215
0.2316 1570.598002
0.2317 1574.248135
0.2318 1579.792275
0.2319 1576.088833
0.2320 1572.324033
0.2321 1572.572934
0.2322 1572.795630
0.2323 1570.749237
0.2324 1560.621774
0.2325 1554.437869
0.2326 1550.267803
0.2327 1543.115105
0.2328 1534.011598
0.2329 1531.940442
0.2330 1527.822305
0.2331 1526.645770
0.2332 1514.511032
0.2333 1511.402958
0.2334 1509.321097
0.2335 1501.260783
0.2336 1491.245933
0.2337 1480.295142
0.2338 1470.388025
0.2339 1466.533280
0.2340 1455.706118
0.2341 1458.909704
0.2342 1455.104796
0.2343 1451.325183
0.2344 1450.548659
0.2345 1451.773791
0.2346 1444.013759
0.2347 1441.280050
0.2348 1445.540330
0.2349 1437.818712
0.2350 1438.125478
0.2351 1431.449314
0.2352 1429.774985
0.2353 1433.109333
0.2354 1429.443059
0.2355 1422.811397
0.2356 1416.210123
0.2357 1408.594952
0.2358 1405.933243
0.2359 1398.283454
0.2360 1392.678230
0.2361 1391.088348
0.2362 1385.523769
0.2363 1377.979678
0.2364 1375.471477
0.2365 1373.976632
0.2366 1371.499832
0.2367 1363.052227
0.2368 1357.628806
0.2369 1349.239427
0.2370 1343.898426
0.2371 1335.550650
0.2372 1330.153868
0.2373 1323.785280
0.2374 1322.427559
0.2375 1305.113895
0.2376 1302.727324
0.2377 1299.358731
0.2378 1296.003992
0.2379 1290.587737
0.2380 1286.146461
0.2381 1286.596262
0.2382 1272.084395
0.2383 1270.611564
0.2384 1269.140113
0.2385 1264.683790
0.2386 1262.183683
0.2387 1253.660523
0.2388 1247.164280
0.2389 1242.696936
0.2390 1243.232781
0.2391 1247.760879
0.2392 1244.283025
0.2393 1238.838052
0.2394 1230.426907
0.2395 1224.054964
0.2396 1208.744608
0.2397 1200.491453
0.2398 1192.294678
0.2399 1183.132674
0.2400 1175.019959
0.2401 1173.929890
0.2402 1173.847492
0.2403 1168.772660
0.2404 1164.722390
0.2405 1160.688809
0.2406 1149.698839
0.2407 1145.753378
0.2408 1141.827926
0.2409 1127.951309
0.2410 1119.139129
0.2411 1104.391877
0.2412 1091.712874
0.2413 1082.016140
0.2414 1079.284628
0.2415 1067.601726
0.2416 1061.968277
0.2417 1054.364889
0.2418 1045.795398
0.2419 1037.287990
0.2420 1030.807574
0.2421 1027.378727
0.2422 1024.949984
0.2423 1016.518982
0.2424 1011.029838
0.2425 1004.561021
0.2426 996.136030
0.2427 978.754159
0.2428 973.331595
0.2429 966.935595
0.2430 960.568760
0.2431 962.222677
0.2432 963.861306
0.2433 964.498151
0.2434 966.132470
0.2435 965.762873
0.2436 966.337089
0.2437 962.741987
0.2438 968.101485
0.2439 968.443510
0.2440 968.683969
0.2441 966.892596
0.2442 957.133635
0.2443 955.401938
0.2444 948.700352
0.2445 943.981573
0.2446 931.221032
0.2447 933.490417
0.2448 930.765109
0.2449 930.053887
0.2450 920.354826
0.2451 924.668760
0.2452 918.000399
0.2453 911.369751
0.2454 903.776649
0.2455 905.202180
0.2456 898.632564
0.2457 893.955879
0.2458 889.310329
0.2459 885.684309
0.2460 887.066511
0.2461 889.430967
0.2462 886.804426
0.2463 885.187863
0.2464 881.577920
0.2465 879.979628
0.2466 879.397658
0.2467 872.824491
0.2468 876.269657
0.2469 873.714380
0.2470 869.181922
0.2471 869.651702
0.2472 866.134063
0.2473 856.647178
0.2474 847.214846
0.2475 841.821639
0.2476 840.435497
0.2477 834.951694
0.2478 832.481191
0.2479 827.023912
0.2480 816.619215
0.2481 813.254721
0.2482 805.903595
0.2483 795.613559
0.2484 779.385107
0.2485 776.217769
0.2486 765.075282
0.2487 767.951465
0.2488 760.855543
0.2489 748.816842
0.2490 746.808639
0.2491 741.818113
0.2492 729.870777
0.2493 722.969173
0.2494 716.115176
0.2495 705.306347
0.2496 705.528912
0.2497 702.749608
0.2498 697.990223
0.2499 694.257756
