0 0
0.0001 0
0.0002 0
0.0003 0
0.0004 0
0.0005 0
0.0006 0
0.0007 0
0.0008 0
0.0009 0
0.001 0
0.0011 0
0.0012 0
0.0013 0
0.0014 0
0.0015 1
0.0016 1
0.0017 0
0.0018 0
0.0019 0
0.002 0
0.0021 0
0.0022 0
0.0023 1
0.0024 1
0.0025 1
0.0026 0
0.0027 0
0.0028 0
0.0029 0
0.003 0
0.0031 0
0.0032 1
0.0033 1
0.0034 1
0.0035 1
0.0036 1
0.0037 0
0.0038 0
0.0039 0
0.004 0
0.0041 0
0.0042 0
0.0043 1
0.0044 1
0.0045 1
0.0046 1
0.0047 1
0.0048 1
0.0049 1
0.005 2
0.0051 3
0.0052 3
0.0053 3
0.0054 3
0.0055 3
0.0056 3
0.0057 3
0.0058 3
0.0059 3
0.006 2
0.0061 3
0.0062 3
0.0063 3
0.0064 3
0.0065 3
0.0066 3
0.0067 3
0.0068 2
0.0069 2
0.007 2
0.0071 2
0.0072 2
0.0073 3
0.0074 3
0.0075 3
0.0076 3
0.0077 3
0.0078 3
0.0079 3
0.008 3
0.0081 3
0.0082 3
0.0083 2
0.0084 2
0.0085 2
0.0086 2
0.0087 2
0.0088 2
0.0089 2
0.009 3
0.0091 3
0.0092 3
0.0093 4
0.0094 4
0.0095 4
0.0096 3
0.0097 2
0.0098 2
0.0099 3
0.01 3
0.0101 3
0.0102 3
0.0103 3
0.0104 3
0.0105 3
0.0106 3
0.0107 3
0.0108 4
0.0109 3
0.011 3
0.0111 3
0.0112 3
0.0113 3
0.0114 3
0.0115 3
0.0116 3
0.0117 3
0.0118 4
0.0119 4
0.012 4
0.0121 5
0.0122 5
0.0123 5
0.0124 6
0.0125 6
0.0126 6
0.0127 6
0.0128 7
0.0129 8
0.013 8
0.0131 8
0.0132 8
0.0133 9
0.0134 9
0.0135 10
0.0136 10
0.0137 8
0.0138 8
0.0139 8
0.014 7
0.0141 7
0.0142 6
0.0143 6
0.0144 6
0.0145 6
0.0146 6
0.0147 7
0.0148 6
0.0149 6
0.015 6
0.0151 6
0.0152 6
0.0153 6
0.0154 5
0.0155 5
0.0156 5
0.0157 5
0.0158 5
0.0159 5
0.016 5
0.0161 5
0.0162 5
0.0163 5
0.0164 6
0.0165 6
0.0166 6
0.0167 6
0.0168 6
0.0169 6
0.017 5
0.0171 5
0.0172 6
0.0173 6
0.0174 8
0.0175 7
0.0176 7
0.0177 7
0.0178 7
0.0179 8
0.018 8
0.0181 9
0.0182 9
0.0183 8
0.0184 9
0.0185 10
0.0186 10
0.0187 10
0.0188 10
0.0189 10
0.019 10
0.0191 11
0.0192 11
0.0193 11
0.0194 11
0.0195 11
0.0196 10
0.0197 10
0.0198 12
0.0199 12
0.02 12
0.0201 13
0.0202 14
0.0203 14
0.0204 15
0.0205 14
0.0206 15
0.0207 14
0.0208 14
0.0209 16
0.021 16
0.0211 17
0.0212 17
0.0213 18
0.0214 18
0.0215 18
0.0216 18
0.0217 19
0.0218 18
0.0219 17
0.022 16
0.0221 16
0.0222 15
0.0223 14
0.0224 13
0.0225 13
0.0226 14
0.0227 14
0.0228 14
0.0229 14
0.023 15
0.0231 14
0.0232 14
0.0233 14
0.0234 14
0.0235 14
0.0236 14
0.0237 14
0.0238 14
0.0239 14
0.024 13
0.0241 12
0.0242 12
0.0243 12
0.0244 12
0.0245 12
0.0246 11
0.0247 12
0.0248 13
0.0249 14
0.025 15
0.0251 17
0.0252 17
0.0253 19
0.0254 19
0.0255 20
0.0256 20
0.0257 19
0.0258 18
0.0259 17
0.026 16
0.0261 16
0.0262 16
0.0263 16
0.0264 16
0.0265 16
0.0266 16
0.0267 15
0.0268 14
0.0269 14
0.027 13
0.0271 14
0.0272 14
0.0273 14
0.0274 15
0.0275 15
0.0276 15
0.0277 15
0.0278 14
0.0279 14
0.028 12
0.0281 12
0.0282 11
0.0283 11
0.0284 11
0.0285 11
0.0286 11
0.0287 12
0.0288 12
0.0289 12
0.029 12
0.0291 11
0.0292 11
0.0293 12
0.0294 13
0.0295 13
0.0296 14
0.0297 14
0.0298 14
0.0299 14
0.03 14
0.0301 16
0.0302 17
0.0303 17
0.0304 17
0.0305 17
0.0306 17
0.0307 17
0.0308 16
0.0309 15
0.031 15
0.0311 16
0.0312 16
0.0313 17
0.0314 16
0.0315 16
0.0316 15
0.0317 15
0.0318 17
0.0319 17
0.032 19
0.0321 19
0.0322 19
0.0323 19
0.0324 20
0.0325 20
0.0326 21
0.0327 21
0.0328 22
0.0329 22
0.033 21
0.0331 22
0.0332 21
0.0333 22
0.0334 21
0.0335 21
0.0336 21
0.0337 20
0.0338 20
0.0339 19
0.034 19
0.0341 19
0.0342 19
0.0343 21
0.0344 22
0.0345 23
0.0346 23
0.0347 24
0.0348 24
0.0349 26
0.035 25
0.0351 26
0.0352 25
0.0353 25
0.0354 25
0.0355 24
0.0356 24
0.0357 24
0.0358 25
0.0359 27
0.036 27
0.0361 27
0.0362 28
0.0363 28
0.0364 27
0.0365 27
0.0366 27
0.0367 27
0.0368 27
0.0369 27
0.037 27
0.0371 28
0.0372 27
0.0373 28
0.0374 28
0.0375 27
0.0376 27
0.0377 29
0.0378 29
0.0379 30
0.038 30
0.0381 29
0.0382 28
0.0383 27
0.0384 27
0.0385 27
0.0386 27
0.0387 28
0.0388 28
0.0389 27
0.039 27
0.0391 27
0.0392 26
0.0393 27
0.0394 28
0.0395 28
0.0396 26
0.0397 26
0.0398 24
0.0399 24
0.04 24
0.0401 24
0.0402 24
0.0403 24
0.0404 24
0.0405 24
0.0406 24
0.0407 24
0.0408 22
0.0409 23
0.041 24
0.0411 24
0.0412 23
0.0413 23
0.0414 23
0.0415 23
0.0416 23
0.0417 24
0.0418 24
0.0419 24
0.042 24
0.0421 24
0.0422 24
0.0423 24
0.0424 24
0.0425 25
0.0426 25
0.0427 23
0.0428 23
0.0429 22
0.043 20
0.0431 24
0.0432 24
0.0433 24
0.0434 24
0.0435 24
0.0436 23
0.0437 22
0.0438 24
0.0439 24
0.044 23
0.0441 24
0.0442 24
0.0443 25
0.0444 25
0.0445 26
0.0446 24
0.0447 25
0.0448 25
0.0449 24
0.045 24
0.0451 23
0.0452 24
0.0453 24
0.0454 21
0.0455 21
0.0456 21
0.0457 22
0.0458 22
0.0459 22
0.046 22
0.0461 22
0.0462 22
0.0463 22
0.0464 22
0.0465 22
0.0466 22
0.0467 22
0.0468 23
0.0469 22
0.047 23
0.0471 23
0.0472 25
0.0473 25
0.0474 24
0.0475 23
0.0476 22
0.0477 22
0.0478 22
0.0479 22
0.048 23
0.0481 22
0.0482 22
0.0483 21
0.0484 21
0.0485 22
0.0486 23
0.0487 23
0.0488 23
0.0489 24
0.049 23
0.0491 23
0.0492 23
0.0493 23
0.0494 26
0.0495 26
0.0496 26
0.0497 26
0.0498 26
0.0499 25
0.05 27
0.0501 28
0.0502 26
0.0503 27
0.0504 27
0.0505 27
0.0506 28
0.0507 29
0.0508 28
0.0509 28
0.051 25
0.0511 25
0.0512 25
0.0513 25
0.0514 26
0.0515 26
0.0516 26
0.0517 26
0.0518 26
0.0519 26
0.052 25
0.0521 26
0.0522 26
0.0523 25
0.0524 26
0.0525 25
0.0526 24
0.0527 24
0.0528 24
0.0529 26
0.053 26
0.0531 26
0.0532 25
0.0533 26
0.0534 26
0.0535 26
0.0536 25
0.0537 25
0.0538 23
0.0539 24
0.054 24
0.0541 24
0.0542 24
0.0543 25
0.0544 25
0.0545 25
0.0546 25
0.0547 25
0.0548 25
0.0549 25
0.055 25
0.0551 25
0.0552 25
0.0553 24
0.0554 23
0.0555 24
0.0556 24
0.0557 24
0.0558 23
0.0559 22
0.056 22
0.0561 21
0.0562 20
0.0563 20
0.0564 20
0.0565 19
0.0566 17
0.0567 17
0.0568 17
0.0569 16
0.057 17
0.0571 18
0.0572 19
0.0573 20
0.0574 20
0.0575 20
0.0576 20
0.0577 20
0.0578 20
0.0579 21
0.058 21
0.0581 22
0.0582 22
0.0583 22
0.0584 22
0.0585 22
0.0586 22
0.0587 21
0.0588 21
0.0589 21
0.059 21
0.0591 21
0.0592 20
0.0593 20
0.0594 20
0.0595 19
0.0596 19
0.0597 19
0.0598 19
0.0599 19
0.06 19
0.0601 19
0.0602 20
0.0603 20
0.0604 19
0.0605 19
0.0606 18
0.0607 18
0.0608 19
0.0609 19
0.061 18
0.0611 18
0.0612 17
0.0613 17
0.0614 19
0.0615 19
0.0616 19
0.0617 19
0.0618 18
0.0619 18
0.062 18
0.0621 20
0.0622 21
0.0623 21
0.0624 21
0.0625 21
0.0626 21
0.0627 22
0.0628 22
0.0629 22
0.063 24
0.0631 24
0.0632 22
0.0633 22
0.0634 23
0.0635 24
0.0636 24
0.0637 24
0.0638 23
0.0639 22
0.064 22
0.0641 22
0.0642 22
0.0643 22
0.0644 22
0.0645 23
0.0646 24
0.0647 24
0.0648 24
0.0649 24
0.065 24
0.0651 24
0.0652 24
0.0653 22
0.0654 22
0.0655 22
0.0656 22
0.0657 23
0.0658 23
0.0659 24
0.066 24
0.0661 25
0.0662 26
0.0663 26
0.0664 26
0.0665 27
0.0666 27
0.0667 27
0.0668 26
0.0669 26
0.067 26
0.0671 25
0.0672 25
0.0673 26
0.0674 25
0.0675 24
0.0676 24
0.0677 25
0.0678 25
0.0679 25
0.068 26
0.0681 26
0.0682 26
0.0683 26
0.0684 27
0.0685 27
0.0686 26
0.0687 26
0.0688 27
0.0689 27
0.069 26
0.0691 26
0.0692 27
0.0693 27
0.0694 28
0.0695 26
0.0696 27
0.0697 26
0.0698 25
0.0699 26
0.07 26
0.0701 26
0.0702 26
0.0703 26
0.0704 27
0.0705 26
0.0706 27
0.0707 27
0.0708 28
0.0709 27
0.071 27
0.0711 27
0.0712 27
0.0713 26
0.0714 27
0.0715 28
0.0716 29
0.0717 28
0.0718 29
0.0719 30
0.072 30
0.0721 30
0.0722 31
0.0723 28
0.0724 30
0.0725 30
0.0726 29
0.0727 30
0.0728 30
0.0729 29
0.073 29
0.0731 28
0.0732 29
0.0733 28
0.0734 29
0.0735 28
0.0736 28
0.0737 28
0.0738 28
0.0739 27
0.074 27
0.0741 27
0.0742 27
0.0743 27
0.0744 27
0.0745 28
0.0746 27
0.0747 26
0.0748 26
0.0749 26
0.075 26
0.0751 26
0.0752 26
0.0753 24
0.0754 24
0.0755 25
0.0756 25
0.0757 25
0.0758 24
0.0759 23
0.076 23
0.0761 23
0.0762 20
0.0763 21
0.0764 21
0.0765 21
0.0766 22
0.0767 23
0.0768 22
0.0769 21
0.077 22
0.0771 23
0.0772 24
0.0773 24
0.0774 24
0.0775 24
0.0776 24
0.0777 24
0.0778 24
0.0779 25
0.078 25
0.0781 26
0.0782 26
0.0783 26
0.0784 27
0.0785 27
0.0786 26
0.0787 27
0.0788 27
0.0789 28
0.079 28
0.0791 29
0.0792 29
0.0793 28
0.0794 30
0.0795 28
0.0796 28
0.0797 28
0.0798 28
0.0799 28
0.08 27
0.0801 27
0.0802 27
0.0803 27
0.0804 27
0.0805 25
0.0806 26
0.0807 27
0.0808 27
0.0809 27
0.081 28
0.0811 27
0.0812 28
0.0813 28
0.0814 29
0.0815 29
0.0816 30
0.0817 28
0.0818 29
0.0819 30
0.082 30
0.0821 30
0.0822 30
0.0823 31
0.0824 31
0.0825 31
0.0826 31
0.0827 31
0.0828 31
0.0829 31
0.083 32
0.0831 33
0.0832 33
0.0833 33
0.0834 33
0.0835 35
0.0836 35
0.0837 35
0.0838 35
0.0839 35
0.084 35
0.0841 33
0.0842 33
0.0843 32
0.0844 32
0.0845 31
0.0846 31
0.0847 31
0.0848 32
0.0849 32
0.085 31
0.0851 31
0.0852 30
0.0853 30
0.0854 29
0.0855 28
0.0856 28
0.0857 28
0.0858 27
0.0859 27
0.086 28
0.0861 28
0.0862 28
0.0863 29
0.0864 30
0.0865 30
0.0866 30
0.0867 29
0.0868 29
0.0869 29
0.087 29
0.0871 29
0.0872 30
0.0873 30
0.0874 29
0.0875 28
0.0876 28
0.0877 28
0.0878 28
0.0879 29
0.088 30
0.0881 30
0.0882 30
0.0883 33
0.0884 34
0.0885 35
0.0886 34
0.0887 34
0.0888 34
0.0889 34
0.089 33
0.0891 35
0.0892 34
0.0893 34
0.0894 33
0.0895 34
0.0896 33
0.0897 34
0.0898 34
0.0899 35
0.09 35
0.0901 35
0.0902 35
0.0903 35
0.0904 35
0.0905 34
0.0906 34
0.0907 34
0.0908 34
0.0909 34
0.091 34
0.0911 34
0.0912 33
0.0913 33
0.0914 33
0.0915 33
0.0916 31
0.0917 32
0.0918 33
0.0919 33
0.092 33
0.0921 33
0.0922 34
0.0923 35
0.0924 36
0.0925 36
0.0926 33
0.0927 32
0.0928 32
0.0929 31
0.093 29
0.0931 30
0.0932 29
0.0933 29
0.0934 28
0.0935 28
0.0936 28
0.0937 28
0.0938 28
0.0939 28
0.094 28
0.0941 28
0.0942 28
0.0943 28
0.0944 28
0.0945 30
0.0946 30
0.0947 30
0.0948 30
0.0949 28
0.095 26
0.0951 28
0.0952 28
0.0953 28
0.0954 28
0.0955 28
0.0956 28
0.0957 28
0.0958 27
0.0959 27
0.096 28
0.0961 29
0.0962 28
0.0963 27
0.0964 27
0.0965 29
0.0966 30
0.0967 29
0.0968 29
0.0969 29
0.097 29
0.0971 31
0.0972 31
0.0973 30
0.0974 30
0.0975 30
0.0976 30
0.0977 31
0.0978 32
0.0979 32
0.098 33
0.0981 34
0.0982 35
0.0983 35
0.0984 35
0.0985 35
0.0986 35
0.0987 34
0.0988 34
0.0989 34
0.099 35
0.0991 35
0.0992 35
0.0993 34
0.0994 34
0.0995 35
0.0996 35
0.0997 35
0.0998 34
0.0999 34
0.1 34
