0 0
0.0001 0
0.0002 0
0.0003 0
0.0004 0
0.0005 0
0.0006 0
0.0007 0
0.0008 0
0.0009 0
0.001 0
0.0011 0
0.0012 0
0.0013 0
0.0014 0
0.0015 0
0.0016 0
0.0017 0
0.0018 0
0.0019 0
0.002 0
0.0021 0
0.0022 1
0.0023 1
0.0024 1
0.0025 1
0.0026 1
0.0027 1
0.0028 1
0.0029 1
0.003 1
0.0031 1
0.0032 1
0.0033 1
0.0034 1
0.0035 0
0.0036 0
0.0037 0
0.0038 0
0.0039 0
0.004 0
0.0041 1
0.0042 1
0.0043 1
0.0044 1
0.0045 1
0.0046 1
0.0047 1
0.0048 1
0.0049 1
0.005 0
0.0051 0
0.0052 0
0.0053 1
0.0054 1
0.0055 2
0.0056 2
0.0057 2
0.0058 2
0.0059 2
0.006 2
0.0061 2
0.0062 2
0.0063 2
0.0064 2
0.0065 2
0.0066 2
0.0067 2
0.0068 2
0.0069 2
0.007 2
0.0071 2
0.0072 2
0.0073 2
0.0074 0
0.0075 0
0.0076 0
0.0077 0
0.0078 0
0.0079 0
0.008 0
0.0081 0
0.0082 0
0.0083 0
0.0084 0
0.0085 0
0.0086 0
0.0087 0
0.0088 0
0.0089 0
0.009 0
0.0091 0
0.0092 0
0.0093 0
0.0094 0
0.0095 0
0.0096 0
0.0097 1
0.0098 1
0.0099 1
0.01 1
0.0101 1
0.0102 1
0.0103 1
0.0104 1
0.0105 1
0.0106 3
0.0107 3
0.0108 3
0.0109 3
0.011 3
0.0111 3
0.0112 3
0.0113 2
0.0114 2
0.0115 2
0.0116 2
0.0117 1
0.0118 1
0.0119 1
0.012 1
0.0121 1
0.0122 1
0.0123 1
0.0124 1
0.0125 2
0.0126 2
0.0127 2
0.0128 2
0.0129 2
0.013 2
0.0131 2
0.0132 2
0.0133 2
0.0134 2
0.0135 2
0.0136 2
0.0137 3
0.0138 2
0.0139 2
0.014 2
0.0141 2
0.0142 2
0.0143 2
0.0144 2
0.0145 2
0.0146 2
0.0147 2
0.0148 2
0.0149 2
0.015 2
0.0151 2
0.0152 2
0.0153 2
0.0154 3
0.0155 1
0.0156 1
0.0157 1
0.0158 2
0.0159 2
0.016 2
0.0161 2
0.0162 1
0.0163 1
0.0164 1
0.0165 1
0.0166 1
0.0167 1
0.0168 1
0.0169 1
0.017 1
0.0171 2
0.0172 2
0.0173 2
0.0174 2
0.0175 2
0.0176 2
0.0177 2
0.0178 3
0.0179 3
0.018 3
0.0181 3
0.0182 3
0.0183 3
0.0184 2
0.0185 2
0.0186 2
0.0187 2
0.0188 2
0.0189 2
0.019 2
0.0191 2
0.0192 1
0.0193 0
0.0194 0
0.0195 0
0.0196 0
0.0197 0
0.0198 0
0.0199 0
0.02 1
0.0201 1
0.0202 1
0.0203 1
0.0204 1
0.0205 1
0.0206 1
0.0207 1
0.0208 1
0.0209 1
0.021 1
0.0211 1
0.0212 1
0.0213 1
0.0214 1
0.0215 1
0.0216 2
0.0217 2
0.0218 2
0.0219 2
0.022 2
0.0221 2
0.0222 2
0.0223 2
0.0224 2
0.0225 2
0.0226 1
0.0227 1
0.0228 1
0.0229 1
0.023 1
0.0231 1
0.0232 1
0.0233 1
0.0234 1
0.0235 1
0.0236 1
0.0237 1
0.0238 1
0.0239 1
0.024 1
0.0241 1
0.0242 0
0.0243 0
0.0244 0
0.0245 2
0.0246 2
0.0247 2
0.0248 2
0.0249 2
0.025 2
0.0251 2
0.0252 2
0.0253 1
0.0254 1
0.0255 2
0.0256 2
0.0257 2
0.0258 2
0.0259 2
0.026 2
0.0261 2
0.0262 2
0.0263 2
0.0264 2
0.0265 2
0.0266 4
0.0267 6
0.0268 7
0.0269 7
0.027 7
0.0271 6
0.0272 6
0.0273 5
0.0274 5
0.0275 5
0.0276 5
0.0277 5
0.0278 5
0.0279 6
0.028 5
0.0281 5
0.0282 5
0.0283 5
0.0284 5
0.0285 5
0.0286 6
0.0287 6
0.0288 6
0.0289 4
0.029 4
0.0291 5
0.0292 6
0.0293 6
0.0294 6
0.0295 5
0.0296 5
0.0297 5
0.0298 5
0.0299 5
0.03 5
0.0301 7
0.0302 7
0.0303 9
0.0304 9
0.0305 7
0.0306 6
0.0307 5
0.0308 4
0.0309 5
0.031 6
0.0311 5
0.0312 4
0.0313 4
0.0314 4
0.0315 3
0.0316 3
0.0317 3
0.0318 3
0.0319 4
0.032 3
0.0321 3
0.0322 3
0.0323 3
0.0324 4
0.0325 4
0.0326 3
0.0327 3
0.0328 3
0.0329 5
0.033 5
0.0331 4
0.0332 5
0.0333 5
0.0334 5
0.0335 5
0.0336 4
0.0337 3
0.0338 3
0.0339 3
0.034 2
0.0341 2
0.0342 2
0.0343 4
0.0344 4
0.0345 4
0.0346 4
0.0347 4
0.0348 4
0.0349 4
0.035 3
0.0351 3
0.0352 3
0.0353 3
0.0354 3
0.0355 3
0.0356 3
0.0357 3
0.0358 4
0.0359 5
0.036 5
0.0361 3
0.0362 4
0.0363 3
0.0364 4
0.0365 4
0.0366 5
0.0367 4
0.0368 4
0.0369 4
0.037 4
0.0371 4
0.0372 4
0.0373 4
0.0374 4
0.0375 4
0.0376 5
0.0377 5
0.0378 5
0.0379 5
0.038 5
0.0381 5
0.0382 5
0.0383 5
0.0384 5
0.0385 5
0.0386 5
0.0387 5
0.0388 5
0.0389 5
0.039 4
0.0391 4
0.0392 4
0.0393 5
0.0394 6
0.0395 6
0.0396 7
0.0397 7
0.0398 8
0.0399 8
0.04 6
0.0401 4
0.0402 4
0.0403 4
0.0404 4
0.0405 4
0.0406 4
0.0407 3
0.0408 3
0.0409 3
0.041 2
0.0411 2
0.0412 2
0.0413 2
0.0414 2
0.0415 2
0.0416 2
0.0417 3
0.0418 3
0.0419 3
0.042 3
0.0421 3
0.0422 3
0.0423 3
0.0424 3
0.0425 3
0.0426 3
0.0427 3
0.0428 3
0.0429 4
0.043 3
0.0431 2
0.0432 2
0.0433 2
0.0434 3
0.0435 3
0.0436 3
0.0437 3
0.0438 3
0.0439 4
0.044 4
0.0441 4
0.0442 5
0.0443 6
0.0444 6
0.0445 6
0.0446 6
0.0447 7
0.0448 5
0.0449 5
0.045 5
0.0451 5
0.0452 4
0.0453 4
0.0454 4
0.0455 3
0.0456 3
0.0457 4
0.0458 4
0.0459 4
0.046 4
0.0461 4
0.0462 4
0.0463 4
0.0464 4
0.0465 3
0.0466 3
0.0467 2
0.0468 2
0.0469 3
0.047 3
0.0471 2
0.0472 3
0.0473 3
0.0474 4
0.0475 3
0.0476 4
0.0477 4
0.0478 4
0.0479 4
0.048 4
0.0481 4
0.0482 4
0.0483 4
0.0484 4
0.0485 4
0.0486 4
0.0487 4
0.0488 5
0.0489 5
0.049 5
0.0491 5
0.0492 5
0.0493 6
0.0494 5
0.0495 4
0.0496 4
0.0497 3
0.0498 3
0.0499 3
0.05 4
0.0501 4
0.0502 4
0.0503 3
0.0504 3
0.0505 3
0.0506 3
0.0507 3
0.0508 4
0.0509 4
0.051 5
0.0511 5
0.0512 6
0.0513 5
0.0514 4
0.0515 3
0.0516 3
0.0517 3
0.0518 3
0.0519 3
0.052 3
0.0521 3
0.0522 3
0.0523 3
0.0524 3
0.0525 3
0.0526 3
0.0527 3
0.0528 3
0.0529 3
0.053 3
0.0531 3
0.0532 4
0.0533 4
0.0534 4
0.0535 3
0.0536 4
0.0537 3
0.0538 3
0.0539 3
0.054 3
0.0541 3
0.0542 4
0.0543 4
0.0544 4
0.0545 4
0.0546 3
0.0547 4
0.0548 4
0.0549 3
0.055 3
0.0551 3
0.0552 4
0.0553 4
0.0554 3
0.0555 3
0.0556 3
0.0557 3
0.0558 3
0.0559 4
0.056 4
0.0561 4
0.0562 4
0.0563 4
0.0564 4
0.0565 4
0.0566 4
0.0567 4
0.0568 4
0.0569 4
0.057 4
0.0571 5
0.0572 5
0.0573 5
0.0574 6
0.0575 6
0.0576 6
0.0577 6
0.0578 8
0.0579 7
0.058 8
0.0581 8
0.0582 7
0.0583 6
0.0584 7
0.0585 8
0.0586 8
0.0587 8
0.0588 10
0.0589 9
0.059 11
0.0591 11
0.0592 11
0.0593 11
0.0594 12
0.0595 12
0.0596 12
0.0597 12
0.0598 12
0.0599 10
0.06 10
0.0601 10
0.0602 10
0.0603 9
0.0604 8
0.0605 8
0.0606 8
0.0607 7
0.0608 7
0.0609 7
0.061 7
0.0611 6
0.0612 6
0.0613 6
0.0614 6
0.0615 7
0.0616 6
0.0617 6
0.0618 6
0.0619 5
0.062 5
0.0621 4
0.0622 4
0.0623 4
0.0624 4
0.0625 4
0.0626 4
0.0627 4
0.0628 4
0.0629 4
0.063 4
0.0631 4
0.0632 5
0.0633 6
0.0634 6
0.0635 6
0.0636 6
0.0637 6
0.0638 6
0.0639 6
0.064 8
0.0641 8
0.0642 8
0.0643 7
0.0644 6
0.0645 7
0.0646 7
0.0647 6
0.0648 5
0.0649 6
0.065 6
0.0651 6
0.0652 6
0.0653 5
0.0654 5
0.0655 5
0.0656 5
0.0657 5
0.0658 5
0.0659 5
0.066 5
0.0661 4
0.0662 4
0.0663 4
0.0664 4
0.0665 4
0.0666 2
0.0667 2
0.0668 2
0.0669 1
0.067 1
0.0671 1
0.0672 1
0.0673 1
0.0674 1
0.0675 1
0.0676 1
0.0677 3
0.0678 3
0.0679 3
0.068 3
0.0681 3
0.0682 3
0.0683 1
0.0684 1
0.0685 1
0.0686 1
0.0687 1
0.0688 2
0.0689 2
0.069 3
0.0691 3
0.0692 4
0.0693 4
0.0694 4
0.0695 4
0.0696 4
0.0697 4
0.0698 5
0.0699 5
0.07 6
0.0701 6
0.0702 7
0.0703 6
0.0704 6
0.0705 6
0.0706 6
0.0707 6
0.0708 6
0.0709 6
0.071 5
0.0711 5
0.0712 5
0.0713 5
0.0714 5
0.0715 5
0.0716 5
0.0717 4
0.0718 4
0.0719 4
0.072 4
0.0721 4
0.0722 4
0.0723 4
0.0724 4
0.0725 4
0.0726 5
0.0727 5
0.0728 6
0.0729 6
0.073 5
0.0731 5
0.0732 5
0.0733 6
0.0734 6
0.0735 6
0.0736 6
0.0737 6
0.0738 7
0.0739 7
0.074 6
0.0741 6
0.0742 6
0.0743 6
0.0744 6
0.0745 6
0.0746 6
0.0747 7
0.0748 6
0.0749 5
0.075 5
0.0751 6
0.0752 6
0.0753 6
0.0754 6
0.0755 8
0.0756 9
0.0757 9
0.0758 7
0.0759 7
0.076 7
0.0761 6
0.0762 6
0.0763 6
0.0764 6
0.0765 5
0.0766 5
0.0767 5
0.0768 5
0.0769 5
0.077 5
0.0771 5
0.0772 5
0.0773 6
0.0774 6
0.0775 6
0.0776 7
0.0777 6
0.0778 7
0.0779 7
0.078 7
0.0781 8
0.0782 9
0.0783 8
0.0784 7
0.0785 7
0.0786 7
0.0787 7
0.0788 7
0.0789 7
0.079 6
0.0791 5
0.0792 5
0.0793 5
0.0794 5
0.0795 3
0.0796 3
0.0797 3
0.0798 4
0.0799 4
0.08 4
0.0801 4
0.0802 4
0.0803 5
0.0804 4
0.0805 4
0.0806 3
0.0807 3
0.0808 3
0.0809 2
0.081 2
0.0811 2
0.0812 3
0.0813 3
0.0814 3
0.0815 4
0.0816 4
0.0817 4
0.0818 4
0.0819 5
0.082 5
0.0821 5
0.0822 5
0.0823 5
0.0824 4
0.0825 4
0.0826 4
0.0827 3
0.0828 3
0.0829 3
0.083 3
0.0831 3
0.0832 4
0.0833 4
0.0834 4
0.0835 4
0.0836 4
0.0837 6
0.0838 6
0.0839 6
0.084 6
0.0841 6
0.0842 6
0.0843 6
0.0844 5
0.0845 5
0.0846 5
0.0847 5
0.0848 6
0.0849 6
0.085 8
0.0851 9
0.0852 9
0.0853 9
0.0854 8
0.0855 8
0.0856 8
0.0857 8
0.0858 6
0.0859 7
0.086 7
0.0861 7
0.0862 7
0.0863 6
0.0864 6
0.0865 7
0.0866 6
0.0867 6
0.0868 6
0.0869 5
0.087 5
0.0871 6
0.0872 6
0.0873 6
0.0874 5
0.0875 5
0.0876 5
0.0877 5
0.0878 5
0.0879 6
0.088 6
0.0881 6
0.0882 7
0.0883 7
0.0884 7
0.0885 8
0.0886 7
0.0887 7
0.0888 7
0.0889 7
0.089 8
0.0891 8
0.0892 8
0.0893 8
0.0894 8
0.0895 8
0.0896 8
0.0897 8
0.0898 9
0.0899 9
0.09 7
0.0901 7
0.0902 8
0.0903 8
0.0904 8
0.0905 9
0.0906 9
0.0907 9
0.0908 9
0.0909 9
0.091 10
0.0911 9
0.0912 9
0.0913 9
0.0914 9
0.0915 9
0.0916 8
0.0917 8
0.0918 8
0.0919 9
0.092 9
0.0921 8
0.0922 8
0.0923 7
0.0924 7
0.0925 7
0.0926 5
0.0927 4
0.0928 4
0.0929 5
0.093 5
0.0931 6
0.0932 6
0.0933 5
0.0934 4
0.0935 5
0.0936 5
0.0937 3
0.0938 4
0.0939 4
0.094 4
0.0941 2
0.0942 3
0.0943 3
0.0944 3
0.0945 3
0.0946 3
0.0947 3
0.0948 3
0.0949 3
0.095 4
0.0951 4
0.0952 4
0.0953 5
0.0954 5
0.0955 5
0.0956 5
0.0957 5
0.0958 5
0.0959 5
0.096 5
0.0961 4
0.0962 4
0.0963 4
0.0964 4
0.0965 4
0.0966 4
0.0967 4
0.0968 4
0.0969 4
0.097 4
0.0971 4
0.0972 4
0.0973 4
0.0974 4
0.0975 4
0.0976 4
0.0977 5
0.0978 5
0.0979 5
0.098 5
0.0981 5
0.0982 4
0.0983 4
0.0984 4
0.0985 5
0.0986 5
0.0987 5
0.0988 5
0.0989 6
0.099 5
0.0991 5
0.0992 5
0.0993 5
0.0994 5
0.0995 5
0.0996 5
0.0997 5
0.0998 5
0.0999 5
0.1 5
