0 0
0.0001 0
0.0002 0
0.0003 0
0.0004 0
0.0005 0
0.0006 0
0.0007 0
0.0008 0
0.0009 0
0.001 0
0.0011 0
0.0012 0
0.0013 0
0.0014 0
0.0015 0
0.0016 0
0.0017 0
0.0018 1
0.0019 0
0.002 1
0.0021 0
0.0022 0
0.0023 0
0.0024 0
0.0025 0
0.0026 1
0.0027 0
0.0028 0
0.0029 0
0.003 0
0.0031 1
0.0032 1
0.0033 0
0.0034 0
0.0035 0
0.0036 0
0.0037 2
0.0038 0
0.0039 1
0.004 1
0.0041 0
0.0042 0
0.0043 0
0.0044 1
0.0045 1
0.0046 0
0.0047 0
0.0048 0
0.0049 0
0.005 0
0.0051 0
0.0052 0
0.0053 1
0.0054 0
0.0055 0
0.0056 0
0.0057 0
0.0058 1
0.0059 0
0.006 0
0.0061 0
0.0062 1
0.0063 2
0.0064 0
0.0065 0
0.0066 1
0.0067 2
0.0068 1
0.0069 2
0.007 0
0.0071 1
0.0072 0
0.0073 1
0.0074 0
0.0075 0
0.0076 0
0.0077 0
0.0078 1
0.0079 0
0.008 1
0.0081 0
0.0082 0
0.0083 0
0.0084 0
0.0085 0
0.0086 0
0.0087 2
0.0088 0
0.0089 1
0.009 2
0.0091 0
0.0092 0
0.0093 1
0.0094 0
0.0095 0
0.0096 0
0.0097 1
0.0098 0
0.0099 1
0.01 1
0.0101 1
0.0102 1
0.0103 1
0.0104 1
0.0105 1
0.0106 1
0.0107 0
0.0108 0
0.0109 2
0.011 0
0.0111 2
0.0112 0
0.0113 0
0.0114 1
0.0115 0
0.0116 1
0.0117 1
0.0118 1
0.0119 1
0.012 2
0.0121 0
0.0122 0
0.0123 2
0.0124 1
0.0125 0
0.0126 1
0.0127 1
0.0128 1
0.0129 0
0.013 1
0.0131 0
0.0132 0
0.0133 0
0.0134 1
0.0135 1
0.0136 1
0.0137 1
0.0138 1
0.0139 1
0.014 0
0.0141 1
0.0142 2
0.0143 3
0.0144 1
0.0145 1
0.0146 0
0.0147 0
0.0148 1
0.0149 1
0.015 2
0.0151 2
0.0152 3
0.0153 2
0.0154 0
0.0155 3
0.0156 2
0.0157 1
0.0158 3
0.0159 3
0.016 5
0.0161 3
0.0162 3
0.0163 1
0.0164 2
0.0165 0
0.0166 1
0.0167 1
0.0168 4
0.0169 2
0.017 2
0.0171 1
0.0172 1
0.0173 4
0.0174 4
0.0175 2
0.0176 1
0.0177 0
0.0178 2
0.0179 2
0.018 2
0.0181 1
0.0182 2
0.0183 2
0.0184 2
0.0185 2
0.0186 5
0.0187 4
0.0188 4
0.0189 4
0.019 5
0.0191 4
0.0192 2
0.0193 0
0.0194 4
0.0195 4
0.0196 4
0.0197 4
0.0198 3
0.0199 2
0.02 3
0.0201 4
0.0202 8
0.0203 2
0.0204 0
0.0205 2
0.0206 3
0.0207 3
0.0208 1
0.0209 2
0.021 3
0.0211 5
0.0212 2
0.0213 3
0.0214 4
0.0215 2
0.0216 3
0.0217 5
0.0218 4
0.0219 5
0.022 4
0.0221 2
0.0222 4
0.0223 3
0.0224 3
0.0225 4
0.0226 4
0.0227 3
0.0228 4
0.0229 3
0.023 4
0.0231 2
0.0232 2
0.0233 2
0.0234 6
0.0235 6
0.0236 3
0.0237 8
0.0238 5
0.0239 4
0.024 6
0.0241 3
0.0242 4
0.0243 7
0.0244 5
0.0245 5
0.0246 2
0.0247 7
0.0248 9
0.0249 5
0.025 5
0.0251 7
0.0252 6
0.0253 5
0.0254 2
0.0255 5
0.0256 10
0.0257 16
0.0258 9
0.0259 9
0.026 10
0.0261 5
0.0262 7
0.0263 11
0.0264 13
0.0265 8
0.0266 15
0.0267 7
0.0268 8
0.0269 8
0.027 9
0.0271 10
0.0272 12
0.0273 13
0.0274 19
0.0275 26
0.0276 15
0.0277 11
0.0278 23
0.0279 23
0.028 21
0.0281 31
0.0282 30
0.0283 40
0.0284 36
0.0285 62
0.0286 75
0.0287 90
0.0288 112
0.0289 142
0.029 179
0.0291 206
0.0292 230
0.0293 262
0.0294 310
0.0295 334
0.0296 370
0.0297 406
0.0298 441
0.0299 491
0.03 525
0.0301 564
0.0302 589
0.0303 616
0.0304 647
0.0305 668
0.0306 690
0.0307 723
0.0308 754
0.0309 796
0.031 811
0.0311 825
0.0312 854
0.0313 876
0.0314 891
0.0315 913
0.0316 927
0.0317 949
0.0318 967
0.0319 976
0.032 992
0.0321 1021
0.0322 1049
0.0323 1078
0.0324 1092
0.0325 1108
0.0326 1117
0.0327 1130
0.0328 1143
0.0329 1153
0.033 1170
0.0331 1196
0.0332 1211
0.0333 1210
0.0334 1219
0.0335 1227
0.0336 1231
0.0337 1241
0.0338 1249
0.0339 1259
0.034 1265
0.0341 1280
0.0342 1299
0.0343 1298
0.0344 1298
0.0345 1300
0.0346 1308
0.0347 1317
0.0348 1325
0.0349 1329
0.035 1339
0.0351 1351
0.0352 1351
0.0353 1350
0.0354 1362
0.0355 1367
0.0356 1367
0.0357 1363
0.0358 1366
0.0359 1351
0.036 1353
0.0361 1347
0.0362 1351
0.0363 1348
0.0364 1348
0.0365 1345
0.0366 1348
0.0367 1350
0.0368 1345
0.0369 1336
0.037 1335
0.0371 1317
0.0372 1322
0.0373 1323
0.0374 1323
0.0375 1321
0.0376 1322
0.0377 1333
0.0378 1348
0.0379 1348
0.038 1346
0.0381 1339
0.0382 1332
0.0383 1341
0.0384 1344
0.0385 1344
0.0386 1337
0.0387 1328
0.0388 1327
0.0389 1327
0.039 1319
0.0391 1310
0.0392 1308
0.0393 1303
0.0394 1292
0.0395 1266
0.0396 1249
0.0397 1246
0.0398 1244
0.0399 1242
0.04 1237
0.0401 1240
0.0402 1241
0.0403 1226
0.0404 1212
0.0405 1200
0.0406 1185
0.0407 1172
0.0408 1171
0.0409 1177
0.041 1171
0.0411 1171
0.0412 1161
0.0413 1150
0.0414 1150
0.0415 1146
0.0416 1132
0.0417 1127
0.0418 1124
0.0419 1122
0.042 1116
0.0421 1109
0.0422 1116
0.0423 1116
0.0424 1121
0.0425 1123
0.0426 1123
0.0427 1130
0.0428 1136
0.0429 1140
0.043 1141
0.0431 1146
0.0432 1134
0.0433 1118
0.0434 1114
0.0435 1119
0.0436 1115
0.0437 1106
0.0438 1111
0.0439 1109
0.044 1102
0.0441 1093
0.0442 1092
0.0443 1090
0.0444 1090
0.0445 1094
0.0446 1085
0.0447 1080
0.0448 1080
0.0449 1072
0.045 1074
0.0451 1070
0.0452 1061
0.0453 1058
0.0454 1058
0.0455 1048
0.0456 1044
0.0457 1043
0.0458 1043
0.0459 1042
0.046 1035
0.0461 1034
0.0462 1032
0.0463 1026
0.0464 1022
0.0465 1017
0.0466 1013
0.0467 1013
0.0468 1007
0.0469 1001
0.047 996
0.0471 985
0.0472 973
0.0473 970
0.0474 960
0.0475 953
0.0476 949
0.0477 946
0.0478 937
0.0479 944
0.048 946
0.0481 949
0.0482 947
0.0483 953
0.0484 952
0.0485 947
0.0486 944
0.0487 939
0.0488 936
0.0489 933
0.049 932
0.0491 931
0.0492 926
0.0493 918
0.0494 920
0.0495 920
0.0496 921
0.0497 918
0.0498 914
0.0499 908
0.05 903
0.0501 906
0.0502 900
0.0503 897
0.0504 887
0.0505 888
0.0506 878
0.0507 875
0.0508 873
0.0509 870
0.051 864
0.0511 861
0.0512 862
0.0513 855
0.0514 849
0.0515 844
0.0516 838
0.0517 836
0.0518 825
0.0519 823
0.052 814
0.0521 814
0.0522 816
0.0523 810
0.0524 807
0.0525 803
0.0526 807
0.0527 808
0.0528 802
0.0529 798
0.053 800
0.0531 794
0.0532 790
0.0533 791
0.0534 798
0.0535 791
0.0536 789
0.0537 777
0.0538 776
0.0539 767
0.054 756
0.0541 749
0.0542 741
0.0543 734
0.0544 728
0.0545 725
0.0546 724
0.0547 718
0.0548 709
0.0549 709
0.055 700
0.0551 698
0.0552 692
0.0553 691
0.0554 690
0.0555 687
0.0556 683
0.0557 680
0.0558 673
0.0559 665
0.056 659
0.0561 659
0.0562 651
0.0563 646
0.0564 639
0.0565 632
0.0566 628
0.0567 628
0.0568 626
0.0569 630
0.057 629
0.0571 622
0.0572 615
0.0573 619
0.0574 608
0.0575 601
0.0576 601
0.0577 605
0.0578 602
0.0579 605
0.058 605
0.0581 599
0.0582 602
0.0583 599
0.0584 602
0.0585 601
0.0586 599
0.0587 595
0.0588 592
0.0589 592
0.059 592
0.0591 584
0.0592 589
0.0593 580
0.0594 582
0.0595 585
0.0596 581
0.0597 579
0.0598 575
0.0599 569
0.06 560
0.0601 554
0.0602 557
0.0603 560
0.0604 553
0.0605 549
0.0606 540
0.0607 544
0.0608 542
0.0609 544
0.061 545
0.0611 544
0.0612 542
0.0613 548
0.0614 542
0.0615 539
0.0616 539
0.0617 534
0.0618 535
0.0619 530
0.062 531
0.0621 523
0.0622 523
0.0623 518
0.0624 507
0.0625 505
0.0626 510
0.0627 507
0.0628 506
0.0629 501
0.063 492
0.0631 492
0.0632 490
0.0633 490
0.0634 473
0.0635 472
0.0636 470
0.0637 471
0.0638 477
0.0639 480
0.064 485
0.0641 492
0.0642 494
0.0643 495
0.0644 496
0.0645 490
0.0646 487
0.0647 484
0.0648 470
0.0649 458
0.065 452
0.0651 453
0.0652 449
0.0653 452
0.0654 446
0.0655 442
0.0656 441
0.0657 435
0.0658 430
0.0659 421
0.066 418
0.0661 410
0.0662 414
0.0663 407
0.0664 407
0.0665 417
0.0666 413
0.0667 399
0.0668 399
0.0669 398
0.067 391
0.0671 387
0.0672 384
0.0673 377
0.0674 382
0.0675 379
0.0676 375
0.0677 377
0.0678 377
0.0679 374
0.068 373
0.0681 377
0.0682 376
0.0683 376
0.0684 386
0.0685 384
0.0686 385
0.0687 384
0.0688 377
0.0689 373
0.069 369
0.0691 370
0.0692 368
0.0693 367
0.0694 370
0.0695 369
0.0696 369
0.0697 374
0.0698 374
0.0699 374
0.07 371
0.0701 372
0.0702 368
0.0703 364
0.0704 364
0.0705 362
0.0706 361
0.0707 365
0.0708 363
0.0709 362
0.071 361
0.0711 357
0.0712 347
0.0713 338
0.0714 339
0.0715 344
0.0716 349
0.0717 352
0.0718 354
0.0719 358
0.072 362
0.0721 361
0.0722 359
0.0723 358
0.0724 357
0.0725 357
0.0726 355
0.0727 358
0.0728 356
0.0729 355
0.073 360
0.0731 365
0.0732 357
0.0733 352
0.0734 356
0.0735 354
0.0736 346
0.0737 342
0.0738 331
0.0739 325
0.074 324
0.0741 327
0.0742 326
0.0743 326
0.0744 318
0.0745 315
0.0746 312
0.0747 313
0.0748 310
0.0749 299
0.075 298
0.0751 296
0.0752 295
0.0753 297
0.0754 301
0.0755 292
0.0756 287
0.0757 277
0.0758 276
0.0759 267
0.076 263
0.0761 257
0.0762 253
0.0763 244
0.0764 214
0.0765 191
0.0766 166
0.0767 147
0.0768 135
0.0769 132
0.077 128
0.0771 124
0.0772 126
0.0773 119
0.0774 116
0.0775 118
0.0776 119
0.0777 108
0.0778 98
0.0779 103
0.078 112
0.0781 111
0.0782 116
0.0783 107
0.0784 104
0.0785 103
0.0786 106
0.0787 116
0.0788 110
0.0789 108
0.079 106
0.0791 111
0.0792 119
0.0793 124
0.0794 135
0.0795 138
0.0796 141
0.0797 146
0.0798 142
0.0799 143
0.08 150
0.0801 154
0.0802 144
0.0803 139
0.0804 138
0.0805 145
0.0806 147
0.0807 148
0.0808 155
0.0809 163
0.081 170
0.0811 173
0.0812 180
0.0813 186
0.0814 198
0.0815 204
0.0816 211
0.0817 215
0.0818 211
0.0819 208
0.082 211
0.0821 206
0.0822 208
0.0823 213
0.0824 215
0.0825 222
0.0826 221
0.0827 221
0.0828 222
0.0829 227
0.083 234
0.0831 229
0.0832 231
0.0833 225
0.0834 225
0.0835 226
0.0836 225
0.0837 221
0.0838 214
0.0839 212
0.084 211
0.0841 213
0.0842 215
0.0843 216
0.0844 220
0.0845 220
0.0846 216
0.0847 213
0.0848 212
0.0849 209
0.085 207
0.0851 204
0.0852 200
0.0853 197
0.0854 190
0.0855 182
0.0856 172
0.0857 170
0.0858 165
0.0859 160
0.086 152
0.0861 139
0.0862 137
0.0863 122
0.0864 116
0.0865 117
0.0866 107
0.0867 110
0.0868 97
0.0869 97
0.087 91
0.0871 89
0.0872 91
0.0873 87
0.0874 93
0.0875 91
0.0876 91
0.0877 92
0.0878 92
0.0879 89
0.088 92
0.0881 95
0.0882 105
0.0883 110
0.0884 113
0.0885 108
0.0886 106
0.0887 108
0.0888 115
0.0889 120
0.089 117
0.0891 116
0.0892 118
0.0893 127
0.0894 129
0.0895 131
0.0896 130
0.0897 135
0.0898 133
0.0899 133
0.09 133
0.0901 137
0.0902 141
0.0903 144
0.0904 147
0.0905 150
0.0906 148
0.0907 144
0.0908 140
0.0909 145
0.091 142
0.0911 143
0.0912 138
0.0913 142
0.0914 143
0.0915 145
0.0916 151
0.0917 154
0.0918 154
0.0919 158
0.092 156
0.0921 162
0.0922 165
0.0923 168
0.0924 171
0.0925 171
0.0926 174
0.0927 173
0.0928 171
0.0929 167
0.093 170
0.0931 167
0.0932 164
0.0933 152
0.0934 146
0.0935 140
0.0936 130
0.0937 102
0.0938 88
0.0939 71
0.094 60
0.0941 46
0.0942 48
0.0943 45
0.0944 52
0.0945 46
0.0946 56
0.0947 57
0.0948 57
0.0949 60
0.095 59
0.0951 54
0.0952 48
0.0953 51
0.0954 56
0.0955 59
0.0956 62
0.0957 64
0.0958 63
0.0959 64
0.096 63
0.0961 61
0.0962 55
0.0963 59
0.0964 54
0.0965 58
0.0966 62
0.0967 61
0.0968 58
0.0969 62
0.097 67
0.0971 74
0.0972 75
0.0973 79
0.0974 90
0.0975 98
0.0976 99
0.0977 108
0.0978 109
0.0979 115
0.098 122
0.0981 121
0.0982 122
0.0983 126
0.0984 134
0.0985 139
0.0986 138
0.0987 138
0.0988 134
0.0989 126
0.099 123
0.0991 125
0.0992 121
0.0993 112
0.0994 116
0.0995 118
0.0996 122
0.0997 123
0.0998 123
0.0999 125
0.1 133
0.1001 139
0.1002 138
0.1003 143
0.1004 151
0.1005 157
0.1006 150
0.1007 144
0.1008 140
0.1009 145
0.101 148
0.1011 151
0.1012 142
0.1013 138
0.1014 134
0.1015 130
0.1016 135
0.1017 138
0.1018 134
0.1019 139
0.102 149
0.1021 150
0.1022 152
0.1023 152
0.1024 149
0.1025 153
0.1026 156
0.1027 155
0.1028 154
0.1029 155
0.103 163
0.1031 172
0.1032 174
0.1033 180
0.1034 180
0.1035 175
0.1036 175
0.1037 174
0.1038 180
0.1039 173
0.104 168
0.1041 164
0.1042 155
0.1043 148
0.1044 144
0.1045 137
0.1046 130
0.1047 125
0.1048 116
0.1049 109
0.105 108
0.1051 100
0.1052 91
0.1053 86
0.1054 67
0.1055 53
0.1056 38
0.1057 24
0.1058 11
0.1059 3
0.106 2
0.1061 3
0.1062 4
0.1063 5
0.1064 7
0.1065 7
0.1066 2
0.1067 3
0.1068 5
0.1069 3
0.107 6
0.1071 6
0.1072 3
0.1073 5
0.1074 2
0.1075 3
0.1076 3
0.1077 0
0.1078 1
0.1079 0
0.108 2
0.1081 3
0.1082 5
0.1083 0
0.1084 2
0.1085 2
0.1086 1
0.1087 1
0.1088 2
0.1089 0
0.109 2
0.1091 1
0.1092 1
0.1093 3
0.1094 3
0.1095 0
0.1096 2
0.1097 2
0.1098 0
0.1099 0
0.11 2
0.1101 0
0.1102 1
0.1103 1
0.1104 2
0.1105 1
0.1106 1
0.1107 2
0.1108 0
0.1109 1
0.111 0
0.1111 0
0.1112 1
0.1113 1
0.1114 0
0.1115 2
0.1116 1
0.1117 0
0.1118 2
0.1119 1
0.112 1
0.1121 2
0.1122 0
0.1123 0
0.1124 1
0.1125 1
0.1126 1
0.1127 1
0.1128 0
0.1129 3
0.113 0
0.1131 3
0.1132 1
0.1133 0
0.1134 3
0.1135 2
0.1136 5
0.1137 1
0.1138 0
0.1139 3
0.114 2
0.1141 0
0.1142 1
0.1143 0
0.1144 2
0.1145 0
0.1146 1
0.1147 1
0.1148 0
0.1149 2
0.115 1
0.1151 4
0.1152 2
0.1153 2
0.1154 3
0.1155 3
0.1156 5
0.1157 3
0.1158 2
0.1159 1
0.116 2
0.1161 3
0.1162 2
0.1163 1
0.1164 2
0.1165 3
0.1166 0
0.1167 3
0.1168 3
0.1169 3
0.117 1
0.1171 4
0.1172 1
0.1173 4
0.1174 5
0.1175 1
0.1176 1
0.1177 4
0.1178 1
0.1179 2
0.118 3
0.1181 3
0.1182 2
0.1183 0
0.1184 3
0.1185 3
0.1186 6
0.1187 5
0.1188 1
0.1189 3
0.119 1
0.1191 3
0.1192 1
0.1193 3
0.1194 1
0.1195 1
0.1196 4
0.1197 3
0.1198 2
0.1199 3
0.12 2
0.1201 3
0.1202 3
0.1203 4
0.1204 5
0.1205 4
0.1206 3
0.1207 4
0.1208 3
0.1209 2
0.121 2
0.1211 4
0.1212 8
0.1213 5
0.1214 1
0.1215 2
0.1216 3
0.1217 4
0.1218 2
0.1219 1
0.122 5
0.1221 8
0.1222 3
0.1223 6
0.1224 4
0.1225 7
0.1226 9
0.1227 4
0.1228 4
0.1229 7
0.123 4
0.1231 7
0.1232 5
0.1233 5
0.1234 5
0.1235 9
0.1236 7
0.1237 9
0.1238 7
0.1239 7
0.124 15
0.1241 7
0.1242 11
0.1243 11
0.1244 10
0.1245 9
0.1246 7
0.1247 13
0.1248 6
0.1249 14
0.125 10
0.1251 18
0.1252 22
0.1253 11
0.1254 16
0.1255 18
0.1256 22
0.1257 12
0.1258 13
0.1259 10
0.126 19
0.1261 20
0.1262 19
0.1263 22
0.1264 18
0.1265 20
0.1266 20
0.1267 23
0.1268 20
0.1269 27
0.127 31
0.1271 42
0.1272 43
0.1273 47
0.1274 59
0.1275 89
0.1276 104
0.1277 140
0.1278 162
0.1279 188
0.128 211
0.1281 248
0.1282 284
0.1283 311
0.1284 338
0.1285 367
0.1286 381
0.1287 401
0.1288 403
0.1289 440
0.129 461
0.1291 493
0.1292 529
0.1293 553
0.1294 576
0.1295 579
0.1296 588
0.1297 601
0.1298 618
0.1299 626
0.13 644
0.1301 657
0.1302 674
0.1303 693
0.1304 719
0.1305 737
0.1306 757
0.1307 771
0.1308 780
0.1309 797
0.131 821
0.1311 839
0.1312 852
0.1313 867
0.1314 887
0.1315 898
0.1316 907
0.1317 924
0.1318 936
0.1319 948
0.132 953
0.1321 963
0.1322 971
0.1323 986
0.1324 991
0.1325 998
0.1326 1004
0.1327 1012
0.1328 1016
0.1329 1030
0.133 1039
0.1331 1045
0.1332 1062
0.1333 1066
0.1334 1071
0.1335 1073
0.1336 1076
0.1337 1076
0.1338 1084
0.1339 1092
0.134 1101
0.1341 1110
0.1342 1112
0.1343 1123
0.1344 1134
0.1345 1138
0.1346 1139
0.1347 1136
0.1348 1134
0.1349 1134
0.135 1142
0.1351 1145
0.1352 1140
0.1353 1138
0.1354 1133
0.1355 1124
0.1356 1128
0.1357 1131
0.1358 1131
0.1359 1133
0.136 1135
0.1361 1137
0.1362 1138
0.1363 1132
0.1364 1132
0.1365 1129
0.1366 1134
0.1367 1129
0.1368 1127
0.1369 1133
0.137 1133
0.1371 1129
0.1372 1125
0.1373 1127
0.1374 1121
0.1375 1119
0.1376 1112
0.1377 1105
0.1378 1098
0.1379 1107
0.138 1106
0.1381 1110
0.1382 1110
0.1383 1109
0.1384 1096
0.1385 1091
0.1386 1091
0.1387 1092
0.1388 1081
0.1389 1081
0.139 1075
0.1391 1069
0.1392 1072
0.1393 1072
0.1394 1067
0.1395 1058
0.1396 1062
0.1397 1066
0.1398 1063
0.1399 1062
0.14 1054
0.1401 1052
0.1402 1039
0.1403 1021
0.1404 1020
0.1405 1009
0.1406 1014
0.1407 1014
0.1408 1009
0.1409 1007
0.141 1006
0.1411 1001
0.1412 994
0.1413 993
0.1414 984
0.1415 984
0.1416 976
0.1417 964
0.1418 959
0.1419 951
0.142 942
0.1421 928
0.1422 921
0.1423 911
0.1424 911
0.1425 896
0.1426 885
0.1427 891
0.1428 886
0.1429 863
0.143 854
0.1431 848
0.1432 840
0.1433 838
0.1434 842
0.1435 847
0.1436 845
0.1437 841
0.1438 842
0.1439 844
0.144 838
0.1441 837
0.1442 830
0.1443 828
0.1444 831
0.1445 837
0.1446 840
0.1447 837
0.1448 828
0.1449 816
0.145 812
0.1451 800
0.1452 797
0.1453 797
0.1454 802
0.1455 807
0.1456 803
0.1457 800
0.1458 800
0.1459 805
0.146 806
0.1461 807
0.1462 803
0.1463 797
0.1464 797
0.1465 787
0.1466 786
0.1467 788
0.1468 795
0.1469 796
0.147 791
0.1471 789
0.1472 778
0.1473 780
0.1474 773
0.1475 770
0.1476 764
0.1477 767
0.1478 764
0.1479 763
0.148 752
0.1481 744
0.1482 745
0.1483 747
0.1484 736
0.1485 728
0.1486 726
0.1487 718
0.1488 718
0.1489 713
0.149 715
0.1491 714
0.1492 705
0.1493 696
0.1494 691
0.1495 687
0.1496 687
0.1497 694
0.1498 694
0.1499 692
0.15 691
0.1501 686
0.1502 688
0.1503 686
0.1504 683
0.1505 670
0.1506 657
0.1507 646
0.1508 639
0.1509 632
0.151 622
0.1511 619
0.1512 623
0.1513 617
0.1514 620
0.1515 611
0.1516 602
0.1517 592
0.1518 587
0.1519 575
0.152 574
0.1521 574
0.1522 575
0.1523 573
0.1524 566
0.1525 565
0.1526 554
0.1527 549
0.1528 549
0.1529 542
0.153 540
0.1531 535
0.1532 540
0.1533 544
0.1534 550
0.1535 555
0.1536 548
0.1537 546
0.1538 544
0.1539 540
0.154 542
0.1541 541
0.1542 540
0.1543 539
0.1544 534
0.1545 535
0.1546 524
0.1547 524
0.1548 527
0.1549 528
0.155 526
0.1551 517
0.1552 518
0.1553 516
0.1554 515
0.1555 508
0.1556 506
0.1557 498
0.1558 498
0.1559 501
0.156 500
0.1561 485
0.1562 483
0.1563 483
0.1564 484
0.1565 484
0.1566 480
0.1567 472
0.1568 461
0.1569 456
0.157 445
0.1571 445
0.1572 441
0.1573 434
0.1574 434
0.1575 430
0.1576 423
0.1577 413
0.1578 411
0.1579 420
0.158 417
0.1581 410
0.1582 415
0.1583 415
0.1584 417
0.1585 412
0.1586 402
0.1587 394
0.1588 396
0.1589 395
0.159 392
0.1591 384
0.1592 384
0.1593 382
0.1594 382
0.1595 382
0.1596 383
0.1597 381
0.1598 378
0.1599 373
0.16 369
0.1601 365
0.1602 366
0.1603 368
0.1604 365
0.1605 364
0.1606 358
0.1607 354
0.1608 354
0.1609 357
0.161 361
0.1611 370
0.1612 375
0.1613 377
0.1614 380
0.1615 382
0.1616 389
0.1617 394
0.1618 399
0.1619 392
0.162 394
0.1621 392
0.1622 393
0.1623 387
0.1624 388
0.1625 388
0.1626 388
0.1627 388
0.1628 388
0.1629 392
0.163 398
0.1631 397
0.1632 397
0.1633 396
0.1634 390
0.1635 394
0.1636 394
0.1637 393
0.1638 392
0.1639 395
0.164 396
0.1641 396
0.1642 389
0.1643 381
0.1644 380
0.1645 376
0.1646 368
0.1647 365
0.1648 364
0.1649 368
0.165 367
0.1651 362
0.1652 368
0.1653 363
0.1654 360
0.1655 355
0.1656 357
0.1657 353
0.1658 347
0.1659 345
0.166 343
0.1661 339
0.1662 338
0.1663 336
0.1664 339
0.1665 336
0.1666 322
0.1667 320
0.1668 322
0.1669 319
0.167 309
0.1671 311
0.1672 315
0.1673 321
0.1674 312
0.1675 308
0.1676 296
0.1677 270
0.1678 258
0.1679 261
0.168 255
0.1681 252
0.1682 248
0.1683 241
0.1684 237
0.1685 238
0.1686 242
0.1687 239
0.1688 236
0.1689 240
0.169 237
0.1691 223
0.1692 220
0.1693 208
0.1694 206
0.1695 214
0.1696 219
0.1697 222
0.1698 229
0.1699 230
0.17 229
0.1701 233
0.1702 237
0.1703 238
0.1704 249
0.1705 254
0.1706 253
0.1707 251
0.1708 225
0.1709 199
0.171 187
0.1711 170
0.1712 169
0.1713 161
0.1714 163
0.1715 159
0.1716 157
0.1717 160
0.1718 160
0.1719 162
0.172 164
0.1721 164
0.1722 167
0.1723 159
0.1724 161
0.1725 164
0.1726 169
0.1727 170
0.1728 172
0.1729 175
0.173 179
0.1731 176
0.1732 174
0.1733 177
0.1734 179
0.1735 179
0.1736 184
0.1737 181
0.1738 185
0.1739 187
0.174 196
0.1741 197
0.1742 198
0.1743 201
0.1744 203
0.1745 206
0.1746 212
0.1747 214
0.1748 209
0.1749 201
0.175 202
0.1751 201
0.1752 197
0.1753 195
0.1754 191
0.1755 183
0.1756 176
0.1757 173
0.1758 167
0.1759 160
0.176 160
0.1761 159
0.1762 160
0.1763 164
0.1764 161
0.1765 162
0.1766 159
0.1767 164
0.1768 168
0.1769 170
0.177 172
0.1771 172
0.1772 178
0.1773 176
0.1774 173
0.1775 171
0.1776 168
0.1777 168
0.1778 170
0.1779 172
0.178 172
0.1781 168
0.1782 179
0.1783 180
0.1784 181
0.1785 179
0.1786 175
0.1787 169
0.1788 169
0.1789 166
0.179 159
0.1791 154
0.1792 154
0.1793 147
0.1794 151
0.1795 153
0.1796 153
0.1797 150
0.1798 145
0.1799 156
0.18 164
0.1801 162
0.1802 162
0.1803 162
0.1804 162
0.1805 162
0.1806 168
0.1807 174
0.1808 173
0.1809 162
0.181 161
0.1811 165
0.1812 164
0.1813 160
0.1814 150
0.1815 148
0.1816 144
0.1817 142
0.1818 132
0.1819 125
0.182 116
0.1821 115
0.1822 109
0.1823 102
0.1824 98
0.1825 104
0.1826 104
0.1827 104
0.1828 111
0.1829 114
0.183 112
0.1831 121
0.1832 123
0.1833 128
0.1834 137
0.1835 138
0.1836 133
0.1837 126
0.1838 120
0.1839 115
0.184 119
0.1841 113
0.1842 108
0.1843 106
0.1844 116
0.1845 122
0.1846 126
0.1847 128
0.1848 127
0.1849 125
0.185 134
0.1851 138
0.1852 136
0.1853 135
0.1854 132
0.1855 127
0.1856 123
0.1857 126
0.1858 122
0.1859 116
0.186 119
0.1861 118
0.1862 119
0.1863 122
0.1864 126
0.1865 136
0.1866 146
0.1867 149
0.1868 155
0.1869 152
0.187 152
0.1871 153
0.1872 152
0.1873 151
0.1874 152
0.1875 159
0.1876 154
0.1877 151
0.1878 148
0.1879 145
0.188 143
0.1881 147
0.1882 149
0.1883 149
0.1884 155
0.1885 158
0.1886 161
0.1887 159
0.1888 162
0.1889 163
0.189 164
0.1891 168
0.1892 163
0.1893 161
0.1894 158
0.1895 157
0.1896 161
0.1897 160
0.1898 155
0.1899 157
0.19 159
0.1901 159
0.1902 164
0.1903 162
0.1904 166
0.1905 168
0.1906 168
0.1907 167
0.1908 169
0.1909 164
0.191 167
0.1911 171
0.1912 169
0.1913 160
0.1914 157
0.1915 155
0.1916 162
0.1917 161
0.1918 154
0.1919 160
0.192 162
0.1921 161
0.1922 158
0.1923 158
0.1924 159
0.1925 154
0.1926 157
0.1927 163
0.1928 166
0.1929 171
0.193 172
0.1931 171
0.1932 171
0.1933 166
0.1934 165
0.1935 165
0.1936 163
0.1937 166
0.1938 160
0.1939 155
0.194 151
0.1941 152
0.1942 149
0.1943 150
0.1944 151
0.1945 151
0.1946 152
0.1947 149
0.1948 143
0.1949 147
0.195 140
0.1951 136
0.1952 136
0.1953 131
0.1954 134
0.1955 128
0.1956 123
0.1957 109
0.1958 98
0.1959 93
0.196 90
0.1961 83
0.1962 86
0.1963 81
0.1964 74
0.1965 69
0.1966 68
0.1967 68
0.1968 65
0.1969 66
0.197 69
0.1971 71
0.1972 78
0.1973 84
0.1974 87
0.1975 89
0.1976 89
0.1977 94
0.1978 96
0.1979 95
0.198 95
0.1981 92
0.1982 92
0.1983 92
0.1984 99
0.1985 100
0.1986 106
0.1987 102
0.1988 105
0.1989 103
0.199 95
0.1991 87
0.1992 83
0.1993 81
0.1994 78
0.1995 76
0.1996 73
0.1997 73
0.1998 71
0.1999 65
0.2 69
0.2001 74
0.2002 68
0.2003 67
0.2004 62
0.2005 61
0.2006 58
0.2007 54
0.2008 57
0.2009 54
0.201 56
0.2011 57
0.2012 63
0.2013 61
0.2014 59
0.2015 54
0.2016 59
0.2017 60
0.2018 63
0.2019 61
0.202 49
0.2021 46
0.2022 44
0.2023 44
0.2024 43
0.2025 39
0.2026 23
0.2027 17
0.2028 16
0.2029 17
0.203 8
0.2031 9
0.2032 2
0.2033 7
0.2034 7
0.2035 2
0.2036 3
0.2037 3
0.2038 3
0.2039 3
0.204 2
0.2041 1
0.2042 2
0.2043 4
0.2044 1
0.2045 2
0.2046 1
0.2047 2
0.2048 3
0.2049 2
0.205 4
0.2051 1
0.2052 1
0.2053 0
0.2054 0
0.2055 1
0.2056 0
0.2057 1
0.2058 2
0.2059 0
0.206 2
0.2061 1
0.2062 1
0.2063 1
0.2064 2
0.2065 1
0.2066 3
0.2067 1
0.2068 0
0.2069 1
0.207 1
0.2071 1
0.2072 2
0.2073 1
0.2074 1
0.2075 3
0.2076 2
0.2077 1
0.2078 2
0.2079 1
0.208 0
0.2081 1
0.2082 1
0.2083 3
0.2084 3
0.2085 2
0.2086 2
0.2087 3
0.2088 2
0.2089 2
0.209 4
0.2091 4
0.2092 1
0.2093 1
0.2094 1
0.2095 1
0.2096 1
0.2097 2
0.2098 3
0.2099 3
0.21 1
0.2101 1
0.2102 0
0.2103 1
0.2104 2
0.2105 1
0.2106 0
0.2107 2
0.2108 1
0.2109 1
0.211 1
0.2111 0
0.2112 0
0.2113 3
0.2114 3
0.2115 3
0.2116 2
0.2117 2
0.2118 0
0.2119 0
0.212 1
0.2121 0
0.2122 2
0.2123 1
0.2124 2
0.2125 0
0.2126 1
0.2127 0
0.2128 1
0.2129 1
0.213 1
0.2131 1
0.2132 1
0.2133 0
0.2134 1
0.2135 2
0.2136 4
0.2137 1
0.2138 1
0.2139 5
0.214 1
0.2141 1
0.2142 2
0.2143 3
0.2144 1
0.2145 4
0.2146 1
0.2147 2
0.2148 2
0.2149 4
0.215 3
0.2151 2
0.2152 3
0.2153 0
0.2154 1
0.2155 4
0.2156 5
0.2157 3
0.2158 2
0.2159 2
0.216 2
0.2161 7
0.2162 2
0.2163 2
0.2164 2
0.2165 2
0.2166 4
0.2167 4
0.2168 2
0.2169 6
0.217 7
0.2171 5
0.2172 2
0.2173 1
0.2174 1
0.2175 5
0.2176 7
0.2177 3
0.2178 4
0.2179 3
0.218 3
0.2181 0
0.2182 6
0.2183 8
0.2184 6
0.2185 5
0.2186 3
0.2187 6
0.2188 1
0.2189 7
0.219 5
0.2191 0
0.2192 3
0.2193 5
0.2194 8
0.2195 3
0.2196 9
0.2197 3
0.2198 5
0.2199 1
0.22 6
0.2201 5
0.2202 7
0.2203 7
0.2204 4
0.2205 8
0.2206 6
0.2207 6
0.2208 10
0.2209 8
0.221 2
0.2211 6
0.2212 10
0.2213 6
0.2214 9
0.2215 13
0.2216 10
0.2217 4
0.2218 8
0.2219 4
0.222 7
0.2221 12
0.2222 14
0.2223 6
0.2224 10
0.2225 3
0.2226 2
0.2227 3
0.2228 8
0.2229 13
0.223 11
0.2231 11
0.2232 11
0.2233 11
0.2234 6
0.2235 8
0.2236 11
0.2237 12
0.2238 13
0.2239 10
0.224 9
0.2241 9
0.2242 15
0.2243 15
0.2244 13
0.2245 9
0.2246 14
0.2247 12
0.2248 17
0.2249 17
0.225 18
0.2251 15
0.2252 12
0.2253 21
0.2254 19
0.2255 15
0.2256 20
0.2257 26
0.2258 27
0.2259 24
0.226 27
0.2261 42
0.2262 46
0.2263 64
0.2264 85
0.2265 100
0.2266 120
0.2267 155
0.2268 189
0.2269 223
0.227 266
0.2271 297
0.2272 316
0.2273 362
0.2274 404
0.2275 440
0.2276 467
0.2277 494
0.2278 539
0.2279 575
0.228 626
0.2281 672
0.2282 716
0.2283 746
0.2284 768
0.2285 797
0.2286 821
0.2287 854
0.2288 890
0.2289 918
0.229 957
0.2291 975
0.2292 994
0.2293 1001
0.2294 1018
0.2295 1035
0.2296 1052
0.2297 1086
0.2298 1100
0.2299 1109
0.23 1117
0.2301 1136
0.2302 1154
0.2303 1155
0.2304 1171
0.2305 1188
0.2306 1195
0.2307 1205
0.2308 1217
0.2309 1232
0.231 1251
0.2311 1262
0.2312 1266
0.2313 1274
0.2314 1267
0.2315 1273
0.2316 1292
0.2317 1295
0.2318 1294
0.2319 1297
0.232 1302
0.2321 1315
0.2322 1319
0.2323 1321
0.2324 1326
0.2325 1326
0.2326 1322
0.2327 1326
0.2328 1323
0.2329 1318
0.233 1320
0.2331 1314
0.2332 1313
0.2333 1324
0.2334 1323
0.2335 1327
0.2336 1328
0.2337 1336
0.2338 1343
0.2339 1353
0.234 1349
0.2341 1350
0.2342 1354
0.2343 1352
0.2344 1345
0.2345 1344
0.2346 1348
0.2347 1356
0.2348 1358
0.2349 1364
0.235 1363
0.2351 1363
0.2352 1370
0.2353 1368
0.2354 1370
0.2355 1363
0.2356 1360
0.2357 1361
0.2358 1359
0.2359 1351
0.236 1344
0.2361 1350
0.2362 1350
0.2363 1342
0.2364 1338
0.2365 1331
0.2366 1332
0.2367 1328
0.2368 1326
0.2369 1326
0.237 1321
0.2371 1320
0.2372 1312
0.2373 1312
0.2374 1304
0.2375 1299
0.2376 1290
0.2377 1282
0.2378 1279
0.2379 1280
0.238 1279
0.2381 1266
0.2382 1264
0.2383 1264
0.2384 1269
0.2385 1269
0.2386 1269
0.2387 1270
0.2388 1268
0.2389 1259
0.239 1254
0.2391 1251
0.2392 1253
0.2393 1249
0.2394 1241
0.2395 1228
0.2396 1226
0.2397 1221
0.2398 1219
0.2399 1217
0.24 1209
0.2401 1211
0.2402 1206
0.2403 1198
0.2404 1196
0.2405 1194
0.2406 1181
0.2407 1176
0.2408 1178
0.2409 1170
0.241 1155
0.2411 1151
0.2412 1146
0.2413 1140
0.2414 1128
0.2415 1120
0.2416 1116
0.2417 1110
0.2418 1109
0.2419 1106
0.242 1102
0.2421 1099
0.2422 1095
0.2423 1093
0.2424 1092
0.2425 1089
0.2426 1087
0.2427 1078
0.2428 1073
0.2429 1070
0.243 1062
0.2431 1061
0.2432 1066
0.2433 1057
0.2434 1047
0.2435 1044
0.2436 1046
0.2437 1050
0.2438 1049
0.2439 1049
0.244 1050
0.2441 1046
0.2442 1043
0.2443 1043
0.2444 1046
0.2445 1042
0.2446 1036
0.2447 1029
0.2448 1028
0.2449 1022
0.245 1017
0.2451 1015
0.2452 1012
0.2453 1003
0.2454 998
0.2455 996
0.2456 986
0.2457 988
0.2458 982
0.2459 970
0.246 971
0.2461 967
0.2462 958
0.2463 940
0.2464 938
0.2465 928
0.2466 931
0.2467 933
0.2468 926
0.2469 921
0.247 912
0.2471 906
0.2472 902
0.2473 892
0.2474 884
0.2475 878
0.2476 867
0.2477 863
0.2478 867
0.2479 867
0.248 872
0.2481 867
0.2482 860
0.2483 858
0.2484 852
0.2485 844
0.2486 840
0.2487 834
0.2488 829
0.2489 830
0.249 825
0.2491 823
0.2492 824
0.2493 830
0.2494 827
0.2495 824
0.2496 820
0.2497 826
0.2498 825
0.2499 823
0.25 816
