0 665
0.01 621
0.02 587
0.03 549
0.04 522
0.05 508
0.06 488
0.07 472
0.08 451
0.09 431
0.1 416
0.11 399
0.12 390
0.13 373
0.14 368
0.15 359
0.16 346
0.17 333
0.18 323
0.19 306
0.2 298
0.21 285
0.22 276
0.23 264
0.24 253
0.25 246
0.26 240
0.27 232
0.28 228
0.29 218
0.3 217
0.31 211
0.32 205
0.33 199
0.34 193
0.35 192
0.36 185
0.37 183
0.38 178
0.39 173
0.4 167
0.41 163
0.42 159
0.43 154
0.44 149
0.45 148
0.46 144
0.47 142
0.48 137
0.49 132
0.5 128
0.51 126
0.52 123
0.53 119
0.54 115
0.55 108
0.56 101
0.57 98
0.58 96
0.59 93
0.6 92
0.61 89
0.62 86
0.63 85
0.64 82
0.65 81
0.66 79
0.67 76
0.68 76
0.69 74
0.7 72
0.71 68
0.72 68
0.73 70
0.74 69
0.75 67
0.76 67
0.77 66
0.78 64
0.79 62
0.8 61
0.81 59
0.82 60
0.83 58
0.84 58
0.85 55
0.86 51
0.87 51
0.88 51
0.89 51
0.9 51
0.91 48
0.92 44
0.93 43
0.94 40
0.95 40
0.96 39
0.97 37
0.98 38
0.99 37
1 37
1.01 34
1.02 33
1.03 31
1.04 32
1.05 30
1.06 30
1.07 29
1.08 29
1.09 28
1.1 28
1.11 27
1.12 25
1.13 22
1.14 21
1.15 22
1.16 21
1.17 20
1.18 20
1.19 18
1.2 17
1.21 17
1.22 17
1.23 18
1.24 18
1.25 15
1.26 14
1.27 14
1.28 15
1.29 15
1.3 15
1.31 16
1.32 14
1.33 14
1.34 14
1.35 14
1.36 16
1.37 16
1.38 17
1.39 16
1.4 16
1.41 15
1.42 15
1.43 16
1.44 16
1.45 18
1.46 18
1.47 18
1.48 18
1.49 18
1.5 18
1.51 18
1.52 17
1.53 16
1.54 15
1.55 15
1.56 16
1.57 16
1.58 15
1.59 14
1.6 15
1.61 14
1.62 15
1.63 15
1.64 15
1.65 16
1.66 14
1.67 13
1.68 14
1.69 13
1.7 13
1.71 13
1.72 11
1.73 11
1.74 11
1.75 12
1.76 9
1.77 9
1.78 8
1.79 8
1.8 7
1.81 6
1.82 8
1.83 7
1.84 5
1.85 5
1.86 5
1.87 5
1.88 4
1.89 5
1.9 6
1.91 6
1.92 3
1.93 6
1.94 5
1.95 4
1.96 5
1.97 5
1.98 5
1.99 5
2 6
