0 665
0.01 615
0.02 584
0.03 562
0.04 536
0.05 515
0.06 498
0.07 483
0.08 466
0.09 452
0.1 442
0.11 422
0.12 415
0.13 402
0.14 390
0.15 375
0.16 363
0.17 352
0.18 337
0.19 329
0.2 319
0.21 311
0.22 304
0.23 291
0.24 279
0.25 269
0.26 262
0.27 251
0.28 239
0.29 234
0.3 223
0.31 216
0.32 208
0.33 200
0.34 195
0.35 188
0.36 184
0.37 178
0.38 173
0.39 168
0.4 160
0.41 149
0.42 147
0.43 143
0.44 143
0.45 138
0.46 136
0.47 134
0.48 132
0.49 120
0.5 116
0.51 112
0.52 103
0.53 99
0.54 95
0.55 94
0.56 93
0.57 89
0.58 88
0.59 82
0.6 83
0.61 80
0.62 79
0.63 74
0.64 73
0.65 72
0.66 71
0.67 71
0.68 71
0.69 71
0.7 72
0.71 71
0.72 69
0.73 68
0.74 66
0.75 60
0.76 59
0.77 57
0.78 57
0.79 57
0.8 57
0.81 54
0.82 53
0.83 52
0.84 50
0.85 49
0.86 51
0.87 51
0.88 51
0.89 50
0.9 49
0.91 49
0.92 48
0.93 46
0.94 41
0.95 40
0.96 38
0.97 37
0.98 38
0.99 37
1 36
1.01 34
1.02 34
1.03 32
1.04 31
1.05 31
1.06 32
1.07 30
1.08 29
1.09 28
1.1 26
1.11 25
1.12 23
1.13 23
1.14 23
1.15 22
1.16 20
1.17 22
1.18 21
1.19 21
1.2 21
1.21 19
1.22 19
1.23 18
1.24 18
1.25 17
1.26 16
1.27 17
1.28 17
1.29 17
1.3 16
1.31 16
1.32 15
1.33 13
1.34 12
1.35 11
1.36 11
1.37 11
1.38 11
1.39 11
1.4 10
1.41 11
1.42 11
1.43 11
1.44 12
1.45 12
1.46 11
1.47 9
1.48 8
1.49 7
1.5 7
1.51 7
1.52 8
1.53 9
1.54 8
1.55 9
1.56 9
1.57 10
1.58 8
1.59 8
1.6 7
1.61 8
1.62 7
1.63 7
1.64 7
1.65 6
1.66 8
1.67 7
1.68 7
1.69 6
1.7 7
1.71 8
1.72 8
1.73 6
1.74 5
1.75 6
1.76 7
1.77 6
1.78 7
1.79 8
1.8 8
1.81 9
1.82 8
1.83 8
1.84 11
1.85 11
1.86 12
1.87 13
1.88 12
1.89 13
1.9 13
1.91 12
1.92 13
1.93 11
1.94 11
1.95 10
1.96 11
1.97 10
1.98 9
1.99 8
2 8
