0 0
0.0001 0
0.0002 1
0.0003 2
0.0004 10
0.0005 12
0.0006 23
0.0007 25
0.0008 33
0.0009 37
0.001 44
0.0011 51
0.0012 54
0.0013 57
0.0014 59
0.0015 62
0.0016 68
0.0017 71
0.0018 89
0.0019 100
0.002 110
0.0021 112
0.0022 120
0.0023 121
0.0024 125
0.0025 151
0.0026 165
0.0027 181
0.0028 205
0.0029 236
0.003 280
0.0031 316
0.0032 358
0.0033 404
0.0034 441
0.0035 483
0.0036 534
0.0037 595
0.0038 649
0.0039 713
0.004 783
0.0041 850
0.0042 884
0.0043 932
0.0044 989
0.0045 1042
0.0046 1065
0.0047 1093
0.0048 1125
0.0049 1154
0.005 1189
0.0051 1224
0.0052 1257
0.0053 1295
0.0054 1320
0.0055 1334
0.0056 1357
0.0057 1367
0.0058 1380
0.0059 1382
0.006 1383
0.0061 1383
0.0062 1394
0.0063 1413
0.0064 1428
0.0065 1451
0.0066 1473
0.0067 1496
0.0068 1506
0.0069 1532
0.007 1532
0.0071 1552
0.0072 1577
0.0073 1591
0.0074 1601
0.0075 1624
0.0076 1651
0.0077 1679
0.0078 1693
0.0079 1700
0.008 1710
0.0081 1743
0.0082 1755
0.0083 1765
0.0084 1787
0.0085 1801
0.0086 1816
0.0087 1833
0.0088 1855
0.0089 1871
0.009 1893
0.0091 1909
0.0092 1926
0.0093 1933
0.0094 1926
0.0095 1951
0.0096 1947
0.0097 1922
0.0098 1917
0.0099 1904
0.01 1895
0.0101 1901
0.0102 1892
0.0103 1886
0.0104 1896
0.0105 1889
0.0106 1878
0.0107 1871
0.0108 1863
0.0109 1856
0.011 1851
0.0111 1849
0.0112 1843
0.0113 1854
0.0114 1830
0.0115 1812
0.0116 1829
0.0117 1823
0.0118 1820
0.0119 1823
0.012 1812
0.0121 1798
0.0122 1789
0.0123 1792
0.0124 1787
0.0125 1786
0.0126 1787
0.0127 1783
0.0128 1776
0.0129 1788
0.013 1782
0.0131 1759
0.0132 1756
0.0133 1750
0.0134 1722
0.0135 1714
0.0136 1712
0.0137 1705
0.0138 1719
0.0139 1727
0.014 1746
0.0141 1732
0.0142 1714
0.0143 1706
0.0144 1708
0.0145 1705
0.0146 1704
0.0147 1686
0.0148 1656
0.0149 1641
0.015 1644
0.0151 1654
0.0152 1666
0.0153 1675
0.0154 1699
0.0155 1717
0.0156 1710
0.0157 1708
0.0158 1713
0.0159 1685
0.016 1687
0.0161 1642
0.0162 1630
0.0163 1616
0.0164 1612
0.0165 1612
0.0166 1586
0.0167 1569
0.0168 1544
0.0169 1538
0.017 1525
0.0171 1536
0.0172 1548
0.0173 1560
0.0174 1549
0.0175 1555
0.0176 1532
0.0177 1507
0.0178 1510
0.0179 1485
0.018 1482
0.0181 1437
0.0182 1435
0.0183 1428
0.0184 1441
0.0185 1416
0.0186 1429
0.0187 1412
0.0188 1435
0.0189 1447
0.019 1415
0.0191 1415
0.0192 1407
0.0193 1390
0.0194 1391
0.0195 1386
0.0196 1342
0.0197 1339
0.0198 1300
0.0199 1263
0.02 1232
0.0201 1220
0.0202 1201
0.0203 1183
0.0204 1168
0.0205 1149
0.0206 1128
0.0207 1121
0.0208 1105
0.0209 1071
0.021 1053
0.0211 1040
0.0212 1017
0.0213 993
0.0214 979
0.0215 965
0.0216 954
0.0217 917
0.0218 866
0.0219 847
0.022 836
0.0221 821
0.0222 813
0.0223 792
0.0224 773
0.0225 736
0.0226 719
0.0227 695
0.0228 667
0.0229 657
0.023 632
0.0231 612
0.0232 610
0.0233 593
0.0234 575
0.0235 560
0.0236 548
0.0237 531
0.0238 528
0.0239 541
0.024 529
0.0241 512
0.0242 475
0.0243 475
0.0244 484
0.0245 473
0.0246 489
0.0247 470
0.0248 469
0.0249 487
0.025 483
0.0251 473
0.0252 500
0.0253 491
0.0254 492
0.0255 502
0.0256 493
0.0257 499
0.0258 478
0.0259 471
0.026 475
0.0261 461
0.0262 456
0.0263 443
0.0264 423
0.0265 406
0.0266 377
0.0267 347
0.0268 329
0.0269 299
0.027 254
0.0271 235
0.0272 214
0.0273 187
0.0274 171
0.0275 144
0.0276 140
0.0277 133
0.0278 123
0.0279 122
0.028 124
0.0281 86
0.0282 85
0.0283 81
0.0284 73
0.0285 66
0.0286 55
0.0287 52
0.0288 50
0.0289 37
0.029 30
0.0291 13
0.0292 9
0.0293 2
0.0294 4
0.0295 4
0.0296 4
0.0297 1
0.0298 1
0.0299 2
0.03 0
0.0301 2
0.0302 1
0.0303 0
0.0304 0
0.0305 2
0.0306 0
0.0307 1
0.0308 1
0.0309 2
0.031 0
0.0311 1
0.0312 0
0.0313 1
0.0314 0
0.0315 1
0.0316 1
0.0317 1
0.0318 1
0.0319 0
0.032 0
0.0321 0
0.0322 0
0.0323 0
0.0324 0
0.0325 0
0.0326 0
0.0327 0
0.0328 0
0.0329 0
0.033 1
0.0331 1
0.0332 0
0.0333 0
0.0334 0
0.0335 2
0.0336 1
0.0337 1
0.0338 1
0.0339 2
0.034 0
0.0341 0
0.0342 0
0.0343 2
0.0344 1
0.0345 0
0.0346 0
0.0347 0
0.0348 0
0.0349 0
0.035 1
0.0351 0
0.0352 0
0.0353 0
0.0354 0
0.0355 0
0.0356 0
0.0357 0
0.0358 0
0.0359 0
0.036 1
0.0361 0
0.0362 0
0.0363 1
0.0364 3
0.0365 0
0.0366 0
0.0367 0
0.0368 0
0.0369 0
0.037 0
0.0371 0
0.0372 0
0.0373 0
0.0374 0
0.0375 1
0.0376 1
0.0377 1
0.0378 1
0.0379 0
0.038 0
0.0381 0
0.0382 0
0.0383 1
0.0384 0
0.0385 2
0.0386 0
0.0387 0
0.0388 0
0.0389 0
0.039 1
0.0391 4
0.0392 1
0.0393 3
0.0394 2
0.0395 1
0.0396 0
0.0397 2
0.0398 1
0.0399 1
0.04 2
0.0401 1
0.0402 0
0.0403 0
0.0404 0
0.0405 0
0.0406 0
0.0407 1
0.0408 1
0.0409 0
0.041 1
0.0411 0
0.0412 0
0.0413 0
0.0414 0
0.0415 0
0.0416 0
0.0417 0
0.0418 1
0.0419 2
0.042 0
0.0421 0
0.0422 0
0.0423 0
0.0424 2
0.0425 0
0.0426 0
0.0427 0
0.0428 1
0.0429 0
0.043 1
0.0431 0
0.0432 0
0.0433 0
0.0434 0
0.0435 0
0.0436 0
0.0437 0
0.0438 1
0.0439 0
0.044 0
0.0441 1
0.0442 0
0.0443 1
0.0444 0
0.0445 0
0.0446 0
0.0447 0
0.0448 0
0.0449 1
0.045 0
0.0451 0
0.0452 0
0.0453 1
0.0454 0
0.0455 0
0.0456 0
0.0457 0
0.0458 0
0.0459 0
0.046 0
0.0461 0
0.0462 1
0.0463 0
0.0464 0
0.0465 0
0.0466 0
0.0467 0
0.0468 0
0.0469 0
0.047 0
0.0471 0
0.0472 2
0.0473 2
0.0474 0
0.0475 1
0.0476 2
0.0477 2
0.0478 2
0.0479 3
0.048 2
0.0481 1
0.0482 1
0.0483 1
0.0484 0
0.0485 0
0.0486 0
0.0487 0
0.0488 0
0.0489 0
0.049 1
0.0491 1
0.0492 0
0.0493 1
0.0494 0
0.0495 1
0.0496 1
0.0497 2
0.0498 0
0.0499 1
0.05 3
0.0501 1
0.0502 3
0.0503 4
0.0504 1
0.0505 0
0.0506 0
0.0507 0
0.0508 0
0.0509 0
0.051 1
0.0511 1
0.0512 0
0.0513 0
0.0514 1
0.0515 0
0.0516 2
0.0517 2
0.0518 0
0.0519 1
0.052 2
0.0521 0
0.0522 0
0.0523 0
0.0524 3
0.0525 1
0.0526 0
0.0527 0
0.0528 0
0.0529 1
0.053 0
0.0531 2
0.0532 2
0.0533 0
0.0534 1
0.0535 0
0.0536 0
0.0537 0
0.0538 0
0.0539 0
0.054 4
0.0541 0
0.0542 1
0.0543 4
0.0544 3
0.0545 3
0.0546 1
0.0547 2
0.0548 0
0.0549 1
0.055 1
0.0551 1
0.0552 0
0.0553 0
0.0554 0
0.0555 1
0.0556 0
0.0557 0
0.0558 0
0.0559 0
0.056 0
0.0561 2
0.0562 0
0.0563 1
0.0564 2
0.0565 0
0.0566 1
0.0567 0
0.0568 3
0.0569 0
0.057 0
0.0571 1
0.0572 1
0.0573 0
0.0574 1
0.0575 1
0.0576 0
0.0577 2
0.0578 0
0.0579 0
0.058 0
0.0581 0
0.0582 1
0.0583 0
0.0584 0
0.0585 0
0.0586 0
0.0587 0
0.0588 1
0.0589 0
0.059 1
0.0591 0
0.0592 0
0.0593 1
0.0594 0
0.0595 3
0.0596 0
0.0597 1
0.0598 0
0.0599 0
0.06 1
0.0601 1
0.0602 0
0.0603 1
0.0604 2
0.0605 3
0.0606 0
0.0607 1
0.0608 3
0.0609 1
0.061 4
0.0611 3
0.0612 4
0.0613 0
0.0614 0
0.0615 0
0.0616 0
0.0617 1
0.0618 1
0.0619 1
0.062 1
0.0621 2
0.0622 2
0.0623 0
0.0624 5
0.0625 5
0.0626 5
0.0627 1
0.0628 12
0.0629 11
0.063 10
0.0631 11
0.0632 2
0.0633 6
0.0634 8
0.0635 7
0.0636 3
0.0637 5
0.0638 2
0.0639 7
0.064 3
0.0641 2
0.0642 0
0.0643 2
0.0644 9
0.0645 2
0.0646 2
0.0647 1
0.0648 0
0.0649 0
0.065 0
0.0651 1
0.0652 0
0.0653 0
0.0654 1
0.0655 4
0.0656 0
0.0657 2
0.0658 0
0.0659 3
0.066 2
0.0661 0
0.0662 1
0.0663 0
0.0664 2
0.0665 2
0.0666 3
0.0667 1
0.0668 2
0.0669 4
0.067 4
0.0671 2
0.0672 9
0.0673 7
0.0674 9
0.0675 12
0.0676 4
0.0677 4
0.0678 7
0.0679 6
0.068 4
0.0681 5
0.0682 11
0.0683 6
0.0684 2
0.0685 5
0.0686 5
0.0687 3
0.0688 2
0.0689 1
0.069 1
0.0691 4
0.0692 8
0.0693 4
0.0694 3
0.0695 3
0.0696 3
0.0697 0
0.0698 0
0.0699 1
0.07 1
0.0701 1
0.0702 1
0.0703 3
0.0704 2
0.0705 0
0.0706 2
0.0707 1
0.0708 0
0.0709 1
0.071 3
0.0711 2
0.0712 1
0.0713 1
0.0714 2
0.0715 4
0.0716 5
0.0717 2
0.0718 3
0.0719 2
0.072 3
0.0721 3
0.0722 2
0.0723 1
0.0724 0
0.0725 2
0.0726 0
0.0727 3
0.0728 1
0.0729 1
0.073 0
0.0731 1
0.0732 2
0.0733 1
0.0734 3
0.0735 0
0.0736 1
0.0737 0
0.0738 0
0.0739 0
0.074 0
0.0741 0
0.0742 0
0.0743 0
0.0744 0
0.0745 0
0.0746 2
0.0747 1
0.0748 0
0.0749 4
0.075 1
0.0751 0
0.0752 2
0.0753 1
0.0754 1
0.0755 3
0.0756 2
0.0757 3
0.0758 1
0.0759 7
0.076 3
0.0761 4
0.0762 2
0.0763 2
0.0764 2
0.0765 0
0.0766 3
0.0767 2
0.0768 1
0.0769 2
0.077 3
0.0771 2
0.0772 0
0.0773 4
0.0774 10
0.0775 5
0.0776 4
0.0777 9
0.0778 17
0.0779 24
0.078 21
0.0781 30
0.0782 23
0.0783 24
0.0784 25
0.0785 24
0.0786 17
0.0787 13
0.0788 18
0.0789 16
0.079 13
0.0791 17
0.0792 19
0.0793 11
0.0794 17
0.0795 22
0.0796 38
0.0797 53
0.0798 59
0.0799 64
0.08 64
0.0801 71
0.0802 76
0.0803 67
0.0804 68
0.0805 81
0.0806 97
0.0807 106
0.0808 115
0.0809 130
0.081 142
0.0811 155
0.0812 156
0.0813 167
0.0814 174
0.0815 198
0.0816 225
0.0817 247
0.0818 264
0.0819 288
0.082 281
0.0821 286
0.0822 305
0.0823 351
0.0824 382
0.0825 414
0.0826 431
0.0827 468
0.0828 478
0.0829 491
0.083 490
0.0831 502
0.0832 520
0.0833 533
0.0834 545
0.0835 555
0.0836 543
0.0837 536
0.0838 532
0.0839 522
0.084 525
0.0841 533
0.0842 545
0.0843 558
0.0844 588
0.0845 610
0.0846 634
0.0847 665
0.0848 653
0.0849 663
0.085 661
0.0851 641
0.0852 660
0.0853 657
0.0854 662
0.0855 687
0.0856 715
0.0857 723
0.0858 754
0.0859 770
0.086 799
0.0861 811
0.0862 826
0.0863 827
0.0864 833
0.0865 836
0.0866 856
0.0867 889
0.0868 926
0.0869 935
0.087 945
0.0871 951
0.0872 952
0.0873 975
0.0874 980
0.0875 978
0.0876 986
0.0877 1003
0.0878 992
0.0879 1018
0.088 1039
0.0881 1026
0.0882 1031
0.0883 1030
0.0884 1023
0.0885 1020
0.0886 1007
0.0887 999
0.0888 1013
0.0889 1011
0.089 1013
0.0891 1016
0.0892 1033
0.0893 1026
0.0894 1034
0.0895 1040
0.0896 1022
0.0897 1013
0.0898 1030
0.0899 1055
0.09 1071
0.0901 1093
0.0902 1093
0.0903 1131
0.0904 1152
0.0905 1183
0.0906 1199
0.0907 1234
0.0908 1255
0.0909 1218
0.091 1216
0.0911 1230
0.0912 1230
0.0913 1236
0.0914 1253
0.0915 1277
0.0916 1287
0.0917 1282
0.0918 1303
0.0919 1304
0.092 1314
0.0921 1312
0.0922 1322
0.0923 1313
0.0924 1306
0.0925 1312
0.0926 1282
0.0927 1273
0.0928 1290
0.0929 1322
0.093 1325
0.0931 1316
0.0932 1322
0.0933 1308
0.0934 1310
0.0935 1293
0.0936 1266
0.0937 1259
0.0938 1224
0.0939 1200
0.094 1188
0.0941 1177
0.0942 1153
0.0943 1126
0.0944 1111
0.0945 1087
0.0946 1066
0.0947 1038
0.0948 1010
0.0949 1022
0.095 1015
0.0951 999
0.0952 993
0.0953 996
0.0954 989
0.0955 978
0.0956 984
0.0957 960
0.0958 955
0.0959 946
0.096 939
0.0961 925
0.0962 909
0.0963 902
0.0964 884
0.0965 875
0.0966 877
0.0967 875
0.0968 860
0.0969 866
0.097 871
0.0971 859
0.0972 832
0.0973 813
0.0974 795
0.0975 772
0.0976 744
0.0977 717
0.0978 714
0.0979 684
0.098 670
0.0981 663
0.0982 649
0.0983 638
0.0984 618
0.0985 586
0.0986 573
0.0987 566
0.0988 554
0.0989 572
0.099 580
0.0991 597
0.0992 586
0.0993 578
0.0994 577
0.0995 586
0.0996 568
0.0997 551
0.0998 528
0.0999 528
0.1 529
0.1001 529
0.1002 537
0.1003 547
0.1004 531
0.1005 529
0.1006 517
0.1007 512
0.1008 509
0.1009 483
0.101 462
0.1011 431
0.1012 401
0.1013 400
0.1014 364
0.1015 352
0.1016 331
0.1017 297
0.1018 301
0.1019 281
0.102 298
0.1021 291
0.1022 272
0.1023 268
0.1024 258
0.1025 249
0.1026 235
0.1027 237
0.1028 216
0.1029 206
0.103 198
0.1031 184
0.1032 158
0.1033 128
0.1034 117
0.1035 111
0.1036 77
0.1037 76
0.1038 62
0.1039 42
0.104 27
0.1041 15
0.1042 8
0.1043 15
0.1044 15
0.1045 12
0.1046 12
0.1047 16
0.1048 7
0.1049 11
0.105 12
0.1051 19
0.1052 9
0.1053 9
0.1054 3
0.1055 3
0.1056 5
0.1057 5
0.1058 3
0.1059 1
0.106 1
0.1061 3
0.1062 3
0.1063 3
0.1064 7
0.1065 6
0.1066 2
0.1067 7
0.1068 6
0.1069 1
0.107 0
0.1071 0
0.1072 0
0.1073 1
0.1074 0
0.1075 0
0.1076 0
0.1077 0
0.1078 0
0.1079 0
0.108 1
0.1081 1
0.1082 2
0.1083 0
0.1084 2
0.1085 1
0.1086 1
0.1087 0
0.1088 2
0.1089 2
0.109 0
0.1091 0
0.1092 0
0.1093 0
0.1094 1
0.1095 1
0.1096 0
0.1097 0
0.1098 1
0.1099 0
0.11 0
0.1101 1
0.1102 0
0.1103 0
0.1104 0
0.1105 0
0.1106 0
0.1107 0
0.1108 1
0.1109 0
0.111 2
0.1111 0
0.1112 3
0.1113 1
0.1114 1
0.1115 1
0.1116 0
0.1117 0
0.1118 0
0.1119 0
0.112 0
0.1121 1
0.1122 1
0.1123 0
0.1124 2
0.1125 1
0.1126 1
0.1127 0
0.1128 0
0.1129 0
0.113 0
0.1131 0
0.1132 0
0.1133 0
0.1134 1
0.1135 0
0.1136 0
0.1137 0
0.1138 1
0.1139 1
0.114 3
0.1141 0
0.1142 0
0.1143 1
0.1144 0
0.1145 0
0.1146 0
0.1147 0
0.1148 1
0.1149 1
0.115 1
0.1151 1
0.1152 0
0.1153 1
0.1154 0
0.1155 1
0.1156 0
0.1157 0
0.1158 0
0.1159 0
0.116 3
0.1161 0
0.1162 0
0.1163 1
0.1164 0
0.1165 1
0.1166 0
0.1167 0
0.1168 0
0.1169 0
0.117 0
0.1171 0
0.1172 1
0.1173 1
0.1174 0
0.1175 1
0.1176 0
0.1177 1
0.1178 0
0.1179 0
0.118 0
0.1181 0
0.1182 0
0.1183 0
0.1184 0
0.1185 1
0.1186 2
0.1187 1
0.1188 0
0.1189 0
0.119 1
0.1191 1
0.1192 1
0.1193 1
0.1194 0
0.1195 1
0.1196 0
0.1197 0
0.1198 1
0.1199 0
0.12 1
0.1201 0
0.1202 1
0.1203 1
0.1204 2
0.1205 1
0.1206 0
0.1207 0
0.1208 0
0.1209 1
0.121 0
0.1211 0
0.1212 0
0.1213 1
0.1214 3
0.1215 3
0.1216 1
0.1217 2
0.1218 0
0.1219 0
0.122 1
0.1221 1
0.1222 3
0.1223 2
0.1224 2
0.1225 1
0.1226 0
0.1227 2
0.1228 0
0.1229 1
0.123 0
0.1231 0
0.1232 0
0.1233 0
0.1234 0
0.1235 0
0.1236 0
0.1237 0
0.1238 0
0.1239 2
0.124 1
0.1241 1
0.1242 0
0.1243 2
0.1244 0
0.1245 1
0.1246 0
0.1247 2
0.1248 0
0.1249 0
0.125 0
0.1251 1
0.1252 0
0.1253 0
0.1254 0
0.1255 1
0.1256 0
0.1257 2
0.1258 1
0.1259 1
0.126 1
0.1261 1
0.1262 2
0.1263 1
0.1264 1
0.1265 0
0.1266 0
0.1267 0
0.1268 0
0.1269 0
0.127 0
0.1271 0
0.1272 0
0.1273 0
0.1274 0
0.1275 0
0.1276 2
0.1277 0
0.1278 2
0.1279 1
0.128 1
0.1281 1
0.1282 2
0.1283 1
0.1284 2
0.1285 0
0.1286 1
0.1287 1
0.1288 2
0.1289 0
0.129 1
0.1291 1
0.1292 0
0.1293 1
0.1294 1
0.1295 2
0.1296 3
0.1297 0
0.1298 0
0.1299 0
0.13 1
0.1301 0
0.1302 1
0.1303 0
0.1304 0
0.1305 0
0.1306 1
0.1307 0
0.1308 0
0.1309 3
0.131 0
0.1311 3
0.1312 1
0.1313 1
0.1314 0
0.1315 2
0.1316 0
0.1317 1
0.1318 1
0.1319 0
0.132 0
0.1321 0
0.1322 0
0.1323 2
0.1324 1
0.1325 1
0.1326 1
0.1327 1
0.1328 0
0.1329 0
0.133 2
0.1331 1
0.1332 3
0.1333 1
0.1334 1
0.1335 0
0.1336 2
0.1337 0
0.1338 2
0.1339 0
0.134 0
0.1341 0
0.1342 3
0.1343 2
0.1344 2
0.1345 0
0.1346 0
0.1347 0
0.1348 4
0.1349 1
0.135 0
0.1351 2
0.1352 1
0.1353 2
0.1354 2
0.1355 2
0.1356 1
0.1357 2
0.1358 1
0.1359 0
0.136 0
0.1361 1
0.1362 3
0.1363 5
0.1364 3
0.1365 5
0.1366 2
0.1367 3
0.1368 2
0.1369 2
0.137 1
0.1371 2
0.1372 2
0.1373 1
0.1374 1
0.1375 0
0.1376 5
0.1377 3
0.1378 2
0.1379 2
0.138 2
0.1381 1
0.1382 3
0.1383 0
0.1384 2
0.1385 3
0.1386 1
0.1387 0
0.1388 1
0.1389 1
0.139 0
0.1391 3
0.1392 3
0.1393 1
0.1394 3
0.1395 0
0.1396 2
0.1397 2
0.1398 1
0.1399 4
0.14 1
0.1401 1
0.1402 2
0.1403 3
0.1404 1
0.1405 2
0.1406 0
0.1407 0
0.1408 1
0.1409 0
0.141 2
0.1411 1
0.1412 1
0.1413 0
0.1414 2
0.1415 1
0.1416 3
0.1417 0
0.1418 3
0.1419 2
0.142 0
0.1421 4
0.1422 3
0.1423 2
0.1424 5
0.1425 5
0.1426 10
0.1427 7
0.1428 11
0.1429 6
0.143 10
0.1431 12
0.1432 12
0.1433 13
0.1434 7
0.1435 1
0.1436 6
0.1437 11
0.1438 11
0.1439 6
0.144 6
0.1441 3
0.1442 5
0.1443 3
0.1444 0
0.1445 2
0.1446 2
0.1447 1
0.1448 0
0.1449 1
0.145 4
0.1451 2
0.1452 3
0.1453 0
0.1454 2
0.1455 1
0.1456 4
0.1457 1
0.1458 0
0.1459 0
0.146 5
0.1461 0
0.1462 1
0.1463 4
0.1464 6
0.1465 4
0.1466 3
0.1467 0
0.1468 0
0.1469 5
0.147 1
0.1471 2
0.1472 0
0.1473 3
0.1474 1
0.1475 0
0.1476 1
0.1477 1
0.1478 1
0.1479 3
0.148 5
0.1481 1
0.1482 1
0.1483 0
0.1484 3
0.1485 1
0.1486 0
0.1487 1
0.1488 1
0.1489 2
0.149 2
0.1491 1
0.1492 3
0.1493 1
0.1494 3
0.1495 1
0.1496 2
0.1497 3
0.1498 3
0.1499 3
0.15 1
0.1501 3
0.1502 5
0.1503 0
0.1504 2
0.1505 4
0.1506 4
0.1507 5
0.1508 8
0.1509 9
0.151 14
0.1511 2
0.1512 9
0.1513 4
0.1514 8
0.1515 7
0.1516 7
0.1517 4
0.1518 10
0.1519 9
0.152 10
0.1521 10
0.1522 9
0.1523 9
0.1524 9
0.1525 11
0.1526 7
0.1527 6
0.1528 7
0.1529 7
0.153 7
0.1531 5
0.1532 1
0.1533 2
0.1534 3
0.1535 10
0.1536 10
0.1537 10
0.1538 5
0.1539 2
0.154 2
0.1541 7
0.1542 3
0.1543 3
0.1544 2
0.1545 3
0.1546 2
0.1547 4
0.1548 1
0.1549 2
0.155 2
0.1551 4
0.1552 4
0.1553 3
0.1554 0
0.1555 1
0.1556 2
0.1557 1
0.1558 1
0.1559 1
0.156 2
0.1561 3
0.1562 1
0.1563 3
0.1564 2
0.1565 1
0.1566 0
0.1567 2
0.1568 1
0.1569 1
0.157 2
0.1571 2
0.1572 4
0.1573 3
0.1574 4
0.1575 4
0.1576 3
0.1577 1
0.1578 1
0.1579 2
0.158 2
0.1581 1
0.1582 2
0.1583 2
0.1584 0
0.1585 0
0.1586 1
0.1587 1
0.1588 4
0.1589 4
0.159 4
0.1591 2
0.1592 4
0.1593 3
0.1594 4
0.1595 7
0.1596 13
0.1597 11
0.1598 11
0.1599 5
0.16 8
0.1601 8
0.1602 10
0.1603 9
0.1604 4
0.1605 8
0.1606 7
0.1607 3
0.1608 10
0.1609 15
0.161 17
0.1611 23
0.1612 29
0.1613 38
0.1614 33
0.1615 32
0.1616 36
0.1617 36
0.1618 41
0.1619 48
0.162 45
0.1621 37
0.1622 42
0.1623 62
0.1624 80
0.1625 99
0.1626 119
0.1627 132
0.1628 156
0.1629 176
0.163 223
0.1631 251
0.1632 287
0.1633 302
0.1634 322
0.1635 346
0.1636 369
0.1637 385
0.1638 399
0.1639 392
0.164 390
0.1641 400
0.1642 398
0.1643 402
0.1644 413
0.1645 444
0.1646 461
0.1647 485
0.1648 500
0.1649 519
0.165 565
0.1651 586
0.1652 610
0.1653 648
0.1654 677
0.1655 711
0.1656 744
0.1657 762
0.1658 778
0.1659 816
0.166 835
0.1661 864
0.1662 898
0.1663 917
0.1664 947
0.1665 954
0.1666 970
0.1667 979
0.1668 998
0.1669 1011
0.167 1022
0.1671 1015
0.1672 1011
0.1673 1020
0.1674 1013
0.1675 1016
0.1676 1011
0.1677 1027
0.1678 1038
0.1679 1029
0.168 1017
0.1681 1026
0.1682 1016
0.1683 1012
0.1684 1029
0.1685 1013
0.1686 1046
0.1687 1061
0.1688 1087
0.1689 1104
0.169 1100
0.1691 1124
0.1692 1137
0.1693 1145
0.1694 1155
0.1695 1150
0.1696 1135
0.1697 1130
0.1698 1141
0.1699 1144
0.17 1166
0.1701 1146
0.1702 1151
0.1703 1157
0.1704 1175
0.1705 1179
0.1706 1169
0.1707 1187
0.1708 1189
0.1709 1181
0.171 1187
0.1711 1183
0.1712 1193
0.1713 1182
0.1714 1185
0.1715 1163
0.1716 1144
0.1717 1136
0.1718 1134
0.1719 1127
0.172 1134
0.1721 1137
0.1722 1131
0.1723 1130
0.1724 1133
0.1725 1127
0.1726 1125
0.1727 1145
0.1728 1144
0.1729 1124
0.173 1113
0.1731 1080
0.1732 1047
0.1733 1045
0.1734 1033
0.1735 1031
0.1736 1025
0.1737 1023
0.1738 1016
0.1739 1012
0.174 1004
0.1741 992
0.1742 991
0.1743 977
0.1744 953
0.1745 949
0.1746 945
0.1747 948
0.1748 919
0.1749 908
0.175 898
0.1751 901
0.1752 905
0.1753 904
0.1754 912
0.1755 895
0.1756 879
0.1757 872
0.1758 874
0.1759 871
0.176 885
0.1761 889
0.1762 910
0.1763 919
0.1764 944
0.1765 945
0.1766 936
0.1767 896
0.1768 888
0.1769 874
0.177 864
0.1771 866
0.1772 862
0.1773 845
0.1774 830
0.1775 808
0.1776 799
0.1777 804
0.1778 798
0.1779 794
0.178 770
0.1781 758
0.1782 752
0.1783 747
0.1784 742
0.1785 757
0.1786 739
0.1787 727
0.1788 741
0.1789 739
0.179 726
0.1791 725
0.1792 724
0.1793 740
0.1794 747
0.1795 750
0.1796 751
0.1797 736
0.1798 707
0.1799 698
0.18 695
0.1801 690
0.1802 684
0.1803 658
0.1804 636
0.1805 629
0.1806 617
0.1807 635
0.1808 628
0.1809 601
0.181 590
0.1811 578
0.1812 532
0.1813 513
0.1814 509
0.1815 501
0.1816 479
0.1817 480
0.1818 457
0.1819 452
0.182 436
0.1821 430
0.1822 403
0.1823 392
0.1824 369
0.1825 355
0.1826 333
0.1827 326
0.1828 306
0.1829 305
0.183 286
0.1831 269
0.1832 235
0.1833 222
0.1834 191
0.1835 159
0.1836 143
0.1837 134
0.1838 116
0.1839 87
0.184 96
0.1841 92
0.1842 100
0.1843 90
0.1844 85
0.1845 77
0.1846 75
0.1847 67
0.1848 56
0.1849 56
0.185 52
0.1851 42
0.1852 24
0.1853 33
0.1854 21
0.1855 25
0.1856 32
0.1857 29
0.1858 19
0.1859 14
0.186 8
0.1861 11
0.1862 10
0.1863 8
0.1864 11
0.1865 3
0.1866 4
0.1867 3
0.1868 0
0.1869 3
0.187 1
0.1871 2
0.1872 1
0.1873 5
0.1874 0
0.1875 0
0.1876 1
0.1877 1
0.1878 1
0.1879 0
0.188 0
0.1881 1
0.1882 0
0.1883 0
0.1884 0
0.1885 1
0.1886 1
0.1887 1
0.1888 1
0.1889 2
0.189 1
0.1891 0
0.1892 1
0.1893 1
0.1894 1
0.1895 1
0.1896 1
0.1897 1
0.1898 0
0.1899 0
0.19 0
0.1901 0
0.1902 1
0.1903 0
0.1904 0
0.1905 2
0.1906 0
0.1907 0
0.1908 1
0.1909 0
0.191 1
0.1911 0
0.1912 1
0.1913 1
0.1914 1
0.1915 0
0.1916 0
0.1917 1
0.1918 0
0.1919 0
0.192 1
0.1921 0
0.1922 1
0.1923 0
0.1924 0
0.1925 0
0.1926 1
0.1927 0
0.1928 0
0.1929 0
0.193 1
0.1931 0
0.1932 1
0.1933 0
0.1934 0
0.1935 0
0.1936 0
0.1937 0
0.1938 0
0.1939 0
0.194 1
0.1941 1
0.1942 0
0.1943 1
0.1944 0
0.1945 0
0.1946 0
0.1947 1
0.1948 0
0.1949 0
0.195 0
0.1951 1
0.1952 0
0.1953 0
0.1954 0
0.1955 0
0.1956 0
0.1957 1
0.1958 0
0.1959 0
0.196 2
0.1961 0
0.1962 1
0.1963 0
0.1964 0
0.1965 0
0.1966 0
0.1967 1
0.1968 0
0.1969 1
0.197 0
0.1971 0
0.1972 1
0.1973 0
0.1974 0
0.1975 0
0.1976 0
0.1977 1
0.1978 0
0.1979 1
0.198 0
0.1981 1
0.1982 2
0.1983 0
0.1984 0
0.1985 0
0.1986 1
0.1987 0
0.1988 1
0.1989 0
0.199 0
0.1991 1
0.1992 0
0.1993 0
0.1994 0
0.1995 1
0.1996 0
0.1997 1
0.1998 0
0.1999 0
0.2 1
0.2001 0
0.2002 0
0.2003 0
0.2004 1
0.2005 0
0.2006 1
0.2007 1
0.2008 1
0.2009 0
0.201 1
0.2011 0
0.2012 1
0.2013 0
0.2014 0
0.2015 0
0.2016 0
0.2017 3
0.2018 1
0.2019 1
0.202 0
0.2021 1
0.2022 0
0.2023 1
0.2024 0
0.2025 1
0.2026 0
0.2027 0
0.2028 1
0.2029 3
0.203 1
0.2031 0
0.2032 1
0.2033 1
0.2034 1
0.2035 0
0.2036 1
0.2037 1
0.2038 1
0.2039 0
0.204 1
0.2041 1
0.2042 0
0.2043 2
0.2044 3
0.2045 1
0.2046 1
0.2047 1
0.2048 0
0.2049 2
0.205 0
0.2051 0
0.2052 1
0.2053 0
0.2054 0
0.2055 0
0.2056 0
0.2057 1
0.2058 0
0.2059 1
0.206 1
0.2061 0
0.2062 3
0.2063 1
0.2064 0
0.2065 0
0.2066 0
0.2067 0
0.2068 0
0.2069 2
0.207 0
0.2071 1
0.2072 0
0.2073 0
0.2074 0
0.2075 0
0.2076 1
0.2077 0
0.2078 0
0.2079 0
0.208 0
0.2081 0
0.2082 0
0.2083 0
0.2084 0
0.2085 0
0.2086 1
0.2087 0
0.2088 0
0.2089 2
0.209 1
0.2091 1
0.2092 0
0.2093 1
0.2094 2
0.2095 2
0.2096 2
0.2097 1
0.2098 0
0.2099 1
0.21 1
0.2101 1
0.2102 3
0.2103 1
0.2104 2
0.2105 2
0.2106 7
0.2107 3
0.2108 1
0.2109 3
0.211 2
0.2111 1
0.2112 4
0.2113 8
0.2114 6
0.2115 3
0.2116 3
0.2117 0
0.2118 3
0.2119 0
0.212 1
0.2121 4
0.2122 1
0.2123 2
0.2124 0
0.2125 1
0.2126 0
0.2127 0
0.2128 0
0.2129 1
0.213 1
0.2131 1
0.2132 0
0.2133 1
0.2134 0
0.2135 0
0.2136 0
0.2137 2
0.2138 0
0.2139 0
0.214 0
0.2141 2
0.2142 2
0.2143 1
0.2144 2
0.2145 0
0.2146 0
0.2147 0
0.2148 0
0.2149 0
0.215 1
0.2151 2
0.2152 3
0.2153 1
0.2154 1
0.2155 0
0.2156 0
0.2157 2
0.2158 2
0.2159 3
0.216 2
0.2161 3
0.2162 4
0.2163 2
0.2164 2
0.2165 3
0.2166 4
0.2167 6
0.2168 3
0.2169 3
0.217 6
0.2171 4
0.2172 4
0.2173 1
0.2174 2
0.2175 3
0.2176 3
0.2177 3
0.2178 1
0.2179 3
0.218 0
0.2181 1
0.2182 1
0.2183 1
0.2184 1
0.2185 4
0.2186 1
0.2187 2
0.2188 1
0.2189 0
0.219 3
0.2191 1
0.2192 3
0.2193 0
0.2194 2
0.2195 0
0.2196 0
0.2197 4
0.2198 2
0.2199 1
0.22 0
0.2201 1
0.2202 1
0.2203 0
0.2204 0
0.2205 1
0.2206 0
0.2207 1
0.2208 2
0.2209 1
0.221 2
0.2211 3
0.2212 1
0.2213 1
0.2214 1
0.2215 1
0.2216 1
0.2217 1
0.2218 3
0.2219 0
0.222 0
0.2221 3
0.2222 2
0.2223 6
0.2224 1
0.2225 1
0.2226 0
0.2227 1
0.2228 0
0.2229 1
0.223 1
0.2231 0
0.2232 0
0.2233 0
0.2234 0
0.2235 2
0.2236 2
0.2237 1
0.2238 0
0.2239 0
0.224 1
0.2241 2
0.2242 2
0.2243 1
0.2244 0
0.2245 1
0.2246 0
0.2247 1
0.2248 0
0.2249 0
0.225 0
0.2251 1
0.2252 2
0.2253 1
0.2254 0
0.2255 1
0.2256 8
0.2257 3
0.2258 5
0.2259 9
0.226 12
0.2261 18
0.2262 17
0.2263 10
0.2264 5
0.2265 3
0.2266 3
0.2267 1
0.2268 4
0.2269 6
0.227 12
0.2271 21
0.2272 26
0.2273 30
0.2274 35
0.2275 39
0.2276 50
0.2277 58
0.2278 63
0.2279 74
0.228 78
0.2281 74
0.2282 76
0.2283 85
0.2284 102
0.2285 113
0.2286 112
0.2287 112
0.2288 112
0.2289 110
0.229 103
0.2291 81
0.2292 66
0.2293 60
0.2294 64
0.2295 64
0.2296 87
0.2297 76
0.2298 110
0.2299 122
0.23 137
0.2301 161
0.2302 172
0.2303 177
0.2304 190
0.2305 210
0.2306 217
0.2307 225
0.2308 249
0.2309 266
0.231 268
0.2311 292
0.2312 333
0.2313 362
0.2314 378
0.2315 380
0.2316 386
0.2317 405
0.2318 402
0.2319 391
0.232 424
0.2321 462
0.2322 494
0.2323 541
0.2324 545
0.2325 570
0.2326 582
0.2327 586
0.2328 588
0.2329 596
0.233 607
0.2331 617
0.2332 637
0.2333 647
0.2334 673
0.2335 694
0.2336 721
0.2337 758
0.2338 766
0.2339 761
0.234 770
0.2341 772
0.2342 775
0.2343 782
0.2344 818
0.2345 842
0.2346 867
0.2347 861
0.2348 879
0.2349 869
0.235 884
0.2351 874
0.2352 903
0.2353 894
0.2354 895
0.2355 892
0.2356 891
0.2357 869
0.2358 852
0.2359 830
0.236 839
0.2361 844
0.2362 853
0.2363 836
0.2364 815
0.2365 811
0.2366 812
0.2367 806
0.2368 811
0.2369 801
0.237 820
0.2371 823
0.2372 798
0.2373 797
0.2374 800
0.2375 787
0.2376 798
0.2377 801
0.2378 795
0.2379 774
0.238 752
0.2381 746
0.2382 742
0.2383 729
0.2384 734
0.2385 754
0.2386 763
0.2387 763
0.2388 777
0.2389 778
0.239 782
0.2391 787
0.2392 784
0.2393 782
0.2394 772
0.2395 757
0.2396 733
0.2397 724
0.2398 728
0.2399 729
0.24 748
0.2401 759
0.2402 766
0.2403 776
0.2404 795
0.2405 807
0.2406 827
0.2407 842
0.2408 841
0.2409 815
0.241 794
0.2411 803
0.2412 780
0.2413 770
0.2414 773
0.2415 768
0.2416 767
0.2417 749
0.2418 745
0.2419 734
0.242 715
0.2421 703
0.2422 704
0.2423 702
0.2424 689
0.2425 689
0.2426 669
0.2427 677
0.2428 681
0.2429 691
0.243 698
0.2431 703
0.2432 695
0.2433 687
0.2434 707
0.2435 713
0.2436 713
0.2437 687
0.2438 667
0.2439 655
0.244 648
0.2441 624
0.2442 612
0.2443 600
0.2444 592
0.2445 582
0.2446 567
0.2447 519
0.2448 486
0.2449 474
0.245 458
0.2451 462
0.2452 445
0.2453 435
0.2454 428
0.2455 424
0.2456 405
0.2457 396
0.2458 434
0.2459 450
0.246 466
0.2461 479
0.2462 483
0.2463 495
0.2464 492
0.2465 475
0.2466 456
0.2467 454
0.2468 432
0.2469 422
0.247 400
0.2471 389
0.2472 352
0.2473 322
0.2474 281
0.2475 267
0.2476 229
0.2477 216
0.2478 184
0.2479 171
0.248 148
0.2481 132
0.2482 106
0.2483 114
0.2484 108
0.2485 78
0.2486 54
0.2487 28
0.2488 17
0.2489 14
0.249 3
0.2491 4
0.2492 3
0.2493 1
0.2494 2
0.2495 2
0.2496 1
0.2497 0
0.2498 0
0.2499 0
0.25 0
