0 0
0.0001 0
0.0002 1
0.0003 1
0.0004 1
0.0005 1
0.0006 1
0.0007 2
0.0008 2
0.0009 2
0.001 2
0.0011 2
0.0012 2
0.0013 2
0.0014 2
0.0015 1
0.0016 1
0.0017 1
0.0018 2
0.0019 2
0.002 3
0.0021 3
0.0022 4
0.0023 5
0.0024 5
0.0025 5
0.0026 5
0.0027 6
0.0028 5
0.0029 6
0.003 6
0.0031 6
0.0032 6
0.0033 6
0.0034 6
0.0035 6
0.0036 5
0.0037 5
0.0038 5
0.0039 6
0.004 6
0.0041 6
0.0042 7
0.0043 7
0.0044 7
0.0045 9
0.0046 9
0.0047 9
0.0048 10
0.0049 10
0.005 11
0.0051 11
0.0052 11
0.0053 11
0.0054 11
0.0055 11
0.0056 11
0.0057 11
0.0058 10
0.0059 11
0.006 11
0.0061 11
0.0062 13
0.0063 13
0.0064 13
0.0065 13
0.0066 15
0.0067 15
0.0068 15
0.0069 15
0.007 17
0.0071 18
0.0072 18
0.0073 18
0.0074 18
0.0075 16
0.0076 18
0.0077 18
0.0078 22
0.0079 22
0.008 20
0.0081 21
0.0082 21
0.0083 24
0.0084 24
0.0085 25
0.0086 22
0.0087 23
0.0088 22
0.0089 21
0.009 21
0.0091 24
0.0092 24
0.0093 22
0.0094 22
0.0095 21
0.0096 21
0.0097 22
0.0098 22
0.0099 21
0.01 22
0.0101 24
0.0102 23
0.0103 23
0.0104 24
0.0105 24
0.0106 23
0.0107 25
0.0108 25
0.0109 25
0.011 24
0.0111 24
0.0112 25
0.0113 27
0.0114 26
0.0115 26
0.0116 26
0.0117 27
0.0118 27
0.0119 29
0.012 27
0.0121 25
0.0122 27
0.0123 27
0.0124 30
0.0125 30
0.0126 28
0.0127 28
0.0128 29
0.0129 30
0.013 30
0.0131 31
0.0132 30
0.0133 30
0.0134 30
0.0135 30
0.0136 31
0.0137 30
0.0138 30
0.0139 30
0.014 30
0.0141 29
0.0142 30
0.0143 30
0.0144 30
0.0145 33
0.0146 31
0.0147 30
0.0148 31
0.0149 30
0.015 29
0.0151 29
0.0152 28
0.0153 29
0.0154 29
0.0155 30
0.0156 30
0.0157 30
0.0158 29
0.0159 30
0.016 30
0.0161 30
0.0162 29
0.0163 29
0.0164 29
0.0165 30
0.0166 30
0.0167 30
0.0168 29
0.0169 27
0.017 29
0.0171 29
0.0172 30
0.0173 30
0.0174 30
0.0175 27
0.0176 27
0.0177 27
0.0178 28
0.0179 27
0.018 27
0.0181 28
0.0182 29
0.0183 28
0.0184 31
0.0185 32
0.0186 32
0.0187 33
0.0188 33
0.0189 33
0.019 32
0.0191 31
0.0192 31
0.0193 31
0.0194 31
0.0195 31
0.0196 31
0.0197 32
0.0198 32
0.0199 29
0.02 30
0.0201 30
0.0202 31
0.0203 29
0.0204 29
0.0205 30
0.0206 30
0.0207 30
0.0208 29
0.0209 30
0.021 30
0.0211 29
0.0212 31
0.0213 31
0.0214 30
0.0215 29
0.0216 29
0.0217 29
0.0218 31
0.0219 30
0.022 31
0.0221 31
0.0222 32
0.0223 31
0.0224 31
0.0225 32
0.0226 32
0.0227 31
0.0228 31
0.0229 32
0.023 33
0.0231 34
0.0232 34
0.0233 35
0.0234 35
0.0235 35
0.0236 34
0.0237 32
0.0238 32
0.0239 33
0.024 33
0.0241 34
0.0242 34
0.0243 33
0.0244 33
0.0245 33
0.0246 34
0.0247 32
0.0248 32
0.0249 32
0.025 33
0.0251 32
0.0252 32
0.0253 29
0.0254 30
0.0255 30
0.0256 29
0.0257 29
0.0258 31
0.0259 31
0.026 31
0.0261 31
0.0262 33
0.0263 34
0.0264 33
0.0265 32
0.0266 32
0.0267 32
0.0268 33
0.0269 32
0.027 31
0.0271 31
0.0272 32
0.0273 32
0.0274 32
0.0275 33
0.0276 33
0.0277 33
0.0278 30
0.0279 30
0.028 31
0.0281 31
0.0282 34
0.0283 34
0.0284 34
0.0285 35
0.0286 35
0.0287 36
0.0288 35
0.0289 36
0.029 36
0.0291 36
0.0292 35
0.0293 34
0.0294 33
0.0295 34
0.0296 35
0.0297 34
0.0298 36
0.0299 35
0.03 37
0.0301 38
0.0302 37
0.0303 36
0.0304 35
0.0305 35
0.0306 36
0.0307 37
0.0308 36
0.0309 37
0.031 37
0.0311 37
0.0312 38
0.0313 38
0.0314 38
0.0315 38
0.0316 37
0.0317 36
0.0318 37
0.0319 37
0.032 39
0.0321 35
0.0322 36
0.0323 36
0.0324 36
0.0325 35
0.0326 36
0.0327 35
0.0328 34
0.0329 34
0.033 34
0.0331 34
0.0332 34
0.0333 34
0.0334 34
0.0335 32
0.0336 31
0.0337 31
0.0338 31
0.0339 31
0.034 32
0.0341 31
0.0342 29
0.0343 29
0.0344 30
0.0345 30
0.0346 30
0.0347 30
0.0348 31
0.0349 31
0.035 32
0.0351 35
0.0352 36
0.0353 37
0.0354 35
0.0355 35
0.0356 35
0.0357 34
0.0358 33
0.0359 32
0.036 32
0.0361 31
0.0362 31
0.0363 32
0.0364 34
0.0365 34
0.0366 34
0.0367 35
0.0368 36
0.0369 36
0.037 36
0.0371 35
0.0372 36
0.0373 36
0.0374 35
0.0375 35
0.0376 33
0.0377 33
0.0378 32
0.0379 31
0.038 32
0.0381 32
0.0382 33
0.0383 34
0.0384 32
0.0385 31
0.0386 31
0.0387 33
0.0388 32
0.0389 31
0.039 31
0.0391 31
0.0392 32
0.0393 31
0.0394 30
0.0395 31
0.0396 31
0.0397 30
0.0398 31
0.0399 31
0.04 33
0.0401 33
0.0402 33
0.0403 32
0.0404 32
0.0405 30
0.0406 29
0.0407 29
0.0408 28
0.0409 27
0.041 27
0.0411 29
0.0412 30
0.0413 30
0.0414 30
0.0415 30
0.0416 29
0.0417 28
0.0418 28
0.0419 29
0.042 29
0.0421 30
0.0422 30
0.0423 30
0.0424 30
0.0425 29
0.0426 29
0.0427 29
0.0428 30
0.0429 30
0.043 30
0.0431 29
0.0432 29
0.0433 29
0.0434 29
0.0435 29
0.0436 28
0.0437 29
0.0438 29
0.0439 29
0.044 28
0.0441 27
0.0442 27
0.0443 27
0.0444 25
0.0445 24
0.0446 24
0.0447 24
0.0448 23
0.0449 23
0.045 24
0.0451 23
0.0452 21
0.0453 21
0.0454 20
0.0455 21
0.0456 22
0.0457 23
0.0458 23
0.0459 23
0.046 23
0.0461 24
0.0462 25
0.0463 25
0.0464 25
0.0465 25
0.0466 25
0.0467 25
0.0468 25
0.0469 24
0.047 24
0.0471 23
0.0472 23
0.0473 23
0.0474 23
0.0475 23
0.0476 24
0.0477 23
0.0478 23
0.0479 22
0.048 23
0.0481 23
0.0482 23
0.0483 22
0.0484 22
0.0485 22
0.0486 21
0.0487 21
0.0488 21
0.0489 21
0.049 21
0.0491 21
0.0492 22
0.0493 22
0.0494 21
0.0495 21
0.0496 21
0.0497 20
0.0498 21
0.0499 22
0.05 22
0.0501 24
0.0502 24
0.0503 24
0.0504 24
0.0505 23
0.0506 23
0.0507 24
0.0508 24
0.0509 25
0.051 25
0.0511 26
0.0512 26
0.0513 25
0.0514 25
0.0515 24
0.0516 24
0.0517 23
0.0518 22
0.0519 23
0.052 22
0.0521 22
0.0522 22
0.0523 23
0.0524 22
0.0525 23
0.0526 22
0.0527 22
0.0528 22
0.0529 22
0.053 22
0.0531 22
0.0532 22
0.0533 21
0.0534 22
0.0535 22
0.0536 22
0.0537 22
0.0538 22
0.0539 23
0.054 22
0.0541 22
0.0542 21
0.0543 21
0.0544 22
0.0545 22
0.0546 23
0.0547 23
0.0548 23
0.0549 23
0.055 23
0.0551 22
0.0552 22
0.0553 23
0.0554 23
0.0555 22
0.0556 22
0.0557 21
0.0558 20
0.0559 20
0.056 19
0.0561 19
0.0562 18
0.0563 17
0.0564 16
0.0565 19
0.0566 18
0.0567 18
0.0568 18
0.0569 18
0.057 18
0.0571 19
0.0572 18
0.0573 19
0.0574 20
0.0575 20
0.0576 20
0.0577 18
0.0578 18
0.0579 18
0.058 19
0.0581 18
0.0582 18
0.0583 19
0.0584 19
0.0585 19
0.0586 18
0.0587 17
0.0588 17
0.0589 16
0.059 15
0.0591 13
0.0592 14
0.0593 16
0.0594 17
0.0595 17
0.0596 16
0.0597 15
0.0598 17
0.0599 18
0.06 17
0.0601 17
0.0602 17
0.0603 16
0.0604 15
0.0605 16
0.0606 16
0.0607 17
0.0608 16
0.0609 17
0.061 17
0.0611 17
0.0612 17
0.0613 17
0.0614 18
0.0615 18
0.0616 19
0.0617 18
0.0618 18
0.0619 18
0.062 18
0.0621 18
0.0622 18
0.0623 18
0.0624 18
0.0625 18
0.0626 18
0.0627 17
0.0628 16
0.0629 16
0.063 17
0.0631 17
0.0632 17
0.0633 17
0.0634 18
0.0635 18
0.0636 18
0.0637 18
0.0638 18
0.0639 18
0.064 18
0.0641 18
0.0642 18
0.0643 18
0.0644 18
0.0645 17
0.0646 17
0.0647 17
0.0648 16
0.0649 16
0.065 16
0.0651 16
0.0652 16
0.0653 16
0.0654 16
0.0655 15
0.0656 16
0.0657 15
0.0658 14
0.0659 14
0.066 15
0.0661 15
0.0662 15
0.0663 16
0.0664 16
0.0665 17
0.0666 16
0.0667 16
0.0668 16
0.0669 18
0.067 18
0.0671 18
0.0672 18
0.0673 17
0.0674 17
0.0675 18
0.0676 19
0.0677 19
0.0678 20
0.0679 19
0.068 19
0.0681 18
0.0682 18
0.0683 17
0.0684 17
0.0685 18
0.0686 19
0.0687 19
0.0688 19
0.0689 19
0.069 18
0.0691 18
0.0692 17
0.0693 17
0.0694 17
0.0695 18
0.0696 18
0.0697 18
0.0698 19
0.0699 19
0.07 17
0.0701 17
0.0702 17
0.0703 17
0.0704 17
0.0705 17
0.0706 18
0.0707 17
0.0708 17
0.0709 17
0.071 16
0.0711 17
0.0712 17
0.0713 16
0.0714 15
0.0715 15
0.0716 15
0.0717 15
0.0718 15
0.0719 15
0.072 15
0.0721 15
0.0722 17
0.0723 17
0.0724 17
0.0725 18
0.0726 18
0.0727 16
0.0728 16
0.0729 17
0.073 17
0.0731 17
0.0732 17
0.0733 17
0.0734 17
0.0735 17
0.0736 18
0.0737 18
0.0738 18
0.0739 19
0.074 20
0.0741 21
0.0742 22
0.0743 22
0.0744 22
0.0745 22
0.0746 21
0.0747 21
0.0748 21
0.0749 23
0.075 23
0.0751 23
0.0752 23
0.0753 23
0.0754 24
0.0755 24
0.0756 24
0.0757 24
0.0758 24
0.0759 24
0.076 23
0.0761 22
0.0762 24
0.0763 24
0.0764 25
0.0765 26
0.0766 26
0.0767 26
0.0768 26
0.0769 26
0.077 24
0.0771 23
0.0772 25
0.0773 25
0.0774 24
0.0775 24
0.0776 24
0.0777 24
0.0778 24
0.0779 24
0.078 26
0.0781 26
0.0782 27
0.0783 26
0.0784 26
0.0785 27
0.0786 29
0.0787 29
0.0788 29
0.0789 29
0.079 28
0.0791 28
0.0792 27
0.0793 26
0.0794 26
0.0795 27
0.0796 25
0.0797 24
0.0798 25
0.0799 26
0.08 25
0.0801 26
0.0802 26
0.0803 25
0.0804 25
0.0805 25
0.0806 24
0.0807 24
0.0808 23
0.0809 23
0.081 23
0.0811 24
0.0812 25
0.0813 24
0.0814 22
0.0815 22
0.0816 22
0.0817 22
0.0818 21
0.0819 21
0.082 20
0.0821 20
0.0822 21
0.0823 21
0.0824 22
0.0825 23
0.0826 22
0.0827 21
0.0828 21
0.0829 21
0.083 21
0.0831 21
0.0832 21
0.0833 21
0.0834 20
0.0835 20
0.0836 21
0.0837 22
0.0838 22
0.0839 22
0.084 22
0.0841 20
0.0842 19
0.0843 19
0.0844 20
0.0845 20
0.0846 21
0.0847 20
0.0848 19
0.0849 19
0.085 21
0.0851 21
0.0852 22
0.0853 22
0.0854 22
0.0855 22
0.0856 22
0.0857 22
0.0858 22
0.0859 22
0.086 23
0.0861 23
0.0862 22
0.0863 23
0.0864 23
0.0865 23
0.0866 22
0.0867 21
0.0868 21
0.0869 21
0.087 21
0.0871 21
0.0872 20
0.0873 21
0.0874 20
0.0875 20
0.0876 20
0.0877 20
0.0878 20
0.0879 20
0.088 20
0.0881 20
0.0882 20
0.0883 20
0.0884 21
0.0885 22
0.0886 23
0.0887 22
0.0888 22
0.0889 22
0.089 20
0.0891 20
0.0892 20
0.0893 19
0.0894 19
0.0895 20
0.0896 20
0.0897 20
0.0898 19
0.0899 19
0.09 20
0.0901 21
0.0902 19
0.0903 18
0.0904 19
0.0905 19
0.0906 19
0.0907 19
0.0908 18
0.0909 18
0.091 18
0.0911 21
0.0912 22
0.0913 22
0.0914 21
0.0915 21
0.0916 20
0.0917 18
0.0918 18
0.0919 18
0.092 19
0.0921 18
0.0922 18
0.0923 18
0.0924 18
0.0925 18
0.0926 18
0.0927 17
0.0928 18
0.0929 19
0.093 20
0.0931 21
0.0932 21
0.0933 21
0.0934 21
0.0935 21
0.0936 21
0.0937 20
0.0938 19
0.0939 19
0.094 20
0.0941 20
0.0942 20
0.0943 20
0.0944 20
0.0945 22
0.0946 23
0.0947 23
0.0948 23
0.0949 23
0.095 23
0.0951 23
0.0952 23
0.0953 22
0.0954 22
0.0955 24
0.0956 25
0.0957 23
0.0958 23
0.0959 21
0.096 21
0.0961 22
0.0962 21
0.0963 21
0.0964 21
0.0965 21
0.0966 21
0.0967 22
0.0968 22
0.0969 23
0.097 23
0.0971 24
0.0972 24
0.0973 24
0.0974 23
0.0975 23
0.0976 23
0.0977 23
0.0978 21
0.0979 21
0.098 23
0.0981 23
0.0982 23
0.0983 25
0.0984 25
0.0985 26
0.0986 26
0.0987 26
0.0988 26
0.0989 25
0.099 24
0.0991 24
0.0992 24
0.0993 24
0.0994 24
0.0995 24
0.0996 23
0.0997 23
0.0998 24
0.0999 21
0.1 21
