0 0
0.0001 0
0.0002 0
0.0003 0
0.0004 0
0.0005 0
0.0006 0
0.0007 0
0.0008 0
0.0009 0
0.001 0
0.0011 0
0.0012 0
0.0013 0
0.0014 0
0.0015 0
0.0016 0
0.0017 0
0.0018 0
0.0019 0
0.002 0
0.0021 0
0.0022 0
0.0023 0
0.0024 0
0.0025 0
0.0026 0
0.0027 1
0.0028 1
0.0029 1
0.003 1
0.0031 1
0.0032 0
0.0033 0
0.0034 1
0.0035 0
0.0036 0
0.0037 0
0.0038 0
0.0039 1
0.004 2
0.0041 0
0.0042 1
0.0043 0
0.0044 0
0.0045 2
0.0046 0
0.0047 0
0.0048 0
0.0049 1
0.005 0
0.0051 1
0.0052 0
0.0053 0
0.0054 1
0.0055 1
0.0056 1
0.0057 0
0.0058 1
0.0059 0
0.006 0
0.0061 0
0.0062 0
0.0063 0
0.0064 0
0.0065 0
0.0066 1
0.0067 0
0.0068 2
0.0069 1
0.007 1
0.0071 1
0.0072 3
0.0073 1
0.0074 3
0.0075 1
0.0076 1
0.0077 0
0.0078 3
0.0079 2
0.008 2
0.0081 2
0.0082 2
0.0083 2
0.0084 1
0.0085 2
0.0086 3
0.0087 5
0.0088 2
0.0089 2
0.009 3
0.0091 3
0.0092 2
0.0093 1
0.0094 4
0.0095 1
0.0096 3
0.0097 2
0.0098 1
0.0099 2
0.01 3
0.0101 0
0.0102 2
0.0103 5
0.0104 3
0.0105 2
0.0106 1
0.0107 2
0.0108 4
0.0109 2
0.011 5
0.0111 3
0.0112 3
0.0113 3
0.0114 3
0.0115 0
0.0116 2
0.0117 4
0.0118 5
0.0119 1
0.012 8
0.0121 4
0.0122 3
0.0123 3
0.0124 5
0.0125 1
0.0126 1
0.0127 2
0.0128 6
0.0129 0
0.013 3
0.0131 2
0.0132 5
0.0133 0
0.0134 7
0.0135 6
0.0136 3
0.0137 3
0.0138 2
0.0139 3
0.014 7
0.0141 4
0.0142 9
0.0143 8
0.0144 7
0.0145 9
0.0146 3
0.0147 4
0.0148 4
0.0149 4
0.015 5
0.0151 5
0.0152 3
0.0153 5
0.0154 6
0.0155 2
0.0156 4
0.0157 7
0.0158 4
0.0159 4
0.016 8
0.0161 5
0.0162 8
0.0163 6
0.0164 6
0.0165 7
0.0166 4
0.0167 9
0.0168 5
0.0169 2
0.017 5
0.0171 6
0.0172 6
0.0173 11
0.0174 5
0.0175 4
0.0176 11
0.0177 11
0.0178 5
0.0179 9
0.018 3
0.0181 9
0.0182 5
0.0183 3
0.0184 8
0.0185 8
0.0186 11
0.0187 8
0.0188 15
0.0189 6
0.019 6
0.0191 11
0.0192 8
0.0193 8
0.0194 8
0.0195 16
0.0196 11
0.0197 9
0.0198 14
0.0199 16
0.02 16
0.0201 16
0.0202 13
0.0203 12
0.0204 18
0.0205 18
0.0206 14
0.0207 16
0.0208 13
0.0209 15
0.021 14
0.0211 14
0.0212 22
0.0213 22
0.0214 11
0.0215 12
0.0216 12
0.0217 18
0.0218 12
0.0219 18
0.022 10
0.0221 15
0.0222 10
0.0223 10
0.0224 10
0.0225 17
0.0226 11
0.0227 7
0.0228 13
0.0229 11
0.023 13
0.0231 20
0.0232 7
0.0233 16
0.0234 16
0.0235 13
0.0236 17
0.0237 15
0.0238 19
0.0239 16
0.024 13
0.0241 15
0.0242 16
0.0243 28
0.0244 22
0.0245 25
0.0246 19
0.0247 20
0.0248 17
0.0249 17
0.025 18
0.0251 20
0.0252 20
0.0253 27
0.0254 21
0.0255 19
0.0256 22
0.0257 29
0.0258 25
0.0259 37
0.026 37
0.0261 50
0.0262 36
0.0263 35
0.0264 47
0.0265 47
0.0266 58
0.0267 65
0.0268 76
0.0269 85
0.027 96
0.0271 104
0.0272 112
0.0273 122
0.0274 130
0.0275 125
0.0276 113
0.0277 112
0.0278 103
0.0279 107
0.028 105
0.0281 109
0.0282 112
0.0283 125
0.0284 133
0.0285 144
0.0286 151
0.0287 163
0.0288 181
0.0289 186
0.029 188
0.0291 189
0.0292 207
0.0293 230
0.0294 258
0.0295 296
0.0296 337
0.0297 384
0.0298 428
0.0299 470
0.03 506
0.0301 547
0.0302 609
0.0303 647
0.0304 690
0.0305 728
0.0306 773
0.0307 819
0.0308 842
0.0309 881
0.031 919
0.0311 963
0.0312 993
0.0313 1028
0.0314 1045
0.0315 1048
0.0316 1060
0.0317 1082
0.0318 1093
0.0319 1117
0.032 1135
0.0321 1137
0.0322 1134
0.0323 1110
0.0324 1098
0.0325 1073
0.0326 1040
0.0327 1014
0.0328 988
0.0329 960
0.033 956
0.0331 935
0.0332 943
0.0333 956
0.0334 977
0.0335 997
0.0336 1019
0.0337 1039
0.0338 1053
0.0339 1073
0.034 1093
0.0341 1115
0.0342 1114
0.0343 1126
0.0344 1120
0.0345 1130
0.0346 1153
0.0347 1165
0.0348 1166
0.0349 1158
0.035 1165
0.0351 1177
0.0352 1200
0.0353 1218
0.0354 1231
0.0355 1254
0.0356 1266
0.0357 1282
0.0358 1286
0.0359 1312
0.036 1325
0.0361 1349
0.0362 1357
0.0363 1363
0.0364 1349
0.0365 1333
0.0366 1322
0.0367 1313
0.0368 1308
0.0369 1316
0.037 1324
0.0371 1334
0.0372 1352
0.0373 1350
0.0374 1359
0.0375 1371
0.0376 1379
0.0377 1384
0.0378 1389
0.0379 1392
0.038 1395
0.0381 1416
0.0382 1424
0.0383 1442
0.0384 1449
0.0385 1453
0.0386 1451
0.0387 1434
0.0388 1433
0.0389 1435
0.039 1439
0.0391 1447
0.0392 1454
0.0393 1460
0.0394 1469
0.0395 1483
0.0396 1478
0.0397 1483
0.0398 1487
0.0399 1489
0.04 1486
0.0401 1488
0.0402 1494
0.0403 1496
0.0404 1490
0.0405 1489
0.0406 1479
0.0407 1475
0.0408 1464
0.0409 1456
0.041 1440
0.0411 1442
0.0412 1435
0.0413 1425
0.0414 1418
0.0415 1405
0.0416 1402
0.0417 1398
0.0418 1400
0.0419 1393
0.042 1397
0.0421 1409
0.0422 1407
0.0423 1407
0.0424 1418
0.0425 1409
0.0426 1406
0.0427 1394
0.0428 1394
0.0429 1399
0.043 1397
0.0431 1402
0.0432 1405
0.0433 1412
0.0434 1423
0.0435 1429
0.0436 1432
0.0437 1432
0.0438 1424
0.0439 1428
0.044 1423
0.0441 1425
0.0442 1419
0.0443 1416
0.0444 1417
0.0445 1406
0.0446 1396
0.0447 1393
0.0448 1389
0.0449 1379
0.045 1367
0.0451 1350
0.0452 1330
0.0453 1309
0.0454 1293
0.0455 1283
0.0456 1276
0.0457 1277
0.0458 1279
0.0459 1274
0.046 1264
0.0461 1259
0.0462 1261
0.0463 1263
0.0464 1258
0.0465 1244
0.0466 1239
0.0467 1236
0.0468 1242
0.0469 1237
0.047 1230
0.0471 1225
0.0472 1212
0.0473 1203
0.0474 1198
0.0475 1209
0.0476 1206
0.0477 1199
0.0478 1192
0.0479 1187
0.048 1176
0.0481 1165
0.0482 1168
0.0483 1169
0.0484 1171
0.0485 1164
0.0486 1166
0.0487 1153
0.0488 1147
0.0489 1142
0.049 1147
0.0491 1141
0.0492 1131
0.0493 1126
0.0494 1121
0.0495 1113
0.0496 1106
0.0497 1104
0.0498 1104
0.0499 1107
0.05 1107
0.0501 1108
0.0502 1109
0.0503 1100
0.0504 1085
0.0505 1065
0.0506 1060
0.0507 1053
0.0508 1044
0.0509 1035
0.051 1032
0.0511 1030
0.0512 1021
0.0513 1025
0.0514 1007
0.0515 1003
0.0516 994
0.0517 991
0.0518 986
0.0519 981
0.052 977
0.0521 969
0.0522 962
0.0523 949
0.0524 937
0.0525 925
0.0526 902
0.0527 891
0.0528 884
0.0529 873
0.053 857
0.0531 850
0.0532 834
0.0533 834
0.0534 841
0.0535 838
0.0536 836
0.0537 839
0.0538 842
0.0539 841
0.054 842
0.0541 845
0.0542 849
0.0543 844
0.0544 845
0.0545 843
0.0546 834
0.0547 830
0.0548 829
0.0549 826
0.055 822
0.0551 830
0.0552 827
0.0553 827
0.0554 832
0.0555 828
0.0556 809
0.0557 804
0.0558 800
0.0559 803
0.056 808
0.0561 808
0.0562 798
0.0563 785
0.0564 794
0.0565 787
0.0566 778
0.0567 784
0.0568 783
0.0569 777
0.057 775
0.0571 769
0.0572 766
0.0573 765
0.0574 766
0.0575 772
0.0576 766
0.0577 767
0.0578 772
0.0579 773
0.058 769
0.0581 770
0.0582 771
0.0583 770
0.0584 763
0.0585 752
0.0586 734
0.0587 738
0.0588 735
0.0589 726
0.059 716
0.0591 717
0.0592 715
0.0593 712
0.0594 715
0.0595 719
0.0596 716
0.0597 720
0.0598 719
0.0599 712
0.06 713
0.0601 715
0.0602 715
0.0603 716
0.0604 712
0.0605 710
0.0606 709
0.0607 709
0.0608 711
0.0609 713
0.061 715
0.0611 718
0.0612 723
0.0613 722
0.0614 724
0.0615 727
0.0616 729
0.0617 726
0.0618 724
0.0619 719
0.062 712
0.0621 710
0.0622 698
0.0623 682
0.0624 647
0.0625 617
0.0626 581
0.0627 557
0.0628 516
0.0629 482
0.063 420
0.0631 381
0.0632 352
0.0633 327
0.0634 300
0.0635 272
0.0636 241
0.0637 220
0.0638 187
0.0639 171
0.064 163
0.0641 155
0.0642 152
0.0643 153
0.0644 154
0.0645 161
0.0646 153
0.0647 147
0.0648 132
0.0649 124
0.065 112
0.0651 95
0.0652 87
0.0653 59
0.0654 46
0.0655 33
0.0656 22
0.0657 19
0.0658 19
0.0659 20
0.066 11
0.0661 7
0.0662 8
0.0663 10
0.0664 6
0.0665 16
0.0666 8
0.0667 10
0.0668 13
0.0669 5
0.067 6
0.0671 5
0.0672 4
0.0673 9
0.0674 16
0.0675 5
0.0676 11
0.0677 9
0.0678 9
0.0679 8
0.068 3
0.0681 7
0.0682 8
0.0683 9
0.0684 9
0.0685 11
0.0686 14
0.0687 11
0.0688 13
0.0689 8
0.069 6
0.0691 4
0.0692 6
0.0693 8
0.0694 10
0.0695 11
0.0696 5
0.0697 10
0.0698 5
0.0699 13
0.07 12
0.0701 8
0.0702 13
0.0703 12
0.0704 5
0.0705 9
0.0706 8
0.0707 8
0.0708 16
0.0709 9
0.071 8
0.0711 9
0.0712 12
0.0713 3
0.0714 11
0.0715 9
0.0716 8
0.0717 6
0.0718 8
0.0719 10
0.072 7
0.0721 10
0.0722 18
0.0723 10
0.0724 8
0.0725 9
0.0726 6
0.0727 9
0.0728 7
0.0729 15
0.073 4
0.0731 3
0.0732 10
0.0733 11
0.0734 13
0.0735 14
0.0736 12
0.0737 13
0.0738 9
0.0739 10
0.074 8
0.0741 6
0.0742 17
0.0743 10
0.0744 9
0.0745 15
0.0746 9
0.0747 11
0.0748 6
0.0749 13
0.075 5
0.0751 9
0.0752 7
0.0753 13
0.0754 12
0.0755 9
0.0756 13
0.0757 16
0.0758 14
0.0759 11
0.076 13
0.0761 10
0.0762 8
0.0763 6
0.0764 11
0.0765 9
0.0766 11
0.0767 10
0.0768 15
0.0769 6
0.077 10
0.0771 5
0.0772 11
0.0773 16
0.0774 6
0.0775 14
0.0776 9
0.0777 5
0.0778 5
0.0779 12
0.078 14
0.0781 12
0.0782 6
0.0783 13
0.0784 10
0.0785 12
0.0786 13
0.0787 11
0.0788 10
0.0789 4
0.079 9
0.0791 11
0.0792 8
0.0793 10
0.0794 8
0.0795 10
0.0796 7
0.0797 7
0.0798 16
0.0799 16
0.08 10
0.0801 9
0.0802 9
0.0803 8
0.0804 12
0.0805 13
0.0806 18
0.0807 14
0.0808 9
0.0809 11
0.081 13
0.0811 10
0.0812 11
0.0813 9
0.0814 25
0.0815 11
0.0816 20
0.0817 18
0.0818 13
0.0819 12
0.082 17
0.0821 18
0.0822 18
0.0823 15
0.0824 18
0.0825 22
0.0826 20
0.0827 13
0.0828 28
0.0829 16
0.083 15
0.0831 16
0.0832 19
0.0833 17
0.0834 20
0.0835 22
0.0836 13
0.0837 19
0.0838 18
0.0839 22
0.084 25
0.0841 21
0.0842 21
0.0843 24
0.0844 23
0.0845 26
0.0846 29
0.0847 21
0.0848 30
0.0849 29
0.085 32
0.0851 33
0.0852 38
0.0853 35
0.0854 40
0.0855 45
0.0856 48
0.0857 42
0.0858 55
0.0859 57
0.086 50
0.0861 55
0.0862 52
0.0863 52
0.0864 62
0.0865 68
0.0866 77
0.0867 75
0.0868 81
0.0869 81
0.087 88
0.0871 78
0.0872 83
0.0873 85
0.0874 85
0.0875 91
0.0876 89
0.0877 91
0.0878 94
0.0879 92
0.088 91
0.0881 89
0.0882 90
0.0883 82
0.0884 78
0.0885 79
0.0886 84
0.0887 93
0.0888 99
0.0889 111
0.089 114
0.0891 114
0.0892 103
0.0893 117
0.0894 123
0.0895 132
0.0896 130
0.0897 134
0.0898 136
0.0899 135
0.09 139
0.0901 135
0.0902 146
0.0903 147
0.0904 144
0.0905 144
0.0906 143
0.0907 140
0.0908 126
0.0909 116
0.091 108
0.0911 111
0.0912 114
0.0913 92
0.0914 121
0.0915 105
0.0916 100
0.0917 114
0.0918 105
0.0919 116
0.092 136
0.0921 165
0.0922 170
0.0923 173
0.0924 172
0.0925 200
0.0926 208
0.0927 212
0.0928 226
0.0929 248
0.093 266
0.0931 285
0.0932 327
0.0933 361
0.0934 387
0.0935 433
0.0936 469
0.0937 513
0.0938 544
0.0939 594
0.094 628
0.0941 672
0.0942 703
0.0943 730
0.0944 749
0.0945 778
0.0946 808
0.0947 841
0.0948 886
0.0949 902
0.095 928
0.0951 970
0.0952 989
0.0953 1009
0.0954 1022
0.0955 1051
0.0956 1069
0.0957 1080
0.0958 1101
0.0959 1125
0.096 1144
0.0961 1163
0.0962 1174
0.0963 1190
0.0964 1211
0.0965 1227
0.0966 1237
0.0967 1243
0.0968 1262
0.0969 1278
0.097 1288
0.0971 1309
0.0972 1324
0.0973 1330
0.0974 1340
0.0975 1350
0.0976 1353
0.0977 1359
0.0978 1378
0.0979 1395
0.098 1405
0.0981 1417
0.0982 1435
0.0983 1445
0.0984 1456
0.0985 1460
0.0986 1468
0.0987 1461
0.0988 1463
0.0989 1462
0.099 1476
0.0991 1481
0.0992 1484
0.0993 1492
0.0994 1491
0.0995 1505
0.0996 1506
0.0997 1516
0.0998 1519
0.0999 1529
0.1 1524
0.1001 1528
0.1002 1526
0.1003 1529
0.1004 1530
0.1005 1531
0.1006 1530
0.1007 1532
0.1008 1524
0.1009 1525
0.101 1518
0.1011 1507
0.1012 1501
0.1013 1494
0.1014 1496
0.1015 1492
0.1016 1487
0.1017 1476
0.1018 1476
0.1019 1477
0.102 1475
0.1021 1477
0.1022 1478
0.1023 1472
0.1024 1468
0.1025 1466
0.1026 1458
0.1027 1454
0.1028 1451
0.1029 1452
0.103 1453
0.1031 1445
0.1032 1438
0.1033 1445
0.1034 1444
0.1035 1425
0.1036 1420
0.1037 1413
0.1038 1404
0.1039 1404
0.104 1410
0.1041 1408
0.1042 1407
0.1043 1403
0.1044 1402
0.1045 1402
0.1046 1400
0.1047 1409
0.1048 1403
0.1049 1398
0.105 1396
0.1051 1394
0.1052 1391
0.1053 1382
0.1054 1372
0.1055 1363
0.1056 1357
0.1057 1347
0.1058 1342
0.1059 1342
0.106 1337
0.1061 1331
0.1062 1324
0.1063 1317
0.1064 1311
0.1065 1300
0.1066 1291
0.1067 1290
0.1068 1285
0.1069 1281
0.107 1267
0.1071 1253
0.1072 1243
0.1073 1225
0.1074 1192
0.1075 1182
0.1076 1162
0.1077 1156
0.1078 1153
0.1079 1147
0.108 1140
0.1081 1136
0.1082 1128
0.1083 1130
0.1084 1126
0.1085 1123
0.1086 1130
0.1087 1127
0.1088 1122
0.1089 1118
0.109 1107
0.1091 1074
0.1092 1049
0.1093 1028
0.1094 1002
0.1095 982
0.1096 979
0.1097 970
0.1098 965
0.1099 962
0.11 954
0.1101 958
0.1102 955
0.1103 965
0.1104 970
0.1105 967
0.1106 969
0.1107 972
0.1108 969
0.1109 972
0.111 975
0.1111 977
0.1112 978
0.1113 970
0.1114 969
0.1115 969
0.1116 969
0.1117 965
0.1118 963
0.1119 964
0.112 967
0.1121 969
0.1122 969
0.1123 970
0.1124 959
0.1125 959
0.1126 956
0.1127 956
0.1128 967
0.1129 968
0.113 969
0.1131 966
0.1132 955
0.1133 950
0.1134 950
0.1135 938
0.1136 918
0.1137 901
0.1138 881
0.1139 859
0.114 839
0.1141 834
0.1142 824
0.1143 822
0.1144 817
0.1145 815
0.1146 808
0.1147 804
0.1148 801
0.1149 797
0.115 795
0.1151 793
0.1152 791
0.1153 777
0.1154 779
0.1155 777
0.1156 782
0.1157 789
0.1158 787
0.1159 790
0.116 781
0.1161 777
0.1162 771
0.1163 752
0.1164 747
0.1165 747
0.1166 742
0.1167 746
0.1168 747
0.1169 748
0.117 759
0.1171 756
0.1172 756
0.1173 759
0.1174 761
0.1175 763
0.1176 760
0.1177 761
0.1178 760
0.1179 763
0.118 760
0.1181 759
0.1182 764
0.1183 761
0.1184 763
0.1185 756
0.1186 756
0.1187 754
0.1188 747
0.1189 746
0.119 748
0.1191 748
0.1192 745
0.1193 744
0.1194 742
0.1195 745
0.1196 737
0.1197 733
0.1198 736
0.1199 732
0.12 729
0.1201 716
0.1202 718
0.1203 713
0.1204 707
0.1205 680
0.1206 652
0.1207 626
0.1208 599
0.1209 576
0.121 553
0.1211 546
0.1212 533
0.1213 512
0.1214 489
0.1215 487
0.1216 487
0.1217 462
0.1218 419
0.1219 397
0.122 378
0.1221 370
0.1222 363
0.1223 349
0.1224 335
0.1225 306
0.1226 278
0.1227 262
0.1228 237
0.1229 212
0.123 179
0.1231 152
0.1232 134
0.1233 121
0.1234 97
0.1235 88
0.1236 75
0.1237 69
0.1238 64
0.1239 57
0.124 55
0.1241 57
0.1242 41
0.1243 38
0.1244 37
0.1245 33
0.1246 23
0.1247 25
0.1248 28
0.1249 23
0.125 17
0.1251 18
0.1252 18
0.1253 14
0.1254 13
0.1255 14
0.1256 10
0.1257 13
0.1258 15
0.1259 11
0.126 9
0.1261 7
0.1262 4
0.1263 13
0.1264 16
0.1265 8
0.1266 11
0.1267 10
0.1268 12
0.1269 9
0.127 12
0.1271 14
0.1272 11
0.1273 5
0.1274 9
0.1275 8
0.1276 7
0.1277 7
0.1278 4
0.1279 7
0.128 4
0.1281 4
0.1282 6
0.1283 10
0.1284 11
0.1285 12
0.1286 7
0.1287 7
0.1288 6
0.1289 4
0.129 7
0.1291 7
0.1292 7
0.1293 5
0.1294 4
0.1295 9
0.1296 6
0.1297 7
0.1298 8
0.1299 10
0.13 8
0.1301 6
0.1302 11
0.1303 10
0.1304 6
0.1305 10
0.1306 6
0.1307 5
0.1308 8
0.1309 5
0.131 5
0.1311 5
0.1312 2
0.1313 11
0.1314 13
0.1315 7
0.1316 6
0.1317 5
0.1318 4
0.1319 8
0.132 8
0.1321 6
0.1322 7
0.1323 7
0.1324 4
0.1325 10
0.1326 12
0.1327 15
0.1328 13
0.1329 14
0.133 7
0.1331 13
0.1332 7
0.1333 10
0.1334 10
0.1335 14
0.1336 8
0.1337 17
0.1338 14
0.1339 12
0.134 9
0.1341 14
0.1342 14
0.1343 22
0.1344 17
0.1345 16
0.1346 20
0.1347 14
0.1348 19
0.1349 15
0.135 15
0.1351 18
0.1352 19
0.1353 18
0.1354 19
0.1355 21
0.1356 20
0.1357 25
0.1358 23
0.1359 25
0.136 20
0.1361 20
0.1362 17
0.1363 16
0.1364 32
0.1365 21
0.1366 9
0.1367 19
0.1368 19
0.1369 19
0.137 18
0.1371 18
0.1372 22
0.1373 24
0.1374 22
0.1375 25
0.1376 23
0.1377 20
0.1378 17
0.1379 29
0.138 17
0.1381 27
0.1382 25
0.1383 27
0.1384 21
0.1385 40
0.1386 19
0.1387 36
0.1388 27
0.1389 38
0.139 38
0.1391 27
0.1392 25
0.1393 25
0.1394 41
0.1395 34
0.1396 32
0.1397 23
0.1398 26
0.1399 21
0.14 20
0.1401 26
0.1402 32
0.1403 20
0.1404 26
0.1405 28
0.1406 31
0.1407 29
0.1408 44
0.1409 53
0.141 58
0.1411 50
0.1412 57
0.1413 71
0.1414 67
0.1415 76
0.1416 83
0.1417 110
0.1418 112
0.1419 134
0.142 145
0.1421 149
0.1422 143
0.1423 167
0.1424 171
0.1425 177
0.1426 177
0.1427 196
0.1428 202
0.1429 226
0.143 241
0.1431 262
0.1432 297
0.1433 344
0.1434 400
0.1435 445
0.1436 511
0.1437 549
0.1438 589
0.1439 636
0.144 663
0.1441 701
0.1442 756
0.1443 802
0.1444 833
0.1445 871
0.1446 907
0.1447 934
0.1448 960
0.1449 988
0.145 1013
0.1451 1039
0.1452 1076
0.1453 1097
0.1454 1120
0.1455 1141
0.1456 1165
0.1457 1194
0.1458 1222
0.1459 1254
0.146 1269
0.1461 1296
0.1462 1297
0.1463 1297
0.1464 1298
0.1465 1309
0.1466 1332
0.1467 1358
0.1468 1370
0.1469 1377
0.147 1375
0.1471 1387
0.1472 1398
0.1473 1415
0.1474 1434
0.1475 1430
0.1476 1422
0.1477 1409
0.1478 1405
0.1479 1410
0.148 1409
0.1481 1410
0.1482 1418
0.1483 1412
0.1484 1418
0.1485 1428
0.1486 1437
0.1487 1453
0.1488 1455
0.1489 1455
0.149 1460
0.1491 1475
0.1492 1485
0.1493 1494
0.1494 1508
0.1495 1516
0.1496 1531
0.1497 1535
0.1498 1539
0.1499 1537
0.15 1529
0.1501 1527
0.1502 1538
0.1503 1538
0.1504 1542
0.1505 1539
0.1506 1539
0.1507 1549
0.1508 1551
0.1509 1556
0.151 1548
0.1511 1557
0.1512 1568
0.1513 1573
0.1514 1581
0.1515 1578
0.1516 1578
0.1517 1583
0.1518 1580
0.1519 1567
0.152 1560
0.1521 1551
0.1522 1548
0.1523 1539
0.1524 1540
0.1525 1534
0.1526 1540
0.1527 1533
0.1528 1522
0.1529 1524
0.153 1523
0.1531 1513
0.1532 1506
0.1533 1502
0.1534 1498
0.1535 1492
0.1536 1481
0.1537 1475
0.1538 1476
0.1539 1476
0.154 1473
0.1541 1473
0.1542 1478
0.1543 1479
0.1544 1475
0.1545 1477
0.1546 1474
0.1547 1468
0.1548 1464
0.1549 1472
0.155 1471
0.1551 1470
0.1552 1467
0.1553 1459
0.1554 1450
0.1555 1443
0.1556 1419
0.1557 1390
0.1558 1366
0.1559 1357
0.156 1348
0.1561 1342
0.1562 1334
0.1563 1341
0.1564 1334
0.1565 1327
0.1566 1322
0.1567 1325
0.1568 1318
0.1569 1323
0.157 1305
0.1571 1308
0.1572 1298
0.1573 1294
0.1574 1297
0.1575 1300
0.1576 1290
0.1577 1282
0.1578 1279
0.1579 1278
0.158 1284
0.1581 1278
0.1582 1270
0.1583 1279
0.1584 1279
0.1585 1271
0.1586 1274
0.1587 1271
0.1588 1268
0.1589 1256
0.159 1248
0.1591 1240
0.1592 1236
0.1593 1235
0.1594 1233
0.1595 1228
0.1596 1220
0.1597 1219
0.1598 1219
0.1599 1215
0.16 1210
0.1601 1211
0.1602 1213
0.1603 1210
0.1604 1206
0.1605 1195
0.1606 1187
0.1607 1182
0.1608 1174
0.1609 1177
0.161 1176
0.1611 1167
0.1612 1163
0.1613 1156
0.1614 1152
0.1615 1150
0.1616 1142
0.1617 1140
0.1618 1137
0.1619 1133
0.162 1128
0.1621 1130
0.1622 1124
0.1623 1121
0.1624 1121
0.1625 1118
0.1626 1118
0.1627 1112
0.1628 1107
0.1629 1102
0.163 1085
0.1631 1068
0.1632 1057
0.1633 1053
0.1634 1052
0.1635 1040
0.1636 1028
0.1637 1022
0.1638 1022
0.1639 1013
0.164 1002
0.1641 998
0.1642 992
0.1643 983
0.1644 976
0.1645 974
0.1646 976
0.1647 979
0.1648 977
0.1649 979
0.165 982
0.1651 982
0.1652 981
0.1653 984
0.1654 977
0.1655 970
0.1656 969
0.1657 967
0.1658 958
0.1659 953
0.166 950
0.1661 945
0.1662 943
0.1663 944
0.1664 940
0.1665 937
0.1666 938
0.1667 940
0.1668 930
0.1669 924
0.167 914
0.1671 907
0.1672 892
0.1673 892
0.1674 886
0.1675 885
0.1676 878
0.1677 870
0.1678 867
0.1679 866
0.168 863
0.1681 866
0.1682 872
0.1683 868
0.1684 866
0.1685 864
0.1686 862
0.1687 851
0.1688 826
0.1689 815
0.169 806
0.1691 804
0.1692 803
0.1693 798
0.1694 789
0.1695 780
0.1696 771
0.1697 764
0.1698 759
0.1699 749
0.17 753
0.1701 751
0.1702 747
0.1703 746
0.1704 734
0.1705 727
0.1706 722
0.1707 722
0.1708 722
0.1709 722
0.171 717
0.1711 718
0.1712 721
0.1713 722
0.1714 730
0.1715 733
0.1716 729
0.1717 731
0.1718 734
0.1719 732
0.172 721
0.1721 714
0.1722 708
0.1723 702
0.1724 701
0.1725 698
0.1726 692
0.1727 689
0.1728 693
0.1729 691
0.173 697
0.1731 695
0.1732 686
0.1733 692
0.1734 690
0.1735 688
0.1736 688
0.1737 687
0.1738 680
0.1739 684
0.174 690
0.1741 687
0.1742 690
0.1743 690
0.1744 692
0.1745 682
0.1746 682
0.1747 681
0.1748 677
0.1749 681
0.175 679
0.1751 676
0.1752 672
0.1753 659
0.1754 654
0.1755 647
0.1756 650
0.1757 648
0.1758 655
0.1759 653
0.176 653
0.1761 642
0.1762 623
0.1763 592
0.1764 560
0.1765 529
0.1766 496
0.1767 474
0.1768 445
0.1769 404
0.177 370
0.1771 336
0.1772 314
0.1773 299
0.1774 290
0.1775 267
0.1776 230
0.1777 206
0.1778 185
0.1779 150
0.178 138
0.1781 123
0.1782 106
0.1783 88
0.1784 56
0.1785 42
0.1786 31
0.1787 25
0.1788 21
0.1789 18
0.179 21
0.1791 23
0.1792 24
0.1793 20
0.1794 18
0.1795 14
0.1796 16
0.1797 8
0.1798 14
0.1799 10
0.18 9
0.1801 9
0.1802 6
0.1803 10
0.1804 11
0.1805 7
0.1806 11
0.1807 9
0.1808 4
0.1809 5
0.181 0
0.1811 4
0.1812 4
0.1813 5
0.1814 4
0.1815 9
0.1816 6
0.1817 6
0.1818 12
0.1819 4
0.182 9
0.1821 9
0.1822 4
0.1823 5
0.1824 9
0.1825 3
0.1826 7
0.1827 5
0.1828 3
0.1829 7
0.183 8
0.1831 6
0.1832 9
0.1833 1
0.1834 3
0.1835 9
0.1836 7
0.1837 6
0.1838 7
0.1839 9
0.184 6
0.1841 4
0.1842 3
0.1843 7
0.1844 4
0.1845 3
0.1846 5
0.1847 12
0.1848 3
0.1849 7
0.185 3
0.1851 9
0.1852 10
0.1853 9
0.1854 9
0.1855 4
0.1856 5
0.1857 8
0.1858 4
0.1859 3
0.186 6
0.1861 6
0.1862 5
0.1863 7
0.1864 9
0.1865 2
0.1866 5
0.1867 5
0.1868 2
0.1869 7
0.187 6
0.1871 7
0.1872 10
0.1873 8
0.1874 13
0.1875 7
0.1876 4
0.1877 8
0.1878 7
0.1879 7
0.188 4
0.1881 7
0.1882 5
0.1883 9
0.1884 7
0.1885 4
0.1886 12
0.1887 8
0.1888 8
0.1889 12
0.189 9
0.1891 9
0.1892 13
0.1893 5
0.1894 9
0.1895 9
0.1896 6
0.1897 7
0.1898 9
0.1899 12
0.19 5
0.1901 4
0.1902 4
0.1903 6
0.1904 9
0.1905 6
0.1906 5
0.1907 11
0.1908 8
0.1909 7
0.191 6
0.1911 9
0.1912 8
0.1913 6
0.1914 13
0.1915 6
0.1916 7
0.1917 11
0.1918 6
0.1919 13
0.192 15
0.1921 13
0.1922 9
0.1923 10
0.1924 10
0.1925 12
0.1926 10
0.1927 9
0.1928 17
0.1929 10
0.193 7
0.1931 15
0.1932 11
0.1933 16
0.1934 23
0.1935 11
0.1936 8
0.1937 24
0.1938 11
0.1939 16
0.194 17
0.1941 18
0.1942 24
0.1943 16
0.1944 12
0.1945 13
0.1946 15
0.1947 19
0.1948 7
0.1949 11
0.195 13
0.1951 12
0.1952 18
0.1953 20
0.1954 16
0.1955 18
0.1956 13
0.1957 18
0.1958 15
0.1959 24
0.196 20
0.1961 20
0.1962 23
0.1963 22
0.1964 26
0.1965 20
0.1966 15
0.1967 20
0.1968 18
0.1969 26
0.197 17
0.1971 18
0.1972 24
0.1973 24
0.1974 34
0.1975 28
0.1976 30
0.1977 25
0.1978 19
0.1979 27
0.198 32
0.1981 28
0.1982 29
0.1983 26
0.1984 22
0.1985 22
0.1986 24
0.1987 22
0.1988 24
0.1989 35
0.199 33
0.1991 32
0.1992 35
0.1993 40
0.1994 35
0.1995 38
0.1996 52
0.1997 59
0.1998 36
0.1999 52
0.2 59
0.2001 66
0.2002 65
0.2003 81
0.2004 73
0.2005 75
0.2006 92
0.2007 106
0.2008 105
0.2009 112
0.201 119
0.2011 138
0.2012 156
0.2013 161
0.2014 167
0.2015 185
0.2016 182
0.2017 196
0.2018 213
0.2019 200
0.202 213
0.2021 223
0.2022 243
0.2023 278
0.2024 292
0.2025 324
0.2026 344
0.2027 380
0.2028 408
0.2029 457
0.203 488
0.2031 499
0.2032 529
0.2033 568
0.2034 607
0.2035 634
0.2036 666
0.2037 697
0.2038 729
0.2039 766
0.204 804
0.2041 830
0.2042 859
0.2043 874
0.2044 896
0.2045 891
0.2046 882
0.2047 900
0.2048 917
0.2049 931
0.205 951
0.2051 970
0.2052 983
0.2053 1006
0.2054 1031
0.2055 1050
0.2056 1069
0.2057 1078
0.2058 1084
0.2059 1080
0.206 1092
0.2061 1098
0.2062 1116
0.2063 1130
0.2064 1143
0.2065 1158
0.2066 1161
0.2067 1178
0.2068 1203
0.2069 1220
0.207 1250
0.2071 1265
0.2072 1268
0.2073 1278
0.2074 1290
0.2075 1308
0.2076 1320
0.2077 1322
0.2078 1333
0.2079 1340
0.208 1343
0.2081 1346
0.2082 1338
0.2083 1328
0.2084 1337
0.2085 1352
0.2086 1357
0.2087 1372
0.2088 1380
0.2089 1386
0.209 1391
0.2091 1392
0.2092 1412
0.2093 1409
0.2094 1409
0.2095 1422
0.2096 1433
0.2097 1431
0.2098 1431
0.2099 1418
0.21 1389
0.2101 1376
0.2102 1348
0.2103 1332
0.2104 1317
0.2105 1306
0.2106 1309
0.2107 1304
0.2108 1305
0.2109 1288
0.211 1286
0.2111 1280
0.2112 1273
0.2113 1280
0.2114 1284
0.2115 1291
0.2116 1296
0.2117 1306
0.2118 1309
0.2119 1317
0.212 1324
0.2121 1320
0.2122 1319
0.2123 1313
0.2124 1313
0.2125 1315
0.2126 1312
0.2127 1320
0.2128 1333
0.2129 1334
0.213 1337
0.2131 1329
0.2132 1324
0.2133 1320
0.2134 1316
0.2135 1308
0.2136 1309
0.2137 1306
0.2138 1314
0.2139 1316
0.214 1314
0.2141 1294
0.2142 1275
0.2143 1258
0.2144 1250
0.2145 1239
0.2146 1235
0.2147 1227
0.2148 1230
0.2149 1233
0.215 1228
0.2151 1235
0.2152 1233
0.2153 1220
0.2154 1210
0.2155 1208
0.2156 1205
0.2157 1213
0.2158 1224
0.2159 1218
0.216 1213
0.2161 1205
0.2162 1186
0.2163 1149
0.2164 1095
0.2165 1068
0.2166 1042
0.2167 1025
0.2168 1001
0.2169 996
0.217 971
0.2171 968
0.2172 962
0.2173 956
0.2174 936
0.2175 935
0.2176 945
0.2177 950
0.2178 952
0.2179 967
0.218 964
0.2181 973
0.2182 985
0.2183 988
0.2184 988
0.2185 995
0.2186 1001
0.2187 1007
0.2188 1013
0.2189 1020
0.219 1019
0.2191 1017
0.2192 1016
0.2193 1020
0.2194 1024
0.2195 1026
0.2196 1036
0.2197 1040
0.2198 1031
0.2199 1031
0.22 1016
0.2201 997
0.2202 976
0.2203 967
0.2204 958
0.2205 939
0.2206 924
0.2207 924
0.2208 912
0.2209 905
0.221 904
0.2211 912
0.2212 921
0.2213 929
0.2214 932
0.2215 932
0.2216 932
0.2217 941
0.2218 945
0.2219 940
0.222 941
0.2221 951
0.2222 949
0.2223 962
0.2224 965
0.2225 967
0.2226 960
0.2227 969
0.2228 973
0.2229 970
0.223 970
0.2231 975
0.2232 981
0.2233 981
0.2234 983
0.2235 976
0.2236 979
0.2237 982
0.2238 977
0.2239 972
0.224 971
0.2241 975
0.2242 962
0.2243 959
0.2244 951
0.2245 952
0.2246 954
0.2247 948
0.2248 936
0.2249 926
0.225 916
0.2251 906
0.2252 892
0.2253 890
0.2254 882
0.2255 861
0.2256 849
0.2257 846
0.2258 822
0.2259 797
0.226 778
0.2261 765
0.2262 740
0.2263 723
0.2264 705
0.2265 679
0.2266 664
0.2267 643
0.2268 644
0.2269 645
0.227 643
0.2271 646
0.2272 652
0.2273 648
0.2274 646
0.2275 644
0.2276 650
0.2277 630
0.2278 618
0.2279 606
0.228 601
0.2281 583
0.2282 538
0.2283 502
0.2284 452
0.2285 395
0.2286 353
0.2287 335
0.2288 321
0.2289 318
0.229 306
0.2291 303
0.2292 303
0.2293 316
0.2294 326
0.2295 332
0.2296 337
0.2297 360
0.2298 382
0.2299 375
0.23 386
0.2301 386
0.2302 393
0.2303 400
0.2304 394
0.2305 389
0.2306 407
0.2307 410
0.2308 416
0.2309 419
0.231 432
0.2311 429
0.2312 436
0.2313 432
0.2314 420
0.2315 401
0.2316 378
0.2317 376
0.2318 369
0.2319 374
0.232 374
0.2321 386
0.2322 399
0.2323 405
0.2324 413
0.2325 421
0.2326 429
0.2327 441
0.2328 452
0.2329 461
0.233 473
0.2331 485
0.2332 490
0.2333 497
0.2334 511
0.2335 522
0.2336 534
0.2337 543
0.2338 551
0.2339 557
0.234 567
0.2341 565
0.2342 571
0.2343 570
0.2344 579
0.2345 590
0.2346 606
0.2347 617
0.2348 625
0.2349 638
0.235 637
0.2351 641
0.2352 631
0.2353 637
0.2354 634
0.2355 640
0.2356 642
0.2357 649
0.2358 662
0.2359 674
0.236 679
0.2361 685
0.2362 691
0.2363 702
0.2364 710
0.2365 717
0.2366 726
0.2367 721
0.2368 721
0.2369 716
0.237 718
0.2371 716
0.2372 720
0.2373 709
0.2374 699
0.2375 692
0.2376 680
0.2377 669
0.2378 672
0.2379 666
0.238 671
0.2381 678
0.2382 680
0.2383 685
0.2384 680
0.2385 691
0.2386 695
0.2387 700
0.2388 699
0.2389 698
0.239 694
0.2391 696
0.2392 686
0.2393 684
0.2394 687
0.2395 692
0.2396 692
0.2397 693
0.2398 695
0.2399 699
0.24 697
0.2401 688
0.2402 665
0.2403 638
0.2404 617
0.2405 603
0.2406 592
0.2407 584
0.2408 577
0.2409 577
0.241 571
0.2411 565
0.2412 563
0.2413 562
0.2414 547
0.2415 547
0.2416 543
0.2417 537
0.2418 539
0.2419 539
0.242 539
0.2421 533
0.2422 528
0.2423 531
0.2424 535
0.2425 538
0.2426 531
0.2427 534
0.2428 540
0.2429 550
0.243 554
0.2431 564
0.2432 569
0.2433 575
0.2434 562
0.2435 548
0.2436 533
0.2437 526
0.2438 531
0.2439 522
0.244 518
0.2441 511
0.2442 508
0.2443 503
0.2444 498
0.2445 495
0.2446 496
0.2447 499
0.2448 505
0.2449 503
0.245 502
0.2451 512
0.2452 523
0.2453 525
0.2454 525
0.2455 525
0.2456 529
0.2457 536
0.2458 542
0.2459 543
0.246 541
0.2461 542
0.2462 539
0.2463 537
0.2464 534
0.2465 545
0.2466 547
0.2467 556
0.2468 553
0.2469 556
0.247 557
0.2471 564
0.2472 566
0.2473 569
0.2474 571
0.2475 578
0.2476 583
0.2477 585
0.2478 585
0.2479 590
0.248 585
0.2481 569
0.2482 550
0.2483 524
0.2484 499
0.2485 481
0.2486 449
0.2487 418
0.2488 406
0.2489 399
0.249 386
0.2491 365
0.2492 349
0.2493 336
0.2494 336
0.2495 336
0.2496 331
0.2497 318
0.2498 299
0.2499 292
0.25 277
