0 0
0.0001 183
0.0002 281
0.0003 316
0.0004 338
0.0005 321
0.0006 320
0.0007 300
0.0008 293
0.0009 306
0.001 302
0.0011 301
0.0012 309
0.0013 321
0.0014 315
0.0015 293
0.0016 307
0.0017 283
0.0018 276
0.0019 281
0.002 275
0.0021 289
0.0022 273
0.0023 249
0.0024 264
0.0025 262
0.0026 273
0.0027 264
0.0028 257
0.0029 258
0.003 257
0.0031 246
0.0032 263
0.0033 278
0.0034 271
0.0035 253
0.0036 257
0.0037 241
0.0038 256
0.0039 244
0.004 258
0.0041 256
0.0042 251
0.0043 249
0.0044 244
0.0045 223
0.0046 235
0.0047 246
0.0048 226
0.0049 227
0.005 209
0.0051 209
0.0052 220
0.0053 215
0.0054 208
0.0055 220
0.0056 214
0.0057 233
0.0058 235
0.0059 232
0.006 232
0.0061 220
0.0062 203
0.0063 204
0.0064 201
0.0065 211
0.0066 218
0.0067 221
0.0068 214
0.0069 226
0.007 231
0.0071 230
0.0072 214
0.0073 204
0.0074 204
0.0075 187
0.0076 198
0.0077 200
0.0078 213
0.0079 222
0.008 204
0.0081 196
0.0082 209
0.0083 194
0.0084 203
0.0085 206
0.0086 213
0.0087 191
0.0088 197
0.0089 193
0.009 179
0.0091 173
0.0092 190
0.0093 182
0.0094 196
0.0095 198
0.0096 179
0.0097 174
0.0098 186
0.0099 190
0.01 174
0.0101 188
0.0102 177
0.0103 180
0.0104 169
0.0105 180
0.0106 182
0.0107 174
0.0108 161
0.0109 166
0.011 172
0.0111 176
0.0112 180
0.0113 168
0.0114 166
0.0115 166
0.0116 157
0.0117 173
0.0118 170
0.0119 172
0.012 163
0.0121 187
0.0122 184
0.0123 171
0.0124 171
0.0125 176
0.0126 162
0.0127 148
0.0128 154
0.0129 147
0.013 146
0.0131 149
0.0132 145
0.0133 150
0.0134 149
0.0135 156
0.0136 163
0.0137 168
0.0138 155
0.0139 140
0.014 147
0.0141 141
0.0142 139
0.0143 153
0.0144 143
0.0145 159
0.0146 157
0.0147 158
0.0148 172
0.0149 158
0.015 159
0.0151 160
0.0152 156
0.0153 161
0.0154 145
0.0155 152
0.0156 144
0.0157 130
0.0158 149
0.0159 152
0.016 162
0.0161 141
0.0162 139
0.0163 122
0.0164 137
0.0165 146
0.0166 143
0.0167 154
0.0168 143
0.0169 134
0.017 136
0.0171 139
0.0172 131
0.0173 129
0.0174 124
0.0175 132
0.0176 134
0.0177 132
0.0178 133
0.0179 123
0.018 124
0.0181 125
0.0182 137
0.0183 136
0.0184 131
0.0185 132
0.0186 141
0.0187 138
0.0188 131
0.0189 130
0.019 135
0.0191 128
0.0192 114
0.0193 132
0.0194 125
0.0195 121
0.0196 126
0.0197 130
0.0198 144
0.0199 123
0.02 130
0.0201 135
0.0202 123
0.0203 122
0.0204 122
0.0205 118
0.0206 120
0.0207 117
0.0208 106
0.0209 115
0.021 123
0.0211 120
0.0212 128
0.0213 122
0.0214 119
0.0215 112
0.0216 98
0.0217 108
0.0218 98
0.0219 107
0.022 116
0.0221 110
0.0222 103
0.0223 111
0.0224 114
0.0225 116
0.0226 114
0.0227 121
0.0228 114
0.0229 111
0.023 120
0.0231 133
0.0232 120
0.0233 124
0.0234 116
0.0235 108
0.0236 105
0.0237 108
0.0238 109
0.0239 103
0.024 103
0.0241 99
0.0242 113
0.0243 99
0.0244 85
0.0245 99
0.0246 94
0.0247 88
0.0248 94
0.0249 90
0.025 99
0.0251 100
0.0252 106
0.0253 104
0.0254 111
0.0255 114
0.0256 116
0.0257 107
0.0258 110
0.0259 113
0.026 106
0.0261 115
0.0262 110
0.0263 108
0.0264 102
0.0265 109
0.0266 105
0.0267 106
0.0268 111
0.0269 110
0.027 101
0.0271 103
0.0272 92
0.0273 86
0.0274 95
0.0275 98
0.0276 90
0.0277 105
0.0278 92
0.0279 91
0.028 79
0.0281 87
0.0282 93
0.0283 102
0.0284 101
0.0285 101
0.0286 98
0.0287 100
0.0288 101
0.0289 109
0.029 105
0.0291 110
0.0292 113
0.0293 112
0.0294 106
0.0295 113
0.0296 98
0.0297 96
0.0298 103
0.0299 98
0.03 92
0.0301 76
0.0302 79
0.0303 72
0.0304 82
0.0305 82
0.0306 88
0.0307 94
0.0308 86
0.0309 89
0.031 94
0.0311 91
0.0312 86
0.0313 85
0.0314 82
0.0315 84
0.0316 98
0.0317 101
0.0318 102
0.0319 102
0.032 98
0.0321 96
0.0322 87
0.0323 86
0.0324 95
0.0325 90
0.0326 91
0.0327 97
0.0328 95
0.0329 86
0.033 91
0.0331 77
0.0332 83
0.0333 83
0.0334 75
0.0335 76
0.0336 78
0.0337 87
0.0338 82
0.0339 88
0.034 73
0.0341 82
0.0342 80
0.0343 91
0.0344 81
0.0345 84
0.0346 72
0.0347 78
0.0348 77
0.0349 86
0.035 94
0.0351 86
0.0352 89
0.0353 79
0.0354 73
0.0355 67
0.0356 76
0.0357 84
0.0358 91
0.0359 90
0.036 91
0.0361 96
0.0362 92
0.0363 86
0.0364 97
0.0365 89
0.0366 92
0.0367 78
0.0368 70
0.0369 74
0.037 72
0.0371 74
0.0372 72
0.0373 69
0.0374 79
0.0375 78
0.0376 79
0.0377 78
0.0378 78
0.0379 84
0.038 96
0.0381 108
0.0382 103
0.0383 87
0.0384 83
0.0385 76
0.0386 89
0.0387 85
0.0388 87
0.0389 81
0.039 81
0.0391 75
0.0392 71
0.0393 73
0.0394 69
0.0395 64
0.0396 80
0.0397 72
0.0398 67
0.0399 75
0.04 77
0.0401 71
0.0402 69
0.0403 74
0.0404 72
0.0405 72
0.0406 67
0.0407 65
0.0408 64
0.0409 67
0.041 63
0.0411 57
0.0412 59
0.0413 52
0.0414 60
0.0415 61
0.0416 61
0.0417 64
0.0418 68
0.0419 67
0.042 70
0.0421 64
0.0422 79
0.0423 71
0.0424 72
0.0425 73
0.0426 69
0.0427 74
0.0428 69
0.0429 69
0.043 65
0.0431 64
0.0432 60
0.0433 59
0.0434 53
0.0435 59
0.0436 61
0.0437 68
0.0438 63
0.0439 62
0.044 63
0.0441 55
0.0442 56
0.0443 57
0.0444 46
0.0445 51
0.0446 55
0.0447 59
0.0448 60
0.0449 64
0.045 68
0.0451 66
0.0452 70
0.0453 75
0.0454 68
0.0455 66
0.0456 64
0.0457 59
0.0458 67
0.0459 62
0.046 62
0.0461 62
0.0462 68
0.0463 65
0.0464 63
0.0465 62
0.0466 61
0.0467 59
0.0468 54
0.0469 71
0.047 64
0.0471 67
0.0472 63
0.0473 66
0.0474 71
0.0475 63
0.0476 64
0.0477 67
0.0478 63
0.0479 62
0.048 63
0.0481 57
0.0482 64
0.0483 71
0.0484 65
0.0485 64
0.0486 65
0.0487 59
0.0488 68
0.0489 65
0.049 64
0.0491 62
0.0492 57
0.0493 56
0.0494 59
0.0495 59
0.0496 66
0.0497 65
0.0498 64
0.0499 63
0.05 58
0.0501 56
0.0502 56
0.0503 62
0.0504 59
0.0505 65
0.0506 63
0.0507 66
0.0508 63
0.0509 61
0.051 58
0.0511 64
0.0512 71
0.0513 63
0.0514 63
0.0515 64
0.0516 63
0.0517 61
0.0518 59
0.0519 63
0.052 65
0.0521 69
0.0522 67
0.0523 66
0.0524 65
0.0525 71
0.0526 69
0.0527 68
0.0528 76
0.0529 70
0.053 67
0.0531 60
0.0532 65
0.0533 70
0.0534 68
0.0535 68
0.0536 62
0.0537 59
0.0538 47
0.0539 53
0.054 53
0.0541 49
0.0542 46
0.0543 50
0.0544 55
0.0545 51
0.0546 54
0.0547 64
0.0548 64
0.0549 62
0.055 62
0.0551 64
0.0552 69
0.0553 61
0.0554 65
0.0555 59
0.0556 54
0.0557 56
0.0558 59
0.0559 61
0.056 56
0.0561 50
0.0562 60
0.0563 48
0.0564 52
0.0565 61
0.0566 58
0.0567 53
0.0568 58
0.0569 49
0.057 53
0.0571 60
0.0572 56
0.0573 50
0.0574 50
0.0575 60
0.0576 59
0.0577 54
0.0578 54
0.0579 56
0.058 59
0.0581 58
0.0582 57
0.0583 60
0.0584 64
0.0585 53
0.0586 51
0.0587 58
0.0588 60
0.0589 64
0.059 62
0.0591 62
0.0592 63
0.0593 63
0.0594 60
0.0595 59
0.0596 58
0.0597 57
0.0598 53
0.0599 52
0.06 55
0.0601 53
0.0602 51
0.0603 51
0.0604 56
0.0605 58
0.0606 56
0.0607 58
0.0608 55
0.0609 53
0.061 56
0.0611 63
0.0612 60
0.0613 56
0.0614 64
0.0615 60
0.0616 64
0.0617 66
0.0618 65
0.0619 67
0.062 60
0.0621 56
0.0622 61
0.0623 64
0.0624 57
0.0625 57
0.0626 59
0.0627 54
0.0628 61
0.0629 61
0.063 49
0.0631 49
0.0632 55
0.0633 57
0.0634 53
0.0635 58
0.0636 59
0.0637 61
0.0638 61
0.0639 57
0.064 54
0.0641 56
0.0642 65
0.0643 69
0.0644 62
0.0645 66
0.0646 58
0.0647 60
0.0648 69
0.0649 58
0.065 64
0.0651 64
0.0652 70
0.0653 57
0.0654 64
0.0655 65
0.0656 58
0.0657 60
0.0658 65
0.0659 62
0.066 61
0.0661 58
0.0662 55
0.0663 62
0.0664 69
0.0665 68
0.0666 63
0.0667 66
0.0668 72
0.0669 65
0.067 64
0.0671 61
0.0672 60
0.0673 59
0.0674 59
0.0675 53
0.0676 56
0.0677 51
0.0678 55
0.0679 58
0.068 62
0.0681 72
0.0682 64
0.0683 63
0.0684 56
0.0685 54
0.0686 56
0.0687 57
0.0688 57
0.0689 59
0.069 52
0.0691 56
0.0692 58
0.0693 59
0.0694 64
0.0695 63
0.0696 63
0.0697 73
0.0698 62
0.0699 57
0.07 59
0.0701 51
0.0702 47
0.0703 46
0.0704 50
0.0705 51
0.0706 62
0.0707 66
0.0708 62
0.0709 59
0.071 61
0.0711 62
0.0712 65
0.0713 63
0.0714 65
0.0715 61
0.0716 66
0.0717 56
0.0718 54
0.0719 55
0.072 55
0.0721 53
0.0722 56
0.0723 57
0.0724 57
0.0725 49
0.0726 46
0.0727 49
0.0728 55
0.0729 53
0.073 57
0.0731 51
0.0732 52
0.0733 64
0.0734 65
0.0735 56
0.0736 56
0.0737 59
0.0738 60
0.0739 60
0.074 62
0.0741 66
0.0742 60
0.0743 54
0.0744 51
0.0745 50
0.0746 50
0.0747 41
0.0748 46
0.0749 50
0.075 54
0.0751 56
0.0752 54
0.0753 47
0.0754 51
0.0755 53
0.0756 54
0.0757 61
0.0758 57
0.0759 53
0.076 56
0.0761 52
0.0762 59
0.0763 49
0.0764 48
0.0765 46
0.0766 56
0.0767 57
0.0768 50
0.0769 56
0.077 49
0.0771 44
0.0772 44
0.0773 46
0.0774 48
0.0775 47
0.0776 43
0.0777 41
0.0778 43
0.0779 45
0.078 44
0.0781 40
0.0782 43
0.0783 55
0.0784 58
0.0785 53
0.0786 51
0.0787 54
0.0788 50
0.0789 64
0.079 65
0.0791 55
0.0792 65
0.0793 69
0.0794 63
0.0795 52
0.0796 46
0.0797 48
0.0798 49
0.0799 53
0.08 65
0.0801 63
0.0802 54
0.0803 55
0.0804 63
0.0805 64
0.0806 61
0.0807 56
0.0808 64
0.0809 57
0.081 57
0.0811 53
0.0812 51
0.0813 55
0.0814 54
0.0815 42
0.0816 45
0.0817 48
0.0818 46
0.0819 43
0.082 49
0.0821 50
0.0822 55
0.0823 48
0.0824 45
0.0825 49
0.0826 51
0.0827 45
0.0828 44
0.0829 39
0.083 38
0.0831 39
0.0832 42
0.0833 41
0.0834 42
0.0835 43
0.0836 39
0.0837 45
0.0838 47
0.0839 51
0.084 50
0.0841 43
0.0842 40
0.0843 44
0.0844 42
0.0845 40
0.0846 53
0.0847 48
0.0848 57
0.0849 56
0.085 51
0.0851 48
0.0852 43
0.0853 40
0.0854 39
0.0855 38
0.0856 36
0.0857 39
0.0858 47
0.0859 49
0.086 48
0.0861 51
0.0862 50
0.0863 60
0.0864 62
0.0865 55
0.0866 53
0.0867 52
0.0868 56
0.0869 52
0.087 50
0.0871 49
0.0872 58
0.0873 59
0.0874 68
0.0875 60
0.0876 60
0.0877 48
0.0878 48
0.0879 51
0.088 49
0.0881 48
0.0882 51
0.0883 48
0.0884 53
0.0885 49
0.0886 40
0.0887 44
0.0888 41
0.0889 32
0.089 40
0.0891 45
0.0892 43
0.0893 45
0.0894 43
0.0895 43
0.0896 46
0.0897 54
0.0898 58
0.0899 49
0.09 44
0.0901 54
0.0902 53
0.0903 55
0.0904 54
0.0905 57
0.0906 53
0.0907 47
0.0908 55
0.0909 53
0.091 47
0.0911 48
0.0912 49
0.0913 48
0.0914 56
0.0915 50
0.0916 47
0.0917 45
0.0918 43
0.0919 41
0.092 45
0.0921 46
0.0922 46
0.0923 46
0.0924 49
0.0925 48
0.0926 46
0.0927 47
0.0928 48
0.0929 44
0.093 41
0.0931 39
0.0932 38
0.0933 48
0.0934 49
0.0935 46
0.0936 51
0.0937 50
0.0938 49
0.0939 47
0.094 54
0.0941 56
0.0942 50
0.0943 49
0.0944 48
0.0945 43
0.0946 46
0.0947 46
0.0948 44
0.0949 38
0.095 39
0.0951 39
0.0952 43
0.0953 39
0.0954 51
0.0955 56
0.0956 52
0.0957 57
0.0958 53
0.0959 55
0.096 48
0.0961 40
0.0962 51
0.0963 53
0.0964 55
0.0965 50
0.0966 48
0.0967 43
0.0968 39
0.0969 41
0.097 54
0.0971 53
0.0972 53
0.0973 45
0.0974 37
0.0975 47
0.0976 48
0.0977 41
0.0978 45
0.0979 44
0.098 47
0.0981 44
0.0982 45
0.0983 48
0.0984 49
0.0985 46
0.0986 45
0.0987 49
0.0988 39
0.0989 47
0.099 46
0.0991 43
0.0992 43
0.0993 43
0.0994 41
0.0995 39
0.0996 46
0.0997 44
0.0998 41
0.0999 46
0.1 42
