0 0
0.0001 0
0.0002 0
0.0003 0
0.0004 0
0.0005 0
0.0006 0
0.0007 0
0.0008 0
0.0009 0
0.001 0
0.0011 0
0.0012 0
0.0013 0
0.0014 0
0.0015 0
0.0016 0
0.0017 0
0.0018 0
0.0019 0
0.002 0
0.0021 0
0.0022 0
0.0023 0
0.0024 0
0.0025 0
0.0026 0
0.0027 0
0.0028 0
0.0029 1
0.003 2
0.0031 2
0.0032 1
0.0033 0
0.0034 0
0.0035 0
0.0036 0
0.0037 0
0.0038 0
0.0039 0
0.004 0
0.0041 0
0.0042 0
0.0043 0
0.0044 1
0.0045 1
0.0046 0
0.0047 1
0.0048 2
0.0049 0
0.005 0
0.0051 1
0.0052 0
0.0053 0
0.0054 0
0.0055 1
0.0056 0
0.0057 0
0.0058 0
0.0059 0
0.006 0
0.0061 0
0.0062 0
0.0063 0
0.0064 0
0.0065 0
0.0066 2
0.0067 0
0.0068 1
0.0069 1
0.007 1
0.0071 0
0.0072 0
0.0073 0
0.0074 0
0.0075 0
0.0076 1
0.0077 0
0.0078 1
0.0079 1
0.008 1
0.0081 0
0.0082 2
0.0083 0
0.0084 1
0.0085 1
0.0086 0
0.0087 0
0.0088 0
0.0089 0
0.009 0
0.0091 0
0.0092 0
0.0093 0
0.0094 3
0.0095 2
0.0096 0
0.0097 0
0.0098 0
0.0099 0
0.01 1
0.0101 0
0.0102 0
0.0103 0
0.0104 1
0.0105 1
0.0106 0
0.0107 2
0.0108 2
0.0109 0
0.011 3
0.0111 0
0.0112 0
0.0113 1
0.0114 2
0.0115 1
0.0116 0
0.0117 0
0.0118 0
0.0119 2
0.012 0
0.0121 1
0.0122 0
0.0123 1
0.0124 0
0.0125 3
0.0126 2
0.0127 1
0.0128 1
0.0129 1
0.013 0
0.0131 1
0.0132 2
0.0133 0
0.0134 0
0.0135 1
0.0136 1
0.0137 1
0.0138 0
0.0139 0
0.014 0
0.0141 1
0.0142 1
0.0143 1
0.0144 2
0.0145 2
0.0146 2
0.0147 2
0.0148 2
0.0149 3
0.015 1
0.0151 1
0.0152 1
0.0153 4
0.0154 2
0.0155 2
0.0156 0
0.0157 2
0.0158 2
0.0159 1
0.016 2
0.0161 2
0.0162 2
0.0163 0
0.0164 3
0.0165 2
0.0166 1
0.0167 2
0.0168 2
0.0169 1
0.017 5
0.0171 6
0.0172 2
0.0173 1
0.0174 3
0.0175 1
0.0176 5
0.0177 2
0.0178 1
0.0179 3
0.018 2
0.0181 1
0.0182 4
0.0183 3
0.0184 2
0.0185 1
0.0186 3
0.0187 3
0.0188 6
0.0189 1
0.019 3
0.0191 5
0.0192 6
0.0193 4
0.0194 4
0.0195 3
0.0196 4
0.0197 2
0.0198 6
0.0199 7
0.02 2
0.0201 5
0.0202 3
0.0203 3
0.0204 3
0.0205 5
0.0206 5
0.0207 3
0.0208 6
0.0209 7
0.021 3
0.0211 4
0.0212 6
0.0213 6
0.0214 10
0.0215 6
0.0216 6
0.0217 3
0.0218 5
0.0219 15
0.022 4
0.0221 4
0.0222 4
0.0223 6
0.0224 7
0.0225 4
0.0226 4
0.0227 7
0.0228 10
0.0229 9
0.023 7
0.0231 4
0.0232 7
0.0233 3
0.0234 8
0.0235 8
0.0236 8
0.0237 8
0.0238 10
0.0239 9
0.024 10
0.0241 12
0.0242 12
0.0243 12
0.0244 15
0.0245 13
0.0246 22
0.0247 18
0.0248 17
0.0249 16
0.025 10
0.0251 18
0.0252 14
0.0253 17
0.0254 26
0.0255 23
0.0256 21
0.0257 22
0.0258 29
0.0259 34
0.026 44
0.0261 58
0.0262 62
0.0263 93
0.0264 121
0.0265 155
0.0266 187
0.0267 223
0.0268 248
0.0269 281
0.027 319
0.0271 369
0.0272 408
0.0273 459
0.0274 491
0.0275 520
0.0276 550
0.0277 575
0.0278 592
0.0279 624
0.028 645
0.0281 678
0.0282 697
0.0283 723
0.0284 751
0.0285 766
0.0286 790
0.0287 808
0.0288 835
0.0289 865
0.029 884
0.0291 906
0.0292 926
0.0293 956
0.0294 963
0.0295 984
0.0296 997
0.0297 1016
0.0298 1042
0.0299 1045
0.03 1057
0.0301 1058
0.0302 1076
0.0303 1087
0.0304 1097
0.0305 1107
0.0306 1126
0.0307 1141
0.0308 1153
0.0309 1169
0.031 1174
0.0311 1176
0.0312 1191
0.0313 1201
0.0314 1208
0.0315 1211
0.0316 1230
0.0317 1233
0.0318 1246
0.0319 1252
0.032 1266
0.0321 1275
0.0322 1283
0.0323 1291
0.0324 1291
0.0325 1302
0.0326 1299
0.0327 1296
0.0328 1294
0.0329 1302
0.033 1315
0.0331 1317
0.0332 1326
0.0333 1334
0.0334 1337
0.0335 1338
0.0336 1343
0.0337 1350
0.0338 1355
0.0339 1362
0.034 1359
0.0341 1357
0.0342 1357
0.0343 1361
0.0344 1357
0.0345 1356
0.0346 1360
0.0347 1367
0.0348 1374
0.0349 1380
0.035 1387
0.0351 1395
0.0352 1393
0.0353 1388
0.0354 1389
0.0355 1390
0.0356 1390
0.0357 1390
0.0358 1395
0.0359 1398
0.036 1399
0.0361 1396
0.0362 1399
0.0363 1394
0.0364 1392
0.0365 1399
0.0366 1395
0.0367 1391
0.0368 1390
0.0369 1387
0.037 1388
0.0371 1384
0.0372 1384
0.0373 1379
0.0374 1380
0.0375 1376
0.0376 1368
0.0377 1367
0.0378 1366
0.0379 1351
0.038 1330
0.0381 1317
0.0382 1317
0.0383 1319
0.0384 1322
0.0385 1325
0.0386 1318
0.0387 1320
0.0388 1315
0.0389 1303
0.039 1295
0.0391 1283
0.0392 1266
0.0393 1266
0.0394 1256
0.0395 1251
0.0396 1249
0.0397 1247
0.0398 1237
0.0399 1242
0.04 1235
0.0401 1229
0.0402 1225
0.0403 1217
0.0404 1200
0.0405 1185
0.0406 1182
0.0407 1174
0.0408 1172
0.0409 1163
0.041 1155
0.0411 1142
0.0412 1143
0.0413 1132
0.0414 1130
0.0415 1132
0.0416 1132
0.0417 1129
0.0418 1134
0.0419 1126
0.042 1124
0.0421 1121
0.0422 1120
0.0423 1120
0.0424 1122
0.0425 1125
0.0426 1117
0.0427 1110
0.0428 1103
0.0429 1095
0.043 1085
0.0431 1076
0.0432 1062
0.0433 1056
0.0434 1042
0.0435 1037
0.0436 1015
0.0437 1008
0.0438 993
0.0439 994
0.044 993
0.0441 991
0.0442 985
0.0443 981
0.0444 977
0.0445 976
0.0446 976
0.0447 972
0.0448 958
0.0449 955
0.045 952
0.0451 953
0.0452 947
0.0453 946
0.0454 939
0.0455 908
0.0456 888
0.0457 882
0.0458 876
0.0459 862
0.046 842
0.0461 837
0.0462 828
0.0463 822
0.0464 810
0.0465 811
0.0466 812
0.0467 809
0.0468 798
0.0469 793
0.047 789
0.0471 792
0.0472 789
0.0473 791
0.0474 791
0.0475 788
0.0476 781
0.0477 784
0.0478 784
0.0479 773
0.048 764
0.0481 755
0.0482 758
0.0483 753
0.0484 747
0.0485 748
0.0486 742
0.0487 746
0.0488 741
0.0489 735
0.049 732
0.0491 728
0.0492 726
0.0493 726
0.0494 729
0.0495 728
0.0496 723
0.0497 728
0.0498 726
0.0499 727
0.05 720
0.0501 723
0.0502 723
0.0503 721
0.0504 714
0.0505 715
0.0506 714
0.0507 724
0.0508 723
0.0509 729
0.051 734
0.0511 733
0.0512 730
0.0513 735
0.0514 736
0.0515 736
0.0516 736
0.0517 733
0.0518 732
0.0519 731
0.052 727
0.0521 722
0.0522 721
0.0523 711
0.0524 699
0.0525 684
0.0526 663
0.0527 649
0.0528 642
0.0529 632
0.053 624
0.0531 628
0.0532 620
0.0533 615
0.0534 613
0.0535 614
0.0536 610
0.0537 597
0.0538 596
0.0539 596
0.054 589
0.0541 585
0.0542 592
0.0543 586
0.0544 579
0.0545 569
0.0546 567
0.0547 558
0.0548 553
0.0549 556
0.055 557
0.0551 558
0.0552 559
0.0553 561
0.0554 553
0.0555 550
0.0556 551
0.0557 547
0.0558 549
0.0559 551
0.056 557
0.0561 559
0.0562 564
0.0563 567
0.0564 565
0.0565 571
0.0566 570
0.0567 574
0.0568 573
0.0569 578
0.057 571
0.0571 571
0.0572 567
0.0573 564
0.0574 560
0.0575 562
0.0576 552
0.0577 556
0.0578 546
0.0579 533
0.058 529
0.0581 521
0.0582 513
0.0583 507
0.0584 507
0.0585 501
0.0586 491
0.0587 482
0.0588 491
0.0589 488
0.059 493
0.0591 483
0.0592 481
0.0593 472
0.0594 462
0.0595 463
0.0596 454
0.0597 452
0.0598 443
0.0599 436
0.06 427
0.0601 430
0.0602 423
0.0603 423
0.0604 414
0.0605 401
0.0606 395
0.0607 394
0.0608 393
0.0609 394
0.061 393
0.0611 395
0.0612 398
0.0613 398
0.0614 400
0.0615 397
0.0616 387
0.0617 386
0.0618 378
0.0619 376
0.062 377
0.0621 383
0.0622 389
0.0623 390
0.0624 394
0.0625 401
0.0626 406
0.0627 399
0.0628 401
0.0629 402
0.063 406
0.0631 401
0.0632 399
0.0633 399
0.0634 399
0.0635 398
0.0636 381
0.0637 381
0.0638 373
0.0639 368
0.064 360
0.0641 356
0.0642 354
0.0643 356
0.0644 353
0.0645 355
0.0646 355
0.0647 355
0.0648 354
0.0649 361
0.065 362
0.0651 365
0.0652 366
0.0653 365
0.0654 360
0.0655 357
0.0656 358
0.0657 352
0.0658 351
0.0659 349
0.066 345
0.0661 341
0.0662 346
0.0663 348
0.0664 352
0.0665 350
0.0666 354
0.0667 357
0.0668 356
0.0669 352
0.067 350
0.0671 353
0.0672 357
0.0673 360
0.0674 357
0.0675 362
0.0676 364
0.0677 375
0.0678 373
0.0679 375
0.068 380
0.0681 376
0.0682 370
0.0683 362
0.0684 364
0.0685 359
0.0686 353
0.0687 349
0.0688 345
0.0689 336
0.069 332
0.0691 326
0.0692 326
0.0693 326
0.0694 327
0.0695 329
0.0696 328
0.0697 332
0.0698 333
0.0699 332
0.07 327
0.0701 331
0.0702 331
0.0703 327
0.0704 325
0.0705 325
0.0706 320
0.0707 310
0.0708 304
0.0709 306
0.071 300
0.0711 306
0.0712 301
0.0713 300
0.0714 299
0.0715 293
0.0716 296
0.0717 291
0.0718 291
0.0719 291
0.072 283
0.0721 280
0.0722 283
0.0723 293
0.0724 293
0.0725 297
0.0726 302
0.0727 298
0.0728 291
0.0729 288
0.073 286
0.0731 288
0.0732 291
0.0733 291
0.0734 292
0.0735 292
0.0736 288
0.0737 286
0.0738 285
0.0739 287
0.074 285
0.0741 278
0.0742 277
0.0743 267
0.0744 265
0.0745 259
0.0746 254
0.0747 250
0.0748 251
0.0749 250
0.075 252
0.0751 251
0.0752 249
0.0753 241
0.0754 237
0.0755 233
0.0756 236
0.0757 236
0.0758 239
0.0759 245
0.076 248
0.0761 252
0.0762 244
0.0763 240
0.0764 240
0.0765 234
0.0766 233
0.0767 232
0.0768 229
0.0769 229
0.077 226
0.0771 222
0.0772 217
0.0773 200
0.0774 174
0.0775 161
0.0776 142
0.0777 130
0.0778 111
0.0779 96
0.078 81
0.0781 60
0.0782 50
0.0783 31
0.0784 24
0.0785 21
0.0786 18
0.0787 17
0.0788 18
0.0789 25
0.079 28
0.0791 20
0.0792 18
0.0793 23
0.0794 24
0.0795 23
0.0796 18
0.0797 21
0.0798 26
0.0799 19
0.08 17
0.0801 24
0.0802 17
0.0803 12
0.0804 6
0.0805 7
0.0806 5
0.0807 7
0.0808 7
0.0809 2
0.081 7
0.0811 4
0.0812 2
0.0813 6
0.0814 4
0.0815 1
0.0816 1
0.0817 2
0.0818 2
0.0819 3
0.082 2
0.0821 3
0.0822 1
0.0823 2
0.0824 0
0.0825 1
0.0826 7
0.0827 1
0.0828 4
0.0829 2
0.083 1
0.0831 2
0.0832 5
0.0833 0
0.0834 3
0.0835 3
0.0836 2
0.0837 2
0.0838 1
0.0839 2
0.084 1
0.0841 5
0.0842 2
0.0843 1
0.0844 2
0.0845 2
0.0846 2
0.0847 2
0.0848 2
0.0849 1
0.085 3
0.0851 0
0.0852 0
0.0853 3
0.0854 0
0.0855 3
0.0856 0
0.0857 1
0.0858 0
0.0859 3
0.086 1
0.0861 3
0.0862 4
0.0863 0
0.0864 0
0.0865 3
0.0866 0
0.0867 1
0.0868 1
0.0869 2
0.087 1
0.0871 4
0.0872 2
0.0873 1
0.0874 0
0.0875 0
0.0876 2
0.0877 1
0.0878 0
0.0879 2
0.088 2
0.0881 1
0.0882 2
0.0883 4
0.0884 1
0.0885 1
0.0886 4
0.0887 2
0.0888 3
0.0889 2
0.089 3
0.0891 0
0.0892 1
0.0893 0
0.0894 1
0.0895 2
0.0896 5
0.0897 3
0.0898 2
0.0899 1
0.09 1
0.0901 1
0.0902 1
0.0903 2
0.0904 1
0.0905 0
0.0906 1
0.0907 5
0.0908 2
0.0909 4
0.091 3
0.0911 0
0.0912 0
0.0913 2
0.0914 2
0.0915 1
0.0916 2
0.0917 4
0.0918 2
0.0919 2
0.092 1
0.0921 2
0.0922 1
0.0923 3
0.0924 2
0.0925 2
0.0926 3
0.0927 2
0.0928 2
0.0929 2
0.093 3
0.0931 2
0.0932 3
0.0933 1
0.0934 2
0.0935 2
0.0936 8
0.0937 1
0.0938 0
0.0939 2
0.094 1
0.0941 3
0.0942 1
0.0943 6
0.0944 1
0.0945 1
0.0946 3
0.0947 2
0.0948 5
0.0949 2
0.095 2
0.0951 1
0.0952 6
0.0953 6
0.0954 3
0.0955 1
0.0956 5
0.0957 2
0.0958 4
0.0959 5
0.096 3
0.0961 8
0.0962 2
0.0963 8
0.0964 4
0.0965 9
0.0966 6
0.0967 5
0.0968 5
0.0969 3
0.097 2
0.0971 0
0.0972 5
0.0973 0
0.0974 2
0.0975 3
0.0976 9
0.0977 3
0.0978 6
0.0979 4
0.098 3
0.0981 6
0.0982 6
0.0983 3
0.0984 6
0.0985 4
0.0986 13
0.0987 6
0.0988 4
0.0989 10
0.099 8
0.0991 6
0.0992 7
0.0993 7
0.0994 10
0.0995 8
0.0996 13
0.0997 9
0.0998 13
0.0999 15
0.1 13
0.1001 13
0.1002 11
0.1003 21
0.1004 20
0.1005 16
0.1006 19
0.1007 28
0.1008 34
0.1009 31
0.101 38
0.1011 64
0.1012 69
0.1013 77
0.1014 88
0.1015 109
0.1016 147
0.1017 187
0.1018 218
0.1019 243
0.102 281
0.1021 315
0.1022 349
0.1023 391
0.1024 420
0.1025 448
0.1026 471
0.1027 509
0.1028 551
0.1029 576
0.103 604
0.1031 645
0.1032 679
0.1033 710
0.1034 746
0.1035 763
0.1036 791
0.1037 806
0.1038 830
0.1039 852
0.104 877
0.1041 887
0.1042 900
0.1043 923
0.1044 943
0.1045 965
0.1046 1003
0.1047 1023
0.1048 1038
0.1049 1052
0.105 1060
0.1051 1075
0.1052 1082
0.1053 1098
0.1054 1112
0.1055 1128
0.1056 1131
0.1057 1133
0.1058 1139
0.1059 1144
0.106 1152
0.1061 1163
0.1062 1166
0.1063 1168
0.1064 1162
0.1065 1165
0.1066 1163
0.1067 1168
0.1068 1179
0.1069 1185
0.107 1195
0.1071 1209
0.1072 1221
0.1073 1232
0.1074 1241
0.1075 1240
0.1076 1247
0.1077 1259
0.1078 1273
0.1079 1279
0.108 1266
0.1081 1276
0.1082 1288
0.1083 1295
0.1084 1307
0.1085 1303
0.1086 1309
0.1087 1314
0.1088 1306
0.1089 1300
0.109 1311
0.1091 1298
0.1092 1284
0.1093 1278
0.1094 1280
0.1095 1274
0.1096 1270
0.1097 1256
0.1098 1246
0.1099 1246
0.11 1252
0.1101 1251
0.1102 1253
0.1103 1254
0.1104 1259
0.1105 1254
0.1106 1252
0.1107 1259
0.1108 1255
0.1109 1258
0.111 1259
0.1111 1257
0.1112 1270
0.1113 1277
0.1114 1281
0.1115 1280
0.1116 1279
0.1117 1286
0.1118 1284
0.1119 1286
0.112 1288
0.1121 1290
0.1122 1294
0.1123 1285
0.1124 1280
0.1125 1291
0.1126 1296
0.1127 1296
0.1128 1287
0.1129 1284
0.113 1280
0.1131 1279
0.1132 1272
0.1133 1267
0.1134 1267
0.1135 1269
0.1136 1275
0.1137 1282
0.1138 1286
0.1139 1287
0.114 1286
0.1141 1288
0.1142 1282
0.1143 1284
0.1144 1283
0.1145 1281
0.1146 1272
0.1147 1261
0.1148 1262
0.1149 1252
0.115 1247
0.1151 1248
0.1152 1242
0.1153 1232
0.1154 1233
0.1155 1222
0.1156 1213
0.1157 1210
0.1158 1203
0.1159 1193
0.116 1183
0.1161 1176
0.1162 1163
0.1163 1159
0.1164 1158
0.1165 1160
0.1166 1155
0.1167 1155
0.1168 1158
0.1169 1159
0.117 1153
0.1171 1146
0.1172 1143
0.1173 1139
0.1174 1133
0.1175 1135
0.1176 1144
0.1177 1146
0.1178 1147
0.1179 1135
0.118 1133
0.1181 1132
0.1182 1124
0.1183 1114
0.1184 1108
0.1185 1107
0.1186 1104
0.1187 1095
0.1188 1093
0.1189 1089
0.119 1084
0.1191 1074
0.1192 1074
0.1193 1075
0.1194 1078
0.1195 1078
0.1196 1075
0.1197 1074
0.1198 1077
0.1199 1061
0.12 1061
0.1201 1054
0.1202 1060
0.1203 1056
0.1204 1061
0.1205 1055
0.1206 1053
0.1207 1038
0.1208 1027
0.1209 1016
0.121 1008
0.1211 1009
0.1212 1014
0.1213 1014
0.1214 1009
0.1215 1013
0.1216 1006
0.1217 998
0.1218 999
0.1219 995
0.122 985
0.1221 978
0.1222 975
0.1223 969
0.1224 969
0.1225 969
0.1226 970
0.1227 965
0.1228 965
0.1229 961
0.123 954
0.1231 948
0.1232 930
0.1233 926
0.1234 909
0.1235 908
0.1236 899
0.1237 888
0.1238 882
0.1239 871
0.124 866
0.1241 852
0.1242 856
0.1243 859
0.1244 856
0.1245 854
0.1246 853
0.1247 853
0.1248 855
0.1249 850
0.125 852
0.1251 850
0.1252 849
0.1253 855
0.1254 860
0.1255 864
0.1256 869
0.1257 871
0.1258 871
0.1259 873
0.126 870
0.1261 860
0.1262 858
0.1263 846
0.1264 840
0.1265 832
0.1266 820
0.1267 812
0.1268 812
0.1269 807
0.127 808
0.1271 799
0.1272 800
0.1273 801
0.1274 802
0.1275 801
0.1276 795
0.1277 792
0.1278 793
0.1279 799
0.128 800
0.1281 791
0.1282 789
0.1283 794
0.1284 793
0.1285 790
0.1286 787
0.1287 786
0.1288 783
0.1289 777
0.129 776
0.1291 773
0.1292 773
0.1293 769
0.1294 769
0.1295 764
0.1296 768
0.1297 765
0.1298 758
0.1299 751
0.13 746
0.1301 745
0.1302 748
0.1303 742
0.1304 734
0.1305 735
0.1306 733
0.1307 726
0.1308 727
0.1309 720
0.131 719
0.1311 715
0.1312 714
0.1313 702
0.1314 695
0.1315 688
0.1316 685
0.1317 683
0.1318 677
0.1319 667
0.132 664
0.1321 660
0.1322 657
0.1323 666
0.1324 667
0.1325 670
0.1326 661
0.1327 653
0.1328 653
0.1329 642
0.133 641
0.1331 632
0.1332 636
0.1333 639
0.1334 628
0.1335 628
0.1336 624
0.1337 628
0.1338 615
0.1339 611
0.134 608
0.1341 606
0.1342 607
0.1343 605
0.1344 597
0.1345 598
0.1346 586
0.1347 585
0.1348 589
0.1349 587
0.135 589
0.1351 596
0.1352 600
0.1353 602
0.1354 595
0.1355 587
0.1356 576
0.1357 574
0.1358 574
0.1359 580
0.136 585
0.1361 582
0.1362 578
0.1363 571
0.1364 571
0.1365 569
0.1366 568
0.1367 568
0.1368 568
0.1369 570
0.137 572
0.1371 572
0.1372 571
0.1373 573
0.1374 566
0.1375 567
0.1376 568
0.1377 565
0.1378 557
0.1379 553
0.138 541
0.1381 541
0.1382 532
0.1383 533
0.1384 529
0.1385 529
0.1386 515
0.1387 513
0.1388 508
0.1389 504
0.139 502
0.1391 500
0.1392 495
0.1393 492
0.1394 483
0.1395 484
0.1396 473
0.1397 467
0.1398 460
0.1399 457
0.14 447
0.1401 437
0.1402 437
0.1403 440
0.1404 436
0.1405 437
0.1406 433
0.1407 434
0.1408 430
0.1409 426
0.141 426
0.1411 426
0.1412 435
0.1413 429
0.1414 427
0.1415 431
0.1416 429
0.1417 433
0.1418 437
0.1419 444
0.142 442
0.1421 437
0.1422 437
0.1423 436
0.1424 436
0.1425 433
0.1426 427
0.1427 424
0.1428 425
0.1429 419
0.143 420
0.1431 420
0.1432 426
0.1433 431
0.1434 435
0.1435 419
0.1436 414
0.1437 410
0.1438 398
0.1439 393
0.144 388
0.1441 389
0.1442 379
0.1443 368
0.1444 356
0.1445 355
0.1446 345
0.1447 335
0.1448 330
0.1449 325
0.145 329
0.1451 333
0.1452 327
0.1453 330
0.1454 335
0.1455 333
0.1456 339
0.1457 333
0.1458 337
0.1459 339
0.146 332
0.1461 327
0.1462 319
0.1463 323
0.1464 314
0.1465 311
0.1466 314
0.1467 314
0.1468 313
0.1469 308
0.147 314
0.1471 312
0.1472 314
0.1473 315
0.1474 315
0.1475 313
0.1476 314
0.1477 310
0.1478 312
0.1479 322
0.148 322
0.1481 323
0.1482 322
0.1483 318
0.1484 327
0.1485 330
0.1486 334
0.1487 333
0.1488 339
0.1489 338
0.149 332
0.1491 334
0.1492 331
0.1493 326
0.1494 327
0.1495 323
0.1496 323
0.1497 326
0.1498 327
0.1499 325
0.15 322
0.1501 323
0.1502 326
0.1503 325
0.1504 323
0.1505 324
0.1506 316
0.1507 312
0.1508 313
0.1509 312
0.151 310
0.1511 312
0.1512 308
0.1513 294
0.1514 292
0.1515 288
0.1516 284
0.1517 279
0.1518 278
0.1519 280
0.152 283
0.1521 278
0.1522 272
0.1523 260
0.1524 260
0.1525 255
0.1526 252
0.1527 252
0.1528 253
0.1529 253
0.153 253
0.1531 252
0.1532 249
0.1533 244
0.1534 244
0.1535 243
0.1536 236
0.1537 238
0.1538 240
0.1539 243
0.154 243
0.1541 247
0.1542 249
0.1543 251
0.1544 256
0.1545 261
0.1546 265
0.1547 263
0.1548 254
0.1549 259
0.155 257
0.1551 258
0.1552 253
0.1553 250
0.1554 245
0.1555 240
0.1556 243
0.1557 244
0.1558 246
0.1559 244
0.156 240
0.1561 237
0.1562 239
0.1563 236
0.1564 236
0.1565 240
0.1566 241
0.1567 240
0.1568 238
0.1569 235
0.157 231
0.1571 230
0.1572 228
0.1573 226
0.1574 220
0.1575 214
0.1576 214
0.1577 210
0.1578 213
0.1579 208
0.158 208
0.1581 208
0.1582 209
0.1583 210
0.1584 207
0.1585 208
0.1586 207
0.1587 213
0.1588 213
0.1589 219
0.159 221
0.1591 222
0.1592 225
0.1593 226
0.1594 232
0.1595 233
0.1596 226
0.1597 224
0.1598 223
0.1599 217
0.16 213
0.1601 208
0.1602 203
0.1603 197
0.1604 200
0.1605 191
0.1606 188
0.1607 179
0.1608 175
0.1609 165
0.161 161
0.1611 161
0.1612 166
0.1613 167
0.1614 167
0.1615 169
0.1616 163
0.1617 161
0.1618 155
0.1619 153
0.162 151
0.1621 149
0.1622 147
0.1623 149
0.1624 143
0.1625 145
0.1626 149
0.1627 146
0.1628 140
0.1629 137
0.163 141
0.1631 141
0.1632 135
0.1633 135
0.1634 132
0.1635 117
0.1636 116
0.1637 121
0.1638 117
0.1639 111
0.164 111
0.1641 105
0.1642 97
0.1643 89
0.1644 83
0.1645 75
0.1646 58
0.1647 48
0.1648 33
0.1649 27
0.165 22
0.1651 15
0.1652 10
0.1653 9
0.1654 7
0.1655 9
0.1656 5
0.1657 5
0.1658 11
0.1659 13
0.166 7
0.1661 8
0.1662 9
0.1663 5
0.1664 5
0.1665 4
0.1666 5
0.1667 3
0.1668 4
0.1669 1
0.167 3
0.1671 4
0.1672 1
0.1673 3
0.1674 5
0.1675 2
0.1676 2
0.1677 1
0.1678 1
0.1679 1
0.168 2
0.1681 1
0.1682 3
0.1683 4
0.1684 4
0.1685 1
0.1686 0
0.1687 1
0.1688 3
0.1689 0
0.169 2
0.1691 0
0.1692 3
0.1693 3
0.1694 2
0.1695 2
0.1696 0
0.1697 1
0.1698 0
0.1699 1
0.17 0
0.1701 1
0.1702 0
0.1703 1
0.1704 0
0.1705 0
0.1706 1
0.1707 1
0.1708 0
0.1709 1
0.171 1
0.1711 2
0.1712 0
0.1713 1
0.1714 1
0.1715 2
0.1716 2
0.1717 2
0.1718 2
0.1719 1
0.172 0
0.1721 3
0.1722 1
0.1723 0
0.1724 1
0.1725 0
0.1726 0
0.1727 1
0.1728 1
0.1729 1
0.173 2
0.1731 2
0.1732 1
0.1733 1
0.1734 3
0.1735 1
0.1736 0
0.1737 0
0.1738 0
0.1739 0
0.174 0
0.1741 0
0.1742 1
0.1743 0
0.1744 2
0.1745 2
0.1746 3
0.1747 2
0.1748 1
0.1749 3
0.175 2
0.1751 1
0.1752 1
0.1753 0
0.1754 1
0.1755 1
0.1756 0
0.1757 1
0.1758 0
0.1759 1
0.176 2
0.1761 0
0.1762 3
0.1763 3
0.1764 3
0.1765 0
0.1766 1
0.1767 3
0.1768 2
0.1769 1
0.177 0
0.1771 1
0.1772 2
0.1773 1
0.1774 2
0.1775 4
0.1776 0
0.1777 1
0.1778 0
0.1779 3
0.178 2
0.1781 1
0.1782 1
0.1783 3
0.1784 1
0.1785 0
0.1786 1
0.1787 1
0.1788 4
0.1789 1
0.179 0
0.1791 2
0.1792 1
0.1793 1
0.1794 2
0.1795 4
0.1796 1
0.1797 2
0.1798 0
0.1799 5
0.18 1
0.1801 1
0.1802 2
0.1803 2
0.1804 1
0.1805 0
0.1806 5
0.1807 1
0.1808 1
0.1809 1
0.181 4
0.1811 0
0.1812 3
0.1813 3
0.1814 1
0.1815 4
0.1816 1
0.1817 2
0.1818 4
0.1819 2
0.182 2
0.1821 3
0.1822 0
0.1823 0
0.1824 4
0.1825 4
0.1826 1
0.1827 2
0.1828 2
0.1829 4
0.183 1
0.1831 5
0.1832 3
0.1833 2
0.1834 1
0.1835 1
0.1836 3
0.1837 6
0.1838 5
0.1839 8
0.184 3
0.1841 2
0.1842 8
0.1843 5
0.1844 1
0.1845 4
0.1846 7
0.1847 6
0.1848 6
0.1849 6
0.185 5
0.1851 8
0.1852 5
0.1853 9
0.1854 8
0.1855 8
0.1856 7
0.1857 8
0.1858 5
0.1859 12
0.186 8
0.1861 11
0.1862 7
0.1863 2
0.1864 8
0.1865 13
0.1866 11
0.1867 16
0.1868 10
0.1869 11
0.187 10
0.1871 11
0.1872 14
0.1873 14
0.1874 20
0.1875 25
0.1876 30
0.1877 24
0.1878 32
0.1879 42
0.188 41
0.1881 40
0.1882 51
0.1883 58
0.1884 65
0.1885 72
0.1886 71
0.1887 74
0.1888 85
0.1889 73
0.189 97
0.1891 105
0.1892 115
0.1893 127
0.1894 144
0.1895 144
0.1896 173
0.1897 205
0.1898 253
0.1899 298
0.19 342
0.1901 368
0.1902 402
0.1903 430
0.1904 450
0.1905 488
0.1906 509
0.1907 533
0.1908 548
0.1909 563
0.191 596
0.1911 627
0.1912 658
0.1913 688
0.1914 716
0.1915 759
0.1916 779
0.1917 809
0.1918 833
0.1919 854
0.192 859
0.1921 870
0.1922 881
0.1923 893
0.1924 916
0.1925 933
0.1926 945
0.1927 958
0.1928 971
0.1929 1003
0.193 1016
0.1931 1031
0.1932 1036
0.1933 1061
0.1934 1075
0.1935 1083
0.1936 1084
0.1937 1106
0.1938 1115
0.1939 1112
0.194 1141
0.1941 1149
0.1942 1154
0.1943 1152
0.1944 1156
0.1945 1162
0.1946 1170
0.1947 1176
0.1948 1192
0.1949 1199
0.195 1209
0.1951 1217
0.1952 1223
0.1953 1228
0.1954 1241
0.1955 1250
0.1956 1263
0.1957 1267
0.1958 1272
0.1959 1287
0.196 1289
0.1961 1284
0.1962 1288
0.1963 1294
0.1964 1299
0.1965 1296
0.1966 1303
0.1967 1317
0.1968 1322
0.1969 1325
0.197 1331
0.1971 1339
0.1972 1348
0.1973 1350
0.1974 1343
0.1975 1349
0.1976 1346
0.1977 1353
0.1978 1350
0.1979 1348
0.198 1346
0.1981 1349
0.1982 1343
0.1983 1336
0.1984 1333
0.1985 1331
0.1986 1339
0.1987 1353
0.1988 1351
0.1989 1355
0.199 1356
0.1991 1367
0.1992 1368
0.1993 1371
0.1994 1367
0.1995 1375
0.1996 1371
0.1997 1366
0.1998 1363
0.1999 1364
0.2 1367
0.2001 1360
0.2002 1347
0.2003 1341
0.2004 1336
0.2005 1344
0.2006 1344
0.2007 1345
0.2008 1339
0.2009 1342
0.201 1342
0.2011 1333
0.2012 1325
0.2013 1317
0.2014 1314
0.2015 1313
0.2016 1314
0.2017 1318
0.2018 1308
0.2019 1306
0.202 1292
0.2021 1286
0.2022 1279
0.2023 1273
0.2024 1270
0.2025 1253
0.2026 1226
0.2027 1190
0.2028 1161
0.2029 1140
0.203 1120
0.2031 1101
0.2032 1099
0.2033 1092
0.2034 1080
0.2035 1071
0.2036 1067
0.2037 1074
0.2038 1078
0.2039 1074
0.204 1068
0.2041 1055
0.2042 1047
0.2043 1038
0.2044 1029
0.2045 1025
0.2046 1034
0.2047 1037
0.2048 1030
0.2049 1024
0.205 1020
0.2051 1006
0.2052 1000
0.2053 994
0.2054 998
0.2055 1000
0.2056 999
0.2057 1002
0.2058 1013
0.2059 1012
0.206 1017
0.2061 1018
0.2062 1015
0.2063 1015
0.2064 1011
0.2065 1012
0.2066 1010
0.2067 1006
0.2068 995
0.2069 998
0.207 993
0.2071 985
0.2072 979
0.2073 977
0.2074 977
0.2075 976
0.2076 974
0.2077 977
0.2078 980
0.2079 983
0.208 978
0.2081 975
0.2082 974
0.2083 975
0.2084 977
0.2085 976
0.2086 972
0.2087 968
0.2088 967
0.2089 965
0.209 964
0.2091 964
0.2092 967
0.2093 966
0.2094 970
0.2095 973
0.2096 969
0.2097 957
0.2098 951
0.2099 947
0.21 929
0.2101 922
0.2102 912
0.2103 917
0.2104 915
0.2105 914
0.2106 915
0.2107 914
0.2108 903
0.2109 897
0.211 894
0.2111 893
0.2112 880
0.2113 873
0.2114 871
0.2115 867
0.2116 859
0.2117 860
0.2118 855
0.2119 854
0.212 846
0.2121 838
0.2122 829
0.2123 823
0.2124 813
0.2125 811
0.2126 808
0.2127 800
0.2128 806
0.2129 802
0.213 802
0.2131 805
0.2132 802
0.2133 801
0.2134 803
0.2135 801
0.2136 801
0.2137 794
0.2138 797
0.2139 796
0.214 797
0.2141 801
0.2142 802
0.2143 791
0.2144 785
0.2145 784
0.2146 781
0.2147 781
0.2148 781
0.2149 776
0.215 769
0.2151 763
0.2152 763
0.2153 759
0.2154 759
0.2155 759
0.2156 758
0.2157 760
0.2158 759
0.2159 755
0.216 750
0.2161 748
0.2162 745
0.2163 742
0.2164 743
0.2165 743
0.2166 735
0.2167 729
0.2168 728
0.2169 727
0.217 723
0.2171 724
0.2172 720
0.2173 722
0.2174 723
0.2175 721
0.2176 721
0.2177 713
0.2178 710
0.2179 708
0.218 709
0.2181 705
0.2182 704
0.2183 698
0.2184 692
0.2185 689
0.2186 676
0.2187 673
0.2188 673
0.2189 676
0.219 681
0.2191 677
0.2192 674
0.2193 672
0.2194 672
0.2195 671
0.2196 669
0.2197 671
0.2198 669
0.2199 666
0.22 663
0.2201 656
0.2202 652
0.2203 642
0.2204 639
0.2205 635
0.2206 625
0.2207 618
0.2208 606
0.2209 594
0.221 581
0.2211 573
0.2212 573
0.2213 567
0.2214 552
0.2215 544
0.2216 531
0.2217 538
0.2218 534
0.2219 521
0.222 510
0.2221 503
0.2222 491
0.2223 491
0.2224 483
0.2225 481
0.2226 479
0.2227 480
0.2228 485
0.2229 483
0.223 484
0.2231 486
0.2232 483
0.2233 479
0.2234 476
0.2235 480
0.2236 476
0.2237 480
0.2238 476
0.2239 466
0.224 456
0.2241 458
0.2242 459
0.2243 445
0.2244 442
0.2245 443
0.2246 446
0.2247 439
0.2248 438
0.2249 426
0.225 423
0.2251 423
0.2252 421
0.2253 426
0.2254 423
0.2255 422
0.2256 408
0.2257 403
0.2258 402
0.2259 396
0.226 394
0.2261 388
0.2262 389
0.2263 384
0.2264 388
0.2265 385
0.2266 382
0.2267 376
0.2268 377
0.2269 372
0.227 373
0.2271 371
0.2272 376
0.2273 375
0.2274 381
0.2275 383
0.2276 379
0.2277 376
0.2278 369
0.2279 363
0.228 354
0.2281 357
0.2282 347
0.2283 335
0.2284 324
0.2285 318
0.2286 305
0.2287 307
0.2288 310
0.2289 306
0.229 310
0.2291 314
0.2292 323
0.2293 334
0.2294 339
0.2295 341
0.2296 346
0.2297 346
0.2298 347
0.2299 341
0.23 336
0.2301 335
0.2302 334
0.2303 334
0.2304 335
0.2305 333
0.2306 336
0.2307 337
0.2308 340
0.2309 337
0.231 332
0.2311 332
0.2312 329
0.2313 326
0.2314 320
0.2315 324
0.2316 320
0.2317 326
0.2318 330
0.2319 333
0.232 334
0.2321 332
0.2322 327
0.2323 324
0.2324 328
0.2325 327
0.2326 323
0.2327 326
0.2328 324
0.2329 325
0.233 325
0.2331 317
0.2332 304
0.2333 298
0.2334 288
0.2335 286
0.2336 277
0.2337 278
0.2338 275
0.2339 268
0.234 268
0.2341 258
0.2342 255
0.2343 251
0.2344 248
0.2345 235
0.2346 233
0.2347 227
0.2348 223
0.2349 219
0.235 206
0.2351 205
0.2352 201
0.2353 192
0.2354 186
0.2355 189
0.2356 189
0.2357 189
0.2358 194
0.2359 193
0.236 186
0.2361 181
0.2362 179
0.2363 178
0.2364 173
0.2365 177
0.2366 169
0.2367 165
0.2368 167
0.2369 156
0.237 152
0.2371 146
0.2372 142
0.2373 132
0.2374 121
0.2375 107
0.2376 102
0.2377 97
0.2378 97
0.2379 95
0.238 96
0.2381 103
0.2382 105
0.2383 101
0.2384 96
0.2385 97
0.2386 101
0.2387 102
0.2388 98
0.2389 97
0.239 107
0.2391 117
0.2392 116
0.2393 120
0.2394 127
0.2395 129
0.2396 131
0.2397 127
0.2398 126
0.2399 130
0.24 139
0.2401 143
0.2402 155
0.2403 161
0.2404 156
0.2405 164
0.2406 166
0.2407 167
0.2408 163
0.2409 164
0.241 164
0.2411 159
0.2412 158
0.2413 161
0.2414 159
0.2415 160
0.2416 160
0.2417 164
0.2418 156
0.2419 161
0.242 156
0.2421 150
0.2422 150
0.2423 160
0.2424 160
0.2425 161
0.2426 162
0.2427 164
0.2428 170
0.2429 174
0.243 167
0.2431 165
0.2432 162
0.2433 171
0.2434 180
0.2435 184
0.2436 181
0.2437 184
0.2438 186
0.2439 186
0.244 185
0.2441 186
0.2442 185
0.2443 189
0.2444 188
0.2445 191
0.2446 190
0.2447 192
0.2448 193
0.2449 181
0.245 168
0.2451 164
0.2452 159
0.2453 157
0.2454 156
0.2455 156
0.2456 156
0.2457 152
0.2458 155
0.2459 157
0.246 158
0.2461 166
0.2462 169
0.2463 169
0.2464 172
0.2465 175
0.2466 180
0.2467 179
0.2468 180
0.2469 180
0.247 175
0.2471 170
0.2472 165
0.2473 169
0.2474 165
0.2475 160
0.2476 166
0.2477 168
0.2478 173
0.2479 164
0.248 177
0.2481 181
0.2482 182
0.2483 181
0.2484 182
0.2485 179
0.2486 171
0.2487 174
0.2488 178
0.2489 170
0.249 168
0.2491 169
0.2492 166
0.2493 166
0.2494 162
0.2495 156
0.2496 156
0.2497 154
0.2498 156
0.2499 153
0.25 156
