0 0
0.0001 0
0.0002 0
0.0003 0
0.0004 0
0.0005 0
0.0006 0
0.0007 0
0.0008 0
0.0009 0
0.001 0
0.0011 0
0.0012 0
0.0013 0
0.0014 0
0.0015 0
0.0016 0
0.0017 0
0.0018 0
0.0019 0
0.002 0
0.0021 0
0.0022 0
0.0023 0
0.0024 0
0.0025 0
0.0026 0
0.0027 0
0.0028 0
0.0029 0
0.003 0
0.0031 0
0.0032 0
0.0033 0
0.0034 0
0.0035 0
0.0036 0
0.0037 0
0.0038 1
0.0039 1
0.004 1
0.0041 2
0.0042 2
0.0043 2
0.0044 2
0.0045 2
0.0046 2
0.0047 2
0.0048 2
0.0049 2
0.005 2
0.0051 2
0.0052 2
0.0053 1
0.0054 1
0.0055 1
0.0056 1
0.0057 1
0.0058 1
0.0059 1
0.006 1
0.0061 1
0.0062 1
0.0063 1
0.0064 1
0.0065 1
0.0066 2
0.0067 2
0.0068 2
0.0069 2
0.007 2
0.0071 2
0.0072 2
0.0073 2
0.0074 2
0.0075 2
0.0076 2
0.0077 3
0.0078 5
0.0079 5
0.008 5
0.0081 5
0.0082 4
0.0083 4
0.0084 4
0.0085 4
0.0086 4
0.0087 4
0.0088 4
0.0089 4
0.009 5
0.0091 5
0.0092 6
0.0093 6
0.0094 6
0.0095 7
0.0096 8
0.0097 9
0.0098 9
0.0099 9
0.01 11
0.0101 11
0.0102 11
0.0103 11
0.0104 10
0.0105 10
0.0106 11
0.0107 11
0.0108 11
0.0109 11
0.011 12
0.0111 12
0.0112 12
0.0113 11
0.0114 12
0.0115 12
0.0116 15
0.0117 17
0.0118 18
0.0119 19
0.012 19
0.0121 19
0.0122 18
0.0123 18
0.0124 17
0.0125 17
0.0126 17
0.0127 18
0.0128 18
0.0129 18
0.013 17
0.0131 18
0.0132 17
0.0133 19
0.0134 19
0.0135 20
0.0136 20
0.0137 21
0.0138 20
0.0139 20
0.014 21
0.0141 21
0.0142 22
0.0143 23
0.0144 23
0.0145 24
0.0146 23
0.0147 24
0.0148 24
0.0149 24
0.015 24
0.0151 24
0.0152 22
0.0153 22
0.0154 22
0.0155 23
0.0156 24
0.0157 24
0.0158 26
0.0159 25
0.016 24
0.0161 21
0.0162 22
0.0163 24
0.0164 24
0.0165 25
0.0166 25
0.0167 25
0.0168 25
0.0169 25
0.017 26
0.0171 26
0.0172 28
0.0173 28
0.0174 28
0.0175 30
0.0176 30
0.0177 30
0.0178 29
0.0179 29
0.018 28
0.0181 29
0.0182 29
0.0183 29
0.0184 30
0.0185 30
0.0186 29
0.0187 29
0.0188 29
0.0189 30
0.019 31
0.0191 31
0.0192 32
0.0193 33
0.0194 34
0.0195 35
0.0196 35
0.0197 35
0.0198 35
0.0199 35
0.02 34
0.0201 35
0.0202 37
0.0203 37
0.0204 36
0.0205 37
0.0206 37
0.0207 37
0.0208 37
0.0209 38
0.021 39
0.0211 39
0.0212 39
0.0213 39
0.0214 40
0.0215 41
0.0216 39
0.0217 41
0.0218 40
0.0219 39
0.022 38
0.0221 39
0.0222 40
0.0223 39
0.0224 40
0.0225 39
0.0226 40
0.0227 41
0.0228 41
0.0229 43
0.023 43
0.0231 43
0.0232 44
0.0233 45
0.0234 44
0.0235 42
0.0236 42
0.0237 42
0.0238 42
0.0239 42
0.024 44
0.0241 42
0.0242 42
0.0243 41
0.0244 39
0.0245 39
0.0246 39
0.0247 40
0.0248 39
0.0249 39
0.025 40
0.0251 41
0.0252 42
0.0253 42
0.0254 41
0.0255 42
0.0256 43
0.0257 42
0.0258 44
0.0259 44
0.026 43
0.0261 44
0.0262 46
0.0263 46
0.0264 48
0.0265 48
0.0266 50
0.0267 51
0.0268 53
0.0269 54
0.027 53
0.0271 55
0.0272 55
0.0273 54
0.0274 54
0.0275 56
0.0276 56
0.0277 56
0.0278 56
0.0279 59
0.028 58
0.0281 58
0.0282 59
0.0283 58
0.0284 58
0.0285 57
0.0286 56
0.0287 56
0.0288 56
0.0289 58
0.029 58
0.0291 58
0.0292 57
0.0293 56
0.0294 56
0.0295 55
0.0296 56
0.0297 57
0.0298 57
0.0299 59
0.03 59
0.0301 57
0.0302 56
0.0303 54
0.0304 52
0.0305 52
0.0306 55
0.0307 55
0.0308 54
0.0309 55
0.031 54
0.0311 54
0.0312 55
0.0313 55
0.0314 56
0.0315 56
0.0316 55
0.0317 55
0.0318 55
0.0319 54
0.032 55
0.0321 55
0.0322 58
0.0323 58
0.0324 58
0.0325 57
0.0326 56
0.0327 56
0.0328 56
0.0329 57
0.033 59
0.0331 60
0.0332 61
0.0333 66
0.0334 68
0.0335 67
0.0336 67
0.0337 68
0.0338 67
0.0339 66
0.034 67
0.0341 65
0.0342 65
0.0343 67
0.0344 70
0.0345 71
0.0346 71
0.0347 70
0.0348 68
0.0349 67
0.035 67
0.0351 64
0.0352 62
0.0353 63
0.0354 63
0.0355 63
0.0356 64
0.0357 65
0.0358 67
0.0359 68
0.036 68
0.0361 67
0.0362 66
0.0363 66
0.0364 64
0.0365 64
0.0366 65
0.0367 63
0.0368 63
0.0369 63
0.037 64
0.0371 66
0.0372 67
0.0373 69
0.0374 71
0.0375 70
0.0376 73
0.0377 73
0.0378 73
0.0379 73
0.038 73
0.0381 74
0.0382 73
0.0383 75
0.0384 76
0.0385 77
0.0386 77
0.0387 77
0.0388 77
0.0389 78
0.039 78
0.0391 78
0.0392 79
0.0393 79
0.0394 79
0.0395 79
0.0396 80
0.0397 80
0.0398 79
0.0399 80
0.04 82
0.0401 83
0.0402 83
0.0403 83
0.0404 82
0.0405 83
0.0406 84
0.0407 84
0.0408 84
0.0409 84
0.041 85
0.0411 84
0.0412 84
0.0413 84
0.0414 84
0.0415 84
0.0416 84
0.0417 85
0.0418 85
0.0419 84
0.042 83
0.0421 83
0.0422 83
0.0423 83
0.0424 81
0.0425 81
0.0426 81
0.0427 79
0.0428 79
0.0429 78
0.043 78
0.0431 80
0.0432 80
0.0433 79
0.0434 80
0.0435 81
0.0436 83
0.0437 83
0.0438 81
0.0439 82
0.044 82
0.0441 82
0.0442 82
0.0443 86
0.0444 86
0.0445 86
0.0446 86
0.0447 87
0.0448 88
0.0449 88
0.045 89
0.0451 89
0.0452 88
0.0453 89
0.0454 89
0.0455 88
0.0456 90
0.0457 90
0.0458 91
0.0459 93
0.046 93
0.0461 92
0.0462 91
0.0463 93
0.0464 93
0.0465 94
0.0466 95
0.0467 94
0.0468 96
0.0469 96
0.047 96
0.0471 97
0.0472 97
0.0473 98
0.0474 99
0.0475 99
0.0476 100
0.0477 100
0.0478 100
0.0479 102
0.048 102
0.0481 103
0.0482 104
0.0483 103
0.0484 103
0.0485 104
0.0486 104
0.0487 102
0.0488 101
0.0489 101
0.049 102
0.0491 102
0.0492 103
0.0493 102
0.0494 102
0.0495 101
0.0496 101
0.0497 102
0.0498 104
0.0499 104
0.05 104
0.0501 105
0.0502 107
0.0503 107
0.0504 107
0.0505 105
0.0506 105
0.0507 108
0.0508 109
0.0509 110
0.051 110
0.0511 108
0.0512 110
0.0513 110
0.0514 110
0.0515 110
0.0516 110
0.0517 110
0.0518 108
0.0519 108
0.052 108
0.0521 108
0.0522 105
0.0523 104
0.0524 104
0.0525 105
0.0526 106
0.0527 106
0.0528 106
0.0529 106
0.053 106
0.0531 107
0.0532 106
0.0533 107
0.0534 107
0.0535 107
0.0536 109
0.0537 108
0.0538 108
0.0539 109
0.054 109
0.0541 110
0.0542 109
0.0543 109
0.0544 111
0.0545 110
0.0546 108
0.0547 109
0.0548 106
0.0549 106
0.055 106
0.0551 109
0.0552 106
0.0553 107
0.0554 105
0.0555 105
0.0556 106
0.0557 107
0.0558 108
0.0559 106
0.056 105
0.0561 106
0.0562 106
0.0563 107
0.0564 108
0.0565 107
0.0566 107
0.0567 108
0.0568 108
0.0569 107
0.057 108
0.0571 110
0.0572 113
0.0573 113
0.0574 114
0.0575 115
0.0576 115
0.0577 115
0.0578 115
0.0579 117
0.058 118
0.0581 118
0.0582 119
0.0583 121
0.0584 120
0.0585 121
0.0586 120
0.0587 118
0.0588 119
0.0589 119
0.059 119
0.0591 119
0.0592 119
0.0593 119
0.0594 119
0.0595 116
0.0596 116
0.0597 117
0.0598 117
0.0599 116
0.06 116
0.0601 115
0.0602 115
0.0603 116
0.0604 117
0.0605 119
0.0606 120
0.0607 120
0.0608 123
0.0609 123
0.061 123
0.0611 123
0.0612 121
0.0613 121
0.0614 120
0.0615 120
0.0616 118
0.0617 118
0.0618 118
0.0619 117
0.062 119
0.0621 118
0.0622 119
0.0623 119
0.0624 119
0.0625 119
0.0626 117
0.0627 117
0.0628 115
0.0629 117
0.063 117
0.0631 118
0.0632 121
0.0633 123
0.0634 124
0.0635 124
0.0636 122
0.0637 123
0.0638 123
0.0639 122
0.064 123
0.0641 124
0.0642 127
0.0643 128
0.0644 128
0.0645 128
0.0646 129
0.0647 128
0.0648 128
0.0649 128
0.065 126
0.0651 125
0.0652 123
0.0653 122
0.0654 123
0.0655 122
0.0656 121
0.0657 122
0.0658 123
0.0659 122
0.066 123
0.0661 125
0.0662 123
0.0663 123
0.0664 123
0.0665 124
0.0666 124
0.0667 124
0.0668 124
0.0669 124
0.067 124
0.0671 124
0.0672 124
0.0673 124
0.0674 124
0.0675 123
0.0676 124
0.0677 123
0.0678 123
0.0679 125
0.068 123
0.0681 122
0.0682 122
0.0683 123
0.0684 122
0.0685 121
0.0686 123
0.0687 123
0.0688 122
0.0689 121
0.069 121
0.0691 121
0.0692 119
0.0693 119
0.0694 118
0.0695 117
0.0696 120
0.0697 119
0.0698 120
0.0699 122
0.07 123
0.0701 124
0.0702 125
0.0703 125
0.0704 125
0.0705 127
0.0706 129
0.0707 129
0.0708 130
0.0709 132
0.071 134
0.0711 137
0.0712 137
0.0713 137
0.0714 138
0.0715 138
0.0716 137
0.0717 137
0.0718 139
0.0719 138
0.072 137
0.0721 139
0.0722 137
0.0723 138
0.0724 138
0.0725 138
0.0726 137
0.0727 135
0.0728 135
0.0729 135
0.073 135
0.0731 136
0.0732 135
0.0733 136
0.0734 136
0.0735 134
0.0736 134
0.0737 133
0.0738 133
0.0739 134
0.074 132
0.0741 135
0.0742 136
0.0743 138
0.0744 138
0.0745 138
0.0746 138
0.0747 139
0.0748 140
0.0749 141
0.075 142
0.0751 139
0.0752 139
0.0753 140
0.0754 142
0.0755 142
0.0756 140
0.0757 139
0.0758 139
0.0759 140
0.076 142
0.0761 139
0.0762 141
0.0763 143
0.0764 144
0.0765 144
0.0766 145
0.0767 145
0.0768 146
0.0769 148
0.077 147
0.0771 148
0.0772 151
0.0773 151
0.0774 151
0.0775 151
0.0776 151
0.0777 152
0.0778 150
0.0779 150
0.078 151
0.0781 150
0.0782 149
0.0783 145
0.0784 145
0.0785 145
0.0786 145
0.0787 145
0.0788 148
0.0789 148
0.079 147
0.0791 149
0.0792 148
0.0793 147
0.0794 148
0.0795 149
0.0796 148
0.0797 148
0.0798 147
0.0799 143
0.08 143
0.0801 143
0.0802 146
0.0803 146
0.0804 145
0.0805 148
0.0806 147
0.0807 147
0.0808 149
0.0809 149
0.081 150
0.0811 150
0.0812 150
0.0813 149
0.0814 149
0.0815 148
0.0816 148
0.0817 147
0.0818 146
0.0819 147
0.082 146
0.0821 145
0.0822 145
0.0823 144
0.0824 145
0.0825 143
0.0826 143
0.0827 142
0.0828 145
0.0829 145
0.083 146
0.0831 146
0.0832 145
0.0833 144
0.0834 145
0.0835 145
0.0836 145
0.0837 147
0.0838 148
0.0839 146
0.084 147
0.0841 145
0.0842 146
0.0843 147
0.0844 148
0.0845 145
0.0846 146
0.0847 146
0.0848 146
0.0849 147
0.085 146
0.0851 146
0.0852 146
0.0853 144
0.0854 145
0.0855 146
0.0856 144
0.0857 144
0.0858 144
0.0859 145
0.086 146
0.0861 146
0.0862 148
0.0863 146
0.0864 145
0.0865 146
0.0866 145
0.0867 146
0.0868 147
0.0869 148
0.087 147
0.0871 147
0.0872 146
0.0873 147
0.0874 145
0.0875 148
0.0876 147
0.0877 147
0.0878 149
0.0879 148
0.088 148
0.0881 148
0.0882 148
0.0883 148
0.0884 147
0.0885 147
0.0886 146
0.0887 146
0.0888 147
0.0889 148
0.089 149
0.0891 148
0.0892 149
0.0893 149
0.0894 149
0.0895 149
0.0896 149
0.0897 150
0.0898 149
0.0899 151
0.09 150
0.0901 152
0.0902 152
0.0903 152
0.0904 153
0.0905 153
0.0906 153
0.0907 154
0.0908 152
0.0909 152
0.091 150
0.0911 152
0.0912 153
0.0913 150
0.0914 152
0.0915 151
0.0916 151
0.0917 151
0.0918 151
0.0919 151
0.092 154
0.0921 154
0.0922 154
0.0923 156
0.0924 156
0.0925 156
0.0926 157
0.0927 158
0.0928 161
0.0929 161
0.093 162
0.0931 162
0.0932 162
0.0933 159
0.0934 159
0.0935 159
0.0936 160
0.0937 160
0.0938 161
0.0939 159
0.094 158
0.0941 159
0.0942 160
0.0943 159
0.0944 158
0.0945 160
0.0946 158
0.0947 159
0.0948 160
0.0949 160
0.095 161
0.0951 164
0.0952 166
0.0953 166
0.0954 168
0.0955 167
0.0956 165
0.0957 166
0.0958 166
0.0959 168
0.096 170
0.0961 171
0.0962 170
0.0963 169
0.0964 169
0.0965 168
0.0966 171
0.0967 172
0.0968 171
0.0969 170
0.097 170
0.0971 170
0.0972 170
0.0973 169
0.0974 167
0.0975 166
0.0976 168
0.0977 167
0.0978 168
0.0979 166
0.098 167
0.0981 167
0.0982 167
0.0983 169
0.0984 169
0.0985 168
0.0986 168
0.0987 168
0.0988 167
0.0989 167
0.099 168
0.0991 166
0.0992 168
0.0993 170
0.0994 170
0.0995 169
0.0996 171
0.0997 173
0.0998 174
0.0999 176
0.1 176
