0 0
0.01 48
0.02 68
0.03 77
0.04 93
0.05 104
0.06 100
0.07 101
0.08 100
0.09 105
0.1 103
0.11 93
0.12 96
0.13 98
0.14 88
0.15 90
0.16 94
0.17 89
0.18 80
0.19 82
0.2 79
0.21 77
0.22 72
0.23 69
0.24 75
0.25 73
0.26 72
0.27 70
0.28 71
0.29 71
0.3 70
0.31 65
0.32 67
0.33 61
0.34 62
0.35 63
0.36 61
0.37 66
0.38 68
0.39 72
0.4 70
0.41 67
0.42 68
0.43 74
0.44 70
0.45 68
0.46 72
0.47 68
0.48 68
0.49 75
0.5 75
0.51 74
0.52 74
0.53 78
0.54 76
0.55 79
0.56 82
0.57 78
0.58 78
0.59 77
0.6 74
0.61 73
0.62 78
0.63 78
0.64 69
0.65 66
0.66 65
0.67 67
0.68 70
0.69 76
0.7 75
0.71 78
0.72 84
0.73 82
0.74 83
0.75 78
0.76 72
0.77 70
0.78 71
0.79 64
0.8 65
0.81 66
0.82 68
0.83 66
0.84 64
0.85 69
0.86 68
0.87 71
0.88 72
0.89 72
0.9 71
0.91 74
0.92 77
0.93 75
0.94 69
0.95 76
0.96 74
0.97 74
0.98 72
0.99 69
1 67
1.01 68
1.02 66
1.03 67
1.04 68
1.05 71
1.06 65
1.07 66
1.08 61
1.09 61
1.1 56
1.11 59
1.12 63
1.13 67
1.14 67
1.15 66
1.16 66
1.17 62
1.18 63
1.19 59
1.2 55
1.21 57
1.22 59
1.23 56
1.24 58
1.25 58
1.26 50
1.27 47
1.28 55
1.29 55
1.3 57
1.31 59
1.32 54
1.33 56
1.34 60
1.35 58
1.36 62
1.37 63
1.38 63
1.39 61
1.4 60
1.41 58
1.42 54
1.43 54
1.44 50
1.45 56
1.46 53
1.47 56
1.48 54
1.49 54
1.5 53
1.51 56
1.52 55
1.53 58
1.54 56
1.55 58
1.56 60
1.57 60
1.58 58
1.59 62
1.6 57
1.61 58
1.62 60
1.63 56
1.64 48
1.65 51
1.66 51
1.67 55
1.68 58
1.69 54
1.7 55
1.71 56
1.72 50
1.73 47
1.74 49
1.75 49
1.76 47
1.77 49
1.78 42
1.79 54
1.8 55
1.81 53
1.82 49
1.83 52
1.84 54
1.85 58
1.86 52
1.87 52
1.88 48
1.89 48
1.9 55
1.91 55
1.92 52
1.93 59
1.94 60
1.95 52
1.96 49
1.97 56
1.98 50
1.99 48
2 50
