0 0
0.0001 181
0.0002 249
0.0003 294
0.0004 330
0.0005 318
0.0006 321
0.0007 311
0.0008 319
0.0009 321
0.001 315
0.0011 289
0.0012 259
0.0013 256
0.0014 252
0.0015 259
0.0016 271
0.0017 274
0.0018 279
0.0019 278
0.002 276
0.0021 272
0.0022 276
0.0023 275
0.0024 251
0.0025 242
0.0026 243
0.0027 243
0.0028 230
0.0029 226
0.003 233
0.0031 222
0.0032 236
0.0033 247
0.0034 256
0.0035 282
0.0036 286
0.0037 269
0.0038 249
0.0039 224
0.004 226
0.0041 241
0.0042 237
0.0043 251
0.0044 247
0.0045 249
0.0046 253
0.0047 241
0.0048 233
0.0049 233
0.005 240
0.0051 242
0.0052 231
0.0053 246
0.0054 230
0.0055 235
0.0056 223
0.0057 230
0.0058 223
0.0059 230
0.006 239
0.0061 227
0.0062 232
0.0063 228
0.0064 221
0.0065 224
0.0066 227
0.0067 222
0.0068 205
0.0069 212
0.007 220
0.0071 205
0.0072 213
0.0073 228
0.0074 232
0.0075 227
0.0076 215
0.0077 225
0.0078 214
0.0079 218
0.008 206
0.0081 202
0.0082 200
0.0083 188
0.0084 195
0.0085 195
0.0086 200
0.0087 200
0.0088 192
0.0089 181
0.009 181
0.0091 194
0.0092 203
0.0093 210
0.0094 197
0.0095 207
0.0096 202
0.0097 186
0.0098 191
0.0099 190
0.01 191
0.0101 189
0.0102 186
0.0103 179
0.0104 183
0.0105 181
0.0106 181
0.0107 187
0.0108 161
0.0109 182
0.011 189
0.0111 169
0.0112 181
0.0113 202
0.0114 183
0.0115 180
0.0116 186
0.0117 200
0.0118 208
0.0119 207
0.012 197
0.0121 186
0.0122 188
0.0123 193
0.0124 193
0.0125 194
0.0126 195
0.0127 188
0.0128 176
0.0129 183
0.013 185
0.0131 184
0.0132 189
0.0133 194
0.0134 183
0.0135 176
0.0136 169
0.0137 170
0.0138 172
0.0139 169
0.014 182
0.0141 188
0.0142 198
0.0143 191
0.0144 192
0.0145 191
0.0146 191
0.0147 184
0.0148 161
0.0149 153
0.015 157
0.0151 157
0.0152 178
0.0153 173
0.0154 181
0.0155 186
0.0156 176
0.0157 180
0.0158 168
0.0159 167
0.016 159
0.0161 155
0.0162 168
0.0163 168
0.0164 174
0.0165 182
0.0166 171
0.0167 174
0.0168 156
0.0169 158
0.017 151
0.0171 151
0.0172 157
0.0173 152
0.0174 148
0.0175 147
0.0176 142
0.0177 141
0.0178 149
0.0179 148
0.018 135
0.0181 141
0.0182 138
0.0183 129
0.0184 136
0.0185 143
0.0186 149
0.0187 129
0.0188 131
0.0189 126
0.019 121
0.0191 129
0.0192 139
0.0193 134
0.0194 150
0.0195 139
0.0196 124
0.0197 128
0.0198 135
0.0199 132
0.02 129
0.0201 136
0.0202 142
0.0203 138
0.0204 141
0.0205 131
0.0206 125
0.0207 137
0.0208 151
0.0209 151
0.021 145
0.0211 133
0.0212 128
0.0213 130
0.0214 125
0.0215 129
0.0216 125
0.0217 125
0.0218 127
0.0219 118
0.022 117
0.0221 124
0.0222 121
0.0223 117
0.0224 126
0.0225 128
0.0226 115
0.0227 127
0.0228 125
0.0229 118
0.023 115
0.0231 124
0.0232 121
0.0233 114
0.0234 115
0.0235 120
0.0236 110
0.0237 104
0.0238 111
0.0239 117
0.024 123
0.0241 128
0.0242 115
0.0243 113
0.0244 112
0.0245 127
0.0246 124
0.0247 110
0.0248 96
0.0249 98
0.025 102
0.0251 103
0.0252 93
0.0253 119
0.0254 119
0.0255 106
0.0256 110
0.0257 116
0.0258 117
0.0259 130
0.026 123
0.0261 126
0.0262 119
0.0263 125
0.0264 118
0.0265 117
0.0266 107
0.0267 114
0.0268 110
0.0269 113
0.027 114
0.0271 111
0.0272 115
0.0273 110
0.0274 102
0.0275 100
0.0276 88
0.0277 100
0.0278 103
0.0279 103
0.028 101
0.0281 94
0.0282 105
0.0283 94
0.0284 99
0.0285 100
0.0286 100
0.0287 92
0.0288 108
0.0289 111
0.029 103
0.0291 96
0.0292 105
0.0293 100
0.0294 109
0.0295 109
0.0296 111
0.0297 117
0.0298 111
0.0299 111
0.03 104
0.0301 100
0.0302 95
0.0303 105
0.0304 93
0.0305 97
0.0306 96
0.0307 86
0.0308 98
0.0309 94
0.031 87
0.0311 107
0.0312 103
0.0313 98
0.0314 89
0.0315 89
0.0316 107
0.0317 94
0.0318 98
0.0319 100
0.032 100
0.0321 98
0.0322 91
0.0323 90
0.0324 100
0.0325 83
0.0326 89
0.0327 100
0.0328 99
0.0329 96
0.033 96
0.0331 92
0.0332 87
0.0333 93
0.0334 95
0.0335 92
0.0336 93
0.0337 103
0.0338 98
0.0339 98
0.034 97
0.0341 102
0.0342 99
0.0343 88
0.0344 92
0.0345 96
0.0346 93
0.0347 89
0.0348 95
0.0349 90
0.035 95
0.0351 89
0.0352 84
0.0353 82
0.0354 86
0.0355 92
0.0356 85
0.0357 94
0.0358 94
0.0359 97
0.036 85
0.0361 95
0.0362 82
0.0363 91
0.0364 84
0.0365 96
0.0366 99
0.0367 95
0.0368 89
0.0369 78
0.037 81
0.0371 88
0.0372 98
0.0373 93
0.0374 93
0.0375 95
0.0376 95
0.0377 95
0.0378 94
0.0379 92
0.038 89
0.0381 82
0.0382 89
0.0383 85
0.0384 88
0.0385 84
0.0386 105
0.0387 104
0.0388 99
0.0389 90
0.039 96
0.0391 83
0.0392 93
0.0393 93
0.0394 88
0.0395 78
0.0396 70
0.0397 79
0.0398 80
0.0399 79
0.04 76
0.0401 78
0.0402 79
0.0403 77
0.0404 84
0.0405 92
0.0406 93
0.0407 83
0.0408 91
0.0409 92
0.041 78
0.0411 87
0.0412 75
0.0413 80
0.0414 80
0.0415 80
0.0416 83
0.0417 84
0.0418 84
0.0419 81
0.042 87
0.0421 81
0.0422 83
0.0423 80
0.0424 69
0.0425 77
0.0426 77
0.0427 83
0.0428 88
0.0429 78
0.043 78
0.0431 71
0.0432 70
0.0433 68
0.0434 71
0.0435 75
0.0436 77
0.0437 70
0.0438 83
0.0439 86
0.044 79
0.0441 83
0.0442 82
0.0443 82
0.0444 73
0.0445 84
0.0446 76
0.0447 74
0.0448 77
0.0449 82
0.045 83
0.0451 82
0.0452 86
0.0453 83
0.0454 76
0.0455 77
0.0456 84
0.0457 74
0.0458 73
0.0459 80
0.046 88
0.0461 81
0.0462 70
0.0463 66
0.0464 70
0.0465 74
0.0466 79
0.0467 79
0.0468 83
0.0469 75
0.047 71
0.0471 78
0.0472 86
0.0473 81
0.0474 68
0.0475 69
0.0476 83
0.0477 82
0.0478 76
0.0479 86
0.048 91
0.0481 76
0.0482 75
0.0483 75
0.0484 75
0.0485 69
0.0486 69
0.0487 71
0.0488 74
0.0489 69
0.049 68
0.0491 65
0.0492 75
0.0493 66
0.0494 68
0.0495 70
0.0496 55
0.0497 63
0.0498 58
0.0499 67
0.05 67
0.0501 67
0.0502 67
0.0503 77
0.0504 68
0.0505 65
0.0506 58
0.0507 56
0.0508 71
0.0509 77
0.051 82
0.0511 74
0.0512 75
0.0513 68
0.0514 70
0.0515 63
0.0516 69
0.0517 65
0.0518 69
0.0519 65
0.052 66
0.0521 66
0.0522 58
0.0523 53
0.0524 49
0.0525 57
0.0526 62
0.0527 59
0.0528 57
0.0529 64
0.053 67
0.0531 63
0.0532 60
0.0533 59
0.0534 53
0.0535 58
0.0536 56
0.0537 62
0.0538 69
0.0539 67
0.054 70
0.0541 70
0.0542 72
0.0543 64
0.0544 69
0.0545 60
0.0546 63
0.0547 74
0.0548 70
0.0549 61
0.055 60
0.0551 61
0.0552 69
0.0553 75
0.0554 75
0.0555 69
0.0556 60
0.0557 67
0.0558 64
0.0559 72
0.056 67
0.0561 63
0.0562 61
0.0563 59
0.0564 59
0.0565 59
0.0566 52
0.0567 49
0.0568 65
0.0569 55
0.057 58
0.0571 54
0.0572 58
0.0573 56
0.0574 56
0.0575 55
0.0576 51
0.0577 53
0.0578 64
0.0579 59
0.058 59
0.0581 53
0.0582 56
0.0583 61
0.0584 55
0.0585 57
0.0586 67
0.0587 64
0.0588 60
0.0589 55
0.059 54
0.0591 58
0.0592 62
0.0593 53
0.0594 56
0.0595 57
0.0596 56
0.0597 59
0.0598 51
0.0599 62
0.06 54
0.0601 66
0.0602 68
0.0603 63
0.0604 54
0.0605 58
0.0606 50
0.0607 50
0.0608 57
0.0609 56
0.061 57
0.0611 62
0.0612 61
0.0613 64
0.0614 62
0.0615 60
0.0616 51
0.0617 48
0.0618 55
0.0619 56
0.062 54
0.0621 48
0.0622 50
0.0623 56
0.0624 53
0.0625 56
0.0626 59
0.0627 53
0.0628 60
0.0629 61
0.063 56
0.0631 52
0.0632 50
0.0633 49
0.0634 49
0.0635 53
0.0636 53
0.0637 57
0.0638 60
0.0639 56
0.064 54
0.0641 56
0.0642 54
0.0643 45
0.0644 40
0.0645 45
0.0646 48
0.0647 48
0.0648 48
0.0649 43
0.065 38
0.0651 49
0.0652 53
0.0653 48
0.0654 47
0.0655 54
0.0656 49
0.0657 51
0.0658 52
0.0659 50
0.066 55
0.0661 45
0.0662 50
0.0663 53
0.0664 57
0.0665 53
0.0666 54
0.0667 52
0.0668 56
0.0669 55
0.067 55
0.0671 54
0.0672 55
0.0673 52
0.0674 53
0.0675 60
0.0676 57
0.0677 61
0.0678 59
0.0679 57
0.068 64
0.0681 71
0.0682 69
0.0683 53
0.0684 50
0.0685 46
0.0686 50
0.0687 41
0.0688 35
0.0689 46
0.069 51
0.0691 51
0.0692 54
0.0693 52
0.0694 45
0.0695 54
0.0696 53
0.0697 50
0.0698 53
0.0699 56
0.07 55
0.0701 63
0.0702 56
0.0703 60
0.0704 61
0.0705 57
0.0706 56
0.0707 56
0.0708 55
0.0709 58
0.071 61
0.0711 56
0.0712 60
0.0713 56
0.0714 60
0.0715 64
0.0716 60
0.0717 58
0.0718 65
0.0719 62
0.072 62
0.0721 54
0.0722 55
0.0723 54
0.0724 48
0.0725 57
0.0726 50
0.0727 47
0.0728 47
0.0729 40
0.073 39
0.0731 43
0.0732 51
0.0733 49
0.0734 56
0.0735 56
0.0736 55
0.0737 52
0.0738 59
0.0739 50
0.074 51
0.0741 40
0.0742 43
0.0743 51
0.0744 53
0.0745 56
0.0746 60
0.0747 52
0.0748 55
0.0749 55
0.075 54
0.0751 56
0.0752 58
0.0753 55
0.0754 51
0.0755 46
0.0756 51
0.0757 47
0.0758 50
0.0759 50
0.076 57
0.0761 58
0.0762 56
0.0763 52
0.0764 50
0.0765 55
0.0766 58
0.0767 54
0.0768 55
0.0769 56
0.077 50
0.0771 53
0.0772 55
0.0773 59
0.0774 55
0.0775 57
0.0776 54
0.0777 60
0.0778 56
0.0779 52
0.078 54
0.0781 54
0.0782 56
0.0783 51
0.0784 46
0.0785 47
0.0786 50
0.0787 52
0.0788 52
0.0789 51
0.079 47
0.0791 42
0.0792 49
0.0793 44
0.0794 44
0.0795 43
0.0796 43
0.0797 45
0.0798 47
0.0799 42
0.08 44
0.0801 35
0.0802 43
0.0803 47
0.0804 43
0.0805 48
0.0806 51
0.0807 54
0.0808 55
0.0809 46
0.081 49
0.0811 50
0.0812 42
0.0813 44
0.0814 40
0.0815 43
0.0816 46
0.0817 42
0.0818 46
0.0819 55
0.082 59
0.0821 68
0.0822 66
0.0823 60
0.0824 55
0.0825 45
0.0826 47
0.0827 47
0.0828 49
0.0829 54
0.083 51
0.0831 54
0.0832 50
0.0833 54
0.0834 54
0.0835 53
0.0836 54
0.0837 49
0.0838 47
0.0839 55
0.084 52
0.0841 49
0.0842 55
0.0843 43
0.0844 49
0.0845 52
0.0846 40
0.0847 46
0.0848 43
0.0849 50
0.085 48
0.0851 48
0.0852 53
0.0853 49
0.0854 50
0.0855 52
0.0856 56
0.0857 48
0.0858 45
0.0859 47
0.086 46
0.0861 42
0.0862 45
0.0863 47
0.0864 40
0.0865 46
0.0866 43
0.0867 52
0.0868 45
0.0869 50
0.087 45
0.0871 46
0.0872 41
0.0873 41
0.0874 38
0.0875 34
0.0876 27
0.0877 33
0.0878 35
0.0879 36
0.088 42
0.0881 46
0.0882 49
0.0883 47
0.0884 41
0.0885 44
0.0886 42
0.0887 48
0.0888 45
0.0889 44
0.089 46
0.0891 46
0.0892 51
0.0893 48
0.0894 44
0.0895 42
0.0896 45
0.0897 46
0.0898 45
0.0899 50
0.09 41
0.0901 47
0.0902 46
0.0903 48
0.0904 44
0.0905 45
0.0906 40
0.0907 40
0.0908 38
0.0909 36
0.091 37
0.0911 42
0.0912 45
0.0913 39
0.0914 46
0.0915 41
0.0916 50
0.0917 48
0.0918 45
0.0919 44
0.092 45
0.0921 39
0.0922 38
0.0923 43
0.0924 44
0.0925 43
0.0926 40
0.0927 39
0.0928 40
0.0929 40
0.093 40
0.0931 34
0.0932 40
0.0933 42
0.0934 39
0.0935 36
0.0936 34
0.0937 42
0.0938 42
0.0939 43
0.094 42
0.0941 38
0.0942 41
0.0943 32
0.0944 26
0.0945 31
0.0946 38
0.0947 38
0.0948 46
0.0949 46
0.095 45
0.0951 40
0.0952 30
0.0953 34
0.0954 37
0.0955 36
0.0956 40
0.0957 34
0.0958 35
0.0959 35
0.096 37
0.0961 38
0.0962 40
0.0963 38
0.0964 43
0.0965 43
0.0966 45
0.0967 39
0.0968 39
0.0969 37
0.097 37
0.0971 34
0.0972 32
0.0973 32
0.0974 36
0.0975 42
0.0976 37
0.0977 42
0.0978 36
0.0979 41
0.098 41
0.0981 38
0.0982 39
0.0983 36
0.0984 45
0.0985 41
0.0986 36
0.0987 33
0.0988 32
0.0989 39
0.099 39
0.0991 47
0.0992 46
0.0993 43
0.0994 45
0.0995 39
0.0996 34
0.0997 32
0.0998 39
0.0999 34
0.1 40
