0 0
0.0001 0
0.0002 0
0.0003 0
0.0004 0
0.0005 0
0.0006 0
0.0007 1
0.0008 0
0.0009 0
0.001 0
0.0011 0
0.0012 0
0.0013 0
0.0014 1
0.0015 1
0.0016 1
0.0017 0
0.0018 0
0.0019 0
0.002 0
0.0021 0
0.0022 0
0.0023 0
0.0024 1
0.0025 0
0.0026 0
0.0027 0
0.0028 0
0.0029 0
0.003 0
0.0031 0
0.0032 1
0.0033 1
0.0034 0
0.0035 0
0.0036 0
0.0037 0
0.0038 0
0.0039 0
0.004 0
0.0041 1
0.0042 0
0.0043 1
0.0044 0
0.0045 0
0.0046 1
0.0047 0
0.0048 0
0.0049 0
0.005 1
0.0051 0
0.0052 0
0.0053 0
0.0054 1
0.0055 1
0.0056 1
0.0057 0
0.0058 0
0.0059 0
0.006 0
0.0061 0
0.0062 0
0.0063 0
0.0064 0
0.0065 2
0.0066 1
0.0067 0
0.0068 1
0.0069 1
0.007 1
0.0071 0
0.0072 0
0.0073 1
0.0074 0
0.0075 0
0.0076 2
0.0077 0
0.0078 1
0.0079 1
0.008 1
0.0081 0
0.0082 0
0.0083 2
0.0084 2
0.0085 0
0.0086 2
0.0087 0
0.0088 0
0.0089 1
0.009 0
0.0091 1
0.0092 0
0.0093 1
0.0094 1
0.0095 0
0.0096 0
0.0097 0
0.0098 0
0.0099 1
0.01 1
0.0101 1
0.0102 0
0.0103 0
0.0104 1
0.0105 1
0.0106 3
0.0107 0
0.0108 1
0.0109 1
0.011 0
0.0111 2
0.0112 0
0.0113 0
0.0114 0
0.0115 0
0.0116 0
0.0117 0
0.0118 2
0.0119 0
0.012 0
0.0121 1
0.0122 1
0.0123 2
0.0124 3
0.0125 2
0.0126 1
0.0127 2
0.0128 2
0.0129 2
0.013 0
0.0131 0
0.0132 2
0.0133 1
0.0134 0
0.0135 3
0.0136 0
0.0137 1
0.0138 0
0.0139 1
0.014 0
0.0141 2
0.0142 1
0.0143 1
0.0144 1
0.0145 2
0.0146 2
0.0147 0
0.0148 0
0.0149 3
0.015 2
0.0151 0
0.0152 3
0.0153 3
0.0154 0
0.0155 7
0.0156 1
0.0157 0
0.0158 2
0.0159 3
0.016 1
0.0161 3
0.0162 1
0.0163 1
0.0164 4
0.0165 4
0.0166 2
0.0167 3
0.0168 4
0.0169 3
0.017 1
0.0171 2
0.0172 1
0.0173 4
0.0174 4
0.0175 3
0.0176 2
0.0177 5
0.0178 3
0.0179 2
0.018 0
0.0181 5
0.0182 4
0.0183 4
0.0184 3
0.0185 5
0.0186 3
0.0187 3
0.0188 5
0.0189 1
0.019 3
0.0191 7
0.0192 0
0.0193 9
0.0194 2
0.0195 7
0.0196 5
0.0197 3
0.0198 5
0.0199 6
0.02 6
0.0201 5
0.0202 4
0.0203 3
0.0204 7
0.0205 10
0.0206 7
0.0207 7
0.0208 7
0.0209 6
0.021 9
0.0211 5
0.0212 7
0.0213 7
0.0214 11
0.0215 6
0.0216 8
0.0217 5
0.0218 4
0.0219 4
0.022 9
0.0221 4
0.0222 8
0.0223 17
0.0224 17
0.0225 14
0.0226 7
0.0227 13
0.0228 14
0.0229 13
0.023 10
0.0231 16
0.0232 12
0.0233 10
0.0234 9
0.0235 13
0.0236 18
0.0237 14
0.0238 16
0.0239 11
0.024 24
0.0241 19
0.0242 28
0.0243 27
0.0244 35
0.0245 38
0.0246 33
0.0247 37
0.0248 53
0.0249 50
0.025 67
0.0251 70
0.0252 72
0.0253 77
0.0254 86
0.0255 81
0.0256 87
0.0257 90
0.0258 92
0.0259 103
0.026 96
0.0261 106
0.0262 123
0.0263 164
0.0264 177
0.0265 200
0.0266 236
0.0267 266
0.0268 286
0.0269 315
0.027 354
0.0271 378
0.0272 419
0.0273 439
0.0274 459
0.0275 493
0.0276 531
0.0277 555
0.0278 573
0.0279 581
0.028 610
0.0281 629
0.0282 653
0.0283 674
0.0284 702
0.0285 714
0.0286 738
0.0287 768
0.0288 792
0.0289 806
0.029 823
0.0291 842
0.0292 865
0.0293 884
0.0294 894
0.0295 918
0.0296 932
0.0297 959
0.0298 973
0.0299 992
0.03 1005
0.0301 1027
0.0302 1036
0.0303 1063
0.0304 1079
0.0305 1083
0.0306 1093
0.0307 1105
0.0308 1120
0.0309 1129
0.031 1133
0.0311 1144
0.0312 1150
0.0313 1164
0.0314 1168
0.0315 1178
0.0316 1187
0.0317 1194
0.0318 1198
0.0319 1204
0.032 1208
0.0321 1205
0.0322 1208
0.0323 1211
0.0324 1216
0.0325 1225
0.0326 1237
0.0327 1241
0.0328 1252
0.0329 1257
0.033 1256
0.0331 1256
0.0332 1261
0.0333 1266
0.0334 1269
0.0335 1270
0.0336 1271
0.0337 1274
0.0338 1277
0.0339 1280
0.034 1280
0.0341 1284
0.0342 1286
0.0343 1279
0.0344 1275
0.0345 1280
0.0346 1286
0.0347 1287
0.0348 1282
0.0349 1276
0.035 1268
0.0351 1270
0.0352 1267
0.0353 1266
0.0354 1270
0.0355 1271
0.0356 1268
0.0357 1266
0.0358 1261
0.0359 1267
0.036 1264
0.0361 1269
0.0362 1273
0.0363 1277
0.0364 1282
0.0365 1278
0.0366 1275
0.0367 1271
0.0368 1266
0.0369 1260
0.037 1266
0.0371 1252
0.0372 1243
0.0373 1248
0.0374 1246
0.0375 1252
0.0376 1247
0.0377 1242
0.0378 1239
0.0379 1240
0.038 1227
0.0381 1222
0.0382 1224
0.0383 1212
0.0384 1210
0.0385 1211
0.0386 1206
0.0387 1204
0.0388 1201
0.0389 1198
0.039 1188
0.0391 1182
0.0392 1178
0.0393 1174
0.0394 1171
0.0395 1166
0.0396 1160
0.0397 1157
0.0398 1154
0.0399 1150
0.04 1140
0.0401 1131
0.0402 1121
0.0403 1116
0.0404 1110
0.0405 1112
0.0406 1110
0.0407 1112
0.0408 1108
0.0409 1101
0.041 1096
0.0411 1094
0.0412 1100
0.0413 1091
0.0414 1091
0.0415 1091
0.0416 1087
0.0417 1087
0.0418 1089
0.0419 1088
0.042 1086
0.0421 1087
0.0422 1083
0.0423 1081
0.0424 1080
0.0425 1081
0.0426 1078
0.0427 1074
0.0428 1063
0.0429 1054
0.043 1051
0.0431 1053
0.0432 1048
0.0433 1038
0.0434 1039
0.0435 1033
0.0436 1027
0.0437 1011
0.0438 1002
0.0439 981
0.044 976
0.0441 964
0.0442 964
0.0443 950
0.0444 944
0.0445 936
0.0446 931
0.0447 920
0.0448 910
0.0449 907
0.045 901
0.0451 891
0.0452 886
0.0453 876
0.0454 867
0.0455 859
0.0456 851
0.0457 843
0.0458 836
0.0459 839
0.046 833
0.0461 834
0.0462 831
0.0463 821
0.0464 826
0.0465 822
0.0466 809
0.0467 800
0.0468 801
0.0469 797
0.047 795
0.0471 796
0.0472 791
0.0473 793
0.0474 794
0.0475 794
0.0476 784
0.0477 776
0.0478 769
0.0479 755
0.048 760
0.0481 764
0.0482 765
0.0483 769
0.0484 766
0.0485 764
0.0486 767
0.0487 760
0.0488 754
0.0489 753
0.049 739
0.0491 733
0.0492 729
0.0493 734
0.0494 729
0.0495 733
0.0496 730
0.0497 723
0.0498 726
0.0499 724
0.05 720
0.0501 710
0.0502 700
0.0503 700
0.0504 699
0.0505 697
0.0506 694
0.0507 686
0.0508 682
0.0509 679
0.051 677
0.0511 679
0.0512 675
0.0513 676
0.0514 670
0.0515 668
0.0516 671
0.0517 676
0.0518 675
0.0519 673
0.052 667
0.0521 664
0.0522 661
0.0523 659
0.0524 653
0.0525 648
0.0526 643
0.0527 641
0.0528 632
0.0529 627
0.053 623
0.0531 619
0.0532 614
0.0533 611
0.0534 593
0.0535 585
0.0536 582
0.0537 577
0.0538 572
0.0539 570
0.054 561
0.0541 542
0.0542 534
0.0543 525
0.0544 524
0.0545 510
0.0546 495
0.0547 497
0.0548 497
0.0549 500
0.055 506
0.0551 502
0.0552 501
0.0553 501
0.0554 503
0.0555 509
0.0556 511
0.0557 514
0.0558 514
0.0559 516
0.056 515
0.0561 515
0.0562 516
0.0563 518
0.0564 513
0.0565 512
0.0566 513
0.0567 507
0.0568 499
0.0569 496
0.057 494
0.0571 486
0.0572 485
0.0573 483
0.0574 477
0.0575 473
0.0576 470
0.0577 467
0.0578 468
0.0579 455
0.058 449
0.0581 450
0.0582 454
0.0583 434
0.0584 423
0.0585 411
0.0586 417
0.0587 417
0.0588 413
0.0589 412
0.059 412
0.0591 414
0.0592 416
0.0593 418
0.0594 423
0.0595 421
0.0596 429
0.0597 428
0.0598 430
0.0599 430
0.06 430
0.0601 422
0.0602 414
0.0603 408
0.0604 398
0.0605 390
0.0606 394
0.0607 397
0.0608 396
0.0609 396
0.061 395
0.0611 390
0.0612 377
0.0613 369
0.0614 364
0.0615 363
0.0616 364
0.0617 355
0.0618 360
0.0619 353
0.062 344
0.0621 335
0.0622 337
0.0623 338
0.0624 329
0.0625 327
0.0626 328
0.0627 322
0.0628 316
0.0629 316
0.063 314
0.0631 310
0.0632 310
0.0633 308
0.0634 308
0.0635 306
0.0636 305
0.0637 287
0.0638 280
0.0639 275
0.064 270
0.0641 276
0.0642 278
0.0643 280
0.0644 285
0.0645 287
0.0646 291
0.0647 291
0.0648 285
0.0649 297
0.065 294
0.0651 293
0.0652 290
0.0653 293
0.0654 290
0.0655 290
0.0656 280
0.0657 274
0.0658 270
0.0659 273
0.066 272
0.0661 268
0.0662 261
0.0663 245
0.0664 238
0.0665 240
0.0666 244
0.0667 244
0.0668 246
0.0669 253
0.067 247
0.0671 241
0.0672 242
0.0673 243
0.0674 247
0.0675 242
0.0676 241
0.0677 236
0.0678 232
0.0679 230
0.068 229
0.0681 228
0.0682 224
0.0683 221
0.0684 224
0.0685 228
0.0686 233
0.0687 235
0.0688 231
0.0689 239
0.069 242
0.0691 248
0.0692 252
0.0693 252
0.0694 250
0.0695 253
0.0696 256
0.0697 258
0.0698 263
0.0699 267
0.07 268
0.0701 265
0.0702 259
0.0703 251
0.0704 244
0.0705 237
0.0706 228
0.0707 216
0.0708 219
0.0709 206
0.071 195
0.0711 168
0.0712 145
0.0713 144
0.0714 142
0.0715 141
0.0716 136
0.0717 136
0.0718 136
0.0719 132
0.072 133
0.0721 133
0.0722 139
0.0723 136
0.0724 147
0.0725 144
0.0726 145
0.0727 154
0.0728 156
0.0729 156
0.073 163
0.0731 166
0.0732 166
0.0733 165
0.0734 165
0.0735 167
0.0736 163
0.0737 160
0.0738 158
0.0739 155
0.074 162
0.0741 161
0.0742 163
0.0743 163
0.0744 164
0.0745 170
0.0746 169
0.0747 168
0.0748 163
0.0749 162
0.075 162
0.0751 166
0.0752 166
0.0753 164
0.0754 163
0.0755 158
0.0756 149
0.0757 139
0.0758 144
0.0759 139
0.076 136
0.0761 127
0.0762 123
0.0763 114
0.0764 108
0.0765 106
0.0766 103
0.0767 110
0.0768 114
0.0769 109
0.077 115
0.0771 118
0.0772 118
0.0773 123
0.0774 130
0.0775 135
0.0776 133
0.0777 133
0.0778 129
0.0779 128
0.078 133
0.0781 132
0.0782 144
0.0783 142
0.0784 150
0.0785 153
0.0786 154
0.0787 158
0.0788 152
0.0789 145
0.079 144
0.0791 144
0.0792 146
0.0793 147
0.0794 151
0.0795 150
0.0796 152
0.0797 151
0.0798 156
0.0799 154
0.08 157
0.0801 156
0.0802 154
0.0803 158
0.0804 160
0.0805 154
0.0806 154
0.0807 159
0.0808 165
0.0809 165
0.081 170
0.0811 170
0.0812 172
0.0813 168
0.0814 165
0.0815 158
0.0816 161
0.0817 159
0.0818 158
0.0819 156
0.082 162
0.0821 162
0.0822 164
0.0823 169
0.0824 171
0.0825 178
0.0826 176
0.0827 174
0.0828 180
0.0829 179
0.083 179
0.0831 181
0.0832 185
0.0833 187
0.0834 188
0.0835 191
0.0836 194
0.0837 198
0.0838 195
0.0839 200
0.084 196
0.0841 193
0.0842 183
0.0843 173
0.0844 168
0.0845 154
0.0846 152
0.0847 146
0.0848 152
0.0849 150
0.085 144
0.0851 140
0.0852 131
0.0853 120
0.0854 117
0.0855 116
0.0856 116
0.0857 106
0.0858 100
0.0859 96
0.086 91
0.0861 88
0.0862 87
0.0863 85
0.0864 76
0.0865 79
0.0866 84
0.0867 86
0.0868 91
0.0869 94
0.087 90
0.0871 96
0.0872 94
0.0873 96
0.0874 101
0.0875 107
0.0876 113
0.0877 117
0.0878 114
0.0879 115
0.088 119
0.0881 120
0.0882 122
0.0883 119
0.0884 120
0.0885 114
0.0886 111
0.0887 107
0.0888 103
0.0889 99
0.089 93
0.0891 95
0.0892 97
0.0893 100
0.0894 95
0.0895 98
0.0896 94
0.0897 87
0.0898 77
0.0899 87
0.09 90
0.0901 88
0.0902 86
0.0903 86
0.0904 90
0.0905 86
0.0906 78
0.0907 81
0.0908 84
0.0909 90
0.091 81
0.0911 75
0.0912 76
0.0913 77
0.0914 77
0.0915 73
0.0916 63
0.0917 60
0.0918 54
0.0919 39
0.092 29
0.0921 26
0.0922 21
0.0923 21
0.0924 15
0.0925 11
0.0926 16
0.0927 10
0.0928 9
0.0929 7
0.093 5
0.0931 4
0.0932 4
0.0933 6
0.0934 6
0.0935 6
0.0936 2
0.0937 1
0.0938 3
0.0939 1
0.094 5
0.0941 3
0.0942 1
0.0943 1
0.0944 0
0.0945 3
0.0946 4
0.0947 3
0.0948 2
0.0949 3
0.095 0
0.0951 3
0.0952 2
0.0953 5
0.0954 2
0.0955 0
0.0956 3
0.0957 2
0.0958 1
0.0959 2
0.096 0
0.0961 2
0.0962 2
0.0963 1
0.0964 3
0.0965 0
0.0966 1
0.0967 1
0.0968 2
0.0969 1
0.097 2
0.0971 2
0.0972 1
0.0973 0
0.0974 1
0.0975 2
0.0976 2
0.0977 0
0.0978 2
0.0979 4
0.098 3
0.0981 0
0.0982 2
0.0983 1
0.0984 2
0.0985 0
0.0986 0
0.0987 1
0.0988 1
0.0989 1
0.099 1
0.0991 1
0.0992 2
0.0993 3
0.0994 0
0.0995 3
0.0996 1
0.0997 3
0.0998 2
0.0999 2
0.1 1
0.1001 1
0.1002 1
0.1003 3
0.1004 4
0.1005 3
0.1006 2
0.1007 1
0.1008 0
0.1009 4
0.101 0
0.1011 2
0.1012 2
0.1013 0
0.1014 3
0.1015 0
0.1016 1
0.1017 1
0.1018 1
0.1019 0
0.102 1
0.1021 2
0.1022 1
0.1023 1
0.1024 0
0.1025 3
0.1026 2
0.1027 0
0.1028 1
0.1029 0
0.103 0
0.1031 3
0.1032 1
0.1033 1
0.1034 0
0.1035 1
0.1036 2
0.1037 1
0.1038 3
0.1039 0
0.104 1
0.1041 0
0.1042 4
0.1043 5
0.1044 4
0.1045 2
0.1046 1
0.1047 1
0.1048 0
0.1049 3
0.105 3
0.1051 2
0.1052 0
0.1053 2
0.1054 2
0.1055 1
0.1056 2
0.1057 3
0.1058 4
0.1059 2
0.106 1
0.1061 2
0.1062 2
0.1063 2
0.1064 1
0.1065 0
0.1066 2
0.1067 1
0.1068 2
0.1069 0
0.107 3
0.1071 2
0.1072 4
0.1073 4
0.1074 3
0.1075 1
0.1076 2
0.1077 2
0.1078 5
0.1079 6
0.108 2
0.1081 3
0.1082 6
0.1083 2
0.1084 4
0.1085 2
0.1086 8
0.1087 2
0.1088 5
0.1089 0
0.109 9
0.1091 4
0.1092 5
0.1093 3
0.1094 5
0.1095 6
0.1096 5
0.1097 4
0.1098 2
0.1099 5
0.11 4
0.1101 5
0.1102 3
0.1103 4
0.1104 3
0.1105 2
0.1106 2
0.1107 5
0.1108 1
0.1109 5
0.111 5
0.1111 3
0.1112 4
0.1113 5
0.1114 3
0.1115 7
0.1116 4
0.1117 2
0.1118 2
0.1119 2
0.112 2
0.1121 6
0.1122 2
0.1123 2
0.1124 7
0.1125 4
0.1126 3
0.1127 6
0.1128 4
0.1129 4
0.113 3
0.1131 6
0.1132 5
0.1133 5
0.1134 2
0.1135 6
0.1136 2
0.1137 5
0.1138 10
0.1139 4
0.114 8
0.1141 6
0.1142 5
0.1143 9
0.1144 13
0.1145 15
0.1146 14
0.1147 8
0.1148 9
0.1149 7
0.115 12
0.1151 11
0.1152 8
0.1153 15
0.1154 9
0.1155 14
0.1156 15
0.1157 9
0.1158 20
0.1159 15
0.116 13
0.1161 15
0.1162 15
0.1163 22
0.1164 21
0.1165 22
0.1166 15
0.1167 25
0.1168 30
0.1169 39
0.117 50
0.1171 50
0.1172 56
0.1173 82
0.1174 105
0.1175 112
0.1176 125
0.1177 125
0.1178 152
0.1179 190
0.118 216
0.1181 265
0.1182 294
0.1183 327
0.1184 346
0.1185 385
0.1186 428
0.1187 460
0.1188 499
0.1189 527
0.119 566
0.1191 593
0.1192 628
0.1193 666
0.1194 687
0.1195 719
0.1196 737
0.1197 763
0.1198 782
0.1199 807
0.12 831
0.1201 844
0.1202 858
0.1203 871
0.1204 892
0.1205 903
0.1206 919
0.1207 931
0.1208 953
0.1209 967
0.121 977
0.1211 994
0.1212 1012
0.1213 1019
0.1214 1028
0.1215 1040
0.1216 1056
0.1217 1075
0.1218 1090
0.1219 1098
0.122 1115
0.1221 1126
0.1222 1135
0.1223 1147
0.1224 1153
0.1225 1164
0.1226 1176
0.1227 1185
0.1228 1196
0.1229 1202
0.123 1211
0.1231 1219
0.1232 1224
0.1233 1219
0.1234 1222
0.1235 1207
0.1236 1208
0.1237 1213
0.1238 1222
0.1239 1220
0.124 1218
0.1241 1226
0.1242 1227
0.1243 1231
0.1244 1221
0.1245 1221
0.1246 1226
0.1247 1228
0.1248 1230
0.1249 1238
0.125 1240
0.1251 1241
0.1252 1243
0.1253 1234
0.1254 1235
0.1255 1228
0.1256 1215
0.1257 1207
0.1258 1212
0.1259 1214
0.126 1222
0.1261 1216
0.1262 1221
0.1263 1223
0.1264 1217
0.1265 1208
0.1266 1199
0.1267 1191
0.1268 1191
0.1269 1185
0.127 1179
0.1271 1170
0.1272 1166
0.1273 1160
0.1274 1149
0.1275 1144
0.1276 1132
0.1277 1123
0.1278 1113
0.1279 1097
0.128 1093
0.1281 1093
0.1282 1092
0.1283 1095
0.1284 1092
0.1285 1082
0.1286 1088
0.1287 1098
0.1288 1093
0.1289 1095
0.129 1095
0.1291 1096
0.1292 1097
0.1293 1094
0.1294 1093
0.1295 1091
0.1296 1093
0.1297 1094
0.1298 1086
0.1299 1081
0.13 1081
0.1301 1080
0.1302 1077
0.1303 1072
0.1304 1077
0.1305 1077
0.1306 1075
0.1307 1079
0.1308 1075
0.1309 1077
0.131 1074
0.1311 1062
0.1312 1048
0.1313 1035
0.1314 1019
0.1315 1015
0.1316 997
0.1317 982
0.1318 964
0.1319 957
0.132 934
0.1321 924
0.1322 906
0.1323 896
0.1324 888
0.1325 887
0.1326 879
0.1327 860
0.1328 846
0.1329 845
0.133 839
0.1331 830
0.1332 831
0.1333 837
0.1334 839
0.1335 835
0.1336 836
0.1337 837
0.1338 835
0.1339 835
0.134 827
0.1341 821
0.1342 823
0.1343 820
0.1344 818
0.1345 818
0.1346 811
0.1347 811
0.1348 812
0.1349 808
0.135 802
0.1351 802
0.1352 790
0.1353 778
0.1354 777
0.1355 772
0.1356 772
0.1357 773
0.1358 773
0.1359 765
0.136 768
0.1361 769
0.1362 769
0.1363 768
0.1364 775
0.1365 775
0.1366 767
0.1367 764
0.1368 764
0.1369 764
0.137 756
0.1371 747
0.1372 706
0.1373 663
0.1374 629
0.1375 604
0.1376 595
0.1377 569
0.1378 557
0.1379 561
0.138 563
0.1381 559
0.1382 555
0.1383 561
0.1384 557
0.1385 564
0.1386 563
0.1387 569
0.1388 572
0.1389 578
0.139 576
0.1391 576
0.1392 583
0.1393 589
0.1394 601
0.1395 604
0.1396 611
0.1397 613
0.1398 616
0.1399 627
0.14 633
0.1401 640
0.1402 646
0.1403 652
0.1404 655
0.1405 652
0.1406 655
0.1407 661
0.1408 667
0.1409 662
0.141 660
0.1411 656
0.1412 650
0.1413 653
0.1414 650
0.1415 652
0.1416 645
0.1417 633
0.1418 625
0.1419 626
0.142 620
0.1421 612
0.1422 602
0.1423 585
0.1424 575
0.1425 571
0.1426 561
0.1427 542
0.1428 531
0.1429 525
0.143 518
0.1431 518
0.1432 513
0.1433 508
0.1434 509
0.1435 508
0.1436 511
0.1437 518
0.1438 522
0.1439 527
0.144 536
0.1441 537
0.1442 532
0.1443 541
0.1444 538
0.1445 534
0.1446 535
0.1447 537
0.1448 539
0.1449 530
0.145 524
0.1451 516
0.1452 513
0.1453 510
0.1454 504
0.1455 499
0.1456 496
0.1457 493
0.1458 497
0.1459 499
0.146 501
0.1461 507
0.1462 514
0.1463 520
0.1464 518
0.1465 515
0.1466 511
0.1467 501
0.1468 498
0.1469 494
0.147 492
0.1471 498
0.1472 500
0.1473 502
0.1474 492
0.1475 488
0.1476 479
0.1477 467
0.1478 470
0.1479 477
0.148 477
0.1481 477
0.1482 481
0.1483 484
0.1484 479
0.1485 478
0.1486 482
0.1487 480
0.1488 475
0.1489 470
0.149 470
0.1491 460
0.1492 448
0.1493 451
0.1494 448
0.1495 443
0.1496 438
0.1497 429
0.1498 430
0.1499 429
0.15 428
0.1501 428
0.1502 430
0.1503 428
0.1504 417
0.1505 415
0.1506 415
0.1507 415
0.1508 420
0.1509 433
0.151 435
0.1511 436
0.1512 436
0.1513 430
0.1514 431
0.1515 425
0.1516 424
0.1517 414
0.1518 413
0.1519 408
0.152 405
0.1521 396
0.1522 387
0.1523 387
0.1524 377
0.1525 367
0.1526 354
0.1527 361
0.1528 365
0.1529 362
0.153 365
0.1531 370
0.1532 371
0.1533 371
0.1534 370
0.1535 367
0.1536 361
0.1537 356
0.1538 353
0.1539 355
0.154 357
0.1541 360
0.1542 350
0.1543 339
0.1544 334
0.1545 333
0.1546 339
0.1547 341
0.1548 345
0.1549 346
0.155 348
0.1551 350
0.1552 353
0.1553 351
0.1554 353
0.1555 351
0.1556 356
0.1557 359
0.1558 362
0.1559 362
0.156 360
0.1561 360
0.1562 353
0.1563 356
0.1564 359
0.1565 355
0.1566 346
0.1567 344
0.1568 337
0.1569 337
0.157 334
0.1571 334
0.1572 333
0.1573 334
0.1574 330
0.1575 330
0.1576 331
0.1577 330
0.1578 326
0.1579 319
0.158 317
0.1581 318
0.1582 303
0.1583 307
0.1584 305
0.1585 305
0.1586 302
0.1587 304
0.1588 311
0.1589 312
0.159 307
0.1591 298
0.1592 290
0.1593 289
0.1594 297
0.1595 303
0.1596 310
0.1597 311
0.1598 313
0.1599 315
0.16 321
0.1601 321
0.1602 322
0.1603 316
0.1604 313
0.1605 306
0.1606 308
0.1607 308
0.1608 303
0.1609 299
0.161 298
0.1611 290
0.1612 279
0.1613 275
0.1614 279
0.1615 275
0.1616 275
0.1617 269
0.1618 270
0.1619 271
0.162 274
0.1621 275
0.1622 279
0.1623 284
0.1624 284
0.1625 282
0.1626 273
0.1627 269
0.1628 263
0.1629 259
0.163 259
0.1631 251
0.1632 251
0.1633 248
0.1634 243
0.1635 241
0.1636 244
0.1637 249
0.1638 245
0.1639 252
0.164 254
0.1641 260
0.1642 267
0.1643 267
0.1644 272
0.1645 272
0.1646 268
0.1647 260
0.1648 264
0.1649 260
0.165 257
0.1651 253
0.1652 250
0.1653 246
0.1654 243
0.1655 241
0.1656 245
0.1657 240
0.1658 240
0.1659 241
0.166 245
0.1661 244
0.1662 242
0.1663 235
0.1664 224
0.1665 222
0.1666 217
0.1667 210
0.1668 205
0.1669 206
0.167 210
0.1671 207
0.1672 200
0.1673 195
0.1674 198
0.1675 195
0.1676 189
0.1677 185
0.1678 188
0.1679 187
0.168 183
0.1681 183
0.1682 187
0.1683 185
0.1684 186
0.1685 187
0.1686 188
0.1687 181
0.1688 181
0.1689 174
0.169 175
0.1691 175
0.1692 176
0.1693 179
0.1694 179
0.1695 183
0.1696 187
0.1697 187
0.1698 183
0.1699 184
0.17 181
0.1701 183
0.1702 184
0.1703 183
0.1704 179
0.1705 179
0.1706 179
0.1707 176
0.1708 172
0.1709 168
0.171 167
0.1711 163
0.1712 158
0.1713 151
0.1714 152
0.1715 149
0.1716 150
0.1717 151
0.1718 148
0.1719 152
0.172 153
0.1721 152
0.1722 153
0.1723 152
0.1724 153
0.1725 159
0.1726 160
0.1727 161
0.1728 155
0.1729 155
0.173 156
0.1731 151
0.1732 151
0.1733 158
0.1734 161
0.1735 158
0.1736 154
0.1737 152
0.1738 148
0.1739 150
0.174 149
0.1741 146
0.1742 145
0.1743 148
0.1744 148
0.1745 143
0.1746 142
0.1747 142
0.1748 145
0.1749 142
0.175 143
0.1751 138
0.1752 137
0.1753 137
0.1754 137
0.1755 131
0.1756 131
0.1757 133
0.1758 135
0.1759 134
0.176 131
0.1761 131
0.1762 124
0.1763 121
0.1764 119
0.1765 120
0.1766 119
0.1767 122
0.1768 120
0.1769 118
0.177 120
0.1771 118
0.1772 114
0.1773 106
0.1774 105
0.1775 101
0.1776 108
0.1777 110
0.1778 114
0.1779 116
0.178 125
0.1781 129
0.1782 129
0.1783 125
0.1784 125
0.1785 129
0.1786 114
0.1787 112
0.1788 110
0.1789 89
0.179 66
0.1791 55
0.1792 37
0.1793 29
0.1794 24
0.1795 21
0.1796 11
0.1797 11
0.1798 9
0.1799 4
0.18 3
0.1801 3
0.1802 4
0.1803 9
0.1804 5
0.1805 6
0.1806 2
0.1807 4
0.1808 2
0.1809 3
0.181 4
0.1811 5
0.1812 1
0.1813 4
0.1814 0
0.1815 2
0.1816 4
0.1817 2
0.1818 1
0.1819 0
0.182 0
0.1821 2
0.1822 1
0.1823 3
0.1824 2
0.1825 2
0.1826 0
0.1827 0
0.1828 1
0.1829 0
0.183 1
0.1831 1
0.1832 1
0.1833 2
0.1834 1
0.1835 1
0.1836 0
0.1837 1
0.1838 1
0.1839 0
0.184 1
0.1841 1
0.1842 2
0.1843 0
0.1844 0
0.1845 1
0.1846 0
0.1847 1
0.1848 1
0.1849 0
0.185 0
0.1851 0
0.1852 2
0.1853 1
0.1854 4
0.1855 0
0.1856 2
0.1857 0
0.1858 0
0.1859 1
0.186 0
0.1861 0
0.1862 1
0.1863 0
0.1864 2
0.1865 0
0.1866 0
0.1867 0
0.1868 2
0.1869 1
0.187 0
0.1871 1
0.1872 0
0.1873 0
0.1874 0
0.1875 0
0.1876 2
0.1877 1
0.1878 0
0.1879 0
0.188 0
0.1881 0
0.1882 0
0.1883 0
0.1884 0
0.1885 0
0.1886 1
0.1887 2
0.1888 0
0.1889 1
0.189 2
0.1891 0
0.1892 0
0.1893 3
0.1894 0
0.1895 0
0.1896 0
0.1897 0
0.1898 0
0.1899 1
0.19 2
0.1901 1
0.1902 1
0.1903 1
0.1904 1
0.1905 0
0.1906 1
0.1907 0
0.1908 3
0.1909 2
0.191 0
0.1911 2
0.1912 1
0.1913 1
0.1914 3
0.1915 0
0.1916 1
0.1917 0
0.1918 1
0.1919 2
0.192 1
0.1921 2
0.1922 4
0.1923 0
0.1924 3
0.1925 2
0.1926 0
0.1927 2
0.1928 3
0.1929 0
0.193 4
0.1931 0
0.1932 2
0.1933 3
0.1934 0
0.1935 0
0.1936 1
0.1937 0
0.1938 0
0.1939 2
0.194 2
0.1941 1
0.1942 1
0.1943 2
0.1944 0
0.1945 2
0.1946 3
0.1947 1
0.1948 2
0.1949 1
0.195 3
0.1951 2
0.1952 0
0.1953 1
0.1954 2
0.1955 3
0.1956 4
0.1957 5
0.1958 1
0.1959 2
0.196 1
0.1961 4
0.1962 2
0.1963 4
0.1964 1
0.1965 1
0.1966 3
0.1967 2
0.1968 1
0.1969 1
0.197 4
0.1971 2
0.1972 4
0.1973 4
0.1974 3
0.1975 0
0.1976 1
0.1977 2
0.1978 4
0.1979 7
0.198 3
0.1981 1
0.1982 1
0.1983 2
0.1984 6
0.1985 3
0.1986 1
0.1987 5
0.1988 4
0.1989 8
0.199 3
0.1991 5
0.1992 7
0.1993 3
0.1994 4
0.1995 0
0.1996 2
0.1997 4
0.1998 4
0.1999 3
0.2 6
0.2001 5
0.2002 4
0.2003 4
0.2004 6
0.2005 4
0.2006 9
0.2007 6
0.2008 2
0.2009 4
0.201 4
0.2011 5
0.2012 7
0.2013 4
0.2014 12
0.2015 5
0.2016 1
0.2017 7
0.2018 10
0.2019 12
0.202 6
0.2021 7
0.2022 9
0.2023 8
0.2024 4
0.2025 5
0.2026 7
0.2027 5
0.2028 6
0.2029 11
0.203 5
0.2031 11
0.2032 9
0.2033 16
0.2034 12
0.2035 17
0.2036 21
0.2037 22
0.2038 27
0.2039 30
0.204 33
0.2041 58
0.2042 68
0.2043 75
0.2044 82
0.2045 87
0.2046 88
0.2047 97
0.2048 93
0.2049 91
0.205 88
0.2051 109
0.2052 112
0.2053 105
0.2054 116
0.2055 103
0.2056 116
0.2057 122
0.2058 127
0.2059 146
0.206 172
0.2061 195
0.2062 216
0.2063 244
0.2064 274
0.2065 299
0.2066 339
0.2067 363
0.2068 395
0.2069 422
0.207 451
0.2071 479
0.2072 511
0.2073 537
0.2074 576
0.2075 606
0.2076 639
0.2077 673
0.2078 694
0.2079 716
0.208 735
0.2081 752
0.2082 771
0.2083 788
0.2084 804
0.2085 818
0.2086 840
0.2087 862
0.2088 875
0.2089 914
0.209 932
0.2091 943
0.2092 963
0.2093 967
0.2094 966
0.2095 974
0.2096 983
0.2097 989
0.2098 997
0.2099 1001
0.21 1021
0.2101 1033
0.2102 1041
0.2103 1042
0.2104 1051
0.2105 1054
0.2106 1053
0.2107 1058
0.2108 1069
0.2109 1066
0.211 1062
0.2111 1061
0.2112 1064
0.2113 1071
0.2114 1074
0.2115 1075
0.2116 1077
0.2117 1079
0.2118 1091
0.2119 1093
0.212 1099
0.2121 1113
0.2122 1113
0.2123 1117
0.2124 1112
0.2125 1103
0.2126 1100
0.2127 1102
0.2128 1102
0.2129 1105
0.213 1104
0.2131 1098
0.2132 1099
0.2133 1105
0.2134 1114
0.2135 1116
0.2136 1119
0.2137 1119
0.2138 1129
0.2139 1129
0.214 1132
0.2141 1142
0.2142 1144
0.2143 1144
0.2144 1143
0.2145 1147
0.2146 1142
0.2147 1141
0.2148 1142
0.2149 1139
0.215 1129
0.2151 1129
0.2152 1126
0.2153 1127
0.2154 1120
0.2155 1121
0.2156 1116
0.2157 1110
0.2158 1111
0.2159 1108
0.216 1108
0.2161 1106
0.2162 1098
0.2163 1090
0.2164 1088
0.2165 1079
0.2166 1074
0.2167 1069
0.2168 1075
0.2169 1073
0.217 1070
0.2171 1077
0.2172 1076
0.2173 1075
0.2174 1065
0.2175 1063
0.2176 1053
0.2177 1056
0.2178 1061
0.2179 1064
0.218 1072
0.2181 1072
0.2182 1065
0.2183 1065
0.2184 1057
0.2185 1059
0.2186 1058
0.2187 1054
0.2188 1053
0.2189 1050
0.219 1044
0.2191 1032
0.2192 1032
0.2193 1025
0.2194 1012
0.2195 1006
0.2196 991
0.2197 973
0.2198 963
0.2199 953
0.22 954
0.2201 953
0.2202 944
0.2203 939
0.2204 930
0.2205 926
0.2206 922
0.2207 913
0.2208 904
0.2209 900
0.221 895
0.2211 893
0.2212 894
0.2213 888
0.2214 882
0.2215 883
0.2216 873
0.2217 869
0.2218 870
0.2219 865
0.222 868
0.2221 864
0.2222 856
0.2223 852
0.2224 850
0.2225 842
0.2226 829
0.2227 793
0.2228 774
0.2229 754
0.223 748
0.2231 743
0.2232 744
0.2233 752
0.2234 749
0.2235 748
0.2236 743
0.2237 751
0.2238 745
0.2239 726
0.224 711
0.2241 706
0.2242 698
0.2243 694
0.2244 693
0.2245 694
0.2246 693
0.2247 695
0.2248 691
0.2249 680
0.225 666
0.2251 670
0.2252 672
0.2253 665
0.2254 661
0.2255 663
0.2256 666
0.2257 663
0.2258 648
0.2259 652
0.226 652
0.2261 650
0.2262 651
0.2263 644
0.2264 636
0.2265 634
0.2266 629
0.2267 619
0.2268 605
0.2269 594
0.227 585
0.2271 573
0.2272 571
0.2273 567
0.2274 554
0.2275 542
0.2276 536
0.2277 538
0.2278 540
0.2279 541
0.228 558
0.2281 554
0.2282 560
0.2283 565
0.2284 568
0.2285 573
0.2286 582
0.2287 587
0.2288 589
0.2289 591
0.229 590
0.2291 587
0.2292 592
0.2293 593
0.2294 599
0.2295 601
0.2296 600
0.2297 599
0.2298 594
0.2299 583
0.23 578
0.2301 571
0.2302 567
0.2303 570
0.2304 561
0.2305 555
0.2306 550
0.2307 548
0.2308 537
0.2309 541
0.231 546
0.2311 544
0.2312 544
0.2313 551
0.2314 553
0.2315 553
0.2316 554
0.2317 550
0.2318 551
0.2319 549
0.232 553
0.2321 553
0.2322 555
0.2323 549
0.2324 536
0.2325 527
0.2326 523
0.2327 513
0.2328 501
0.2329 507
0.233 501
0.2331 497
0.2332 499
0.2333 486
0.2334 476
0.2335 467
0.2336 460
0.2337 451
0.2338 446
0.2339 437
0.234 434
0.2341 431
0.2342 422
0.2343 421
0.2344 420
0.2345 423
0.2346 422
0.2347 421
0.2348 426
0.2349 432
0.235 430
0.2351 424
0.2352 420
0.2353 406
0.2354 399
0.2355 404
0.2356 415
0.2357 414
0.2358 403
0.2359 402
0.236 402
0.2361 400
0.2362 400
0.2363 404
0.2364 403
0.2365 406
0.2366 410
0.2367 410
0.2368 399
0.2369 400
0.237 401
0.2371 398
0.2372 396
0.2373 384
0.2374 378
0.2375 375
0.2376 372
0.2377 367
0.2378 363
0.2379 367
0.238 359
0.2381 352
0.2382 339
0.2383 316
0.2384 298
0.2385 290
0.2386 282
0.2387 269
0.2388 273
0.2389 285
0.239 291
0.2391 287
0.2392 287
0.2393 285
0.2394 290
0.2395 284
0.2396 280
0.2397 271
0.2398 265
0.2399 266
0.24 262
0.2401 261
0.2402 270
0.2403 266
0.2404 274
0.2405 281
0.2406 281
0.2407 291
0.2408 293
0.2409 293
0.241 294
0.2411 293
0.2412 288
0.2413 278
0.2414 281
0.2415 281
0.2416 279
0.2417 275
0.2418 272
0.2419 284
0.242 290
0.2421 292
0.2422 294
0.2423 299
0.2424 302
0.2425 300
0.2426 301
0.2427 301
0.2428 306
0.2429 311
0.243 312
0.2431 310
0.2432 305
0.2433 305
0.2434 310
0.2435 314
0.2436 324
0.2437 334
0.2438 342
0.2439 350
0.244 360
0.2441 360
0.2442 365
0.2443 367
0.2444 369
0.2445 367
0.2446 370
0.2447 367
0.2448 366
0.2449 365
0.245 361
0.2451 354
0.2452 349
0.2453 350
0.2454 346
0.2455 350
0.2456 350
0.2457 350
0.2458 346
0.2459 341
0.246 340
0.2461 335
0.2462 333
0.2463 336
0.2464 336
0.2465 334
0.2466 334
0.2467 329
0.2468 331
0.2469 329
0.247 324
0.2471 318
0.2472 320
0.2473 324
0.2474 326
0.2475 318
0.2476 324
0.2477 328
0.2478 329
0.2479 329
0.248 331
0.2481 331
0.2482 336
0.2483 338
0.2484 334
0.2485 332
0.2486 322
0.2487 324
0.2488 320
0.2489 322
0.249 321
0.2491 315
0.2492 317
0.2493 314
0.2494 305
0.2495 294
0.2496 287
0.2497 286
0.2498 279
0.2499 281
0.25 282
