0 0
0.0001 0
0.0002 2
0.0003 18
0.0004 48
0.0005 64
0.0006 100
0.0007 133
0.0008 176
0.0009 231
0.001 276
0.0011 327
0.0012 388
0.0013 437
0.0014 489
0.0015 529
0.0016 584
0.0017 644
0.0018 698
0.0019 748
0.002 794
0.0021 843
0.0022 883
0.0023 922
0.0024 960
0.0025 1004
0.0026 1022
0.0027 1050
0.0028 1073
0.0029 1104
0.003 1134
0.0031 1185
0.0032 1229
0.0033 1276
0.0034 1301
0.0035 1348
0.0036 1366
0.0037 1404
0.0038 1434
0.0039 1461
0.004 1496
0.0041 1520
0.0042 1549
0.0043 1564
0.0044 1593
0.0045 1627
0.0046 1627
0.0047 1654
0.0048 1662
0.0049 1669
0.005 1675
0.0051 1701
0.0052 1710
0.0053 1705
0.0054 1698
0.0055 1701
0.0056 1699
0.0057 1718
0.0058 1717
0.0059 1710
0.006 1709
0.0061 1705
0.0062 1697
0.0063 1687
0.0064 1687
0.0065 1697
0.0066 1694
0.0067 1704
0.0068 1699
0.0069 1697
0.007 1699
0.0071 1715
0.0072 1745
0.0073 1733
0.0074 1707
0.0075 1702
0.0076 1706
0.0077 1701
0.0078 1707
0.0079 1724
0.008 1728
0.0081 1724
0.0082 1725
0.0083 1734
0.0084 1733
0.0085 1743
0.0086 1747
0.0087 1759
0.0088 1757
0.0089 1741
0.009 1731
0.0091 1721
0.0092 1690
0.0093 1693
0.0094 1676
0.0095 1677
0.0096 1687
0.0097 1681
0.0098 1670
0.0099 1682
0.01 1692
0.0101 1700
0.0102 1696
0.0103 1708
0.0104 1686
0.0105 1686
0.0106 1700
0.0107 1692
0.0108 1690
0.0109 1707
0.011 1739
0.0111 1749
0.0112 1734
0.0113 1720
0.0114 1704
0.0115 1715
0.0116 1691
0.0117 1696
0.0118 1691
0.0119 1670
0.012 1657
0.0121 1643
0.0122 1626
0.0123 1630
0.0124 1634
0.0125 1623
0.0126 1608
0.0127 1616
0.0128 1609
0.0129 1594
0.013 1561
0.0131 1545
0.0132 1530
0.0133 1539
0.0134 1524
0.0135 1526
0.0136 1518
0.0137 1497
0.0138 1477
0.0139 1455
0.014 1469
0.0141 1480
0.0142 1461
0.0143 1486
0.0144 1483
0.0145 1512
0.0146 1509
0.0147 1511
0.0148 1507
0.0149 1487
0.015 1500
0.0151 1512
0.0152 1504
0.0153 1497
0.0154 1490
0.0155 1494
0.0156 1474
0.0157 1443
0.0158 1441
0.0159 1415
0.016 1423
0.0161 1433
0.0162 1438
0.0163 1434
0.0164 1429
0.0165 1414
0.0166 1403
0.0167 1381
0.0168 1379
0.0169 1390
0.017 1404
0.0171 1384
0.0172 1391
0.0173 1377
0.0174 1351
0.0175 1341
0.0176 1332
0.0177 1328
0.0178 1308
0.0179 1296
0.018 1286
0.0181 1261
0.0182 1269
0.0183 1295
0.0184 1310
0.0185 1313
0.0186 1331
0.0187 1325
0.0188 1338
0.0189 1346
0.019 1337
0.0191 1335
0.0192 1326
0.0193 1311
0.0194 1286
0.0195 1296
0.0196 1268
0.0197 1286
0.0198 1260
0.0199 1244
0.02 1248
0.0201 1212
0.0202 1183
0.0203 1153
0.0204 1147
0.0205 1133
0.0206 1111
0.0207 1107
0.0208 1075
0.0209 1043
0.021 1030
0.0211 1032
0.0212 1008
0.0213 971
0.0214 977
0.0215 977
0.0216 961
0.0217 948
0.0218 955
0.0219 931
0.022 919
0.0221 890
0.0222 866
0.0223 854
0.0224 834
0.0225 822
0.0226 806
0.0227 780
0.0228 781
0.0229 784
0.023 781
0.0231 788
0.0232 770
0.0233 776
0.0234 768
0.0235 757
0.0236 765
0.0237 762
0.0238 746
0.0239 728
0.024 715
0.0241 682
0.0242 666
0.0243 657
0.0244 640
0.0245 611
0.0246 595
0.0247 591
0.0248 591
0.0249 581
0.025 558
0.0251 538
0.0252 522
0.0253 531
0.0254 522
0.0255 534
0.0256 530
0.0257 515
0.0258 507
0.0259 498
0.026 493
0.0261 462
0.0262 433
0.0263 399
0.0264 373
0.0265 345
0.0266 314
0.0267 303
0.0268 278
0.0269 278
0.027 267
0.0271 260
0.0272 264
0.0273 262
0.0274 250
0.0275 271
0.0276 268
0.0277 264
0.0278 265
0.0279 245
0.028 250
0.0281 250
0.0282 237
0.0283 233
0.0284 232
0.0285 225
0.0286 212
0.0287 191
0.0288 182
0.0289 169
0.029 147
0.0291 120
0.0292 98
0.0293 80
0.0294 61
0.0295 33
0.0296 23
0.0297 15
0.0298 7
0.0299 4
0.03 7
0.0301 5
0.0302 4
0.0303 2
0.0304 3
0.0305 5
0.0306 2
0.0307 1
0.0308 2
0.0309 2
0.031 1
0.0311 1
0.0312 4
0.0313 3
0.0314 9
0.0315 17
0.0316 14
0.0317 32
0.0318 20
0.0319 28
0.032 32
0.0321 31
0.0322 23
0.0323 32
0.0324 20
0.0325 21
0.0326 24
0.0327 37
0.0328 46
0.0329 49
0.033 53
0.0331 54
0.0332 51
0.0333 40
0.0334 34
0.0335 17
0.0336 17
0.0337 16
0.0338 5
0.0339 4
0.034 1
0.0341 2
0.0342 1
0.0343 3
0.0344 1
0.0345 3
0.0346 2
0.0347 1
0.0348 1
0.0349 5
0.035 2
0.0351 5
0.0352 1
0.0353 3
0.0354 7
0.0355 9
0.0356 13
0.0357 12
0.0358 11
0.0359 8
0.036 7
0.0361 2
0.0362 3
0.0363 1
0.0364 3
0.0365 6
0.0366 2
0.0367 3
0.0368 3
0.0369 2
0.037 0
0.0371 0
0.0372 0
0.0373 1
0.0374 1
0.0375 1
0.0376 1
0.0377 0
0.0378 0
0.0379 0
0.038 1
0.0381 1
0.0382 0
0.0383 3
0.0384 0
0.0385 5
0.0386 3
0.0387 4
0.0388 1
0.0389 1
0.039 2
0.0391 2
0.0392 3
0.0393 2
0.0394 2
0.0395 4
0.0396 1
0.0397 0
0.0398 0
0.0399 1
0.04 0
0.0401 0
0.0402 1
0.0403 1
0.0404 1
0.0405 0
0.0406 0
0.0407 0
0.0408 0
0.0409 1
0.041 3
0.0411 1
0.0412 2
0.0413 2
0.0414 1
0.0415 2
0.0416 3
0.0417 0
0.0418 0
0.0419 0
0.042 0
0.0421 3
0.0422 3
0.0423 1
0.0424 0
0.0425 1
0.0426 1
0.0427 1
0.0428 0
0.0429 0
0.043 1
0.0431 1
0.0432 0
0.0433 1
0.0434 0
0.0435 0
0.0436 0
0.0437 0
0.0438 0
0.0439 1
0.044 0
0.0441 0
0.0442 0
0.0443 1
0.0444 0
0.0445 0
0.0446 3
0.0447 1
0.0448 2
0.0449 2
0.045 1
0.0451 2
0.0452 1
0.0453 1
0.0454 0
0.0455 0
0.0456 2
0.0457 4
0.0458 1
0.0459 4
0.046 2
0.0461 2
0.0462 0
0.0463 4
0.0464 1
0.0465 2
0.0466 0
0.0467 5
0.0468 1
0.0469 1
0.047 3
0.0471 1
0.0472 4
0.0473 0
0.0474 0
0.0475 3
0.0476 0
0.0477 2
0.0478 1
0.0479 2
0.048 1
0.0481 1
0.0482 0
0.0483 0
0.0484 0
0.0485 0
0.0486 0
0.0487 0
0.0488 2
0.0489 3
0.049 14
0.0491 7
0.0492 4
0.0493 4
0.0494 1
0.0495 5
0.0496 4
0.0497 0
0.0498 1
0.0499 0
0.05 2
0.0501 0
0.0502 1
0.0503 0
0.0504 3
0.0505 4
0.0506 2
0.0507 1
0.0508 1
0.0509 0
0.051 0
0.0511 1
0.0512 0
0.0513 1
0.0514 1
0.0515 2
0.0516 1
0.0517 2
0.0518 0
0.0519 0
0.052 0
0.0521 0
0.0522 0
0.0523 0
0.0524 2
0.0525 2
0.0526 0
0.0527 1
0.0528 0
0.0529 0
0.053 1
0.0531 2
0.0532 0
0.0533 5
0.0534 0
0.0535 2
0.0536 2
0.0537 3
0.0538 0
0.0539 2
0.054 2
0.0541 0
0.0542 1
0.0543 1
0.0544 2
0.0545 1
0.0546 1
0.0547 0
0.0548 1
0.0549 1
0.055 1
0.0551 1
0.0552 0
0.0553 2
0.0554 1
0.0555 4
0.0556 0
0.0557 0
0.0558 0
0.0559 4
0.056 3
0.0561 2
0.0562 0
0.0563 0
0.0564 4
0.0565 1
0.0566 4
0.0567 4
0.0568 4
0.0569 4
0.057 5
0.0571 2
0.0572 3
0.0573 3
0.0574 4
0.0575 3
0.0576 1
0.0577 1
0.0578 1
0.0579 0
0.058 0
0.0581 0
0.0582 0
0.0583 2
0.0584 0
0.0585 0
0.0586 1
0.0587 0
0.0588 0
0.0589 2
0.059 1
0.0591 0
0.0592 0
0.0593 2
0.0594 2
0.0595 0
0.0596 0
0.0597 3
0.0598 2
0.0599 1
0.06 3
0.0601 7
0.0602 3
0.0603 2
0.0604 4
0.0605 2
0.0606 0
0.0607 5
0.0608 11
0.0609 9
0.061 9
0.0611 23
0.0612 28
0.0613 36
0.0614 34
0.0615 39
0.0616 36
0.0617 38
0.0618 46
0.0619 31
0.062 29
0.0621 18
0.0622 16
0.0623 28
0.0624 18
0.0625 16
0.0626 19
0.0627 15
0.0628 18
0.0629 14
0.063 9
0.0631 10
0.0632 6
0.0633 8
0.0634 4
0.0635 1
0.0636 3
0.0637 3
0.0638 1
0.0639 0
0.064 2
0.0641 4
0.0642 6
0.0643 0
0.0644 3
0.0645 6
0.0646 5
0.0647 5
0.0648 6
0.0649 6
0.065 1
0.0651 3
0.0652 3
0.0653 8
0.0654 8
0.0655 13
0.0656 9
0.0657 13
0.0658 11
0.0659 7
0.066 4
0.0661 5
0.0662 4
0.0663 13
0.0664 20
0.0665 21
0.0666 23
0.0667 21
0.0668 22
0.0669 25
0.067 16
0.0671 12
0.0672 5
0.0673 5
0.0674 6
0.0675 9
0.0676 9
0.0677 12
0.0678 5
0.0679 8
0.068 6
0.0681 7
0.0682 3
0.0683 3
0.0684 0
0.0685 0
0.0686 0
0.0687 2
0.0688 5
0.0689 2
0.069 0
0.0691 1
0.0692 3
0.0693 1
0.0694 1
0.0695 3
0.0696 5
0.0697 1
0.0698 0
0.0699 2
0.07 1
0.0701 2
0.0702 6
0.0703 4
0.0704 1
0.0705 2
0.0706 1
0.0707 2
0.0708 1
0.0709 0
0.071 9
0.0711 15
0.0712 16
0.0713 12
0.0714 14
0.0715 9
0.0716 5
0.0717 2
0.0718 2
0.0719 5
0.072 10
0.0721 8
0.0722 5
0.0723 12
0.0724 20
0.0725 29
0.0726 19
0.0727 26
0.0728 39
0.0729 52
0.073 51
0.0731 54
0.0732 58
0.0733 74
0.0734 77
0.0735 68
0.0736 75
0.0737 73
0.0738 69
0.0739 94
0.074 111
0.0741 148
0.0742 186
0.0743 197
0.0744 216
0.0745 242
0.0746 241
0.0747 259
0.0748 265
0.0749 286
0.075 283
0.0751 299
0.0752 312
0.0753 315
0.0754 317
0.0755 334
0.0756 347
0.0757 345
0.0758 360
0.0759 392
0.076 410
0.0761 448
0.0762 463
0.0763 479
0.0764 502
0.0765 517
0.0766 534
0.0767 545
0.0768 580
0.0769 608
0.077 646
0.0771 674
0.0772 701
0.0773 737
0.0774 776
0.0775 790
0.0776 818
0.0777 862
0.0778 856
0.0779 849
0.078 858
0.0781 846
0.0782 836
0.0783 827
0.0784 842
0.0785 832
0.0786 827
0.0787 819
0.0788 839
0.0789 851
0.079 866
0.0791 885
0.0792 901
0.0793 913
0.0794 904
0.0795 900
0.0796 883
0.0797 883
0.0798 898
0.0799 900
0.08 910
0.0801 930
0.0802 930
0.0803 940
0.0804 958
0.0805 984
0.0806 1023
0.0807 1048
0.0808 1058
0.0809 1073
0.081 1084
0.0811 1096
0.0812 1098
0.0813 1102
0.0814 1115
0.0815 1101
0.0816 1098
0.0817 1084
0.0818 1088
0.0819 1088
0.082 1066
0.0821 1040
0.0822 1026
0.0823 1013
0.0824 1005
0.0825 1020
0.0826 996
0.0827 987
0.0828 967
0.0829 955
0.083 924
0.0831 919
0.0832 914
0.0833 923
0.0834 926
0.0835 932
0.0836 925
0.0837 911
0.0838 919
0.0839 916
0.084 933
0.0841 943
0.0842 943
0.0843 948
0.0844 946
0.0845 932
0.0846 932
0.0847 930
0.0848 917
0.0849 923
0.085 945
0.0851 918
0.0852 920
0.0853 904
0.0854 915
0.0855 934
0.0856 947
0.0857 958
0.0858 951
0.0859 924
0.086 927
0.0861 926
0.0862 921
0.0863 937
0.0864 921
0.0865 924
0.0866 925
0.0867 921
0.0868 928
0.0869 964
0.087 957
0.0871 953
0.0872 958
0.0873 971
0.0874 981
0.0875 998
0.0876 998
0.0877 1004
0.0878 1011
0.0879 1001
0.088 1005
0.0881 984
0.0882 955
0.0883 956
0.0884 943
0.0885 962
0.0886 971
0.0887 955
0.0888 935
0.0889 926
0.089 906
0.0891 885
0.0892 881
0.0893 844
0.0894 818
0.0895 819
0.0896 810
0.0897 777
0.0898 761
0.0899 725
0.09 721
0.0901 723
0.0902 700
0.0903 679
0.0904 671
0.0905 662
0.0906 655
0.0907 662
0.0908 654
0.0909 634
0.091 625
0.0911 611
0.0912 610
0.0913 605
0.0914 610
0.0915 619
0.0916 611
0.0917 601
0.0918 609
0.0919 608
0.092 614
0.0921 613
0.0922 628
0.0923 632
0.0924 633
0.0925 609
0.0926 579
0.0927 557
0.0928 549
0.0929 536
0.093 493
0.0931 463
0.0932 452
0.0933 416
0.0934 405
0.0935 395
0.0936 398
0.0937 380
0.0938 355
0.0939 328
0.094 301
0.0941 277
0.0942 252
0.0943 234
0.0944 204
0.0945 196
0.0946 192
0.0947 201
0.0948 189
0.0949 182
0.095 169
0.0951 186
0.0952 177
0.0953 161
0.0954 165
0.0955 162
0.0956 154
0.0957 154
0.0958 157
0.0959 168
0.096 155
0.0961 141
0.0962 129
0.0963 144
0.0964 145
0.0965 135
0.0966 161
0.0967 157
0.0968 145
0.0969 119
0.097 93
0.0971 68
0.0972 46
0.0973 33
0.0974 33
0.0975 35
0.0976 35
0.0977 33
0.0978 23
0.0979 33
0.098 21
0.0981 17
0.0982 7
0.0983 9
0.0984 10
0.0985 5
0.0986 9
0.0987 5
0.0988 3
0.0989 11
0.099 3
0.0991 1
0.0992 3
0.0993 3
0.0994 17
0.0995 16
0.0996 18
0.0997 9
0.0998 9
0.0999 3
0.1 7
0.1001 2
0.1002 5
0.1003 0
0.1004 0
0.1005 1
0.1006 1
0.1007 1
0.1008 1
0.1009 0
0.101 0
0.1011 1
0.1012 0
0.1013 0
0.1014 1
0.1015 1
0.1016 1
0.1017 2
0.1018 2
0.1019 2
0.102 2
0.1021 1
0.1022 2
0.1023 2
0.1024 1
0.1025 0
0.1026 4
0.1027 7
0.1028 4
0.1029 5
0.103 0
0.1031 1
0.1032 2
0.1033 0
0.1034 1
0.1035 2
0.1036 1
0.1037 1
0.1038 0
0.1039 3
0.104 1
0.1041 2
0.1042 2
0.1043 1
0.1044 1
0.1045 0
0.1046 2
0.1047 2
0.1048 3
0.1049 2
0.105 0
0.1051 0
0.1052 0
0.1053 2
0.1054 0
0.1055 1
0.1056 0
0.1057 1
0.1058 3
0.1059 2
0.106 2
0.1061 10
0.1062 7
0.1063 8
0.1064 13
0.1065 6
0.1066 13
0.1067 14
0.1068 25
0.1069 15
0.107 6
0.1071 3
0.1072 4
0.1073 3
0.1074 4
0.1075 0
0.1076 2
0.1077 1
0.1078 2
0.1079 0
0.108 3
0.1081 2
0.1082 4
0.1083 2
0.1084 1
0.1085 2
0.1086 1
0.1087 3
0.1088 0
0.1089 0
0.109 2
0.1091 0
0.1092 0
0.1093 0
0.1094 0
0.1095 2
0.1096 0
0.1097 1
0.1098 2
0.1099 2
0.11 10
0.1101 7
0.1102 8
0.1103 4
0.1104 7
0.1105 2
0.1106 2
0.1107 2
0.1108 2
0.1109 2
0.111 3
0.1111 5
0.1112 5
0.1113 4
0.1114 1
0.1115 1
0.1116 2
0.1117 1
0.1118 1
0.1119 0
0.112 0
0.1121 1
0.1122 1
0.1123 1
0.1124 2
0.1125 0
0.1126 1
0.1127 2
0.1128 0
0.1129 2
0.113 1
0.1131 1
0.1132 0
0.1133 6
0.1134 4
0.1135 13
0.1136 9
0.1137 14
0.1138 9
0.1139 15
0.114 9
0.1141 14
0.1142 16
0.1143 13
0.1144 24
0.1145 42
0.1146 50
0.1147 46
0.1148 40
0.1149 36
0.115 21
0.1151 19
0.1152 24
0.1153 16
0.1154 14
0.1155 12
0.1156 24
0.1157 43
0.1158 46
0.1159 43
0.116 45
0.1161 48
0.1162 49
0.1163 58
0.1164 52
0.1165 61
0.1166 80
0.1167 76
0.1168 65
0.1169 46
0.117 43
0.1171 50
0.1172 41
0.1173 40
0.1174 43
0.1175 39
0.1176 39
0.1177 20
0.1178 15
0.1179 28
0.118 31
0.1181 58
0.1182 67
0.1183 89
0.1184 117
0.1185 113
0.1186 120
0.1187 132
0.1188 140
0.1189 146
0.119 148
0.1191 154
0.1192 140
0.1193 133
0.1194 122
0.1195 97
0.1196 83
0.1197 61
0.1198 48
0.1199 39
0.12 28
0.1201 16
0.1202 13
0.1203 11
0.1204 12
0.1205 5
0.1206 7
0.1207 5
0.1208 7
0.1209 5
0.121 6
0.1211 14
0.1212 14
0.1213 21
0.1214 22
0.1215 10
0.1216 15
0.1217 22
0.1218 10
0.1219 7
0.122 7
0.1221 11
0.1222 6
0.1223 1
0.1224 2
0.1225 4
0.1226 3
0.1227 8
0.1228 2
0.1229 2
0.123 0
0.1231 0
0.1232 1
0.1233 1
0.1234 1
0.1235 2
0.1236 2
0.1237 0
0.1238 4
0.1239 0
0.124 1
0.1241 8
0.1242 11
0.1243 15
0.1244 13
0.1245 19
0.1246 36
0.1247 35
0.1248 42
0.1249 41
0.125 36
0.1251 48
0.1252 55
0.1253 46
0.1254 29
0.1255 38
0.1256 42
0.1257 35
0.1258 48
0.1259 47
0.126 49
0.1261 38
0.1262 41
0.1263 34
0.1264 32
0.1265 23
0.1266 29
0.1267 19
0.1268 27
0.1269 20
0.127 22
0.1271 14
0.1272 6
0.1273 6
0.1274 8
0.1275 5
0.1276 5
0.1277 1
0.1278 1
0.1279 3
0.128 1
0.1281 2
0.1282 1
0.1283 2
0.1284 3
0.1285 6
0.1286 1
0.1287 0
0.1288 6
0.1289 3
0.129 3
0.1291 0
0.1292 0
0.1293 0
0.1294 1
0.1295 0
0.1296 1
0.1297 2
0.1298 2
0.1299 0
0.13 2
0.1301 0
0.1302 3
0.1303 3
0.1304 0
0.1305 1
0.1306 3
0.1307 2
0.1308 2
0.1309 3
0.131 2
0.1311 3
0.1312 0
0.1313 1
0.1314 1
0.1315 2
0.1316 1
0.1317 1
0.1318 0
0.1319 1
0.132 4
0.1321 1
0.1322 1
0.1323 4
0.1324 4
0.1325 5
0.1326 1
0.1327 0
0.1328 0
0.1329 1
0.133 1
0.1331 1
0.1332 0
0.1333 0
0.1334 0
0.1335 1
0.1336 0
0.1337 1
0.1338 0
0.1339 1
0.134 0
0.1341 0
0.1342 0
0.1343 6
0.1344 6
0.1345 9
0.1346 6
0.1347 6
0.1348 5
0.1349 6
0.135 3
0.1351 2
0.1352 1
0.1353 4
0.1354 2
0.1355 6
0.1356 5
0.1357 7
0.1358 7
0.1359 5
0.136 5
0.1361 3
0.1362 6
0.1363 9
0.1364 17
0.1365 21
0.1366 32
0.1367 34
0.1368 29
0.1369 18
0.137 17
0.1371 15
0.1372 9
0.1373 9
0.1374 14
0.1375 25
0.1376 23
0.1377 27
0.1378 21
0.1379 17
0.138 19
0.1381 15
0.1382 9
0.1383 10
0.1384 7
0.1385 7
0.1386 22
0.1387 40
0.1388 37
0.1389 53
0.139 65
0.1391 67
0.1392 53
0.1393 44
0.1394 32
0.1395 30
0.1396 31
0.1397 36
0.1398 30
0.1399 26
0.14 31
0.1401 21
0.1402 13
0.1403 16
0.1404 33
0.1405 24
0.1406 24
0.1407 17
0.1408 13
0.1409 13
0.141 16
0.1411 15
0.1412 16
0.1413 11
0.1414 8
0.1415 11
0.1416 6
0.1417 7
0.1418 6
0.1419 11
0.142 16
0.1421 13
0.1422 17
0.1423 18
0.1424 21
0.1425 25
0.1426 38
0.1427 52
0.1428 72
0.1429 70
0.143 74
0.1431 88
0.1432 83
0.1433 88
0.1434 74
0.1435 78
0.1436 72
0.1437 59
0.1438 78
0.1439 83
0.144 92
0.1441 75
0.1442 75
0.1443 80
0.1444 101
0.1445 109
0.1446 140
0.1447 132
0.1448 122
0.1449 106
0.145 101
0.1451 95
0.1452 108
0.1453 121
0.1454 145
0.1455 176
0.1456 211
0.1457 241
0.1458 264
0.1459 284
0.146 300
0.1461 299
0.1462 321
0.1463 349
0.1464 351
0.1465 348
0.1466 360
0.1467 358
0.1468 364
0.1469 366
0.147 384
0.1471 407
0.1472 416
0.1473 442
0.1474 476
0.1475 499
0.1476 527
0.1477 541
0.1478 532
0.1479 553
0.148 560
0.1481 563
0.1482 586
0.1483 585
0.1484 566
0.1485 560
0.1486 579
0.1487 580
0.1488 573
0.1489 554
0.149 572
0.1491 594
0.1492 611
0.1493 609
0.1494 624
0.1495 668
0.1496 706
0.1497 720
0.1498 749
0.1499 771
0.15 797
0.1501 803
0.1502 794
0.1503 798
0.1504 786
0.1505 777
0.1506 790
0.1507 777
0.1508 759
0.1509 744
0.151 722
0.1511 718
0.1512 720
0.1513 716
0.1514 714
0.1515 722
0.1516 718
0.1517 728
0.1518 723
0.1519 718
0.152 718
0.1521 712
0.1522 700
0.1523 690
0.1524 686
0.1525 676
0.1526 664
0.1527 675
0.1528 678
0.1529 666
0.153 682
0.1531 665
0.1532 685
0.1533 699
0.1534 694
0.1535 691
0.1536 679
0.1537 680
0.1538 670
0.1539 673
0.154 686
0.1541 690
0.1542 672
0.1543 665
0.1544 657
0.1545 660
0.1546 670
0.1547 667
0.1548 682
0.1549 710
0.155 700
0.1551 693
0.1552 688
0.1553 690
0.1554 689
0.1555 691
0.1556 667
0.1557 638
0.1558 646
0.1559 665
0.156 665
0.1561 647
0.1562 654
0.1563 646
0.1564 658
0.1565 646
0.1566 632
0.1567 658
0.1568 663
0.1569 657
0.157 677
0.1571 675
0.1572 681
0.1573 696
0.1574 704
0.1575 677
0.1576 636
0.1577 610
0.1578 582
0.1579 561
0.158 544
0.1581 531
0.1582 514
0.1583 518
0.1584 517
0.1585 514
0.1586 502
0.1587 512
0.1588 515
0.1589 506
0.159 479
0.1591 471
0.1592 453
0.1593 456
0.1594 465
0.1595 472
0.1596 442
0.1597 434
0.1598 434
0.1599 419
0.16 417
0.1601 423
0.1602 419
0.1603 420
0.1604 429
0.1605 433
0.1606 457
0.1607 431
0.1608 424
0.1609 399
0.161 399
0.1611 395
0.1612 411
0.1613 426
0.1614 439
0.1615 431
0.1616 430
0.1617 426
0.1618 410
0.1619 437
0.162 427
0.1621 419
0.1622 442
0.1623 449
0.1624 453
0.1625 459
0.1626 457
0.1627 449
0.1628 428
0.1629 413
0.163 394
0.1631 371
0.1632 377
0.1633 361
0.1634 345
0.1635 306
0.1636 283
0.1637 292
0.1638 280
0.1639 276
0.164 296
0.1641 279
0.1642 269
0.1643 248
0.1644 241
0.1645 232
0.1646 214
0.1647 192
0.1648 184
0.1649 156
0.165 166
0.1651 154
0.1652 153
0.1653 152
0.1654 132
0.1655 127
0.1656 111
0.1657 79
0.1658 60
0.1659 42
0.166 41
0.1661 41
0.1662 39
0.1663 40
0.1664 24
0.1665 11
0.1666 18
0.1667 24
0.1668 15
0.1669 18
0.167 24
0.1671 39
0.1672 50
0.1673 52
0.1674 50
0.1675 38
0.1676 38
0.1677 28
0.1678 18
0.1679 11
0.168 12
0.1681 6
0.1682 5
0.1683 2
0.1684 3
0.1685 3
0.1686 2
0.1687 1
0.1688 0
0.1689 1
0.169 0
0.1691 1
0.1692 1
0.1693 6
0.1694 9
0.1695 17
0.1696 11
0.1697 10
0.1698 6
0.1699 8
0.17 7
0.1701 7
0.1702 6
0.1703 1
0.1704 3
0.1705 8
0.1706 4
0.1707 10
0.1708 5
0.1709 3
0.171 11
0.1711 1
0.1712 3
0.1713 3
0.1714 3
0.1715 5
0.1716 5
0.1717 4
0.1718 3
0.1719 2
0.172 2
0.1721 1
0.1722 1
0.1723 2
0.1724 1
0.1725 2
0.1726 4
0.1727 3
0.1728 0
0.1729 6
0.173 6
0.1731 2
0.1732 1
0.1733 5
0.1734 4
0.1735 3
0.1736 2
0.1737 2
0.1738 2
0.1739 2
0.174 0
0.1741 1
0.1742 1
0.1743 0
0.1744 3
0.1745 1
0.1746 0
0.1747 1
0.1748 2
0.1749 1
0.175 2
0.1751 2
0.1752 2
0.1753 4
0.1754 1
0.1755 1
0.1756 3
0.1757 0
0.1758 0
0.1759 2
0.176 1
0.1761 1
0.1762 1
0.1763 0
0.1764 1
0.1765 0
0.1766 0
0.1767 0
0.1768 1
0.1769 0
0.177 0
0.1771 0
0.1772 1
0.1773 0
0.1774 3
0.1775 3
0.1776 6
0.1777 5
0.1778 11
0.1779 11
0.178 10
0.1781 10
0.1782 3
0.1783 7
0.1784 3
0.1785 2
0.1786 0
0.1787 4
0.1788 4
0.1789 2
0.179 2
0.1791 0
0.1792 1
0.1793 2
0.1794 0
0.1795 3
0.1796 2
0.1797 1
0.1798 3
0.1799 0
0.18 0
0.1801 1
0.1802 2
0.1803 2
0.1804 1
0.1805 2
0.1806 4
0.1807 1
0.1808 2
0.1809 3
0.181 1
0.1811 1
0.1812 0
0.1813 0
0.1814 5
0.1815 1
0.1816 1
0.1817 4
0.1818 3
0.1819 3
0.182 14
0.1821 8
0.1822 27
0.1823 26
0.1824 27
0.1825 21
0.1826 19
0.1827 10
0.1828 12
0.1829 14
0.183 6
0.1831 2
0.1832 3
0.1833 8
0.1834 8
0.1835 1
0.1836 1
0.1837 3
0.1838 2
0.1839 3
0.184 0
0.1841 2
0.1842 1
0.1843 2
0.1844 4
0.1845 1
0.1846 0
0.1847 2
0.1848 0
0.1849 2
0.185 2
0.1851 4
0.1852 3
0.1853 2
0.1854 1
0.1855 0
0.1856 1
0.1857 0
0.1858 2
0.1859 3
0.186 2
0.1861 4
0.1862 0
0.1863 4
0.1864 1
0.1865 0
0.1866 0
0.1867 5
0.1868 3
0.1869 3
0.187 3
0.1871 1
0.1872 3
0.1873 2
0.1874 1
0.1875 3
0.1876 2
0.1877 2
0.1878 5
0.1879 1
0.188 2
0.1881 1
0.1882 0
0.1883 2
0.1884 2
0.1885 1
0.1886 2
0.1887 0
0.1888 0
0.1889 0
0.189 2
0.1891 1
0.1892 0
0.1893 1
0.1894 0
0.1895 0
0.1896 0
0.1897 2
0.1898 4
0.1899 2
0.19 2
0.1901 0
0.1902 2
0.1903 3
0.1904 4
0.1905 9
0.1906 7
0.1907 2
0.1908 7
0.1909 6
0.191 7
0.1911 12
0.1912 5
0.1913 5
0.1914 2
0.1915 0
0.1916 2
0.1917 0
0.1918 0
0.1919 2
0.192 0
0.1921 2
0.1922 2
0.1923 0
0.1924 0
0.1925 0
0.1926 0
0.1927 0
0.1928 0
0.1929 0
0.193 1
0.1931 1
0.1932 6
0.1933 1
0.1934 1
0.1935 0
0.1936 2
0.1937 1
0.1938 2
0.1939 2
0.194 2
0.1941 0
0.1942 0
0.1943 2
0.1944 4
0.1945 1
0.1946 6
0.1947 5
0.1948 1
0.1949 3
0.195 11
0.1951 15
0.1952 15
0.1953 10
0.1954 8
0.1955 7
0.1956 7
0.1957 7
0.1958 2
0.1959 7
0.196 3
0.1961 4
0.1962 6
0.1963 7
0.1964 8
0.1965 4
0.1966 4
0.1967 5
0.1968 2
0.1969 2
0.197 4
0.1971 2
0.1972 1
0.1973 2
0.1974 4
0.1975 7
0.1976 2
0.1977 1
0.1978 2
0.1979 2
0.198 2
0.1981 3
0.1982 3
0.1983 1
0.1984 1
0.1985 0
0.1986 0
0.1987 0
0.1988 1
0.1989 0
0.199 3
0.1991 0
0.1992 2
0.1993 1
0.1994 1
0.1995 6
0.1996 3
0.1997 5
0.1998 8
0.1999 14
0.2 18
0.2001 24
0.2002 41
0.2003 42
0.2004 34
0.2005 56
0.2006 63
0.2007 71
0.2008 109
0.2009 124
0.201 133
0.2011 136
0.2012 162
0.2013 163
0.2014 182
0.2015 197
0.2016 207
0.2017 236
0.2018 257
0.2019 298
0.202 334
0.2021 362
0.2022 403
0.2023 454
0.2024 504
0.2025 541
0.2026 558
0.2027 594
0.2028 624
0.2029 632
0.203 661
0.2031 670
0.2032 678
0.2033 683
0.2034 695
0.2035 710
0.2036 722
0.2037 749
0.2038 743
0.2039 756
0.204 766
0.2041 775
0.2042 785
0.2043 804
0.2044 820
0.2045 828
0.2046 820
0.2047 808
0.2048 808
0.2049 805
0.205 787
0.2051 790
0.2052 790
0.2053 790
0.2054 793
0.2055 801
0.2056 808
0.2057 826
0.2058 831
0.2059 813
0.206 823
0.2061 832
0.2062 849
0.2063 862
0.2064 883
0.2065 873
0.2066 890
0.2067 932
0.2068 944
0.2069 947
0.207 954
0.2071 950
0.2072 943
0.2073 955
0.2074 933
0.2075 923
0.2076 905
0.2077 901
0.2078 903
0.2079 905
0.208 906
0.2081 909
0.2082 897
0.2083 883
0.2084 868
0.2085 877
0.2086 865
0.2087 875
0.2088 864
0.2089 862
0.209 860
0.2091 862
0.2092 878
0.2093 867
0.2094 847
0.2095 852
0.2096 866
0.2097 860
0.2098 864
0.2099 875
0.21 908
0.2101 916
0.2102 932
0.2103 960
0.2104 963
0.2105 984
0.2106 975
0.2107 959
0.2108 968
0.2109 953
0.211 945
0.2111 945
0.2112 942
0.2113 921
0.2114 916
0.2115 913
0.2116 896
0.2117 888
0.2118 897
0.2119 917
0.212 904
0.2121 888
0.2122 894
0.2123 895
0.2124 899
0.2125 910
0.2126 915
0.2127 924
0.2128 929
0.2129 915
0.213 901
0.2131 892
0.2132 879
0.2133 880
0.2134 874
0.2135 848
0.2136 869
0.2137 852
0.2138 836
0.2139 819
0.214 801
0.2141 792
0.2142 770
0.2143 770
0.2144 765
0.2145 783
0.2146 766
0.2147 787
0.2148 775
0.2149 796
0.215 787
0.2151 794
0.2152 817
0.2153 807
0.2154 797
0.2155 808
0.2156 790
0.2157 790
0.2158 779
0.2159 755
0.216 766
0.2161 769
0.2162 781
0.2163 771
0.2164 768
0.2165 774
0.2166 773
0.2167 760
0.2168 755
0.2169 758
0.217 734
0.2171 725
0.2172 696
0.2173 678
0.2174 644
0.2175 627
0.2176 621
0.2177 602
0.2178 574
0.2179 546
0.218 548
0.2181 532
0.2182 530
0.2183 514
0.2184 485
0.2185 469
0.2186 450
0.2187 429
0.2188 416
0.2189 416
0.219 387
0.2191 374
0.2192 351
0.2193 357
0.2194 355
0.2195 342
0.2196 326
0.2197 313
0.2198 286
0.2199 280
0.22 267
0.2201 250
0.2202 238
0.2203 243
0.2204 238
0.2205 212
0.2206 200
0.2207 165
0.2208 165
0.2209 138
0.221 117
0.2211 100
0.2212 97
0.2213 92
0.2214 93
0.2215 82
0.2216 64
0.2217 49
0.2218 29
0.2219 16
0.222 16
0.2221 10
0.2222 10
0.2223 8
0.2224 5
0.2225 7
0.2226 2
0.2227 5
0.2228 3
0.2229 4
0.223 4
0.2231 2
0.2232 4
0.2233 1
0.2234 5
0.2235 0
0.2236 0
0.2237 1
0.2238 1
0.2239 5
0.224 3
0.2241 4
0.2242 6
0.2243 1
0.2244 4
0.2245 3
0.2246 0
0.2247 3
0.2248 0
0.2249 2
0.225 1
0.2251 1
0.2252 2
0.2253 4
0.2254 1
0.2255 0
0.2256 1
0.2257 1
0.2258 0
0.2259 0
0.226 1
0.2261 0
0.2262 1
0.2263 0
0.2264 2
0.2265 1
0.2266 2
0.2267 0
0.2268 2
0.2269 1
0.227 0
0.2271 1
0.2272 0
0.2273 2
0.2274 0
0.2275 0
0.2276 0
0.2277 1
0.2278 0
0.2279 1
0.228 1
0.2281 1
0.2282 0
0.2283 2
0.2284 2
0.2285 4
0.2286 3
0.2287 4
0.2288 1
0.2289 0
0.229 1
0.2291 3
0.2292 0
0.2293 1
0.2294 1
0.2295 0
0.2296 2
0.2297 2
0.2298 1
0.2299 3
0.23 3
0.2301 3
0.2302 0
0.2303 1
0.2304 0
0.2305 2
0.2306 0
0.2307 3
0.2308 1
0.2309 3
0.231 3
0.2311 0
0.2312 2
0.2313 5
0.2314 1
0.2315 1
0.2316 4
0.2317 2
0.2318 1
0.2319 2
0.232 3
0.2321 1
0.2322 0
0.2323 0
0.2324 0
0.2325 0
0.2326 0
0.2327 2
0.2328 2
0.2329 1
0.233 0
0.2331 0
0.2332 1
0.2333 1
0.2334 0
0.2335 1
0.2336 1
0.2337 1
0.2338 1
0.2339 1
0.234 0
0.2341 1
0.2342 0
0.2343 1
0.2344 2
0.2345 2
0.2346 0
0.2347 0
0.2348 1
0.2349 0
0.235 0
0.2351 0
0.2352 1
0.2353 0
0.2354 0
0.2355 4
0.2356 7
0.2357 4
0.2358 7
0.2359 5
0.236 4
0.2361 6
0.2362 4
0.2363 1
0.2364 6
0.2365 4
0.2366 1
0.2367 2
0.2368 4
0.2369 1
0.237 0
0.2371 2
0.2372 3
0.2373 3
0.2374 1
0.2375 2
0.2376 4
0.2377 2
0.2378 0
0.2379 0
0.238 2
0.2381 1
0.2382 2
0.2383 1
0.2384 0
0.2385 1
0.2386 1
0.2387 2
0.2388 1
0.2389 1
0.239 3
0.2391 2
0.2392 0
0.2393 1
0.2394 1
0.2395 0
0.2396 0
0.2397 1
0.2398 0
0.2399 1
0.24 2
0.2401 2
0.2402 6
0.2403 5
0.2404 5
0.2405 1
0.2406 3
0.2407 3
0.2408 2
0.2409 1
0.241 0
0.2411 1
0.2412 1
0.2413 2
0.2414 0
0.2415 1
0.2416 1
0.2417 2
0.2418 3
0.2419 3
0.242 0
0.2421 2
0.2422 2
0.2423 2
0.2424 1
0.2425 3
0.2426 1
0.2427 2
0.2428 2
0.2429 2
0.243 3
0.2431 5
0.2432 7
0.2433 7
0.2434 11
0.2435 12
0.2436 14
0.2437 7
0.2438 7
0.2439 12
0.244 6
0.2441 5
0.2442 9
0.2443 4
0.2444 12
0.2445 4
0.2446 4
0.2447 3
0.2448 1
0.2449 0
0.245 3
0.2451 5
0.2452 2
0.2453 4
0.2454 10
0.2455 14
0.2456 9
0.2457 12
0.2458 8
0.2459 5
0.246 5
0.2461 3
0.2462 6
0.2463 6
0.2464 1
0.2465 3
0.2466 4
0.2467 6
0.2468 1
0.2469 2
0.247 0
0.2471 1
0.2472 0
0.2473 2
0.2474 2
0.2475 4
0.2476 4
0.2477 1
0.2478 2
0.2479 2
0.248 3
0.2481 2
0.2482 0
0.2483 4
0.2484 1
0.2485 2
0.2486 2
0.2487 5
0.2488 2
0.2489 2
0.249 4
0.2491 7
0.2492 7
0.2493 1
0.2494 0
0.2495 0
0.2496 4
0.2497 2
0.2498 4
0.2499 2
0.25 1
