0 0
0.0001 0
0.0002 0
0.0003 0
0.0004 0
0.0005 0
0.0006 0
0.0007 0
0.0008 0
0.0009 0
0.001 0
0.0011 0
0.0012 0
0.0013 0
0.0014 0
0.0015 0
0.0016 0
0.0017 0
0.0018 0
0.0019 0
0.002 0
0.0021 0
0.0022 0
0.0023 0
0.0024 0
0.0025 0
0.0026 0
0.0027 0
0.0028 0
0.0029 0
0.003 0
0.0031 0
0.0032 0
0.0033 0
0.0034 0
0.0035 0
0.0036 0
0.0037 0
0.0038 0
0.0039 0
0.004 0
0.0041 0
0.0042 0
0.0043 0
0.0044 0
0.0045 0
0.0046 0
0.0047 0
0.0048 0
0.0049 0
0.005 0
0.0051 0
0.0052 1
0.0053 1
0.0054 1
0.0055 1
0.0056 1
0.0057 1
0.0058 1
0.0059 1
0.006 1
0.0061 1
0.0062 1
0.0063 1
0.0064 1
0.0065 1
0.0066 1
0.0067 1
0.0068 1
0.0069 1
0.007 1
0.0071 1
0.0072 2
0.0073 3
0.0074 3
0.0075 3
0.0076 3
0.0077 3
0.0078 3
0.0079 3
0.008 3
0.0081 3
0.0082 3
0.0083 4
0.0084 4
0.0085 4
0.0086 4
0.0087 4
0.0088 4
0.0089 4
0.009 4
0.0091 5
0.0092 5
0.0093 5
0.0094 5
0.0095 5
0.0096 5
0.0097 5
0.0098 5
0.0099 5
0.01 5
0.0101 4
0.0102 5
0.0103 5
0.0104 5
0.0105 5
0.0106 5
0.0107 5
0.0108 5
0.0109 5
0.011 5
0.0111 5
0.0112 4
0.0113 4
0.0114 4
0.0115 4
0.0116 4
0.0117 3
0.0118 3
0.0119 3
0.012 3
0.0121 4
0.0122 5
0.0123 5
0.0124 5
0.0125 6
0.0126 6
0.0127 6
0.0128 6
0.0129 6
0.013 6
0.0131 7
0.0132 7
0.0133 7
0.0134 7
0.0135 7
0.0136 7
0.0137 7
0.0138 7
0.0139 8
0.014 8
0.0141 8
0.0142 8
0.0143 8
0.0144 8
0.0145 8
0.0146 8
0.0147 9
0.0148 9
0.0149 9
0.015 9
0.0151 9
0.0152 9
0.0153 9
0.0154 8
0.0155 8
0.0156 8
0.0157 8
0.0158 8
0.0159 8
0.016 8
0.0161 8
0.0162 8
0.0163 8
0.0164 9
0.0165 10
0.0166 10
0.0167 10
0.0168 11
0.0169 11
0.017 11
0.0171 11
0.0172 12
0.0173 13
0.0174 13
0.0175 13
0.0176 13
0.0177 13
0.0178 12
0.0179 13
0.018 14
0.0181 14
0.0182 14
0.0183 14
0.0184 15
0.0185 15
0.0186 15
0.0187 15
0.0188 15
0.0189 15
0.019 14
0.0191 14
0.0192 15
0.0193 15
0.0194 16
0.0195 17
0.0196 17
0.0197 17
0.0198 17
0.0199 17
0.02 18
0.0201 18
0.0202 18
0.0203 18
0.0204 18
0.0205 18
0.0206 20
0.0207 21
0.0208 21
0.0209 21
0.021 21
0.0211 21
0.0212 21
0.0213 22
0.0214 23
0.0215 23
0.0216 23
0.0217 23
0.0218 23
0.0219 23
0.022 23
0.0221 22
0.0222 22
0.0223 22
0.0224 22
0.0225 21
0.0226 21
0.0227 21
0.0228 21
0.0229 21
0.023 21
0.0231 21
0.0232 21
0.0233 21
0.0234 21
0.0235 21
0.0236 21
0.0237 21
0.0238 22
0.0239 23
0.024 23
0.0241 23
0.0242 23
0.0243 23
0.0244 24
0.0245 24
0.0246 25
0.0247 26
0.0248 27
0.0249 27
0.025 27
0.0251 27
0.0252 27
0.0253 27
0.0254 27
0.0255 26
0.0256 26
0.0257 25
0.0258 24
0.0259 24
0.026 25
0.0261 26
0.0262 26
0.0263 26
0.0264 26
0.0265 26
0.0266 26
0.0267 26
0.0268 26
0.0269 26
0.027 26
0.0271 26
0.0272 26
0.0273 26
0.0274 26
0.0275 26
0.0276 26
0.0277 28
0.0278 28
0.0279 29
0.028 30
0.0281 30
0.0282 30
0.0283 30
0.0284 30
0.0285 30
0.0286 31
0.0287 30
0.0288 30
0.0289 31
0.029 31
0.0291 31
0.0292 31
0.0293 30
0.0294 30
0.0295 30
0.0296 30
0.0297 31
0.0298 31
0.0299 30
0.03 30
0.0301 30
0.0302 29
0.0303 30
0.0304 30
0.0305 30
0.0306 30
0.0307 30
0.0308 30
0.0309 30
0.031 30
0.0311 31
0.0312 32
0.0313 32
0.0314 32
0.0315 32
0.0316 31
0.0317 31
0.0318 31
0.0319 31
0.032 31
0.0321 30
0.0322 30
0.0323 30
0.0324 29
0.0325 29
0.0326 29
0.0327 28
0.0328 28
0.0329 29
0.033 29
0.0331 31
0.0332 31
0.0333 32
0.0334 32
0.0335 32
0.0336 33
0.0337 33
0.0338 33
0.0339 33
0.034 35
0.0341 35
0.0342 36
0.0343 36
0.0344 36
0.0345 36
0.0346 36
0.0347 36
0.0348 36
0.0349 36
0.035 36
0.0351 36
0.0352 36
0.0353 37
0.0354 35
0.0355 35
0.0356 35
0.0357 35
0.0358 35
0.0359 35
0.036 35
0.0361 35
0.0362 35
0.0363 35
0.0364 35
0.0365 34
0.0366 34
0.0367 34
0.0368 34
0.0369 34
0.037 34
0.0371 34
0.0372 34
0.0373 34
0.0374 34
0.0375 34
0.0376 34
0.0377 34
0.0378 34
0.0379 34
0.038 34
0.0381 34
0.0382 34
0.0383 35
0.0384 35
0.0385 36
0.0386 36
0.0387 36
0.0388 36
0.0389 36
0.039 36
0.0391 37
0.0392 37
0.0393 38
0.0394 38
0.0395 38
0.0396 39
0.0397 39
0.0398 39
0.0399 39
0.04 40
0.0401 40
0.0402 40
0.0403 40
0.0404 40
0.0405 40
0.0406 40
0.0407 41
0.0408 41
0.0409 41
0.041 41
0.0411 41
0.0412 41
0.0413 41
0.0414 40
0.0415 40
0.0416 40
0.0417 40
0.0418 40
0.0419 40
0.042 40
0.0421 40
0.0422 40
0.0423 40
0.0424 41
0.0425 41
0.0426 41
0.0427 41
0.0428 41
0.0429 41
0.043 41
0.0431 41
0.0432 42
0.0433 42
0.0434 42
0.0435 42
0.0436 42
0.0437 42
0.0438 42
0.0439 42
0.044 43
0.0441 43
0.0442 43
0.0443 43
0.0444 42
0.0445 42
0.0446 42
0.0447 43
0.0448 43
0.0449 43
0.045 43
0.0451 42
0.0452 42
0.0453 43
0.0454 44
0.0455 44
0.0456 43
0.0457 43
0.0458 43
0.0459 42
0.046 42
0.0461 42
0.0462 42
0.0463 42
0.0464 42
0.0465 41
0.0466 41
0.0467 42
0.0468 42
0.0469 42
0.047 42
0.0471 42
0.0472 42
0.0473 42
0.0474 42
0.0475 42
0.0476 41
0.0477 41
0.0478 41
0.0479 41
0.048 41
0.0481 41
0.0482 40
0.0483 40
0.0484 41
0.0485 41
0.0486 42
0.0487 42
0.0488 42
0.0489 42
0.049 41
0.0491 41
0.0492 40
0.0493 40
0.0494 40
0.0495 40
0.0496 40
0.0497 40
0.0498 40
0.0499 40
0.05 40
0.0501 40
0.0502 40
0.0503 40
0.0504 40
0.0505 39
0.0506 41
0.0507 41
0.0508 39
0.0509 39
0.051 39
0.0511 39
0.0512 39
0.0513 39
0.0514 39
0.0515 38
0.0516 38
0.0517 38
0.0518 38
0.0519 37
0.052 37
0.0521 39
0.0522 38
0.0523 37
0.0524 37
0.0525 37
0.0526 37
0.0527 37
0.0528 37
0.0529 38
0.053 38
0.0531 38
0.0532 37
0.0533 37
0.0534 37
0.0535 37
0.0536 37
0.0537 36
0.0538 36
0.0539 36
0.054 36
0.0541 36
0.0542 36
0.0543 36
0.0544 36
0.0545 36
0.0546 35
0.0547 35
0.0548 35
0.0549 35
0.055 35
0.0551 35
0.0552 35
0.0553 35
0.0554 35
0.0555 34
0.0556 34
0.0557 34
0.0558 34
0.0559 34
0.056 34
0.0561 35
0.0562 35
0.0563 35
0.0564 35
0.0565 35
0.0566 36
0.0567 36
0.0568 36
0.0569 36
0.057 35
0.0571 35
0.0572 34
0.0573 34
0.0574 34
0.0575 34
0.0576 34
0.0577 34
0.0578 34
0.0579 34
0.058 34
0.0581 34
0.0582 34
0.0583 34
0.0584 34
0.0585 35
0.0586 35
0.0587 36
0.0588 36
0.0589 36
0.059 36
0.0591 36
0.0592 36
0.0593 36
0.0594 35
0.0595 37
0.0596 37
0.0597 37
0.0598 38
0.0599 39
0.06 38
0.0601 38
0.0602 40
0.0603 40
0.0604 40
0.0605 40
0.0606 40
0.0607 40
0.0608 40
0.0609 40
0.061 40
0.0611 39
0.0612 39
0.0613 39
0.0614 40
0.0615 41
0.0616 41
0.0617 41
0.0618 41
0.0619 41
0.062 41
0.0621 41
0.0622 41
0.0623 41
0.0624 42
0.0625 42
0.0626 42
0.0627 42
0.0628 42
0.0629 42
0.063 42
0.0631 42
0.0632 41
0.0633 41
0.0634 42
0.0635 42
0.0636 42
0.0637 42
0.0638 42
0.0639 43
0.064 43
0.0641 44
0.0642 44
0.0643 44
0.0644 42
0.0645 41
0.0646 41
0.0647 41
0.0648 41
0.0649 41
0.065 41
0.0651 41
0.0652 41
0.0653 41
0.0654 41
0.0655 41
0.0656 41
0.0657 43
0.0658 43
0.0659 43
0.066 43
0.0661 43
0.0662 43
0.0663 44
0.0664 44
0.0665 44
0.0666 44
0.0667 44
0.0668 44
0.0669 44
0.067 44
0.0671 44
0.0672 44
0.0673 43
0.0674 44
0.0675 43
0.0676 43
0.0677 43
0.0678 43
0.0679 43
0.068 43
0.0681 43
0.0682 43
0.0683 43
0.0684 42
0.0685 42
0.0686 42
0.0687 42
0.0688 43
0.0689 44
0.069 44
0.0691 44
0.0692 43
0.0693 43
0.0694 43
0.0695 43
0.0696 43
0.0697 43
0.0698 43
0.0699 42
0.07 42
0.0701 42
0.0702 42
0.0703 41
0.0704 41
0.0705 41
0.0706 41
0.0707 41
0.0708 40
0.0709 40
0.071 40
0.0711 40
0.0712 40
0.0713 41
0.0714 41
0.0715 41
0.0716 41
0.0717 41
0.0718 41
0.0719 41
0.072 41
0.0721 43
0.0722 43
0.0723 44
0.0724 44
0.0725 44
0.0726 44
0.0727 44
0.0728 44
0.0729 44
0.073 44
0.0731 44
0.0732 44
0.0733 44
0.0734 45
0.0735 45
0.0736 45
0.0737 45
0.0738 44
0.0739 45
0.074 47
0.0741 46
0.0742 46
0.0743 45
0.0744 44
0.0745 44
0.0746 44
0.0747 43
0.0748 43
0.0749 43
0.075 43
0.0751 43
0.0752 43
0.0753 43
0.0754 44
0.0755 43
0.0756 42
0.0757 43
0.0758 43
0.0759 42
0.076 42
0.0761 42
0.0762 42
0.0763 42
0.0764 41
0.0765 41
0.0766 41
0.0767 41
0.0768 40
0.0769 40
0.077 40
0.0771 41
0.0772 41
0.0773 42
0.0774 42
0.0775 42
0.0776 42
0.0777 43
0.0778 43
0.0779 43
0.078 43
0.0781 43
0.0782 43
0.0783 43
0.0784 43
0.0785 43
0.0786 43
0.0787 45
0.0788 43
0.0789 43
0.079 44
0.0791 44
0.0792 44
0.0793 44
0.0794 44
0.0795 44
0.0796 44
0.0797 44
0.0798 45
0.0799 45
0.08 45
0.0801 45
0.0802 45
0.0803 45
0.0804 45
0.0805 45
0.0806 46
0.0807 46
0.0808 46
0.0809 46
0.081 46
0.0811 45
0.0812 44
0.0813 44
0.0814 44
0.0815 44
0.0816 44
0.0817 44
0.0818 44
0.0819 44
0.082 44
0.0821 45
0.0822 45
0.0823 45
0.0824 44
0.0825 42
0.0826 42
0.0827 42
0.0828 43
0.0829 43
0.083 42
0.0831 42
0.0832 42
0.0833 41
0.0834 41
0.0835 41
0.0836 40
0.0837 41
0.0838 41
0.0839 41
0.084 41
0.0841 41
0.0842 41
0.0843 40
0.0844 40
0.0845 41
0.0846 41
0.0847 40
0.0848 39
0.0849 39
0.085 39
0.0851 39
0.0852 39
0.0853 40
0.0854 40
0.0855 40
0.0856 41
0.0857 41
0.0858 41
0.0859 41
0.086 41
0.0861 41
0.0862 42
0.0863 42
0.0864 42
0.0865 42
0.0866 42
0.0867 42
0.0868 42
0.0869 42
0.087 43
0.0871 43
0.0872 43
0.0873 43
0.0874 43
0.0875 43
0.0876 43
0.0877 44
0.0878 44
0.0879 44
0.088 44
0.0881 44
0.0882 45
0.0883 45
0.0884 45
0.0885 44
0.0886 45
0.0887 45
0.0888 45
0.0889 46
0.089 47
0.0891 47
0.0892 48
0.0893 48
0.0894 48
0.0895 48
0.0896 47
0.0897 46
0.0898 46
0.0899 46
0.09 48
0.0901 48
0.0902 48
0.0903 48
0.0904 48
0.0905 48
0.0906 48
0.0907 47
0.0908 47
0.0909 47
0.091 47
0.0911 48
0.0912 48
0.0913 48
0.0914 48
0.0915 48
0.0916 48
0.0917 48
0.0918 48
0.0919 47
0.092 47
0.0921 46
0.0922 46
0.0923 46
0.0924 46
0.0925 46
0.0926 46
0.0927 46
0.0928 46
0.0929 47
0.093 47
0.0931 47
0.0932 47
0.0933 47
0.0934 47
0.0935 47
0.0936 47
0.0937 47
0.0938 47
0.0939 48
0.094 47
0.0941 47
0.0942 47
0.0943 47
0.0944 47
0.0945 46
0.0946 46
0.0947 46
0.0948 46
0.0949 46
0.095 46
0.0951 46
0.0952 46
0.0953 45
0.0954 45
0.0955 45
0.0956 45
0.0957 45
0.0958 44
0.0959 44
0.096 43
0.0961 43
0.0962 43
0.0963 42
0.0964 42
0.0965 42
0.0966 42
0.0967 42
0.0968 42
0.0969 42
0.097 42
0.0971 42
0.0972 42
0.0973 42
0.0974 42
0.0975 42
0.0976 42
0.0977 42
0.0978 41
0.0979 41
0.098 40
0.0981 40
0.0982 39
0.0983 39
0.0984 39
0.0985 40
0.0986 40
0.0987 40
0.0988 40
0.0989 40
0.099 41
0.0991 40
0.0992 40
0.0993 40
0.0994 40
0.0995 40
0.0996 41
0.0997 41
0.0998 43
0.0999 43
0.1 43
