0 0
0.01 51
0.02 71
0.03 89
0.04 104
0.05 110
0.06 112
0.07 119
0.08 116
0.09 120
0.1 115
0.11 116
0.12 106
0.13 101
0.14 96
0.15 92
0.16 89
0.17 92
0.18 89
0.19 91
0.2 94
0.21 94
0.22 85
0.23 86
0.24 85
0.25 86
0.26 86
0.27 86
0.28 80
0.29 77
0.3 77
0.31 81
0.32 75
0.33 70
0.34 74
0.35 69
0.36 73
0.37 68
0.38 77
0.39 77
0.4 76
0.41 76
0.42 73
0.43 70
0.44 67
0.45 63
0.46 65
0.47 64
0.48 64
0.49 65
0.5 66
0.51 68
0.52 68
0.53 68
0.54 68
0.55 61
0.56 62
0.57 64
0.58 70
0.59 71
0.6 72
0.61 68
0.62 68
0.63 69
0.64 70
0.65 67
0.66 64
0.67 62
0.68 62
0.69 56
0.7 49
0.71 50
0.72 52
0.73 57
0.74 60
0.75 58
0.76 57
0.77 59
0.78 62
0.79 60
0.8 62
0.81 58
0.82 66
0.83 65
0.84 61
0.85 61
0.86 57
0.87 55
0.88 52
0.89 52
0.9 55
0.91 52
0.92 54
0.93 54
0.94 58
0.95 60
0.96 58
0.97 60
0.98 59
0.99 60
1 60
1.01 55
1.02 54
1.03 59
1.04 59
1.05 64
1.06 63
1.07 68
1.08 67
1.09 67
1.1 65
1.11 65
1.12 61
1.13 60
1.14 58
1.15 53
1.16 58
1.17 57
1.18 56
1.19 53
1.2 56
1.21 57
1.22 61
1.23 56
1.24 56
1.25 53
1.26 54
1.27 52
1.28 48
1.29 51
1.3 50
1.31 50
1.32 51
1.33 53
1.34 53
1.35 58
1.36 63
1.37 62
1.38 55
1.39 58
1.4 56
1.41 56
1.42 58
1.43 56
1.44 61
1.45 60
1.46 59
1.47 57
1.48 56
1.49 57
1.5 51
1.51 56
1.52 54
1.53 59
1.54 58
1.55 59
1.56 54
1.57 53
1.58 51
1.59 49
1.6 50
1.61 52
1.62 51
1.63 51
1.64 53
1.65 51
1.66 45
1.67 47
1.68 47
1.69 47
1.7 48
1.71 49
1.72 50
1.73 51
1.74 52
1.75 50
1.76 52
1.77 50
1.78 58
1.79 57
1.8 52
1.81 52
1.82 50
1.83 47
1.84 51
1.85 48
1.86 53
1.87 52
1.88 54
1.89 54
1.9 54
1.91 62
1.92 56
1.93 55
1.94 53
1.95 54
1.96 54
1.97 55
1.98 54
1.99 51
2 54
