0 0
0.01 43
0.02 82
0.03 101
0.04 114
0.05 117
0.06 126
0.07 116
0.08 110
0.09 115
0.1 106
0.11 111
0.12 95
0.13 90
0.14 85
0.15 87
0.16 85
0.17 90
0.18 100
0.19 101
0.2 106
0.21 99
0.22 102
0.23 101
0.24 104
0.25 96
0.26 89
0.27 84
0.28 86
0.29 85
0.3 81
0.31 80
0.32 82
0.33 67
0.34 71
0.35 78
0.36 76
0.37 76
0.38 76
0.39 73
0.4 73
0.41 67
0.42 62
0.43 73
0.44 67
0.45 65
0.46 66
0.47 70
0.48 62
0.49 63
0.5 68
0.51 68
0.52 66
0.53 61
0.54 60
0.55 55
0.56 58
0.57 60
0.58 61
0.59 61
0.6 67
0.61 64
0.62 59
0.63 62
0.64 64
0.65 65
0.66 66
0.67 66
0.68 62
0.69 62
0.7 58
0.71 64
0.72 62
0.73 60
0.74 63
0.75 59
0.76 67
0.77 64
0.78 60
0.79 60
0.8 58
0.81 56
0.82 52
0.83 49
0.84 47
0.85 54
0.86 61
0.87 58
0.88 60
0.89 55
0.9 55
0.91 59
0.92 55
0.93 50
0.94 52
0.95 52
0.96 48
0.97 51
0.98 54
0.99 59
1 61
1.01 63
1.02 56
1.03 55
1.04 57
1.05 56
1.06 51
1.07 54
1.08 51
1.09 52
1.1 47
1.11 52
1.12 49
1.13 46
1.14 41
1.15 49
1.16 50
1.17 49
1.18 52
1.19 47
1.2 47
1.21 46
1.22 49
1.23 53
1.24 52
1.25 54
1.26 58
1.27 57
1.28 60
1.29 56
1.3 53
1.31 57
1.32 57
1.33 58
1.34 62
1.35 56
1.36 56
1.37 56
1.38 64
1.39 66
1.4 58
1.41 52
1.42 56
1.43 57
1.44 58
1.45 61
1.46 61
1.47 57
1.48 61
1.49 60
1.5 62
1.51 62
1.52 61
1.53 58
1.54 55
1.55 58
1.56 61
1.57 63
1.58 63
1.59 60
1.6 57
1.61 61
1.62 61
1.63 59
1.64 59
1.65 65
1.66 66
1.67 61
1.68 54
1.69 53
1.7 51
1.71 47
1.72 46
1.73 42
1.74 43
1.75 44
1.76 48
1.77 48
1.78 53
1.79 50
1.8 54
1.81 53
1.82 57
1.83 50
1.84 51
1.85 52
1.86 48
1.87 42
1.88 46
1.89 51
1.9 55
1.91 56
1.92 57
1.93 64
1.94 69
1.95 64
1.96 60
1.97 58
1.98 61
1.99 57
2 56
