0 0
0.0001 8
0.0002 12
0.0003 18
0.0004 19
0.0005 20
0.0006 22
0.0007 27
0.0008 32
0.0009 32
0.001 35
0.0011 37
0.0012 40
0.0013 39
0.0014 45
0.0015 46
0.0016 48
0.0017 50
0.0018 50
0.0019 55
0.002 59
0.0021 58
0.0022 62
0.0023 64
0.0024 68
0.0025 74
0.0026 78
0.0027 81
0.0028 80
0.0029 80
0.003 80
0.0031 87
0.0032 92
0.0033 91
0.0034 93
0.0035 96
0.0036 97
0.0037 96
0.0038 98
0.0039 98
0.004 101
0.0041 100
0.0042 102
0.0043 105
0.0044 102
0.0045 102
0.0046 108
0.0047 114
0.0048 114
0.0049 116
0.005 122
0.0051 118
0.0052 118
0.0053 122
0.0054 123
0.0055 122
0.0056 124
0.0057 125
0.0058 123
0.0059 122
0.006 125
0.0061 121
0.0062 123
0.0063 131
0.0064 134
0.0065 137
0.0066 140
0.0067 139
0.0068 141
0.0069 145
0.007 143
0.0071 147
0.0072 154
0.0073 155
0.0074 156
0.0075 150
0.0076 146
0.0077 147
0.0078 147
0.0079 148
0.008 152
0.0081 158
0.0082 150
0.0083 154
0.0084 155
0.0085 157
0.0086 157
0.0087 158
0.0088 156
0.0089 158
0.009 158
0.0091 159
0.0092 163
0.0093 167
0.0094 164
0.0095 164
0.0096 164
0.0097 170
0.0098 168
0.0099 169
0.01 166
0.0101 168
0.0102 175
0.0103 176
0.0104 177
0.0105 175
0.0106 177
0.0107 177
0.0108 178
0.0109 182
0.011 181
0.0111 182
0.0112 186
0.0113 188
0.0114 187
0.0115 189
0.0116 188
0.0117 189
0.0118 188
0.0119 193
0.012 191
0.0121 192
0.0122 196
0.0123 195
0.0124 195
0.0125 195
0.0126 194
0.0127 193
0.0128 194
0.0129 191
0.013 191
0.0131 192
0.0132 193
0.0133 198
0.0134 200
0.0135 199
0.0136 198
0.0137 195
0.0138 195
0.0139 200
0.014 204
0.0141 200
0.0142 205
0.0143 200
0.0144 198
0.0145 196
0.0146 196
0.0147 198
0.0148 199
0.0149 205
0.015 208
0.0151 204
0.0152 205
0.0153 206
0.0154 206
0.0155 203
0.0156 203
0.0157 208
0.0158 206
0.0159 203
0.016 205
0.0161 211
0.0162 208
0.0163 208
0.0164 211
0.0165 214
0.0166 212
0.0167 210
0.0168 210
0.0169 209
0.017 209
0.0171 208
0.0172 206
0.0173 209
0.0174 207
0.0175 210
0.0176 215
0.0177 214
0.0178 212
0.0179 214
0.018 212
0.0181 213
0.0182 212
0.0183 213
0.0184 215
0.0185 215
0.0186 220
0.0187 221
0.0188 220
0.0189 220
0.019 220
0.0191 217
0.0192 217
0.0193 218
0.0194 223
0.0195 224
0.0196 221
0.0197 223
0.0198 224
0.0199 224
0.02 229
0.0201 225
0.0202 227
0.0203 227
0.0204 230
0.0205 232
0.0206 224
0.0207 224
0.0208 228
0.0209 225
0.021 225
0.0211 224
0.0212 223
0.0213 220
0.0214 220
0.0215 219
0.0216 220
0.0217 221
0.0218 217
0.0219 218
0.022 223
0.0221 219
0.0222 221
0.0223 219
0.0224 219
0.0225 220
0.0226 223
0.0227 225
0.0228 222
0.0229 226
0.023 224
0.0231 224
0.0232 226
0.0233 223
0.0234 221
0.0235 224
0.0236 222
0.0237 226
0.0238 224
0.0239 227
0.024 232
0.0241 232
0.0242 233
0.0243 227
0.0244 229
0.0245 228
0.0246 227
0.0247 226
0.0248 223
0.0249 224
0.025 227
0.0251 227
0.0252 229
0.0253 230
0.0254 226
0.0255 226
0.0256 228
0.0257 228
0.0258 224
0.0259 219
0.026 219
0.0261 217
0.0262 220
0.0263 223
0.0264 226
0.0265 226
0.0266 224
0.0267 219
0.0268 216
0.0269 211
0.027 212
0.0271 214
0.0272 214
0.0273 212
0.0274 213
0.0275 210
0.0276 207
0.0277 206
0.0278 208
0.0279 212
0.028 209
0.0281 206
0.0282 209
0.0283 208
0.0284 208
0.0285 207
0.0286 209
0.0287 210
0.0288 208
0.0289 207
0.029 208
0.0291 214
0.0292 213
0.0293 213
0.0294 209
0.0295 205
0.0296 207
0.0297 207
0.0298 207
0.0299 210
0.03 207
0.0301 212
0.0302 215
0.0303 214
0.0304 213
0.0305 216
0.0306 213
0.0307 214
0.0308 211
0.0309 207
0.031 207
0.0311 210
0.0312 208
0.0313 206
0.0314 203
0.0315 204
0.0316 207
0.0317 207
0.0318 211
0.0319 211
0.032 213
0.0321 211
0.0322 211
0.0323 210
0.0324 212
0.0325 210
0.0326 208
0.0327 210
0.0328 212
0.0329 205
0.033 206
0.0331 209
0.0332 211
0.0333 212
0.0334 213
0.0335 214
0.0336 205
0.0337 206
0.0338 208
0.0339 208
0.034 211
0.0341 211
0.0342 207
0.0343 207
0.0344 209
0.0345 211
0.0346 211
0.0347 211
0.0348 217
0.0349 213
0.035 214
0.0351 213
0.0352 214
0.0353 213
0.0354 215
0.0355 210
0.0356 213
0.0357 212
0.0358 212
0.0359 213
0.036 214
0.0361 212
0.0362 213
0.0363 212
0.0364 210
0.0365 210
0.0366 209
0.0367 209
0.0368 210
0.0369 206
0.037 207
0.0371 209
0.0372 206
0.0373 202
0.0374 204
0.0375 205
0.0376 204
0.0377 203
0.0378 204
0.0379 202
0.038 203
0.0381 203
0.0382 203
0.0383 203
0.0384 204
0.0385 206
0.0386 204
0.0387 200
0.0388 200
0.0389 197
0.039 197
0.0391 197
0.0392 197
0.0393 198
0.0394 197
0.0395 196
0.0396 191
0.0397 190
0.0398 193
0.0399 194
0.04 196
0.0401 195
0.0402 195
0.0403 196
0.0404 197
0.0405 194
0.0406 191
0.0407 190
0.0408 189
0.0409 191
0.041 184
0.0411 186
0.0412 188
0.0413 190
0.0414 189
0.0415 188
0.0416 187
0.0417 186
0.0418 186
0.0419 185
0.042 183
0.0421 179
0.0422 180
0.0423 179
0.0424 181
0.0425 178
0.0426 171
0.0427 172
0.0428 174
0.0429 175
0.043 177
0.0431 177
0.0432 177
0.0433 176
0.0434 177
0.0435 172
0.0436 175
0.0437 172
0.0438 171
0.0439 173
0.044 172
0.0441 178
0.0442 176
0.0443 176
0.0444 175
0.0445 176
0.0446 177
0.0447 175
0.0448 177
0.0449 178
0.045 181
0.0451 181
0.0452 179
0.0453 180
0.0454 178
0.0455 176
0.0456 176
0.0457 177
0.0458 175
0.0459 175
0.046 173
0.0461 172
0.0462 172
0.0463 169
0.0464 173
0.0465 172
0.0466 171
0.0467 173
0.0468 174
0.0469 174
0.047 172
0.0471 173
0.0472 175
0.0473 176
0.0474 175
0.0475 171
0.0476 172
0.0477 174
0.0478 171
0.0479 174
0.048 176
0.0481 173
0.0482 169
0.0483 168
0.0484 167
0.0485 168
0.0486 167
0.0487 167
0.0488 167
0.0489 167
0.049 168
0.0491 167
0.0492 169
0.0493 169
0.0494 167
0.0495 165
0.0496 167
0.0497 166
0.0498 167
0.0499 162
0.05 165
0.0501 165
0.0502 164
0.0503 162
0.0504 161
0.0505 163
0.0506 163
0.0507 166
0.0508 166
0.0509 167
0.051 167
0.0511 166
0.0512 165
0.0513 165
0.0514 165
0.0515 164
0.0516 164
0.0517 160
0.0518 158
0.0519 156
0.052 158
0.0521 160
0.0522 161
0.0523 161
0.0524 163
0.0525 164
0.0526 164
0.0527 164
0.0528 166
0.0529 166
0.053 166
0.0531 167
0.0532 165
0.0533 164
0.0534 164
0.0535 167
0.0536 166
0.0537 166
0.0538 168
0.0539 170
0.054 170
0.0541 175
0.0542 175
0.0543 174
0.0544 174
0.0545 175
0.0546 174
0.0547 172
0.0548 166
0.0549 166
0.055 159
0.0551 160
0.0552 161
0.0553 161
0.0554 162
0.0555 165
0.0556 165
0.0557 166
0.0558 168
0.0559 169
0.056 171
0.0561 168
0.0562 169
0.0563 165
0.0564 166
0.0565 172
0.0566 170
0.0567 165
0.0568 165
0.0569 166
0.057 165
0.0571 167
0.0572 170
0.0573 172
0.0574 172
0.0575 171
0.0576 171
0.0577 174
0.0578 174
0.0579 177
0.058 179
0.0581 178
0.0582 175
0.0583 175
0.0584 177
0.0585 177
0.0586 176
0.0587 177
0.0588 178
0.0589 177
0.059 175
0.0591 175
0.0592 174
0.0593 175
0.0594 172
0.0595 171
0.0596 170
0.0597 170
0.0598 170
0.0599 169
0.06 169
0.0601 169
0.0602 171
0.0603 170
0.0604 172
0.0605 172
0.0606 173
0.0607 174
0.0608 170
0.0609 170
0.061 170
0.0611 168
0.0612 169
0.0613 169
0.0614 170
0.0615 168
0.0616 171
0.0617 173
0.0618 173
0.0619 170
0.062 169
0.0621 170
0.0622 168
0.0623 169
0.0624 167
0.0625 166
0.0626 165
0.0627 168
0.0628 168
0.0629 168
0.063 168
0.0631 168
0.0632 166
0.0633 164
0.0634 162
0.0635 161
0.0636 163
0.0637 162
0.0638 158
0.0639 157
0.064 159
0.0641 160
0.0642 159
0.0643 160
0.0644 162
0.0645 164
0.0646 164
0.0647 167
0.0648 167
0.0649 168
0.065 170
0.0651 168
0.0652 168
0.0653 167
0.0654 165
0.0655 166
0.0656 164
0.0657 163
0.0658 163
0.0659 162
0.066 160
0.0661 159
0.0662 158
0.0663 158
0.0664 159
0.0665 158
0.0666 158
0.0667 158
0.0668 157
0.0669 160
0.067 161
0.0671 161
0.0672 161
0.0673 160
0.0674 160
0.0675 162
0.0676 164
0.0677 163
0.0678 164
0.0679 166
0.068 163
0.0681 162
0.0682 163
0.0683 162
0.0684 161
0.0685 160
0.0686 159
0.0687 158
0.0688 157
0.0689 156
0.069 154
0.0691 153
0.0692 152
0.0693 151
0.0694 152
0.0695 152
0.0696 150
0.0697 148
0.0698 145
0.0699 145
0.07 147
0.0701 146
0.0702 145
0.0703 147
0.0704 146
0.0705 145
0.0706 145
0.0707 144
0.0708 143
0.0709 146
0.071 146
0.0711 147
0.0712 146
0.0713 147
0.0714 150
0.0715 147
0.0716 148
0.0717 150
0.0718 146
0.0719 147
0.072 148
0.0721 149
0.0722 152
0.0723 153
0.0724 151
0.0725 153
0.0726 151
0.0727 149
0.0728 152
0.0729 150
0.073 149
0.0731 148
0.0732 148
0.0733 150
0.0734 150
0.0735 148
0.0736 148
0.0737 148
0.0738 148
0.0739 150
0.074 149
0.0741 149
0.0742 150
0.0743 150
0.0744 149
0.0745 150
0.0746 147
0.0747 146
0.0748 147
0.0749 146
0.075 146
0.0751 149
0.0752 150
0.0753 152
0.0754 153
0.0755 151
0.0756 151
0.0757 150
0.0758 152
0.0759 152
0.076 153
0.0761 154
0.0762 154
0.0763 152
0.0764 154
0.0765 152
0.0766 149
0.0767 147
0.0768 150
0.0769 148
0.077 146
0.0771 146
0.0772 146
0.0773 147
0.0774 145
0.0775 144
0.0776 145
0.0777 145
0.0778 149
0.0779 146
0.078 146
0.0781 148
0.0782 147
0.0783 149
0.0784 148
0.0785 149
0.0786 149
0.0787 148
0.0788 146
0.0789 144
0.079 142
0.0791 139
0.0792 139
0.0793 142
0.0794 140
0.0795 142
0.0796 143
0.0797 146
0.0798 144
0.0799 146
0.08 148
0.0801 148
0.0802 146
0.0803 143
0.0804 143
0.0805 145
0.0806 144
0.0807 146
0.0808 145
0.0809 144
0.081 143
0.0811 144
0.0812 145
0.0813 146
0.0814 145
0.0815 146
0.0816 145
0.0817 145
0.0818 143
0.0819 143
0.082 140
0.0821 139
0.0822 138
0.0823 134
0.0824 134
0.0825 135
0.0826 137
0.0827 137
0.0828 135
0.0829 136
0.083 136
0.0831 139
0.0832 136
0.0833 137
0.0834 136
0.0835 135
0.0836 135
0.0837 133
0.0838 133
0.0839 132
0.084 131
0.0841 132
0.0842 130
0.0843 133
0.0844 131
0.0845 131
0.0846 131
0.0847 130
0.0848 129
0.0849 130
0.085 131
0.0851 131
0.0852 130
0.0853 132
0.0854 130
0.0855 131
0.0856 127
0.0857 128
0.0858 128
0.0859 129
0.086 126
0.0861 126
0.0862 122
0.0863 122
0.0864 124
0.0865 123
0.0866 124
0.0867 122
0.0868 125
0.0869 124
0.087 124
0.0871 121
0.0872 121
0.0873 119
0.0874 120
0.0875 119
0.0876 121
0.0877 123
0.0878 122
0.0879 123
0.088 121
0.0881 121
0.0882 123
0.0883 121
0.0884 119
0.0885 119
0.0886 121
0.0887 117
0.0888 119
0.0889 118
0.089 120
0.0891 120
0.0892 119
0.0893 120
0.0894 122
0.0895 123
0.0896 123
0.0897 121
0.0898 119
0.0899 118
0.09 120
0.0901 123
0.0902 125
0.0903 123
0.0904 121
0.0905 123
0.0906 123
0.0907 124
0.0908 123
0.0909 122
0.091 123
0.0911 126
0.0912 127
0.0913 125
0.0914 126
0.0915 131
0.0916 129
0.0917 129
0.0918 128
0.0919 127
0.092 128
0.0921 131
0.0922 130
0.0923 128
0.0924 128
0.0925 128
0.0926 126
0.0927 127
0.0928 127
0.0929 128
0.093 130
0.0931 129
0.0932 130
0.0933 129
0.0934 128
0.0935 127
0.0936 125
0.0937 126
0.0938 125
0.0939 124
0.094 123
0.0941 124
0.0942 125
0.0943 123
0.0944 124
0.0945 122
0.0946 122
0.0947 123
0.0948 123
0.0949 122
0.095 122
0.0951 120
0.0952 120
0.0953 121
0.0954 122
0.0955 122
0.0956 122
0.0957 122
0.0958 124
0.0959 122
0.096 123
0.0961 122
0.0962 123
0.0963 122
0.0964 123
0.0965 121
0.0966 121
0.0967 119
0.0968 120
0.0969 120
0.097 119
0.0971 118
0.0972 118
0.0973 120
0.0974 118
0.0975 119
0.0976 120
0.0977 119
0.0978 120
0.0979 120
0.098 122
0.0981 120
0.0982 120
0.0983 121
0.0984 122
0.0985 122
0.0986 121
0.0987 119
0.0988 118
0.0989 119
0.099 117
0.0991 117
0.0992 118
0.0993 119
0.0994 118
0.0995 116
0.0996 121
0.0997 120
0.0998 124
0.0999 124
0.1 125
