0 0
0.0001 0
0.0002 0
0.0003 0
0.0004 0
0.0005 0
0.0006 0
0.0007 0
0.0008 0
0.0009 0
0.001 1
0.0011 1
0.0012 2
0.0013 2
0.0014 3
0.0015 3
0.0016 4
0.0017 4
0.0018 6
0.0019 6
0.002 8
0.0021 9
0.0022 11
0.0023 13
0.0024 14
0.0025 16
0.0026 18
0.0027 21
0.0028 23
0.0029 27
0.003 29
0.0031 31
0.0032 36
0.0033 38
0.0034 41
0.0035 45
0.0036 48
0.0037 51
0.0038 54
0.0039 56
0.004 61
0.0041 64
0.0042 68
0.0043 72
0.0044 76
0.0045 79
0.0046 83
0.0047 87
0.0048 90
0.0049 94
0.005 98
0.0051 101
0.0052 106
0.0053 111
0.0054 114
0.0055 119
0.0056 124
0.0057 129
0.0058 134
0.0059 138
0.006 144
0.0061 148
0.0062 152
0.0063 158
0.0064 164
0.0065 169
0.0066 173
0.0067 180
0.0068 184
0.0069 191
0.007 197
0.0071 202
0.0072 208
0.0073 212
0.0074 219
0.0075 225
0.0076 232
0.0077 238
0.0078 245
0.0079 251
0.008 257
0.0081 265
0.0082 272
0.0083 279
0.0084 287
0.0085 293
0.0086 300
0.0087 308
0.0088 316
0.0089 322
0.009 330
0.0091 338
0.0092 345
0.0093 353
0.0094 360
0.0095 369
0.0096 376
0.0097 384
0.0098 393
0.0099 399
0.01 408
0.0101 416
0.0102 424
0.0103 432
0.0104 439
0.0105 447
0.0106 455
0.0107 465
0.0108 472
0.0109 479
0.011 487
0.0111 495
0.0112 504
0.0113 511
0.0114 520
0.0115 529
0.0116 534
0.0117 545
0.0118 552
0.0119 561
0.012 569
0.0121 576
0.0122 585
0.0123 594
0.0124 603
0.0125 612
0.0126 621
0.0127 630
0.0128 639
0.0129 650
0.013 657
0.0131 668
0.0132 679
0.0133 685
0.0134 696
0.0135 706
0.0136 716
0.0137 724
0.0138 733
0.0139 745
0.014 755
0.0141 763
0.0142 772
0.0143 782
0.0144 793
0.0145 802
0.0146 810
0.0147 822
0.0148 828
0.0149 839
0.015 847
0.0151 853
0.0152 862
0.0153 872
0.0154 881
0.0155 890
0.0156 898
0.0157 910
0.0158 919
0.0159 926
0.016 938
0.0161 941
0.0162 955
0.0163 962
0.0164 973
0.0165 981
0.0166 991
0.0167 1002
0.0168 1009
0.0169 1020
0.017 1027
0.0171 1037
0.0172 1045
0.0173 1055
0.0174 1061
0.0175 1073
0.0176 1083
0.0177 1092
0.0178 1099
0.0179 1108
0.018 1115
0.0181 1123
0.0182 1131
0.0183 1140
0.0184 1147
0.0185 1159
0.0186 1168
0.0187 1177
0.0188 1186
0.0189 1194
0.019 1202
0.0191 1212
0.0192 1221
0.0193 1230
0.0194 1240
0.0195 1250
0.0196 1258
0.0197 1266
0.0198 1276
0.0199 1286
0.02 1290
0.0201 1303
0.0202 1315
0.0203 1321
0.0204 1329
0.0205 1340
0.0206 1348
0.0207 1354
0.0208 1363
0.0209 1369
0.021 1385
0.0211 1391
0.0212 1399
0.0213 1410
0.0214 1415
0.0215 1427
0.0216 1435
0.0217 1444
0.0218 1450
0.0219 1460
0.022 1474
0.0221 1480
0.0222 1491
0.0223 1502
0.0224 1509
0.0225 1520
0.0226 1529
0.0227 1527
0.0228 1538
0.0229 1555
0.023 1563
0.0231 1570
0.0232 1582
0.0233 1588
0.0234 1597
0.0235 1605
0.0236 1616
0.0237 1625
0.0238 1630
0.0239 1640
0.024 1652
0.0241 1660
0.0242 1663
0.0243 1677
0.0244 1680
0.0245 1691
0.0246 1700
0.0247 1707
0.0248 1717
0.0249 1719
0.025 1729
0.0251 1739
0.0252 1745
0.0253 1755
0.0254 1762
0.0255 1767
0.0256 1778
0.0257 1786
0.0258 1794
0.0259 1806
0.026 1810
0.0261 1819
0.0262 1829
0.0263 1842
0.0264 1842
0.0265 1851
0.0266 1857
0.0267 1866
0.0268 1873
0.0269 1876
0.027 1892
0.0271 1901
0.0272 1905
0.0273 1918
0.0274 1924
0.0275 1931
0.0276 1942
0.0277 1949
0.0278 1962
0.0279 1962
0.028 1968
0.0281 1981
0.0282 1988
0.0283 1998
0.0284 2006
0.0285 2007
0.0286 2026
0.0287 2026
0.0288 2032
0.0289 2041
0.029 2046
0.0291 2053
0.0292 2057
0.0293 2067
0.0294 2079
0.0295 2073
0.0296 2075
0.0297 2082
0.0298 2101
0.0299 2096
0.03 2093
0.0301 2105
0.0302 2103
0.0303 2100
0.0304 2112
0.0305 2119
0.0306 2130
0.0307 2137
0.0308 2129
0.0309 2117
0.031 2137
0.0311 2127
0.0312 2109
0.0313 2091
0.0314 2057
0.0315 2016
0.0316 1970
0.0317 1925
0.0318 1897
0.0319 1850
0.032 1793
0.0321 1750
0.0322 1716
0.0323 1690
0.0324 1659
0.0325 1625
0.0326 1598
0.0327 1555
0.0328 1533
0.0329 1515
0.033 1480
0.0331 1453
0.0332 1419
0.0333 1390
0.0334 1358
0.0335 1326
0.0336 1300
0.0337 1253
0.0338 1237
0.0339 1229
0.034 1198
0.0341 1170
0.0342 1146
0.0343 1122
0.0344 1103
0.0345 1079
0.0346 1067
0.0347 1048
0.0348 1033
0.0349 1009
0.035 992
0.0351 973
0.0352 949
0.0353 929
0.0354 910
0.0355 896
0.0356 880
0.0357 863
0.0358 851
0.0359 833
0.036 814
0.0361 795
0.0362 779
0.0363 768
0.0364 747
0.0365 738
0.0366 727
0.0367 720
0.0368 709
0.0369 702
0.037 695
0.0371 685
0.0372 679
0.0373 671
0.0374 654
0.0375 645
0.0376 630
0.0377 619
0.0378 603
0.0379 585
0.038 580
0.0381 574
0.0382 571
0.0383 563
0.0384 561
0.0385 555
0.0386 550
0.0387 545
0.0388 543
0.0389 538
0.039 527
0.0391 523
0.0392 518
0.0393 511
0.0394 507
0.0395 500
0.0396 490
0.0397 477
0.0398 464
0.0399 453
0.04 447
0.0401 438
0.0402 430
0.0403 429
0.0404 427
0.0405 424
0.0406 412
0.0407 402
0.0408 387
0.0409 380
0.041 372
0.0411 364
0.0412 359
0.0413 358
0.0414 351
0.0415 345
0.0416 342
0.0417 351
0.0418 365
0.0419 369
0.042 379
0.0421 384
0.0422 386
0.0423 378
0.0424 377
0.0425 373
0.0426 369
0.0427 367
0.0428 360
0.0429 361
0.043 361
0.0431 359
0.0432 355
0.0433 349
0.0434 335
0.0435 324
0.0436 322
0.0437 309
0.0438 308
0.0439 302
0.044 297
0.0441 300
0.0442 289
0.0443 290
0.0444 289
0.0445 286
0.0446 281
0.0447 284
0.0448 287
0.0449 283
0.045 290
0.0451 284
0.0452 282
0.0453 287
0.0454 290
0.0455 291
0.0456 292
0.0457 294
0.0458 289
0.0459 282
0.046 277
0.0461 276
0.0462 279
0.0463 285
0.0464 280
0.0465 279
0.0466 276
0.0467 272
0.0468 262
0.0469 252
0.047 250
0.0471 241
0.0472 238
0.0473 241
0.0474 239
0.0475 236
0.0476 239
0.0477 232
0.0478 233
0.0479 228
0.048 223
0.0481 228
0.0482 228
0.0483 230
0.0484 226
0.0485 226
0.0486 225
0.0487 223
0.0488 226
0.0489 224
0.049 223
0.0491 222
0.0492 221
0.0493 225
0.0494 224
0.0495 223
0.0496 218
0.0497 219
0.0498 217
0.0499 224
0.05 216
0.0501 216
0.0502 213
0.0503 214
0.0504 214
0.0505 212
0.0506 214
0.0507 217
0.0508 217
0.0509 216
0.051 214
0.0511 212
0.0512 205
0.0513 208
0.0514 209
0.0515 210
0.0516 211
0.0517 215
0.0518 212
0.0519 222
0.052 234
0.0521 239
0.0522 241
0.0523 244
0.0524 263
0.0525 265
0.0526 271
0.0527 275
0.0528 284
0.0529 286
0.053 283
0.0531 284
0.0532 284
0.0533 284
0.0534 289
0.0535 282
0.0536 283
0.0537 274
0.0538 273
0.0539 272
0.054 270
0.0541 267
0.0542 264
0.0543 267
0.0544 268
0.0545 265
0.0546 257
0.0547 262
0.0548 264
0.0549 262
0.055 266
0.0551 263
0.0552 264
0.0553 261
0.0554 258
0.0555 257
0.0556 250
0.0557 255
0.0558 263
0.0559 259
0.056 264
0.0561 266
0.0562 264
0.0563 269
0.0564 273
0.0565 282
0.0566 281
0.0567 280
0.0568 281
0.0569 276
0.057 276
0.0571 272
0.0572 276
0.0573 273
0.0574 269
0.0575 268
0.0576 269
0.0577 272
0.0578 271
0.0579 270
0.058 268
0.0581 267
0.0582 271
0.0583 277
0.0584 270
0.0585 271
0.0586 272
0.0587 273
0.0588 266
0.0589 264
0.059 261
0.0591 259
0.0592 248
0.0593 243
0.0594 238
0.0595 236
0.0596 242
0.0597 251
0.0598 267
0.0599 265
0.06 260
0.0601 262
0.0602 262
0.0603 258
0.0604 253
0.0605 247
0.0606 240
0.0607 233
0.0608 229
0.0609 225
0.061 223
0.0611 226
0.0612 232
0.0613 236
0.0614 245
0.0615 271
0.0616 282
0.0617 299
0.0618 312
0.0619 319
0.062 330
0.0621 343
0.0622 340
0.0623 357
0.0624 365
0.0625 368
0.0626 363
0.0627 369
0.0628 360
0.0629 360
0.063 355
0.0631 351
0.0632 346
0.0633 346
0.0634 340
0.0635 327
0.0636 319
0.0637 313
0.0638 314
0.0639 310
0.064 312
0.0641 301
0.0642 299
0.0643 293
0.0644 290
0.0645 289
0.0646 283
0.0647 279
0.0648 281
0.0649 282
0.065 272
0.0651 273
0.0652 276
0.0653 271
0.0654 273
0.0655 275
0.0656 278
0.0657 288
0.0658 304
0.0659 313
0.066 316
0.0661 334
0.0662 345
0.0663 360
0.0664 371
0.0665 370
0.0666 373
0.0667 371
0.0668 377
0.0669 383
0.067 383
0.0671 380
0.0672 376
0.0673 374
0.0674 372
0.0675 371
0.0676 367
0.0677 366
0.0678 357
0.0679 367
0.068 372
0.0681 369
0.0682 377
0.0683 378
0.0684 383
0.0685 384
0.0686 377
0.0687 389
0.0688 404
0.0689 420
0.069 430
0.0691 439
0.0692 447
0.0693 438
0.0694 435
0.0695 433
0.0696 429
0.0697 428
0.0698 428
0.0699 422
0.07 409
0.0701 403
0.0702 390
0.0703 383
0.0704 375
0.0705 370
0.0706 378
0.0707 373
0.0708 371
0.0709 368
0.071 367
0.0711 361
0.0712 355
0.0713 356
0.0714 359
0.0715 379
0.0716 399
0.0717 414
0.0718 425
0.0719 435
0.072 454
0.0721 459
0.0722 467
0.0723 479
0.0724 481
0.0725 482
0.0726 486
0.0727 484
0.0728 490
0.0729 492
0.073 488
0.0731 484
0.0732 479
0.0733 462
0.0734 460
0.0735 454
0.0736 446
0.0737 438
0.0738 427
0.0739 415
0.074 412
0.0741 407
0.0742 407
0.0743 405
0.0744 396
0.0745 392
0.0746 383
0.0747 377
0.0748 377
0.0749 376
0.075 379
0.0751 378
0.0752 371
0.0753 372
0.0754 364
0.0755 363
0.0756 359
0.0757 367
0.0758 364
0.0759 364
0.076 355
0.0761 352
0.0762 353
0.0763 358
0.0764 363
0.0765 360
0.0766 357
0.0767 353
0.0768 352
0.0769 348
0.077 348
0.0771 348
0.0772 352
0.0773 346
0.0774 342
0.0775 338
0.0776 329
0.0777 323
0.0778 316
0.0779 313
0.078 313
0.0781 307
0.0782 304
0.0783 303
0.0784 300
0.0785 303
0.0786 297
0.0787 291
0.0788 289
0.0789 284
0.079 282
0.0791 288
0.0792 288
0.0793 289
0.0794 289
0.0795 291
0.0796 286
0.0797 295
0.0798 297
0.0799 298
0.08 299
0.0801 297
0.0802 302
0.0803 306
0.0804 300
0.0805 298
0.0806 301
0.0807 296
0.0808 295
0.0809 291
0.081 288
0.0811 288
0.0812 287
0.0813 286
0.0814 285
0.0815 281
0.0816 276
0.0817 267
0.0818 259
0.0819 247
0.082 242
0.0821 239
0.0822 244
0.0823 259
0.0824 276
0.0825 283
0.0826 290
0.0827 291
0.0828 287
0.0829 282
0.083 278
0.0831 279
0.0832 277
0.0833 288
0.0834 313
0.0835 326
0.0836 338
0.0837 344
0.0838 352
0.0839 356
0.084 356
0.0841 358
0.0842 357
0.0843 360
0.0844 363
0.0845 366
0.0846 370
0.0847 372
0.0848 375
0.0849 372
0.085 366
0.0851 363
0.0852 377
0.0853 392
0.0854 403
0.0855 413
0.0856 420
0.0857 422
0.0858 413
0.0859 407
0.086 401
0.0861 404
0.0862 397
0.0863 396
0.0864 413
0.0865 417
0.0866 428
0.0867 448
0.0868 453
0.0869 455
0.087 453
0.0871 456
0.0872 451
0.0873 450
0.0874 446
0.0875 435
0.0876 429
0.0877 431
0.0878 422
0.0879 412
0.088 403
0.0881 400
0.0882 403
0.0883 413
0.0884 418
0.0885 417
0.0886 443
0.0887 450
0.0888 465
0.0889 470
0.089 483
0.0891 490
0.0892 492
0.0893 494
0.0894 492
0.0895 492
0.0896 494
0.0897 495
0.0898 496
0.0899 496
0.09 493
0.0901 495
0.0902 495
0.0903 497
0.0904 497
0.0905 499
0.0906 498
0.0907 500
0.0908 498
0.0909 505
0.091 507
0.0911 511
0.0912 510
0.0913 512
0.0914 516
0.0915 518
0.0916 520
0.0917 524
0.0918 525
0.0919 529
0.092 532
0.0921 536
0.0922 539
0.0923 540
0.0924 543
0.0925 549
0.0926 550
0.0927 555
0.0928 559
0.0929 561
0.093 566
0.0931 569
0.0932 571
0.0933 577
0.0934 581
0.0935 587
0.0936 592
0.0937 596
0.0938 601
0.0939 606
0.094 612
0.0941 614
0.0942 620
0.0943 627
0.0944 634
0.0945 638
0.0946 643
0.0947 651
0.0948 655
0.0949 663
0.095 670
0.0951 676
0.0952 682
0.0953 692
0.0954 699
0.0955 706
0.0956 713
0.0957 719
0.0958 725
0.0959 733
0.096 743
0.0961 750
0.0962 756
0.0963 763
0.0964 773
0.0965 781
0.0966 785
0.0967 795
0.0968 800
0.0969 807
0.097 819
0.0971 823
0.0972 835
0.0973 840
0.0974 848
0.0975 858
0.0976 867
0.0977 875
0.0978 884
0.0979 892
0.098 901
0.0981 908
0.0982 918
0.0983 927
0.0984 938
0.0985 942
0.0986 955
0.0987 964
0.0988 968
0.0989 983
0.099 992
0.0991 1003
0.0992 1011
0.0993 1021
0.0994 1031
0.0995 1039
0.0996 1053
0.0997 1056
0.0998 1069
0.0999 1081
0.1 1091
0.1001 1097
0.1002 1107
0.1003 1121
0.1004 1130
0.1005 1136
0.1006 1144
0.1007 1157
0.1008 1169
0.1009 1175
0.101 1183
0.1011 1193
0.1012 1201
0.1013 1207
0.1014 1219
0.1015 1234
0.1016 1240
0.1017 1253
0.1018 1260
0.1019 1265
0.102 1277
0.1021 1287
0.1022 1297
0.1023 1304
0.1024 1313
0.1025 1320
0.1026 1326
0.1027 1340
0.1028 1349
0.1029 1355
0.103 1367
0.1031 1370
0.1032 1383
0.1033 1392
0.1034 1401
0.1035 1407
0.1036 1413
0.1037 1421
0.1038 1433
0.1039 1440
0.104 1446
0.1041 1457
0.1042 1469
0.1043 1473
0.1044 1482
0.1045 1483
0.1046 1496
0.1047 1500
0.1048 1517
0.1049 1524
0.105 1520
0.1051 1538
0.1052 1543
0.1053 1550
0.1054 1553
0.1055 1566
0.1056 1576
0.1057 1580
0.1058 1593
0.1059 1593
0.106 1603
0.1061 1610
0.1062 1616
0.1063 1621
0.1064 1634
0.1065 1638
0.1066 1644
0.1067 1649
0.1068 1664
0.1069 1674
0.107 1679
0.1071 1690
0.1072 1692
0.1073 1699
0.1074 1703
0.1075 1714
0.1076 1720
0.1077 1723
0.1078 1731
0.1079 1739
0.108 1745
0.1081 1747
0.1082 1735
0.1083 1739
0.1084 1734
0.1085 1703
0.1086 1669
0.1087 1643
0.1088 1613
0.1089 1578
0.109 1532
0.1091 1501
0.1092 1461
0.1093 1431
0.1094 1394
0.1095 1356
0.1096 1334
0.1097 1311
0.1098 1288
0.1099 1272
0.11 1259
0.1101 1239
0.1102 1212
0.1103 1184
0.1104 1151
0.1105 1123
0.1106 1095
0.1107 1068
0.1108 1055
0.1109 1030
0.111 1014
0.1111 1001
0.1112 989
0.1113 966
0.1114 953
0.1115 941
0.1116 927
0.1117 907
0.1118 891
0.1119 881
0.112 868
0.1121 847
0.1122 832
0.1123 818
0.1124 803
0.1125 790
0.1126 774
0.1127 767
0.1128 749
0.1129 730
0.113 709
0.1131 701
0.1132 686
0.1133 672
0.1134 660
0.1135 648
0.1136 637
0.1137 629
0.1138 624
0.1139 613
0.114 615
0.1141 613
0.1142 604
0.1143 585
0.1144 582
0.1145 573
0.1146 567
0.1147 562
0.1148 553
0.1149 546
0.115 532
0.1151 524
0.1152 514
0.1153 503
0.1154 507
0.1155 517
0.1156 518
0.1157 515
0.1158 511
0.1159 503
0.116 493
0.1161 485
0.1162 484
0.1163 483
0.1164 472
0.1165 468
0.1166 466
0.1167 466
0.1168 465
0.1169 462
0.117 464
0.1171 465
0.1172 461
0.1173 449
0.1174 446
0.1175 453
0.1176 448
0.1177 445
0.1178 437
0.1179 436
0.118 425
0.1181 417
0.1182 413
0.1183 406
0.1184 403
0.1185 395
0.1186 385
0.1187 377
0.1188 368
0.1189 363
0.119 355
0.1191 347
0.1192 353
0.1193 346
0.1194 346
0.1195 339
0.1196 335
0.1197 335
0.1198 340
0.1199 338
0.12 332
0.1201 332
0.1202 326
0.1203 328
0.1204 331
0.1205 332
0.1206 333
0.1207 330
0.1208 329
0.1209 327
0.121 324
0.1211 327
0.1212 326
0.1213 332
0.1214 328
0.1215 325
0.1216 323
0.1217 316
0.1218 314
0.1219 314
0.122 311
0.1221 314
0.1222 314
0.1223 318
0.1224 310
0.1225 310
0.1226 302
0.1227 296
0.1228 296
0.1229 297
0.123 299
0.1231 303
0.1232 300
0.1233 305
0.1234 314
0.1235 315
0.1236 311
0.1237 306
0.1238 304
0.1239 310
0.124 310
0.1241 318
0.1242 315
0.1243 309
0.1244 306
0.1245 305
0.1246 302
0.1247 305
0.1248 308
0.1249 315
0.125 314
0.1251 313
0.1252 312
0.1253 316
0.1254 318
0.1255 322
0.1256 315
0.1257 312
0.1258 306
0.1259 300
0.126 291
0.1261 287
0.1262 280
0.1263 277
0.1264 276
0.1265 273
0.1266 266
0.1267 260
0.1268 262
0.1269 267
0.127 279
0.1271 300
0.1272 324
0.1273 331
0.1274 332
0.1275 333
0.1276 339
0.1277 334
0.1278 331
0.1279 327
0.128 326
0.1281 327
0.1282 326
0.1283 325
0.1284 327
0.1285 328
0.1286 324
0.1287 320
0.1288 315
0.1289 313
0.129 310
0.1291 305
0.1292 301
0.1293 299
0.1294 308
0.1295 316
0.1296 314
0.1297 309
0.1298 302
0.1299 309
0.13 319
0.1301 323
0.1302 326
0.1303 324
0.1304 325
0.1305 325
0.1306 325
0.1307 323
0.1308 318
0.1309 322
0.131 326
0.1311 329
0.1312 330
0.1313 323
0.1314 316
0.1315 324
0.1316 326
0.1317 324
0.1318 329
0.1319 327
0.132 324
0.1321 324
0.1322 328
0.1323 325
0.1324 319
0.1325 330
0.1326 336
0.1327 338
0.1328 342
0.1329 348
0.133 344
0.1331 347
0.1332 337
0.1333 330
0.1334 316
0.1335 306
0.1336 299
0.1337 293
0.1338 299
0.1339 294
0.134 287
0.1341 282
0.1342 284
0.1343 284
0.1344 282
0.1345 283
0.1346 283
0.1347 287
0.1348 305
0.1349 312
0.135 311
0.1351 317
0.1352 321
0.1353 321
0.1354 321
0.1355 340
0.1356 358
0.1357 371
0.1358 376
0.1359 380
0.136 374
0.1361 368
0.1362 365
0.1363 364
0.1364 363
0.1365 364
0.1366 362
0.1367 365
0.1368 361
0.1369 369
0.137 391
0.1371 396
0.1372 414
0.1373 418
0.1374 418
0.1375 416
0.1376 416
0.1377 405
0.1378 391
0.1379 381
0.138 383
0.1381 386
0.1382 390
0.1383 402
0.1384 407
0.1385 399
0.1386 396
0.1387 394
0.1388 405
0.1389 419
0.139 422
0.1391 427
0.1392 438
0.1393 453
0.1394 474
0.1395 472
0.1396 482
0.1397 493
0.1398 503
0.1399 510
0.14 511
0.1401 505
0.1402 503
0.1403 497
0.1404 484
0.1405 478
0.1406 474
0.1407 472
0.1408 471
0.1409 456
0.141 445
0.1411 436
0.1412 432
0.1413 428
0.1414 420
0.1415 411
0.1416 404
0.1417 402
0.1418 398
0.1419 405
0.142 404
0.1421 405
0.1422 404
0.1423 395
0.1424 389
0.1425 382
0.1426 376
0.1427 365
0.1428 358
0.1429 357
0.143 356
0.1431 349
0.1432 345
0.1433 344
0.1434 345
0.1435 354
0.1436 356
0.1437 359
0.1438 365
0.1439 361
0.144 365
0.1441 360
0.1442 350
0.1443 347
0.1444 339
0.1445 342
0.1446 335
0.1447 327
0.1448 320
0.1449 316
0.145 315
0.1451 315
0.1452 304
0.1453 301
0.1454 296
0.1455 298
0.1456 298
0.1457 297
0.1458 301
0.1459 306
0.146 312
0.1461 313
0.1462 315
0.1463 314
0.1464 314
0.1465 311
0.1466 310
0.1467 305
0.1468 301
0.1469 297
0.147 298
0.1471 294
0.1472 296
0.1473 298
0.1474 295
0.1475 291
0.1476 288
0.1477 285
0.1478 280
0.1479 269
0.148 264
0.1481 258
0.1482 252
0.1483 254
0.1484 252
0.1485 253
0.1486 254
0.1487 263
0.1488 267
0.1489 282
0.149 311
0.1491 319
0.1492 333
0.1493 336
0.1494 347
0.1495 352
0.1496 356
0.1497 348
0.1498 343
0.1499 347
0.15 353
0.1501 353
0.1502 346
0.1503 340
0.1504 349
0.1505 374
0.1506 398
0.1507 437
0.1508 451
0.1509 459
0.151 470
0.1511 478
0.1512 486
0.1513 489
0.1514 495
0.1515 526
0.1516 554
0.1517 577
0.1518 595
0.1519 610
0.152 623
0.1521 634
0.1522 643
0.1523 645
0.1524 655
0.1525 657
0.1526 656
0.1527 654
0.1528 653
0.1529 658
0.153 661
0.1531 664
0.1532 664
0.1533 663
0.1534 668
0.1535 670
0.1536 668
0.1537 671
0.1538 665
0.1539 673
0.154 674
0.1541 669
0.1542 673
0.1543 674
0.1544 675
0.1545 680
0.1546 678
0.1547 679
0.1548 682
0.1549 679
0.155 681
0.1551 686
0.1552 687
0.1553 688
0.1554 689
0.1555 689
0.1556 689
0.1557 692
0.1558 693
0.1559 698
0.156 697
0.1561 697
0.1562 701
0.1563 701
0.1564 701
0.1565 706
0.1566 709
0.1567 709
0.1568 711
0.1569 713
0.157 715
0.1571 718
0.1572 719
0.1573 723
0.1574 724
0.1575 722
0.1576 730
0.1577 730
0.1578 734
0.1579 735
0.158 740
0.1581 738
0.1582 747
0.1583 748
0.1584 749
0.1585 755
0.1586 761
0.1587 765
0.1588 768
0.1589 769
0.159 773
0.1591 779
0.1592 784
0.1593 788
0.1594 790
0.1595 798
0.1596 801
0.1597 806
0.1598 811
0.1599 815
0.16 820
0.1601 824
0.1602 831
0.1603 836
0.1604 842
0.1605 847
0.1606 849
0.1607 855
0.1608 862
0.1609 866
0.161 873
0.1611 874
0.1612 884
0.1613 887
0.1614 892
0.1615 901
0.1616 907
0.1617 914
0.1618 920
0.1619 924
0.162 931
0.1621 935
0.1622 942
0.1623 950
0.1624 956
0.1625 959
0.1626 966
0.1627 973
0.1628 980
0.1629 987
0.163 993
0.1631 1005
0.1632 1011
0.1633 1017
0.1634 1024
0.1635 1032
0.1636 1038
0.1637 1048
0.1638 1056
0.1639 1063
0.164 1071
0.1641 1077
0.1642 1084
0.1643 1095
0.1644 1101
0.1645 1108
0.1646 1111
0.1647 1120
0.1648 1131
0.1649 1138
0.165 1144
0.1651 1150
0.1652 1158
0.1653 1167
0.1654 1175
0.1655 1180
0.1656 1189
0.1657 1197
0.1658 1205
0.1659 1212
0.166 1219
0.1661 1226
0.1662 1235
0.1663 1242
0.1664 1254
0.1665 1260
0.1666 1270
0.1667 1274
0.1668 1288
0.1669 1296
0.167 1301
0.1671 1307
0.1672 1313
0.1673 1325
0.1674 1337
0.1675 1341
0.1676 1348
0.1677 1359
0.1678 1361
0.1679 1375
0.168 1380
0.1681 1389
0.1682 1395
0.1683 1404
0.1684 1410
0.1685 1424
0.1686 1426
0.1687 1437
0.1688 1439
0.1689 1453
0.169 1460
0.1691 1473
0.1692 1477
0.1693 1487
0.1694 1494
0.1695 1502
0.1696 1510
0.1697 1516
0.1698 1522
0.1699 1534
0.17 1547
0.1701 1554
0.1702 1568
0.1703 1576
0.1704 1579
0.1705 1587
0.1706 1597
0.1707 1608
0.1708 1616
0.1709 1625
0.171 1637
0.1711 1645
0.1712 1656
0.1713 1658
0.1714 1667
0.1715 1672
0.1716 1688
0.1717 1694
0.1718 1700
0.1719 1706
0.172 1716
0.1721 1723
0.1722 1732
0.1723 1743
0.1724 1749
0.1725 1758
0.1726 1769
0.1727 1765
0.1728 1776
0.1729 1786
0.173 1798
0.1731 1807
0.1732 1817
0.1733 1817
0.1734 1828
0.1735 1833
0.1736 1838
0.1737 1844
0.1738 1847
0.1739 1864
0.174 1862
0.1741 1871
0.1742 1881
0.1743 1879
0.1744 1884
0.1745 1891
0.1746 1897
0.1747 1882
0.1748 1874
0.1749 1873
0.175 1870
0.1751 1860
0.1752 1858
0.1753 1849
0.1754 1834
0.1755 1826
0.1756 1805
0.1757 1790
0.1758 1772
0.1759 1735
0.176 1695
0.1761 1668
0.1762 1635
0.1763 1610
0.1764 1571
0.1765 1538
0.1766 1500
0.1767 1469
0.1768 1432
0.1769 1389
0.177 1366
0.1771 1337
0.1772 1296
0.1773 1273
0.1774 1252
0.1775 1239
0.1776 1216
0.1777 1200
0.1778 1174
0.1779 1151
0.178 1130
0.1781 1108
0.1782 1096
0.1783 1079
0.1784 1068
0.1785 1032
0.1786 1022
0.1787 1005
0.1788 997
0.1789 968
0.179 961
0.1791 939
0.1792 920
0.1793 897
0.1794 872
0.1795 861
0.1796 841
0.1797 817
0.1798 801
0.1799 789
0.18 767
0.1801 760
0.1802 747
0.1803 739
0.1804 730
0.1805 721
0.1806 705
0.1807 698
0.1808 682
0.1809 680
0.181 672
0.1811 663
0.1812 658
0.1813 658
0.1814 662
0.1815 658
0.1816 654
0.1817 639
0.1818 628
0.1819 622
0.182 617
0.1821 609
0.1822 600
0.1823 594
0.1824 584
0.1825 559
0.1826 550
0.1827 540
0.1828 531
0.1829 520
0.183 517
0.1831 514
0.1832 518
0.1833 515
0.1834 514
0.1835 507
0.1836 504
0.1837 500
0.1838 502
0.1839 503
0.184 501
0.1841 497
0.1842 487
0.1843 478
0.1844 477
0.1845 466
0.1846 477
0.1847 469
0.1848 479
0.1849 480
0.185 479
0.1851 478
0.1852 474
0.1853 470
0.1854 461
0.1855 455
0.1856 443
0.1857 432
0.1858 425
0.1859 417
0.186 412
0.1861 404
0.1862 393
0.1863 390
0.1864 381
0.1865 371
0.1866 364
0.1867 360
0.1868 357
0.1869 352
0.187 342
0.1871 337
0.1872 337
0.1873 332
0.1874 332
0.1875 328
0.1876 326
0.1877 324
0.1878 325
0.1879 319
0.188 313
0.1881 313
0.1882 318
0.1883 314
0.1884 311
0.1885 307
0.1886 301
0.1887 294
0.1888 283
0.1889 285
0.189 285
0.1891 287
0.1892 299
0.1893 303
0.1894 311
0.1895 312
0.1896 311
0.1897 313
0.1898 308
0.1899 308
0.19 308
0.1901 307
0.1902 305
0.1903 302
0.1904 299
0.1905 299
0.1906 307
0.1907 310
0.1908 310
0.1909 307
0.191 315
0.1911 315
0.1912 311
0.1913 311
0.1914 309
0.1915 309
0.1916 302
0.1917 296
0.1918 293
0.1919 288
0.192 286
0.1921 283
0.1922 286
0.1923 288
0.1924 285
0.1925 286
0.1926 278
0.1927 281
0.1928 284
0.1929 291
0.193 310
0.1931 314
0.1932 321
0.1933 326
0.1934 327
0.1935 325
0.1936 325
0.1937 328
0.1938 354
0.1939 373
0.194 390
0.1941 395
0.1942 405
0.1943 403
0.1944 397
0.1945 394
0.1946 388
0.1947 381
0.1948 382
0.1949 395
0.195 391
0.1951 395
0.1952 395
0.1953 402
0.1954 406
0.1955 408
0.1956 403
0.1957 395
0.1958 393
0.1959 389
0.196 377
0.1961 373
0.1962 375
0.1963 368
0.1964 363
0.1965 364
0.1966 373
0.1967 377
0.1968 377
0.1969 363
0.197 369
0.1971 368
0.1972 365
0.1973 371
0.1974 363
0.1975 360
0.1976 359
0.1977 356
0.1978 352
0.1979 353
0.198 342
0.1981 341
0.1982 353
0.1983 360
0.1984 360
0.1985 369
0.1986 374
0.1987 367
0.1988 363
0.1989 366
0.199 374
0.1991 378
0.1992 380
0.1993 374
0.1994 373
0.1995 372
0.1996 368
0.1997 357
0.1998 354
0.1999 351
0.2 348
0.2001 346
0.2002 348
0.2003 349
0.2004 348
0.2005 340
0.2006 331
0.2007 329
0.2008 328
0.2009 328
0.201 327
0.2011 328
0.2012 331
0.2013 324
0.2014 326
0.2015 323
0.2016 331
0.2017 329
0.2018 324
0.2019 320
0.202 324
0.2021 320
0.2022 321
0.2023 320
0.2024 316
0.2025 309
0.2026 304
0.2027 302
0.2028 299
0.2029 299
0.203 297
0.2031 298
0.2032 298
0.2033 297
0.2034 291
0.2035 284
0.2036 281
0.2037 289
0.2038 284
0.2039 278
0.204 279
0.2041 283
0.2042 277
0.2043 280
0.2044 284
0.2045 292
0.2046 293
0.2047 293
0.2048 290
0.2049 290
0.205 301
0.2051 300
0.2052 298
0.2053 298
0.2054 305
0.2055 306
0.2056 307
0.2057 301
0.2058 300
0.2059 290
0.206 288
0.2061 287
0.2062 283
0.2063 277
0.2064 276
0.2065 280
0.2066 279
0.2067 278
0.2068 275
0.2069 275
0.207 270
0.2071 269
0.2072 267
0.2073 267
0.2074 261
0.2075 255
0.2076 247
0.2077 251
0.2078 250
0.2079 252
0.208 258
0.2081 256
0.2082 255
0.2083 263
0.2084 280
0.2085 280
0.2086 276
0.2087 275
0.2088 269
0.2089 272
0.209 273
0.2091 270
0.2092 269
0.2093 266
0.2094 258
0.2095 264
0.2096 265
0.2097 257
0.2098 252
0.2099 255
0.21 253
0.2101 251
0.2102 243
0.2103 240
0.2104 243
0.2105 255
0.2106 273
0.2107 289
0.2108 320
0.2109 331
0.211 352
0.2111 364
0.2112 375
0.2113 377
0.2114 389
0.2115 399
0.2116 424
0.2117 442
0.2118 460
0.2119 472
0.212 475
0.2121 472
0.2122 480
0.2123 484
0.2124 478
0.2125 476
0.2126 468
0.2127 466
0.2128 464
0.2129 463
0.213 467
0.2131 473
0.2132 476
0.2133 477
0.2134 477
0.2135 472
0.2136 469
0.2137 457
0.2138 449
0.2139 441
0.214 436
0.2141 428
0.2142 421
0.2143 419
0.2144 404
0.2145 397
0.2146 398
0.2147 392
0.2148 394
0.2149 381
0.215 381
0.2151 380
0.2152 380
0.2153 379
0.2154 379
0.2155 375
0.2156 376
0.2157 377
0.2158 375
0.2159 387
0.216 386
0.2161 381
0.2162 375
0.2163 377
0.2164 393
0.2165 404
0.2166 401
0.2167 401
0.2168 406
0.2169 409
0.217 403
0.2171 397
0.2172 394
0.2173 391
0.2174 394
0.2175 392
0.2176 388
0.2177 388
0.2178 386
0.2179 386
0.218 389
0.2181 412
0.2182 435
0.2183 449
0.2184 475
0.2185 493
0.2186 519
0.2187 547
0.2188 556
0.2189 569
0.219 573
0.2191 575
0.2192 588
0.2193 586
0.2194 586
0.2195 591
0.2196 592
0.2197 599
0.2198 607
0.2199 605
0.22 608
0.2201 609
0.2202 608
0.2203 608
0.2204 611
0.2205 612
0.2206 615
0.2207 614
0.2208 616
0.2209 616
0.221 615
0.2211 619
0.2212 619
0.2213 618
0.2214 620
0.2215 624
0.2216 623
0.2217 624
0.2218 624
0.2219 625
0.222 630
0.2221 627
0.2222 630
0.2223 632
0.2224 630
0.2225 636
0.2226 636
0.2227 636
0.2228 640
0.2229 640
0.223 642
0.2231 645
0.2232 646
0.2233 648
0.2234 652
0.2235 656
0.2236 656
0.2237 662
0.2238 664
0.2239 664
0.224 669
0.2241 675
0.2242 678
0.2243 681
0.2244 684
0.2245 688
0.2246 694
0.2247 694
0.2248 703
0.2249 706
0.225 712
0.2251 717
0.2252 723
0.2253 728
0.2254 734
0.2255 738
0.2256 741
0.2257 749
0.2258 755
0.2259 759
0.226 768
0.2261 771
0.2262 778
0.2263 785
0.2264 789
0.2265 795
0.2266 804
0.2267 808
0.2268 815
0.2269 818
0.227 824
0.2271 832
0.2272 836
0.2273 843
0.2274 850
0.2275 857
0.2276 863
0.2277 868
0.2278 875
0.2279 883
0.228 889
0.2281 895
0.2282 902
0.2283 910
0.2284 918
0.2285 925
0.2286 931
0.2287 936
0.2288 940
0.2289 949
0.229 955
0.2291 960
0.2292 967
0.2293 971
0.2294 976
0.2295 980
0.2296 989
0.2297 997
0.2298 1001
0.2299 1007
0.23 1013
0.2301 1016
0.2302 1021
0.2303 1024
0.2304 1035
0.2305 1036
0.2306 1044
0.2307 1051
0.2308 1058
0.2309 1063
0.231 1066
0.2311 1078
0.2312 1085
0.2313 1089
0.2314 1096
0.2315 1103
0.2316 1109
0.2317 1116
0.2318 1121
0.2319 1132
0.232 1136
0.2321 1142
0.2322 1151
0.2323 1159
0.2324 1167
0.2325 1173
0.2326 1182
0.2327 1183
0.2328 1198
0.2329 1203
0.233 1215
0.2331 1220
0.2332 1227
0.2333 1237
0.2334 1244
0.2335 1253
0.2336 1260
0.2337 1268
0.2338 1274
0.2339 1283
0.234 1290
0.2341 1297
0.2342 1308
0.2343 1315
0.2344 1325
0.2345 1335
0.2346 1343
0.2347 1350
0.2348 1361
0.2349 1368
0.235 1381
0.2351 1390
0.2352 1397
0.2353 1407
0.2354 1419
0.2355 1425
0.2356 1436
0.2357 1447
0.2358 1457
0.2359 1463
0.236 1473
0.2361 1479
0.2362 1487
0.2363 1499
0.2364 1510
0.2365 1516
0.2366 1528
0.2367 1533
0.2368 1542
0.2369 1556
0.237 1564
0.2371 1571
0.2372 1586
0.2373 1593
0.2374 1607
0.2375 1615
0.2376 1623
0.2377 1629
0.2378 1642
0.2379 1652
0.238 1664
0.2381 1671
0.2382 1682
0.2383 1689
0.2384 1704
0.2385 1717
0.2386 1726
0.2387 1731
0.2388 1742
0.2389 1754
0.239 1764
0.2391 1777
0.2392 1787
0.2393 1797
0.2394 1807
0.2395 1817
0.2396 1827
0.2397 1843
0.2398 1845
0.2399 1861
0.24 1868
0.2401 1885
0.2402 1893
0.2403 1899
0.2404 1911
0.2405 1916
0.2406 1930
0.2407 1934
0.2408 1942
0.2409 1953
0.241 1960
0.2411 1971
0.2412 1978
0.2413 1993
0.2414 1998
0.2415 2008
0.2416 2018
0.2417 2027
0.2418 2025
0.2419 2046
0.242 2051
0.2421 2058
0.2422 2062
0.2423 2068
0.2424 2080
0.2425 2088
0.2426 2097
0.2427 2108
0.2428 2116
0.2429 2111
0.243 2128
0.2431 2133
0.2432 2142
0.2433 2145
0.2434 2140
0.2435 2147
0.2436 2148
0.2437 2137
0.2438 2131
0.2439 2125
0.244 2113
0.2441 2088
0.2442 2067
0.2443 2032
0.2444 1988
0.2445 1955
0.2446 1909
0.2447 1872
0.2448 1851
0.2449 1820
0.245 1803
0.2451 1771
0.2452 1736
0.2453 1702
0.2454 1672
0.2455 1632
0.2456 1598
0.2457 1556
0.2458 1513
0.2459 1477
0.246 1440
0.2461 1403
0.2462 1373
0.2463 1330
0.2464 1299
0.2465 1278
0.2466 1255
0.2467 1232
0.2468 1211
0.2469 1184
0.247 1169
0.2471 1141
0.2472 1108
0.2473 1087
0.2474 1078
0.2475 1074
0.2476 1082
0.2477 1082
0.2478 1077
0.2479 1062
0.248 1054
0.2481 1027
0.2482 1005
0.2483 1001
0.2484 993
0.2485 977
0.2486 958
0.2487 947
0.2488 936
0.2489 921
0.249 907
0.2491 891
0.2492 865
0.2493 848
0.2494 840
0.2495 829
0.2496 814
0.2497 801
0.2498 778
0.2499 759
0.25 747
