0 0
0.0001 0
0.0002 0
0.0003 0
0.0004 0
0.0005 0
0.0006 0
0.0007 0
0.0008 0
0.0009 0
0.001 0
0.0011 0
0.0012 0
0.0013 0
0.0014 0
0.0015 0
0.0016 0
0.0017 1
0.0018 1
0.0019 0
0.002 0
0.0021 0
0.0022 0
0.0023 0
0.0024 0
0.0025 1
0.0026 0
0.0027 1
0.0028 0
0.0029 1
0.003 0
0.0031 0
0.0032 1
0.0033 0
0.0034 1
0.0035 0
0.0036 0
0.0037 0
0.0038 1
0.0039 0
0.004 2
0.0041 0
0.0042 0
0.0043 4
0.0044 1
0.0045 0
0.0046 1
0.0047 0
0.0048 1
0.0049 1
0.005 2
0.0051 0
0.0052 0
0.0053 1
0.0054 0
0.0055 0
0.0056 1
0.0057 1
0.0058 0
0.0059 1
0.006 2
0.0061 1
0.0062 0
0.0063 0
0.0064 1
0.0065 1
0.0066 5
0.0067 0
0.0068 1
0.0069 0
0.007 0
0.0071 1
0.0072 2
0.0073 1
0.0074 2
0.0075 0
0.0076 2
0.0077 1
0.0078 2
0.0079 0
0.008 0
0.0081 2
0.0082 1
0.0083 3
0.0084 1
0.0085 4
0.0086 1
0.0087 2
0.0088 3
0.0089 2
0.009 0
0.0091 2
0.0092 2
0.0093 2
0.0094 2
0.0095 2
0.0096 0
0.0097 2
0.0098 2
0.0099 2
0.01 3
0.0101 1
0.0102 0
0.0103 5
0.0104 5
0.0105 0
0.0106 0
0.0107 2
0.0108 2
0.0109 1
0.011 6
0.0111 3
0.0112 3
0.0113 3
0.0114 1
0.0115 3
0.0116 5
0.0117 1
0.0118 1
0.0119 1
0.012 3
0.0121 2
0.0122 3
0.0123 3
0.0124 1
0.0125 5
0.0126 3
0.0127 1
0.0128 3
0.0129 2
0.013 3
0.0131 4
0.0132 2
0.0133 4
0.0134 6
0.0135 4
0.0136 1
0.0137 3
0.0138 3
0.0139 1
0.014 6
0.0141 7
0.0142 12
0.0143 7
0.0144 6
0.0145 3
0.0146 5
0.0147 5
0.0148 4
0.0149 6
0.015 8
0.0151 5
0.0152 6
0.0153 3
0.0154 5
0.0155 5
0.0156 9
0.0157 2
0.0158 8
0.0159 5
0.016 3
0.0161 7
0.0162 4
0.0163 7
0.0164 7
0.0165 4
0.0166 9
0.0167 7
0.0168 12
0.0169 6
0.017 4
0.0171 4
0.0172 8
0.0173 3
0.0174 6
0.0175 7
0.0176 7
0.0177 4
0.0178 9
0.0179 7
0.018 9
0.0181 6
0.0182 13
0.0183 8
0.0184 8
0.0185 8
0.0186 11
0.0187 6
0.0188 9
0.0189 12
0.019 9
0.0191 9
0.0192 14
0.0193 11
0.0194 5
0.0195 10
0.0196 15
0.0197 7
0.0198 14
0.0199 16
0.02 8
0.0201 13
0.0202 16
0.0203 10
0.0204 13
0.0205 17
0.0206 16
0.0207 12
0.0208 17
0.0209 17
0.021 16
0.0211 18
0.0212 11
0.0213 19
0.0214 20
0.0215 20
0.0216 23
0.0217 18
0.0218 22
0.0219 13
0.022 13
0.0221 23
0.0222 19
0.0223 22
0.0224 15
0.0225 24
0.0226 15
0.0227 18
0.0228 19
0.0229 14
0.023 17
0.0231 17
0.0232 27
0.0233 17
0.0234 21
0.0235 18
0.0236 21
0.0237 26
0.0238 25
0.0239 30
0.024 33
0.0241 38
0.0242 37
0.0243 51
0.0244 47
0.0245 43
0.0246 55
0.0247 62
0.0248 65
0.0249 58
0.025 71
0.0251 67
0.0252 77
0.0253 67
0.0254 81
0.0255 97
0.0256 108
0.0257 123
0.0258 115
0.0259 110
0.026 107
0.0261 119
0.0262 116
0.0263 119
0.0264 129
0.0265 125
0.0266 139
0.0267 152
0.0268 143
0.0269 141
0.027 135
0.0271 130
0.0272 129
0.0273 126
0.0274 140
0.0275 151
0.0276 161
0.0277 169
0.0278 185
0.0279 204
0.028 204
0.0281 199
0.0282 195
0.0283 198
0.0284 198
0.0285 199
0.0286 205
0.0287 198
0.0288 178
0.0289 206
0.029 219
0.0291 228
0.0292 229
0.0293 239
0.0294 257
0.0295 274
0.0296 285
0.0297 310
0.0298 333
0.0299 350
0.03 374
0.0301 397
0.0302 418
0.0303 449
0.0304 474
0.0305 494
0.0306 519
0.0307 539
0.0308 563
0.0309 595
0.031 622
0.0311 650
0.0312 662
0.0313 692
0.0314 721
0.0315 756
0.0316 787
0.0317 811
0.0318 825
0.0319 833
0.032 828
0.0321 829
0.0322 835
0.0323 851
0.0324 867
0.0325 879
0.0326 894
0.0327 911
0.0328 920
0.0329 942
0.033 958
0.0331 980
0.0332 999
0.0333 1005
0.0334 1029
0.0335 1041
0.0336 1054
0.0337 1065
0.0338 1078
0.0339 1090
0.034 1093
0.0341 1106
0.0342 1103
0.0343 1114
0.0344 1123
0.0345 1154
0.0346 1164
0.0347 1175
0.0348 1190
0.0349 1212
0.035 1219
0.0351 1231
0.0352 1245
0.0353 1249
0.0354 1252
0.0355 1253
0.0356 1260
0.0357 1265
0.0358 1265
0.0359 1259
0.036 1269
0.0361 1276
0.0362 1286
0.0363 1297
0.0364 1304
0.0365 1310
0.0366 1318
0.0367 1301
0.0368 1276
0.0369 1256
0.037 1242
0.0371 1213
0.0372 1199
0.0373 1196
0.0374 1191
0.0375 1199
0.0376 1189
0.0377 1184
0.0378 1183
0.0379 1185
0.038 1190
0.0381 1203
0.0382 1202
0.0383 1198
0.0384 1200
0.0385 1211
0.0386 1212
0.0387 1211
0.0388 1222
0.0389 1217
0.039 1214
0.0391 1222
0.0392 1221
0.0393 1209
0.0394 1176
0.0395 1163
0.0396 1147
0.0397 1125
0.0398 1115
0.0399 1116
0.04 1116
0.0401 1126
0.0402 1130
0.0403 1133
0.0404 1135
0.0405 1129
0.0406 1133
0.0407 1131
0.0408 1133
0.0409 1115
0.041 1080
0.0411 1049
0.0412 1025
0.0413 1002
0.0414 987
0.0415 973
0.0416 960
0.0417 953
0.0418 949
0.0419 940
0.042 935
0.0421 938
0.0422 933
0.0423 930
0.0424 931
0.0425 932
0.0426 929
0.0427 926
0.0428 926
0.0429 928
0.043 932
0.0431 932
0.0432 941
0.0433 946
0.0434 931
0.0435 932
0.0436 927
0.0437 930
0.0438 935
0.0439 937
0.044 942
0.0441 948
0.0442 955
0.0443 956
0.0444 959
0.0445 956
0.0446 967
0.0447 978
0.0448 980
0.0449 985
0.045 986
0.0451 988
0.0452 988
0.0453 998
0.0454 999
0.0455 1008
0.0456 1012
0.0457 1019
0.0458 1024
0.0459 1030
0.046 1033
0.0461 1034
0.0462 1042
0.0463 1039
0.0464 1041
0.0465 1042
0.0466 1040
0.0467 1039
0.0468 1040
0.0469 1040
0.047 1045
0.0471 1046
0.0472 1045
0.0473 1041
0.0474 1044
0.0475 1038
0.0476 1036
0.0477 1025
0.0478 1021
0.0479 1003
0.048 981
0.0481 945
0.0482 912
0.0483 877
0.0484 846
0.0485 839
0.0486 834
0.0487 822
0.0488 824
0.0489 820
0.049 813
0.0491 822
0.0492 815
0.0493 819
0.0494 816
0.0495 818
0.0496 807
0.0497 801
0.0498 797
0.0499 798
0.05 799
0.0501 798
0.0502 800
0.0503 788
0.0504 770
0.0505 759
0.0506 742
0.0507 733
0.0508 729
0.0509 730
0.051 737
0.0511 726
0.0512 723
0.0513 720
0.0514 713
0.0515 712
0.0516 717
0.0517 719
0.0518 721
0.0519 729
0.052 730
0.0521 737
0.0522 739
0.0523 746
0.0524 748
0.0525 746
0.0526 742
0.0527 743
0.0528 739
0.0529 728
0.053 729
0.0531 725
0.0532 723
0.0533 732
0.0534 719
0.0535 725
0.0536 726
0.0537 729
0.0538 722
0.0539 718
0.054 716
0.0541 711
0.0542 707
0.0543 712
0.0544 710
0.0545 717
0.0546 723
0.0547 715
0.0548 715
0.0549 715
0.055 712
0.0551 707
0.0552 707
0.0553 707
0.0554 706
0.0555 709
0.0556 708
0.0557 708
0.0558 710
0.0559 711
0.056 706
0.0561 701
0.0562 696
0.0563 692
0.0564 683
0.0565 682
0.0566 673
0.0567 670
0.0568 665
0.0569 659
0.057 650
0.0571 652
0.0572 649
0.0573 645
0.0574 645
0.0575 650
0.0576 647
0.0577 648
0.0578 650
0.0579 648
0.058 647
0.0581 652
0.0582 646
0.0583 642
0.0584 650
0.0585 646
0.0586 642
0.0587 642
0.0588 639
0.0589 640
0.059 642
0.0591 641
0.0592 636
0.0593 630
0.0594 629
0.0595 622
0.0596 621
0.0597 620
0.0598 616
0.0599 611
0.06 608
0.0601 607
0.0602 604
0.0603 599
0.0604 596
0.0605 588
0.0606 580
0.0607 573
0.0608 568
0.0609 567
0.061 569
0.0611 561
0.0612 558
0.0613 540
0.0614 533
0.0615 515
0.0616 507
0.0617 505
0.0618 501
0.0619 498
0.062 487
0.0621 477
0.0622 461
0.0623 453
0.0624 454
0.0625 455
0.0626 453
0.0627 459
0.0628 458
0.0629 464
0.063 468
0.0631 468
0.0632 470
0.0633 475
0.0634 483
0.0635 481
0.0636 480
0.0637 480
0.0638 480
0.0639 478
0.064 476
0.0641 476
0.0642 476
0.0643 470
0.0644 477
0.0645 469
0.0646 466
0.0647 460
0.0648 450
0.0649 453
0.065 458
0.0651 453
0.0652 443
0.0653 435
0.0654 414
0.0655 383
0.0656 363
0.0657 341
0.0658 325
0.0659 298
0.066 265
0.0661 232
0.0662 214
0.0663 192
0.0664 184
0.0665 169
0.0666 151
0.0667 133
0.0668 124
0.0669 109
0.067 98
0.0671 79
0.0672 53
0.0673 44
0.0674 45
0.0675 38
0.0676 39
0.0677 32
0.0678 22
0.0679 21
0.068 19
0.0681 11
0.0682 11
0.0683 9
0.0684 8
0.0685 6
0.0686 7
0.0687 10
0.0688 10
0.0689 9
0.069 7
0.0691 6
0.0692 5
0.0693 10
0.0694 6
0.0695 5
0.0696 7
0.0697 6
0.0698 7
0.0699 4
0.07 7
0.0701 8
0.0702 5
0.0703 8
0.0704 7
0.0705 5
0.0706 6
0.0707 5
0.0708 6
0.0709 4
0.071 2
0.0711 3
0.0712 8
0.0713 8
0.0714 6
0.0715 7
0.0716 7
0.0717 8
0.0718 4
0.0719 5
0.072 2
0.0721 5
0.0722 4
0.0723 2
0.0724 5
0.0725 4
0.0726 6
0.0727 4
0.0728 3
0.0729 7
0.073 5
0.0731 5
0.0732 3
0.0733 1
0.0734 7
0.0735 10
0.0736 8
0.0737 3
0.0738 8
0.0739 6
0.074 7
0.0741 7
0.0742 5
0.0743 11
0.0744 7
0.0745 5
0.0746 9
0.0747 4
0.0748 1
0.0749 2
0.075 7
0.0751 8
0.0752 5
0.0753 10
0.0754 10
0.0755 7
0.0756 7
0.0757 6
0.0758 10
0.0759 7
0.076 7
0.0761 12
0.0762 10
0.0763 10
0.0764 7
0.0765 10
0.0766 7
0.0767 9
0.0768 8
0.0769 7
0.077 7
0.0771 16
0.0772 8
0.0773 3
0.0774 7
0.0775 6
0.0776 9
0.0777 11
0.0778 7
0.0779 6
0.078 11
0.0781 12
0.0782 11
0.0783 12
0.0784 10
0.0785 10
0.0786 8
0.0787 7
0.0788 12
0.0789 14
0.079 19
0.0791 13
0.0792 18
0.0793 10
0.0794 7
0.0795 11
0.0796 9
0.0797 16
0.0798 17
0.0799 10
0.08 15
0.0801 17
0.0802 14
0.0803 16
0.0804 21
0.0805 26
0.0806 19
0.0807 11
0.0808 22
0.0809 19
0.081 23
0.0811 22
0.0812 24
0.0813 15
0.0814 16
0.0815 18
0.0816 20
0.0817 25
0.0818 18
0.0819 22
0.082 20
0.0821 20
0.0822 26
0.0823 37
0.0824 34
0.0825 41
0.0826 38
0.0827 39
0.0828 47
0.0829 50
0.083 63
0.0831 65
0.0832 58
0.0833 62
0.0834 83
0.0835 76
0.0836 79
0.0837 92
0.0838 82
0.0839 99
0.084 92
0.0841 98
0.0842 116
0.0843 124
0.0844 147
0.0845 150
0.0846 151
0.0847 158
0.0848 163
0.0849 180
0.085 195
0.0851 206
0.0852 234
0.0853 256
0.0854 293
0.0855 323
0.0856 357
0.0857 392
0.0858 434
0.0859 468
0.086 507
0.0861 559
0.0862 600
0.0863 622
0.0864 657
0.0865 691
0.0866 702
0.0867 721
0.0868 744
0.0869 740
0.087 731
0.0871 711
0.0872 676
0.0873 682
0.0874 662
0.0875 640
0.0876 636
0.0877 624
0.0878 628
0.0879 634
0.088 669
0.0881 701
0.0882 727
0.0883 754
0.0884 781
0.0885 810
0.0886 813
0.0887 831
0.0888 859
0.0889 885
0.089 899
0.0891 927
0.0892 957
0.0893 984
0.0894 992
0.0895 1013
0.0896 1028
0.0897 1038
0.0898 1056
0.0899 1075
0.09 1093
0.0901 1104
0.0902 1115
0.0903 1124
0.0904 1144
0.0905 1154
0.0906 1162
0.0907 1168
0.0908 1176
0.0909 1194
0.091 1203
0.0911 1214
0.0912 1239
0.0913 1254
0.0914 1265
0.0915 1274
0.0916 1280
0.0917 1291
0.0918 1299
0.0919 1303
0.092 1307
0.0921 1330
0.0922 1342
0.0923 1351
0.0924 1366
0.0925 1372
0.0926 1370
0.0927 1371
0.0928 1377
0.0929 1379
0.093 1380
0.0931 1371
0.0932 1367
0.0933 1382
0.0934 1378
0.0935 1384
0.0936 1386
0.0937 1393
0.0938 1385
0.0939 1379
0.094 1382
0.0941 1384
0.0942 1371
0.0943 1370
0.0944 1362
0.0945 1366
0.0946 1359
0.0947 1361
0.0948 1364
0.0949 1367
0.095 1371
0.0951 1364
0.0952 1372
0.0953 1376
0.0954 1375
0.0955 1372
0.0956 1367
0.0957 1378
0.0958 1382
0.0959 1387
0.096 1380
0.0961 1370
0.0962 1356
0.0963 1339
0.0964 1317
0.0965 1290
0.0966 1266
0.0967 1227
0.0968 1220
0.0969 1209
0.097 1206
0.0971 1204
0.0972 1207
0.0973 1213
0.0974 1211
0.0975 1212
0.0976 1205
0.0977 1210
0.0978 1208
0.0979 1207
0.098 1200
0.0981 1188
0.0982 1175
0.0983 1176
0.0984 1175
0.0985 1186
0.0986 1192
0.0987 1188
0.0988 1193
0.0989 1190
0.099 1189
0.0991 1191
0.0992 1184
0.0993 1184
0.0994 1183
0.0995 1188
0.0996 1190
0.0997 1202
0.0998 1206
0.0999 1209
0.1 1199
0.1001 1189
0.1002 1190
0.1003 1192
0.1004 1190
0.1005 1183
0.1006 1179
0.1007 1171
0.1008 1175
0.1009 1164
0.101 1166
0.1011 1165
0.1012 1167
0.1013 1165
0.1014 1167
0.1015 1158
0.1016 1155
0.1017 1147
0.1018 1145
0.1019 1142
0.102 1134
0.1021 1128
0.1022 1115
0.1023 1106
0.1024 1116
0.1025 1109
0.1026 1105
0.1027 1109
0.1028 1102
0.1029 1097
0.103 1093
0.1031 1090
0.1032 1091
0.1033 1084
0.1034 1074
0.1035 1072
0.1036 1070
0.1037 1063
0.1038 1064
0.1039 1062
0.104 1061
0.1041 1060
0.1042 1060
0.1043 1063
0.1044 1062
0.1045 1059
0.1046 1046
0.1047 1027
0.1048 1018
0.1049 1015
0.105 1009
0.1051 1000
0.1052 1001
0.1053 992
0.1054 991
0.1055 995
0.1056 998
0.1057 998
0.1058 996
0.1059 992
0.106 997
0.1061 997
0.1062 992
0.1063 986
0.1064 983
0.1065 982
0.1066 971
0.1067 970
0.1068 967
0.1069 960
0.107 949
0.1071 934
0.1072 907
0.1073 878
0.1074 862
0.1075 844
0.1076 826
0.1077 816
0.1078 804
0.1079 798
0.108 783
0.1081 767
0.1082 768
0.1083 769
0.1084 762
0.1085 764
0.1086 762
0.1087 762
0.1088 764
0.1089 767
0.109 772
0.1091 768
0.1092 765
0.1093 758
0.1094 751
0.1095 752
0.1096 745
0.1097 737
0.1098 724
0.1099 723
0.11 722
0.1101 722
0.1102 723
0.1103 711
0.1104 709
0.1105 706
0.1106 713
0.1107 715
0.1108 713
0.1109 711
0.111 705
0.1111 687
0.1112 661
0.1113 649
0.1114 637
0.1115 620
0.1116 616
0.1117 606
0.1118 601
0.1119 586
0.112 585
0.1121 580
0.1122 583
0.1123 579
0.1124 583
0.1125 574
0.1126 571
0.1127 568
0.1128 568
0.1129 561
0.113 567
0.1131 567
0.1132 560
0.1133 562
0.1134 564
0.1135 558
0.1136 553
0.1137 549
0.1138 551
0.1139 547
0.114 543
0.1141 547
0.1142 544
0.1143 536
0.1144 529
0.1145 531
0.1146 528
0.1147 515
0.1148 492
0.1149 467
0.115 449
0.1151 423
0.1152 395
0.1153 381
0.1154 369
0.1155 369
0.1156 361
0.1157 367
0.1158 370
0.1159 374
0.116 381
0.1161 386
0.1162 384
0.1163 391
0.1164 399
0.1165 398
0.1166 409
0.1167 424
0.1168 421
0.1169 424
0.117 425
0.1171 429
0.1172 428
0.1173 429
0.1174 419
0.1175 414
0.1176 416
0.1177 414
0.1178 416
0.1179 414
0.118 398
0.1181 381
0.1182 356
0.1183 323
0.1184 304
0.1185 286
0.1186 274
0.1187 269
0.1188 264
0.1189 267
0.119 264
0.1191 261
0.1192 259
0.1193 266
0.1194 257
0.1195 257
0.1196 258
0.1197 268
0.1198 284
0.1199 296
0.12 306
0.1201 311
0.1202 326
0.1203 339
0.1204 345
0.1205 354
0.1206 363
0.1207 369
0.1208 381
0.1209 385
0.121 399
0.1211 405
0.1212 416
0.1213 425
0.1214 434
0.1215 440
0.1216 442
0.1217 448
0.1218 452
0.1219 456
0.122 460
0.1221 461
0.1222 467
0.1223 465
0.1224 471
0.1225 469
0.1226 470
0.1227 470
0.1228 473
0.1229 474
0.123 475
0.1231 482
0.1232 486
0.1233 489
0.1234 488
0.1235 487
0.1236 488
0.1237 486
0.1238 486
0.1239 492
0.124 496
0.1241 492
0.1242 487
0.1243 477
0.1244 471
0.1245 459
0.1246 440
0.1247 413
0.1248 396
0.1249 376
0.125 357
0.1251 343
0.1252 334
0.1253 328
0.1254 322
0.1255 314
0.1256 311
0.1257 306
0.1258 315
0.1259 314
0.126 315
0.1261 319
0.1262 316
0.1263 315
0.1264 317
0.1265 328
0.1266 336
0.1267 343
0.1268 346
0.1269 350
0.127 357
0.1271 356
0.1272 358
0.1273 363
0.1274 358
0.1275 358
0.1276 357
0.1277 358
0.1278 350
0.1279 334
0.128 303
0.1281 272
0.1282 256
0.1283 251
0.1284 241
0.1285 231
0.1286 222
0.1287 205
0.1288 185
0.1289 170
0.129 162
0.1291 162
0.1292 157
0.1293 142
0.1294 142
0.1295 131
0.1296 127
0.1297 115
0.1298 113
0.1299 109
0.13 91
0.1301 76
0.1302 68
0.1303 63
0.1304 64
0.1305 53
0.1306 38
0.1307 29
0.1308 27
0.1309 11
0.131 15
0.1311 14
0.1312 6
0.1313 4
0.1314 7
0.1315 8
0.1316 10
0.1317 11
0.1318 11
0.1319 6
0.132 7
0.1321 4
0.1322 2
0.1323 7
0.1324 5
0.1325 7
0.1326 9
0.1327 6
0.1328 11
0.1329 14
0.133 8
0.1331 6
0.1332 6
0.1333 3
0.1334 9
0.1335 2
0.1336 4
0.1337 5
0.1338 7
0.1339 6
0.134 5
0.1341 8
0.1342 2
0.1343 7
0.1344 4
0.1345 5
0.1346 4
0.1347 6
0.1348 9
0.1349 4
0.135 4
0.1351 4
0.1352 3
0.1353 7
0.1354 7
0.1355 4
0.1356 6
0.1357 2
0.1358 2
0.1359 6
0.136 6
0.1361 1
0.1362 2
0.1363 6
0.1364 5
0.1365 5
0.1366 7
0.1367 5
0.1368 10
0.1369 3
0.137 4
0.1371 4
0.1372 1
0.1373 9
0.1374 6
0.1375 3
0.1376 6
0.1377 6
0.1378 4
0.1379 2
0.138 5
0.1381 5
0.1382 10
0.1383 4
0.1384 8
0.1385 8
0.1386 9
0.1387 5
0.1388 2
0.1389 7
0.139 6
0.1391 7
0.1392 3
0.1393 5
0.1394 10
0.1395 6
0.1396 9
0.1397 5
0.1398 7
0.1399 1
0.14 7
0.1401 7
0.1402 3
0.1403 7
0.1404 7
0.1405 2
0.1406 7
0.1407 5
0.1408 7
0.1409 6
0.141 4
0.1411 6
0.1412 4
0.1413 10
0.1414 13
0.1415 10
0.1416 4
0.1417 2
0.1418 10
0.1419 5
0.142 4
0.1421 8
0.1422 7
0.1423 9
0.1424 7
0.1425 9
0.1426 7
0.1427 6
0.1428 1
0.1429 11
0.143 6
0.1431 6
0.1432 6
0.1433 13
0.1434 14
0.1435 12
0.1436 8
0.1437 8
0.1438 8
0.1439 10
0.144 11
0.1441 8
0.1442 6
0.1443 3
0.1444 4
0.1445 8
0.1446 6
0.1447 8
0.1448 7
0.1449 9
0.145 5
0.1451 10
0.1452 10
0.1453 10
0.1454 7
0.1455 10
0.1456 6
0.1457 10
0.1458 12
0.1459 19
0.146 5
0.1461 11
0.1462 11
0.1463 12
0.1464 16
0.1465 10
0.1466 15
0.1467 9
0.1468 21
0.1469 15
0.147 14
0.1471 19
0.1472 15
0.1473 15
0.1474 12
0.1475 16
0.1476 10
0.1477 12
0.1478 14
0.1479 16
0.148 16
0.1481 14
0.1482 15
0.1483 15
0.1484 15
0.1485 12
0.1486 13
0.1487 20
0.1488 23
0.1489 17
0.149 31
0.1491 22
0.1492 20
0.1493 20
0.1494 33
0.1495 30
0.1496 25
0.1497 23
0.1498 23
0.1499 19
0.15 23
0.1501 24
0.1502 22
0.1503 30
0.1504 32
0.1505 31
0.1506 34
0.1507 29
0.1508 30
0.1509 36
0.151 33
0.1511 34
0.1512 35
0.1513 35
0.1514 55
0.1515 62
0.1516 57
0.1517 68
0.1518 71
0.1519 88
0.152 100
0.1521 115
0.1522 122
0.1523 131
0.1524 129
0.1525 113
0.1526 130
0.1527 127
0.1528 124
0.1529 143
0.153 130
0.1531 125
0.1532 126
0.1533 139
0.1534 123
0.1535 114
0.1536 111
0.1537 111
0.1538 129
0.1539 133
0.154 131
0.1541 129
0.1542 155
0.1543 160
0.1544 170
0.1545 162
0.1546 175
0.1547 186
0.1548 203
0.1549 222
0.155 217
0.1551 224
0.1552 241
0.1553 268
0.1554 284
0.1555 314
0.1556 331
0.1557 336
0.1558 339
0.1559 338
0.156 341
0.1561 355
0.1562 384
0.1563 407
0.1564 446
0.1565 485
0.1566 516
0.1567 528
0.1568 551
0.1569 577
0.157 595
0.1571 634
0.1572 669
0.1573 703
0.1574 730
0.1575 760
0.1576 797
0.1577 828
0.1578 859
0.1579 862
0.158 855
0.1581 854
0.1582 847
0.1583 856
0.1584 859
0.1585 856
0.1586 883
0.1587 913
0.1588 943
0.1589 976
0.159 1005
0.1591 1028
0.1592 1055
0.1593 1074
0.1594 1092
0.1595 1114
0.1596 1136
0.1597 1162
0.1598 1193
0.1599 1219
0.16 1238
0.1601 1258
0.1602 1260
0.1603 1243
0.1604 1232
0.1605 1230
0.1606 1236
0.1607 1230
0.1608 1242
0.1609 1242
0.161 1253
0.1611 1261
0.1612 1257
0.1613 1276
0.1614 1281
0.1615 1297
0.1616 1295
0.1617 1303
0.1618 1317
0.1619 1322
0.162 1316
0.1621 1323
0.1622 1325
0.1623 1331
0.1624 1331
0.1625 1325
0.1626 1327
0.1627 1336
0.1628 1351
0.1629 1364
0.163 1368
0.1631 1374
0.1632 1386
0.1633 1384
0.1634 1391
0.1635 1393
0.1636 1397
0.1637 1409
0.1638 1410
0.1639 1413
0.164 1413
0.1641 1424
0.1642 1424
0.1643 1424
0.1644 1431
0.1645 1444
0.1646 1456
0.1647 1456
0.1648 1463
0.1649 1462
0.165 1475
0.1651 1474
0.1652 1473
0.1653 1465
0.1654 1465
0.1655 1475
0.1656 1479
0.1657 1478
0.1658 1482
0.1659 1492
0.166 1496
0.1661 1499
0.1662 1503
0.1663 1507
0.1664 1505
0.1665 1493
0.1666 1488
0.1667 1480
0.1668 1468
0.1669 1473
0.167 1468
0.1671 1460
0.1672 1459
0.1673 1463
0.1674 1465
0.1675 1470
0.1676 1467
0.1677 1458
0.1678 1460
0.1679 1456
0.168 1455
0.1681 1459
0.1682 1454
0.1683 1455
0.1684 1446
0.1685 1434
0.1686 1419
0.1687 1408
0.1688 1397
0.1689 1377
0.169 1366
0.1691 1366
0.1692 1354
0.1693 1351
0.1694 1349
0.1695 1344
0.1696 1340
0.1697 1330
0.1698 1330
0.1699 1331
0.17 1333
0.1701 1334
0.1702 1329
0.1703 1314
0.1704 1315
0.1705 1320
0.1706 1307
0.1707 1297
0.1708 1295
0.1709 1292
0.171 1291
0.1711 1275
0.1712 1272
0.1713 1260
0.1714 1253
0.1715 1254
0.1716 1246
0.1717 1238
0.1718 1241
0.1719 1238
0.172 1232
0.1721 1224
0.1722 1211
0.1723 1208
0.1724 1197
0.1725 1200
0.1726 1191
0.1727 1190
0.1728 1185
0.1729 1184
0.173 1189
0.1731 1177
0.1732 1174
0.1733 1163
0.1734 1158
0.1735 1153
0.1736 1138
0.1737 1135
0.1738 1138
0.1739 1134
0.174 1130
0.1741 1120
0.1742 1106
0.1743 1093
0.1744 1092
0.1745 1085
0.1746 1089
0.1747 1080
0.1748 1075
0.1749 1076
0.175 1082
0.1751 1089
0.1752 1094
0.1753 1097
0.1754 1093
0.1755 1097
0.1756 1088
0.1757 1085
0.1758 1066
0.1759 1058
0.176 1056
0.1761 1052
0.1762 1042
0.1763 1034
0.1764 1026
0.1765 1025
0.1766 1021
0.1767 1018
0.1768 1011
0.1769 1013
0.177 1003
0.1771 998
0.1772 996
0.1773 987
0.1774 983
0.1775 976
0.1776 972
0.1777 965
0.1778 957
0.1779 950
0.178 945
0.1781 946
0.1782 935
0.1783 930
0.1784 923
0.1785 910
0.1786 915
0.1787 906
0.1788 892
0.1789 891
0.179 889
0.1791 890
0.1792 873
0.1793 851
0.1794 828
0.1795 803
0.1796 786
0.1797 770
0.1798 765
0.1799 760
0.18 765
0.1801 752
0.1802 734
0.1803 723
0.1804 686
0.1805 668
0.1806 639
0.1807 609
0.1808 573
0.1809 546
0.181 525
0.1811 497
0.1812 457
0.1813 444
0.1814 438
0.1815 433
0.1816 410
0.1817 395
0.1818 386
0.1819 374
0.182 353
0.1821 343
0.1822 309
0.1823 286
0.1824 272
0.1825 277
0.1826 267
0.1827 261
0.1828 250
0.1829 244
0.183 241
0.1831 244
0.1832 253
0.1833 247
0.1834 254
0.1835 266
0.1836 277
0.1837 297
0.1838 312
0.1839 329
0.184 343
0.1841 363
0.1842 374
0.1843 388
0.1844 405
0.1845 405
0.1846 404
0.1847 394
0.1848 386
0.1849 366
0.185 349
0.1851 327
0.1852 306
0.1853 299
0.1854 294
0.1855 298
0.1856 297
0.1857 311
0.1858 306
0.1859 290
0.186 283
0.1861 266
0.1862 257
0.1863 256
0.1864 245
0.1865 248
0.1866 254
0.1867 255
0.1868 272
0.1869 280
0.187 281
0.1871 287
0.1872 300
0.1873 307
0.1874 315
0.1875 318
0.1876 325
0.1877 336
0.1878 351
0.1879 367
0.188 370
0.1881 379
0.1882 398
0.1883 408
0.1884 410
0.1885 411
0.1886 412
0.1887 415
0.1888 409
0.1889 407
0.189 400
0.1891 415
0.1892 420
0.1893 419
0.1894 427
0.1895 425
0.1896 411
0.1897 397
0.1898 385
0.1899 384
0.19 376
0.1901 373
0.1902 394
0.1903 397
0.1904 402
0.1905 401
0.1906 396
0.1907 384
0.1908 362
0.1909 353
0.191 328
0.1911 299
0.1912 277
0.1913 269
0.1914 257
0.1915 244
0.1916 246
0.1917 250
0.1918 246
0.1919 246
0.192 252
0.1921 260
0.1922 272
0.1923 286
0.1924 299
0.1925 312
0.1926 326
0.1927 344
0.1928 358
0.1929 367
0.193 384
0.1931 392
0.1932 405
0.1933 420
0.1934 430
0.1935 444
0.1936 442
0.1937 433
0.1938 409
0.1939 384
0.194 367
0.1941 356
0.1942 329
0.1943 311
0.1944 296
0.1945 269
0.1946 246
0.1947 236
0.1948 223
0.1949 222
0.195 226
0.1951 223
0.1952 236
0.1953 245
0.1954 256
0.1955 254
0.1956 255
0.1957 258
0.1958 260
0.1959 268
0.196 265
0.1961 272
0.1962 274
0.1963 289
0.1964 302
0.1965 301
0.1966 310
0.1967 311
0.1968 305
0.1969 317
0.197 313
0.1971 309
0.1972 293
0.1973 260
0.1974 234
0.1975 226
0.1976 206
0.1977 192
0.1978 181
0.1979 166
0.198 148
0.1981 138
0.1982 121
0.1983 108
0.1984 84
0.1985 73
0.1986 50
0.1987 43
0.1988 40
0.1989 31
0.199 30
0.1991 28
0.1992 23
0.1993 36
0.1994 30
0.1995 29
0.1996 22
0.1997 25
0.1998 25
0.1999 23
0.2 21
0.2001 20
0.2002 29
0.2003 25
0.2004 27
0.2005 24
0.2006 16
0.2007 17
0.2008 17
0.2009 17
0.201 13
0.2011 11
0.2012 23
0.2013 11
0.2014 16
0.2015 17
0.2016 19
0.2017 12
0.2018 8
0.2019 13
0.202 11
0.2021 12
0.2022 13
0.2023 8
0.2024 13
0.2025 10
0.2026 13
0.2027 10
0.2028 12
0.2029 9
0.203 9
0.2031 8
0.2032 8
0.2033 16
0.2034 6
0.2035 10
0.2036 9
0.2037 7
0.2038 7
0.2039 12
0.204 12
0.2041 10
0.2042 6
0.2043 8
0.2044 15
0.2045 8
0.2046 11
0.2047 9
0.2048 9
0.2049 11
0.205 10
0.2051 5
0.2052 14
0.2053 15
0.2054 7
0.2055 16
0.2056 10
0.2057 14
0.2058 8
0.2059 10
0.206 6
0.2061 10
0.2062 9
0.2063 8
0.2064 10
0.2065 8
0.2066 6
0.2067 7
0.2068 9
0.2069 10
0.207 16
0.2071 8
0.2072 11
0.2073 10
0.2074 8
0.2075 10
0.2076 14
0.2077 8
0.2078 8
0.2079 13
0.208 9
0.2081 10
0.2082 12
0.2083 13
0.2084 8
0.2085 10
0.2086 8
0.2087 7
0.2088 19
0.2089 15
0.209 14
0.2091 7
0.2092 15
0.2093 11
0.2094 11
0.2095 12
0.2096 10
0.2097 12
0.2098 7
0.2099 16
0.21 14
0.2101 11
0.2102 5
0.2103 5
0.2104 7
0.2105 19
0.2106 14
0.2107 12
0.2108 9
0.2109 9
0.211 12
0.2111 14
0.2112 9
0.2113 5
0.2114 6
0.2115 13
0.2116 10
0.2117 13
0.2118 11
0.2119 11
0.212 15
0.2121 17
0.2122 9
0.2123 17
0.2124 8
0.2125 13
0.2126 23
0.2127 17
0.2128 15
0.2129 23
0.213 17
0.2131 29
0.2132 23
0.2133 16
0.2134 24
0.2135 22
0.2136 27
0.2137 30
0.2138 22
0.2139 32
0.214 25
0.2141 36
0.2142 35
0.2143 36
0.2144 34
0.2145 38
0.2146 37
0.2147 35
0.2148 40
0.2149 36
0.215 32
0.2151 33
0.2152 28
0.2153 38
0.2154 34
0.2155 37
0.2156 29
0.2157 37
0.2158 38
0.2159 41
0.216 52
0.2161 52
0.2162 52
0.2163 58
0.2164 74
0.2165 72
0.2166 81
0.2167 84
0.2168 83
0.2169 91
0.217 92
0.2171 108
0.2172 121
0.2173 116
0.2174 141
0.2175 150
0.2176 166
0.2177 174
0.2178 190
0.2179 191
0.218 190
0.2181 221
0.2182 224
0.2183 232
0.2184 244
0.2185 266
0.2186 282
0.2187 301
0.2188 328
0.2189 348
0.219 365
0.2191 392
0.2192 411
0.2193 413
0.2194 434
0.2195 450
0.2196 439
0.2197 450
0.2198 486
0.2199 502
0.22 525
0.2201 546
0.2202 566
0.2203 576
0.2204 578
0.2205 592
0.2206 604
0.2207 615
0.2208 625
0.2209 649
0.221 678
0.2211 691
0.2212 723
0.2213 752
0.2214 771
0.2215 806
0.2216 836
0.2217 857
0.2218 889
0.2219 921
0.222 936
0.2221 979
0.2222 1000
0.2223 1024
0.2224 1034
0.2225 1056
0.2226 1068
0.2227 1090
0.2228 1111
0.2229 1129
0.223 1150
0.2231 1168
0.2232 1191
0.2233 1207
0.2234 1243
0.2235 1257
0.2236 1274
0.2237 1284
0.2238 1290
0.2239 1301
0.224 1315
0.2241 1314
0.2242 1320
0.2243 1323
0.2244 1339
0.2245 1344
0.2246 1354
0.2247 1359
0.2248 1365
0.2249 1370
0.225 1376
0.2251 1383
0.2252 1395
0.2253 1396
0.2254 1406
0.2255 1405
0.2256 1411
0.2257 1416
0.2258 1435
0.2259 1431
0.226 1436
0.2261 1431
0.2262 1434
0.2263 1419
0.2264 1403
0.2265 1389
0.2266 1374
0.2267 1367
0.2268 1360
0.2269 1354
0.227 1360
0.2271 1363
0.2272 1364
0.2273 1369
0.2274 1386
0.2275 1397
0.2276 1402
0.2277 1403
0.2278 1406
0.2279 1404
0.228 1401
0.2281 1403
0.2282 1403
0.2283 1406
0.2284 1417
0.2285 1420
0.2286 1417
0.2287 1408
0.2288 1395
0.2289 1387
0.229 1380
0.2291 1367
0.2292 1361
0.2293 1354
0.2294 1359
0.2295 1361
0.2296 1364
0.2297 1366
0.2298 1359
0.2299 1361
0.23 1359
0.2301 1361
0.2302 1352
0.2303 1347
0.2304 1345
0.2305 1349
0.2306 1350
0.2307 1347
0.2308 1347
0.2309 1344
0.231 1348
0.2311 1347
0.2312 1343
0.2313 1345
0.2314 1341
0.2315 1341
0.2316 1347
0.2317 1342
0.2318 1345
0.2319 1341
0.232 1327
0.2321 1297
0.2322 1271
0.2323 1247
0.2324 1215
0.2325 1194
0.2326 1177
0.2327 1167
0.2328 1171
0.2329 1173
0.233 1163
0.2331 1164
0.2332 1162
0.2333 1162
0.2334 1170
0.2335 1165
0.2336 1169
0.2337 1166
0.2338 1166
0.2339 1167
0.234 1168
0.2341 1163
0.2342 1155
0.2343 1158
0.2344 1153
0.2345 1157
0.2346 1161
0.2347 1157
0.2348 1153
0.2349 1152
0.235 1145
0.2351 1142
0.2352 1137
0.2353 1137
0.2354 1136
0.2355 1136
0.2356 1131
0.2357 1131
0.2358 1130
0.2359 1129
0.236 1119
0.2361 1113
0.2362 1110
0.2363 1105
0.2364 1101
0.2365 1093
0.2366 1086
0.2367 1087
0.2368 1085
0.2369 1075
0.237 1060
0.2371 1024
0.2372 984
0.2373 945
0.2374 923
0.2375 904
0.2376 889
0.2377 867
0.2378 833
0.2379 795
0.238 755
0.2381 745
0.2382 718
0.2383 694
0.2384 695
0.2385 706
0.2386 707
0.2387 710
0.2388 711
0.2389 716
0.239 729
0.2391 732
0.2392 725
0.2393 715
0.2394 691
0.2395 671
0.2396 650
0.2397 638
0.2398 626
0.2399 613
0.24 595
0.2401 590
0.2402 576
0.2403 542
0.2404 513
0.2405 463
0.2406 449
0.2407 415
0.2408 391
0.2409 346
0.241 326
0.2411 289
0.2412 259
0.2413 239
0.2414 223
0.2415 221
0.2416 199
0.2417 179
0.2418 174
0.2419 164
0.242 167
0.2421 155
0.2422 153
0.2423 155
0.2424 141
0.2425 142
0.2426 150
0.2427 147
0.2428 146
0.2429 160
0.243 165
0.2431 161
0.2432 160
0.2433 166
0.2434 163
0.2435 159
0.2436 141
0.2437 111
0.2438 105
0.2439 94
0.244 84
0.2441 91
0.2442 70
0.2443 61
0.2444 56
0.2445 57
0.2446 53
0.2447 46
0.2448 41
0.2449 40
0.245 28
0.2451 34
0.2452 32
0.2453 31
0.2454 23
0.2455 21
0.2456 22
0.2457 22
0.2458 17
0.2459 14
0.246 22
0.2461 24
0.2462 19
0.2463 21
0.2464 23
0.2465 16
0.2466 15
0.2467 14
0.2468 17
0.2469 17
0.247 23
0.2471 13
0.2472 9
0.2473 17
0.2474 19
0.2475 18
0.2476 13
0.2477 19
0.2478 16
0.2479 11
0.248 12
0.2481 18
0.2482 17
0.2483 14
0.2484 17
0.2485 17
0.2486 18
0.2487 22
0.2488 13
0.2489 19
0.249 19
0.2491 11
0.2492 13
0.2493 15
0.2494 12
0.2495 8
0.2496 13
0.2497 7
0.2498 15
0.2499 14
0.25 9
