0 0
0.0001 0
0.0002 0
0.0003 0
0.0004 0
0.0005 0
0.0006 0
0.0007 0
0.0008 0
0.0009 0
0.001 0
0.0011 0
0.0012 0
0.0013 0
0.0014 0
0.0015 0
0.0016 0
0.0017 0
0.0018 0
0.0019 0
0.002 0
0.0021 0
0.0022 0
0.0023 0
0.0024 0
0.0025 0
0.0026 1
0.0027 1
0.0028 2
0.0029 1
0.003 1
0.0031 2
0.0032 2
0.0033 2
0.0034 2
0.0035 2
0.0036 3
0.0037 3
0.0038 3
0.0039 2
0.004 2
0.0041 1
0.0042 1
0.0043 1
0.0044 1
0.0045 1
0.0046 1
0.0047 3
0.0048 3
0.0049 3
0.005 3
0.0051 3
0.0052 3
0.0053 3
0.0054 3
0.0055 3
0.0056 3
0.0057 3
0.0058 2
0.0059 3
0.006 3
0.0061 3
0.0062 3
0.0063 3
0.0064 3
0.0065 3
0.0066 3
0.0067 3
0.0068 3
0.0069 3
0.007 3
0.0071 3
0.0072 3
0.0073 3
0.0074 3
0.0075 3
0.0076 3
0.0077 3
0.0078 3
0.0079 3
0.008 3
0.0081 3
0.0082 3
0.0083 3
0.0084 3
0.0085 2
0.0086 1
0.0087 1
0.0088 1
0.0089 1
0.009 1
0.0091 1
0.0092 1
0.0093 1
0.0094 2
0.0095 2
0.0096 1
0.0097 2
0.0098 3
0.0099 3
0.01 3
0.0101 4
0.0102 4
0.0103 3
0.0104 3
0.0105 3
0.0106 3
0.0107 4
0.0108 4
0.0109 3
0.011 2
0.0111 2
0.0112 2
0.0113 2
0.0114 2
0.0115 2
0.0116 2
0.0117 2
0.0118 2
0.0119 2
0.012 2
0.0121 3
0.0122 3
0.0123 3
0.0124 3
0.0125 3
0.0126 3
0.0127 3
0.0128 4
0.0129 4
0.013 4
0.0131 4
0.0132 4
0.0133 5
0.0134 5
0.0135 4
0.0136 4
0.0137 4
0.0138 4
0.0139 4
0.014 4
0.0141 3
0.0142 3
0.0143 4
0.0144 4
0.0145 4
0.0146 4
0.0147 3
0.0148 4
0.0149 4
0.015 4
0.0151 4
0.0152 5
0.0153 5
0.0154 5
0.0155 5
0.0156 5
0.0157 5
0.0158 5
0.0159 5
0.016 6
0.0161 7
0.0162 6
0.0163 6
0.0164 6
0.0165 6
0.0166 6
0.0167 6
0.0168 6
0.0169 6
0.017 5
0.0171 6
0.0172 7
0.0173 7
0.0174 7
0.0175 6
0.0176 6
0.0177 7
0.0178 7
0.0179 8
0.018 7
0.0181 7
0.0182 7
0.0183 7
0.0184 7
0.0185 7
0.0186 8
0.0187 8
0.0188 9
0.0189 9
0.019 9
0.0191 10
0.0192 10
0.0193 10
0.0194 10
0.0195 10
0.0196 11
0.0197 11
0.0198 12
0.0199 14
0.02 15
0.0201 15
0.0202 13
0.0203 12
0.0204 14
0.0205 14
0.0206 14
0.0207 15
0.0208 15
0.0209 15
0.021 15
0.0211 15
0.0212 16
0.0213 16
0.0214 16
0.0215 17
0.0216 18
0.0217 18
0.0218 17
0.0219 18
0.022 16
0.0221 17
0.0222 17
0.0223 17
0.0224 18
0.0225 17
0.0226 15
0.0227 14
0.0228 15
0.0229 15
0.023 15
0.0231 15
0.0232 16
0.0233 16
0.0234 15
0.0235 14
0.0236 15
0.0237 15
0.0238 16
0.0239 17
0.024 18
0.0241 18
0.0242 18
0.0243 18
0.0244 18
0.0245 18
0.0246 19
0.0247 19
0.0248 18
0.0249 19
0.025 19
0.0251 18
0.0252 18
0.0253 18
0.0254 17
0.0255 16
0.0256 15
0.0257 14
0.0258 15
0.0259 15
0.026 18
0.0261 18
0.0262 16
0.0263 15
0.0264 15
0.0265 15
0.0266 15
0.0267 16
0.0268 18
0.0269 19
0.027 20
0.0271 20
0.0272 21
0.0273 21
0.0274 21
0.0275 21
0.0276 18
0.0277 18
0.0278 18
0.0279 17
0.028 17
0.0281 17
0.0282 18
0.0283 19
0.0284 19
0.0285 20
0.0286 21
0.0287 22
0.0288 21
0.0289 20
0.029 19
0.0291 20
0.0292 20
0.0293 19
0.0294 19
0.0295 19
0.0296 20
0.0297 21
0.0298 21
0.0299 23
0.03 23
0.0301 22
0.0302 23
0.0303 23
0.0304 21
0.0305 21
0.0306 21
0.0307 21
0.0308 20
0.0309 20
0.031 20
0.0311 21
0.0312 21
0.0313 21
0.0314 21
0.0315 21
0.0316 21
0.0317 21
0.0318 21
0.0319 22
0.032 21
0.0321 22
0.0322 22
0.0323 23
0.0324 23
0.0325 24
0.0326 24
0.0327 23
0.0328 23
0.0329 23
0.033 24
0.0331 24
0.0332 24
0.0333 25
0.0334 24
0.0335 24
0.0336 24
0.0337 23
0.0338 21
0.0339 20
0.034 20
0.0341 18
0.0342 18
0.0343 18
0.0344 18
0.0345 16
0.0346 17
0.0347 16
0.0348 16
0.0349 17
0.035 17
0.0351 17
0.0352 17
0.0353 17
0.0354 17
0.0355 17
0.0356 18
0.0357 17
0.0358 17
0.0359 17
0.036 17
0.0361 16
0.0362 16
0.0363 17
0.0364 17
0.0365 17
0.0366 17
0.0367 17
0.0368 17
0.0369 18
0.037 16
0.0371 16
0.0372 16
0.0373 16
0.0374 16
0.0375 15
0.0376 14
0.0377 14
0.0378 14
0.0379 15
0.038 14
0.0381 14
0.0382 14
0.0383 13
0.0384 13
0.0385 13
0.0386 13
0.0387 14
0.0388 14
0.0389 14
0.039 14
0.0391 14
0.0392 13
0.0393 14
0.0394 15
0.0395 15
0.0396 15
0.0397 15
0.0398 16
0.0399 16
0.04 16
0.0401 16
0.0402 17
0.0403 17
0.0404 17
0.0405 17
0.0406 16
0.0407 15
0.0408 15
0.0409 16
0.041 17
0.0411 17
0.0412 18
0.0413 17
0.0414 18
0.0415 18
0.0416 20
0.0417 21
0.0418 21
0.0419 19
0.042 19
0.0421 19
0.0422 20
0.0423 20
0.0424 20
0.0425 21
0.0426 21
0.0427 20
0.0428 20
0.0429 20
0.043 20
0.0431 20
0.0432 20
0.0433 19
0.0434 19
0.0435 19
0.0436 20
0.0437 20
0.0438 19
0.0439 19
0.044 19
0.0441 20
0.0442 20
0.0443 20
0.0444 21
0.0445 21
0.0446 21
0.0447 20
0.0448 20
0.0449 20
0.045 19
0.0451 19
0.0452 19
0.0453 19
0.0454 18
0.0455 18
0.0456 18
0.0457 18
0.0458 18
0.0459 19
0.046 19
0.0461 19
0.0462 20
0.0463 19
0.0464 17
0.0465 17
0.0466 17
0.0467 19
0.0468 18
0.0469 18
0.047 20
0.0471 20
0.0472 20
0.0473 20
0.0474 20
0.0475 21
0.0476 22
0.0477 23
0.0478 23
0.0479 24
0.048 22
0.0481 22
0.0482 22
0.0483 21
0.0484 20
0.0485 20
0.0486 20
0.0487 21
0.0488 20
0.0489 20
0.049 19
0.0491 20
0.0492 20
0.0493 19
0.0494 19
0.0495 19
0.0496 20
0.0497 20
0.0498 20
0.0499 20
0.05 20
0.0501 20
0.0502 20
0.0503 19
0.0504 20
0.0505 20
0.0506 19
0.0507 19
0.0508 19
0.0509 20
0.051 21
0.0511 21
0.0512 21
0.0513 21
0.0514 22
0.0515 22
0.0516 23
0.0517 23
0.0518 23
0.0519 23
0.052 23
0.0521 23
0.0522 22
0.0523 23
0.0524 23
0.0525 23
0.0526 23
0.0527 23
0.0528 24
0.0529 23
0.053 24
0.0531 24
0.0532 24
0.0533 24
0.0534 23
0.0535 22
0.0536 22
0.0537 21
0.0538 21
0.0539 21
0.054 21
0.0541 21
0.0542 21
0.0543 21
0.0544 21
0.0545 21
0.0546 21
0.0547 22
0.0548 23
0.0549 24
0.055 24
0.0551 24
0.0552 24
0.0553 23
0.0554 22
0.0555 22
0.0556 22
0.0557 22
0.0558 22
0.0559 22
0.056 21
0.0561 22
0.0562 22
0.0563 22
0.0564 22
0.0565 23
0.0566 22
0.0567 22
0.0568 22
0.0569 23
0.057 23
0.0571 23
0.0572 23
0.0573 21
0.0574 21
0.0575 23
0.0576 22
0.0577 22
0.0578 23
0.0579 23
0.058 22
0.0581 22
0.0582 22
0.0583 22
0.0584 21
0.0585 21
0.0586 21
0.0587 21
0.0588 19
0.0589 20
0.059 21
0.0591 21
0.0592 21
0.0593 20
0.0594 20
0.0595 20
0.0596 20
0.0597 21
0.0598 22
0.0599 22
0.06 22
0.0601 22
0.0602 22
0.0603 22
0.0604 22
0.0605 22
0.0606 22
0.0607 22
0.0608 23
0.0609 22
0.061 22
0.0611 23
0.0612 22
0.0613 21
0.0614 22
0.0615 21
0.0616 21
0.0617 21
0.0618 20
0.0619 20
0.062 21
0.0621 21
0.0622 21
0.0623 22
0.0624 22
0.0625 21
0.0626 20
0.0627 21
0.0628 20
0.0629 20
0.063 19
0.0631 20
0.0632 20
0.0633 20
0.0634 20
0.0635 20
0.0636 21
0.0637 22
0.0638 22
0.0639 22
0.064 23
0.0641 23
0.0642 23
0.0643 23
0.0644 23
0.0645 25
0.0646 24
0.0647 24
0.0648 25
0.0649 25
0.065 25
0.0651 25
0.0652 24
0.0653 25
0.0654 26
0.0655 24
0.0656 23
0.0657 23
0.0658 23
0.0659 23
0.066 22
0.0661 21
0.0662 21
0.0663 22
0.0664 22
0.0665 22
0.0666 22
0.0667 22
0.0668 22
0.0669 22
0.067 23
0.0671 22
0.0672 20
0.0673 21
0.0674 21
0.0675 22
0.0676 20
0.0677 21
0.0678 21
0.0679 21
0.068 20
0.0681 19
0.0682 19
0.0683 20
0.0684 20
0.0685 19
0.0686 20
0.0687 20
0.0688 20
0.0689 20
0.069 19
0.0691 20
0.0692 19
0.0693 19
0.0694 19
0.0695 19
0.0696 19
0.0697 20
0.0698 20
0.0699 20
0.07 20
0.0701 20
0.0702 20
0.0703 20
0.0704 19
0.0705 19
0.0706 18
0.0707 19
0.0708 19
0.0709 19
0.071 19
0.0711 19
0.0712 20
0.0713 19
0.0714 19
0.0715 19
0.0716 18
0.0717 18
0.0718 19
0.0719 19
0.072 20
0.0721 19
0.0722 19
0.0723 19
0.0724 18
0.0725 18
0.0726 18
0.0727 20
0.0728 20
0.0729 21
0.073 22
0.0731 23
0.0732 23
0.0733 23
0.0734 23
0.0735 23
0.0736 24
0.0737 24
0.0738 24
0.0739 24
0.074 25
0.0741 28
0.0742 28
0.0743 28
0.0744 27
0.0745 26
0.0746 26
0.0747 25
0.0748 25
0.0749 25
0.075 26
0.0751 24
0.0752 24
0.0753 24
0.0754 25
0.0755 26
0.0756 26
0.0757 25
0.0758 27
0.0759 27
0.076 25
0.0761 25
0.0762 23
0.0763 23
0.0764 23
0.0765 22
0.0766 22
0.0767 23
0.0768 23
0.0769 24
0.077 24
0.0771 23
0.0772 23
0.0773 23
0.0774 24
0.0775 24
0.0776 23
0.0777 24
0.0778 24
0.0779 24
0.078 24
0.0781 23
0.0782 23
0.0783 22
0.0784 21
0.0785 21
0.0786 20
0.0787 22
0.0788 22
0.0789 23
0.079 22
0.0791 23
0.0792 25
0.0793 25
0.0794 25
0.0795 26
0.0796 26
0.0797 26
0.0798 28
0.0799 28
0.08 29
0.0801 30
0.0802 30
0.0803 30
0.0804 31
0.0805 30
0.0806 30
0.0807 33
0.0808 33
0.0809 33
0.081 34
0.0811 33
0.0812 32
0.0813 32
0.0814 33
0.0815 33
0.0816 33
0.0817 34
0.0818 34
0.0819 34
0.082 34
0.0821 33
0.0822 33
0.0823 33
0.0824 31
0.0825 34
0.0826 33
0.0827 33
0.0828 33
0.0829 34
0.083 33
0.0831 34
0.0832 33
0.0833 33
0.0834 33
0.0835 33
0.0836 32
0.0837 32
0.0838 31
0.0839 32
0.084 32
0.0841 32
0.0842 32
0.0843 31
0.0844 32
0.0845 32
0.0846 32
0.0847 32
0.0848 32
0.0849 33
0.085 33
0.0851 33
0.0852 33
0.0853 34
0.0854 33
0.0855 33
0.0856 33
0.0857 32
0.0858 32
0.0859 30
0.086 30
0.0861 29
0.0862 30
0.0863 31
0.0864 31
0.0865 29
0.0866 28
0.0867 27
0.0868 26
0.0869 27
0.087 28
0.0871 28
0.0872 28
0.0873 28
0.0874 26
0.0875 26
0.0876 26
0.0877 26
0.0878 25
0.0879 24
0.088 23
0.0881 23
0.0882 23
0.0883 24
0.0884 24
0.0885 24
0.0886 24
0.0887 25
0.0888 25
0.0889 25
0.089 25
0.0891 25
0.0892 26
0.0893 26
0.0894 26
0.0895 27
0.0896 27
0.0897 27
0.0898 27
0.0899 27
0.09 27
