0 3755
0.01 3668
0.02 3601
0.03 3538
0.04 3494
0.05 3434
0.06 3400
0.07 3359
0.08 3319
0.09 3284
0.1 3257
0.11 3241
0.12 3216
0.13 3196
0.14 3169
0.15 3152
0.16 3129
0.17 3112
0.18 3098
0.19 3080
0.2 3050
0.21 3026
0.22 3012
0.23 2995
0.24 2972
0.25 2950
0.26 2938
0.27 2910
0.28 2890
0.29 2876
0.3 2861
0.31 2846
0.32 2823
0.33 2811
0.34 2797
0.35 2788
0.36 2775
0.37 2770
0.38 2757
0.39 2745
0.4 2739
0.41 2725
0.42 2724
0.43 2714
0.44 2706
0.45 2699
0.46 2693
0.47 2690
0.48 2682
0.49 2673
0.5 2662
0.51 2654
0.52 2648
0.53 2642
0.54 2636
0.55 2632
0.56 2620
0.57 2618
0.58 2612
0.59 2608
0.6 2603
0.61 2600
0.62 2592
0.63 2587
0.64 2584
0.65 2579
0.66 2578
0.67 2576
0.68 2573
0.69 2567
0.7 2567
0.71 2562
0.72 2557
0.73 2553
0.74 2551
0.75 2546
0.76 2549
0.77 2545
0.78 2542
0.79 2539
0.8 2537
0.81 2536
0.82 2533
0.83 2530
0.84 2527
0.85 2525
0.86 2519
0.87 2516
0.88 2517
0.89 2518
0.9 2516
0.91 2515
0.92 2511
0.93 2512
0.94 2512
0.95 2507
0.96 2506
0.97 2504
0.98 2504
0.99 2504
1 2502
1.01 2498
1.02 2496
1.03 2494
1.04 2494
1.05 2488
1.06 2490
1.07 2489
1.08 2487
1.09 2484
1.1 2484
1.11 2482
1.12 2480
1.13 2478
1.14 2477
1.15 2477
1.16 2477
1.17 2474
1.18 2476
1.19 2476
1.2 2475
1.21 2476
1.22 2476
1.23 2475
1.24 2473
1.25 2470
1.26 2469
1.27 2469
1.28 2470
1.29 2467
1.3 2467
1.31 2468
1.32 2465
1.33 2462
1.34 2464
1.35 2463
1.36 2462
1.37 2463
1.38 2465
1.39 2467
1.4 2465
1.41 2464
1.42 2464
1.43 2463
1.44 2464
1.45 2464
1.46 2463
1.47 2462
1.48 2459
1.49 2457
1.5 2456
1.51 2457
1.52 2456
1.53 2453
1.54 2454
1.55 2454
1.56 2453
1.57 2456
1.58 2451
1.59 2450
1.6 2450
1.61 2449
1.62 2448
1.63 2446
1.64 2447
1.65 2446
1.66 2446
1.67 2446
1.68 2445
1.69 2444
1.7 2444
1.71 2441
1.72 2442
1.73 2439
1.74 2440
1.75 2440
1.76 2440
1.77 2440
1.78 2439
1.79 2439
1.8 2440
1.81 2441
1.82 2440
1.83 2438
1.84 2440
1.85 2441
1.86 2440
1.87 2440
1.88 2442
1.89 2442
1.9 2440
1.91 2440
1.92 2442
1.93 2441
1.94 2441
1.95 2443
1.96 2446
1.97 2444
1.98 2443
1.99 2446
2 2444
