0 0
0.0001 0
0.0002 0
0.0003 0
0.0004 0
0.0005 0
0.0006 0
0.0007 0
0.0008 0
0.0009 0
0.001 0
0.0011 0
0.0012 0
0.0013 0
0.0014 0
0.0015 0
0.0016 0
0.0017 0
0.0018 0
0.0019 0
0.002 0
0.0021 0
0.0022 1
0.0023 1
0.0024 1
0.0025 1
0.0026 1
0.0027 0
0.0028 0
0.0029 0
0.003 1
0.0031 1
0.0032 1
0.0033 1
0.0034 1
0.0035 1
0.0036 1
0.0037 1
0.0038 1
0.0039 1
0.004 1
0.0041 1
0.0042 2
0.0043 2
0.0044 2
0.0045 2
0.0046 2
0.0047 3
0.0048 3
0.0049 3
0.005 3
0.0051 3
0.0052 4
0.0053 3
0.0054 3
0.0055 4
0.0056 5
0.0057 5
0.0058 5
0.0059 6
0.006 6
0.0061 6
0.0062 6
0.0063 6
0.0064 6
0.0065 6
0.0066 5
0.0067 6
0.0068 7
0.0069 7
0.007 7
0.0071 6
0.0072 7
0.0073 7
0.0074 8
0.0075 8
0.0076 8
0.0077 8
0.0078 7
0.0079 9
0.008 8
0.0081 8
0.0082 8
0.0083 8
0.0084 8
0.0085 8
0.0086 9
0.0087 9
0.0088 8
0.0089 7
0.009 7
0.0091 7
0.0092 6
0.0093 6
0.0094 6
0.0095 7
0.0096 7
0.0097 7
0.0098 7
0.0099 7
0.01 6
0.0101 6
0.0102 6
0.0103 6
0.0104 6
0.0105 6
0.0106 6
0.0107 6
0.0108 6
0.0109 6
0.011 6
0.0111 6
0.0112 6
0.0113 6
0.0114 6
0.0115 6
0.0116 6
0.0117 6
0.0118 6
0.0119 6
0.012 6
0.0121 6
0.0122 6
0.0123 5
0.0124 5
0.0125 5
0.0126 5
0.0127 5
0.0128 5
0.0129 5
0.013 6
0.0131 6
0.0132 7
0.0133 7
0.0134 7
0.0135 7
0.0136 5
0.0137 5
0.0138 5
0.0139 5
0.014 5
0.0141 5
0.0142 4
0.0143 4
0.0144 3
0.0145 4
0.0146 4
0.0147 6
0.0148 7
0.0149 7
0.015 7
0.0151 7
0.0152 7
0.0153 7
0.0154 7
0.0155 8
0.0156 7
0.0157 7
0.0158 7
0.0159 7
0.016 7
0.0161 7
0.0162 7
0.0163 7
0.0164 7
0.0165 7
0.0166 7
0.0167 7
0.0168 8
0.0169 8
0.017 8
0.0171 9
0.0172 9
0.0173 8
0.0174 8
0.0175 9
0.0176 9
0.0177 8
0.0178 8
0.0179 8
0.018 8
0.0181 8
0.0182 8
0.0183 7
0.0184 5
0.0185 5
0.0186 5
0.0187 4
0.0188 4
0.0189 5
0.019 5
0.0191 5
0.0192 6
0.0193 6
0.0194 7
0.0195 7
0.0196 7
0.0197 6
0.0198 5
0.0199 5
0.02 6
0.0201 7
0.0202 7
0.0203 7
0.0204 6
0.0205 6
0.0206 7
0.0207 7
0.0208 8
0.0209 8
0.021 8
0.0211 8
0.0212 8
0.0213 8
0.0214 8
0.0215 8
0.0216 8
0.0217 8
0.0218 9
0.0219 9
0.022 9
0.0221 8
0.0222 8
0.0223 8
0.0224 9
0.0225 9
0.0226 9
0.0227 9
0.0228 10
0.0229 10
0.023 10
0.0231 10
0.0232 10
0.0233 10
0.0234 10
0.0235 10
0.0236 10
0.0237 10
0.0238 10
0.0239 11
0.024 11
0.0241 12
0.0242 12
0.0243 12
0.0244 12
0.0245 12
0.0246 12
0.0247 11
0.0248 11
0.0249 11
0.025 12
0.0251 12
0.0252 12
0.0253 13
0.0254 13
0.0255 12
0.0256 11
0.0257 11
0.0258 11
0.0259 11
0.026 10
0.0261 10
0.0262 10
0.0263 10
0.0264 10
0.0265 10
0.0266 10
0.0267 10
0.0268 10
0.0269 10
0.027 10
0.0271 9
0.0272 10
0.0273 10
0.0274 11
0.0275 11
0.0276 11
0.0277 12
0.0278 12
0.0279 11
0.028 11
0.0281 11
0.0282 11
0.0283 11
0.0284 11
0.0285 11
0.0286 11
0.0287 11
0.0288 10
0.0289 11
0.029 11
0.0291 12
0.0292 13
0.0293 14
0.0294 14
0.0295 14
0.0296 14
0.0297 14
0.0298 14
0.0299 14
0.03 14
0.0301 14
0.0302 15
0.0303 15
0.0304 15
0.0305 15
0.0306 15
0.0307 15
0.0308 15
0.0309 15
0.031 14
0.0311 15
0.0312 16
0.0313 16
0.0314 16
0.0315 15
0.0316 16
0.0317 16
0.0318 16
0.0319 16
0.032 16
0.0321 18
0.0322 17
0.0323 17
0.0324 19
0.0325 19
0.0326 20
0.0327 20
0.0328 20
0.0329 20
0.033 19
0.0331 18
0.0332 19
0.0333 18
0.0334 18
0.0335 19
0.0336 18
0.0337 18
0.0338 19
0.0339 20
0.034 19
0.0341 20
0.0342 20
0.0343 19
0.0344 19
0.0345 19
0.0346 19
0.0347 19
0.0348 19
0.0349 18
0.035 17
0.0351 17
0.0352 17
0.0353 17
0.0354 17
0.0355 16
0.0356 16
0.0357 16
0.0358 16
0.0359 16
0.036 16
0.0361 17
0.0362 17
0.0363 18
0.0364 19
0.0365 20
0.0366 20
0.0367 20
0.0368 20
0.0369 20
0.037 20
0.0371 20
0.0372 20
0.0373 19
0.0374 19
0.0375 19
0.0376 19
0.0377 19
0.0378 18
0.0379 18
0.038 18
0.0381 18
0.0382 18
0.0383 18
0.0384 18
0.0385 18
0.0386 18
0.0387 18
0.0388 18
0.0389 18
0.039 19
0.0391 18
0.0392 18
0.0393 19
0.0394 19
0.0395 19
0.0396 19
0.0397 18
0.0398 18
0.0399 18
0.04 17
0.0401 17
0.0402 17
0.0403 17
0.0404 17
0.0405 16
0.0406 16
0.0407 16
0.0408 15
0.0409 15
0.041 15
0.0411 15
0.0412 14
0.0413 15
0.0414 14
0.0415 15
0.0416 15
0.0417 15
0.0418 16
0.0419 15
0.042 15
0.0421 15
0.0422 16
0.0423 15
0.0424 15
0.0425 15
0.0426 15
0.0427 14
0.0428 14
0.0429 14
0.043 14
0.0431 14
0.0432 14
0.0433 14
0.0434 15
0.0435 15
0.0436 16
0.0437 16
0.0438 16
0.0439 16
0.044 15
0.0441 15
0.0442 15
0.0443 15
0.0444 15
0.0445 14
0.0446 14
0.0447 14
0.0448 15
0.0449 15
0.045 15
0.0451 14
0.0452 15
0.0453 16
0.0454 17
0.0455 17
0.0456 16
0.0457 15
0.0458 15
0.0459 15
0.046 16
0.0461 16
0.0462 16
0.0463 17
0.0464 17
0.0465 17
0.0466 17
0.0467 17
0.0468 17
0.0469 17
0.047 17
0.0471 16
0.0472 16
0.0473 16
0.0474 16
0.0475 16
0.0476 15
0.0477 16
0.0478 16
0.0479 16
0.048 16
0.0481 17
0.0482 17
0.0483 16
0.0484 18
0.0485 18
0.0486 18
0.0487 18
0.0488 18
0.0489 18
0.049 18
0.0491 18
0.0492 18
0.0493 17
0.0494 17
0.0495 17
0.0496 17
0.0497 17
0.0498 17
0.0499 17
0.05 19
0.0501 19
0.0502 17
0.0503 17
0.0504 17
0.0505 18
0.0506 18
0.0507 18
0.0508 18
0.0509 18
0.051 19
0.0511 19
0.0512 20
0.0513 19
0.0514 19
0.0515 19
0.0516 19
0.0517 19
0.0518 19
0.0519 19
0.052 19
0.0521 19
0.0522 19
0.0523 18
0.0524 18
0.0525 19
0.0526 19
0.0527 20
0.0528 20
0.0529 20
0.053 21
0.0531 21
0.0532 21
0.0533 21
0.0534 21
0.0535 21
0.0536 20
0.0537 18
0.0538 18
0.0539 19
0.054 20
0.0541 20
0.0542 20
0.0543 20
0.0544 20
0.0545 20
0.0546 20
0.0547 22
0.0548 22
0.0549 22
0.055 22
0.0551 21
0.0552 21
0.0553 21
0.0554 20
0.0555 20
0.0556 20
0.0557 20
0.0558 19
0.0559 19
0.056 19
0.0561 21
0.0562 21
0.0563 21
0.0564 21
0.0565 22
0.0566 23
0.0567 22
0.0568 23
0.0569 23
0.057 23
0.0571 23
0.0572 24
0.0573 24
0.0574 23
0.0575 23
0.0576 24
0.0577 24
0.0578 24
0.0579 24
0.058 24
0.0581 23
0.0582 23
0.0583 23
0.0584 23
0.0585 23
0.0586 23
0.0587 23
0.0588 23
0.0589 23
0.059 23
0.0591 23
0.0592 23
0.0593 23
0.0594 23
0.0595 22
0.0596 23
0.0597 23
0.0598 23
0.0599 24
0.06 24
0.0601 23
0.0602 24
0.0603 24
0.0604 25
0.0605 26
0.0606 26
0.0607 27
0.0608 28
0.0609 28
0.061 27
0.0611 27
0.0612 27
0.0613 28
0.0614 28
0.0615 27
0.0616 26
0.0617 27
0.0618 26
0.0619 26
0.062 26
0.0621 26
0.0622 26
0.0623 27
0.0624 27
0.0625 26
0.0626 26
0.0627 26
0.0628 26
0.0629 26
0.063 25
0.0631 25
0.0632 25
0.0633 26
0.0634 26
0.0635 27
0.0636 27
0.0637 27
0.0638 27
0.0639 26
0.064 26
0.0641 26
0.0642 26
0.0643 26
0.0644 25
0.0645 25
0.0646 25
0.0647 25
0.0648 25
0.0649 25
0.065 26
0.0651 26
0.0652 27
0.0653 28
0.0654 28
0.0655 28
0.0656 29
0.0657 29
0.0658 29
0.0659 29
0.066 29
0.0661 29
0.0662 28
0.0663 28
0.0664 28
0.0665 29
0.0666 29
0.0667 30
0.0668 29
0.0669 28
0.067 28
0.0671 27
0.0672 26
0.0673 26
0.0674 27
0.0675 28
0.0676 27
0.0677 27
0.0678 28
0.0679 28
0.068 28
0.0681 27
0.0682 27
0.0683 27
0.0684 27
0.0685 27
0.0686 26
0.0687 27
0.0688 27
0.0689 27
0.069 27
0.0691 27
0.0692 27
0.0693 27
0.0694 26
0.0695 26
0.0696 27
0.0697 27
0.0698 27
0.0699 27
0.07 27
0.0701 27
0.0702 27
0.0703 27
0.0704 26
0.0705 27
0.0706 26
0.0707 26
0.0708 26
0.0709 25
0.071 26
0.0711 25
0.0712 24
0.0713 24
0.0714 23
0.0715 22
0.0716 22
0.0717 20
0.0718 20
0.0719 19
0.072 20
0.0721 20
0.0722 21
0.0723 21
0.0724 21
0.0725 21
0.0726 22
0.0727 23
0.0728 23
0.0729 21
0.073 20
0.0731 21
0.0732 21
0.0733 21
0.0734 23
0.0735 23
0.0736 24
0.0737 24
0.0738 24
0.0739 24
0.074 24
0.0741 24
0.0742 22
0.0743 21
0.0744 21
0.0745 22
0.0746 22
0.0747 22
0.0748 23
0.0749 23
0.075 24
0.0751 24
0.0752 26
0.0753 26
0.0754 26
0.0755 26
0.0756 26
0.0757 26
0.0758 27
0.0759 28
0.076 27
0.0761 27
0.0762 27
0.0763 26
0.0764 26
0.0765 27
0.0766 27
0.0767 28
0.0768 27
0.0769 27
0.077 29
0.0771 29
0.0772 28
0.0773 28
0.0774 28
0.0775 28
0.0776 27
0.0777 27
0.0778 27
0.0779 26
0.078 26
0.0781 26
0.0782 27
0.0783 27
0.0784 28
0.0785 28
0.0786 27
0.0787 27
0.0788 25
0.0789 25
0.079 26
0.0791 26
0.0792 29
0.0793 30
0.0794 30
0.0795 30
0.0796 30
0.0797 30
0.0798 30
0.0799 31
0.08 31
0.0801 32
0.0802 32
0.0803 32
0.0804 32
0.0805 33
0.0806 33
0.0807 32
0.0808 32
0.0809 32
0.081 33
0.0811 33
0.0812 33
0.0813 34
0.0814 37
0.0815 37
0.0816 37
0.0817 36
0.0818 36
0.0819 37
0.082 37
0.0821 37
0.0822 38
0.0823 38
0.0824 38
0.0825 37
0.0826 36
0.0827 35
0.0828 35
0.0829 35
0.083 36
0.0831 36
0.0832 36
0.0833 36
0.0834 35
0.0835 36
0.0836 36
0.0837 36
0.0838 36
0.0839 36
0.084 36
0.0841 36
0.0842 36
0.0843 35
0.0844 35
0.0845 35
0.0846 35
0.0847 34
0.0848 33
0.0849 32
0.085 31
0.0851 31
0.0852 31
0.0853 31
0.0854 32
0.0855 32
0.0856 30
0.0857 30
0.0858 31
0.0859 31
0.086 31
0.0861 30
0.0862 31
0.0863 31
0.0864 31
0.0865 31
0.0866 31
0.0867 31
0.0868 31
0.0869 31
0.087 32
0.0871 33
0.0872 34
0.0873 33
0.0874 34
0.0875 33
0.0876 35
0.0877 35
0.0878 36
0.0879 37
0.088 37
0.0881 37
0.0882 37
0.0883 38
0.0884 38
0.0885 38
0.0886 38
0.0887 38
0.0888 38
0.0889 39
0.089 39
0.0891 38
0.0892 38
0.0893 39
0.0894 39
0.0895 39
0.0896 39
0.0897 40
0.0898 40
0.0899 40
0.09 40
0.0901 40
0.0902 40
0.0903 40
0.0904 40
0.0905 40
0.0906 40
0.0907 40
0.0908 41
0.0909 41
0.091 41
0.0911 41
0.0912 41
0.0913 40
0.0914 39
0.0915 40
0.0916 41
0.0917 41
0.0918 41
0.0919 41
0.092 43
0.0921 43
0.0922 44
0.0923 45
0.0924 44
0.0925 43
0.0926 43
0.0927 43
0.0928 43
0.0929 44
0.093 44
0.0931 44
0.0932 44
0.0933 43
0.0934 43
0.0935 45
0.0936 45
0.0937 45
0.0938 45
0.0939 44
0.094 43
0.0941 43
0.0942 42
0.0943 42
0.0944 42
0.0945 41
0.0946 41
0.0947 42
0.0948 43
0.0949 45
0.095 47
0.0951 47
0.0952 48
0.0953 48
0.0954 46
0.0955 48
0.0956 47
0.0957 46
0.0958 46
0.0959 48
0.096 47
0.0961 46
0.0962 45
0.0963 44
0.0964 45
0.0965 45
0.0966 45
0.0967 45
0.0968 45
0.0969 44
0.097 44
0.0971 45
0.0972 45
0.0973 45
0.0974 45
0.0975 45
0.0976 45
0.0977 45
0.0978 44
0.0979 44
0.098 44
0.0981 45
0.0982 45
0.0983 46
0.0984 45
0.0985 45
0.0986 45
0.0987 44
0.0988 43
0.0989 43
0.099 43
0.0991 43
0.0992 43
0.0993 43
0.0994 42
0.0995 42
0.0996 42
0.0997 42
0.0998 44
0.0999 44
0.1 44
