0 0
0.01 41
0.02 68
0.03 80
0.04 82
0.05 89
0.06 96
0.07 87
0.08 82
0.09 95
0.1 90
0.11 85
0.12 81
0.13 80
0.14 77
0.15 85
0.16 84
0.17 89
0.18 84
0.19 88
0.2 90
0.21 88
0.22 78
0.23 78
0.24 81
0.25 74
0.26 80
0.27 82
0.28 84
0.29 86
0.3 73
0.31 66
0.32 59
0.33 59
0.34 64
0.35 65
0.36 71
0.37 72
0.38 72
0.39 73
0.4 73
0.41 75
0.42 74
0.43 75
0.44 69
0.45 67
0.46 70
0.47 66
0.48 67
0.49 67
0.5 65
0.51 70
0.52 68
0.53 67
0.54 70
0.55 67
0.56 70
0.57 67
0.58 67
0.59 69
0.6 67
0.61 63
0.62 58
0.63 49
0.64 56
0.65 59
0.66 64
0.67 70
0.68 65
0.69 64
0.7 62
0.71 57
0.72 53
0.73 49
0.74 55
0.75 57
0.76 58
0.77 59
0.78 61
0.79 64
0.8 62
0.81 68
0.82 67
0.83 67
0.84 71
0.85 72
0.86 71
0.87 73
0.88 72
0.89 75
0.9 73
0.91 75
0.92 77
0.93 79
0.94 75
0.95 69
0.96 65
0.97 67
0.98 74
0.99 81
1 82
1.01 83
1.02 77
1.03 73
1.04 71
1.05 72
1.06 70
1.07 71
1.08 69
1.09 62
1.1 60
1.11 57
1.12 54
1.13 55
1.14 60
1.15 63
1.16 61
1.17 63
1.18 62
1.19 65
1.2 64
1.21 56
1.22 54
1.23 54
1.24 55
1.25 59
1.26 58
1.27 61
1.28 60
1.29 57
1.3 57
1.31 56
1.32 51
1.33 47
1.34 49
1.35 51
1.36 52
1.37 53
1.38 51
1.39 58
1.4 58
1.41 54
1.42 54
1.43 54
1.44 59
1.45 59
1.46 57
1.47 56
1.48 58
1.49 62
1.5 59
1.51 59
1.52 55
1.53 54
1.54 54
1.55 55
1.56 53
1.57 60
1.58 62
1.59 61
1.6 52
1.61 51
1.62 50
1.63 55
1.64 54
1.65 54
1.66 57
1.67 57
1.68 55
1.69 56
1.7 57
1.71 61
1.72 62
1.73 63
1.74 65
1.75 62
1.76 62
1.77 57
1.78 59
1.79 56
1.8 59
1.81 58
1.82 61
1.83 64
1.84 59
1.85 55
1.86 56
1.87 62
1.88 60
1.89 57
1.9 52
1.91 57
1.92 61
1.93 58
1.94 55
1.95 51
1.96 50
1.97 51
1.98 52
1.99 51
2 57
