0 0
0.0001 11
0.0002 36
0.0003 58
0.0004 81
0.0005 93
0.0006 102
0.0007 106
0.0008 116
0.0009 119
0.001 121
0.0011 115
0.0012 114
0.0013 116
0.0014 116
0.0015 130
0.0016 129
0.0017 128
0.0018 124
0.0019 118
0.002 120
0.0021 115
0.0022 121
0.0023 111
0.0024 108
0.0025 108
0.0026 109
0.0027 114
0.0028 113
0.0029 118
0.003 112
0.0031 115
0.0032 112
0.0033 108
0.0034 120
0.0035 111
0.0036 111
0.0037 104
0.0038 105
0.0039 103
0.004 102
0.0041 103
0.0042 96
0.0043 98
0.0044 106
0.0045 102
0.0046 101
0.0047 102
0.0048 110
0.0049 103
0.005 106
0.0051 109
0.0052 109
0.0053 105
0.0054 105
0.0055 101
0.0056 99
0.0057 103
0.0058 105
0.0059 105
0.006 97
0.0061 91
0.0062 94
0.0063 95
0.0064 89
0.0065 90
0.0066 87
0.0067 89
0.0068 93
0.0069 82
0.007 87
0.0071 79
0.0072 79
0.0073 80
0.0074 81
0.0075 78
0.0076 79
0.0077 73
0.0078 69
0.0079 69
0.008 73
0.0081 68
0.0082 75
0.0083 76
0.0084 71
0.0085 76
0.0086 80
0.0087 85
0.0088 87
0.0089 80
0.009 78
0.0091 72
0.0092 72
0.0093 75
0.0094 77
0.0095 75
0.0096 76
0.0097 79
0.0098 78
0.0099 80
0.01 78
0.0101 72
0.0102 70
0.0103 68
0.0104 69
0.0105 62
0.0106 68
0.0107 63
0.0108 66
0.0109 66
0.011 64
0.0111 66
0.0112 68
0.0113 62
0.0114 59
0.0115 61
0.0116 61
0.0117 67
0.0118 67
0.0119 59
0.012 57
0.0121 59
0.0122 54
0.0123 53
0.0124 49
0.0125 48
0.0126 48
0.0127 50
0.0128 45
0.0129 44
0.013 45
0.0131 39
0.0132 43
0.0133 45
0.0134 49
0.0135 41
0.0136 36
0.0137 39
0.0138 36
0.0139 36
0.014 38
0.0141 42
0.0142 42
0.0143 39
0.0144 37
0.0145 34
0.0146 35
0.0147 37
0.0148 40
0.0149 42
0.015 44
0.0151 43
0.0152 43
0.0153 40
0.0154 38
0.0155 39
0.0156 43
0.0157 47
0.0158 53
0.0159 50
0.016 45
0.0161 46
0.0162 44
0.0163 40
0.0164 35
0.0165 38
0.0166 35
0.0167 31
0.0168 33
0.0169 29
0.017 35
0.0171 37
0.0172 36
0.0173 35
0.0174 34
0.0175 35
0.0176 34
0.0177 39
0.0178 36
0.0179 37
0.018 37
0.0181 36
0.0182 37
0.0183 34
0.0184 34
0.0185 34
0.0186 33
0.0187 34
0.0188 34
0.0189 35
0.019 34
0.0191 37
0.0192 42
0.0193 40
0.0194 38
0.0195 40
0.0196 38
0.0197 36
0.0198 43
0.0199 38
0.02 37
0.0201 36
0.0202 35
0.0203 28
0.0204 23
0.0205 22
0.0206 25
0.0207 24
0.0208 23
0.0209 24
0.021 25
0.0211 26
0.0212 24
0.0213 23
0.0214 22
0.0215 25
0.0216 25
0.0217 26
0.0218 25
0.0219 25
0.022 18
0.0221 17
0.0222 19
0.0223 22
0.0224 22
0.0225 21
0.0226 20
0.0227 22
0.0228 23
0.0229 26
0.023 22
0.0231 24
0.0232 23
0.0233 21
0.0234 20
0.0235 20
0.0236 23
0.0237 21
0.0238 21
0.0239 20
0.024 20
0.0241 20
0.0242 22
0.0243 19
0.0244 20
0.0245 19
0.0246 19
0.0247 20
0.0248 19
0.0249 19
0.025 19
0.0251 19
0.0252 19
0.0253 18
0.0254 18
0.0255 17
0.0256 19
0.0257 19
0.0258 20
0.0259 20
0.026 18
0.0261 20
0.0262 19
0.0263 20
0.0264 19
0.0265 22
0.0266 22
0.0267 20
0.0268 17
0.0269 16
0.027 15
0.0271 14
0.0272 14
0.0273 14
0.0274 19
0.0275 18
0.0276 15
0.0277 16
0.0278 17
0.0279 15
0.028 12
0.0281 12
0.0282 12
0.0283 14
0.0284 14
0.0285 12
0.0286 12
0.0287 13
0.0288 13
0.0289 11
0.029 9
0.0291 8
0.0292 7
0.0293 8
0.0294 10
0.0295 12
0.0296 12
0.0297 14
0.0298 15
0.0299 15
0.03 14
0.0301 17
0.0302 16
0.0303 17
0.0304 17
0.0305 17
0.0306 15
0.0307 13
0.0308 14
0.0309 12
0.031 9
0.0311 9
0.0312 10
0.0313 13
0.0314 13
0.0315 13
0.0316 12
0.0317 11
0.0318 8
0.0319 9
0.032 10
0.0321 11
0.0322 11
0.0323 11
0.0324 11
0.0325 11
0.0326 10
0.0327 10
0.0328 8
0.0329 8
0.033 8
0.0331 9
0.0332 11
0.0333 13
0.0334 12
0.0335 12
0.0336 13
0.0337 10
0.0338 10
0.0339 11
0.034 11
0.0341 11
0.0342 11
0.0343 13
0.0344 12
0.0345 12
0.0346 14
0.0347 14
0.0348 11
0.0349 13
0.035 14
0.0351 15
0.0352 14
0.0353 15
0.0354 15
0.0355 16
0.0356 16
0.0357 12
0.0358 13
0.0359 15
0.036 16
0.0361 16
0.0362 14
0.0363 14
0.0364 13
0.0365 11
0.0366 11
0.0367 10
0.0368 12
0.0369 13
0.037 13
0.0371 12
0.0372 11
0.0373 12
0.0374 12
0.0375 11
0.0376 12
0.0377 13
0.0378 12
0.0379 15
0.038 14
0.0381 14
0.0382 11
0.0383 12
0.0384 12
0.0385 14
0.0386 15
0.0387 13
0.0388 15
0.0389 10
0.039 12
0.0391 14
0.0392 14
0.0393 12
0.0394 9
0.0395 8
0.0396 9
0.0397 12
0.0398 12
0.0399 13
0.04 14
0.0401 12
0.0402 11
0.0403 11
0.0404 10
0.0405 10
0.0406 9
0.0407 10
0.0408 8
0.0409 8
0.041 7
0.0411 9
0.0412 9
0.0413 8
0.0414 8
0.0415 10
0.0416 10
0.0417 10
0.0418 9
0.0419 10
0.042 11
0.0421 12
0.0422 11
0.0423 12
0.0424 13
0.0425 13
0.0426 11
0.0427 12
0.0428 10
0.0429 10
0.043 11
0.0431 12
0.0432 12
0.0433 12
0.0434 11
0.0435 10
0.0436 10
0.0437 10
0.0438 11
0.0439 12
0.044 10
0.0441 9
0.0442 9
0.0443 9
0.0444 8
0.0445 7
0.0446 6
0.0447 6
0.0448 8
0.0449 8
0.045 9
0.0451 8
0.0452 9
0.0453 10
0.0454 10
0.0455 9
0.0456 7
0.0457 6
0.0458 6
0.0459 8
0.046 5
0.0461 6
0.0462 6
0.0463 6
0.0464 6
0.0465 6
0.0466 6
0.0467 4
0.0468 5
0.0469 5
0.047 5
0.0471 6
0.0472 8
0.0473 7
0.0474 7
0.0475 5
0.0476 5
0.0477 6
0.0478 7
0.0479 7
0.048 7
0.0481 8
0.0482 9
0.0483 8
0.0484 8
0.0485 8
0.0486 7
0.0487 6
0.0488 6
0.0489 6
0.049 5
0.0491 5
0.0492 7
0.0493 7
0.0494 7
0.0495 6
0.0496 5
0.0497 5
0.0498 5
0.0499 3
0.05 4
0.0501 3
0.0502 3
0.0503 4
0.0504 4
0.0505 4
0.0506 4
0.0507 4
0.0508 5
0.0509 6
0.051 5
0.0511 5
0.0512 7
0.0513 10
0.0514 8
0.0515 9
0.0516 7
0.0517 7
0.0518 6
0.0519 8
0.052 7
0.0521 7
0.0522 7
0.0523 7
0.0524 7
0.0525 7
0.0526 8
0.0527 8
0.0528 8
0.0529 8
0.053 8
0.0531 8
0.0532 7
0.0533 8
0.0534 8
0.0535 7
0.0536 7
0.0537 8
0.0538 7
0.0539 7
0.054 10
0.0541 8
0.0542 8
0.0543 10
0.0544 10
0.0545 8
0.0546 8
0.0547 7
0.0548 7
0.0549 7
0.055 6
0.0551 7
0.0552 5
0.0553 4
0.0554 4
0.0555 4
0.0556 3
0.0557 4
0.0558 3
0.0559 3
0.056 3
0.0561 3
0.0562 4
0.0563 6
0.0564 3
0.0565 2
0.0566 2
0.0567 1
0.0568 2
0.0569 4
0.057 4
0.0571 5
0.0572 6
0.0573 7
0.0574 8
0.0575 9
0.0576 9
0.0577 9
0.0578 10
0.0579 10
0.058 10
0.0581 10
0.0582 9
0.0583 9
0.0584 9
0.0585 8
0.0586 8
0.0587 9
0.0588 8
0.0589 9
0.059 10
0.0591 11
0.0592 7
0.0593 10
0.0594 7
0.0595 7
0.0596 8
0.0597 7
0.0598 6
0.0599 5
0.06 5
0.0601 5
0.0602 5
0.0603 5
0.0604 5
0.0605 5
0.0606 4
0.0607 4
0.0608 7
0.0609 7
0.061 7
0.0611 7
0.0612 7
0.0613 7
0.0614 7
0.0615 6
0.0616 6
0.0617 8
0.0618 7
0.0619 9
0.062 6
0.0621 6
0.0622 6
0.0623 5
0.0624 5
0.0625 4
0.0626 4
0.0627 2
0.0628 3
0.0629 5
0.063 6
0.0631 6
0.0632 4
0.0633 5
0.0634 7
0.0635 6
0.0636 5
0.0637 6
0.0638 9
0.0639 8
0.064 8
0.0641 6
0.0642 6
0.0643 4
0.0644 4
0.0645 3
0.0646 4
0.0647 5
0.0648 6
0.0649 5
0.065 6
0.0651 6
0.0652 6
0.0653 6
0.0654 7
0.0655 7
0.0656 7
0.0657 7
0.0658 7
0.0659 9
0.066 6
0.0661 6
0.0662 5
0.0663 4
0.0664 4
0.0665 4
0.0666 2
0.0667 1
0.0668 1
0.0669 2
0.067 2
0.0671 3
0.0672 3
0.0673 2
0.0674 2
0.0675 2
0.0676 2
0.0677 3
0.0678 3
0.0679 3
0.068 5
0.0681 6
0.0682 5
0.0683 4
0.0684 3
0.0685 2
0.0686 4
0.0687 4
0.0688 4
0.0689 3
0.069 3
0.0691 3
0.0692 3
0.0693 4
0.0694 6
0.0695 9
0.0696 7
0.0697 7
0.0698 5
0.0699 5
0.07 4
0.0701 4
0.0702 4
0.0703 6
0.0704 7
0.0705 9
0.0706 6
0.0707 6
0.0708 5
0.0709 6
0.071 5
0.0711 9
0.0712 8
0.0713 7
0.0714 7
0.0715 8
0.0716 6
0.0717 6
0.0718 6
0.0719 5
0.072 6
0.0721 7
0.0722 6
0.0723 6
0.0724 5
0.0725 5
0.0726 6
0.0727 6
0.0728 4
0.0729 4
0.073 5
0.0731 4
0.0732 4
0.0733 4
0.0734 4
0.0735 5
0.0736 5
0.0737 5
0.0738 4
0.0739 4
0.074 4
0.0741 3
0.0742 3
0.0743 2
0.0744 2
0.0745 3
0.0746 4
0.0747 5
0.0748 4
0.0749 5
0.075 5
0.0751 4
0.0752 4
0.0753 3
0.0754 3
0.0755 3
0.0756 3
0.0757 3
0.0758 3
0.0759 3
0.076 3
0.0761 2
0.0762 3
0.0763 3
0.0764 4
0.0765 4
0.0766 4
0.0767 3
0.0768 3
0.0769 2
0.077 3
0.0771 3
0.0772 3
0.0773 3
0.0774 3
0.0775 3
0.0776 4
0.0777 4
0.0778 4
0.0779 5
0.078 5
0.0781 3
0.0782 4
0.0783 4
0.0784 4
0.0785 6
0.0786 5
0.0787 4
0.0788 3
0.0789 4
0.079 4
0.0791 4
0.0792 4
0.0793 3
0.0794 3
0.0795 3
0.0796 4
0.0797 7
0.0798 7
0.0799 7
0.08 8
0.0801 8
0.0802 8
0.0803 8
0.0804 10
0.0805 11
0.0806 12
0.0807 12
0.0808 12
0.0809 10
0.081 10
0.0811 10
0.0812 10
0.0813 11
0.0814 11
0.0815 7
0.0816 7
0.0817 7
0.0818 8
0.0819 9
0.082 7
0.0821 5
0.0822 6
0.0823 6
0.0824 8
0.0825 8
0.0826 8
0.0827 8
0.0828 7
0.0829 5
0.083 4
0.0831 4
0.0832 4
0.0833 4
0.0834 3
0.0835 3
0.0836 4
0.0837 4
0.0838 4
0.0839 4
0.084 4
0.0841 5
0.0842 4
0.0843 3
0.0844 3
0.0845 3
0.0846 3
0.0847 3
0.0848 3
0.0849 2
0.085 3
0.0851 3
0.0852 3
0.0853 3
0.0854 3
0.0855 3
0.0856 3
0.0857 3
0.0858 3
0.0859 5
0.086 3
0.0861 4
0.0862 4
0.0863 4
0.0864 4
0.0865 4
0.0866 4
0.0867 4
0.0868 6
0.0869 4
0.087 4
0.0871 5
0.0872 6
0.0873 7
0.0874 8
0.0875 7
0.0876 8
0.0877 6
0.0878 7
0.0879 8
0.088 5
0.0881 6
0.0882 7
0.0883 6
0.0884 6
0.0885 5
0.0886 5
0.0887 5
0.0888 6
0.0889 5
0.089 4
0.0891 5
0.0892 5
0.0893 4
0.0894 6
0.0895 6
0.0896 7
0.0897 7
0.0898 6
0.0899 6
0.09 6
0.0901 4
0.0902 5
0.0903 4
0.0904 3
0.0905 4
0.0906 3
0.0907 3
0.0908 5
0.0909 5
0.091 6
0.0911 4
0.0912 5
0.0913 6
0.0914 6
0.0915 6
0.0916 6
0.0917 7
0.0918 8
0.0919 6
0.092 5
0.0921 5
0.0922 5
0.0923 6
0.0924 6
0.0925 7
0.0926 7
0.0927 7
0.0928 7
0.0929 7
0.093 6
0.0931 6
0.0932 6
0.0933 5
0.0934 4
0.0935 3
0.0936 3
0.0937 5
0.0938 5
0.0939 6
0.094 7
0.0941 7
0.0942 8
0.0943 10
0.0944 8
0.0945 9
0.0946 5
0.0947 4
0.0948 3
0.0949 2
0.095 2
0.0951 2
0.0952 2
0.0953 1
0.0954 1
0.0955 2
0.0956 2
0.0957 3
0.0958 3
0.0959 2
0.096 3
0.0961 3
0.0962 3
0.0963 3
0.0964 4
0.0965 3
0.0966 3
0.0967 3
0.0968 3
0.0969 3
0.097 3
0.0971 2
0.0972 2
0.0973 2
0.0974 5
0.0975 5
0.0976 4
0.0977 3
0.0978 3
0.0979 4
0.098 3
0.0981 3
0.0982 3
0.0983 3
0.0984 3
0.0985 1
0.0986 1
0.0987 1
0.0988 1
0.0989 0
0.099 0
0.0991 0
0.0992 0
0.0993 0
0.0994 1
0.0995 1
0.0996 2
0.0997 2
0.0998 2
0.0999 2
0.1 2
