0 0
0.0001 179
0.0002 240
0.0003 297
0.0004 284
0.0005 300
0.0006 297
0.0007 265
0.0008 277
0.0009 286
0.001 286
0.0011 291
0.0012 280
0.0013 280
0.0014 264
0.0015 259
0.0016 252
0.0017 264
0.0018 261
0.0019 242
0.002 238
0.0021 241
0.0022 249
0.0023 260
0.0024 243
0.0025 263
0.0026 241
0.0027 243
0.0028 239
0.0029 239
0.003 235
0.0031 233
0.0032 248
0.0033 250
0.0034 244
0.0035 246
0.0036 256
0.0037 250
0.0038 245
0.0039 245
0.004 229
0.0041 241
0.0042 236
0.0043 241
0.0044 247
0.0045 236
0.0046 246
0.0047 241
0.0048 244
0.0049 237
0.005 243
0.0051 230
0.0052 225
0.0053 246
0.0054 245
0.0055 228
0.0056 233
0.0057 232
0.0058 228
0.0059 215
0.006 236
0.0061 233
0.0062 227
0.0063 212
0.0064 228
0.0065 235
0.0066 231
0.0067 220
0.0068 228
0.0069 229
0.007 222
0.0071 217
0.0072 224
0.0073 224
0.0074 209
0.0075 214
0.0076 206
0.0077 208
0.0078 200
0.0079 218
0.008 220
0.0081 214
0.0082 217
0.0083 212
0.0084 212
0.0085 208
0.0086 203
0.0087 210
0.0088 200
0.0089 197
0.009 190
0.0091 192
0.0092 208
0.0093 203
0.0094 201
0.0095 187
0.0096 189
0.0097 189
0.0098 187
0.0099 197
0.01 207
0.0101 197
0.0102 193
0.0103 205
0.0104 195
0.0105 184
0.0106 197
0.0107 180
0.0108 183
0.0109 188
0.011 183
0.0111 179
0.0112 166
0.0113 182
0.0114 177
0.0115 192
0.0116 197
0.0117 189
0.0118 186
0.0119 192
0.012 189
0.0121 199
0.0122 211
0.0123 201
0.0124 191
0.0125 176
0.0126 171
0.0127 185
0.0128 192
0.0129 199
0.013 198
0.0131 176
0.0132 173
0.0133 189
0.0134 195
0.0135 184
0.0136 182
0.0137 175
0.0138 179
0.0139 171
0.014 160
0.0141 171
0.0142 186
0.0143 164
0.0144 175
0.0145 178
0.0146 168
0.0147 171
0.0148 174
0.0149 157
0.015 161
0.0151 176
0.0152 170
0.0153 175
0.0154 161
0.0155 156
0.0156 144
0.0157 147
0.0158 160
0.0159 154
0.016 164
0.0161 169
0.0162 175
0.0163 171
0.0164 173
0.0165 171
0.0166 172
0.0167 179
0.0168 174
0.0169 166
0.017 168
0.0171 163
0.0172 165
0.0173 159
0.0174 168
0.0175 154
0.0176 150
0.0177 158
0.0178 153
0.0179 156
0.018 158
0.0181 150
0.0182 144
0.0183 149
0.0184 151
0.0185 150
0.0186 163
0.0187 156
0.0188 167
0.0189 152
0.019 158
0.0191 148
0.0192 147
0.0193 143
0.0194 148
0.0195 151
0.0196 138
0.0197 141
0.0198 151
0.0199 154
0.02 152
0.0201 135
0.0202 134
0.0203 135
0.0204 126
0.0205 125
0.0206 134
0.0207 140
0.0208 147
0.0209 149
0.021 153
0.0211 144
0.0212 142
0.0213 150
0.0214 137
0.0215 150
0.0216 143
0.0217 138
0.0218 133
0.0219 127
0.022 125
0.0221 109
0.0222 111
0.0223 115
0.0224 124
0.0225 128
0.0226 124
0.0227 110
0.0228 116
0.0229 118
0.023 119
0.0231 134
0.0232 125
0.0233 134
0.0234 126
0.0235 138
0.0236 135
0.0237 140
0.0238 138
0.0239 135
0.024 120
0.0241 127
0.0242 120
0.0243 117
0.0244 130
0.0245 124
0.0246 121
0.0247 121
0.0248 117
0.0249 124
0.025 135
0.0251 125
0.0252 117
0.0253 116
0.0254 118
0.0255 120
0.0256 121
0.0257 122
0.0258 115
0.0259 115
0.026 116
0.0261 114
0.0262 117
0.0263 116
0.0264 111
0.0265 115
0.0266 125
0.0267 115
0.0268 115
0.0269 114
0.027 96
0.0271 103
0.0272 107
0.0273 105
0.0274 110
0.0275 113
0.0276 114
0.0277 114
0.0278 115
0.0279 115
0.028 105
0.0281 111
0.0282 111
0.0283 119
0.0284 119
0.0285 113
0.0286 111
0.0287 110
0.0288 105
0.0289 106
0.029 102
0.0291 93
0.0292 96
0.0293 111
0.0294 107
0.0295 103
0.0296 113
0.0297 115
0.0298 117
0.0299 114
0.03 117
0.0301 119
0.0302 117
0.0303 114
0.0304 112
0.0305 114
0.0306 110
0.0307 105
0.0308 97
0.0309 98
0.031 105
0.0311 105
0.0312 111
0.0313 114
0.0314 97
0.0315 92
0.0316 85
0.0317 92
0.0318 97
0.0319 86
0.032 90
0.0321 98
0.0322 110
0.0323 102
0.0324 98
0.0325 89
0.0326 93
0.0327 91
0.0328 100
0.0329 98
0.033 103
0.0331 115
0.0332 111
0.0333 107
0.0334 109
0.0335 113
0.0336 99
0.0337 97
0.0338 100
0.0339 115
0.034 118
0.0341 113
0.0342 103
0.0343 93
0.0344 88
0.0345 103
0.0346 100
0.0347 100
0.0348 114
0.0349 103
0.035 93
0.0351 97
0.0352 90
0.0353 92
0.0354 101
0.0355 106
0.0356 102
0.0357 98
0.0358 89
0.0359 90
0.036 91
0.0361 93
0.0362 91
0.0363 96
0.0364 99
0.0365 99
0.0366 104
0.0367 104
0.0368 96
0.0369 95
0.037 99
0.0371 97
0.0372 95
0.0373 91
0.0374 94
0.0375 91
0.0376 103
0.0377 103
0.0378 104
0.0379 98
0.038 89
0.0381 86
0.0382 88
0.0383 94
0.0384 95
0.0385 84
0.0386 97
0.0387 90
0.0388 101
0.0389 102
0.039 101
0.0391 92
0.0392 93
0.0393 97
0.0394 95
0.0395 84
0.0396 82
0.0397 81
0.0398 84
0.0399 81
0.04 94
0.0401 98
0.0402 93
0.0403 98
0.0404 93
0.0405 82
0.0406 75
0.0407 81
0.0408 92
0.0409 100
0.041 104
0.0411 100
0.0412 103
0.0413 97
0.0414 92
0.0415 96
0.0416 91
0.0417 89
0.0418 88
0.0419 93
0.042 92
0.0421 89
0.0422 93
0.0423 85
0.0424 94
0.0425 93
0.0426 89
0.0427 90
0.0428 93
0.0429 86
0.043 89
0.0431 89
0.0432 89
0.0433 89
0.0434 93
0.0435 79
0.0436 63
0.0437 74
0.0438 76
0.0439 82
0.044 90
0.0441 85
0.0442 81
0.0443 88
0.0444 105
0.0445 98
0.0446 100
0.0447 91
0.0448 90
0.0449 90
0.045 89
0.0451 96
0.0452 85
0.0453 89
0.0454 86
0.0455 86
0.0456 89
0.0457 80
0.0458 90
0.0459 78
0.046 72
0.0461 86
0.0462 77
0.0463 83
0.0464 75
0.0465 74
0.0466 80
0.0467 71
0.0468 78
0.0469 76
0.047 75
0.0471 71
0.0472 72
0.0473 75
0.0474 71
0.0475 80
0.0476 77
0.0477 77
0.0478 73
0.0479 83
0.048 77
0.0481 74
0.0482 77
0.0483 73
0.0484 66
0.0485 68
0.0486 65
0.0487 63
0.0488 63
0.0489 71
0.049 71
0.0491 74
0.0492 65
0.0493 62
0.0494 68
0.0495 68
0.0496 73
0.0497 84
0.0498 77
0.0499 78
0.05 72
0.0501 73
0.0502 74
0.0503 73
0.0504 70
0.0505 72
0.0506 76
0.0507 74
0.0508 70
0.0509 74
0.051 72
0.0511 77
0.0512 79
0.0513 75
0.0514 79
0.0515 70
0.0516 69
0.0517 73
0.0518 65
0.0519 60
0.052 64
0.0521 62
0.0522 63
0.0523 71
0.0524 71
0.0525 70
0.0526 77
0.0527 74
0.0528 67
0.0529 71
0.053 68
0.0531 70
0.0532 71
0.0533 76
0.0534 68
0.0535 64
0.0536 66
0.0537 77
0.0538 71
0.0539 72
0.054 73
0.0541 67
0.0542 64
0.0543 72
0.0544 87
0.0545 82
0.0546 76
0.0547 69
0.0548 68
0.0549 70
0.055 78
0.0551 84
0.0552 83
0.0553 79
0.0554 67
0.0555 60
0.0556 65
0.0557 66
0.0558 66
0.0559 69
0.056 75
0.0561 66
0.0562 60
0.0563 68
0.0564 71
0.0565 75
0.0566 80
0.0567 81
0.0568 77
0.0569 81
0.057 79
0.0571 68
0.0572 66
0.0573 62
0.0574 67
0.0575 60
0.0576 66
0.0577 67
0.0578 66
0.0579 74
0.058 75
0.0581 76
0.0582 65
0.0583 67
0.0584 67
0.0585 68
0.0586 60
0.0587 59
0.0588 65
0.0589 50
0.059 50
0.0591 58
0.0592 55
0.0593 52
0.0594 55
0.0595 54
0.0596 64
0.0597 54
0.0598 65
0.0599 66
0.06 62
0.0601 63
0.0602 68
0.0603 66
0.0604 73
0.0605 71
0.0606 62
0.0607 57
0.0608 58
0.0609 58
0.061 57
0.0611 64
0.0612 65
0.0613 58
0.0614 55
0.0615 61
0.0616 64
0.0617 54
0.0618 55
0.0619 55
0.062 56
0.0621 62
0.0622 67
0.0623 64
0.0624 66
0.0625 69
0.0626 77
0.0627 69
0.0628 68
0.0629 68
0.063 67
0.0631 67
0.0632 69
0.0633 59
0.0634 67
0.0635 66
0.0636 62
0.0637 62
0.0638 59
0.0639 53
0.064 55
0.0641 62
0.0642 68
0.0643 57
0.0644 54
0.0645 62
0.0646 59
0.0647 53
0.0648 56
0.0649 53
0.065 57
0.0651 59
0.0652 56
0.0653 62
0.0654 66
0.0655 67
0.0656 66
0.0657 60
0.0658 53
0.0659 44
0.066 49
0.0661 51
0.0662 52
0.0663 59
0.0664 55
0.0665 55
0.0666 66
0.0667 63
0.0668 62
0.0669 65
0.067 67
0.0671 67
0.0672 60
0.0673 62
0.0674 67
0.0675 71
0.0676 74
0.0677 70
0.0678 62
0.0679 65
0.068 60
0.0681 59
0.0682 61
0.0683 73
0.0684 68
0.0685 64
0.0686 59
0.0687 52
0.0688 52
0.0689 62
0.069 63
0.0691 65
0.0692 73
0.0693 71
0.0694 76
0.0695 77
0.0696 73
0.0697 70
0.0698 61
0.0699 60
0.07 58
0.0701 52
0.0702 53
0.0703 59
0.0704 65
0.0705 67
0.0706 60
0.0707 62
0.0708 55
0.0709 53
0.071 49
0.0711 48
0.0712 57
0.0713 53
0.0714 56
0.0715 58
0.0716 53
0.0717 51
0.0718 55
0.0719 59
0.072 60
0.0721 66
0.0722 67
0.0723 71
0.0724 69
0.0725 66
0.0726 61
0.0727 61
0.0728 60
0.0729 66
0.073 60
0.0731 60
0.0732 58
0.0733 63
0.0734 61
0.0735 62
0.0736 67
0.0737 63
0.0738 56
0.0739 54
0.074 52
0.0741 59
0.0742 62
0.0743 65
0.0744 71
0.0745 68
0.0746 60
0.0747 50
0.0748 58
0.0749 55
0.075 50
0.0751 52
0.0752 59
0.0753 54
0.0754 47
0.0755 55
0.0756 59
0.0757 60
0.0758 61
0.0759 58
0.076 62
0.0761 62
0.0762 62
0.0763 58
0.0764 62
0.0765 61
0.0766 65
0.0767 61
0.0768 54
0.0769 59
0.077 60
0.0771 57
0.0772 56
0.0773 52
0.0774 57
0.0775 60
0.0776 62
0.0777 55
0.0778 57
0.0779 48
0.078 59
0.0781 59
0.0782 62
0.0783 61
0.0784 66
0.0785 67
0.0786 70
0.0787 54
0.0788 54
0.0789 55
0.079 65
0.0791 60
0.0792 57
0.0793 61
0.0794 57
0.0795 55
0.0796 53
0.0797 60
0.0798 70
0.0799 54
0.08 54
0.0801 63
0.0802 64
0.0803 57
0.0804 66
0.0805 67
0.0806 62
0.0807 57
0.0808 56
0.0809 64
0.081 63
0.0811 69
0.0812 65
0.0813 61
0.0814 58
0.0815 64
0.0816 62
0.0817 59
0.0818 56
0.0819 53
0.082 66
0.0821 68
0.0822 56
0.0823 59
0.0824 60
0.0825 66
0.0826 70
0.0827 67
0.0828 68
0.0829 64
0.083 63
0.0831 73
0.0832 88
0.0833 79
0.0834 66
0.0835 67
0.0836 63
0.0837 57
0.0838 52
0.0839 51
0.084 60
0.0841 58
0.0842 55
0.0843 52
0.0844 58
0.0845 53
0.0846 59
0.0847 53
0.0848 57
0.0849 57
0.085 47
0.0851 57
0.0852 53
0.0853 51
0.0854 55
0.0855 52
0.0856 50
0.0857 65
0.0858 62
0.0859 61
0.086 62
0.0861 54
0.0862 57
0.0863 53
0.0864 59
0.0865 58
0.0866 62
0.0867 55
0.0868 49
0.0869 53
0.087 57
0.0871 54
0.0872 49
0.0873 54
0.0874 54
0.0875 48
0.0876 52
0.0877 51
0.0878 52
0.0879 59
0.088 63
0.0881 60
0.0882 65
0.0883 68
0.0884 65
0.0885 61
0.0886 65
0.0887 68
0.0888 59
0.0889 59
0.089 59
0.0891 61
0.0892 61
0.0893 62
0.0894 57
0.0895 49
0.0896 51
0.0897 55
0.0898 52
0.0899 54
0.09 54
0.0901 51
0.0902 56
0.0903 62
0.0904 52
0.0905 56
0.0906 53
0.0907 58
0.0908 56
0.0909 54
0.091 54
0.0911 58
0.0912 58
0.0913 52
0.0914 57
0.0915 53
0.0916 51
0.0917 53
0.0918 49
0.0919 53
0.092 48
0.0921 51
0.0922 52
0.0923 49
0.0924 45
0.0925 45
0.0926 42
0.0927 46
0.0928 41
0.0929 40
0.093 47
0.0931 56
0.0932 59
0.0933 54
0.0934 51
0.0935 51
0.0936 53
0.0937 52
0.0938 46
0.0939 44
0.094 48
0.0941 43
0.0942 44
0.0943 47
0.0944 45
0.0945 49
0.0946 51
0.0947 55
0.0948 48
0.0949 51
0.095 55
0.0951 59
0.0952 59
0.0953 58
0.0954 52
0.0955 47
0.0956 48
0.0957 53
0.0958 55
0.0959 47
0.096 43
0.0961 49
0.0962 53
0.0963 45
0.0964 50
0.0965 44
0.0966 45
0.0967 50
0.0968 58
0.0969 55
0.097 51
0.0971 52
0.0972 52
0.0973 54
0.0974 62
0.0975 52
0.0976 53
0.0977 45
0.0978 45
0.0979 45
0.098 44
0.0981 46
0.0982 49
0.0983 54
0.0984 59
0.0985 55
0.0986 48
0.0987 51
0.0988 58
0.0989 53
0.099 49
0.0991 53
0.0992 51
0.0993 57
0.0994 57
0.0995 49
0.0996 48
0.0997 37
0.0998 38
0.0999 41
0.1 42
