0 665
0.01 623
0.02 582
0.03 558
0.04 535
0.05 513
0.06 497
0.07 482
0.08 456
0.09 444
0.1 430
0.11 413
0.12 402
0.13 391
0.14 374
0.15 362
0.16 354
0.17 340
0.18 327
0.19 317
0.2 310
0.21 300
0.22 287
0.23 281
0.24 276
0.25 266
0.26 260
0.27 250
0.28 244
0.29 239
0.3 233
0.31 228
0.32 222
0.33 217
0.34 202
0.35 195
0.36 187
0.37 181
0.38 175
0.39 163
0.4 160
0.41 151
0.42 146
0.43 138
0.44 135
0.45 130
0.46 125
0.47 122
0.48 117
0.49 112
0.5 111
0.51 112
0.52 107
0.53 106
0.54 106
0.55 102
0.56 95
0.57 92
0.58 88
0.59 84
0.6 82
0.61 83
0.62 79
0.63 78
0.64 78
0.65 74
0.66 70
0.67 68
0.68 64
0.69 62
0.7 59
0.71 55
0.72 53
0.73 53
0.74 52
0.75 50
0.76 47
0.77 47
0.78 46
0.79 48
0.8 46
0.81 46
0.82 45
0.83 45
0.84 45
0.85 41
0.86 40
0.87 38
0.88 36
0.89 35
0.9 33
0.91 32
0.92 32
0.93 31
0.94 31
0.95 31
0.96 31
0.97 30
0.98 30
0.99 29
1 27
1.01 27
1.02 26
1.03 27
1.04 28
1.05 26
1.06 24
1.07 24
1.08 22
1.09 22
1.1 21
1.11 22
1.12 22
1.13 21
1.14 23
1.15 22
1.16 21
1.17 18
1.18 17
1.19 17
1.2 16
1.21 17
1.22 16
1.23 17
1.24 16
1.25 16
1.26 16
1.27 15
1.28 16
1.29 16
1.3 18
1.31 17
1.32 17
1.33 18
1.34 19
1.35 18
1.36 16
1.37 16
1.38 15
1.39 15
1.4 15
1.41 14
1.42 14
1.43 14
1.44 15
1.45 16
1.46 16
1.47 16
1.48 15
1.49 14
1.5 15
1.51 14
1.52 14
1.53 14
1.54 14
1.55 14
1.56 14
1.57 15
1.58 14
1.59 15
1.6 15
1.61 14
1.62 16
1.63 16
1.64 15
1.65 15
1.66 15
1.67 16
1.68 16
1.69 15
1.7 15
1.71 13
1.72 13
1.73 13
1.74 14
1.75 14
1.76 14
1.77 14
1.78 15
1.79 14
1.8 13
1.81 13
1.82 14
1.83 12
1.84 12
1.85 13
1.86 12
1.87 12
1.88 14
1.89 12
1.9 11
1.91 12
1.92 12
1.93 13
1.94 11
1.95 11
1.96 11
1.97 10
1.98 10
1.99 10
2 9
