0 0
0.0001 0
0.0002 0
0.0003 0
0.0004 0
0.0005 0
0.0006 0
0.0007 1
0.0008 1
0.0009 0
0.001 0
0.0011 1
0.0012 1
0.0013 0
0.0014 0
0.0015 1
0.0016 2
0.0017 1
0.0018 1
0.0019 2
0.002 0
0.0021 1
0.0022 1
0.0023 0
0.0024 0
0.0025 1
0.0026 0
0.0027 1
0.0028 1
0.0029 3
0.003 1
0.0031 0
0.0032 1
0.0033 2
0.0034 2
0.0035 0
0.0036 1
0.0037 0
0.0038 1
0.0039 0
0.004 1
0.0041 1
0.0042 5
0.0043 2
0.0044 1
0.0045 0
0.0046 2
0.0047 1
0.0048 0
0.0049 1
0.005 0
0.0051 4
0.0052 3
0.0053 2
0.0054 2
0.0055 1
0.0056 0
0.0057 0
0.0058 1
0.0059 1
0.006 1
0.0061 0
0.0062 1
0.0063 1
0.0064 2
0.0065 2
0.0066 1
0.0067 1
0.0068 3
0.0069 1
0.007 2
0.0071 0
0.0072 2
0.0073 0
0.0074 0
0.0075 0
0.0076 0
0.0077 1
0.0078 1
0.0079 3
0.008 3
0.0081 0
0.0082 1
0.0083 3
0.0084 2
0.0085 0
0.0086 0
0.0087 0
0.0088 4
0.0089 2
0.009 1
0.0091 5
0.0092 3
0.0093 1
0.0094 2
0.0095 1
0.0096 1
0.0097 1
0.0098 1
0.0099 1
0.01 3
0.0101 0
0.0102 2
0.0103 2
0.0104 1
0.0105 5
0.0106 2
0.0107 0
0.0108 4
0.0109 4
0.011 2
0.0111 3
0.0112 2
0.0113 2
0.0114 1
0.0115 4
0.0116 2
0.0117 1
0.0118 5
0.0119 0
0.012 4
0.0121 6
0.0122 2
0.0123 3
0.0124 5
0.0125 0
0.0126 5
0.0127 0
0.0128 1
0.0129 4
0.013 3
0.0131 4
0.0132 4
0.0133 0
0.0134 2
0.0135 4
0.0136 3
0.0137 0
0.0138 2
0.0139 5
0.014 5
0.0141 0
0.0142 4
0.0143 3
0.0144 2
0.0145 2
0.0146 1
0.0147 4
0.0148 4
0.0149 3
0.015 7
0.0151 4
0.0152 0
0.0153 4
0.0154 3
0.0155 2
0.0156 5
0.0157 2
0.0158 2
0.0159 3
0.016 3
0.0161 1
0.0162 4
0.0163 1
0.0164 5
0.0165 4
0.0166 7
0.0167 2
0.0168 2
0.0169 5
0.017 4
0.0171 5
0.0172 5
0.0173 3
0.0174 4
0.0175 5
0.0176 9
0.0177 9
0.0178 7
0.0179 6
0.018 7
0.0181 5
0.0182 9
0.0183 3
0.0184 6
0.0185 3
0.0186 9
0.0187 1
0.0188 6
0.0189 4
0.019 9
0.0191 10
0.0192 4
0.0193 6
0.0194 4
0.0195 7
0.0196 5
0.0197 7
0.0198 4
0.0199 10
0.02 3
0.0201 5
0.0202 7
0.0203 8
0.0204 4
0.0205 4
0.0206 4
0.0207 8
0.0208 4
0.0209 3
0.021 6
0.0211 11
0.0212 8
0.0213 7
0.0214 5
0.0215 8
0.0216 10
0.0217 8
0.0218 9
0.0219 10
0.022 8
0.0221 8
0.0222 3
0.0223 6
0.0224 7
0.0225 9
0.0226 8
0.0227 4
0.0228 5
0.0229 4
0.023 7
0.0231 3
0.0232 2
0.0233 8
0.0234 9
0.0235 8
0.0236 8
0.0237 6
0.0238 9
0.0239 9
0.024 6
0.0241 12
0.0242 12
0.0243 12
0.0244 10
0.0245 10
0.0246 20
0.0247 12
0.0248 16
0.0249 8
0.025 9
0.0251 12
0.0252 9
0.0253 10
0.0254 15
0.0255 16
0.0256 12
0.0257 8
0.0258 22
0.0259 10
0.026 9
0.0261 15
0.0262 7
0.0263 15
0.0264 12
0.0265 7
0.0266 15
0.0267 14
0.0268 18
0.0269 24
0.027 10
0.0271 18
0.0272 21
0.0273 14
0.0274 18
0.0275 21
0.0276 19
0.0277 26
0.0278 18
0.0279 22
0.028 28
0.0281 28
0.0282 32
0.0283 16
0.0284 25
0.0285 23
0.0286 25
0.0287 23
0.0288 32
0.0289 40
0.029 40
0.0291 34
0.0292 50
0.0293 50
0.0294 53
0.0295 53
0.0296 59
0.0297 68
0.0298 75
0.0299 72
0.03 88
0.0301 91
0.0302 94
0.0303 111
0.0304 123
0.0305 141
0.0306 154
0.0307 145
0.0308 143
0.0309 135
0.031 130
0.0311 140
0.0312 142
0.0313 127
0.0314 128
0.0315 144
0.0316 147
0.0317 174
0.0318 196
0.0319 223
0.032 245
0.0321 290
0.0322 327
0.0323 369
0.0324 401
0.0325 433
0.0326 464
0.0327 504
0.0328 548
0.0329 584
0.033 613
0.0331 663
0.0332 694
0.0333 720
0.0334 744
0.0335 782
0.0336 819
0.0337 838
0.0338 865
0.0339 879
0.034 893
0.0341 901
0.0342 896
0.0343 876
0.0344 865
0.0345 848
0.0346 800
0.0347 782
0.0348 735
0.0349 706
0.035 700
0.0351 707
0.0352 718
0.0353 748
0.0354 764
0.0355 786
0.0356 824
0.0357 849
0.0358 871
0.0359 892
0.036 913
0.0361 934
0.0362 938
0.0363 930
0.0364 930
0.0365 918
0.0366 920
0.0367 930
0.0368 939
0.0369 957
0.037 985
0.0371 1007
0.0372 1029
0.0373 1040
0.0374 1057
0.0375 1071
0.0376 1095
0.0377 1111
0.0378 1127
0.0379 1155
0.038 1177
0.0381 1198
0.0382 1213
0.0383 1228
0.0384 1249
0.0385 1263
0.0386 1273
0.0387 1289
0.0388 1309
0.0389 1318
0.039 1316
0.0391 1323
0.0392 1334
0.0393 1357
0.0394 1364
0.0395 1369
0.0396 1372
0.0397 1380
0.0398 1381
0.0399 1387
0.04 1397
0.0401 1393
0.0402 1399
0.0403 1386
0.0404 1377
0.0405 1354
0.0406 1323
0.0407 1291
0.0408 1253
0.0409 1206
0.041 1192
0.0411 1159
0.0412 1145
0.0413 1137
0.0414 1140
0.0415 1147
0.0416 1138
0.0417 1142
0.0418 1152
0.0419 1161
0.042 1165
0.0421 1173
0.0422 1181
0.0423 1178
0.0424 1179
0.0425 1183
0.0426 1186
0.0427 1198
0.0428 1204
0.0429 1207
0.043 1207
0.0431 1212
0.0432 1213
0.0433 1206
0.0434 1210
0.0435 1218
0.0436 1227
0.0437 1225
0.0438 1226
0.0439 1232
0.044 1235
0.0441 1235
0.0442 1227
0.0443 1238
0.0444 1239
0.0445 1250
0.0446 1253
0.0447 1252
0.0448 1255
0.0449 1252
0.045 1255
0.0451 1260
0.0452 1262
0.0453 1255
0.0454 1258
0.0455 1261
0.0456 1255
0.0457 1256
0.0458 1259
0.0459 1264
0.046 1258
0.0461 1244
0.0462 1238
0.0463 1232
0.0464 1223
0.0465 1215
0.0466 1207
0.0467 1205
0.0468 1207
0.0469 1207
0.047 1206
0.0471 1202
0.0472 1193
0.0473 1190
0.0474 1187
0.0475 1192
0.0476 1190
0.0477 1180
0.0478 1165
0.0479 1157
0.048 1148
0.0481 1146
0.0482 1145
0.0483 1135
0.0484 1140
0.0485 1142
0.0486 1149
0.0487 1156
0.0488 1157
0.0489 1163
0.049 1155
0.0491 1152
0.0492 1157
0.0493 1153
0.0494 1137
0.0495 1131
0.0496 1118
0.0497 1104
0.0498 1102
0.0499 1093
0.05 1087
0.0501 1088
0.0502 1076
0.0503 1080
0.0504 1076
0.0505 1073
0.0506 1079
0.0507 1072
0.0508 1070
0.0509 1064
0.051 1050
0.0511 1043
0.0512 1032
0.0513 1019
0.0514 1017
0.0515 1011
0.0516 1001
0.0517 994
0.0518 994
0.0519 995
0.052 971
0.0521 929
0.0522 884
0.0523 851
0.0524 841
0.0525 813
0.0526 784
0.0527 759
0.0528 743
0.0529 713
0.053 682
0.0531 651
0.0532 627
0.0533 585
0.0534 553
0.0535 523
0.0536 481
0.0537 427
0.0538 368
0.0539 333
0.054 301
0.0541 267
0.0542 250
0.0543 229
0.0544 221
0.0545 198
0.0546 183
0.0547 189
0.0548 178
0.0549 170
0.055 159
0.0551 157
0.0552 137
0.0553 142
0.0554 134
0.0555 123
0.0556 111
0.0557 127
0.0558 128
0.0559 125
0.056 103
0.0561 107
0.0562 106
0.0563 91
0.0564 77
0.0565 62
0.0566 54
0.0567 50
0.0568 54
0.0569 46
0.057 49
0.0571 48
0.0572 37
0.0573 28
0.0574 33
0.0575 34
0.0576 36
0.0577 44
0.0578 55
0.0579 41
0.058 38
0.0581 32
0.0582 32
0.0583 36
0.0584 27
0.0585 34
0.0586 34
0.0587 33
0.0588 38
0.0589 29
0.059 28
0.0591 22
0.0592 23
0.0593 28
0.0594 10
0.0595 17
0.0596 25
0.0597 23
0.0598 19
0.0599 18
0.06 13
0.0601 17
0.0602 22
0.0603 20
0.0604 22
0.0605 14
0.0606 22
0.0607 19
0.0608 20
0.0609 16
0.061 13
0.0611 15
0.0612 17
0.0613 20
0.0614 12
0.0615 15
0.0616 17
0.0617 10
0.0618 19
0.0619 17
0.062 17
0.0621 15
0.0622 13
0.0623 14
0.0624 18
0.0625 18
0.0626 21
0.0627 20
0.0628 10
0.0629 15
0.063 11
0.0631 20
0.0632 14
0.0633 18
0.0634 13
0.0635 16
0.0636 18
0.0637 21
0.0638 22
0.0639 21
0.064 18
0.0641 17
0.0642 20
0.0643 18
0.0644 22
0.0645 16
0.0646 17
0.0647 17
0.0648 25
0.0649 16
0.065 12
0.0651 14
0.0652 16
0.0653 20
0.0654 21
0.0655 21
0.0656 17
0.0657 18
0.0658 23
0.0659 18
0.066 11
0.0661 16
0.0662 14
0.0663 16
0.0664 20
0.0665 16
0.0666 21
0.0667 16
0.0668 19
0.0669 17
0.067 19
0.0671 23
0.0672 24
0.0673 25
0.0674 15
0.0675 26
0.0676 27
0.0677 27
0.0678 24
0.0679 20
0.068 34
0.0681 29
0.0682 28
0.0683 19
0.0684 18
0.0685 23
0.0686 30
0.0687 32
0.0688 18
0.0689 26
0.069 39
0.0691 31
0.0692 32
0.0693 30
0.0694 41
0.0695 44
0.0696 45
0.0697 35
0.0698 42
0.0699 36
0.07 52
0.0701 42
0.0702 42
0.0703 50
0.0704 55
0.0705 66
0.0706 55
0.0707 70
0.0708 70
0.0709 69
0.071 80
0.0711 78
0.0712 83
0.0713 92
0.0714 105
0.0715 103
0.0716 122
0.0717 129
0.0718 147
0.0719 152
0.072 155
0.0721 176
0.0722 180
0.0723 206
0.0724 228
0.0725 251
0.0726 279
0.0727 313
0.0728 353
0.0729 380
0.073 409
0.0731 453
0.0732 488
0.0733 518
0.0734 569
0.0735 605
0.0736 646
0.0737 683
0.0738 699
0.0739 701
0.074 694
0.0741 697
0.0742 703
0.0743 716
0.0744 741
0.0745 759
0.0746 783
0.0747 808
0.0748 831
0.0749 853
0.075 884
0.0751 895
0.0752 919
0.0753 935
0.0754 955
0.0755 980
0.0756 1007
0.0757 1026
0.0758 1049
0.0759 1068
0.076 1091
0.0761 1109
0.0762 1123
0.0763 1134
0.0764 1148
0.0765 1162
0.0766 1172
0.0767 1186
0.0768 1195
0.0769 1202
0.077 1216
0.0771 1228
0.0772 1234
0.0773 1235
0.0774 1244
0.0775 1247
0.0776 1252
0.0777 1258
0.0778 1264
0.0779 1276
0.078 1275
0.0781 1271
0.0782 1269
0.0783 1269
0.0784 1269
0.0785 1278
0.0786 1279
0.0787 1284
0.0788 1295
0.0789 1296
0.079 1297
0.0791 1300
0.0792 1303
0.0793 1315
0.0794 1322
0.0795 1321
0.0796 1320
0.0797 1319
0.0798 1314
0.0799 1319
0.08 1320
0.0801 1319
0.0802 1327
0.0803 1320
0.0804 1329
0.0805 1325
0.0806 1318
0.0807 1312
0.0808 1308
0.0809 1302
0.081 1290
0.0811 1284
0.0812 1285
0.0813 1289
0.0814 1292
0.0815 1299
0.0816 1297
0.0817 1294
0.0818 1286
0.0819 1281
0.082 1269
0.0821 1261
0.0822 1263
0.0823 1258
0.0824 1259
0.0825 1264
0.0826 1268
0.0827 1263
0.0828 1253
0.0829 1251
0.083 1251
0.0831 1251
0.0832 1252
0.0833 1252
0.0834 1260
0.0835 1257
0.0836 1259
0.0837 1259
0.0838 1261
0.0839 1260
0.084 1264
0.0841 1266
0.0842 1269
0.0843 1265
0.0844 1250
0.0845 1245
0.0846 1246
0.0847 1247
0.0848 1254
0.0849 1247
0.085 1251
0.0851 1246
0.0852 1240
0.0853 1244
0.0854 1238
0.0855 1241
0.0856 1242
0.0857 1230
0.0858 1222
0.0859 1202
0.086 1180
0.0861 1151
0.0862 1139
0.0863 1105
0.0864 1088
0.0865 1073
0.0866 1050
0.0867 1033
0.0868 1031
0.0869 1027
0.087 1025
0.0871 1013
0.0872 1009
0.0873 995
0.0874 995
0.0875 989
0.0876 986
0.0877 978
0.0878 978
0.0879 989
0.088 991
0.0881 994
0.0882 1001
0.0883 1000
0.0884 1008
0.0885 1011
0.0886 1019
0.0887 1022
0.0888 1026
0.0889 1029
0.089 1032
0.0891 1040
0.0892 1049
0.0893 1051
0.0894 1050
0.0895 1041
0.0896 1033
0.0897 1027
0.0898 1010
0.0899 971
0.09 936
0.0901 897
0.0902 861
0.0903 852
0.0904 831
0.0905 824
0.0906 816
0.0907 812
0.0908 803
0.0909 793
0.091 790
0.0911 793
0.0912 789
0.0913 793
0.0914 788
0.0915 793
0.0916 798
0.0917 807
0.0918 806
0.0919 808
0.092 810
0.0921 815
0.0922 826
0.0923 830
0.0924 825
0.0925 826
0.0926 835
0.0927 838
0.0928 832
0.0929 833
0.093 830
0.0931 828
0.0932 828
0.0933 829
0.0934 836
0.0935 835
0.0936 809
0.0937 786
0.0938 772
0.0939 750
0.094 726
0.0941 700
0.0942 673
0.0943 671
0.0944 668
0.0945 669
0.0946 670
0.0947 665
0.0948 664
0.0949 664
0.095 666
0.0951 667
0.0952 666
0.0953 665
0.0954 670
0.0955 676
0.0956 676
0.0957 677
0.0958 677
0.0959 679
0.096 678
0.0961 677
0.0962 684
0.0963 698
0.0964 699
0.0965 692
0.0966 690
0.0967 689
0.0968 681
0.0969 677
0.097 672
0.0971 680
0.0972 674
0.0973 682
0.0974 679
0.0975 682
0.0976 687
0.0977 689
0.0978 685
0.0979 686
0.098 689
0.0981 692
0.0982 693
0.0983 699
0.0984 700
0.0985 694
0.0986 689
0.0987 683
0.0988 681
0.0989 673
0.099 669
0.0991 669
0.0992 642
0.0993 608
0.0994 578
0.0995 559
0.0996 526
0.0997 491
0.0998 468
0.0999 444
0.1 408
0.1001 395
0.1002 371
0.1003 355
0.1004 328
0.1005 300
0.1006 278
0.1007 252
0.1008 227
0.1009 199
0.101 172
0.1011 150
0.1012 133
0.1013 111
0.1014 86
0.1015 72
0.1016 66
0.1017 51
0.1018 36
0.1019 34
0.102 23
0.1021 21
0.1022 14
0.1023 14
0.1024 19
0.1025 10
0.1026 9
0.1027 16
0.1028 10
0.1029 9
0.103 9
0.1031 14
0.1032 10
0.1033 14
0.1034 10
0.1035 14
0.1036 6
0.1037 10
0.1038 10
0.1039 15
0.104 15
0.1041 11
0.1042 12
0.1043 14
0.1044 7
0.1045 10
0.1046 5
0.1047 9
0.1048 9
0.1049 4
0.105 14
0.1051 11
0.1052 14
0.1053 13
0.1054 8
0.1055 4
0.1056 13
0.1057 3
0.1058 17
0.1059 10
0.106 12
0.1061 12
0.1062 7
0.1063 9
0.1064 12
0.1065 9
0.1066 10
0.1067 6
0.1068 9
0.1069 6
0.107 10
0.1071 10
0.1072 13
0.1073 15
0.1074 13
0.1075 8
0.1076 13
0.1077 15
0.1078 15
0.1079 18
0.108 9
0.1081 10
0.1082 5
0.1083 7
0.1084 9
0.1085 10
0.1086 10
0.1087 13
0.1088 7
0.1089 10
0.109 10
0.1091 6
0.1092 13
0.1093 7
0.1094 6
0.1095 13
0.1096 14
0.1097 9
0.1098 13
0.1099 10
0.11 13
0.1101 10
0.1102 13
0.1103 11
0.1104 13
0.1105 17
0.1106 11
0.1107 18
0.1108 15
0.1109 13
0.111 14
0.1111 8
0.1112 13
0.1113 13
0.1114 13
0.1115 9
0.1116 14
0.1117 14
0.1118 15
0.1119 15
0.112 17
0.1121 16
0.1122 15
0.1123 10
0.1124 11
0.1125 9
0.1126 11
0.1127 10
0.1128 13
0.1129 15
0.113 6
0.1131 15
0.1132 13
0.1133 15
0.1134 15
0.1135 13
0.1136 10
0.1137 15
0.1138 13
0.1139 9
0.114 10
0.1141 18
0.1142 12
0.1143 16
0.1144 20
0.1145 16
0.1146 16
0.1147 20
0.1148 14
0.1149 13
0.115 13
0.1151 13
0.1152 14
0.1153 20
0.1154 10
0.1155 12
0.1156 16
0.1157 16
0.1158 17
0.1159 14
0.116 13
0.1161 15
0.1162 17
0.1163 18
0.1164 17
0.1165 15
0.1166 17
0.1167 26
0.1168 28
0.1169 15
0.117 24
0.1171 19
0.1172 33
0.1173 29
0.1174 19
0.1175 25
0.1176 24
0.1177 26
0.1178 26
0.1179 21
0.118 29
0.1181 32
0.1182 25
0.1183 33
0.1184 34
0.1185 38
0.1186 36
0.1187 29
0.1188 32
0.1189 25
0.119 39
0.1191 51
0.1192 47
0.1193 50
0.1194 46
0.1195 56
0.1196 51
0.1197 53
0.1198 44
0.1199 47
0.12 63
0.1201 63
0.1202 65
0.1203 75
0.1204 79
0.1205 85
0.1206 89
0.1207 115
0.1208 120
0.1209 103
0.121 127
0.1211 137
0.1212 148
0.1213 141
0.1214 152
0.1215 167
0.1216 178
0.1217 189
0.1218 179
0.1219 190
0.122 203
0.1221 202
0.1222 217
0.1223 220
0.1224 227
0.1225 199
0.1226 197
0.1227 203
0.1228 204
0.1229 225
0.123 255
0.1231 279
0.1232 316
0.1233 360
0.1234 374
0.1235 366
0.1236 378
0.1237 382
0.1238 382
0.1239 385
0.124 383
0.1241 375
0.1242 368
0.1243 365
0.1244 377
0.1245 364
0.1246 341
0.1247 345
0.1248 326
0.1249 316
0.125 307
0.1251 300
0.1252 300
0.1253 295
0.1254 306
0.1255 328
0.1256 357
0.1257 371
0.1258 397
0.1259 439
0.126 451
0.1261 475
0.1262 512
0.1263 542
0.1264 578
0.1265 610
0.1266 645
0.1267 680
0.1268 707
0.1269 733
0.127 746
0.1271 760
0.1272 783
0.1273 800
0.1274 835
0.1275 868
0.1276 880
0.1277 897
0.1278 928
0.1279 950
0.128 980
0.1281 999
0.1282 1029
0.1283 1059
0.1284 1087
0.1285 1102
0.1286 1125
0.1287 1149
0.1288 1173
0.1289 1190
0.129 1207
0.1291 1226
0.1292 1247
0.1293 1270
0.1294 1274
0.1295 1284
0.1296 1298
0.1297 1310
0.1298 1328
0.1299 1351
0.13 1353
0.1301 1365
0.1302 1392
0.1303 1408
0.1304 1412
0.1305 1414
0.1306 1425
0.1307 1424
0.1308 1439
0.1309 1428
0.131 1432
0.1311 1444
0.1312 1450
0.1313 1446
0.1314 1453
0.1315 1456
0.1316 1471
0.1317 1479
0.1318 1480
0.1319 1485
0.132 1483
0.1321 1480
0.1322 1481
0.1323 1478
0.1324 1472
0.1325 1473
0.1326 1480
0.1327 1487
0.1328 1492
0.1329 1498
0.133 1505
0.1331 1504
0.1332 1505
0.1333 1514
0.1334 1516
0.1335 1527
0.1336 1522
0.1337 1515
0.1338 1505
0.1339 1506
0.134 1509
0.1341 1500
0.1342 1493
0.1343 1494
0.1344 1496
0.1345 1500
0.1346 1502
0.1347 1503
0.1348 1508
0.1349 1511
0.135 1508
0.1351 1498
0.1352 1510
0.1353 1508
0.1354 1512
0.1355 1509
0.1356 1505
0.1357 1502
0.1358 1494
0.1359 1496
0.136 1489
0.1361 1486
0.1362 1483
0.1363 1462
0.1364 1465
0.1365 1471
0.1366 1469
0.1367 1460
0.1368 1447
0.1369 1451
0.137 1451
0.1371 1451
0.1372 1446
0.1373 1447
0.1374 1437
0.1375 1434
0.1376 1426
0.1377 1419
0.1378 1414
0.1379 1404
0.138 1394
0.1381 1374
0.1382 1364
0.1383 1364
0.1384 1362
0.1385 1348
0.1386 1350
0.1387 1345
0.1388 1342
0.1389 1344
0.139 1346
0.1391 1339
0.1392 1322
0.1393 1296
0.1394 1286
0.1395 1286
0.1396 1278
0.1397 1278
0.1398 1277
0.1399 1274
0.14 1259
0.1401 1251
0.1402 1257
0.1403 1256
0.1404 1248
0.1405 1253
0.1406 1257
0.1407 1250
0.1408 1254
0.1409 1257
0.141 1257
0.1411 1245
0.1412 1246
0.1413 1241
0.1414 1235
0.1415 1236
0.1416 1235
0.1417 1232
0.1418 1221
0.1419 1213
0.142 1202
0.1421 1200
0.1422 1200
0.1423 1195
0.1424 1190
0.1425 1184
0.1426 1184
0.1427 1179
0.1428 1172
0.1429 1169
0.143 1163
0.1431 1156
0.1432 1161
0.1433 1157
0.1434 1154
0.1435 1148
0.1436 1152
0.1437 1148
0.1438 1151
0.1439 1147
0.144 1143
0.1441 1136
0.1442 1129
0.1443 1114
0.1444 1100
0.1445 1084
0.1446 1068
0.1447 1056
0.1448 1046
0.1449 1038
0.145 1039
0.1451 1032
0.1452 1022
0.1453 1022
0.1454 1012
0.1455 1011
0.1456 1009
0.1457 1011
0.1458 1013
0.1459 1007
0.146 1000
0.1461 994
0.1462 990
0.1463 985
0.1464 983
0.1465 976
0.1466 968
0.1467 965
0.1468 962
0.1469 941
0.147 922
0.1471 909
0.1472 901
0.1473 901
0.1474 888
0.1475 884
0.1476 880
0.1477 879
0.1478 876
0.1479 849
0.148 827
0.1481 793
0.1482 762
0.1483 713
0.1484 680
0.1485 653
0.1486 615
0.1487 588
0.1488 557
0.1489 520
0.149 482
0.1491 451
0.1492 409
0.1493 377
0.1494 340
0.1495 310
0.1496 283
0.1497 261
0.1498 246
0.1499 234
0.15 229
0.1501 226
0.1502 230
0.1503 242
0.1504 256
0.1505 271
0.1506 278
0.1507 294
0.1508 297
0.1509 297
0.151 284
0.1511 275
0.1512 270
0.1513 276
0.1514 277
0.1515 274
0.1516 285
0.1517 293
0.1518 306
0.1519 317
0.152 323
0.1521 326
0.1522 327
0.1523 338
0.1524 345
0.1525 343
0.1526 338
0.1527 337
0.1528 336
0.1529 335
0.153 355
0.1531 364
0.1532 379
0.1533 393
0.1534 405
0.1535 418
0.1536 423
0.1537 436
0.1538 444
0.1539 456
0.154 467
0.1541 478
0.1542 483
0.1543 484
0.1544 498
0.1545 503
0.1546 510
0.1547 508
0.1548 506
0.1549 507
0.155 502
0.1551 503
0.1552 504
0.1553 508
0.1554 504
0.1555 513
0.1556 522
0.1557 520
0.1558 521
0.1559 522
0.156 519
0.1561 536
0.1562 540
0.1563 546
0.1564 543
0.1565 548
0.1566 550
0.1567 544
0.1568 544
0.1569 546
0.157 553
0.1571 549
0.1572 549
0.1573 552
0.1574 558
0.1575 563
0.1576 562
0.1577 563
0.1578 563
0.1579 563
0.158 561
0.1581 571
0.1582 573
0.1583 577
0.1584 575
0.1585 571
0.1586 579
0.1587 580
0.1588 581
0.1589 585
0.159 586
0.1591 581
0.1592 583
0.1593 582
0.1594 583
0.1595 589
0.1596 591
0.1597 598
0.1598 596
0.1599 591
0.16 591
0.1601 589
0.1602 582
0.1603 582
0.1604 576
0.1605 578
0.1606 576
0.1607 575
0.1608 574
0.1609 575
0.161 570
0.1611 565
0.1612 567
0.1613 565
0.1614 561
0.1615 557
0.1616 557
0.1617 551
0.1618 544
0.1619 535
0.162 533
0.1621 518
0.1622 498
0.1623 480
0.1624 448
0.1625 417
0.1626 412
0.1627 400
0.1628 396
0.1629 384
0.163 382
0.1631 390
0.1632 383
0.1633 390
0.1634 394
0.1635 395
0.1636 400
0.1637 400
0.1638 398
0.1639 398
0.164 405
0.1641 410
0.1642 413
0.1643 415
0.1644 418
0.1645 417
0.1646 416
0.1647 414
0.1648 406
0.1649 391
0.165 378
0.1651 365
0.1652 354
0.1653 352
0.1654 351
0.1655 348
0.1656 346
0.1657 349
0.1658 340
0.1659 332
0.166 333
0.1661 340
0.1662 340
0.1663 343
0.1664 341
0.1665 337
0.1666 323
0.1667 309
0.1668 296
0.1669 292
0.167 284
0.1671 283
0.1672 283
0.1673 279
0.1674 276
0.1675 271
0.1676 274
0.1677 272
0.1678 277
0.1679 277
0.168 282
0.1681 274
0.1682 266
0.1683 268
0.1684 272
0.1685 274
0.1686 272
0.1687 273
0.1688 266
0.1689 271
0.169 274
0.1691 270
0.1692 276
0.1693 286
0.1694 284
0.1695 296
0.1696 299
0.1697 294
0.1698 296
0.1699 294
0.17 291
0.1701 292
0.1702 289
0.1703 286
0.1704 285
0.1705 285
0.1706 283
0.1707 285
0.1708 292
0.1709 291
0.171 294
0.1711 290
0.1712 288
0.1713 287
0.1714 290
0.1715 300
0.1716 291
0.1717 291
0.1718 305
0.1719 310
0.172 310
0.1721 310
0.1722 310
0.1723 321
0.1724 324
0.1725 329
0.1726 338
0.1727 347
0.1728 353
0.1729 362
0.173 359
0.1731 354
0.1732 334
0.1733 314
0.1734 285
0.1735 263
0.1736 242
0.1737 229
0.1738 228
0.1739 217
0.174 211
0.1741 211
0.1742 212
0.1743 202
0.1744 191
0.1745 189
0.1746 190
0.1747 196
0.1748 186
0.1749 182
0.175 179
0.1751 177
0.1752 165
0.1753 163
0.1754 160
0.1755 155
0.1756 160
0.1757 147
0.1758 149
0.1759 135
0.176 122
0.1761 123
0.1762 116
0.1763 102
0.1764 93
0.1765 87
0.1766 72
0.1767 63
0.1768 49
0.1769 44
0.177 41
0.1771 32
0.1772 28
0.1773 26
0.1774 23
0.1775 31
0.1776 16
0.1777 20
0.1778 12
0.1779 12
0.178 7
0.1781 7
0.1782 11
0.1783 7
0.1784 18
0.1785 11
0.1786 5
0.1787 7
0.1788 6
0.1789 8
0.179 10
0.1791 5
0.1792 8
0.1793 7
0.1794 12
0.1795 8
0.1796 8
0.1797 5
0.1798 8
0.1799 11
0.18 11
0.1801 9
0.1802 13
0.1803 9
0.1804 6
0.1805 6
0.1806 7
0.1807 8
0.1808 9
0.1809 9
0.181 8
0.1811 10
0.1812 7
0.1813 10
0.1814 5
0.1815 6
0.1816 8
0.1817 2
0.1818 7
0.1819 5
0.182 2
0.1821 4
0.1822 13
0.1823 9
0.1824 8
0.1825 7
0.1826 6
0.1827 5
0.1828 6
0.1829 7
0.183 3
0.1831 7
0.1832 3
0.1833 2
0.1834 8
0.1835 3
0.1836 4
0.1837 8
0.1838 6
0.1839 1
0.184 4
0.1841 8
0.1842 3
0.1843 4
0.1844 4
0.1845 5
0.1846 6
0.1847 8
0.1848 5
0.1849 9
0.185 3
0.1851 6
0.1852 7
0.1853 5
0.1854 9
0.1855 10
0.1856 7
0.1857 8
0.1858 4
0.1859 7
0.186 5
0.1861 4
0.1862 2
0.1863 1
0.1864 3
0.1865 4
0.1866 12
0.1867 9
0.1868 10
0.1869 2
0.187 7
0.1871 4
0.1872 10
0.1873 10
0.1874 6
0.1875 6
0.1876 6
0.1877 5
0.1878 9
0.1879 11
0.188 9
0.1881 12
0.1882 8
0.1883 10
0.1884 13
0.1885 5
0.1886 9
0.1887 17
0.1888 8
0.1889 12
0.189 8
0.1891 15
0.1892 13
0.1893 7
0.1894 8
0.1895 6
0.1896 7
0.1897 9
0.1898 10
0.1899 10
0.19 8
0.1901 9
0.1902 12
0.1903 9
0.1904 5
0.1905 8
0.1906 9
0.1907 11
0.1908 7
0.1909 7
0.191 6
0.1911 10
0.1912 7
0.1913 12
0.1914 13
0.1915 18
0.1916 8
0.1917 20
0.1918 9
0.1919 17
0.192 10
0.1921 11
0.1922 20
0.1923 8
0.1924 27
0.1925 11
0.1926 13
0.1927 18
0.1928 17
0.1929 23
0.193 25
0.1931 27
0.1932 24
0.1933 20
0.1934 15
0.1935 15
0.1936 15
0.1937 15
0.1938 14
0.1939 14
0.194 23
0.1941 18
0.1942 25
0.1943 21
0.1944 18
0.1945 26
0.1946 26
0.1947 19
0.1948 31
0.1949 35
0.195 28
0.1951 25
0.1952 31
0.1953 31
0.1954 40
0.1955 29
0.1956 34
0.1957 35
0.1958 31
0.1959 29
0.196 35
0.1961 38
0.1962 37
0.1963 30
0.1964 49
0.1965 43
0.1966 46
0.1967 49
0.1968 46
0.1969 49
0.197 50
0.1971 54
0.1972 64
0.1973 54
0.1974 53
0.1975 62
0.1976 78
0.1977 77
0.1978 74
0.1979 69
0.198 80
0.1981 86
0.1982 98
0.1983 81
0.1984 97
0.1985 93
0.1986 98
0.1987 98
0.1988 113
0.1989 110
0.199 114
0.1991 119
0.1992 148
0.1993 146
0.1994 142
0.1995 153
0.1996 145
0.1997 154
0.1998 172
0.1999 169
0.2 178
0.2001 187
0.2002 212
0.2003 222
0.2004 226
0.2005 243
0.2006 241
0.2007 256
0.2008 259
0.2009 267
0.201 276
0.2011 274
0.2012 260
0.2013 289
0.2014 303
0.2015 340
0.2016 367
0.2017 388
0.2018 417
0.2019 459
0.202 492
0.2021 511
0.2022 549
0.2023 576
0.2024 612
0.2025 642
0.2026 680
0.2027 729
0.2028 772
0.2029 815
0.203 858
0.2031 878
0.2032 906
0.2033 939
0.2034 971
0.2035 1008
0.2036 1038
0.2037 1062
0.2038 1091
0.2039 1105
0.204 1134
0.2041 1131
0.2042 1150
0.2043 1180
0.2044 1208
0.2045 1225
0.2046 1236
0.2047 1256
0.2048 1284
0.2049 1300
0.205 1318
0.2051 1339
0.2052 1349
0.2053 1357
0.2054 1368
0.2055 1373
0.2056 1380
0.2057 1386
0.2058 1406
0.2059 1412
0.206 1423
0.2061 1431
0.2062 1437
0.2063 1442
0.2064 1438
0.2065 1445
0.2066 1458
0.2067 1468
0.2068 1481
0.2069 1488
0.207 1498
0.2071 1502
0.2072 1509
0.2073 1513
0.2074 1508
0.2075 1507
0.2076 1512
0.2077 1510
0.2078 1514
0.2079 1513
0.208 1506
0.2081 1496
0.2082 1497
0.2083 1500
0.2084 1500
0.2085 1495
0.2086 1499
0.2087 1479
0.2088 1465
0.2089 1454
0.209 1444
0.2091 1453
0.2092 1448
0.2093 1439
0.2094 1436
0.2095 1448
0.2096 1445
0.2097 1452
0.2098 1463
0.2099 1459
0.21 1461
0.2101 1472
0.2102 1472
0.2103 1467
0.2104 1478
0.2105 1479
0.2106 1474
0.2107 1474
0.2108 1466
0.2109 1469
0.211 1469
0.2111 1467
0.2112 1477
0.2113 1471
0.2114 1474
0.2115 1472
0.2116 1462
0.2117 1464
0.2118 1450
0.2119 1442
0.212 1437
0.2121 1442
0.2122 1443
0.2123 1437
0.2124 1439
0.2125 1443
0.2126 1444
0.2127 1442
0.2128 1448
0.2129 1443
0.213 1443
0.2131 1442
0.2132 1441
0.2133 1432
0.2134 1424
0.2135 1418
0.2136 1410
0.2137 1415
0.2138 1411
0.2139 1405
0.214 1396
0.2141 1391
0.2142 1391
0.2143 1383
0.2144 1379
0.2145 1374
0.2146 1377
0.2147 1381
0.2148 1374
0.2149 1363
0.215 1357
0.2151 1354
0.2152 1354
0.2153 1348
0.2154 1336
0.2155 1337
0.2156 1335
0.2157 1338
0.2158 1337
0.2159 1324
0.216 1319
0.2161 1310
0.2162 1301
0.2163 1299
0.2164 1288
0.2165 1283
0.2166 1280
0.2167 1269
0.2168 1264
0.2169 1260
0.217 1255
0.2171 1257
0.2172 1258
0.2173 1262
0.2174 1267
0.2175 1262
0.2176 1262
0.2177 1254
0.2178 1253
0.2179 1246
0.218 1237
0.2181 1236
0.2182 1227
0.2183 1228
0.2184 1222
0.2185 1212
0.2186 1205
0.2187 1203
0.2188 1203
0.2189 1197
0.219 1184
0.2191 1187
0.2192 1186
0.2193 1180
0.2194 1175
0.2195 1169
0.2196 1167
0.2197 1150
0.2198 1113
0.2199 1074
0.22 1039
0.2201 997
0.2202 961
0.2203 915
0.2204 894
0.2205 861
0.2206 819
0.2207 769
0.2208 752
0.2209 720
0.221 711
0.2211 698
0.2212 702
0.2213 704
0.2214 713
0.2215 721
0.2216 716
0.2217 717
0.2218 721
0.2219 725
0.222 726
0.2221 723
0.2222 729
0.2223 735
0.2224 743
0.2225 752
0.2226 753
0.2227 750
0.2228 749
0.2229 754
0.223 746
0.2231 748
0.2232 736
0.2233 726
0.2234 711
0.2235 709
0.2236 705
0.2237 702
0.2238 704
0.2239 709
0.224 708
0.2241 710
0.2242 712
0.2243 719
0.2244 735
0.2245 741
0.2246 743
0.2247 733
0.2248 739
0.2249 741
0.225 743
0.2251 742
0.2252 749
0.2253 756
0.2254 761
0.2255 765
0.2256 768
0.2257 769
0.2258 781
0.2259 785
0.226 786
0.2261 789
0.2262 789
0.2263 786
0.2264 774
0.2265 741
0.2266 698
0.2267 674
0.2268 654
0.2269 634
0.227 608
0.2271 597
0.2272 598
0.2273 595
0.2274 588
0.2275 591
0.2276 598
0.2277 599
0.2278 592
0.2279 597
0.228 591
0.2281 589
0.2282 584
0.2283 589
0.2284 585
0.2285 573
0.2286 556
0.2287 529
0.2288 500
0.2289 474
0.229 459
0.2291 458
0.2292 438
0.2293 419
0.2294 405
0.2295 397
0.2296 370
0.2297 352
0.2298 334
0.2299 324
0.23 318
0.2301 310
0.2302 302
0.2303 308
0.2304 321
0.2305 328
0.2306 351
0.2307 360
0.2308 373
0.2309 379
0.231 379
0.2311 377
0.2312 357
0.2313 354
0.2314 338
0.2315 331
0.2316 322
0.2317 305
0.2318 287
0.2319 274
0.232 261
0.2321 242
0.2322 236
0.2323 226
0.2324 210
0.2325 194
0.2326 175
0.2327 162
0.2328 155
0.2329 141
0.233 121
0.2331 108
0.2332 100
0.2333 72
0.2334 60
0.2335 43
0.2336 45
0.2337 30
0.2338 36
0.2339 27
0.234 31
0.2341 27
0.2342 26
0.2343 18
0.2344 26
0.2345 24
0.2346 27
0.2347 24
0.2348 29
0.2349 21
0.235 23
0.2351 18
0.2352 20
0.2353 17
0.2354 18
0.2355 21
0.2356 15
0.2357 16
0.2358 7
0.2359 16
0.236 9
0.2361 9
0.2362 6
0.2363 12
0.2364 8
0.2365 8
0.2366 6
0.2367 10
0.2368 13
0.2369 14
0.237 12
0.2371 10
0.2372 6
0.2373 13
0.2374 8
0.2375 12
0.2376 12
0.2377 10
0.2378 17
0.2379 5
0.238 6
0.2381 11
0.2382 9
0.2383 10
0.2384 11
0.2385 9
0.2386 4
0.2387 8
0.2388 13
0.2389 8
0.239 5
0.2391 3
0.2392 7
0.2393 9
0.2394 7
0.2395 11
0.2396 14
0.2397 14
0.2398 6
0.2399 7
0.24 8
0.2401 6
0.2402 14
0.2403 10
0.2404 9
0.2405 13
0.2406 6
0.2407 5
0.2408 11
0.2409 3
0.241 9
0.2411 3
0.2412 9
0.2413 5
0.2414 6
0.2415 8
0.2416 13
0.2417 4
0.2418 9
0.2419 12
0.242 7
0.2421 4
0.2422 13
0.2423 5
0.2424 10
0.2425 10
0.2426 15
0.2427 7
0.2428 11
0.2429 10
0.243 12
0.2431 12
0.2432 13
0.2433 10
0.2434 15
0.2435 16
0.2436 8
0.2437 14
0.2438 15
0.2439 12
0.244 16
0.2441 21
0.2442 14
0.2443 17
0.2444 16
0.2445 16
0.2446 11
0.2447 9
0.2448 12
0.2449 14
0.245 16
0.2451 12
0.2452 15
0.2453 17
0.2454 16
0.2455 22
0.2456 19
0.2457 20
0.2458 19
0.2459 15
0.246 27
0.2461 27
0.2462 19
0.2463 27
0.2464 13
0.2465 21
0.2466 19
0.2467 20
0.2468 22
0.2469 20
0.247 28
0.2471 28
0.2472 29
0.2473 27
0.2474 23
0.2475 27
0.2476 26
0.2477 23
0.2478 27
0.2479 28
0.248 33
0.2481 36
0.2482 43
0.2483 41
0.2484 46
0.2485 42
0.2486 42
0.2487 50
0.2488 58
0.2489 59
0.249 66
0.2491 62
0.2492 61
0.2493 60
0.2494 62
0.2495 54
0.2496 67
0.2497 79
0.2498 79
0.2499 76
0.25 89
