0 0
0.0001 3
0.0002 5
0.0003 4
0.0004 3
0.0005 4
0.0006 3
0.0007 5
0.0008 5
0.0009 5
0.001 5
0.0011 3
0.0012 5
0.0013 4
0.0014 5
0.0015 3
0.0016 4
0.0017 7
0.0018 7
0.0019 9
0.002 8
0.0021 10
0.0022 8
0.0023 8
0.0024 11
0.0025 11
0.0026 8
0.0027 5
0.0028 7
0.0029 15
0.003 14
0.0031 18
0.0032 16
0.0033 15
0.0034 13
0.0035 12
0.0036 13
0.0037 13
0.0038 8
0.0039 7
0.004 7
0.0041 10
0.0042 8
0.0043 10
0.0044 13
0.0045 11
0.0046 9
0.0047 9
0.0048 13
0.0049 14
0.005 15
0.0051 14
0.0052 13
0.0053 7
0.0054 9
0.0055 7
0.0056 11
0.0057 12
0.0058 15
0.0059 12
0.006 13
0.0061 14
0.0062 13
0.0063 14
0.0064 9
0.0065 11
0.0066 15
0.0067 17
0.0068 18
0.0069 20
0.007 17
0.0071 21
0.0072 21
0.0073 19
0.0074 22
0.0075 18
0.0076 23
0.0077 18
0.0078 18
0.0079 23
0.008 20
0.0081 20
0.0082 16
0.0083 16
0.0084 13
0.0085 14
0.0086 16
0.0087 11
0.0088 13
0.0089 15
0.009 18
0.0091 20
0.0092 22
0.0093 21
0.0094 18
0.0095 19
0.0096 17
0.0097 15
0.0098 15
0.0099 13
0.01 14
0.0101 18
0.0102 16
0.0103 13
0.0104 17
0.0105 15
0.0106 15
0.0107 13
0.0108 13
0.0109 14
0.011 14
0.0111 10
0.0112 11
0.0113 12
0.0114 12
0.0115 8
0.0116 10
0.0117 6
0.0118 7
0.0119 10
0.012 13
0.0121 15
0.0122 17
0.0123 13
0.0124 13
0.0125 12
0.0126 12
0.0127 12
0.0128 11
0.0129 8
0.013 8
0.0131 6
0.0132 7
0.0133 10
0.0134 8
0.0135 14
0.0136 15
0.0137 14
0.0138 11
0.0139 8
0.014 6
0.0141 7
0.0142 10
0.0143 9
0.0144 13
0.0145 15
0.0146 16
0.0147 18
0.0148 16
0.0149 18
0.015 16
0.0151 14
0.0152 11
0.0153 10
0.0154 10
0.0155 12
0.0156 13
0.0157 7
0.0158 7
0.0159 9
0.016 11
0.0161 11
0.0162 11
0.0163 11
0.0164 10
0.0165 9
0.0166 8
0.0167 7
0.0168 7
0.0169 7
0.017 8
0.0171 10
0.0172 12
0.0173 13
0.0174 12
0.0175 10
0.0176 11
0.0177 13
0.0178 14
0.0179 10
0.018 13
0.0181 14
0.0182 14
0.0183 7
0.0184 12
0.0185 9
0.0186 7
0.0187 8
0.0188 11
0.0189 17
0.019 18
0.0191 18
0.0192 15
0.0193 17
0.0194 17
0.0195 13
0.0196 15
0.0197 12
0.0198 14
0.0199 13
0.02 13
0.0201 15
0.0202 16
0.0203 19
0.0204 15
0.0205 14
0.0206 14
0.0207 15
0.0208 15
0.0209 12
0.021 13
0.0211 12
0.0212 14
0.0213 9
0.0214 13
0.0215 12
0.0216 10
0.0217 11
0.0218 10
0.0219 10
0.022 15
0.0221 14
0.0222 10
0.0223 11
0.0224 12
0.0225 13
0.0226 16
0.0227 11
0.0228 12
0.0229 10
0.023 11
0.0231 9
0.0232 8
0.0233 12
0.0234 11
0.0235 10
0.0236 12
0.0237 10
0.0238 12
0.0239 10
0.024 11
0.0241 9
0.0242 13
0.0243 10
0.0244 11
0.0245 12
0.0246 9
0.0247 8
0.0248 9
0.0249 8
0.025 7
0.0251 6
0.0252 8
0.0253 9
0.0254 9
0.0255 9
0.0256 9
0.0257 11
0.0258 11
0.0259 9
0.026 10
0.0261 8
0.0262 4
0.0263 7
0.0264 5
0.0265 5
0.0266 3
0.0267 3
0.0268 6
0.0269 8
0.027 7
0.0271 6
0.0272 8
0.0273 6
0.0274 7
0.0275 8
0.0276 7
0.0277 6
0.0278 4
0.0279 7
0.028 9
0.0281 9
0.0282 10
0.0283 7
0.0284 6
0.0285 10
0.0286 8
0.0287 11
0.0288 10
0.0289 7
0.029 8
0.0291 9
0.0292 8
0.0293 9
0.0294 11
0.0295 11
0.0296 9
0.0297 9
0.0298 10
0.0299 12
0.03 11
0.0301 8
0.0302 8
0.0303 4
0.0304 4
0.0305 5
0.0306 7
0.0307 10
0.0308 6
0.0309 5
0.031 3
0.0311 4
0.0312 6
0.0313 6
0.0314 7
0.0315 9
0.0316 9
0.0317 8
0.0318 9
0.0319 9
0.032 9
0.0321 12
0.0322 14
0.0323 9
0.0324 11
0.0325 9
0.0326 10
0.0327 12
0.0328 8
0.0329 9
0.033 8
0.0331 8
0.0332 9
0.0333 12
0.0334 12
0.0335 13
0.0336 9
0.0337 8
0.0338 7
0.0339 7
0.034 6
0.0341 2
0.0342 6
0.0343 2
0.0344 2
0.0345 3
0.0346 6
0.0347 4
0.0348 6
0.0349 10
0.035 11
0.0351 8
0.0352 10
0.0353 8
0.0354 7
0.0355 8
0.0356 6
0.0357 7
0.0358 5
0.0359 5
0.036 5
0.0361 3
0.0362 4
0.0363 4
0.0364 4
0.0365 5
0.0366 6
0.0367 6
0.0368 10
0.0369 10
0.037 9
0.0371 7
0.0372 4
0.0373 3
0.0374 4
0.0375 8
0.0376 8
0.0377 5
0.0378 6
0.0379 10
0.038 8
0.0381 10
0.0382 8
0.0383 7
0.0384 7
0.0385 9
0.0386 8
0.0387 6
0.0388 7
0.0389 7
0.039 6
0.0391 5
0.0392 6
0.0393 7
0.0394 8
0.0395 8
0.0396 8
0.0397 8
0.0398 5
0.0399 4
0.04 3
0.0401 5
0.0402 6
0.0403 2
0.0404 2
0.0405 3
0.0406 3
0.0407 6
0.0408 4
0.0409 4
0.041 5
0.0411 5
0.0412 8
0.0413 5
0.0414 8
0.0415 9
0.0416 7
0.0417 4
0.0418 6
0.0419 4
0.042 4
0.0421 5
0.0422 6
0.0423 7
0.0424 6
0.0425 7
0.0426 5
0.0427 8
0.0428 7
0.0429 8
0.043 6
0.0431 6
0.0432 8
0.0433 7
0.0434 5
0.0435 6
0.0436 5
0.0437 5
0.0438 4
0.0439 3
0.044 6
0.0441 7
0.0442 7
0.0443 6
0.0444 5
0.0445 4
0.0446 5
0.0447 4
0.0448 4
0.0449 5
0.045 7
0.0451 7
0.0452 4
0.0453 5
0.0454 8
0.0455 7
0.0456 6
0.0457 6
0.0458 6
0.0459 6
0.046 5
0.0461 4
0.0462 4
0.0463 5
0.0464 6
0.0465 7
0.0466 6
0.0467 2
0.0468 2
0.0469 4
0.047 4
0.0471 4
0.0472 3
0.0473 4
0.0474 1
0.0475 2
0.0476 1
0.0477 4
0.0478 3
0.0479 6
0.048 5
0.0481 5
0.0482 5
0.0483 5
0.0484 4
0.0485 4
0.0486 4
0.0487 5
0.0488 4
0.0489 3
0.049 4
0.0491 4
0.0492 4
0.0493 4
0.0494 5
0.0495 6
0.0496 6
0.0497 7
0.0498 5
0.0499 6
0.05 7
0.0501 7
0.0502 4
0.0503 5
0.0504 5
0.0505 4
0.0506 4
0.0507 4
0.0508 3
0.0509 2
0.051 3
0.0511 1
0.0512 5
0.0513 6
0.0514 5
0.0515 6
0.0516 5
0.0517 4
0.0518 4
0.0519 3
0.052 4
0.0521 5
0.0522 4
0.0523 3
0.0524 4
0.0525 3
0.0526 2
0.0527 2
0.0528 1
0.0529 2
0.053 1
0.0531 1
0.0532 1
0.0533 1
0.0534 1
0.0535 5
0.0536 4
0.0537 5
0.0538 7
0.0539 6
0.054 6
0.0541 5
0.0542 5
0.0543 6
0.0544 7
0.0545 8
0.0546 8
0.0547 10
0.0548 8
0.0549 12
0.055 12
0.0551 5
0.0552 6
0.0553 6
0.0554 3
0.0555 2
0.0556 2
0.0557 2
0.0558 3
0.0559 1
0.056 3
0.0561 2
0.0562 3
0.0563 1
0.0564 1
0.0565 2
0.0566 1
0.0567 0
0.0568 1
0.0569 3
0.057 5
0.0571 4
0.0572 5
0.0573 3
0.0574 4
0.0575 4
0.0576 3
0.0577 2
0.0578 1
0.0579 2
0.058 4
0.0581 5
0.0582 3
0.0583 2
0.0584 1
0.0585 1
0.0586 1
0.0587 1
0.0588 1
0.0589 3
0.059 2
0.0591 2
0.0592 2
0.0593 2
0.0594 2
0.0595 5
0.0596 7
0.0597 8
0.0598 6
0.0599 5
0.06 5
0.0601 4
0.0602 4
0.0603 3
0.0604 2
0.0605 1
0.0606 1
0.0607 0
0.0608 2
0.0609 2
0.061 2
0.0611 3
0.0612 2
0.0613 4
0.0614 3
0.0615 3
0.0616 3
0.0617 3
0.0618 6
0.0619 5
0.062 4
0.0621 4
0.0622 5
0.0623 3
0.0624 4
0.0625 4
0.0626 5
0.0627 6
0.0628 5
0.0629 3
0.063 3
0.0631 2
0.0632 3
0.0633 4
0.0634 3
0.0635 3
0.0636 3
0.0637 3
0.0638 3
0.0639 5
0.064 2
0.0641 3
0.0642 3
0.0643 3
0.0644 3
0.0645 1
0.0646 2
0.0647 3
0.0648 4
0.0649 5
0.065 5
0.0651 6
0.0652 5
0.0653 6
0.0654 3
0.0655 3
0.0656 5
0.0657 4
0.0658 5
0.0659 3
0.066 3
0.0661 4
0.0662 6
0.0663 5
0.0664 5
0.0665 6
0.0666 5
0.0667 3
0.0668 3
0.0669 1
0.067 2
0.0671 3
0.0672 3
0.0673 2
0.0674 2
0.0675 3
0.0676 2
0.0677 1
0.0678 1
0.0679 1
0.068 1
0.0681 1
0.0682 0
0.0683 1
0.0684 2
0.0685 2
0.0686 1
0.0687 2
0.0688 2
0.0689 2
0.069 2
0.0691 2
0.0692 1
0.0693 0
0.0694 0
0.0695 0
0.0696 1
0.0697 2
0.0698 2
0.0699 3
0.07 3
0.0701 3
0.0702 2
0.0703 2
0.0704 2
0.0705 5
0.0706 4
0.0707 3
0.0708 3
0.0709 3
0.071 3
0.0711 2
0.0712 2
0.0713 2
0.0714 2
0.0715 2
0.0716 3
0.0717 4
0.0718 4
0.0719 2
0.072 2
0.0721 2
0.0722 2
0.0723 2
0.0724 2
0.0725 2
0.0726 2
0.0727 3
0.0728 2
0.0729 1
0.073 2
0.0731 3
0.0732 2
0.0733 2
0.0734 4
0.0735 6
0.0736 5
0.0737 5
0.0738 5
0.0739 4
0.074 2
0.0741 1
0.0742 1
0.0743 0
0.0744 0
0.0745 1
0.0746 2
0.0747 1
0.0748 1
0.0749 0
0.075 0
0.0751 1
0.0752 1
0.0753 0
0.0754 0
0.0755 0
0.0756 0
0.0757 0
0.0758 0
0.0759 1
0.076 1
0.0761 2
0.0762 0
0.0763 1
0.0764 1
0.0765 0
0.0766 0
0.0767 1
0.0768 0
0.0769 0
0.077 0
0.0771 0
0.0772 2
0.0773 2
0.0774 1
0.0775 2
0.0776 2
0.0777 2
0.0778 4
0.0779 1
0.078 1
0.0781 2
0.0782 0
0.0783 0
0.0784 1
0.0785 2
0.0786 0
0.0787 1
0.0788 2
0.0789 1
0.079 1
0.0791 2
0.0792 3
0.0793 4
0.0794 3
0.0795 4
0.0796 2
0.0797 2
0.0798 2
0.0799 1
0.08 2
0.0801 2
0.0802 2
0.0803 3
0.0804 4
0.0805 5
0.0806 5
0.0807 3
0.0808 4
0.0809 4
0.081 4
0.0811 5
0.0812 6
0.0813 5
0.0814 5
0.0815 5
0.0816 3
0.0817 3
0.0818 4
0.0819 3
0.082 6
0.0821 6
0.0822 4
0.0823 5
0.0824 5
0.0825 4
0.0826 4
0.0827 2
0.0828 3
0.0829 5
0.083 5
0.0831 6
0.0832 4
0.0833 5
0.0834 3
0.0835 2
0.0836 2
0.0837 1
0.0838 1
0.0839 1
0.084 2
0.0841 1
0.0842 0
0.0843 0
0.0844 1
0.0845 1
0.0846 1
0.0847 1
0.0848 5
0.0849 4
0.085 3
0.0851 3
0.0852 3
0.0853 2
0.0854 2
0.0855 2
0.0856 2
0.0857 2
0.0858 2
0.0859 5
0.086 5
0.0861 5
0.0862 4
0.0863 3
0.0864 3
0.0865 3
0.0866 4
0.0867 6
0.0868 5
0.0869 3
0.087 2
0.0871 2
0.0872 3
0.0873 2
0.0874 2
0.0875 3
0.0876 2
0.0877 3
0.0878 2
0.0879 0
0.088 1
0.0881 0
0.0882 0
0.0883 0
0.0884 1
0.0885 1
0.0886 1
0.0887 2
0.0888 1
0.0889 1
0.089 1
0.0891 1
0.0892 1
0.0893 1
0.0894 1
0.0895 1
0.0896 2
0.0897 2
0.0898 2
0.0899 3
0.09 4
0.0901 4
0.0902 3
0.0903 1
0.0904 0
0.0905 0
0.0906 1
0.0907 3
0.0908 4
0.0909 2
0.091 3
0.0911 3
0.0912 3
0.0913 5
0.0914 5
0.0915 6
0.0916 6
0.0917 5
0.0918 2
0.0919 2
0.092 2
0.0921 2
0.0922 0
0.0923 0
0.0924 0
0.0925 0
0.0926 1
0.0927 1
0.0928 1
0.0929 2
0.093 3
0.0931 3
0.0932 1
0.0933 1
0.0934 1
0.0935 2
0.0936 2
0.0937 3
0.0938 5
0.0939 5
0.094 6
0.0941 3
0.0942 2
0.0943 2
0.0944 3
0.0945 3
0.0946 3
0.0947 2
0.0948 2
0.0949 1
0.095 1
0.0951 1
0.0952 1
0.0953 3
0.0954 4
0.0955 5
0.0956 4
0.0957 6
0.0958 6
0.0959 4
0.096 2
0.0961 2
0.0962 1
0.0963 2
0.0964 2
0.0965 1
0.0966 1
0.0967 0
0.0968 1
0.0969 1
0.097 1
0.0971 1
0.0972 2
0.0973 1
0.0974 3
0.0975 2
0.0976 1
0.0977 2
0.0978 2
0.0979 1
0.098 2
0.0981 2
0.0982 2
0.0983 2
0.0984 2
0.0985 2
0.0986 3
0.0987 3
0.0988 2
0.0989 2
0.099 3
0.0991 3
0.0992 2
0.0993 4
0.0994 3
0.0995 3
0.0996 3
0.0997 2
0.0998 2
0.0999 1
0.1 2
