0 3755
0.01 3658
0.02 3599
0.03 3531
0.04 3500
0.05 3476
0.06 3432
0.07 3395
0.08 3364
0.09 3328
0.1 3304
0.11 3269
0.12 3243
0.13 3208
0.14 3181
0.15 3157
0.16 3129
0.17 3111
0.18 3089
0.19 3064
0.2 3042
0.21 3024
0.22 3001
0.23 2989
0.24 2972
0.25 2952
0.26 2936
0.27 2922
0.28 2905
0.29 2891
0.3 2874
0.31 2860
0.32 2851
0.33 2841
0.34 2824
0.35 2816
0.36 2803
0.37 2791
0.38 2784
0.39 2775
0.4 2767
0.41 2757
0.42 2751
0.43 2739
0.44 2726
0.45 2714
0.46 2705
0.47 2698
0.48 2688
0.49 2678
0.5 2670
0.51 2668
0.52 2660
0.53 2653
0.54 2644
0.55 2635
0.56 2630
0.57 2627
0.58 2623
0.59 2618
0.6 2608
0.61 2607
0.62 2601
0.63 2593
0.64 2594
0.65 2584
0.66 2583
0.67 2579
0.68 2576
0.69 2569
0.7 2569
0.71 2567
0.72 2563
0.73 2557
0.74 2551
0.75 2547
0.76 2546
0.77 2542
0.78 2537
0.79 2535
0.8 2533
0.81 2534
0.82 2534
0.83 2531
0.84 2526
0.85 2527
0.86 2523
0.87 2522
0.88 2519
0.89 2518
0.9 2515
0.91 2510
0.92 2509
0.93 2506
0.94 2503
0.95 2501
0.96 2499
0.97 2493
0.98 2493
0.99 2492
1 2491
1.01 2489
1.02 2488
1.03 2486
1.04 2485
1.05 2485
1.06 2485
1.07 2485
1.08 2485
1.09 2485
1.1 2484
1.11 2482
1.12 2482
1.13 2480
1.14 2476
1.15 2476
1.16 2474
1.17 2474
1.18 2476
1.19 2476
1.2 2476
1.21 2477
1.22 2477
1.23 2477
1.24 2477
1.25 2476
1.26 2477
1.27 2474
1.28 2471
1.29 2471
1.3 2470
1.31 2468
1.32 2467
1.33 2467
1.34 2466
1.35 2463
1.36 2461
1.37 2458
1.38 2459
1.39 2457
1.4 2456
1.41 2455
1.42 2458
1.43 2458
1.44 2458
1.45 2460
1.46 2461
1.47 2462
1.48 2459
1.49 2459
1.5 2459
1.51 2458
1.52 2458
1.53 2455
1.54 2453
1.55 2454
1.56 2457
1.57 2455
1.58 2455
1.59 2456
1.6 2457
1.61 2457
1.62 2456
1.63 2456
1.64 2451
1.65 2450
1.66 2450
1.67 2450
1.68 2451
1.69 2452
1.7 2452
1.71 2452
1.72 2452
1.73 2452
1.74 2454
1.75 2455
1.76 2453
1.77 2454
1.78 2453
1.79 2451
1.8 2452
1.81 2451
1.82 2452
1.83 2452
1.84 2449
1.85 2450
1.86 2450
1.87 2450
1.88 2450
1.89 2450
1.9 2450
1.91 2453
1.92 2454
1.93 2451
1.94 2453
1.95 2453
1.96 2452
1.97 2452
1.98 2451
1.99 2450
2 2450
