0 0
0.0001 0
0.0002 1
0.0003 3
0.0004 3
0.0005 3
0.0006 3
0.0007 3
0.0008 3
0.0009 4
0.001 4
0.0011 4
0.0012 5
0.0013 5
0.0014 6
0.0015 6
0.0016 7
0.0017 7
0.0018 7
0.0019 8
0.002 8
0.0021 8
0.0022 9
0.0023 10
0.0024 10
0.0025 10
0.0026 10
0.0027 11
0.0028 11
0.0029 12
0.003 12
0.0031 13
0.0032 14
0.0033 14
0.0034 15
0.0035 15
0.0036 15
0.0037 15
0.0038 15
0.0039 17
0.004 20
0.0041 21
0.0042 21
0.0043 21
0.0044 21
0.0045 21
0.0046 21
0.0047 22
0.0048 23
0.0049 23
0.005 23
0.0051 23
0.0052 24
0.0053 24
0.0054 24
0.0055 24
0.0056 24
0.0057 25
0.0058 26
0.0059 26
0.006 27
0.0061 27
0.0062 27
0.0063 28
0.0064 28
0.0065 28
0.0066 31
0.0067 31
0.0068 31
0.0069 32
0.007 33
0.0071 33
0.0072 33
0.0073 33
0.0074 33
0.0075 34
0.0076 34
0.0077 35
0.0078 35
0.0079 36
0.008 37
0.0081 37
0.0082 38
0.0083 40
0.0084 41
0.0085 41
0.0086 42
0.0087 42
0.0088 42
0.0089 42
0.009 44
0.0091 44
0.0092 45
0.0093 45
0.0094 47
0.0095 48
0.0096 48
0.0097 48
0.0098 48
0.0099 49
0.01 49
0.0101 50
0.0102 50
0.0103 50
0.0104 51
0.0105 51
0.0106 51
0.0107 51
0.0108 51
0.0109 51
0.011 51
0.0111 52
0.0112 52
0.0113 52
0.0114 53
0.0115 54
0.0116 55
0.0117 56
0.0118 56
0.0119 56
0.012 57
0.0121 59
0.0122 60
0.0123 60
0.0124 62
0.0125 62
0.0126 65
0.0127 65
0.0128 66
0.0129 68
0.013 68
0.0131 68
0.0132 68
0.0133 69
0.0134 69
0.0135 70
0.0136 70
0.0137 71
0.0138 72
0.0139 73
0.014 73
0.0141 74
0.0142 74
0.0143 75
0.0144 75
0.0145 76
0.0146 76
0.0147 76
0.0148 76
0.0149 77
0.015 77
0.0151 78
0.0152 78
0.0153 78
0.0154 79
0.0155 79
0.0156 80
0.0157 80
0.0158 81
0.0159 82
0.016 82
0.0161 82
0.0162 83
0.0163 83
0.0164 84
0.0165 86
0.0166 86
0.0167 88
0.0168 89
0.0169 89
0.017 89
0.0171 90
0.0172 90
0.0173 90
0.0174 91
0.0175 92
0.0176 93
0.0177 94
0.0178 94
0.0179 94
0.018 95
0.0181 95
0.0182 95
0.0183 95
0.0184 95
0.0185 96
0.0186 99
0.0187 101
0.0188 101
0.0189 102
0.019 103
0.0191 103
0.0192 104
0.0193 104
0.0194 104
0.0195 104
0.0196 105
0.0197 106
0.0198 106
0.0199 107
0.02 107
0.0201 108
0.0202 108
0.0203 108
0.0204 108
0.0205 110
0.0206 111
0.0207 111
0.0208 112
0.0209 112
0.021 112
0.0211 112
0.0212 112
0.0213 113
0.0214 113
0.0215 114
0.0216 115
0.0217 117
0.0218 117
0.0219 117
0.022 118
0.0221 118
0.0222 120
0.0223 121
0.0224 121
0.0225 122
0.0226 123
0.0227 123
0.0228 123
0.0229 125
0.023 126
0.0231 126
0.0232 128
0.0233 129
0.0234 130
0.0235 130
0.0236 130
0.0237 130
0.0238 131
0.0239 133
0.024 134
0.0241 135
0.0242 135
0.0243 135
0.0244 135
0.0245 135
0.0246 135
0.0247 137
0.0248 137
0.0249 138
0.025 138
0.0251 138
0.0252 138
0.0253 139
0.0254 139
0.0255 140
0.0256 140
0.0257 140
0.0258 141
0.0259 141
0.026 142
0.0261 143
0.0262 144
0.0263 144
0.0264 145
0.0265 145
0.0266 145
0.0267 145
0.0268 145
0.0269 145
0.027 146
0.0271 147
0.0272 148
0.0273 150
0.0274 150
0.0275 151
0.0276 151
0.0277 151
0.0278 152
0.0279 152
0.028 152
0.0281 152
0.0282 152
0.0283 152
0.0284 152
0.0285 153
0.0286 153
0.0287 152
0.0288 153
0.0289 153
0.029 153
0.0291 153
0.0292 153
0.0293 153
0.0294 154
0.0295 154
0.0296 155
0.0297 156
0.0298 156
0.0299 156
0.03 158
0.0301 157
0.0302 159
0.0303 160
0.0304 162
0.0305 164
0.0306 164
0.0307 164
0.0308 164
0.0309 165
0.031 165
0.0311 166
0.0312 167
0.0313 167
0.0314 169
0.0315 170
0.0316 170
0.0317 171
0.0318 172
0.0319 172
0.032 173
0.0321 173
0.0322 173
0.0323 172
0.0324 173
0.0325 173
0.0326 174
0.0327 174
0.0328 174
0.0329 175
0.033 177
0.0331 177
0.0332 177
0.0333 179
0.0334 181
0.0335 182
0.0336 182
0.0337 182
0.0338 182
0.0339 182
0.034 182
0.0341 182
0.0342 182
0.0343 182
0.0344 182
0.0345 182
0.0346 182
0.0347 184
0.0348 186
0.0349 186
0.035 186
0.0351 187
0.0352 187
0.0353 187
0.0354 187
0.0355 189
0.0356 189
0.0357 189
0.0358 190
0.0359 190
0.036 189
0.0361 190
0.0362 190
0.0363 190
0.0364 190
0.0365 190
0.0366 191
0.0367 192
0.0368 192
0.0369 192
0.037 192
0.0371 192
0.0372 191
0.0373 191
0.0374 191
0.0375 192
0.0376 194
0.0377 195
0.0378 196
0.0379 196
0.038 197
0.0381 197
0.0382 198
0.0383 198
0.0384 199
0.0385 199
0.0386 198
0.0387 199
0.0388 199
0.0389 199
0.039 199
0.0391 199
0.0392 199
0.0393 200
0.0394 201
0.0395 201
0.0396 201
0.0397 202
0.0398 204
0.0399 205
0.04 205
0.0401 205
0.0402 205
0.0403 205
0.0404 204
0.0405 204
0.0406 204
0.0407 205
0.0408 205
0.0409 205
0.041 205
0.0411 205
0.0412 205
0.0413 205
0.0414 205
0.0415 205
0.0416 207
0.0417 207
0.0418 207
0.0419 207
0.042 207
0.0421 207
0.0422 207
0.0423 206
0.0424 206
0.0425 206
0.0426 207
0.0427 207
0.0428 207
0.0429 208
0.043 208
0.0431 208
0.0432 209
0.0433 210
0.0434 210
0.0435 210
0.0436 210
0.0437 211
0.0438 212
0.0439 212
0.044 213
0.0441 213
0.0442 214
0.0443 214
0.0444 216
0.0445 218
0.0446 218
0.0447 218
0.0448 218
0.0449 219
0.045 219
0.0451 219
0.0452 221
0.0453 221
0.0454 221
0.0455 221
0.0456 221
0.0457 221
0.0458 221
0.0459 221
0.046 221
0.0461 221
0.0462 221
0.0463 222
0.0464 224
0.0465 224
0.0466 224
0.0467 223
0.0468 223
0.0469 225
0.047 225
0.0471 225
0.0472 225
0.0473 226
0.0474 226
0.0475 226
0.0476 226
0.0477 226
0.0478 227
0.0479 227
0.048 228
0.0481 229
0.0482 231
0.0483 232
0.0484 232
0.0485 233
0.0486 233
0.0487 233
0.0488 233
0.0489 233
0.049 233
0.0491 233
0.0492 233
0.0493 233
0.0494 233
0.0495 233
0.0496 233
0.0497 234
0.0498 234
0.0499 234
0.05 235
0.0501 236
0.0502 234
0.0503 234
0.0504 235
0.0505 235
0.0506 234
0.0507 233
0.0508 234
0.0509 234
0.051 234
0.0511 234
0.0512 234
0.0513 234
0.0514 234
0.0515 234
0.0516 234
0.0517 233
0.0518 232
0.0519 232
0.052 232
0.0521 232
0.0522 232
0.0523 233
0.0524 234
0.0525 235
0.0526 235
0.0527 234
0.0528 234
0.0529 234
0.053 235
0.0531 235
0.0532 235
0.0533 235
0.0534 235
0.0535 235
0.0536 235
0.0537 236
0.0538 236
0.0539 236
0.054 237
0.0541 239
0.0542 239
0.0543 239
0.0544 240
0.0545 239
0.0546 239
0.0547 241
0.0548 241
0.0549 243
0.055 244
0.0551 244
0.0552 245
0.0553 245
0.0554 246
0.0555 246
0.0556 247
0.0557 246
0.0558 246
0.0559 246
0.056 246
0.0561 247
0.0562 247
0.0563 247
0.0564 249
0.0565 249
0.0566 250
0.0567 250
0.0568 250
0.0569 250
0.057 250
0.0571 251
0.0572 252
0.0573 253
0.0574 253
0.0575 253
0.0576 252
0.0577 252
0.0578 252
0.0579 252
0.058 253
0.0581 254
0.0582 254
0.0583 254
0.0584 254
0.0585 254
0.0586 253
0.0587 254
0.0588 254
0.0589 254
0.059 254
0.0591 254
0.0592 255
0.0593 256
0.0594 257
0.0595 257
0.0596 257
0.0597 258
0.0598 259
0.0599 259
0.06 259
0.0601 260
0.0602 260
0.0603 260
0.0604 260
0.0605 260
0.0606 261
0.0607 261
0.0608 261
0.0609 260
0.061 259
0.0611 259
0.0612 259
0.0613 260
0.0614 260
0.0615 260
0.0616 259
0.0617 258
0.0618 258
0.0619 258
0.062 258
0.0621 259
0.0622 260
0.0623 261
0.0624 261
0.0625 262
0.0626 262
0.0627 262
0.0628 263
0.0629 262
0.063 263
0.0631 263
0.0632 263
0.0633 263
0.0634 263
0.0635 263
0.0636 263
0.0637 263
0.0638 263
0.0639 263
0.064 263
0.0641 263
0.0642 262
0.0643 262
0.0644 262
0.0645 262
0.0646 262
0.0647 262
0.0648 262
0.0649 262
0.065 262
0.0651 263
0.0652 263
0.0653 264
0.0654 264
0.0655 264
0.0656 263
0.0657 263
0.0658 263
0.0659 264
0.066 264
0.0661 263
0.0662 263
0.0663 262
0.0664 262
0.0665 263
0.0666 265
0.0667 264
0.0668 265
0.0669 267
0.067 268
0.0671 268
0.0672 267
0.0673 269
0.0674 268
0.0675 269
0.0676 269
0.0677 269
0.0678 269
0.0679 269
0.068 269
0.0681 270
0.0682 270
0.0683 269
0.0684 270
0.0685 270
0.0686 270
0.0687 272
0.0688 272
0.0689 272
0.069 273
0.0691 273
0.0692 274
0.0693 274
0.0694 274
0.0695 275
0.0696 275
0.0697 275
0.0698 274
0.0699 274
0.07 275
0.0701 275
0.0702 275
0.0703 275
0.0704 276
0.0705 276
0.0706 276
0.0707 276
0.0708 275
0.0709 274
0.071 274
0.0711 275
0.0712 276
0.0713 277
0.0714 277
0.0715 277
0.0716 278
0.0717 276
0.0718 277
0.0719 276
0.072 278
0.0721 279
0.0722 280
0.0723 280
0.0724 279
0.0725 279
0.0726 279
0.0727 279
0.0728 281
0.0729 281
0.073 281
0.0731 282
0.0732 283
0.0733 283
0.0734 285
0.0735 286
0.0736 286
0.0737 286
0.0738 288
0.0739 289
0.074 289
0.0741 289
0.0742 290
0.0743 291
0.0744 291
0.0745 293
0.0746 293
0.0747 293
0.0748 294
0.0749 294
0.075 294
0.0751 295
0.0752 295
0.0753 295
0.0754 296
0.0755 296
0.0756 296
0.0757 295
0.0758 297
0.0759 297
0.076 297
0.0761 297
0.0762 298
0.0763 300
0.0764 301
0.0765 301
0.0766 301
0.0767 301
0.0768 302
0.0769 302
0.077 302
0.0771 302
0.0772 302
0.0773 302
0.0774 302
0.0775 303
0.0776 303
0.0777 303
0.0778 304
0.0779 305
0.078 305
0.0781 304
0.0782 305
0.0783 305
0.0784 306
0.0785 306
0.0786 306
0.0787 305
0.0788 304
0.0789 305
0.079 305
0.0791 305
0.0792 305
0.0793 305
0.0794 305
0.0795 305
0.0796 306
0.0797 306
0.0798 306
0.0799 307
0.08 307
0.0801 308
0.0802 309
0.0803 309
0.0804 309
0.0805 309
0.0806 308
0.0807 309
0.0808 310
0.0809 309
0.081 309
0.0811 309
0.0812 309
0.0813 308
0.0814 309
0.0815 309
0.0816 310
0.0817 310
0.0818 310
0.0819 310
0.082 311
0.0821 311
0.0822 311
0.0823 312
0.0824 312
0.0825 312
0.0826 312
0.0827 312
0.0828 312
0.0829 312
0.083 314
0.0831 316
0.0832 314
0.0833 313
0.0834 313
0.0835 313
0.0836 313
0.0837 313
0.0838 313
0.0839 312
0.084 312
0.0841 314
0.0842 314
0.0843 314
0.0844 314
0.0845 314
0.0846 315
0.0847 315
0.0848 315
0.0849 316
0.085 317
0.0851 320
0.0852 321
0.0853 321
0.0854 323
0.0855 323
0.0856 323
0.0857 323
0.0858 323
0.0859 324
0.086 324
0.0861 324
0.0862 324
0.0863 325
0.0864 325
0.0865 325
0.0866 324
0.0867 324
0.0868 324
0.0869 324
0.087 324
0.0871 324
0.0872 324
0.0873 325
0.0874 325
0.0875 325
0.0876 325
0.0877 325
0.0878 325
0.0879 327
0.088 328
0.0881 329
0.0882 331
0.0883 331
0.0884 331
0.0885 331
0.0886 332
0.0887 332
0.0888 332
0.0889 332
0.089 332
0.0891 332
0.0892 332
0.0893 334
0.0894 335
0.0895 335
0.0896 336
0.0897 336
0.0898 336
0.0899 336
0.09 336
0.0901 335
0.0902 335
0.0903 335
0.0904 335
0.0905 335
0.0906 335
0.0907 335
0.0908 336
0.0909 336
0.091 336
0.0911 336
0.0912 338
0.0913 339
0.0914 339
0.0915 339
0.0916 339
0.0917 339
0.0918 339
0.0919 339
0.092 339
0.0921 338
0.0922 338
0.0923 337
0.0924 337
0.0925 336
0.0926 337
0.0927 337
0.0928 337
0.0929 337
0.093 337
0.0931 338
0.0932 339
0.0933 339
0.0934 339
0.0935 340
0.0936 340
0.0937 340
0.0938 341
0.0939 341
0.094 341
0.0941 341
0.0942 342
0.0943 342
0.0944 342
0.0945 344
0.0946 344
0.0947 344
0.0948 343
0.0949 343
0.095 344
0.0951 345
0.0952 345
0.0953 345
0.0954 344
0.0955 343
0.0956 342
0.0957 342
0.0958 342
0.0959 341
0.096 341
0.0961 341
0.0962 341
0.0963 341
0.0964 340
0.0965 340
0.0966 341
0.0967 342
0.0968 344
0.0969 343
0.097 343
0.0971 344
0.0972 344
0.0973 344
0.0974 344
0.0975 344
0.0976 344
0.0977 344
0.0978 344
0.0979 344
0.098 344
0.0981 344
0.0982 344
0.0983 344
0.0984 344
0.0985 344
0.0986 344
0.0987 344
0.0988 344
0.0989 345
0.099 345
0.0991 344
0.0992 343
0.0993 344
0.0994 343
0.0995 344
0.0996 344
0.0997 344
0.0998 345
0.0999 345
0.1 345
