0 3755
0.01 3675
0.02 3606
0.03 3553
0.04 3501
0.05 3457
0.06 3432
0.07 3386
0.08 3352
0.09 3322
0.1 3291
0.11 3262
0.12 3238
0.13 3206
0.14 3182
0.15 3155
0.16 3126
0.17 3094
0.18 3061
0.19 3037
0.2 3019
0.21 2996
0.22 2978
0.23 2961
0.24 2940
0.25 2922
0.26 2901
0.27 2887
0.28 2876
0.29 2862
0.3 2850
0.31 2830
0.32 2814
0.33 2803
0.34 2782
0.35 2769
0.36 2760
0.37 2748
0.38 2736
0.39 2731
0.4 2721
0.41 2714
0.42 2706
0.43 2696
0.44 2687
0.45 2682
0.46 2671
0.47 2660
0.48 2656
0.49 2651
0.5 2645
0.51 2641
0.52 2638
0.53 2631
0.54 2622
0.55 2619
0.56 2616
0.57 2613
0.58 2608
0.59 2606
0.6 2598
0.61 2591
0.62 2587
0.63 2582
0.64 2575
0.65 2569
0.66 2564
0.67 2560
0.68 2556
0.69 2551
0.7 2545
0.71 2542
0.72 2540
0.73 2539
0.74 2535
0.75 2533
0.76 2531
0.77 2530
0.78 2526
0.79 2525
0.8 2522
0.81 2518
0.82 2516
0.83 2514
0.84 2510
0.85 2506
0.86 2504
0.87 2502
0.88 2498
0.89 2496
0.9 2494
0.91 2494
0.92 2493
0.93 2490
0.94 2490
0.95 2487
0.96 2483
0.97 2482
0.98 2483
0.99 2482
1 2484
1.01 2486
1.02 2483
1.03 2482
1.04 2481
1.05 2479
1.06 2477
1.07 2477
1.08 2477
1.09 2477
1.1 2477
1.11 2477
1.12 2478
1.13 2479
1.14 2476
1.15 2477
1.16 2477
1.17 2476
1.18 2474
1.19 2471
1.2 2472
1.21 2472
1.22 2474
1.23 2473
1.24 2472
1.25 2471
1.26 2470
1.27 2469
1.28 2468
1.29 2467
1.3 2464
1.31 2461
1.32 2461
1.33 2461
1.34 2460
1.35 2459
1.36 2458
1.37 2457
1.38 2457
1.39 2459
1.4 2458
1.41 2456
1.42 2455
1.43 2453
1.44 2454
1.45 2455
1.46 2457
1.47 2454
1.48 2454
1.49 2454
1.5 2455
1.51 2457
1.52 2456
1.53 2456
1.54 2455
1.55 2455
1.56 2454
1.57 2454
1.58 2454
1.59 2455
1.6 2452
1.61 2452
1.62 2451
1.63 2451
1.64 2451
1.65 2451
1.66 2450
1.67 2450
1.68 2450
1.69 2451
1.7 2452
1.71 2453
1.72 2452
1.73 2453
1.74 2455
1.75 2454
1.76 2453
1.77 2454
1.78 2455
1.79 2456
1.8 2455
1.81 2452
1.82 2449
1.83 2450
1.84 2448
1.85 2448
1.86 2447
1.87 2445
1.88 2444
1.89 2445
1.9 2444
1.91 2444
1.92 2445
1.93 2446
1.94 2447
1.95 2447
1.96 2448
1.97 2446
1.98 2445
1.99 2445
2 2447
