0 665
0.01 613
0.02 584
0.03 560
0.04 542
0.05 520
0.06 500
0.07 482
0.08 458
0.09 437
0.1 421
0.11 412
0.12 398
0.13 390
0.14 372
0.15 368
0.16 351
0.17 343
0.18 331
0.19 318
0.2 307
0.21 299
0.22 289
0.23 278
0.24 262
0.25 255
0.26 247
0.27 236
0.28 225
0.29 222
0.3 222
0.31 216
0.32 212
0.33 208
0.34 208
0.35 205
0.36 194
0.37 186
0.38 182
0.39 177
0.4 163
0.41 156
0.42 150
0.43 138
0.44 132
0.45 128
0.46 119
0.47 116
0.48 112
0.49 110
0.5 106
0.51 102
0.52 98
0.53 93
0.54 88
0.55 87
0.56 86
0.57 87
0.58 84
0.59 83
0.6 78
0.61 74
0.62 74
0.63 71
0.64 69
0.65 67
0.66 66
0.67 65
0.68 64
0.69 63
0.7 62
0.71 60
0.72 60
0.73 56
0.74 53
0.75 52
0.76 51
0.77 50
0.78 50
0.79 47
0.8 45
0.81 44
0.82 45
0.83 44
0.84 44
0.85 40
0.86 38
0.87 39
0.88 37
0.89 38
0.9 37
0.91 37
0.92 36
0.93 35
0.94 32
0.95 32
0.96 29
0.97 28
0.98 27
0.99 25
1 25
1.01 25
1.02 23
1.03 23
1.04 23
1.05 23
1.06 23
1.07 23
1.08 24
1.09 24
1.1 24
1.11 23
1.12 23
1.13 22
1.14 23
1.15 22
1.16 22
1.17 22
1.18 20
1.19 21
1.2 21
1.21 20
1.22 19
1.23 17
1.24 17
1.25 16
1.26 17
1.27 14
1.28 14
1.29 14
1.3 15
1.31 14
1.32 14
1.33 15
1.34 14
1.35 15
1.36 14
1.37 14
1.38 14
1.39 15
1.4 13
1.41 14
1.42 12
1.43 13
1.44 13
1.45 12
1.46 12
1.47 11
1.48 11
1.49 10
1.5 10
1.51 10
1.52 12
1.53 13
1.54 11
1.55 10
1.56 10
1.57 10
1.58 10
1.59 10
1.6 10
1.61 10
1.62 10
1.63 9
1.64 10
1.65 10
1.66 10
1.67 10
1.68 12
1.69 11
1.7 12
1.71 11
1.72 10
1.73 10
1.74 10
1.75 10
1.76 9
1.77 9
1.78 9
1.79 7
1.8 7
1.81 4
1.82 5
1.83 4
1.84 4
1.85 5
1.86 5
1.87 5
1.88 6
1.89 6
1.9 5
1.91 5
1.92 4
1.93 4
1.94 5
1.95 5
1.96 5
1.97 6
1.98 6
1.99 7
2 8
