0 3755
0.01 3661
0.02 3602
0.03 3551
0.04 3511
0.05 3466
0.06 3435
0.07 3401
0.08 3369
0.09 3339
0.1 3310
0.11 3279
0.12 3249
0.13 3225
0.14 3192
0.15 3166
0.16 3150
0.17 3132
0.18 3112
0.19 3085
0.2 3060
0.21 3042
0.22 3024
0.23 3001
0.24 2986
0.25 2968
0.26 2956
0.27 2936
0.28 2921
0.29 2904
0.3 2893
0.31 2875
0.32 2866
0.33 2843
0.34 2835
0.35 2828
0.36 2817
0.37 2809
0.38 2801
0.39 2784
0.4 2769
0.41 2761
0.42 2742
0.43 2734
0.44 2723
0.45 2716
0.46 2710
0.47 2699
0.48 2687
0.49 2677
0.5 2669
0.51 2660
0.52 2655
0.53 2646
0.54 2636
0.55 2629
0.56 2624
0.57 2621
0.58 2614
0.59 2610
0.6 2603
0.61 2597
0.62 2593
0.63 2588
0.64 2587
0.65 2586
0.66 2579
0.67 2574
0.68 2573
0.69 2562
0.7 2559
0.71 2557
0.72 2555
0.73 2547
0.74 2543
0.75 2537
0.76 2534
0.77 2534
0.78 2533
0.79 2526
0.8 2522
0.81 2520
0.82 2517
0.83 2512
0.84 2511
0.85 2511
0.86 2513
0.87 2506
0.88 2507
0.89 2504
0.9 2503
0.91 2501
0.92 2498
0.93 2494
0.94 2493
0.95 2494
0.96 2491
0.97 2487
0.98 2484
0.99 2484
1 2481
1.01 2479
1.02 2477
1.03 2478
1.04 2475
1.05 2478
1.06 2474
1.07 2474
1.08 2475
1.09 2473
1.1 2473
1.11 2473
1.12 2474
1.13 2470
1.14 2468
1.15 2468
1.16 2465
1.17 2465
1.18 2464
1.19 2463
1.2 2463
1.21 2464
1.22 2463
1.23 2462
1.24 2462
1.25 2460
1.26 2460
1.27 2459
1.28 2461
1.29 2460
1.3 2458
1.31 2459
1.32 2455
1.33 2456
1.34 2454
1.35 2456
1.36 2456
1.37 2456
1.38 2456
1.39 2455
1.4 2453
1.41 2454
1.42 2455
1.43 2453
1.44 2453
1.45 2454
1.46 2454
1.47 2455
1.48 2456
1.49 2456
1.5 2456
1.51 2455
1.52 2455
1.53 2457
1.54 2455
1.55 2455
1.56 2453
1.57 2453
1.58 2455
1.59 2455
1.6 2455
1.61 2455
1.62 2457
1.63 2456
1.64 2455
1.65 2453
1.66 2452
1.67 2453
1.68 2453
1.69 2455
1.7 2454
1.71 2455
1.72 2454
1.73 2455
1.74 2456
1.75 2455
1.76 2456
1.77 2455
1.78 2452
1.79 2455
1.8 2451
1.81 2449
1.82 2448
1.83 2449
1.84 2448
1.85 2447
1.86 2446
1.87 2446
1.88 2449
1.89 2447
1.9 2448
1.91 2448
1.92 2449
1.93 2448
1.94 2448
1.95 2448
1.96 2448
1.97 2452
1.98 2450
1.99 2448
2 2449
