0 0
0.01 3
0.02 9
0.03 18
0.04 30
0.05 46
0.06 60
0.07 72
0.08 86
0.09 110
0.1 126
0.11 145
0.12 164
0.13 172
0.14 188
0.15 209
0.16 224
0.17 233
0.18 245
0.19 254
0.2 270
0.21 282
0.22 292
0.23 303
0.24 314
0.25 327
0.26 335
0.27 337
0.28 345
0.29 350
0.3 355
0.31 365
0.32 374
0.33 379
0.34 389
0.35 395
0.36 402
0.37 409
0.38 413
0.39 417
0.4 426
0.41 436
0.42 442
0.43 447
0.44 458
0.45 458
0.46 461
0.47 465
0.48 464
0.49 473
0.5 476
0.51 485
0.52 487
0.53 495
0.54 496
0.55 493
0.56 497
0.57 500
0.58 503
0.59 508
0.6 512
0.61 512
0.62 508
0.63 511
0.64 518
0.65 516
0.66 517
0.67 520
0.68 524
0.69 523
0.7 528
0.71 527
0.72 524
0.73 529
0.74 526
0.75 533
0.76 537
0.77 534
0.78 538
0.79 539
0.8 544
0.81 550
0.82 552
0.83 547
0.84 552
0.85 559
0.86 562
0.87 573
0.88 572
0.89 574
0.9 577
0.91 573
0.92 573
0.93 571
0.94 573
0.95 572
0.96 562
0.97 563
0.98 563
0.99 564
1 568
1.01 569
1.02 573
1.03 572
1.04 570
1.05 575
1.06 578
1.07 584
1.08 584
1.09 586
1.1 584
1.11 587
1.12 589
1.13 584
1.14 590
1.15 595
1.16 599
1.17 602
1.18 596
1.19 593
1.2 590
1.21 592
1.22 586
1.23 587
1.24 579
1.25 582
1.26 585
1.27 587
1.28 585
1.29 589
1.3 592
1.31 599
1.32 602
1.33 601
1.34 598
1.35 600
1.36 595
1.37 592
1.38 591
1.39 588
1.4 586
1.41 589
1.42 588
1.43 590
1.44 594
1.45 595
1.46 589
1.47 592
1.48 597
1.49 596
1.5 590
1.51 589
1.52 586
1.53 593
1.54 597
1.55 598
1.56 596
1.57 597
1.58 598
1.59 591
1.6 589
1.61 589
1.62 599
1.63 600
1.64 597
1.65 594
1.66 593
1.67 598
1.68 594
1.69 596
1.7 599
1.71 599
1.72 594
1.73 594
1.74 591
1.75 596
1.76 594
1.77 593
1.78 590
1.79 593
1.8 595
1.81 597
1.82 601
1.83 598
1.84 595
1.85 596
1.86 600
1.87 599
1.88 595
1.89 596
1.9 598
1.91 598
1.92 594
1.93 595
1.94 601
1.95 599
1.96 602
1.97 597
1.98 597
1.99 600
2 601
