0 0
0.0001 0
0.0002 0
0.0003 6
0.0004 9
0.0005 13
0.0006 13
0.0007 18
0.0008 26
0.0009 33
0.001 45
0.0011 49
0.0012 65
0.0013 88
0.0014 103
0.0015 127
0.0016 153
0.0017 193
0.0018 243
0.0019 306
0.002 368
0.0021 412
0.0022 486
0.0023 556
0.0024 610
0.0025 650
0.0026 685
0.0027 721
0.0028 749
0.0029 805
0.003 859
0.0031 911
0.0032 936
0.0033 969
0.0034 976
0.0035 993
0.0036 1035
0.0037 1060
0.0038 1066
0.0039 1080
0.004 1102
0.0041 1120
0.0042 1165
0.0043 1200
0.0044 1229
0.0045 1253
0.0046 1280
0.0047 1306
0.0048 1351
0.0049 1408
0.005 1454
0.0051 1495
0.0052 1549
0.0053 1585
0.0054 1607
0.0055 1627
0.0056 1631
0.0057 1665
0.0058 1696
0.0059 1724
0.006 1757
0.0061 1786
0.0062 1802
0.0063 1837
0.0064 1836
0.0065 1847
0.0066 1852
0.0067 1862
0.0068 1850
0.0069 1875
0.007 1878
0.0071 1885
0.0072 1877
0.0073 1888
0.0074 1893
0.0075 1891
0.0076 1919
0.0077 1931
0.0078 1931
0.0079 1925
0.008 1924
0.0081 1913
0.0082 1925
0.0083 1938
0.0084 1950
0.0085 1922
0.0086 1922
0.0087 1890
0.0088 1889
0.0089 1882
0.009 1878
0.0091 1845
0.0092 1840
0.0093 1832
0.0094 1820
0.0095 1825
0.0096 1823
0.0097 1801
0.0098 1793
0.0099 1800
0.01 1790
0.0101 1819
0.0102 1834
0.0103 1846
0.0104 1839
0.0105 1827
0.0106 1824
0.0107 1820
0.0108 1827
0.0109 1827
0.011 1829
0.0111 1840
0.0112 1860
0.0113 1846
0.0114 1850
0.0115 1852
0.0116 1850
0.0117 1848
0.0118 1833
0.0119 1826
0.012 1835
0.0121 1826
0.0122 1811
0.0123 1794
0.0124 1773
0.0125 1757
0.0126 1736
0.0127 1745
0.0128 1753
0.0129 1767
0.013 1769
0.0131 1765
0.0132 1748
0.0133 1748
0.0134 1751
0.0135 1726
0.0136 1750
0.0137 1737
0.0138 1743
0.0139 1762
0.014 1751
0.0141 1756
0.0142 1739
0.0143 1743
0.0144 1725
0.0145 1728
0.0146 1721
0.0147 1722
0.0148 1736
0.0149 1715
0.015 1736
0.0151 1748
0.0152 1739
0.0153 1716
0.0154 1691
0.0155 1666
0.0156 1657
0.0157 1641
0.0158 1619
0.0159 1608
0.016 1589
0.0161 1581
0.0162 1601
0.0163 1615
0.0164 1613
0.0165 1618
0.0166 1608
0.0167 1585
0.0168 1578
0.0169 1550
0.017 1553
0.0171 1531
0.0172 1531
0.0173 1542
0.0174 1520
0.0175 1495
0.0176 1450
0.0177 1424
0.0178 1405
0.0179 1378
0.018 1364
0.0181 1357
0.0182 1336
0.0183 1313
0.0184 1295
0.0185 1284
0.0186 1261
0.0187 1268
0.0188 1239
0.0189 1213
0.019 1187
0.0191 1178
0.0192 1152
0.0193 1129
0.0194 1144
0.0195 1137
0.0196 1141
0.0197 1119
0.0198 1104
0.0199 1091
0.02 1105
0.0201 1096
0.0202 1084
0.0203 1081
0.0204 1082
0.0205 1057
0.0206 1055
0.0207 1047
0.0208 1044
0.0209 1058
0.021 1055
0.0211 1062
0.0212 1053
0.0213 1044
0.0214 1012
0.0215 991
0.0216 970
0.0217 929
0.0218 887
0.0219 874
0.022 874
0.0221 868
0.0222 844
0.0223 840
0.0224 836
0.0225 824
0.0226 806
0.0227 809
0.0228 785
0.0229 786
0.023 778
0.0231 733
0.0232 725
0.0233 708
0.0234 678
0.0235 653
0.0236 651
0.0237 615
0.0238 597
0.0239 585
0.024 545
0.0241 509
0.0242 481
0.0243 483
0.0244 467
0.0245 472
0.0246 456
0.0247 443
0.0248 421
0.0249 404
0.025 421
0.0251 436
0.0252 444
0.0253 463
0.0254 460
0.0255 439
0.0256 435
0.0257 416
0.0258 420
0.0259 405
0.026 390
0.0261 377
0.0262 369
0.0263 350
0.0264 331
0.0265 300
0.0266 287
0.0267 270
0.0268 252
0.0269 251
0.027 250
0.0271 253
0.0272 238
0.0273 244
0.0274 250
0.0275 255
0.0276 258
0.0277 249
0.0278 251
0.0279 263
0.028 255
0.0281 241
0.0282 230
0.0283 203
0.0284 173
0.0285 153
0.0286 121
0.0287 89
0.0288 71
0.0289 62
0.029 57
0.0291 59
0.0292 53
0.0293 34
0.0294 24
0.0295 17
0.0296 8
0.0297 17
0.0298 14
0.0299 9
0.03 8
0.0301 5
0.0302 8
0.0303 6
0.0304 3
0.0305 2
0.0306 4
0.0307 5
0.0308 6
0.0309 8
0.031 2
0.0311 0
0.0312 1
0.0313 1
0.0314 3
0.0315 4
0.0316 1
0.0317 2
0.0318 3
0.0319 1
0.032 1
0.0321 1
0.0322 6
0.0323 3
0.0324 5
0.0325 8
0.0326 18
0.0327 11
0.0328 13
0.0329 5
0.033 4
0.0331 2
0.0332 2
0.0333 2
0.0334 3
0.0335 0
0.0336 2
0.0337 1
0.0338 1
0.0339 1
0.034 3
0.0341 2
0.0342 5
0.0343 0
0.0344 1
0.0345 4
0.0346 1
0.0347 1
0.0348 0
0.0349 1
0.035 0
0.0351 2
0.0352 2
0.0353 0
0.0354 2
0.0355 0
0.0356 0
0.0357 1
0.0358 1
0.0359 0
0.036 3
0.0361 1
0.0362 0
0.0363 0
0.0364 4
0.0365 0
0.0366 1
0.0367 2
0.0368 0
0.0369 0
0.037 0
0.0371 2
0.0372 2
0.0373 1
0.0374 0
0.0375 1
0.0376 0
0.0377 0
0.0378 1
0.0379 1
0.038 1
0.0381 2
0.0382 1
0.0383 1
0.0384 1
0.0385 0
0.0386 1
0.0387 0
0.0388 1
0.0389 1
0.039 2
0.0391 0
0.0392 1
0.0393 0
0.0394 0
0.0395 4
0.0396 4
0.0397 1
0.0398 3
0.0399 2
0.04 5
0.0401 2
0.0402 3
0.0403 1
0.0404 4
0.0405 6
0.0406 8
0.0407 7
0.0408 5
0.0409 4
0.041 5
0.0411 3
0.0412 6
0.0413 1
0.0414 3
0.0415 4
0.0416 2
0.0417 2
0.0418 0
0.0419 0
0.042 0
0.0421 0
0.0422 3
0.0423 2
0.0424 1
0.0425 6
0.0426 7
0.0427 4
0.0428 2
0.0429 3
0.043 6
0.0431 4
0.0432 4
0.0433 3
0.0434 3
0.0435 3
0.0436 1
0.0437 5
0.0438 0
0.0439 1
0.044 6
0.0441 2
0.0442 1
0.0443 2
0.0444 1
0.0445 4
0.0446 0
0.0447 1
0.0448 3
0.0449 4
0.045 1
0.0451 0
0.0452 2
0.0453 0
0.0454 1
0.0455 0
0.0456 3
0.0457 3
0.0458 2
0.0459 4
0.046 8
0.0461 21
0.0462 16
0.0463 23
0.0464 21
0.0465 13
0.0466 9
0.0467 13
0.0468 6
0.0469 17
0.047 19
0.0471 18
0.0472 19
0.0473 19
0.0474 32
0.0475 28
0.0476 36
0.0477 27
0.0478 17
0.0479 17
0.048 27
0.0481 15
0.0482 20
0.0483 27
0.0484 36
0.0485 46
0.0486 48
0.0487 57
0.0488 62
0.0489 63
0.049 75
0.0491 90
0.0492 88
0.0493 84
0.0494 80
0.0495 93
0.0496 88
0.0497 68
0.0498 68
0.0499 61
0.05 57
0.0501 59
0.0502 70
0.0503 71
0.0504 70
0.0505 50
0.0506 39
0.0507 30
0.0508 24
0.0509 15
0.051 10
0.0511 5
0.0512 4
0.0513 4
0.0514 4
0.0515 2
0.0516 3
0.0517 4
0.0518 4
0.0519 2
0.052 1
0.0521 5
0.0522 8
0.0523 3
0.0524 6
0.0525 7
0.0526 12
0.0527 11
0.0528 9
0.0529 17
0.053 18
0.0531 19
0.0532 32
0.0533 32
0.0534 31
0.0535 33
0.0536 40
0.0537 40
0.0538 53
0.0539 73
0.054 102
0.0541 124
0.0542 134
0.0543 150
0.0544 165
0.0545 221
0.0546 224
0.0547 233
0.0548 261
0.0549 259
0.055 264
0.0551 270
0.0552 277
0.0553 277
0.0554 293
0.0555 295
0.0556 296
0.0557 304
0.0558 303
0.0559 318
0.056 309
0.0561 318
0.0562 319
0.0563 338
0.0564 347
0.0565 371
0.0566 399
0.0567 411
0.0568 430
0.0569 441
0.057 476
0.0571 482
0.0572 526
0.0573 545
0.0574 585
0.0575 598
0.0576 628
0.0577 633
0.0578 634
0.0579 646
0.058 655
0.0581 666
0.0582 689
0.0583 699
0.0584 709
0.0585 704
0.0586 706
0.0587 758
0.0588 759
0.0589 781
0.059 791
0.0591 819
0.0592 832
0.0593 832
0.0594 829
0.0595 822
0.0596 805
0.0597 817
0.0598 801
0.0599 817
0.06 808
0.0601 792
0.0602 791
0.0603 766
0.0604 768
0.0605 760
0.0606 752
0.0607 759
0.0608 762
0.0609 763
0.061 763
0.0611 758
0.0612 759
0.0613 735
0.0614 700
0.0615 694
0.0616 665
0.0617 644
0.0618 630
0.0619 626
0.062 622
0.0621 625
0.0622 631
0.0623 629
0.0624 595
0.0625 567
0.0626 567
0.0627 549
0.0628 526
0.0629 523
0.063 535
0.0631 536
0.0632 547
0.0633 541
0.0634 540
0.0635 561
0.0636 563
0.0637 556
0.0638 539
0.0639 505
0.064 509
0.0641 485
0.0642 493
0.0643 491
0.0644 504
0.0645 509
0.0646 527
0.0647 510
0.0648 511
0.0649 498
0.065 494
0.0651 506
0.0652 487
0.0653 495
0.0654 494
0.0655 504
0.0656 502
0.0657 481
0.0658 476
0.0659 461
0.066 450
0.0661 436
0.0662 428
0.0663 410
0.0664 423
0.0665 409
0.0666 396
0.0667 406
0.0668 389
0.0669 382
0.067 376
0.0671 383
0.0672 372
0.0673 343
0.0674 321
0.0675 293
0.0676 264
0.0677 237
0.0678 204
0.0679 181
0.068 165
0.0681 144
0.0682 127
0.0683 92
0.0684 76
0.0685 48
0.0686 44
0.0687 33
0.0688 21
0.0689 17
0.069 7
0.0691 6
0.0692 5
0.0693 3
0.0694 4
0.0695 4
0.0696 2
0.0697 1
0.0698 2
0.0699 1
0.07 2
0.0701 4
0.0702 17
0.0703 18
0.0704 21
0.0705 18
0.0706 11
0.0707 11
0.0708 12
0.0709 6
0.071 6
0.0711 14
0.0712 12
0.0713 12
0.0714 10
0.0715 10
0.0716 10
0.0717 7
0.0718 3
0.0719 13
0.072 18
0.0721 12
0.0722 7
0.0723 5
0.0724 4
0.0725 2
0.0726 3
0.0727 0
0.0728 2
0.0729 7
0.073 4
0.0731 2
0.0732 4
0.0733 3
0.0734 0
0.0735 1
0.0736 5
0.0737 3
0.0738 0
0.0739 1
0.074 1
0.0741 1
0.0742 1
0.0743 1
0.0744 1
0.0745 2
0.0746 2
0.0747 2
0.0748 1
0.0749 0
0.075 0
0.0751 1
0.0752 1
0.0753 0
0.0754 0
0.0755 1
0.0756 0
0.0757 0
0.0758 0
0.0759 1
0.076 2
0.0761 0
0.0762 2
0.0763 0
0.0764 1
0.0765 0
0.0766 2
0.0767 1
0.0768 2
0.0769 0
0.077 1
0.0771 1
0.0772 1
0.0773 1
0.0774 0
0.0775 0
0.0776 1
0.0777 0
0.0778 2
0.0779 0
0.078 0
0.0781 3
0.0782 3
0.0783 3
0.0784 0
0.0785 0
0.0786 0
0.0787 0
0.0788 0
0.0789 0
0.079 1
0.0791 0
0.0792 0
0.0793 2
0.0794 2
0.0795 2
0.0796 1
0.0797 2
0.0798 3
0.0799 0
0.08 1
0.0801 1
0.0802 1
0.0803 1
0.0804 0
0.0805 1
0.0806 0
0.0807 0
0.0808 0
0.0809 1
0.081 4
0.0811 2
0.0812 0
0.0813 0
0.0814 0
0.0815 3
0.0816 2
0.0817 1
0.0818 0
0.0819 0
0.082 1
0.0821 1
0.0822 0
0.0823 1
0.0824 7
0.0825 2
0.0826 2
0.0827 2
0.0828 0
0.0829 2
0.083 1
0.0831 1
0.0832 0
0.0833 3
0.0834 4
0.0835 1
0.0836 1
0.0837 1
0.0838 0
0.0839 2
0.084 7
0.0841 0
0.0842 4
0.0843 2
0.0844 1
0.0845 2
0.0846 0
0.0847 1
0.0848 2
0.0849 0
0.085 0
0.0851 2
0.0852 2
0.0853 3
0.0854 1
0.0855 1
0.0856 3
0.0857 4
0.0858 4
0.0859 6
0.086 8
0.0861 9
0.0862 2
0.0863 4
0.0864 6
0.0865 1
0.0866 0
0.0867 1
0.0868 3
0.0869 2
0.087 1
0.0871 1
0.0872 2
0.0873 6
0.0874 5
0.0875 5
0.0876 2
0.0877 9
0.0878 16
0.0879 21
0.088 15
0.0881 11
0.0882 16
0.0883 13
0.0884 19
0.0885 17
0.0886 16
0.0887 26
0.0888 27
0.0889 34
0.089 28
0.0891 44
0.0892 46
0.0893 60
0.0894 64
0.0895 71
0.0896 65
0.0897 69
0.0898 67
0.0899 80
0.09 83
0.0901 90
0.0902 104
0.0903 124
0.0904 130
0.0905 134
0.0906 156
0.0907 170
0.0908 180
0.0909 219
0.091 251
0.0911 277
0.0912 297
0.0913 281
0.0914 284
0.0915 275
0.0916 262
0.0917 282
0.0918 281
0.0919 300
0.092 325
0.0921 338
0.0922 351
0.0923 360
0.0924 368
0.0925 378
0.0926 376
0.0927 374
0.0928 368
0.0929 361
0.093 357
0.0931 359
0.0932 362
0.0933 382
0.0934 385
0.0935 411
0.0936 425
0.0937 437
0.0938 477
0.0939 498
0.094 518
0.0941 540
0.0942 577
0.0943 611
0.0944 652
0.0945 654
0.0946 668
0.0947 656
0.0948 653
0.0949 652
0.095 658
0.0951 663
0.0952 651
0.0953 657
0.0954 641
0.0955 622
0.0956 622
0.0957 628
0.0958 613
0.0959 596
0.096 608
0.0961 610
0.0962 629
0.0963 661
0.0964 645
0.0965 657
0.0966 676
0.0967 680
0.0968 676
0.0969 670
0.097 673
0.0971 680
0.0972 673
0.0973 651
0.0974 643
0.0975 634
0.0976 619
0.0977 608
0.0978 598
0.0979 594
0.098 587
0.0981 605
0.0982 606
0.0983 610
0.0984 625
0.0985 623
0.0986 608
0.0987 621
0.0988 617
0.0989 623
0.099 624
0.0991 630
0.0992 609
0.0993 598
0.0994 580
0.0995 577
0.0996 549
0.0997 557
0.0998 549
0.0999 533
0.1 529
0.1001 529
0.1002 544
0.1003 553
0.1004 544
0.1005 548
0.1006 537
0.1007 550
0.1008 559
0.1009 546
0.101 543
0.1011 583
0.1012 609
0.1013 625
0.1014 623
0.1015 608
0.1016 608
0.1017 605
0.1018 607
0.1019 623
0.102 615
0.1021 581
0.1022 596
0.1023 602
0.1024 623
0.1025 627
0.1026 624
0.1027 640
0.1028 651
0.1029 646
0.103 645
0.1031 643
0.1032 645
0.1033 621
0.1034 589
0.1035 584
0.1036 571
0.1037 563
0.1038 547
0.1039 522
0.104 493
0.1041 485
0.1042 480
0.1043 487
0.1044 469
0.1045 450
0.1046 438
0.1047 396
0.1048 377
0.1049 360
0.105 367
0.1051 390
0.1052 393
0.1053 400
0.1054 398
0.1055 377
0.1056 380
0.1057 381
0.1058 389
0.1059 366
0.106 362
0.1061 342
0.1062 343
0.1063 350
0.1064 363
0.1065 356
0.1066 326
0.1067 319
0.1068 293
0.1069 283
0.107 274
0.1071 257
0.1072 255
0.1073 233
0.1074 219
0.1075 203
0.1076 183
0.1077 189
0.1078 181
0.1079 172
0.108 152
0.1081 131
0.1082 129
0.1083 113
0.1084 117
0.1085 110
0.1086 127
0.1087 125
0.1088 111
0.1089 96
0.109 59
0.1091 38
0.1092 29
0.1093 16
0.1094 13
0.1095 7
0.1096 6
0.1097 9
0.1098 7
0.1099 6
0.11 7
0.1101 0
0.1102 3
0.1103 3
0.1104 2
0.1105 0
0.1106 3
0.1107 3
0.1108 3
0.1109 3
0.111 0
0.1111 2
0.1112 0
0.1113 0
0.1114 0
0.1115 0
0.1116 0
0.1117 2
0.1118 1
0.1119 1
0.112 2
0.1121 1
0.1122 3
0.1123 2
0.1124 1
0.1125 0
0.1126 0
0.1127 0
0.1128 1
0.1129 1
0.113 0
0.1131 2
0.1132 0
0.1133 0
0.1134 0
0.1135 1
0.1136 1
0.1137 0
0.1138 3
0.1139 2
0.114 2
0.1141 1
0.1142 6
0.1143 5
0.1144 10
0.1145 11
0.1146 7
0.1147 3
0.1148 5
0.1149 6
0.115 2
0.1151 2
0.1152 1
0.1153 6
0.1154 2
0.1155 2
0.1156 0
0.1157 0
0.1158 1
0.1159 2
0.116 1
0.1161 0
0.1162 0
0.1163 0
0.1164 1
0.1165 0
0.1166 1
0.1167 1
0.1168 0
0.1169 4
0.117 1
0.1171 0
0.1172 2
0.1173 2
0.1174 0
0.1175 1
0.1176 0
0.1177 0
0.1178 1
0.1179 1
0.118 0
0.1181 2
0.1182 1
0.1183 0
0.1184 0
0.1185 1
0.1186 0
0.1187 0
0.1188 2
0.1189 3
0.119 0
0.1191 3
0.1192 0
0.1193 0
0.1194 1
0.1195 1
0.1196 1
0.1197 0
0.1198 4
0.1199 3
0.12 0
0.1201 1
0.1202 6
0.1203 5
0.1204 8
0.1205 4
0.1206 13
0.1207 11
0.1208 7
0.1209 2
0.121 4
0.1211 4
0.1212 1
0.1213 1
0.1214 2
0.1215 2
0.1216 0
0.1217 2
0.1218 1
0.1219 0
0.122 1
0.1221 2
0.1222 1
0.1223 4
0.1224 5
0.1225 7
0.1226 17
0.1227 12
0.1228 16
0.1229 15
0.123 11
0.1231 7
0.1232 3
0.1233 3
0.1234 3
0.1235 3
0.1236 0
0.1237 3
0.1238 1
0.1239 1
0.124 6
0.1241 3
0.1242 3
0.1243 3
0.1244 2
0.1245 3
0.1246 2
0.1247 1
0.1248 3
0.1249 7
0.125 9
0.1251 15
0.1252 12
0.1253 18
0.1254 16
0.1255 12
0.1256 8
0.1257 4
0.1258 5
0.1259 3
0.126 7
0.1261 6
0.1262 9
0.1263 11
0.1264 13
0.1265 8
0.1266 10
0.1267 8
0.1268 8
0.1269 15
0.127 6
0.1271 5
0.1272 5
0.1273 0
0.1274 3
0.1275 0
0.1276 0
0.1277 3
0.1278 1
0.1279 1
0.128 1
0.1281 6
0.1282 10
0.1283 15
0.1284 23
0.1285 29
0.1286 36
0.1287 18
0.1288 12
0.1289 11
0.129 10
0.1291 12
0.1292 8
0.1293 13
0.1294 6
0.1295 2
0.1296 1
0.1297 2
0.1298 4
0.1299 2
0.13 4
0.1301 1
0.1302 1
0.1303 8
0.1304 2
0.1305 1
0.1306 1
0.1307 4
0.1308 8
0.1309 4
0.131 1
0.1311 5
0.1312 2
0.1313 1
0.1314 0
0.1315 0
0.1316 0
0.1317 0
0.1318 0
0.1319 0
0.132 0
0.1321 0
0.1322 1
0.1323 2
0.1324 0
0.1325 0
0.1326 1
0.1327 0
0.1328 0
0.1329 3
0.133 4
0.1331 0
0.1332 3
0.1333 3
0.1334 2
0.1335 2
0.1336 1
0.1337 0
0.1338 1
0.1339 1
0.134 2
0.1341 3
0.1342 2
0.1343 1
0.1344 2
0.1345 5
0.1346 4
0.1347 1
0.1348 5
0.1349 7
0.135 6
0.1351 11
0.1352 17
0.1353 17
0.1354 22
0.1355 17
0.1356 21
0.1357 28
0.1358 34
0.1359 20
0.136 18
0.1361 11
0.1362 16
0.1363 25
0.1364 26
0.1365 19
0.1366 18
0.1367 22
0.1368 12
0.1369 11
0.137 8
0.1371 2
0.1372 0
0.1373 5
0.1374 1
0.1375 2
0.1376 4
0.1377 7
0.1378 3
0.1379 6
0.138 6
0.1381 5
0.1382 4
0.1383 8
0.1384 17
0.1385 23
0.1386 23
0.1387 18
0.1388 26
0.1389 36
0.139 44
0.1391 34
0.1392 30
0.1393 27
0.1394 21
0.1395 17
0.1396 20
0.1397 15
0.1398 14
0.1399 15
0.14 13
0.1401 16
0.1402 18
0.1403 14
0.1404 11
0.1405 7
0.1406 14
0.1407 24
0.1408 24
0.1409 16
0.141 17
0.1411 24
0.1412 22
0.1413 32
0.1414 53
0.1415 70
0.1416 73
0.1417 66
0.1418 76
0.1419 67
0.142 68
0.1421 75
0.1422 76
0.1423 58
0.1424 59
0.1425 62
0.1426 66
0.1427 84
0.1428 97
0.1429 99
0.143 106
0.1431 116
0.1432 109
0.1433 130
0.1434 152
0.1435 185
0.1436 207
0.1437 249
0.1438 268
0.1439 284
0.144 317
0.1441 321
0.1442 339
0.1443 365
0.1444 370
0.1445 384
0.1446 375
0.1447 369
0.1448 391
0.1449 401
0.145 436
0.1451 445
0.1452 468
0.1453 488
0.1454 511
0.1455 539
0.1456 564
0.1457 575
0.1458 570
0.1459 555
0.146 545
0.1461 551
0.1462 561
0.1463 553
0.1464 572
0.1465 560
0.1466 579
0.1467 597
0.1468 605
0.1469 612
0.147 613
0.1471 587
0.1472 587
0.1473 570
0.1474 561
0.1475 575
0.1476 581
0.1477 580
0.1478 577
0.1479 581
0.148 613
0.1481 630
0.1482 655
0.1483 643
0.1484 630
0.1485 620
0.1486 603
0.1487 591
0.1488 592
0.1489 584
0.149 579
0.1491 559
0.1492 537
0.1493 546
0.1494 538
0.1495 544
0.1496 554
0.1497 562
0.1498 561
0.1499 551
0.15 547
0.1501 535
0.1502 535
0.1503 525
0.1504 531
0.1505 537
0.1506 558
0.1507 571
0.1508 580
0.1509 564
0.151 580
0.1511 595
0.1512 600
0.1513 591
0.1514 608
0.1515 594
0.1516 575
0.1517 567
0.1518 572
0.1519 577
0.152 582
0.1521 571
0.1522 552
0.1523 554
0.1524 562
0.1525 567
0.1526 565
0.1527 553
0.1528 542
0.1529 556
0.153 527
0.1531 509
0.1532 483
0.1533 479
0.1534 482
0.1535 479
0.1536 477
0.1537 475
0.1538 462
0.1539 447
0.154 430
0.1541 429
0.1542 416
0.1543 397
0.1544 378
0.1545 366
0.1546 344
0.1547 344
0.1548 315
0.1549 295
0.155 292
0.1551 292
0.1552 297
0.1553 307
0.1554 318
0.1555 338
0.1556 348
0.1557 334
0.1558 335
0.1559 333
0.156 330
0.1561 306
0.1562 302
0.1563 301
0.1564 301
0.1565 290
0.1566 276
0.1567 259
0.1568 265
0.1569 261
0.157 238
0.1571 218
0.1572 204
0.1573 185
0.1574 167
0.1575 156
0.1576 126
0.1577 120
0.1578 102
0.1579 98
0.158 85
0.1581 73
0.1582 71
0.1583 72
0.1584 69
0.1585 65
0.1586 58
0.1587 62
0.1588 68
0.1589 63
0.159 53
0.1591 47
0.1592 39
0.1593 54
0.1594 62
0.1595 83
0.1596 99
0.1597 107
0.1598 92
0.1599 90
0.16 110
0.1601 121
0.1602 141
0.1603 145
0.1604 143
0.1605 163
0.1606 173
0.1607 150
0.1608 159
0.1609 144
0.161 138
0.1611 142
0.1612 110
0.1613 99
0.1614 94
0.1615 83
0.1616 74
0.1617 81
0.1618 73
0.1619 64
0.162 64
0.1621 53
0.1622 47
0.1623 72
0.1624 80
0.1625 99
0.1626 117
0.1627 128
0.1628 133
0.1629 144
0.163 140
0.1631 117
0.1632 121
0.1633 109
0.1634 109
0.1635 89
0.1636 104
0.1637 106
0.1638 106
0.1639 128
0.164 137
0.1641 151
0.1642 144
0.1643 172
0.1644 180
0.1645 183
0.1646 179
0.1647 175
0.1648 186
0.1649 192
0.165 196
0.1651 183
0.1652 174
0.1653 149
0.1654 123
0.1655 110
0.1656 95
0.1657 81
0.1658 85
0.1659 71
0.166 59
0.1661 59
0.1662 54
0.1663 65
0.1664 56
0.1665 51
0.1666 40
0.1667 37
0.1668 35
0.1669 39
0.167 42
0.1671 47
0.1672 43
0.1673 32
0.1674 35
0.1675 31
0.1676 22
0.1677 24
0.1678 18
0.1679 11
0.168 6
0.1681 4
0.1682 1
0.1683 2
0.1684 1
0.1685 0
0.1686 2
0.1687 1
0.1688 5
0.1689 0
0.169 0
0.1691 0
0.1692 6
0.1693 5
0.1694 16
0.1695 14
0.1696 11
0.1697 5
0.1698 12
0.1699 6
0.17 5
0.1701 3
0.1702 2
0.1703 0
0.1704 3
0.1705 3
0.1706 1
0.1707 2
0.1708 4
0.1709 3
0.171 3
0.1711 7
0.1712 5
0.1713 3
0.1714 2
0.1715 2
0.1716 0
0.1717 1
0.1718 2
0.1719 2
0.172 2
0.1721 2
0.1722 2
0.1723 1
0.1724 0
0.1725 0
0.1726 4
0.1727 1
0.1728 2
0.1729 0
0.173 4
0.1731 3
0.1732 0
0.1733 1
0.1734 0
0.1735 0
0.1736 4
0.1737 2
0.1738 2
0.1739 1
0.174 1
0.1741 1
0.1742 0
0.1743 1
0.1744 0
0.1745 0
0.1746 0
0.1747 2
0.1748 0
0.1749 0
0.175 2
0.1751 0
0.1752 3
0.1753 2
0.1754 2
0.1755 1
0.1756 0
0.1757 0
0.1758 0
0.1759 0
0.176 0
0.1761 0
0.1762 0
0.1763 2
0.1764 2
0.1765 0
0.1766 0
0.1767 0
0.1768 1
0.1769 0
0.177 0
0.1771 1
0.1772 0
0.1773 0
0.1774 1
0.1775 1
0.1776 2
0.1777 4
0.1778 10
0.1779 20
0.178 11
0.1781 5
0.1782 7
0.1783 6
0.1784 2
0.1785 2
0.1786 2
0.1787 1
0.1788 2
0.1789 1
0.179 2
0.1791 2
0.1792 1
0.1793 1
0.1794 0
0.1795 0
0.1796 2
0.1797 1
0.1798 1
0.1799 0
0.18 0
0.1801 0
0.1802 1
0.1803 1
0.1804 2
0.1805 1
0.1806 1
0.1807 1
0.1808 1
0.1809 0
0.181 1
0.1811 1
0.1812 2
0.1813 0
0.1814 1
0.1815 1
0.1816 1
0.1817 3
0.1818 1
0.1819 1
0.182 0
0.1821 1
0.1822 1
0.1823 0
0.1824 1
0.1825 1
0.1826 3
0.1827 0
0.1828 1
0.1829 1
0.183 0
0.1831 1
0.1832 4
0.1833 2
0.1834 3
0.1835 2
0.1836 2
0.1837 2
0.1838 1
0.1839 1
0.184 1
0.1841 0
0.1842 1
0.1843 5
0.1844 1
0.1845 1
0.1846 0
0.1847 0
0.1848 1
0.1849 4
0.185 0
0.1851 0
0.1852 2
0.1853 1
0.1854 0
0.1855 2
0.1856 0
0.1857 4
0.1858 8
0.1859 3
0.186 6
0.1861 5
0.1862 1
0.1863 0
0.1864 4
0.1865 5
0.1866 0
0.1867 2
0.1868 1
0.1869 0
0.187 2
0.1871 1
0.1872 5
0.1873 6
0.1874 4
0.1875 14
0.1876 19
0.1877 10
0.1878 11
0.1879 10
0.188 5
0.1881 4
0.1882 8
0.1883 0
0.1884 2
0.1885 2
0.1886 0
0.1887 4
0.1888 0
0.1889 2
0.189 2
0.1891 1
0.1892 3
0.1893 2
0.1894 1
0.1895 0
0.1896 2
0.1897 1
0.1898 1
0.1899 0
0.19 2
0.1901 6
0.1902 1
0.1903 4
0.1904 1
0.1905 2
0.1906 1
0.1907 4
0.1908 0
0.1909 2
0.191 2
0.1911 4
0.1912 6
0.1913 1
0.1914 5
0.1915 8
0.1916 2
0.1917 8
0.1918 14
0.1919 17
0.192 24
0.1921 20
0.1922 13
0.1923 7
0.1924 2
0.1925 2
0.1926 1
0.1927 1
0.1928 1
0.1929 1
0.193 5
0.1931 3
0.1932 3
0.1933 8
0.1934 16
0.1935 11
0.1936 4
0.1937 11
0.1938 11
0.1939 8
0.194 5
0.1941 10
0.1942 13
0.1943 27
0.1944 34
0.1945 51
0.1946 66
0.1947 63
0.1948 59
0.1949 63
0.195 56
0.1951 54
0.1952 42
0.1953 33
0.1954 28
0.1955 24
0.1956 26
0.1957 25
0.1958 21
0.1959 26
0.196 33
0.1961 40
0.1962 50
0.1963 45
0.1964 46
0.1965 40
0.1966 45
0.1967 46
0.1968 65
0.1969 71
0.197 77
0.1971 99
0.1972 113
0.1973 116
0.1974 122
0.1975 120
0.1976 125
0.1977 141
0.1978 130
0.1979 136
0.198 130
0.1981 120
0.1982 125
0.1983 115
0.1984 111
0.1985 95
0.1986 87
0.1987 91
0.1988 97
0.1989 83
0.199 85
0.1991 88
0.1992 104
0.1993 137
0.1994 151
0.1995 174
0.1996 175
0.1997 186
0.1998 188
0.1999 195
0.2 210
0.2001 218
0.2002 216
0.2003 217
0.2004 229
0.2005 232
0.2006 247
0.2007 255
0.2008 250
0.2009 258
0.201 275
0.2011 307
0.2012 339
0.2013 363
0.2014 361
0.2015 347
0.2016 336
0.2017 333
0.2018 321
0.2019 326
0.202 340
0.2021 351
0.2022 350
0.2023 349
0.2024 346
0.2025 358
0.2026 367
0.2027 388
0.2028 394
0.2029 393
0.203 401
0.2031 381
0.2032 373
0.2033 380
0.2034 380
0.2035 385
0.2036 395
0.2037 406
0.2038 415
0.2039 429
0.204 426
0.2041 436
0.2042 439
0.2043 449
0.2044 458
0.2045 487
0.2046 510
0.2047 531
0.2048 559
0.2049 568
0.205 570
0.2051 589
0.2052 606
0.2053 630
0.2054 626
0.2055 621
0.2056 628
0.2057 633
0.2058 655
0.2059 646
0.206 645
0.2061 633
0.2062 623
0.2063 620
0.2064 618
0.2065 636
0.2066 641
0.2067 635
0.2068 641
0.2069 652
0.207 657
0.2071 683
0.2072 693
0.2073 732
0.2074 747
0.2075 747
0.2076 775
0.2077 777
0.2078 785
0.2079 791
0.208 777
0.2081 786
0.2082 781
0.2083 803
0.2084 801
0.2085 788
0.2086 801
0.2087 792
0.2088 771
0.2089 770
0.209 775
0.2091 794
0.2092 791
0.2093 786
0.2094 765
0.2095 763
0.2096 763
0.2097 752
0.2098 738
0.2099 739
0.21 724
0.2101 723
0.2102 734
0.2103 762
0.2104 759
0.2105 789
0.2106 792
0.2107 798
0.2108 796
0.2109 782
0.211 767
0.2111 750
0.2112 725
0.2113 688
0.2114 709
0.2115 714
0.2116 721
0.2117 715
0.2118 718
0.2119 720
0.212 740
0.2121 742
0.2122 726
0.2123 717
0.2124 702
0.2125 715
0.2126 713
0.2127 708
0.2128 686
0.2129 680
0.213 663
0.2131 642
0.2132 608
0.2133 594
0.2134 610
0.2135 585
0.2136 547
0.2137 526
0.2138 497
0.2139 471
0.214 465
0.2141 448
0.2142 437
0.2143 430
0.2144 404
0.2145 396
0.2146 394
0.2147 393
0.2148 394
0.2149 392
0.215 387
0.2151 388
0.2152 384
0.2153 352
0.2154 326
0.2155 303
0.2156 300
0.2157 294
0.2158 254
0.2159 245
0.216 233
0.2161 217
0.2162 202
0.2163 184
0.2164 193
0.2165 191
0.2166 203
0.2167 217
0.2168 256
0.2169 259
0.217 270
0.2171 269
0.2172 283
0.2173 272
0.2174 271
0.2175 267
0.2176 263
0.2177 257
0.2178 266
0.2179 236
0.218 230
0.2181 200
0.2182 158
0.2183 132
0.2184 125
0.2185 119
0.2186 114
0.2187 133
0.2188 145
0.2189 168
0.219 176
0.2191 162
0.2192 172
0.2193 185
0.2194 180
0.2195 171
0.2196 159
0.2197 167
0.2198 187
0.2199 189
0.22 188
0.2201 187
0.2202 195
0.2203 201
0.2204 221
0.2205 238
0.2206 255
0.2207 259
0.2208 276
0.2209 279
0.221 259
0.2211 257
0.2212 247
0.2213 236
0.2214 220
0.2215 197
0.2216 186
0.2217 156
0.2218 146
0.2219 138
0.222 121
0.2221 100
0.2222 87
0.2223 97
0.2224 101
0.2225 104
0.2226 104
0.2227 113
0.2228 112
0.2229 90
0.223 81
0.2231 85
0.2232 102
0.2233 88
0.2234 89
0.2235 85
0.2236 59
0.2237 51
0.2238 40
0.2239 43
0.224 50
0.2241 66
0.2242 85
0.2243 104
0.2244 105
0.2245 132
0.2246 140
0.2247 136
0.2248 155
0.2249 173
0.225 153
0.2251 141
0.2252 137
0.2253 105
0.2254 63
0.2255 38
0.2256 22
0.2257 13
0.2258 12
0.2259 10
0.226 5
0.2261 3
0.2262 6
0.2263 3
0.2264 0
0.2265 5
0.2266 7
0.2267 10
0.2268 16
0.2269 12
0.227 18
0.2271 18
0.2272 18
0.2273 13
0.2274 15
0.2275 10
0.2276 2
0.2277 3
0.2278 2
0.2279 4
0.228 3
0.2281 6
0.2282 2
0.2283 3
0.2284 3
0.2285 2
0.2286 1
0.2287 3
0.2288 1
0.2289 2
0.229 2
0.2291 1
0.2292 1
0.2293 1
0.2294 3
0.2295 3
0.2296 2
0.2297 0
0.2298 0
0.2299 1
0.23 0
0.2301 0
0.2302 0
0.2303 1
0.2304 0
0.2305 1
0.2306 0
0.2307 1
0.2308 1
0.2309 0
0.231 1
0.2311 0
0.2312 0
0.2313 2
0.2314 2
0.2315 1
0.2316 1
0.2317 7
0.2318 3
0.2319 5
0.232 2
0.2321 3
0.2322 3
0.2323 2
0.2324 1
0.2325 1
0.2326 0
0.2327 0
0.2328 1
0.2329 1
0.233 2
0.2331 0
0.2332 1
0.2333 0
0.2334 0
0.2335 2
0.2336 0
0.2337 2
0.2338 1
0.2339 0
0.234 1
0.2341 0
0.2342 2
0.2343 0
0.2344 0
0.2345 0
0.2346 1
0.2347 1
0.2348 2
0.2349 0
0.235 2
0.2351 1
0.2352 2
0.2353 0
0.2354 0
0.2355 1
0.2356 0
0.2357 0
0.2358 0
0.2359 0
0.236 1
0.2361 0
0.2362 2
0.2363 1
0.2364 1
0.2365 0
0.2366 1
0.2367 0
0.2368 2
0.2369 4
0.237 3
0.2371 0
0.2372 3
0.2373 1
0.2374 1
0.2375 1
0.2376 3
0.2377 0
0.2378 0
0.2379 0
0.238 1
0.2381 0
0.2382 0
0.2383 0
0.2384 1
0.2385 0
0.2386 0
0.2387 1
0.2388 1
0.2389 2
0.239 1
0.2391 4
0.2392 1
0.2393 2
0.2394 2
0.2395 1
0.2396 5
0.2397 2
0.2398 2
0.2399 0
0.24 1
0.2401 1
0.2402 3
0.2403 2
0.2404 2
0.2405 3
0.2406 2
0.2407 5
0.2408 1
0.2409 1
0.241 2
0.2411 1
0.2412 3
0.2413 4
0.2414 0
0.2415 2
0.2416 0
0.2417 0
0.2418 0
0.2419 0
0.242 1
0.2421 0
0.2422 1
0.2423 1
0.2424 1
0.2425 1
0.2426 3
0.2427 1
0.2428 1
0.2429 1
0.243 2
0.2431 2
0.2432 1
0.2433 0
0.2434 0
0.2435 1
0.2436 0
0.2437 0
0.2438 2
0.2439 0
0.244 0
0.2441 3
0.2442 0
0.2443 1
0.2444 3
0.2445 0
0.2446 0
0.2447 1
0.2448 0
0.2449 2
0.245 2
0.2451 0
0.2452 2
0.2453 0
0.2454 0
0.2455 1
0.2456 3
0.2457 2
0.2458 2
0.2459 8
0.246 9
0.2461 24
0.2462 25
0.2463 28
0.2464 39
0.2465 35
0.2466 45
0.2467 35
0.2468 47
0.2469 47
0.247 52
0.2471 63
0.2472 66
0.2473 72
0.2474 64
0.2475 50
0.2476 37
0.2477 27
0.2478 20
0.2479 9
0.248 7
0.2481 3
0.2482 3
0.2483 3
0.2484 1
0.2485 2
0.2486 2
0.2487 6
0.2488 7
0.2489 16
0.249 20
0.2491 20
0.2492 30
0.2493 35
0.2494 48
0.2495 47
0.2496 48
0.2497 77
0.2498 99
0.2499 105
0.25 112
