0.0000 0.000000
0.0001 0.000000
0.0002 0.000000
0.0003 0.000000
0.0004 0.000000
0.0005 0.000000
0.0006 0.000000
0.0007 0.000000
0.0008 0.000000
0.0009 0.000000
0.0010 0.101003
0.0011 0.339829
0.0012 0.605393
0.0013 0.869537
0.0014 0.133850
0.0015 0.400516
0.0016 0.726005
0.0017 0.199036
0.0018 0.732735
0.0019 0.384341
0.0020 1.057441
0.0021 0.856983
0.0022 0.655912
0.0023 0.509987
0.0024 0.577778
0.0025 0.686726
0.0026 0.888120
0.0027 0.091430
0.0028 1.294158
0.0029 0.592876
0.0030 0.079811
0.0031 0.685736
0.0032 0.402378
0.0033 1.251470
0.0034 0.278986
0.0035 0.419680
0.0036 0.633427
0.0037 0.939351
0.0038 0.348601
0.0039 0.757777
0.0040 1.166876
0.0041 0.766366
0.0042 1.442666
0.0043 1.162088
0.0044 0.972530
0.0045 0.884617
0.0046 0.791875
0.0047 0.915919
0.0048 1.129689
0.0049 0.342583
0.0050 1.554792
0.0051 1.767152
0.0052 0.979127
0.0053 1.317364
0.0054 0.791785
0.0055 0.162692
0.0056 0.570928
0.0057 1.134845
0.0058 0.959229
0.0059 1.016727
0.0060 0.235406
0.0061 0.474336
0.0062 1.669434
0.0063 0.883734
0.0064 1.147173
0.0065 1.377596
0.0066 2.524757
0.0067 1.791470
0.0068 1.075435
0.0069 0.358950
0.0070 0.697827
0.0071 1.141386
0.0072 0.680257
0.0073 2.296963
0.0074 1.118230
0.0075 0.949839
0.0076 1.783265
0.0077 1.924242
0.0078 0.868703
0.0079 2.179986
0.0080 1.602901
0.0081 0.227461
0.0082 0.817086
0.0083 0.298148
0.0084 0.673628
0.0085 1.311702
0.0086 1.144603
0.0087 1.205004
0.0088 1.339556
0.0089 0.417742
0.0090 -0.464147
0.0091 0.563018
0.0092 0.826131
0.0093 1.339652
0.0094 2.004104
0.0095 0.923947
0.0096 1.349436
0.0097 0.833004
0.0098 1.228413
0.0099 2.496281
0.0100 1.726323
0.0101 1.119113
0.0102 1.017899
0.0103 3.012700
0.0104 0.949171
0.0105 0.713577
0.0106 0.443396
0.0107 0.267968
0.0108 1.214446
0.0109 0.203700
0.0110 2.186408
0.0111 0.339487
0.0112 2.626378
0.0113 0.928323
0.0114 1.278847
0.0115 0.646955
0.0116 0.620585
0.0117 1.903353
0.0118 1.177569
0.0119 2.454355
0.0120 3.779276
0.0121 1.077731
0.0122 1.382777
0.0123 0.523223
0.0124 0.617391
0.0125 1.995318
0.0126 0.706759
0.0127 0.328150
0.0128 1.079980
0.0129 0.918163
0.0130 0.684562
0.0131 0.583735
0.0132 0.443280
0.0133 2.076623
0.0134 2.726461
0.0135 1.410550
0.0136 2.435802
0.0137 0.686554
0.0138 4.083796
0.0139 2.760679
0.0140 1.491893
0.0141 3.161638
0.0142 2.832050
0.0143 1.535332
0.0144 2.247812
0.0145 1.821153
0.0146 4.885224
0.0147 3.162716
0.0148 0.238086
0.0149 1.210429
0.0150 1.911525
0.0151 3.520552
0.0152 2.209891
0.0153 0.788526
0.0154 3.069927
0.0155 2.206051
0.0156 1.294807
0.0157 2.263197
0.0158 2.413284
0.0159 3.643416
0.0160 1.825076
0.0161 0.880530
0.0162 2.968188
0.0163 2.543709
0.0164 5.971575
0.0165 2.445077
0.0166 0.734166
0.0167 3.987587
0.0168 3.081735
0.0169 1.305772
0.0170 1.708935
0.0171 2.137181
0.0172 0.563961
0.0173 4.047540
0.0174 0.508875
0.0175 1.857748
0.0176 1.422024
0.0177 3.304107
0.0178 2.313238
0.0179 1.203483
0.0180 3.025496
0.0181 4.853948
0.0182 3.608359
0.0183 6.100899
0.0184 1.716332
0.0185 0.513407
0.0186 3.472129
0.0187 2.399865
0.0188 2.090313
0.0189 7.770985
0.0190 4.374635
0.0191 2.071466
0.0192 3.824980
0.0193 5.529414
0.0194 4.039705
0.0195 3.563051
0.0196 3.945638
0.0197 6.079794
0.0198 3.968991
0.0199 2.923604
0.0200 5.883517
0.0201 2.890902
0.0202 3.190260
0.0203 3.728091
0.0204 4.483106
0.0205 6.231600
0.0206 4.885149
0.0207 4.673069
0.0208 4.415498
0.0209 4.289572
0.0210 2.337957
0.0211 3.438770
0.0212 7.502492
0.0213 5.582715
0.0214 7.532858
0.0215 6.417068
0.0216 4.034855
0.0217 6.296449
0.0218 5.230240
0.0219 6.182968
0.0220 7.099112
0.0221 6.703892
0.0222 5.323134
0.0223 7.091288
0.0224 8.067882
0.0225 6.861175
0.0226 5.383726
0.0227 4.724793
0.0228 7.171560
0.0229 5.244401
0.0230 3.283703
0.0231 5.231520
0.0232 6.335629
0.0233 8.358112
0.0234 11.383018
0.0235 7.286212
0.0236 10.174761
0.0237 6.867840
0.0238 6.135182
0.0239 8.391775
0.0240 12.700565
0.0241 9.893927
0.0242 7.135651
0.0243 8.513888
0.0244 6.865423
0.0245 8.063852
0.0246 11.312241
0.0247 8.677980
0.0248 9.003064
0.0249 12.150432
0.0250 6.204543
0.0251 7.278382
0.0252 13.327821
0.0253 6.379728
0.0254 6.377911
0.0255 11.346648
0.0256 7.259872
0.0257 5.263425
0.0258 10.132133
0.0259 14.893599
0.0260 8.711620
0.0261 13.610107
0.0262 11.364433
0.0263 6.957622
0.0264 11.389138
0.0265 13.778988
0.0266 11.325553
0.0267 11.968629
0.0268 11.787073
0.0269 17.676307
0.0270 11.775839
0.0271 14.839129
0.0272 13.860942
0.0273 15.891220
0.0274 8.957449
0.0275 16.967103
0.0276 19.979937
0.0277 17.997210
0.0278 21.264406
0.0279 24.512232
0.0280 17.817963
0.0281 23.219473
0.0282 27.577537
0.0283 25.959290
0.0284 28.333838
0.0285 41.764052
0.0286 50.205392
0.0287 55.479723
0.0288 73.645528
0.0289 101.620466
0.0290 119.401430
0.0291 144.934120
0.0292 170.075913
0.0293 202.844832
0.0294 258.079650
0.0295 302.899755
0.0296 331.365448
0.0297 363.539405
0.0298 381.520779
0.0299 416.281374
0.0300 432.926734
0.0301 471.404715
0.0302 507.639533
0.0303 533.609829
0.0304 559.402149
0.0305 579.978180
0.0306 613.396536
0.0307 641.661053
0.0308 667.779312
0.0309 705.670647
0.0310 734.309874
0.0311 765.795704
0.0312 794.996630
0.0313 812.049425
0.0314 849.964424
0.0315 879.696736
0.0316 907.225426
0.0317 932.494013
0.0318 956.530567
0.0319 964.468864
0.0320 982.341393
0.0321 1004.107302
0.0322 1025.753704
0.0323 1033.286769
0.0324 1053.591657
0.0325 1070.479494
0.0326 1078.224711
0.0327 1088.670660
0.0328 1098.949001
0.0329 1114.042541
0.0330 1129.054295
0.0331 1152.908868
0.0332 1170.564058
0.0333 1181.148535
0.0334 1194.654216
0.0335 1218.087287
0.0336 1226.410858
0.0337 1224.722140
0.0338 1229.040277
0.0339 1233.321149
0.0340 1240.457673
0.0341 1240.542132
0.0342 1242.638448
0.0343 1240.644609
0.0344 1239.620945
0.0345 1243.480191
0.0346 1241.191632
0.0347 1248.745499
0.0348 1251.256636
0.0349 1251.766161
0.0350 1257.264823
0.0351 1268.700992
0.0352 1276.090102
0.0353 1282.319862
0.0354 1290.372861
0.0355 1296.253730
0.0356 1296.121199
0.0357 1297.976142
0.0358 1304.820676
0.0359 1303.570656
0.0360 1302.258450
0.0361 1308.945850
0.0362 1309.541324
0.0363 1311.072015
0.0364 1312.518082
0.0365 1318.872468
0.0366 1321.213181
0.0367 1326.463870
0.0368 1326.631337
0.0369 1323.700330
0.0370 1318.753420
0.0371 1320.816365
0.0372 1324.869929
0.0373 1320.906731
0.0374 1317.978283
0.0375 1327.916804
0.0376 1321.811972
0.0377 1324.735973
0.0378 1317.658987
0.0379 1310.621187
0.0380 1314.592612
0.0381 1316.546311
0.0382 1312.510411
0.0383 1314.482740
0.0384 1313.442995
0.0385 1314.401433
0.0386 1310.382645
0.0387 1305.382657
0.0388 1303.403986
0.0389 1292.414087
0.0390 1289.375948
0.0391 1291.236751
0.0392 1293.056553
0.0393 1294.761242
0.0394 1300.341745
0.0395 1305.814587
0.0396 1304.289189
0.0397 1301.651528
0.0398 1297.025352
0.0399 1300.403787
0.0400 1296.785301
0.0401 1293.181540
0.0402 1293.501467
0.0403 1293.770204
0.0404 1291.049138
0.0405 1290.332030
0.0406 1284.635291
0.0407 1285.942958
0.0408 1283.261954
0.0409 1277.603819
0.0410 1264.991742
0.0411 1259.428003
0.0412 1255.885264
0.0413 1251.372654
0.0414 1246.888190
0.0415 1245.406865
0.0416 1239.954323
0.0417 1233.519584
0.0418 1225.136423
0.0419 1218.792716
0.0420 1212.481298
0.0421 1206.207489
0.0422 1195.970743
0.0423 1194.773424
0.0424 1185.592392
0.0425 1177.469627
0.0426 1170.386009
0.0427 1167.333121
0.0428 1170.275511
0.0429 1165.217206
0.0430 1159.200096
0.0431 1156.190756
0.0432 1149.216280
0.0433 1149.263605
0.0434 1144.325631
0.0435 1139.411288
0.0436 1135.517601
0.0437 1123.675666
0.0438 1120.871987
0.0439 1116.066422
0.0440 1117.150514
0.0441 1116.240200
0.0442 1116.324103
0.0443 1109.422229
0.0444 1104.442514
0.0445 1092.487052
0.0446 1079.602965
0.0447 1067.779132
0.0448 1060.878227
0.0449 1058.001352
0.0450 1048.150842
0.0451 1041.368129
0.0452 1024.631218
0.0453 1020.950775
0.0454 1023.273793
0.0455 1016.606498
0.0456 1009.989450
0.0457 1007.384098
0.0458 1002.785614
0.0459 987.256357
0.0460 981.780519
0.0461 975.337276
0.0462 960.946396
0.0463 953.614726
0.0464 947.332562
0.0465 937.081196
0.0466 928.883311
0.0467 922.727542
0.0468 922.512051
0.0469 917.251269
0.0470 913.010240
0.0471 909.802508
0.0472 904.618183
0.0473 908.439343
0.0474 905.240764
0.0475 902.061392
0.0476 901.773531
0.0477 905.469100
0.0478 900.162736
0.0479 897.865396
0.0480 894.596111
0.0481 890.334703
0.0482 873.129483
0.0483 866.004780
0.0484 855.916125
0.0485 842.895575
0.0486 826.947425
0.0487 817.065204
0.0488 810.242409
0.0489 805.439877
0.0490 796.683496
0.0491 794.940415
0.0492 778.260032
0.0493 766.653128
0.0494 761.988887
0.0495 766.294162
0.0496 769.575910
0.0497 766.856434
0.0498 757.170752
0.0499 756.514168
0.0500 760.855436
0.0501 753.192609
0.0502 750.573906
0.0503 745.970451
0.0504 742.385179
0.0505 734.829435
0.0506 725.311280
0.0507 719.838862
0.0508 711.412252
0.0509 711.001780
0.0510 711.580107
0.0511 708.180268
0.0512 712.778881
0.0513 712.369045
0.0514 706.953682
0.0515 696.588837
0.0516 693.264539
0.0517 696.949609
0.0518 708.585583
0.0519 712.184280
0.0520 713.752583
0.0521 711.336573
0.0522 701.945756
0.0523 695.596315
0.0524 693.280566
0.0525 686.944623
0.0526 686.526035
0.0527 678.133045
0.0528 673.779292
0.0529 665.453828
0.0530 661.167445
0.0531 656.897952
0.0532 657.635258
0.0533 647.413120
0.0534 630.259381
0.0535 624.154630
0.0536 613.109638
0.0537 605.119633
0.0538 610.141913
0.0539 611.139280
0.0540 605.142023
0.0541 602.166296
0.0542 605.200554
0.0543 608.211258
0.0544 613.201881
0.0545 606.200553
0.0546 616.186507
0.0547 619.144593
0.0548 618.096361
0.0549 622.042414
0.0550 617.994330
0.0551 621.941195
0.0552 622.863186
0.0553 622.797314
0.0554 618.746347
0.0555 616.694366
0.0556 620.652592
0.0557 623.571178
0.0558 623.488599
0.0559 626.403794
0.0560 628.310419
0.0561 625.207024
0.0562 623.119017
0.0563 624.038670
0.0564 619.972852
0.0565 620.911336
0.0566 618.851277
0.0567 615.806463
0.0568 619.754969
0.0569 616.698887
0.0570 622.636686
0.0571 621.581038
0.0572 618.521521
0.0573 610.485090
0.0574 600.499327
0.0575 592.568205
0.0576 576.699932
0.0577 572.897588
0.0578 578.080654
0.0579 579.254173
0.0580 583.399623
0.0581 585.534269
0.0582 589.656158
0.0583 589.771815
0.0584 591.741580
0.0585 580.732985
0.0586 574.763514
0.0587 565.853225
0.0588 558.969204
0.0589 555.121160
0.0590 555.279736
0.0591 550.439917
0.0592 544.633089
0.0593 551.826072
0.0594 556.996244
0.0595 557.149260
0.0596 554.317400
0.0597 551.490363
0.0598 551.660149
0.0599 555.827836
0.0600 554.978225
0.0601 548.148833
0.0602 553.331312
0.0603 551.504410
0.0604 542.713767
0.0605 533.950851
0.0606 523.248983
0.0607 522.578645
0.0608 513.938947
0.0609 507.346667
0.0610 500.739490
0.0611 492.082381
0.0612 480.463232
0.0613 467.924423
0.0614 468.432264
0.0615 458.944603
0.0616 451.500693
0.0617 449.085349
0.0618 443.702844
0.0619 455.302156
0.0620 459.846227
0.0621 462.376239
0.0622 466.889028
0.0623 469.378681
0.0624 473.845843
0.0625 472.315014
0.0626 469.802354
0.0627 465.300159
0.0628 464.804364
0.0629 461.313064
0.0630 459.846425
0.0631 458.390703
0.0632 466.905548
0.0633 460.414038
0.0634 463.931658
0.0635 458.450630
0.0636 453.016540
0.0637 451.577441
0.0638 448.151234
0.0639 441.757793
0.0640 445.384946
0.0641 442.010383
0.0642 441.644817
0.0643 435.283475
0.0644 429.971894
0.0645 424.679808
0.0646 420.404127
0.0647 411.170300
0.0648 409.961294
0.0649 412.759304
0.0650 401.569385
0.0651 395.429140
0.0652 385.342119
0.0653 375.289038
0.0654 377.278861
0.0655 378.258656
0.0656 377.226928
0.0657 378.202212
0.0658 371.196905
0.0659 362.232859
0.0660 361.299506
0.0661 351.400634
0.0662 342.526487
0.0663 344.674140
0.0664 343.828813
0.0665 340.991165
0.0666 344.167815
0.0667 344.323822
0.0668 334.502632
0.0669 337.694834
0.0670 341.870603
0.0671 346.021296
0.0672 349.159849
0.0673 352.274774
0.0674 351.386794
0.0675 350.508508
0.0676 351.636115
0.0677 355.734932
0.0678 350.837041
0.0679 353.937983
0.0680 354.052433
0.0681 356.145866
0.0682 352.240667
0.0683 355.349936
0.0684 355.454629
0.0685 350.566466
0.0686 352.683044
0.0687 339.822133
0.0688 333.011827
0.0689 321.261027
0.0690 312.570955
0.0691 305.914131
0.0692 305.269765
0.0693 306.619130
0.0694 298.991840
0.0695 288.418577
0.0696 279.900782
0.0697 271.436347
0.0698 266.974714
0.0699 265.547489
0.0700 265.122520
0.0701 260.712745
0.0702 261.306211
0.0703 261.900032
0.0704 263.495656
0.0705 257.101138
0.0706 246.753495
0.0707 246.430547
0.0708 254.098279
0.0709 253.728571
0.0710 249.390366
0.0711 252.046919
0.0712 257.675281
0.0713 255.308160
0.0714 254.947625
0.0715 253.574120
0.0716 248.220279
0.0717 246.897086
0.0718 245.586367
0.0719 244.259744
0.0720 248.949243
0.0721 248.607047
0.0722 247.281807
0.0723 245.961498
0.0724 244.633750
0.0725 241.324233
0.0726 239.032226
0.0727 239.754689
0.0728 240.473739
0.0729 237.192109
0.0730 233.915167
0.0731 239.647111
0.0732 237.358061
0.0733 237.081990
0.0734 241.806398
0.0735 247.494411
0.0736 247.158707
0.0737 244.831889
0.0738 237.540540
0.0739 232.279121
0.0740 233.029267
0.0741 232.787384
0.0742 230.536862
0.0743 228.316285
0.0744 227.099026
0.0745 229.881738
0.0746 231.648876
0.0747 236.394716
0.0748 232.147921
0.0749 237.885471
0.0750 243.593495
0.0751 245.277654
0.0752 246.958613
0.0753 252.619820
0.0754 257.239663
0.0755 252.881366
0.0756 250.539399
0.0757 247.204105
0.0758 251.868731
0.0759 256.512028
0.0760 251.142526
0.0761 246.801173
0.0762 248.475614
0.0763 241.166313
0.0764 233.897061
0.0765 227.662592
0.0766 228.453607
0.0767 231.230014
0.0768 230.987472
0.0769 232.740591
0.0770 233.485387
0.0771 232.236416
0.0772 229.997978
0.0773 234.745132
0.0774 233.493099
0.0775 234.240071
0.0776 237.973477
0.0777 244.685302
0.0778 232.410856
0.0779 233.159102
0.0780 233.921661
0.0781 234.670701
0.0782 235.419613
0.0783 234.154631
0.0784 233.910344
0.0785 237.653614
0.0786 236.389441
0.0787 235.109778
0.0788 237.839192
0.0789 240.550966
0.0790 244.262997
0.0791 243.959246
0.0792 243.653060
0.0793 238.364785
0.0794 225.118846
0.0795 221.923152
0.0796 213.761965
0.0797 215.608337
0.0798 222.438478
0.0799 222.246501
0.0800 214.059742
0.0801 206.930067
0.0802 203.818249
0.0803 199.731221
0.0804 197.668672
0.0805 194.634292
0.0806 191.600313
0.0807 189.579562
0.0808 191.548558
0.0809 189.523910
0.0810 184.525572
0.0811 175.557401
0.0812 177.606488
0.0813 173.670943
0.0814 168.755861
0.0815 176.831895
0.0816 178.881688
0.0817 177.927686
0.0818 184.962162
0.0819 186.967322
0.0820 185.965295
0.0821 183.977076
0.0822 189.975356
0.0823 195.942604
0.0824 204.861544
0.0825 207.759135
0.0826 216.627874
0.0827 216.468035
0.0828 220.295781
0.0829 223.106775
0.0830 223.898282
0.0831 221.703148
0.0832 219.526489
0.0833 207.378848
0.0834 198.293762
0.0835 193.252593
0.0836 194.207330
0.0837 189.186944
0.0838 192.166172
0.0839 196.128443
0.0840 198.069158
0.0841 196.008674
0.0842 193.958659
0.0843 198.903883
0.0844 198.825051
0.0845 197.761861
0.0846 196.707358
0.0847 198.653695
0.0848 194.609178
0.0849 189.574184
0.0850 181.573688
0.0851 189.574443
0.0852 192.542654
0.0853 195.503454
0.0854 181.487421
0.0855 172.645941
0.0856 163.007317
0.0857 161.398188
0.0858 165.795203
0.0859 162.183785
0.0860 162.585179
0.0861 164.968772
0.0862 160.352414
0.0863 158.763089
0.0864 158.181360
0.0865 154.608364
0.0866 153.059140
0.0867 149.519845
0.0868 143.996906
0.0869 142.487242
0.0870 144.989041
0.0871 145.482437
0.0872 145.968327
0.0873 145.454108
0.0874 149.926186
0.0875 152.388813
0.0876 149.852516
0.0877 152.310132
0.0878 149.774244
0.0879 147.246049
0.0880 152.695184
0.0881 159.127299
0.0882 163.533950
0.0883 165.924025
0.0884 165.309506
0.0885 163.688725
0.0886 161.083257
0.0887 157.491047
0.0888 163.898483
0.0889 164.290675
0.0890 164.682324
0.0891 165.061529
0.0892 168.434479
0.0893 173.787700
0.0894 175.126512
0.0895 173.453964
0.0896 175.778320
0.0897 174.103289
0.0898 170.444131
0.0899 172.800968
0.0900 174.142636
0.0901 178.466556
0.0902 182.772384
0.0903 186.059441
0.0904 187.328149
0.0905 180.593188
0.0906 166.918362
0.0907 156.318962
0.0908 147.776691
0.0909 146.251140
0.0910 135.758400
0.0911 140.286577
0.0912 137.811615
0.0913 133.361314
0.0914 136.903992
0.0915 126.467466
0.0916 122.068880
0.0917 117.693712
0.0918 116.329070
0.0919 115.967042
0.0920 115.606823
0.0921 112.272487
0.0922 108.949642
0.0923 108.640207
0.0924 111.320252
0.0925 112.993451
0.0926 107.671010
0.0927 109.347653
0.0928 110.029504
0.0929 103.730457
0.0930 104.438184
0.0931 104.150116
0.0932 107.855127
0.0933 110.530775
0.0934 114.062548
0.0935 117.579366
0.0936 119.078800
0.0937 122.559812
0.0938 123.029433
0.0939 132.472167
0.0940 127.891335
0.0941 127.332149
0.0942 127.781864
0.0943 134.213065
0.0944 135.621702
0.0945 139.022479
0.0946 138.412992
0.0947 136.806657
0.0948 137.200224
0.0949 133.607577
0.0950 136.019135
0.0951 135.426535
0.0952 137.827875
0.0953 137.216969
0.0954 138.605693
0.0955 140.988914
0.0956 144.358795
0.0957 148.710709
0.0958 151.046255
0.0959 149.378414
0.0960 151.711117
0.0961 151.032336
0.0962 145.376368
0.0963 144.737188
0.0964 148.082483
0.0965 146.424260
0.0966 143.785815
0.0967 144.141125
0.0968 145.493246
0.0969 147.839651
0.0970 141.190999
0.0971 136.582709
0.0972 139.975921
0.0973 138.365644
0.0974 134.760298
0.0975 132.175748
0.0976 132.597130
0.0977 134.020907
0.0978 132.432072
0.0979 131.850235
0.0980 132.281619
0.0981 134.693604
0.0982 135.106810
0.0983 132.527897
0.0984 131.952987
0.0985 127.389470
0.0986 121.847610
0.0987 125.318397
0.0988 113.805726
0.0989 103.355259
0.0990 96.959277
0.0991 85.590402
0.0992 76.292872
0.0993 70.018410
0.0994 66.672603
0.0995 55.358892
0.0996 56.071864
0.0997 52.787826
0.0998 54.500824
0.0999 55.200390
0.1000 53.895284
0.1001 49.617672
0.1002 41.369195
0.1003 40.157517
0.1004 40.934774
0.1005 45.695802
0.1006 44.451108
0.1007 45.207117
0.1008 45.959590
0.1009 47.718490
0.1010 51.443380
0.1011 56.163648
0.1012 61.838692
0.1013 63.495983
0.1014 66.141523
0.1015 68.778750
0.1016 73.392563
0.1017 75.996121
0.1018 80.581693
0.1019 79.156842
0.1020 82.715886
0.1021 83.266865
0.1022 85.814035
0.1023 89.342772
0.1024 89.856656
0.1025 90.364790
0.1026 90.884836
0.1027 94.380515
0.1028 99.867657
0.1029 103.324232
0.1030 109.747689
0.1031 114.135604
0.1032 113.527895
0.1033 114.916369
0.1034 122.275031
0.1035 127.605649
0.1036 129.909053
0.1037 136.197377
0.1038 135.472538
0.1039 134.740568
0.1040 130.023726
0.1041 131.317305
0.1042 131.607660
0.1043 125.916802
0.1044 124.260583
0.1045 123.589745
0.1046 111.974990
0.1047 108.389109
0.1048 101.819679
0.1049 97.287174
0.1050 93.776630
0.1051 85.288400
0.1052 82.833786
0.1053 83.385493
0.1054 66.983472
0.1055 55.790724
0.1056 45.738178
0.1057 45.766182
0.1058 40.811344
0.1059 38.863106
0.1060 34.929941
0.1061 29.016478
0.1062 25.127963
0.1063 16.278057
0.1064 13.455209
0.1065 13.649542
0.1066 12.846369
0.1067 9.057473
0.1068 9.281258
0.1069 7.516101
0.1070 9.730934
0.1071 6.996957
0.1072 3.366241
0.1073 5.742600
0.1074 5.113384
0.1075 1.498595
0.1076 6.877709
0.1077 1.385346
0.1078 3.902025
0.1079 4.417243
0.1080 5.175412
0.1081 1.228525
0.1082 2.289365
0.1083 3.354380
0.1084 1.288115
0.1085 0.214076
0.1086 2.267823
0.1087 1.403738
0.1088 0.595927
0.1089 3.778682
0.1090 2.052287
0.1091 4.639075
0.1092 1.273400
0.1093 3.871085
0.1094 1.601712
0.1095 2.466533
0.1096 3.507532
0.1097 1.739184
0.1098 2.122312
0.1099 2.524786
0.1100 2.139137
0.1101 3.717533
0.1102 1.229107
0.1103 2.630174
0.1104 5.091914
0.1105 1.830992
0.1106 2.636226
0.1107 0.617083
0.1108 1.715254
0.1109 1.933176
0.1110 1.495291
0.1111 3.104145
0.1112 0.875206
0.1113 0.838156
0.1114 1.116869
0.1115 2.506002
0.1116 1.931401
0.1117 -0.752145
0.1118 3.530306
0.1119 0.797993
0.1120 1.977951
0.1121 2.405691
0.1122 3.047968
0.1123 2.728344
0.1124 2.621771
0.1125 1.669670
0.1126 2.889986
0.1127 0.201352
0.1128 1.549817
0.1129 1.397858
0.1130 2.552214
0.1131 2.824739
0.1132 1.184344
0.1133 0.599764
0.1134 3.281867
0.1135 1.925461
0.1136 2.527559
0.1137 1.183594
0.1138 3.873157
0.1139 3.480309
0.1140 0.931036
0.1141 2.132487
0.1142 2.037169
0.1143 0.926120
0.1144 0.815153
0.1145 3.760030
0.1146 2.997203
0.1147 2.527398
0.1148 1.134040
0.1149 1.020818
0.1150 1.079701
0.1151 1.183401
0.1152 1.325354
0.1153 1.448835
0.1154 2.840577
0.1155 1.187003
0.1156 1.380273
0.1157 1.608547
0.1158 1.955415
0.1159 2.511220
0.1160 2.312618
0.1161 0.289121
0.1162 2.474074
0.1163 0.638838
0.1164 2.804137
0.1165 0.943648
0.1166 3.193676
0.1167 0.433907
0.1168 2.733266
0.1169 3.054642
0.1170 3.310295
0.1171 1.538300
0.1172 3.271922
0.1173 2.241120
0.1174 3.208335
0.1175 2.214922
0.1176 1.198234
0.1177 3.003687
0.1178 4.937782
0.1179 2.799268
0.1180 2.451649
0.1181 6.050212
0.1182 1.960469
0.1183 3.958773
0.1184 4.061115
0.1185 2.352900
0.1186 0.857071
0.1187 1.496875
0.1188 2.377146
0.1189 1.420554
0.1190 2.479661
0.1191 1.433906
0.1192 2.369367
0.1193 2.429351
0.1194 2.601057
0.1195 7.680960
0.1196 3.923307
0.1197 6.326575
0.1198 1.516001
0.1199 3.566695
0.1200 1.454013
0.1201 4.360242
0.1202 5.174051
0.1203 1.907930
0.1204 0.746224
0.1205 2.529550
0.1206 7.295837
0.1207 2.067560
0.1208 2.759506
0.1209 1.517904
0.1210 1.407063
0.1211 5.185616
0.1212 3.176312
0.1213 2.313111
0.1214 3.485627
0.1215 3.653133
0.1216 2.626527
0.1217 2.565335
0.1218 3.480389
0.1219 2.696255
0.1220 4.979675
0.1221 6.196707
0.1222 3.414652
0.1223 4.530034
0.1224 2.832601
0.1225 7.228528
0.1226 4.851161
0.1227 5.485317
0.1228 9.034218
0.1229 3.475603
0.1230 5.810781
0.1231 6.617112
0.1232 10.433293
0.1233 5.306921
0.1234 7.255626
0.1235 6.268961
0.1236 2.476970
0.1237 7.692828
0.1238 4.763828
0.1239 10.787884
0.1240 5.660736
0.1241 12.409337
0.1242 11.993325
0.1243 12.711544
0.1244 5.730627
0.1245 10.965611
0.1246 10.253061
0.1247 12.760146
0.1248 9.347785
0.1249 8.767657
0.1250 8.354613
0.1251 13.096632
0.1252 11.810443
0.1253 10.485801
0.1254 14.051319
0.1255 15.563193
0.1256 11.904416
0.1257 15.060019
0.1258 19.399055
0.1259 25.713797
0.1260 33.014918
0.1261 53.935542
0.1262 64.543216
0.1263 75.941731
0.1264 94.085515
0.1265 107.029859
0.1266 140.696311
0.1267 183.016677
0.1268 212.141187
0.1269 248.947779
0.1270 283.524950
0.1271 317.687758
0.1272 358.533091
0.1273 396.168678
0.1274 434.372235
0.1275 484.001279
0.1276 529.394255
0.1277 562.563735
0.1278 612.413931
0.1279 647.886292
0.1280 686.166635
0.1281 724.231427
0.1282 749.062464
0.1283 775.582407
0.1284 797.807075
0.1285 828.878022
0.1286 849.822756
0.1287 875.647276
0.1288 897.196245
0.1289 921.501134
0.1290 952.669111
0.1291 973.575045
0.1292 998.270623
0.1293 1022.759360
0.1294 1038.148092
0.1295 1056.409497
0.1296 1079.459252
0.1297 1095.396381
0.1298 1118.094045
0.1299 1143.682984
0.1300 1163.107847
0.1301 1178.339174
0.1302 1189.501841
0.1303 1200.548870
0.1304 1213.458189
0.1305 1221.051898
0.1306 1226.473370
0.1307 1228.638027
0.1308 1243.576024
0.1309 1244.410254
0.1310 1257.023689
0.1311 1264.477113
0.1312 1274.766045
0.1313 1276.958353
0.1314 1293.105654
0.1315 1302.047914
0.1316 1317.927922
0.1317 1334.721866
0.1318 1348.425953
0.1319 1352.959208
0.1320 1361.365831
0.1321 1364.685940
0.1322 1376.921058
0.1323 1384.002780
0.1324 1391.013788
0.1325 1390.919798
0.1326 1394.791893
0.1327 1388.417540
0.1328 1390.048569
0.1329 1396.679315
0.1330 1395.170872
0.1331 1400.436428
0.1332 1411.529913
0.1333 1421.480200
0.1334 1423.364793
0.1335 1427.141094
0.1336 1430.773762
0.1337 1427.338597
0.1338 1434.817980
0.1339 1432.287056
0.1340 1434.759645
0.1341 1438.213779
0.1342 1436.663516
0.1343 1435.023159
0.1344 1434.230835
0.1345 1439.310805
0.1346 1440.340922
0.1347 1436.376398
0.1348 1429.318132
0.1349 1427.272173
0.1350 1435.081374
0.1351 1437.744116
0.1352 1439.375010
0.1353 1426.946636
0.1354 1429.373827
0.1355 1422.801344
0.1356 1417.271146
0.1357 1421.736721
0.1358 1423.111492
0.1359 1419.365558
0.1360 1412.590122
0.1361 1420.688605
0.1362 1421.754306
0.1363 1413.836279
0.1364 1420.939442
0.1365 1418.018224
0.1366 1419.095032
0.1367 1416.171068
0.1368 1412.266934
0.1369 1414.363953
0.1370 1414.453805
0.1371 1412.549889
0.1372 1419.633568
0.1373 1422.695256
0.1374 1421.660906
0.1375 1426.573911
0.1376 1423.477251
0.1377 1418.409549
0.1378 1416.355602
0.1379 1412.313394
0.1380 1404.311211
0.1381 1392.359503
0.1382 1387.459927
0.1383 1381.584621
0.1384 1372.750667
0.1385 1361.963131
0.1386 1352.232001
0.1387 1336.568429
0.1388 1329.966562
0.1389 1330.383592
0.1390 1326.800923
0.1391 1328.215736
0.1392 1327.632535
0.1393 1328.060283
0.1394 1323.500115
0.1395 1318.957032
0.1396 1319.432245
0.1397 1318.913185
0.1398 1320.387986
0.1399 1322.843108
0.1400 1314.329517
0.1401 1306.843506
0.1402 1298.402742
0.1403 1286.021215
0.1404 1278.695863
0.1405 1272.404708
0.1406 1269.135935
0.1407 1266.817275
0.1408 1256.471363
0.1409 1257.073762
0.1410 1256.548905
0.1411 1254.960824
0.1412 1251.383004
0.1413 1252.808630
0.1414 1256.225030
0.1415 1248.625682
0.1416 1247.864189
0.1417 1242.066320
0.1418 1241.281913
0.1419 1232.523955
0.1420 1225.688242
0.1421 1220.872175
0.1422 1216.075632
0.1423 1209.321611
0.1424 1207.590780
0.1425 1202.926447
0.1426 1197.240453
0.1427 1188.446330
0.1428 1173.723586
0.1429 1173.043522
0.1430 1174.362788
0.1431 1171.681152
0.1432 1156.042282
0.1433 1151.471192
0.1434 1141.929876
0.1435 1132.446300
0.1436 1120.898117
0.1437 1112.387805
0.1438 1102.931132
0.1439 1096.511712
0.1440 1093.116293
0.1441 1084.757147
0.1442 1073.445673
0.1443 1071.177455
0.1444 1065.930884
0.1445 1048.734145
0.1446 1039.608912
0.1447 1037.510720
0.1448 1034.421997
0.1449 1025.372017
0.1450 1024.317049
0.1451 1014.198758
0.1452 1006.114988
0.1453 1000.073440
0.1454 986.082154
0.1455 984.141252
0.1456 974.225450
0.1457 973.352250
0.1458 965.485531
0.1459 961.666358
0.1460 962.844729
0.1461 972.987584
0.1462 974.107633
0.1463 977.218077
0.1464 981.308977
0.1465 981.379049
0.1466 981.455784
0.1467 977.413129
0.1468 966.402854
0.1469 958.446964
0.1470 956.517346
0.1471 958.591514
0.1472 954.672974
0.1473 954.767143
0.1474 953.862521
0.1475 950.903004
0.1476 955.848206
0.1477 957.779752
0.1478 951.736754
0.1479 948.709279
0.1480 941.710145
0.1481 938.740833
0.1482 935.690199
0.1483 936.505535
0.1484 937.285142
0.1485 937.063124
0.1486 928.858112
0.1487 926.701478
0.1488 922.544169
0.1489 932.377669
0.1490 924.197867
0.1491 924.050751
0.1492 918.913868
0.1493 908.814664
0.1494 898.758438
0.1495 894.748891
0.1496 890.631534
0.1497 883.541875
0.1498 884.473931
0.1499 878.414681
0.1500 872.392432
0.1501 862.412539
0.1502 853.426922
0.1503 860.356934
0.1504 858.290899
0.1505 860.218765
0.1506 856.149754
0.1507 857.100672
0.1508 853.052746
0.1509 846.029923
0.1510 847.034350
0.1511 841.051734
0.1512 832.103793
0.1513 826.196748
0.1514 828.293599
0.1515 820.410082
0.1516 816.559970
0.1517 814.720711
0.1518 807.814760
0.1519 805.886970
0.1520 803.971762
0.1521 794.090882
0.1522 782.206986
0.1523 776.304949
0.1524 765.441947
0.1525 760.616165
0.1526 748.825668
0.1527 744.094410
0.1528 747.365039
0.1529 742.639025
0.1530 749.909437
0.1531 752.151772
0.1532 754.384178
0.1533 753.609627
0.1534 745.865390
0.1535 745.135702
0.1536 741.415351
0.1537 739.713680
0.1538 735.026976
0.1539 728.369118
0.1540 722.748224
0.1541 714.173916
0.1542 710.624184
0.1543 708.094265
0.1544 709.557812
0.1545 706.029867
0.1546 708.507451
0.1547 710.982880
0.1548 712.437720
0.1549 712.878527
0.1550 710.324918
0.1551 715.776109
0.1552 708.221055
0.1553 701.710176
0.1554 698.224769
0.1555 694.751828
0.1556 690.309926
0.1557 683.889162
0.1558 685.480139
0.1559 683.079357
0.1560 679.690805
0.1561 669.341893
0.1562 659.043209
0.1563 651.793634
0.1564 649.567334
0.1565 654.338691
0.1566 645.126490
0.1567 634.966709
0.1568 627.847972
0.1569 620.763073
0.1570 613.716710
0.1571 611.704244
0.1572 598.729222
0.1573 589.810503
0.1574 592.911798
0.1575 590.016692
0.1576 586.138349
0.1577 589.250327
0.1578 590.363264
0.1579 589.462953
0.1580 587.579040
0.1581 582.700119
0.1582 586.830373
0.1583 580.971532
0.1584 581.116516
0.1585 580.270064
0.1586 579.425033
0.1587 575.593013
0.1588 572.782552
0.1589 570.978581
0.1590 574.178360
0.1591 571.327807
0.1592 563.422437
0.1593 560.531951
0.1594 560.658568
0.1595 559.791277
0.1596 559.925437
0.1597 562.059920
0.1598 563.182484
0.1599 566.295991
0.1600 566.388043
0.1601 565.494980
0.1602 564.595165
0.1603 558.721007
0.1604 556.863788
0.1605 545.040989
0.1606 537.278093
0.1607 526.552809
0.1608 521.881118
0.1609 508.258148
0.1610 498.688936
0.1611 494.147728
0.1612 495.624928
0.1613 494.098268
0.1614 487.597788
0.1615 485.121202
0.1616 484.663881
0.1617 487.188353
0.1618 489.704136
0.1619 499.191284
0.1620 501.641964
0.1621 497.102900
0.1622 488.592023
0.1623 485.126984
0.1624 480.671941
0.1625 484.212521
0.1626 471.774325
0.1627 476.379491
0.1628 473.968088
0.1629 465.583759
0.1630 454.250449
0.1631 452.960965
0.1632 447.680259
0.1633 449.403382
0.1634 452.117749
0.1635 454.823158
0.1636 450.521046
0.1637 450.237415
0.1638 448.947441
0.1639 452.662739
0.1640 450.369688
0.1641 444.107623
0.1642 443.862668
0.1643 437.637081
0.1644 434.442614
0.1645 434.248071
0.1646 432.062799
0.1647 430.879502
0.1648 428.709675
0.1649 423.552396
0.1650 422.420815
0.1651 420.288411
0.1652 415.169964
0.1653 411.084507
0.1654 407.036372
0.1655 406.993195
0.1656 396.975753
0.1657 391.998039
0.1658 388.045126
0.1659 380.127955
0.1660 386.194834
0.1661 387.153520
0.1662 393.066350
0.1663 393.958378
0.1664 396.828225
0.1665 393.710813
0.1666 390.601251
0.1667 386.517217
0.1668 382.452596
0.1669 376.416054
0.1670 366.425069
0.1671 352.485136
0.1672 338.642980
0.1673 327.869310
0.1674 323.121789
0.1675 319.394535
0.1676 321.677998
0.1677 321.952054
0.1678 328.213670
0.1679 328.460948
0.1680 320.713939
0.1681 320.990880
0.1682 323.254734
0.1683 318.541792
0.1684 312.850683
0.1685 313.169378
0.1686 312.495250
0.1687 322.781462
0.1688 328.041961
0.1689 325.289052
0.1690 326.541955
0.1691 330.774237
0.1692 330.004922
0.1693 334.228881
0.1694 333.438234
0.1695 335.634688
0.1696 337.831937
0.1697 339.016212
0.1698 342.185912
0.1699 343.351121
0.1700 341.511658
0.1701 347.670437
0.1702 353.797008
0.1703 355.885371
0.1704 358.967155
0.1705 364.029220
0.1706 360.092421
0.1707 356.165282
0.1708 358.243790
0.1709 352.338604
0.1710 347.464703
0.1711 346.612099
0.1712 344.759135
0.1713 336.935266
0.1714 335.126903
0.1715 331.347016
0.1716 334.569550
0.1717 340.770247
0.1718 336.952856
0.1719 336.143656
0.1720 335.346377
0.1721 335.536456
0.1722 333.749612
0.1723 329.968053
0.1724 325.214822
0.1725 316.488516
0.1726 312.803700
0.1727 311.125665
0.1728 298.488087
0.1729 290.907726
0.1730 288.360110
0.1731 281.830536
0.1732 282.308961
0.1733 279.793364
0.1734 276.296013
0.1735 269.830040
0.1736 268.394622
0.1737 266.951431
0.1738 257.541886
0.1739 256.168363
0.1740 257.784290
0.1741 255.402123
0.1742 255.039024
0.1743 253.661635
0.1744 254.300704
0.1745 255.935735
0.1746 255.558314
0.1747 250.205996
0.1748 243.869463
0.1749 245.557771
0.1750 240.260963
0.1751 243.967889
0.1752 241.664066
0.1753 241.371820
0.1754 241.077948
0.1755 241.788132
0.1756 245.482675
0.1757 244.163932
0.1758 247.843239
0.1759 248.517220
0.1760 247.179785
0.1761 248.852284
0.1762 245.526251
0.1763 241.217978
0.1764 241.914922
0.1765 239.634750
0.1766 240.345245
0.1767 239.061353
0.1768 237.784198
0.1769 239.501110
0.1770 243.199698
0.1771 245.886684
0.1772 251.559371
0.1773 254.201284
0.1774 256.830564
0.1775 256.449130
0.1776 252.081162
0.1777 250.726121
0.1778 253.372324
0.1779 253.019461
0.1780 257.643988
0.1781 251.283007
0.1782 251.937979
0.1783 250.590468
0.1784 255.247079
0.1785 252.886020
0.1786 245.548716
0.1787 240.260031
0.1788 237.980054
0.1789 226.736324
0.1790 220.536105
0.1791 218.377958
0.1792 210.237148
0.1793 203.127194
0.1794 197.052322
0.1795 195.995404
0.1796 177.981829
0.1797 163.061176
0.1798 160.193395
0.1799 147.374413
0.1800 151.559103
0.1801 153.747084
0.1802 153.921560
0.1803 150.101424
0.1804 143.313593
0.1805 141.541117
0.1806 134.793549
0.1807 124.096542
0.1808 117.435545
0.1809 109.828710
0.1810 106.252351
0.1811 100.695850
0.1812 89.186211
0.1813 84.719203
0.1814 90.243256
0.1815 91.759885
0.1816 92.268835
0.1817 99.772804
0.1818 99.345177
0.1819 94.956411
0.1820 95.582169
0.1821 97.199659
0.1822 99.803418
0.1823 100.411685
0.1824 104.994712
0.1825 103.559771
0.1826 104.140087
0.1827 99.726314
0.1828 101.320406
0.1829 102.908090
0.1830 107.486661
0.1831 106.041779
0.1832 110.596115
0.1833 110.133217
0.1834 123.638423
0.1835 126.103101
0.1836 129.552138
0.1837 132.977536
0.1838 135.395206
0.1839 137.796265
0.1840 136.198634
0.1841 144.580033
0.1842 147.927613
0.1843 149.266225
0.1844 150.600915
0.1845 144.954394
0.1846 145.309524
0.1847 143.675060
0.1848 143.037248
0.1849 144.391772
0.1850 138.762496
0.1851 136.148341
0.1852 128.576273
0.1853 128.030755
0.1854 121.502578
0.1855 121.986136
0.1856 124.451041
0.1857 125.916187
0.1858 125.386502
0.1859 133.816470
0.1860 136.216051
0.1861 133.630675
0.1862 141.024690
0.1863 145.393525
0.1864 141.753797
0.1865 139.137605
0.1866 128.554060
0.1867 115.030929
0.1868 115.550474
0.1869 107.089550
0.1870 99.664910
0.1871 90.299687
0.1872 93.937779
0.1873 89.579322
0.1874 89.226675
0.1875 91.877616
0.1876 95.505794
0.1877 98.109661
0.1878 93.731414
0.1879 92.371673
0.1880 89.030606
0.1881 92.672911
0.1882 92.175047
0.1883 93.675245
0.1884 95.172288
0.1885 93.660344
0.1886 95.154802
0.1887 97.640763
0.1888 98.112996
0.1889 99.584278
0.1890 104.039241
0.1891 108.468936
0.1892 114.862001
0.1893 118.230580
0.1894 119.594663
0.1895 120.949633
0.1896 123.298552
0.1897 121.648600
0.1898 120.002406
0.1899 116.373061
0.1900 113.753586
0.1901 113.155354
0.1902 111.551128
0.1903 108.957593
0.1904 114.360508
0.1905 109.770006
0.1906 107.179633
0.1907 108.598052
0.1908 107.019130
0.1909 112.430394
0.1910 111.834962
0.1911 116.224439
0.1912 117.602747
0.1913 113.973914
0.1914 109.367001
0.1915 89.830297
0.1916 63.419937
0.1917 46.126937
0.1918 39.888924
0.1919 34.690094
0.1920 26.516021
0.1921 24.384279
0.1922 15.284462
0.1923 12.214398
0.1924 14.148387
0.1925 11.094871
0.1926 10.042549
0.1927 11.988873
0.1928 8.940812
0.1929 7.900752
0.1930 7.002275
0.1931 9.093859
0.1932 11.198464
0.1933 6.289823
0.1934 7.384494
0.1935 8.482175
0.1936 6.584492
0.1937 8.679418
0.1938 6.772901
0.1939 2.870921
0.1940 7.974217
0.1941 5.071630
0.1942 2.435216
0.1943 8.810630
0.1944 3.184881
0.1945 3.704590
0.1946 3.427948
0.1947 3.351438
0.1948 1.274328
0.1949 3.200145
0.1950 4.116938
0.1951 2.032186
0.1952 3.064109
0.1953 2.229431
0.1954 1.317862
0.1955 2.417181
0.1956 3.735927
0.1957 0.721886
0.1958 4.717342
0.1959 0.715007
0.1960 5.739004
0.1961 1.871518
0.1962 1.026015
0.1963 0.295339
0.1964 1.573721
0.1965 1.976454
0.1966 1.458326
0.1967 2.000241
0.1968 1.598557
0.1969 2.406691
0.1970 0.209944
0.1971 2.025064
0.1972 1.937986
0.1973 1.832217
0.1974 1.830825
0.1975 0.978992
0.1976 1.362323
0.1977 0.837456
0.1978 2.410173
0.1979 2.141797
0.1980 0.889340
0.1981 0.764314
0.1982 1.664267
0.1983 1.759450
0.1984 0.178792
0.1985 0.674000
0.1986 0.266938
0.1987 3.883106
0.1988 0.415103
0.1989 0.854912
0.1990 2.269820
0.1991 0.632000
0.1992 1.915773
0.1993 1.376370
0.1994 0.793384
0.1995 2.207981
0.1996 4.685368
0.1997 1.230016
0.1998 0.944687
0.1999 0.628242
0.2000 1.328202
0.2001 2.346591
0.2002 2.603895
0.2003 2.153595
0.2004 2.776117
0.2005 1.434142
0.2006 0.258393
0.2007 0.143857
0.2008 4.031997
0.2009 0.920629
0.2010 1.944436
0.2011 3.098297
0.2012 2.069559
0.2013 1.958256
0.2014 2.052400
0.2015 1.260016
0.2016 2.415857
0.2017 1.658172
0.2018 3.089354
0.2019 1.650053
0.2020 0.517979
0.2021 3.603555
0.2022 3.738129
0.2023 1.828587
0.2024 2.023595
0.2025 2.231466
0.2026 2.590726
0.2027 2.872848
0.2028 2.181735
0.2029 -0.222440
0.2030 3.402971
0.2031 4.135053
0.2032 4.764675
0.2033 3.563240
0.2034 2.591129
0.2035 2.594155
0.2036 2.534264
0.2037 3.267922
0.2038 1.599769
0.2039 1.648426
0.2040 3.719626
0.2041 2.809993
0.2042 1.029136
0.2043 5.044847
0.2044 2.179490
0.2045 3.442799
0.2046 2.798013
0.2047 3.253449
0.2048 2.536537
0.2049 1.763930
0.2050 4.151770
0.2051 3.641625
0.2052 2.026564
0.2053 2.445137
0.2054 1.946797
0.2055 2.465115
0.2056 4.447089
0.2057 2.729262
0.2058 4.151542
0.2059 0.596650
0.2060 3.073488
0.2061 0.575378
0.2062 3.104963
0.2063 2.653720
0.2064 3.117246
0.2065 0.544431
0.2066 7.969293
0.2067 2.394438
0.2068 2.817250
0.2069 7.324279
0.2070 1.886111
0.2071 0.292490
0.2072 3.786289
0.2073 2.476289
0.2074 5.045259
0.2075 8.550861
0.2076 5.926058
0.2077 3.618148
0.2078 1.207597
0.2079 2.712308
0.2080 4.179669
0.2081 1.743527
0.2082 4.300198
0.2083 1.964733
0.2084 3.632767
0.2085 5.194864
0.2086 4.719773
0.2087 3.208294
0.2088 1.636118
0.2089 1.063653
0.2090 4.425292
0.2091 3.884038
0.2092 2.042683
0.2093 3.224389
0.2094 3.373934
0.2095 4.661929
0.2096 3.979575
0.2097 3.371270
0.2098 2.617865
0.2099 1.775068
0.2100 4.988656
0.2101 4.279303
0.2102 3.620047
0.2103 5.039458
0.2104 2.576799
0.2105 4.399952
0.2106 5.222549
0.2107 1.954520
0.2108 4.644506
0.2109 4.379198
0.2110 8.067578
0.2111 2.754843
0.2112 2.480787
0.2113 8.270675
0.2114 3.335187
0.2115 6.674541
0.2116 6.128358
0.2117 4.786910
0.2118 6.291074
0.2119 10.864205
0.2120 10.244327
0.2121 4.692227
0.2122 9.173291
0.2123 6.661520
0.2124 9.149033
0.2125 12.529814
0.2126 13.871450
0.2127 11.215069
0.2128 3.421209
0.2129 9.595815
0.2130 5.799160
0.2131 5.213550
0.2132 10.687432
0.2133 6.965739
0.2134 9.884121
0.2135 8.555753
0.2136 10.997022
0.2137 11.256936
0.2138 8.514768
0.2139 14.910964
0.2140 11.155268
0.2141 12.402178
0.2142 13.525047
0.2143 9.691952
0.2144 14.082889
0.2145 18.382201
0.2146 20.598590
0.2147 15.821159
0.2148 20.977828
0.2149 11.973441
0.2150 11.734586
0.2151 21.280858
0.2152 19.641285
0.2153 24.885852
0.2154 32.034197
0.2155 37.052453
0.2156 34.111554
0.2157 51.050259
0.2158 61.724392
0.2159 84.200891
0.2160 96.381493
0.2161 117.248073
0.2162 134.004368
0.2163 167.446385
0.2164 173.643745
0.2165 189.672466
0.2166 223.442185
0.2167 258.033108
0.2168 286.476789
0.2169 331.702855
0.2170 367.725597
0.2171 407.401731
0.2172 430.909053
0.2173 462.252246
0.2174 488.491389
0.2175 521.436175
0.2176 559.167547
0.2177 591.724326
0.2178 627.974174
0.2179 669.994418
0.2180 697.794138
0.2181 717.273944
0.2182 740.602751
0.2183 772.776471
0.2184 799.727079
0.2185 834.443151
0.2186 860.001180
0.2187 882.391218
0.2188 886.613459
0.2189 906.743020
0.2190 928.649257
0.2191 959.435555
0.2192 972.077464
0.2193 980.669951
0.2194 999.037252
0.2195 1019.175466
0.2196 1040.211737
0.2197 1056.085596
0.2198 1071.796232
0.2199 1079.456698
0.2200 1078.085042
0.2201 1079.740606
0.2202 1090.211981
0.2203 1089.660779
0.2204 1099.072745
0.2205 1101.448938
0.2206 1109.809156
0.2207 1130.099222
0.2208 1141.263756
0.2209 1139.304019
0.2210 1151.196029
0.2211 1151.977508
0.2212 1162.610257
0.2213 1171.962291
0.2214 1179.159693
0.2215 1200.267773
0.2216 1202.225766
0.2217 1214.089734
0.2218 1216.926518
0.2219 1227.730892
0.2220 1235.466153
0.2221 1240.044822
0.2222 1234.615951
0.2223 1239.114556
0.2224 1234.576251
0.2225 1241.961189
0.2226 1248.240254
0.2227 1235.511368
0.2228 1235.841607
0.2229 1233.165768
0.2230 1230.513670
0.2231 1233.856780
0.2232 1241.171495
0.2233 1252.426814
0.2234 1261.638586
0.2235 1263.818123
0.2236 1274.965172
0.2237 1280.999762
0.2238 1285.940111
0.2239 1290.850248
0.2240 1285.769898
0.2241 1282.700216
0.2242 1272.549715
0.2243 1279.402004
0.2244 1289.208178
0.2245 1295.958393
0.2246 1298.672285
0.2247 1296.394097
0.2248 1292.129543
0.2249 1284.899064
0.2250 1278.698887
0.2251 1283.498194
0.2252 1288.290509
0.2253 1284.039950
0.2254 1286.691840
0.2255 1285.344713
0.2256 1289.991053
0.2257 1290.619745
0.2258 1286.249661
0.2259 1290.891028
0.2260 1294.472758
0.2261 1301.914900
0.2262 1310.333294
0.2263 1308.729196
0.2264 1311.111986
0.2265 1313.401756
0.2266 1305.669469
0.2267 1299.840911
0.2268 1302.020234
0.2269 1298.190617
0.2270 1297.377046
0.2271 1287.593059
0.2272 1277.859171
0.2273 1281.144624
0.2274 1273.339177
0.2275 1261.417764
0.2276 1252.548616
0.2277 1243.729693
0.2278 1237.958856
0.2279 1230.201148
0.2280 1228.357778
0.2281 1232.496531
0.2282 1233.623394
0.2283 1229.654656
0.2284 1224.689222
0.2285 1216.738842
0.2286 1210.822669
0.2287 1206.824274
0.2288 1207.743021
0.2289 1202.625800
0.2290 1198.528038
0.2291 1184.471591
0.2292 1176.483078
0.2293 1166.543993
0.2294 1161.646337
0.2295 1152.778038
0.2296 1149.872380
0.2297 1138.935951
0.2298 1135.037094
0.2299 1125.042429
0.2300 1112.102743
0.2301 1099.235094
0.2302 1095.427968
0.2303 1094.630401
0.2304 1086.852323
0.2305 1082.124137
0.2306 1073.408339
0.2307 1057.761738
0.2308 1053.183465
0.2309 1050.626513
0.2310 1044.074948
0.2311 1037.566866
0.2312 1032.983037
0.2313 1028.397372
0.2314 1024.840752
0.2315 1020.234270
0.2316 1018.439258
0.2317 1019.641107
0.2318 1024.833981
0.2319 1026.003185
0.2320 1026.172883
0.2321 1019.373298
0.2322 1022.567856
0.2323 1028.734779
0.2324 1027.885291
0.2325 1020.068605
0.2326 1018.277975
0.2327 1023.476475
0.2328 1019.671885
0.2329 1018.865539
0.2330 1023.059383
0.2331 1030.225095
0.2332 1031.364557
0.2333 1031.509491
0.2334 1028.654642
0.2335 1027.801681
0.2336 1023.965721
0.2337 1020.147840
0.2338 1010.371535
0.2339 1001.644492
0.2340 996.948737
0.2341 997.274121
0.2342 997.603089
0.2343 998.935729
0.2344 992.267301
0.2345 987.630437
0.2346 982.027968
0.2347 980.441194
0.2348 979.848953
0.2349 978.275893
0.2350 977.704962
0.2351 977.127621
0.2352 974.572032
0.2353 972.032006
0.2354 969.491208
0.2355 965.968224
0.2356 963.454824
0.2357 962.957858
0.2358 956.478677
0.2359 953.036909
0.2360 944.617334
0.2361 939.230122
0.2362 928.893953
0.2363 924.603504
0.2364 913.351342
0.2365 904.141882
0.2366 896.985881
0.2367 894.862263
0.2368 896.724960
0.2369 893.590144
0.2370 879.508016
0.2371 874.486872
0.2372 869.474863
0.2373 864.502990
0.2374 857.555944
0.2375 853.638957
0.2376 842.763038
0.2377 834.929200
0.2378 834.119170
0.2379 838.300846
0.2380 836.471181
0.2381 833.663176
0.2382 831.869807
0.2383 828.076222
0.2384 822.320919
0.2385 826.573972
0.2386 820.826569
0.2387 816.104992
0.2388 808.423188
0.2389 808.760408
0.2390 808.098117
0.2391 807.442528
0.2392 805.781570
0.2393 805.138691
0.2394 801.503109
0.2395 799.884938
0.2396 802.251107
0.2397 795.632332
0.2398 799.027036
0.2399 791.425030
0.2400 786.866130
0.2401 784.229690
0.2402 780.568381
0.2403 776.938871
0.2404 768.325846
0.2405 768.754771
0.2406 757.074269
0.2407 748.440116
0.2408 742.808822
0.2409 735.113328
0.2410 731.441276
0.2411 726.804619
0.2412 721.190696
0.2413 718.601733
0.2414 709.044735
0.2415 700.535153
0.2416 693.059978
0.2417 692.585259
0.2418 692.992538
0.2419 693.402863
0.2420 677.852655
0.2421 669.383773
0.2422 662.947881
0.2423 660.542651
0.2424 658.153871
0.2425 655.764787
0.2426 655.380933
0.2427 654.009536
0.2428 647.660273
0.2429 635.359058
0.2430 628.096488
0.2431 619.898788
0.2432 615.730246
0.2433 604.602858
0.2434 603.489074
0.2435 609.381440
0.2436 615.235426
0.2437 615.066039
0.2438 616.903562
0.2439 619.727305
0.2440 625.518472
0.2441 628.301973
0.2442 633.040850
0.2443 635.777148
0.2444 632.519813
0.2445 632.262218
0.2446 630.015065
0.2447 630.769815
0.2448 632.516192
0.2449 628.257635
0.2450 623.034504
0.2451 616.832084
0.2452 605.699703
0.2453 597.605975
0.2454 599.539837
0.2455 592.475058
0.2456 590.437607
0.2457 583.427605
0.2458 582.444410
0.2459 581.469838
0.2460 579.495296
0.2461 587.497864
0.2462 590.473514
0.2463 594.382991
0.2464 593.196772
0.2465 588.025141
0.2466 574.903634
0.2467 569.818033
0.2468 569.759455
0.2469 568.706120
0.2470 562.668567
0.2471 556.667139
0.2472 554.697924
0.2473 547.732009
0.2474 542.807410
0.2475 538.911036
0.2476 538.026187
0.2477 535.140463
0.2478 534.264927
0.2479 530.401459
0.2480 529.563348
0.2481 527.733580
0.2482 515.917227
0.2483 514.152468
0.2484 506.419834
0.2485 496.727886
0.2486 494.070502
0.2487 486.441772
0.2488 481.861932
0.2489 476.290087
0.2490 474.735145
0.2491 470.195184
0.2492 466.680830
0.2493 467.178099
0.2494 472.666953
0.2495 477.114214
0.2496 480.543567
0.2497 480.969865
0.2498 481.387351
0.2499 480.811511
