0 0
0.0001 0
0.0002 0
0.0003 0
0.0004 0
0.0005 0
0.0006 0
0.0007 0
0.0008 0
0.0009 0
0.001 1
0.0011 1
0.0012 1
0.0013 1
0.0014 2
0.0015 2
0.0016 2
0.0017 3
0.0018 4
0.0019 4
0.002 4
0.0021 4
0.0022 4
0.0023 4
0.0024 4
0.0025 4
0.0026 4
0.0027 4
0.0028 5
0.0029 5
0.003 5
0.0031 5
0.0032 5
0.0033 5
0.0034 5
0.0035 5
0.0036 5
0.0037 5
0.0038 5
0.0039 5
0.004 5
0.0041 5
0.0042 5
0.0043 5
0.0044 5
0.0045 6
0.0046 6
0.0047 7
0.0048 7
0.0049 7
0.005 7
0.0051 7
0.0052 7
0.0053 6
0.0054 5
0.0055 5
0.0056 5
0.0057 5
0.0058 5
0.0059 5
0.006 5
0.0061 5
0.0062 5
0.0063 5
0.0064 5
0.0065 6
0.0066 7
0.0067 8
0.0068 8
0.0069 8
0.007 8
0.0071 8
0.0072 8
0.0073 8
0.0074 8
0.0075 8
0.0076 8
0.0077 8
0.0078 8
0.0079 8
0.008 8
0.0081 8
0.0082 8
0.0083 8
0.0084 8
0.0085 7
0.0086 6
0.0087 6
0.0088 6
0.0089 6
0.009 6
0.0091 6
0.0092 6
0.0093 6
0.0094 6
0.0095 6
0.0096 5
0.0097 5
0.0098 5
0.0099 5
0.01 5
0.0101 5
0.0102 5
0.0103 5
0.0104 5
0.0105 5
0.0106 5
0.0107 6
0.0108 6
0.0109 6
0.011 6
0.0111 6
0.0112 6
0.0113 7
0.0114 7
0.0115 7
0.0116 7
0.0117 7
0.0118 7
0.0119 7
0.012 7
0.0121 7
0.0122 7
0.0123 7
0.0124 8
0.0125 8
0.0126 8
0.0127 8
0.0128 6
0.0129 6
0.013 7
0.0131 7
0.0132 7
0.0133 7
0.0134 7
0.0135 7
0.0136 7
0.0137 6
0.0138 7
0.0139 7
0.014 7
0.0141 7
0.0142 7
0.0143 7
0.0144 7
0.0145 7
0.0146 6
0.0147 6
0.0148 6
0.0149 6
0.015 6
0.0151 7
0.0152 7
0.0153 7
0.0154 7
0.0155 7
0.0156 7
0.0157 7
0.0158 7
0.0159 6
0.016 6
0.0161 7
0.0162 7
0.0163 7
0.0164 7
0.0165 7
0.0166 7
0.0167 7
0.0168 7
0.0169 7
0.017 7
0.0171 7
0.0172 7
0.0173 7
0.0174 7
0.0175 7
0.0176 7
0.0177 7
0.0178 7
0.0179 7
0.018 7
0.0181 7
0.0182 7
0.0183 7
0.0184 7
0.0185 7
0.0186 7
0.0187 7
0.0188 7
0.0189 7
0.019 7
0.0191 7
0.0192 7
0.0193 7
0.0194 7
0.0195 7
0.0196 7
0.0197 6
0.0198 6
0.0199 6
0.02 6
0.0201 6
0.0202 5
0.0203 5
0.0204 5
0.0205 5
0.0206 5
0.0207 5
0.0208 5
0.0209 5
0.021 5
0.0211 5
0.0212 5
0.0213 5
0.0214 5
0.0215 5
0.0216 5
0.0217 5
0.0218 5
0.0219 5
0.022 5
0.0221 5
0.0222 6
0.0223 6
0.0224 6
0.0225 6
0.0226 6
0.0227 5
0.0228 5
0.0229 5
0.023 5
0.0231 5
0.0232 5
0.0233 5
0.0234 6
0.0235 7
0.0236 7
0.0237 7
0.0238 8
0.0239 8
0.024 9
0.0241 9
0.0242 9
0.0243 9
0.0244 9
0.0245 9
0.0246 9
0.0247 9
0.0248 9
0.0249 9
0.025 9
0.0251 9
0.0252 8
0.0253 8
0.0254 8
0.0255 8
0.0256 8
0.0257 8
0.0258 8
0.0259 8
0.026 8
0.0261 8
0.0262 7
0.0263 7
0.0264 7
0.0265 7
0.0266 7
0.0267 7
0.0268 7
0.0269 7
0.027 7
0.0271 7
0.0272 7
0.0273 7
0.0274 7
0.0275 7
0.0276 7
0.0277 7
0.0278 7
0.0279 7
0.028 7
0.0281 7
0.0282 7
0.0283 7
0.0284 7
0.0285 7
0.0286 7
0.0287 7
0.0288 8
0.0289 8
0.029 8
0.0291 8
0.0292 8
0.0293 8
0.0294 8
0.0295 8
0.0296 8
0.0297 8
0.0298 7
0.0299 7
0.03 7
0.0301 9
0.0302 8
0.0303 9
0.0304 8
0.0305 8
0.0306 8
0.0307 8
0.0308 9
0.0309 9
0.031 9
0.0311 9
0.0312 9
0.0313 9
0.0314 9
0.0315 9
0.0316 9
0.0317 9
0.0318 9
0.0319 10
0.032 10
0.0321 10
0.0322 10
0.0323 11
0.0324 11
0.0325 11
0.0326 11
0.0327 11
0.0328 11
0.0329 11
0.033 11
0.0331 11
0.0332 11
0.0333 10
0.0334 10
0.0335 10
0.0336 10
0.0337 10
0.0338 10
0.0339 10
0.034 10
0.0341 10
0.0342 10
0.0343 9
0.0344 9
0.0345 9
0.0346 9
0.0347 9
0.0348 9
0.0349 10
0.035 10
0.0351 10
0.0352 10
0.0353 10
0.0354 10
0.0355 10
0.0356 10
0.0357 10
0.0358 10
0.0359 9
0.036 9
0.0361 9
0.0362 9
0.0363 10
0.0364 9
0.0365 9
0.0366 9
0.0367 9
0.0368 9
0.0369 9
0.037 9
0.0371 9
0.0372 9
0.0373 8
0.0374 8
0.0375 8
0.0376 8
0.0377 8
0.0378 8
0.0379 8
0.038 9
0.0381 9
0.0382 9
0.0383 9
0.0384 9
0.0385 9
0.0386 9
0.0387 9
0.0388 9
0.0389 9
0.039 8
0.0391 8
0.0392 8
0.0393 8
0.0394 8
0.0395 8
0.0396 8
0.0397 8
0.0398 8
0.0399 8
0.04 8
0.0401 8
0.0402 9
0.0403 9
0.0404 9
0.0405 8
0.0406 8
0.0407 8
0.0408 8
0.0409 10
0.041 10
0.0411 10
0.0412 11
0.0413 11
0.0414 11
0.0415 11
0.0416 11
0.0417 11
0.0418 11
0.0419 11
0.042 11
0.0421 11
0.0422 11
0.0423 11
0.0424 11
0.0425 11
0.0426 11
0.0427 11
0.0428 11
0.0429 10
0.043 10
0.0431 10
0.0432 10
0.0433 10
0.0434 10
0.0435 10
0.0436 10
0.0437 10
0.0438 10
0.0439 10
0.044 10
0.0441 10
0.0442 10
0.0443 10
0.0444 10
0.0445 10
0.0446 10
0.0447 10
0.0448 10
0.0449 10
0.045 10
0.0451 10
0.0452 10
0.0453 10
0.0454 10
0.0455 10
0.0456 10
0.0457 10
0.0458 10
0.0459 10
0.046 10
0.0461 10
0.0462 10
0.0463 10
0.0464 10
0.0465 10
0.0466 10
0.0467 10
0.0468 10
0.0469 9
0.047 9
0.0471 10
0.0472 10
0.0473 10
0.0474 10
0.0475 10
0.0476 10
0.0477 10
0.0478 10
0.0479 10
0.048 10
0.0481 10
0.0482 10
0.0483 10
0.0484 10
0.0485 10
0.0486 10
0.0487 10
0.0488 10
0.0489 10
0.049 10
0.0491 10
0.0492 10
0.0493 10
0.0494 10
0.0495 10
0.0496 10
0.0497 10
0.0498 10
0.0499 10
0.05 11
0.0501 11
0.0502 11
0.0503 11
0.0504 11
0.0505 11
0.0506 11
0.0507 11
0.0508 10
0.0509 10
0.051 10
0.0511 10
0.0512 10
0.0513 9
0.0514 9
0.0515 8
0.0516 8
0.0517 8
0.0518 8
0.0519 8
0.052 8
0.0521 8
0.0522 8
0.0523 8
0.0524 8
0.0525 8
0.0526 8
0.0527 8
0.0528 8
0.0529 8
0.053 7
0.0531 7
0.0532 7
0.0533 7
0.0534 7
0.0535 7
0.0536 7
0.0537 6
0.0538 6
0.0539 5
0.054 5
0.0541 5
0.0542 5
0.0543 5
0.0544 5
0.0545 5
0.0546 5
0.0547 6
0.0548 6
0.0549 6
0.055 6
0.0551 6
0.0552 6
0.0553 6
0.0554 7
0.0555 7
0.0556 7
0.0557 7
0.0558 6
0.0559 6
0.056 6
0.0561 6
0.0562 6
0.0563 6
0.0564 7
0.0565 7
0.0566 7
0.0567 7
0.0568 7
0.0569 7
0.057 7
0.0571 7
0.0572 7
0.0573 7
0.0574 7
0.0575 7
0.0576 7
0.0577 7
0.0578 7
0.0579 6
0.058 6
0.0581 6
0.0582 6
0.0583 6
0.0584 6
0.0585 6
0.0586 5
0.0587 5
0.0588 5
0.0589 5
0.059 5
0.0591 5
0.0592 5
0.0593 5
0.0594 5
0.0595 5
0.0596 5
0.0597 5
0.0598 5
0.0599 5
0.06 5
0.0601 5
0.0602 5
0.0603 5
0.0604 5
0.0605 5
0.0606 5
0.0607 5
0.0608 5
0.0609 5
0.061 5
0.0611 5
0.0612 5
0.0613 5
0.0614 5
0.0615 5
0.0616 5
0.0617 7
0.0618 7
0.0619 7
0.062 7
0.0621 7
0.0622 7
0.0623 7
0.0624 7
0.0625 7
0.0626 7
0.0627 7
0.0628 7
0.0629 7
0.063 7
0.0631 7
0.0632 8
0.0633 8
0.0634 8
0.0635 9
0.0636 9
0.0637 9
0.0638 9
0.0639 9
0.064 9
0.0641 9
0.0642 9
0.0643 9
0.0644 9
0.0645 9
0.0646 9
0.0647 8
0.0648 8
0.0649 8
0.065 8
0.0651 8
0.0652 8
0.0653 8
0.0654 8
0.0655 8
0.0656 7
0.0657 7
0.0658 7
0.0659 7
0.066 7
0.0661 7
0.0662 7
0.0663 7
0.0664 7
0.0665 7
0.0666 7
0.0667 7
0.0668 7
0.0669 7
0.067 7
0.0671 7
0.0672 7
0.0673 7
0.0674 7
0.0675 7
0.0676 7
0.0677 8
0.0678 8
0.0679 8
0.068 8
0.0681 8
0.0682 8
0.0683 8
0.0684 8
0.0685 8
0.0686 8
0.0687 8
0.0688 8
0.0689 8
0.069 8
0.0691 8
0.0692 8
0.0693 8
0.0694 9
0.0695 9
0.0696 9
0.0697 9
0.0698 8
0.0699 8
0.07 8
0.0701 8
0.0702 8
0.0703 8
0.0704 8
0.0705 8
0.0706 9
0.0707 9
0.0708 9
0.0709 9
0.071 8
0.0711 8
0.0712 8
0.0713 8
0.0714 8
0.0715 8
0.0716 8
0.0717 8
0.0718 8
0.0719 8
0.072 8
0.0721 8
0.0722 8
0.0723 8
0.0724 7
0.0725 7
0.0726 7
0.0727 7
0.0728 8
0.0729 8
0.073 8
0.0731 8
0.0732 8
0.0733 8
0.0734 8
0.0735 8
0.0736 9
0.0737 9
0.0738 9
0.0739 10
0.074 10
0.0741 10
0.0742 10
0.0743 10
0.0744 10
0.0745 10
0.0746 10
0.0747 10
0.0748 9
0.0749 9
0.075 9
0.0751 9
0.0752 9
0.0753 9
0.0754 10
0.0755 10
0.0756 9
0.0757 9
0.0758 9
0.0759 9
0.076 9
0.0761 9
0.0762 9
0.0763 9
0.0764 9
0.0765 9
0.0766 9
0.0767 9
0.0768 9
0.0769 9
0.077 9
0.0771 9
0.0772 9
0.0773 9
0.0774 9
0.0775 9
0.0776 9
0.0777 9
0.0778 9
0.0779 9
0.078 10
0.0781 10
0.0782 10
0.0783 10
0.0784 10
0.0785 10
0.0786 10
0.0787 10
0.0788 10
0.0789 10
0.079 10
0.0791 10
0.0792 10
0.0793 10
0.0794 10
0.0795 10
0.0796 10
0.0797 10
0.0798 10
0.0799 10
0.08 10
0.0801 10
0.0802 10
0.0803 10
0.0804 10
0.0805 10
0.0806 10
0.0807 9
0.0808 8
0.0809 8
0.081 8
0.0811 9
0.0812 9
0.0813 8
0.0814 8
0.0815 7
0.0816 7
0.0817 7
0.0818 7
0.0819 7
0.082 7
0.0821 7
0.0822 7
0.0823 7
0.0824 7
0.0825 7
0.0826 7
0.0827 7
0.0828 7
0.0829 7
0.083 7
0.0831 7
0.0832 7
0.0833 7
0.0834 7
0.0835 7
0.0836 7
0.0837 7
0.0838 7
0.0839 7
0.084 7
0.0841 7
0.0842 7
0.0843 7
0.0844 7
0.0845 7
0.0846 7
0.0847 7
0.0848 7
0.0849 7
0.085 7
0.0851 7
0.0852 7
0.0853 7
0.0854 7
0.0855 7
0.0856 7
0.0857 7
0.0858 7
0.0859 7
0.086 7
0.0861 7
0.0862 7
0.0863 8
0.0864 8
0.0865 8
0.0866 8
0.0867 8
0.0868 8
0.0869 8
0.087 7
0.0871 7
0.0872 7
0.0873 6
0.0874 6
0.0875 6
0.0876 6
0.0877 6
0.0878 6
0.0879 6
0.088 6
0.0881 6
0.0882 6
0.0883 6
0.0884 6
0.0885 5
0.0886 5
0.0887 5
0.0888 5
0.0889 5
0.089 5
0.0891 5
0.0892 5
0.0893 5
0.0894 5
0.0895 5
0.0896 5
0.0897 5
0.0898 5
0.0899 4
0.09 4
0.0901 4
0.0902 5
0.0903 5
0.0904 4
0.0905 4
0.0906 4
0.0907 4
0.0908 4
0.0909 4
0.091 4
0.0911 4
0.0912 4
0.0913 5
0.0914 5
0.0915 4
0.0916 4
0.0917 4
0.0918 4
0.0919 4
0.092 4
0.0921 4
0.0922 4
0.0923 4
0.0924 4
0.0925 4
0.0926 5
0.0927 5
0.0928 5
0.0929 5
0.093 5
0.0931 5
0.0932 5
0.0933 5
0.0934 5
0.0935 5
0.0936 5
0.0937 5
0.0938 5
0.0939 5
0.094 5
0.0941 5
0.0942 5
0.0943 5
0.0944 5
0.0945 5
0.0946 5
0.0947 5
0.0948 5
0.0949 5
0.095 5
0.0951 5
0.0952 5
0.0953 5
0.0954 5
0.0955 5
0.0956 5
0.0957 5
0.0958 5
0.0959 5
0.096 4
0.0961 4
0.0962 4
0.0963 4
0.0964 4
0.0965 4
0.0966 4
0.0967 4
0.0968 4
0.0969 3
0.097 3
0.0971 3
0.0972 3
0.0973 3
0.0974 3
0.0975 3
0.0976 3
0.0977 3
0.0978 3
0.0979 3
0.098 4
0.0981 4
0.0982 4
0.0983 4
0.0984 4
0.0985 4
0.0986 4
0.0987 4
0.0988 4
0.0989 4
0.099 3
0.0991 3
0.0992 3
0.0993 3
0.0994 2
0.0995 2
0.0996 2
0.0997 2
0.0998 2
0.0999 2
0.1 2
