0 0
0.0001 0
0.0002 0
0.0003 0
0.0004 0
0.0005 0
0.0006 0
0.0007 0
0.0008 0
0.0009 0
0.001 0
0.0011 0
0.0012 0
0.0013 0
0.0014 1
0.0015 1
0.0016 2
0.0017 3
0.0018 3
0.0019 4
0.002 5
0.0021 6
0.0022 7
0.0023 8
0.0024 9
0.0025 10
0.0026 12
0.0027 13
0.0028 14
0.0029 16
0.003 17
0.0031 19
0.0032 21
0.0033 23
0.0034 25
0.0035 27
0.0036 29
0.0037 31
0.0038 33
0.0039 35
0.004 38
0.0041 39
0.0042 44
0.0043 47
0.0044 49
0.0045 53
0.0046 56
0.0047 60
0.0048 64
0.0049 68
0.005 71
0.0051 75
0.0052 79
0.0053 84
0.0054 87
0.0055 93
0.0056 97
0.0057 101
0.0058 106
0.0059 110
0.006 114
0.0061 119
0.0062 124
0.0063 129
0.0064 134
0.0065 138
0.0066 142
0.0067 147
0.0068 152
0.0069 158
0.007 164
0.0071 169
0.0072 175
0.0073 178
0.0074 185
0.0075 190
0.0076 195
0.0077 201
0.0078 206
0.0079 212
0.008 216
0.0081 222
0.0082 229
0.0083 234
0.0084 240
0.0085 245
0.0086 252
0.0087 258
0.0088 264
0.0089 269
0.009 276
0.0091 280
0.0092 286
0.0093 293
0.0094 300
0.0095 305
0.0096 312
0.0097 318
0.0098 325
0.0099 329
0.01 337
0.0101 343
0.0102 351
0.0103 358
0.0104 365
0.0105 373
0.0106 380
0.0107 388
0.0108 394
0.0109 401
0.011 409
0.0111 416
0.0112 424
0.0113 432
0.0114 440
0.0115 447
0.0116 455
0.0117 462
0.0118 469
0.0119 474
0.012 483
0.0121 492
0.0122 499
0.0123 506
0.0124 514
0.0125 522
0.0126 528
0.0127 537
0.0128 545
0.0129 552
0.013 559
0.0131 566
0.0132 575
0.0133 582
0.0134 590
0.0135 596
0.0136 605
0.0137 613
0.0138 620
0.0139 626
0.014 636
0.0141 644
0.0142 652
0.0143 660
0.0144 667
0.0145 675
0.0146 683
0.0147 691
0.0148 697
0.0149 705
0.015 711
0.0151 717
0.0152 724
0.0153 732
0.0154 740
0.0155 748
0.0156 755
0.0157 766
0.0158 775
0.0159 778
0.016 789
0.0161 797
0.0162 804
0.0163 814
0.0164 822
0.0165 831
0.0166 838
0.0167 844
0.0168 855
0.0169 861
0.017 870
0.0171 876
0.0172 885
0.0173 896
0.0174 901
0.0175 913
0.0176 922
0.0177 930
0.0178 935
0.0179 945
0.018 954
0.0181 960
0.0182 971
0.0183 977
0.0184 986
0.0185 992
0.0186 998
0.0187 1007
0.0188 1016
0.0189 1022
0.019 1032
0.0191 1039
0.0192 1047
0.0193 1050
0.0194 1060
0.0195 1068
0.0196 1076
0.0197 1083
0.0198 1092
0.0199 1100
0.02 1107
0.0201 1117
0.0202 1124
0.0203 1135
0.0204 1143
0.0205 1152
0.0206 1159
0.0207 1164
0.0208 1175
0.0209 1185
0.021 1192
0.0211 1201
0.0212 1210
0.0213 1219
0.0214 1224
0.0215 1236
0.0216 1244
0.0217 1255
0.0218 1263
0.0219 1272
0.022 1282
0.0221 1289
0.0222 1300
0.0223 1305
0.0224 1315
0.0225 1325
0.0226 1335
0.0227 1344
0.0228 1352
0.0229 1362
0.023 1371
0.0231 1381
0.0232 1389
0.0233 1396
0.0234 1404
0.0235 1418
0.0236 1429
0.0237 1436
0.0238 1448
0.0239 1455
0.024 1465
0.0241 1477
0.0242 1488
0.0243 1495
0.0244 1500
0.0245 1513
0.0246 1520
0.0247 1535
0.0248 1543
0.0249 1546
0.025 1560
0.0251 1565
0.0252 1577
0.0253 1588
0.0254 1595
0.0255 1603
0.0256 1613
0.0257 1625
0.0258 1635
0.0259 1639
0.026 1653
0.0261 1655
0.0262 1668
0.0263 1678
0.0264 1686
0.0265 1697
0.0266 1705
0.0267 1711
0.0268 1723
0.0269 1729
0.027 1736
0.0271 1751
0.0272 1752
0.0273 1762
0.0274 1777
0.0275 1775
0.0276 1792
0.0277 1801
0.0278 1807
0.0279 1808
0.028 1819
0.0281 1834
0.0282 1833
0.0283 1841
0.0284 1859
0.0285 1856
0.0286 1861
0.0287 1877
0.0288 1875
0.0289 1883
0.029 1886
0.0291 1876
0.0292 1872
0.0293 1854
0.0294 1826
0.0295 1801
0.0296 1785
0.0297 1759
0.0298 1735
0.0299 1709
0.03 1675
0.0301 1642
0.0302 1624
0.0303 1598
0.0304 1567
0.0305 1521
0.0306 1489
0.0307 1469
0.0308 1441
0.0309 1420
0.031 1398
0.0311 1369
0.0312 1338
0.0313 1309
0.0314 1284
0.0315 1258
0.0316 1242
0.0317 1211
0.0318 1191
0.0319 1165
0.032 1159
0.0321 1146
0.0322 1134
0.0323 1105
0.0324 1086
0.0325 1080
0.0326 1065
0.0327 1050
0.0328 1035
0.0329 1023
0.033 1002
0.0331 982
0.0332 968
0.0333 951
0.0334 935
0.0335 921
0.0336 906
0.0337 889
0.0338 892
0.0339 878
0.034 868
0.0341 857
0.0342 840
0.0343 832
0.0344 821
0.0345 801
0.0346 787
0.0347 783
0.0348 762
0.0349 747
0.035 735
0.0351 721
0.0352 696
0.0353 680
0.0354 669
0.0355 654
0.0356 659
0.0357 649
0.0358 643
0.0359 629
0.036 615
0.0361 598
0.0362 587
0.0363 575
0.0364 570
0.0365 561
0.0366 553
0.0367 548
0.0368 543
0.0369 524
0.037 523
0.0371 512
0.0372 498
0.0373 491
0.0374 480
0.0375 480
0.0376 478
0.0377 469
0.0378 461
0.0379 449
0.038 442
0.0381 427
0.0382 421
0.0383 419
0.0384 410
0.0385 400
0.0386 394
0.0387 388
0.0388 377
0.0389 381
0.039 374
0.0391 375
0.0392 359
0.0393 354
0.0394 346
0.0395 338
0.0396 331
0.0397 324
0.0398 314
0.0399 305
0.04 298
0.0401 286
0.0402 277
0.0403 275
0.0404 272
0.0405 278
0.0406 276
0.0407 277
0.0408 285
0.0409 278
0.041 276
0.0411 282
0.0412 289
0.0413 294
0.0414 299
0.0415 296
0.0416 288
0.0417 290
0.0418 288
0.0419 286
0.042 278
0.0421 279
0.0422 279
0.0423 279
0.0424 275
0.0425 275
0.0426 274
0.0427 269
0.0428 262
0.0429 251
0.043 245
0.0431 246
0.0432 245
0.0433 239
0.0434 244
0.0435 242
0.0436 242
0.0437 245
0.0438 250
0.0439 248
0.044 254
0.0441 251
0.0442 253
0.0443 252
0.0444 252
0.0445 251
0.0446 245
0.0447 234
0.0448 230
0.0449 224
0.045 217
0.0451 213
0.0452 209
0.0453 209
0.0454 208
0.0455 201
0.0456 204
0.0457 202
0.0458 194
0.0459 195
0.046 195
0.0461 195
0.0462 193
0.0463 188
0.0464 188
0.0465 190
0.0466 190
0.0467 195
0.0468 196
0.0469 198
0.047 197
0.0471 194
0.0472 190
0.0473 185
0.0474 184
0.0475 186
0.0476 190
0.0477 195
0.0478 197
0.0479 203
0.048 201
0.0481 209
0.0482 209
0.0483 211
0.0484 214
0.0485 213
0.0486 211
0.0487 213
0.0488 215
0.0489 224
0.049 225
0.0491 226
0.0492 232
0.0493 238
0.0494 237
0.0495 241
0.0496 236
0.0497 242
0.0498 254
0.0499 251
0.05 248
0.0501 247
0.0502 244
0.0503 242
0.0504 240
0.0505 242
0.0506 243
0.0507 235
0.0508 238
0.0509 233
0.051 229
0.0511 228
0.0512 228
0.0513 228
0.0514 227
0.0515 228
0.0516 228
0.0517 238
0.0518 247
0.0519 256
0.052 263
0.0521 269
0.0522 272
0.0523 274
0.0524 278
0.0525 283
0.0526 285
0.0527 288
0.0528 290
0.0529 290
0.053 290
0.0531 299
0.0532 302
0.0533 301
0.0534 298
0.0535 300
0.0536 304
0.0537 307
0.0538 315
0.0539 316
0.054 310
0.0541 304
0.0542 303
0.0543 296
0.0544 293
0.0545 289
0.0546 284
0.0547 277
0.0548 269
0.0549 269
0.055 268
0.0551 266
0.0552 262
0.0553 255
0.0554 249
0.0555 247
0.0556 242
0.0557 247
0.0558 245
0.0559 241
0.056 238
0.0561 238
0.0562 236
0.0563 239
0.0564 246
0.0565 251
0.0566 255
0.0567 268
0.0568 276
0.0569 290
0.057 295
0.0571 292
0.0572 294
0.0573 308
0.0574 309
0.0575 321
0.0576 342
0.0577 357
0.0578 369
0.0579 374
0.058 387
0.0581 384
0.0582 389
0.0583 382
0.0584 378
0.0585 372
0.0586 364
0.0587 354
0.0588 351
0.0589 349
0.059 339
0.0591 336
0.0592 331
0.0593 332
0.0594 331
0.0595 329
0.0596 328
0.0597 324
0.0598 332
0.0599 338
0.06 350
0.0601 351
0.0602 356
0.0603 364
0.0604 365
0.0605 372
0.0606 381
0.0607 379
0.0608 384
0.0609 381
0.061 379
0.0611 373
0.0612 368
0.0613 367
0.0614 368
0.0615 363
0.0616 363
0.0617 361
0.0618 359
0.0619 354
0.062 363
0.0621 358
0.0622 352
0.0623 360
0.0624 362
0.0625 360
0.0626 358
0.0627 358
0.0628 360
0.0629 356
0.063 353
0.0631 350
0.0632 348
0.0633 342
0.0634 349
0.0635 345
0.0636 338
0.0637 336
0.0638 335
0.0639 324
0.064 318
0.0641 314
0.0642 306
0.0643 300
0.0644 303
0.0645 299
0.0646 299
0.0647 296
0.0648 297
0.0649 296
0.065 294
0.0651 298
0.0652 298
0.0653 304
0.0654 331
0.0655 360
0.0656 401
0.0657 448
0.0658 487
0.0659 520
0.066 527
0.0661 535
0.0662 536
0.0663 539
0.0664 547
0.0665 553
0.0666 557
0.0667 555
0.0668 558
0.0669 571
0.067 592
0.0671 610
0.0672 635
0.0673 663
0.0674 678
0.0675 679
0.0676 687
0.0677 685
0.0678 685
0.0679 684
0.068 699
0.0681 695
0.0682 704
0.0683 707
0.0684 708
0.0685 711
0.0686 713
0.0687 709
0.0688 713
0.0689 711
0.069 714
0.0691 715
0.0692 716
0.0693 716
0.0694 721
0.0695 719
0.0696 722
0.0697 726
0.0698 725
0.0699 726
0.07 728
0.0701 733
0.0702 734
0.0703 735
0.0704 742
0.0705 747
0.0706 750
0.0707 748
0.0708 756
0.0709 756
0.071 758
0.0711 765
0.0712 764
0.0713 769
0.0714 776
0.0715 778
0.0716 781
0.0717 782
0.0718 785
0.0719 788
0.072 792
0.0721 797
0.0722 797
0.0723 801
0.0724 806
0.0725 809
0.0726 811
0.0727 813
0.0728 820
0.0729 823
0.073 826
0.0731 832
0.0732 836
0.0733 838
0.0734 844
0.0735 847
0.0736 850
0.0737 856
0.0738 859
0.0739 865
0.074 870
0.0741 873
0.0742 877
0.0743 882
0.0744 886
0.0745 891
0.0746 896
0.0747 900
0.0748 905
0.0749 909
0.075 912
0.0751 920
0.0752 922
0.0753 929
0.0754 935
0.0755 941
0.0756 948
0.0757 952
0.0758 962
0.0759 966
0.076 974
0.0761 981
0.0762 987
0.0763 997
0.0764 1002
0.0765 1009
0.0766 1017
0.0767 1021
0.0768 1030
0.0769 1038
0.077 1042
0.0771 1052
0.0772 1059
0.0773 1065
0.0774 1074
0.0775 1080
0.0776 1089
0.0777 1094
0.0778 1105
0.0779 1111
0.078 1119
0.0781 1127
0.0782 1136
0.0783 1144
0.0784 1151
0.0785 1159
0.0786 1166
0.0787 1173
0.0788 1181
0.0789 1188
0.079 1198
0.0791 1204
0.0792 1208
0.0793 1218
0.0794 1227
0.0795 1235
0.0796 1241
0.0797 1246
0.0798 1254
0.0799 1261
0.08 1266
0.0801 1274
0.0802 1281
0.0803 1289
0.0804 1297
0.0805 1301
0.0806 1311
0.0807 1320
0.0808 1326
0.0809 1331
0.081 1338
0.0811 1348
0.0812 1353
0.0813 1363
0.0814 1368
0.0815 1378
0.0816 1380
0.0817 1389
0.0818 1400
0.0819 1408
0.082 1411
0.0821 1423
0.0822 1433
0.0823 1438
0.0824 1442
0.0825 1450
0.0826 1461
0.0827 1466
0.0828 1477
0.0829 1483
0.083 1491
0.0831 1500
0.0832 1504
0.0833 1512
0.0834 1521
0.0835 1524
0.0836 1532
0.0837 1544
0.0838 1552
0.0839 1559
0.084 1568
0.0841 1577
0.0842 1582
0.0843 1595
0.0844 1600
0.0845 1606
0.0846 1610
0.0847 1616
0.0848 1627
0.0849 1641
0.085 1640
0.0851 1645
0.0852 1659
0.0853 1656
0.0854 1669
0.0855 1673
0.0856 1688
0.0857 1686
0.0858 1692
0.0859 1697
0.086 1712
0.0861 1718
0.0862 1716
0.0863 1707
0.0864 1716
0.0865 1735
0.0866 1726
0.0867 1746
0.0868 1745
0.0869 1756
0.087 1758
0.0871 1758
0.0872 1767
0.0873 1775
0.0874 1783
0.0875 1786
0.0876 1778
0.0877 1782
0.0878 1786
0.0879 1793
0.088 1779
0.0881 1768
0.0882 1749
0.0883 1726
0.0884 1700
0.0885 1679
0.0886 1657
0.0887 1639
0.0888 1602
0.0889 1562
0.089 1533
0.0891 1483
0.0892 1443
0.0893 1411
0.0894 1378
0.0895 1338
0.0896 1315
0.0897 1286
0.0898 1256
0.0899 1248
0.09 1233
0.0901 1220
0.0902 1197
0.0903 1178
0.0904 1159
0.0905 1133
0.0906 1114
0.0907 1099
0.0908 1087
0.0909 1066
0.091 1036
0.0911 1022
0.0912 1010
0.0913 1000
0.0914 999
0.0915 995
0.0916 1006
0.0917 1037
0.0918 1043
0.0919 1028
0.092 1034
0.0921 1029
0.0922 1025
0.0923 1014
0.0924 994
0.0925 981
0.0926 968
0.0927 964
0.0928 962
0.0929 942
0.093 932
0.0931 915
0.0932 895
0.0933 883
0.0934 867
0.0935 848
0.0936 825
0.0937 807
0.0938 791
0.0939 770
0.094 764
0.0941 749
0.0942 734
0.0943 719
0.0944 696
0.0945 679
0.0946 665
0.0947 652
0.0948 649
0.0949 637
0.095 628
0.0951 615
0.0952 606
0.0953 594
0.0954 580
0.0955 558
0.0956 539
0.0957 527
0.0958 510
0.0959 504
0.096 493
0.0961 476
0.0962 474
0.0963 464
0.0964 449
0.0965 439
0.0966 434
0.0967 424
0.0968 415
0.0969 412
0.097 409
0.0971 409
0.0972 405
0.0973 405
0.0974 403
0.0975 405
0.0976 418
0.0977 437
0.0978 457
0.0979 465
0.098 478
0.0981 494
0.0982 488
0.0983 492
0.0984 488
0.0985 482
0.0986 478
0.0987 476
0.0988 469
0.0989 467
0.099 455
0.0991 448
0.0992 440
0.0993 425
0.0994 418
0.0995 408
0.0996 399
0.0997 391
0.0998 392
0.0999 389
0.1 388
0.1001 380
0.1002 374
0.1003 366
0.1004 363
0.1005 353
0.1006 349
0.1007 350
0.1008 353
0.1009 350
0.101 351
0.1011 347
0.1012 349
0.1013 349
0.1014 348
0.1015 346
0.1016 333
0.1017 329
0.1018 324
0.1019 322
0.102 316
0.1021 318
0.1022 309
0.1023 302
0.1024 300
0.1025 303
0.1026 305
0.1027 301
0.1028 301
0.1029 294
0.103 296
0.1031 297
0.1032 298
0.1033 301
0.1034 292
0.1035 285
0.1036 283
0.1037 282
0.1038 284
0.1039 279
0.104 275
0.1041 270
0.1042 273
0.1043 280
0.1044 281
0.1045 280
0.1046 279
0.1047 271
0.1048 269
0.1049 263
0.105 264
0.1051 264
0.1052 265
0.1053 259
0.1054 253
0.1055 255
0.1056 250
0.1057 254
0.1058 250
0.1059 254
0.106 250
0.1061 246
0.1062 245
0.1063 243
0.1064 246
0.1065 247
0.1066 246
0.1067 251
0.1068 258
0.1069 260
0.107 264
0.1071 271
0.1072 279
0.1073 295
0.1074 298
0.1075 296
0.1076 302
0.1077 297
0.1078 306
0.1079 321
0.108 331
0.1081 346
0.1082 368
0.1083 400
0.1084 421
0.1085 460
0.1086 505
0.1087 536
0.1088 567
0.1089 582
0.109 598
0.1091 608
0.1092 613
0.1093 615
0.1094 629
0.1095 640
0.1096 663
0.1097 685
0.1098 708
0.1099 734
0.11 732
0.1101 727
0.1102 718
0.1103 710
0.1104 709
0.1105 704
0.1106 688
0.1107 673
0.1108 676
0.1109 678
0.111 679
0.1111 670
0.1112 667
0.1113 662
0.1114 670
0.1115 673
0.1116 653
0.1117 652
0.1118 644
0.1119 641
0.112 631
0.1121 621
0.1122 623
0.1123 622
0.1124 631
0.1125 643
0.1126 668
0.1127 699
0.1128 719
0.1129 742
0.113 772
0.1131 795
0.1132 811
0.1133 810
0.1134 808
0.1135 810
0.1136 803
0.1137 793
0.1138 785
0.1139 791
0.114 776
0.1141 763
0.1142 760
0.1143 760
0.1144 748
0.1145 745
0.1146 744
0.1147 739
0.1148 731
0.1149 728
0.115 713
0.1151 697
0.1152 679
0.1153 685
0.1154 683
0.1155 672
0.1156 662
0.1157 645
0.1158 645
0.1159 628
0.116 619
0.1161 612
0.1162 594
0.1163 587
0.1164 576
0.1165 565
0.1166 559
0.1167 555
0.1168 550
0.1169 555
0.117 549
0.1171 534
0.1172 524
0.1173 512
0.1174 508
0.1175 496
0.1176 491
0.1177 475
0.1178 470
0.1179 463
0.118 455
0.1181 447
0.1182 441
0.1183 439
0.1184 433
0.1185 432
0.1186 422
0.1187 417
0.1188 417
0.1189 411
0.119 400
0.1191 401
0.1192 394
0.1193 397
0.1194 383
0.1195 379
0.1196 379
0.1197 371
0.1198 364
0.1199 374
0.12 386
0.1201 381
0.1202 375
0.1203 376
0.1204 375
0.1205 380
0.1206 385
0.1207 385
0.1208 385
0.1209 384
0.121 374
0.1211 369
0.1212 369
0.1213 365
0.1214 362
0.1215 362
0.1216 353
0.1217 357
0.1218 348
0.1219 350
0.122 342
0.1221 343
0.1222 339
0.1223 334
0.1224 338
0.1225 334
0.1226 341
0.1227 354
0.1228 375
0.1229 396
0.123 422
0.1231 432
0.1232 440
0.1233 442
0.1234 442
0.1235 444
0.1236 443
0.1237 448
0.1238 444
0.1239 445
0.124 454
0.1241 464
0.1242 486
0.1243 483
0.1244 476
0.1245 472
0.1246 472
0.1247 472
0.1248 464
0.1249 461
0.125 453
0.1251 456
0.1252 448
0.1253 447
0.1254 441
0.1255 437
0.1256 432
0.1257 429
0.1258 421
0.1259 414
0.126 409
0.1261 402
0.1262 404
0.1263 402
0.1264 403
0.1265 402
0.1266 398
0.1267 399
0.1268 401
0.1269 413
0.127 428
0.1271 443
0.1272 460
0.1273 484
0.1274 498
0.1275 517
0.1276 521
0.1277 529
0.1278 541
0.1279 536
0.128 533
0.1281 533
0.1282 531
0.1283 530
0.1284 520
0.1285 515
0.1286 514
0.1287 508
0.1288 506
0.1289 503
0.129 490
0.1291 478
0.1292 471
0.1293 463
0.1294 456
0.1295 452
0.1296 449
0.1297 447
0.1298 450
0.1299 446
0.13 437
0.1301 431
0.1302 432
0.1303 431
0.1304 426
0.1305 430
0.1306 444
0.1307 462
0.1308 484
0.1309 485
0.131 490
0.1311 491
0.1312 496
0.1313 497
0.1314 501
0.1315 498
0.1316 505
0.1317 497
0.1318 491
0.1319 487
0.132 481
0.1321 472
0.1322 464
0.1323 457
0.1324 449
0.1325 437
0.1326 425
0.1327 409
0.1328 404
0.1329 393
0.133 392
0.1331 390
0.1332 390
0.1333 387
0.1334 395
0.1335 399
0.1336 406
0.1337 412
0.1338 405
0.1339 403
0.134 396
0.1341 389
0.1342 384
0.1343 387
0.1344 384
0.1345 381
0.1346 375
0.1347 372
0.1348 376
0.1349 377
0.135 370
0.1351 369
0.1352 367
0.1353 366
0.1354 366
0.1355 377
0.1356 388
0.1357 404
0.1358 405
0.1359 412
0.136 426
0.1361 440
0.1362 426
0.1363 424
0.1364 418
0.1365 419
0.1366 423
0.1367 422
0.1368 417
0.1369 403
0.137 395
0.1371 386
0.1372 378
0.1373 380
0.1374 380
0.1375 382
0.1376 387
0.1377 380
0.1378 371
0.1379 374
0.138 376
0.1381 371
0.1382 366
0.1383 370
0.1384 372
0.1385 366
0.1386 369
0.1387 373
0.1388 368
0.1389 381
0.139 388
0.1391 397
0.1392 397
0.1393 399
0.1394 403
0.1395 395
0.1396 394
0.1397 394
0.1398 385
0.1399 383
0.14 382
0.1401 371
0.1402 361
0.1403 353
0.1404 353
0.1405 353
0.1406 358
0.1407 357
0.1408 364
0.1409 356
0.141 356
0.1411 355
0.1412 357
0.1413 350
0.1414 338
0.1415 328
0.1416 322
0.1417 320
0.1418 319
0.1419 353
0.142 379
0.1421 392
0.1422 407
0.1423 411
0.1424 413
0.1425 415
0.1426 417
0.1427 424
0.1428 425
0.1429 427
0.143 434
0.1431 438
0.1432 434
0.1433 429
0.1434 423
0.1435 413
0.1436 411
0.1437 425
0.1438 460
0.1439 489
0.144 513
0.1441 555
0.1442 569
0.1443 581
0.1444 594
0.1445 588
0.1446 588
0.1447 590
0.1448 595
0.1449 595
0.145 593
0.1451 598
0.1452 599
0.1453 599
0.1454 600
0.1455 600
0.1456 603
0.1457 602
0.1458 603
0.1459 607
0.146 606
0.1461 609
0.1462 610
0.1463 610
0.1464 613
0.1465 616
0.1466 618
0.1467 620
0.1468 621
0.1469 625
0.147 627
0.1471 631
0.1472 633
0.1473 633
0.1474 639
0.1475 642
0.1476 642
0.1477 646
0.1478 649
0.1479 655
0.148 656
0.1481 660
0.1482 662
0.1483 668
0.1484 672
0.1485 676
0.1486 677
0.1487 685
0.1488 689
0.1489 692
0.149 697
0.1491 700
0.1492 707
0.1493 709
0.1494 714
0.1495 719
0.1496 723
0.1497 729
0.1498 737
0.1499 741
0.15 744
0.1501 749
0.1502 756
0.1503 760
0.1504 767
0.1505 768
0.1506 775
0.1507 779
0.1508 785
0.1509 790
0.151 795
0.1511 800
0.1512 806
0.1513 811
0.1514 816
0.1515 821
0.1516 828
0.1517 833
0.1518 836
0.1519 843
0.152 848
0.1521 855
0.1522 859
0.1523 865
0.1524 871
0.1525 877
0.1526 882
0.1527 889
0.1528 895
0.1529 900
0.153 904
0.1531 912
0.1532 916
0.1533 922
0.1534 929
0.1535 935
0.1536 940
0.1537 945
0.1538 951
0.1539 958
0.154 966
0.1541 970
0.1542 978
0.1543 982
0.1544 989
0.1545 994
0.1546 1000
0.1547 1007
0.1548 1011
0.1549 1020
0.155 1025
0.1551 1031
0.1552 1038
0.1553 1040
0.1554 1047
0.1555 1052
0.1556 1062
0.1557 1067
0.1558 1074
0.1559 1079
0.156 1086
0.1561 1090
0.1562 1092
0.1563 1098
0.1564 1111
0.1565 1114
0.1566 1122
0.1567 1128
0.1568 1138
0.1569 1143
0.157 1148
0.1571 1160
0.1572 1165
0.1573 1173
0.1574 1178
0.1575 1186
0.1576 1192
0.1577 1199
0.1578 1210
0.1579 1218
0.158 1227
0.1581 1232
0.1582 1241
0.1583 1246
0.1584 1256
0.1585 1263
0.1586 1268
0.1587 1277
0.1588 1285
0.1589 1290
0.159 1297
0.1591 1306
0.1592 1313
0.1593 1319
0.1594 1327
0.1595 1328
0.1596 1341
0.1597 1350
0.1598 1354
0.1599 1361
0.16 1371
0.1601 1371
0.1602 1379
0.1603 1387
0.1604 1396
0.1605 1404
0.1606 1408
0.1607 1421
0.1608 1426
0.1609 1434
0.161 1441
0.1611 1443
0.1612 1456
0.1613 1464
0.1614 1472
0.1615 1486
0.1616 1489
0.1617 1501
0.1618 1508
0.1619 1518
0.162 1527
0.1621 1536
0.1622 1540
0.1623 1555
0.1624 1563
0.1625 1571
0.1626 1582
0.1627 1588
0.1628 1601
0.1629 1613
0.163 1615
0.1631 1635
0.1632 1644
0.1633 1654
0.1634 1666
0.1635 1673
0.1636 1677
0.1637 1695
0.1638 1700
0.1639 1710
0.164 1719
0.1641 1730
0.1642 1738
0.1643 1751
0.1644 1756
0.1645 1770
0.1646 1779
0.1647 1786
0.1648 1798
0.1649 1805
0.165 1812
0.1651 1829
0.1652 1834
0.1653 1847
0.1654 1856
0.1655 1863
0.1656 1876
0.1657 1881
0.1658 1895
0.1659 1895
0.166 1907
0.1661 1913
0.1662 1926
0.1663 1931
0.1664 1943
0.1665 1950
0.1666 1964
0.1667 1963
0.1668 1970
0.1669 1979
0.167 1987
0.1671 1998
0.1672 1999
0.1673 2012
0.1674 2014
0.1675 2017
0.1676 2032
0.1677 2033
0.1678 2044
0.1679 2046
0.168 2055
0.1681 2048
0.1682 2030
0.1683 1998
0.1684 1969
0.1685 1931
0.1686 1897
0.1687 1841
0.1688 1804
0.1689 1782
0.169 1748
0.1691 1720
0.1692 1694
0.1693 1664
0.1694 1619
0.1695 1581
0.1696 1539
0.1697 1514
0.1698 1472
0.1699 1434
0.17 1404
0.1701 1378
0.1702 1343
0.1703 1320
0.1704 1289
0.1705 1262
0.1706 1228
0.1707 1195
0.1708 1174
0.1709 1145
0.171 1122
0.1711 1098
0.1712 1088
0.1713 1067
0.1714 1061
0.1715 1041
0.1716 1019
0.1717 1009
0.1718 1013
0.1719 1018
0.172 1022
0.1721 1019
0.1722 1024
0.1723 1011
0.1724 1002
0.1725 990
0.1726 979
0.1727 968
0.1728 964
0.1729 957
0.173 958
0.1731 950
0.1732 946
0.1733 938
0.1734 919
0.1735 908
0.1736 886
0.1737 860
0.1738 836
0.1739 825
0.174 808
0.1741 797
0.1742 782
0.1743 777
0.1744 772
0.1745 764
0.1746 764
0.1747 752
0.1748 746
0.1749 735
0.175 721
0.1751 711
0.1752 697
0.1753 685
0.1754 671
0.1755 662
0.1756 652
0.1757 632
0.1758 619
0.1759 619
0.176 608
0.1761 595
0.1762 593
0.1763 587
0.1764 577
0.1765 567
0.1766 563
0.1767 545
0.1768 535
0.1769 525
0.177 520
0.1771 513
0.1772 507
0.1773 496
0.1774 491
0.1775 489
0.1776 485
0.1777 476
0.1778 472
0.1779 472
0.178 466
0.1781 453
0.1782 452
0.1783 439
0.1784 434
0.1785 418
0.1786 417
0.1787 413
0.1788 409
0.1789 403
0.179 403
0.1791 413
0.1792 409
0.1793 404
0.1794 397
0.1795 391
0.1796 391
0.1797 380
0.1798 372
0.1799 368
0.18 366
0.1801 364
0.1802 357
0.1803 356
0.1804 351
0.1805 348
0.1806 346
0.1807 343
0.1808 342
0.1809 336
0.181 336
0.1811 332
0.1812 330
0.1813 330
0.1814 318
0.1815 314
0.1816 307
0.1817 300
0.1818 294
0.1819 287
0.182 282
0.1821 282
0.1822 276
0.1823 277
0.1824 274
0.1825 271
0.1826 265
0.1827 255
0.1828 254
0.1829 258
0.183 251
0.1831 259
0.1832 266
0.1833 261
0.1834 263
0.1835 261
0.1836 260
0.1837 266
0.1838 266
0.1839 269
0.184 269
0.1841 276
0.1842 272
0.1843 278
0.1844 275
0.1845 290
0.1846 288
0.1847 293
0.1848 299
0.1849 296
0.185 294
0.1851 298
0.1852 292
0.1853 295
0.1854 289
0.1855 290
0.1856 286
0.1857 290
0.1858 293
0.1859 292
0.186 296
0.1861 288
0.1862 284
0.1863 280
0.1864 280
0.1865 276
0.1866 278
0.1867 278
0.1868 276
0.1869 275
0.187 269
0.1871 267
0.1872 263
0.1873 256
0.1874 253
0.1875 263
0.1876 260
0.1877 264
0.1878 260
0.1879 269
0.188 290
0.1881 311
0.1882 338
0.1883 362
0.1884 405
0.1885 437
0.1886 461
0.1887 472
0.1888 478
0.1889 487
0.189 490
0.1891 496
0.1892 498
0.1893 511
0.1894 509
0.1895 510
0.1896 511
0.1897 515
0.1898 512
0.1899 512
0.19 513
0.1901 515
0.1902 512
0.1903 507
0.1904 507
0.1905 514
0.1906 505
0.1907 502
0.1908 494
0.1909 487
0.191 475
0.1911 462
0.1912 455
0.1913 447
0.1914 440
0.1915 426
0.1916 424
0.1917 417
0.1918 410
0.1919 402
0.192 394
0.1921 388
0.1922 386
0.1923 389
0.1924 387
0.1925 377
0.1926 382
0.1927 385
0.1928 387
0.1929 388
0.193 390
0.1931 395
0.1932 401
0.1933 410
0.1934 410
0.1935 401
0.1936 405
0.1937 400
0.1938 397
0.1939 400
0.194 397
0.1941 398
0.1942 399
0.1943 395
0.1944 388
0.1945 385
0.1946 384
0.1947 386
0.1948 385
0.1949 390
0.195 385
0.1951 383
0.1952 376
0.1953 373
0.1954 365
0.1955 363
0.1956 359
0.1957 346
0.1958 344
0.1959 337
0.196 335
0.1961 333
0.1962 326
0.1963 324
0.1964 331
0.1965 329
0.1966 323
0.1967 318
0.1968 313
0.1969 306
0.197 302
0.1971 294
0.1972 292
0.1973 297
0.1974 300
0.1975 299
0.1976 307
0.1977 307
0.1978 311
0.1979 312
0.198 318
0.1981 317
0.1982 310
0.1983 314
0.1984 321
0.1985 322
0.1986 321
0.1987 325
0.1988 320
0.1989 316
0.199 313
0.1991 309
0.1992 309
0.1993 308
0.1994 311
0.1995 317
0.1996 319
0.1997 326
0.1998 321
0.1999 317
0.2 313
0.2001 303
0.2002 307
0.2003 318
0.2004 330
0.2005 365
0.2006 406
0.2007 436
0.2008 474
0.2009 503
0.201 516
0.2011 529
0.2012 522
0.2013 528
0.2014 522
0.2015 530
0.2016 524
0.2017 514
0.2018 506
0.2019 490
0.202 484
0.2021 483
0.2022 498
0.2023 523
0.2024 541
0.2025 545
0.2026 536
0.2027 537
0.2028 537
0.2029 531
0.203 521
0.2031 515
0.2032 506
0.2033 495
0.2034 498
0.2035 514
0.2036 522
0.2037 523
0.2038 518
0.2039 518
0.204 512
0.2041 502
0.2042 493
0.2043 491
0.2044 482
0.2045 483
0.2046 481
0.2047 473
0.2048 469
0.2049 459
0.205 452
0.2051 438
0.2052 435
0.2053 425
0.2054 417
0.2055 405
0.2056 394
0.2057 387
0.2058 391
0.2059 386
0.206 386
0.2061 379
0.2062 378
0.2063 374
0.2064 372
0.2065 376
0.2066 375
0.2067 370
0.2068 369
0.2069 369
0.207 365
0.2071 368
0.2072 380
0.2073 396
0.2074 420
0.2075 445
0.2076 482
0.2077 514
0.2078 539
0.2079 561
0.208 569
0.2081 574
0.2082 583
0.2083 586
0.2084 575
0.2085 567
0.2086 556
0.2087 540
0.2088 523
0.2089 512
0.209 497
0.2091 494
0.2092 487
0.2093 482
0.2094 481
0.2095 473
0.2096 463
0.2097 461
0.2098 460
0.2099 453
0.21 448
0.2101 455
0.2102 468
0.2103 475
0.2104 480
0.2105 472
0.2106 468
0.2107 460
0.2108 455
0.2109 451
0.211 449
0.2111 450
0.2112 439
0.2113 437
0.2114 430
0.2115 423
0.2116 427
0.2117 443
0.2118 463
0.2119 472
0.212 485
0.2121 488
0.2122 491
0.2123 480
0.2124 472
0.2125 468
0.2126 458
0.2127 456
0.2128 446
0.2129 448
0.213 443
0.2131 450
0.2132 467
0.2133 475
0.2134 485
0.2135 509
0.2136 549
0.2137 576
0.2138 608
0.2139 621
0.214 635
0.2141 644
0.2142 650
0.2143 645
0.2144 646
0.2145 649
0.2146 643
0.2147 642
0.2148 643
0.2149 646
0.215 641
0.2151 638
0.2152 629
0.2153 625
0.2154 612
0.2155 607
0.2156 606
0.2157 608
0.2158 605
0.2159 597
0.216 599
0.2161 586
0.2162 576
0.2163 554
0.2164 544
0.2165 534
0.2166 525
0.2167 519
0.2168 509
0.2169 501
0.217 497
0.2171 487
0.2172 470
0.2173 468
0.2174 458
0.2175 452
0.2176 446
0.2177 441
0.2178 446
0.2179 443
0.218 447
0.2181 453
0.2182 474
0.2183 504
0.2184 523
0.2185 543
0.2186 550
0.2187 548
0.2188 546
0.2189 559
0.219 575
0.2191 596
0.2192 623
0.2193 644
0.2194 660
0.2195 669
0.2196 665
0.2197 669
0.2198 674
0.2199 673
0.22 679
0.2201 675
0.2202 681
0.2203 683
0.2204 682
0.2205 683
0.2206 689
0.2207 685
0.2208 688
0.2209 686
0.221 688
0.2211 691
0.2212 692
0.2213 695
0.2214 697
0.2215 698
0.2216 697
0.2217 698
0.2218 700
0.2219 703
0.222 704
0.2221 706
0.2222 709
0.2223 706
0.2224 710
0.2225 710
0.2226 715
0.2227 718
0.2228 720
0.2229 722
0.223 726
0.2231 728
0.2232 731
0.2233 737
0.2234 736
0.2235 742
0.2236 746
0.2237 752
0.2238 750
0.2239 758
0.224 760
0.2241 764
0.2242 767
0.2243 771
0.2244 774
0.2245 780
0.2246 785
0.2247 787
0.2248 795
0.2249 798
0.225 801
0.2251 804
0.2252 810
0.2253 813
0.2254 819
0.2255 823
0.2256 827
0.2257 831
0.2258 834
0.2259 841
0.226 845
0.2261 849
0.2262 852
0.2263 856
0.2264 860
0.2265 865
0.2266 867
0.2267 875
0.2268 875
0.2269 883
0.227 885
0.2271 892
0.2272 896
0.2273 904
0.2274 907
0.2275 914
0.2276 922
0.2277 924
0.2278 929
0.2279 936
0.228 944
0.2281 946
0.2282 953
0.2283 958
0.2284 964
0.2285 969
0.2286 975
0.2287 981
0.2288 984
0.2289 991
0.229 994
0.2291 1003
0.2292 1008
0.2293 1016
0.2294 1020
0.2295 1028
0.2296 1032
0.2297 1042
0.2298 1048
0.2299 1055
0.23 1059
0.2301 1066
0.2302 1075
0.2303 1082
0.2304 1089
0.2305 1096
0.2306 1103
0.2307 1108
0.2308 1118
0.2309 1125
0.231 1131
0.2311 1136
0.2312 1143
0.2313 1150
0.2314 1157
0.2315 1162
0.2316 1169
0.2317 1179
0.2318 1184
0.2319 1190
0.232 1200
0.2321 1205
0.2322 1212
0.2323 1217
0.2324 1226
0.2325 1231
0.2326 1240
0.2327 1243
0.2328 1249
0.2329 1256
0.233 1264
0.2331 1270
0.2332 1277
0.2333 1289
0.2334 1295
0.2335 1304
0.2336 1307
0.2337 1318
0.2338 1321
0.2339 1331
0.234 1337
0.2341 1344
0.2342 1354
0.2343 1361
0.2344 1367
0.2345 1373
0.2346 1381
0.2347 1387
0.2348 1392
0.2349 1400
0.235 1408
0.2351 1410
0.2352 1419
0.2353 1427
0.2354 1433
0.2355 1438
0.2356 1444
0.2357 1452
0.2358 1455
0.2359 1466
0.236 1470
0.2361 1479
0.2362 1486
0.2363 1492
0.2364 1499
0.2365 1504
0.2366 1510
0.2367 1519
0.2368 1521
0.2369 1528
0.237 1539
0.2371 1541
0.2372 1549
0.2373 1559
0.2374 1562
0.2375 1568
0.2376 1573
0.2377 1586
0.2378 1589
0.2379 1600
0.238 1606
0.2381 1609
0.2382 1619
0.2383 1630
0.2384 1635
0.2385 1643
0.2386 1642
0.2387 1657
0.2388 1666
0.2389 1676
0.239 1682
0.2391 1689
0.2392 1698
0.2393 1710
0.2394 1711
0.2395 1722
0.2396 1727
0.2397 1727
0.2398 1743
0.2399 1749
0.24 1758
0.2401 1769
0.2402 1779
0.2403 1780
0.2404 1789
0.2405 1802
0.2406 1810
0.2407 1816
0.2408 1821
0.2409 1830
0.241 1841
0.2411 1847
0.2412 1849
0.2413 1859
0.2414 1859
0.2415 1878
0.2416 1875
0.2417 1878
0.2418 1886
0.2419 1895
0.242 1905
0.2421 1909
0.2422 1906
0.2423 1898
0.2424 1903
0.2425 1890
0.2426 1894
0.2427 1877
0.2428 1864
0.2429 1853
0.243 1852
0.2431 1870
0.2432 1863
0.2433 1842
0.2434 1810
0.2435 1791
0.2436 1764
0.2437 1739
0.2438 1705
0.2439 1673
0.244 1637
0.2441 1608
0.2442 1583
0.2443 1549
0.2444 1524
0.2445 1501
0.2446 1494
0.2447 1487
0.2448 1450
0.2449 1437
0.245 1407
0.2451 1395
0.2452 1398
0.2453 1394
0.2454 1390
0.2455 1380
0.2456 1349
0.2457 1328
0.2458 1301
0.2459 1272
0.246 1247
0.2461 1222
0.2462 1194
0.2463 1164
0.2464 1151
0.2465 1125
0.2466 1091
0.2467 1072
0.2468 1055
0.2469 1023
0.247 1007
0.2471 994
0.2472 978
0.2473 950
0.2474 925
0.2475 902
0.2476 879
0.2477 866
0.2478 847
0.2479 832
0.248 823
0.2481 824
0.2482 825
0.2483 819
0.2484 808
0.2485 797
0.2486 786
0.2487 779
0.2488 776
0.2489 765
0.249 759
0.2491 751
0.2492 747
0.2493 738
0.2494 730
0.2495 719
0.2496 713
0.2497 711
0.2498 702
0.2499 694
0.25 671
