0 0
0.0001 0
0.0002 0
0.0003 0
0.0004 0
0.0005 0
0.0006 0
0.0007 0
0.0008 0
0.0009 0
0.001 0
0.0011 0
0.0012 0
0.0013 0
0.0014 1
0.0015 1
0.0016 2
0.0017 2
0.0018 3
0.0019 4
0.002 5
0.0021 5
0.0022 6
0.0023 8
0.0024 9
0.0025 11
0.0026 11
0.0027 16
0.0028 18
0.0029 20
0.003 22
0.0031 25
0.0032 28
0.0033 29
0.0034 33
0.0035 36
0.0036 39
0.0037 42
0.0038 45
0.0039 50
0.004 54
0.0041 56
0.0042 60
0.0043 64
0.0044 68
0.0045 71
0.0046 74
0.0047 80
0.0048 82
0.0049 88
0.005 93
0.0051 97
0.0052 101
0.0053 106
0.0054 109
0.0055 114
0.0056 119
0.0057 123
0.0058 129
0.0059 134
0.006 139
0.0061 145
0.0062 150
0.0063 156
0.0064 161
0.0065 166
0.0066 172
0.0067 179
0.0068 185
0.0069 189
0.007 195
0.0071 201
0.0072 207
0.0073 213
0.0074 218
0.0075 225
0.0076 230
0.0077 237
0.0078 244
0.0079 251
0.008 257
0.0081 263
0.0082 269
0.0083 277
0.0084 282
0.0085 290
0.0086 296
0.0087 303
0.0088 310
0.0089 317
0.009 325
0.0091 331
0.0092 338
0.0093 343
0.0094 350
0.0095 358
0.0096 368
0.0097 376
0.0098 382
0.0099 390
0.01 397
0.0101 404
0.0102 411
0.0103 418
0.0104 427
0.0105 433
0.0106 442
0.0107 449
0.0108 457
0.0109 464
0.011 473
0.0111 480
0.0112 487
0.0113 495
0.0114 502
0.0115 508
0.0116 516
0.0117 523
0.0118 532
0.0119 540
0.012 547
0.0121 555
0.0122 563
0.0123 571
0.0124 576
0.0125 586
0.0126 592
0.0127 601
0.0128 605
0.0129 616
0.013 624
0.0131 631
0.0132 639
0.0133 646
0.0134 655
0.0135 663
0.0136 670
0.0137 681
0.0138 687
0.0139 698
0.014 707
0.0141 717
0.0142 726
0.0143 733
0.0144 743
0.0145 750
0.0146 761
0.0147 771
0.0148 779
0.0149 788
0.015 799
0.0151 808
0.0152 817
0.0153 824
0.0154 835
0.0155 842
0.0156 850
0.0157 860
0.0158 868
0.0159 878
0.016 885
0.0161 893
0.0162 902
0.0163 911
0.0164 919
0.0165 928
0.0166 935
0.0167 947
0.0168 953
0.0169 965
0.017 969
0.0171 983
0.0172 993
0.0173 1000
0.0174 1008
0.0175 1016
0.0176 1024
0.0177 1034
0.0178 1043
0.0179 1053
0.018 1061
0.0181 1071
0.0182 1080
0.0183 1087
0.0184 1096
0.0185 1104
0.0186 1113
0.0187 1123
0.0188 1131
0.0189 1142
0.019 1153
0.0191 1163
0.0192 1175
0.0193 1179
0.0194 1189
0.0195 1203
0.0196 1212
0.0197 1225
0.0198 1231
0.0199 1241
0.02 1254
0.0201 1264
0.0202 1276
0.0203 1284
0.0204 1295
0.0205 1308
0.0206 1316
0.0207 1326
0.0208 1338
0.0209 1349
0.021 1359
0.0211 1369
0.0212 1380
0.0213 1386
0.0214 1400
0.0215 1408
0.0216 1417
0.0217 1432
0.0218 1436
0.0219 1450
0.022 1461
0.0221 1468
0.0222 1482
0.0223 1494
0.0224 1503
0.0225 1516
0.0226 1526
0.0227 1536
0.0228 1552
0.0229 1562
0.023 1573
0.0231 1579
0.0232 1592
0.0233 1604
0.0234 1617
0.0235 1627
0.0236 1633
0.0237 1647
0.0238 1658
0.0239 1666
0.024 1676
0.0241 1687
0.0242 1697
0.0243 1709
0.0244 1720
0.0245 1731
0.0246 1732
0.0247 1751
0.0248 1763
0.0249 1776
0.025 1786
0.0251 1791
0.0252 1805
0.0253 1815
0.0254 1814
0.0255 1836
0.0256 1841
0.0257 1852
0.0258 1864
0.0259 1871
0.026 1877
0.0261 1894
0.0262 1900
0.0263 1910
0.0264 1922
0.0265 1930
0.0266 1937
0.0267 1953
0.0268 1952
0.0269 1968
0.027 1979
0.0271 1972
0.0272 1981
0.0273 1982
0.0274 1988
0.0275 1978
0.0276 1979
0.0277 1978
0.0278 1947
0.0279 1923
0.028 1878
0.0281 1849
0.0282 1836
0.0283 1815
0.0284 1777
0.0285 1728
0.0286 1691
0.0287 1664
0.0288 1636
0.0289 1607
0.029 1580
0.0291 1544
0.0292 1516
0.0293 1490
0.0294 1460
0.0295 1428
0.0296 1382
0.0297 1343
0.0298 1321
0.0299 1284
0.03 1262
0.0301 1236
0.0302 1206
0.0303 1181
0.0304 1162
0.0305 1136
0.0306 1114
0.0307 1095
0.0308 1088
0.0309 1076
0.031 1066
0.0311 1047
0.0312 1033
0.0313 1014
0.0314 993
0.0315 971
0.0316 951
0.0317 937
0.0318 919
0.0319 903
0.032 874
0.0321 864
0.0322 839
0.0323 827
0.0324 812
0.0325 807
0.0326 793
0.0327 781
0.0328 770
0.0329 753
0.033 742
0.0331 731
0.0332 714
0.0333 701
0.0334 686
0.0335 672
0.0336 657
0.0337 645
0.0338 633
0.0339 623
0.034 642
0.0341 659
0.0342 658
0.0343 664
0.0344 674
0.0345 673
0.0346 673
0.0347 667
0.0348 666
0.0349 668
0.035 659
0.0351 655
0.0352 649
0.0353 642
0.0354 633
0.0355 623
0.0356 619
0.0357 613
0.0358 599
0.0359 588
0.036 578
0.0361 574
0.0362 563
0.0363 551
0.0364 537
0.0365 529
0.0366 518
0.0367 503
0.0368 492
0.0369 482
0.037 472
0.0371 471
0.0372 459
0.0373 458
0.0374 439
0.0375 431
0.0376 429
0.0377 422
0.0378 417
0.0379 407
0.038 401
0.0381 397
0.0382 394
0.0383 394
0.0384 396
0.0385 394
0.0386 387
0.0387 374
0.0388 370
0.0389 366
0.039 368
0.0391 362
0.0392 362
0.0393 356
0.0394 344
0.0395 335
0.0396 329
0.0397 321
0.0398 318
0.0399 318
0.04 313
0.0401 308
0.0402 307
0.0403 303
0.0404 298
0.0405 289
0.0406 284
0.0407 281
0.0408 283
0.0409 278
0.041 269
0.0411 268
0.0412 272
0.0413 274
0.0414 276
0.0415 269
0.0416 277
0.0417 290
0.0418 294
0.0419 284
0.042 283
0.0421 286
0.0422 283
0.0423 277
0.0424 275
0.0425 268
0.0426 268
0.0427 266
0.0428 263
0.0429 264
0.043 262
0.0431 254
0.0432 247
0.0433 246
0.0434 263
0.0435 276
0.0436 287
0.0437 289
0.0438 287
0.0439 294
0.044 304
0.0441 307
0.0442 316
0.0443 316
0.0444 319
0.0445 324
0.0446 327
0.0447 328
0.0448 331
0.0449 330
0.045 323
0.0451 322
0.0452 320
0.0453 314
0.0454 306
0.0455 302
0.0456 299
0.0457 299
0.0458 298
0.0459 291
0.046 289
0.0461 287
0.0462 292
0.0463 297
0.0464 298
0.0465 299
0.0466 296
0.0467 296
0.0468 290
0.0469 289
0.047 288
0.0471 279
0.0472 283
0.0473 281
0.0474 283
0.0475 281
0.0476 274
0.0477 268
0.0478 259
0.0479 256
0.048 248
0.0481 248
0.0482 250
0.0483 244
0.0484 242
0.0485 243
0.0486 238
0.0487 230
0.0488 223
0.0489 220
0.049 220
0.0491 224
0.0492 230
0.0493 240
0.0494 241
0.0495 244
0.0496 259
0.0497 259
0.0498 277
0.0499 301
0.05 319
0.0501 332
0.0502 337
0.0503 336
0.0504 332
0.0505 330
0.0506 321
0.0507 315
0.0508 317
0.0509 327
0.051 321
0.0511 326
0.0512 329
0.0513 328
0.0514 331
0.0515 328
0.0516 332
0.0517 323
0.0518 327
0.0519 335
0.052 351
0.0521 384
0.0522 423
0.0523 451
0.0524 476
0.0525 503
0.0526 536
0.0527 566
0.0528 590
0.0529 594
0.053 603
0.0531 603
0.0532 604
0.0533 620
0.0534 630
0.0535 624
0.0536 622
0.0537 612
0.0538 616
0.0539 603
0.054 593
0.0541 587
0.0542 594
0.0543 590
0.0544 580
0.0545 569
0.0546 565
0.0547 553
0.0548 545
0.0549 545
0.055 535
0.0551 527
0.0552 524
0.0553 517
0.0554 518
0.0555 506
0.0556 500
0.0557 494
0.0558 492
0.0559 491
0.056 489
0.0561 484
0.0562 472
0.0563 466
0.0564 462
0.0565 460
0.0566 457
0.0567 456
0.0568 448
0.0569 444
0.057 436
0.0571 427
0.0572 419
0.0573 418
0.0574 413
0.0575 399
0.0576 391
0.0577 384
0.0578 375
0.0579 373
0.058 368
0.0581 370
0.0582 371
0.0583 363
0.0584 358
0.0585 347
0.0586 345
0.0587 337
0.0588 332
0.0589 331
0.059 331
0.0591 329
0.0592 328
0.0593 333
0.0594 336
0.0595 338
0.0596 340
0.0597 336
0.0598 332
0.0599 330
0.06 330
0.0601 327
0.0602 321
0.0603 312
0.0604 305
0.0605 300
0.0606 296
0.0607 287
0.0608 276
0.0609 275
0.061 276
0.0611 286
0.0612 322
0.0613 356
0.0614 379
0.0615 402
0.0616 412
0.0617 413
0.0618 405
0.0619 410
0.062 406
0.0621 410
0.0622 406
0.0623 418
0.0624 415
0.0625 419
0.0626 406
0.0627 407
0.0628 398
0.0629 397
0.063 400
0.0631 392
0.0632 388
0.0633 407
0.0634 426
0.0635 439
0.0636 438
0.0637 440
0.0638 440
0.0639 434
0.064 426
0.0641 432
0.0642 430
0.0643 425
0.0644 418
0.0645 411
0.0646 407
0.0647 402
0.0648 403
0.0649 395
0.065 391
0.0651 390
0.0652 393
0.0653 388
0.0654 386
0.0655 380
0.0656 381
0.0657 373
0.0658 372
0.0659 363
0.066 355
0.0661 350
0.0662 353
0.0663 353
0.0664 335
0.0665 328
0.0666 329
0.0667 329
0.0668 332
0.0669 326
0.067 325
0.0671 317
0.0672 312
0.0673 301
0.0674 299
0.0675 293
0.0676 291
0.0677 287
0.0678 286
0.0679 283
0.068 280
0.0681 278
0.0682 273
0.0683 266
0.0684 262
0.0685 254
0.0686 246
0.0687 244
0.0688 235
0.0689 236
0.069 243
0.0691 246
0.0692 263
0.0693 285
0.0694 313
0.0695 321
0.0696 334
0.0697 340
0.0698 340
0.0699 345
0.07 341
0.0701 339
0.0702 338
0.0703 342
0.0704 335
0.0705 330
0.0706 331
0.0707 329
0.0708 326
0.0709 322
0.071 319
0.0711 322
0.0712 316
0.0713 315
0.0714 315
0.0715 316
0.0716 318
0.0717 312
0.0718 312
0.0719 310
0.072 302
0.0721 298
0.0722 291
0.0723 287
0.0724 287
0.0725 275
0.0726 274
0.0727 275
0.0728 269
0.0729 269
0.073 278
0.0731 289
0.0732 298
0.0733 305
0.0734 305
0.0735 310
0.0736 309
0.0737 314
0.0738 310
0.0739 305
0.074 309
0.0741 311
0.0742 319
0.0743 327
0.0744 344
0.0745 372
0.0746 400
0.0747 421
0.0748 422
0.0749 432
0.075 436
0.0751 439
0.0752 437
0.0753 429
0.0754 424
0.0755 413
0.0756 405
0.0757 395
0.0758 390
0.0759 387
0.076 384
0.0761 379
0.0762 375
0.0763 372
0.0764 366
0.0765 370
0.0766 376
0.0767 377
0.0768 382
0.0769 376
0.077 375
0.0771 373
0.0772 366
0.0773 363
0.0774 366
0.0775 371
0.0776 374
0.0777 369
0.0778 366
0.0779 365
0.078 362
0.0781 359
0.0782 355
0.0783 351
0.0784 346
0.0785 352
0.0786 355
0.0787 349
0.0788 348
0.0789 339
0.079 330
0.0791 325
0.0792 325
0.0793 323
0.0794 315
0.0795 313
0.0796 312
0.0797 306
0.0798 302
0.0799 304
0.08 296
0.0801 292
0.0802 289
0.0803 288
0.0804 279
0.0805 279
0.0806 278
0.0807 280
0.0808 285
0.0809 290
0.081 290
0.0811 295
0.0812 300
0.0813 300
0.0814 301
0.0815 302
0.0816 306
0.0817 306
0.0818 306
0.0819 298
0.082 294
0.0821 288
0.0822 290
0.0823 288
0.0824 287
0.0825 283
0.0826 285
0.0827 289
0.0828 306
0.0829 324
0.083 354
0.0831 385
0.0832 416
0.0833 435
0.0834 469
0.0835 490
0.0836 496
0.0837 501
0.0838 502
0.0839 512
0.084 511
0.0841 515
0.0842 523
0.0843 520
0.0844 523
0.0845 517
0.0846 515
0.0847 515
0.0848 512
0.0849 504
0.085 506
0.0851 512
0.0852 529
0.0853 533
0.0854 530
0.0855 534
0.0856 543
0.0857 538
0.0858 533
0.0859 538
0.086 537
0.0861 538
0.0862 541
0.0863 538
0.0864 544
0.0865 537
0.0866 548
0.0867 546
0.0868 555
0.0869 555
0.087 552
0.0871 553
0.0872 550
0.0873 555
0.0874 553
0.0875 559
0.0876 561
0.0877 562
0.0878 562
0.0879 559
0.088 566
0.0881 566
0.0882 570
0.0883 573
0.0884 575
0.0885 573
0.0886 577
0.0887 579
0.0888 583
0.0889 583
0.089 586
0.0891 589
0.0892 591
0.0893 594
0.0894 596
0.0895 598
0.0896 604
0.0897 606
0.0898 606
0.0899 610
0.09 613
0.0901 613
0.0902 620
0.0903 621
0.0904 624
0.0905 624
0.0906 626
0.0907 629
0.0908 633
0.0909 637
0.091 642
0.0911 644
0.0912 649
0.0913 649
0.0914 653
0.0915 656
0.0916 662
0.0917 664
0.0918 666
0.0919 670
0.092 674
0.0921 675
0.0922 682
0.0923 686
0.0924 690
0.0925 694
0.0926 697
0.0927 703
0.0928 707
0.0929 712
0.093 718
0.0931 723
0.0932 726
0.0933 734
0.0934 738
0.0935 740
0.0936 745
0.0937 754
0.0938 754
0.0939 764
0.094 766
0.0941 774
0.0942 781
0.0943 787
0.0944 794
0.0945 797
0.0946 805
0.0947 810
0.0948 814
0.0949 820
0.095 825
0.0951 833
0.0952 839
0.0953 846
0.0954 851
0.0955 857
0.0956 863
0.0957 870
0.0958 878
0.0959 884
0.096 891
0.0961 899
0.0962 906
0.0963 910
0.0964 920
0.0965 928
0.0966 933
0.0967 941
0.0968 950
0.0969 956
0.097 963
0.0971 970
0.0972 976
0.0973 983
0.0974 989
0.0975 994
0.0976 1003
0.0977 1010
0.0978 1020
0.0979 1026
0.098 1032
0.0981 1042
0.0982 1046
0.0983 1056
0.0984 1064
0.0985 1071
0.0986 1081
0.0987 1087
0.0988 1093
0.0989 1104
0.099 1111
0.0991 1120
0.0992 1130
0.0993 1139
0.0994 1147
0.0995 1157
0.0996 1165
0.0997 1174
0.0998 1185
0.0999 1190
0.1 1204
0.1001 1212
0.1002 1224
0.1003 1233
0.1004 1237
0.1005 1254
0.1006 1258
0.1007 1269
0.1008 1278
0.1009 1290
0.101 1299
0.1011 1308
0.1012 1315
0.1013 1328
0.1014 1339
0.1015 1347
0.1016 1357
0.1017 1366
0.1018 1375
0.1019 1387
0.102 1390
0.1021 1401
0.1022 1412
0.1023 1421
0.1024 1429
0.1025 1435
0.1026 1448
0.1027 1453
0.1028 1460
0.1029 1466
0.103 1480
0.1031 1493
0.1032 1501
0.1033 1511
0.1034 1519
0.1035 1524
0.1036 1535
0.1037 1543
0.1038 1548
0.1039 1555
0.104 1567
0.1041 1572
0.1042 1581
0.1043 1586
0.1044 1590
0.1045 1601
0.1046 1610
0.1047 1618
0.1048 1623
0.1049 1628
0.105 1639
0.1051 1644
0.1052 1652
0.1053 1665
0.1054 1670
0.1055 1675
0.1056 1685
0.1057 1695
0.1058 1696
0.1059 1704
0.106 1716
0.1061 1719
0.1062 1727
0.1063 1735
0.1064 1744
0.1065 1754
0.1066 1755
0.1067 1766
0.1068 1776
0.1069 1784
0.107 1793
0.1071 1800
0.1072 1801
0.1073 1816
0.1074 1823
0.1075 1829
0.1076 1840
0.1077 1841
0.1078 1851
0.1079 1857
0.108 1865
0.1081 1868
0.1082 1877
0.1083 1887
0.1084 1889
0.1085 1899
0.1086 1901
0.1087 1902
0.1088 1917
0.1089 1916
0.109 1927
0.1091 1930
0.1092 1943
0.1093 1943
0.1094 1942
0.1095 1922
0.1096 1920
0.1097 1901
0.1098 1875
0.1099 1846
0.11 1806
0.1101 1760
0.1102 1708
0.1103 1648
0.1104 1611
0.1105 1561
0.1106 1538
0.1107 1512
0.1108 1474
0.1109 1433
0.111 1404
0.1111 1370
0.1112 1350
0.1113 1325
0.1114 1296
0.1115 1271
0.1116 1245
0.1117 1216
0.1118 1187
0.1119 1160
0.112 1135
0.1121 1105
0.1122 1080
0.1123 1053
0.1124 1036
0.1125 1016
0.1126 1003
0.1127 992
0.1128 977
0.1129 964
0.113 950
0.1131 940
0.1132 959
0.1133 949
0.1134 941
0.1135 924
0.1136 909
0.1137 892
0.1138 882
0.1139 857
0.114 839
0.1141 827
0.1142 809
0.1143 790
0.1144 761
0.1145 743
0.1146 727
0.1147 714
0.1148 703
0.1149 684
0.115 677
0.1151 667
0.1152 661
0.1153 644
0.1154 635
0.1155 623
0.1156 611
0.1157 616
0.1158 616
0.1159 607
0.116 601
0.1161 598
0.1162 599
0.1163 585
0.1164 575
0.1165 560
0.1166 552
0.1167 530
0.1168 519
0.1169 509
0.117 497
0.1171 493
0.1172 486
0.1173 494
0.1174 509
0.1175 504
0.1176 508
0.1177 506
0.1178 508
0.1179 512
0.118 511
0.1181 512
0.1182 514
0.1183 510
0.1184 493
0.1185 482
0.1186 466
0.1187 463
0.1188 457
0.1189 448
0.119 457
0.1191 460
0.1192 468
0.1193 468
0.1194 478
0.1195 494
0.1196 511
0.1197 527
0.1198 524
0.1199 515
0.12 508
0.1201 499
0.1202 496
0.1203 489
0.1204 480
0.1205 482
0.1206 479
0.1207 482
0.1208 477
0.1209 469
0.121 462
0.1211 466
0.1212 477
0.1213 489
0.1214 486
0.1215 491
0.1216 494
0.1217 498
0.1218 499
0.1219 497
0.122 506
0.1221 499
0.1222 497
0.1223 498
0.1224 518
0.1225 516
0.1226 517
0.1227 534
0.1228 527
0.1229 525
0.123 518
0.1231 508
0.1232 495
0.1233 496
0.1234 493
0.1235 484
0.1236 481
0.1237 474
0.1238 467
0.1239 457
0.124 442
0.1241 429
0.1242 427
0.1243 416
0.1244 407
0.1245 401
0.1246 399
0.1247 395
0.1248 381
0.1249 376
0.125 367
0.1251 373
0.1252 368
0.1253 374
0.1254 381
0.1255 384
0.1256 377
0.1257 369
0.1258 364
0.1259 358
0.126 349
0.1261 339
0.1262 335
0.1263 326
0.1264 321
0.1265 314
0.1266 309
0.1267 307
0.1268 307
0.1269 300
0.127 296
0.1271 292
0.1272 290
0.1273 289
0.1274 288
0.1275 285
0.1276 285
0.1277 282
0.1278 276
0.1279 276
0.128 278
0.1281 276
0.1282 275
0.1283 279
0.1284 287
0.1285 291
0.1286 288
0.1287 284
0.1288 279
0.1289 273
0.129 267
0.1291 260
0.1292 261
0.1293 263
0.1294 259
0.1295 265
0.1296 265
0.1297 266
0.1298 267
0.1299 271
0.13 274
0.1301 272
0.1302 267
0.1303 263
0.1304 267
0.1305 260
0.1306 254
0.1307 251
0.1308 245
0.1309 239
0.131 237
0.1311 233
0.1312 228
0.1313 231
0.1314 231
0.1315 236
0.1316 240
0.1317 237
0.1318 240
0.1319 237
0.132 246
0.1321 259
0.1322 285
0.1323 289
0.1324 297
0.1325 306
0.1326 305
0.1327 307
0.1328 314
0.1329 318
0.133 338
0.1331 340
0.1332 342
0.1333 331
0.1334 331
0.1335 323
0.1336 315
0.1337 303
0.1338 303
0.1339 306
0.134 308
0.1341 302
0.1342 294
0.1343 293
0.1344 291
0.1345 290
0.1346 285
0.1347 282
0.1348 274
0.1349 273
0.135 270
0.1351 266
0.1352 266
0.1353 261
0.1354 267
0.1355 269
0.1356 279
0.1357 273
0.1358 280
0.1359 276
0.136 274
0.1361 274
0.1362 283
0.1363 295
0.1364 289
0.1365 293
0.1366 289
0.1367 288
0.1368 284
0.1369 278
0.137 278
0.1371 272
0.1372 272
0.1373 268
0.1374 268
0.1375 266
0.1376 270
0.1377 271
0.1378 284
0.1379 308
0.138 319
0.1381 330
0.1382 352
0.1383 372
0.1384 391
0.1385 425
0.1386 454
0.1387 467
0.1388 486
0.1389 503
0.139 508
0.1391 528
0.1392 549
0.1393 568
0.1394 579
0.1395 595
0.1396 590
0.1397 596
0.1398 592
0.1399 586
0.14 577
0.1401 574
0.1402 565
0.1403 563
0.1404 557
0.1405 551
0.1406 539
0.1407 529
0.1408 517
0.1409 509
0.141 510
0.1411 506
0.1412 497
0.1413 485
0.1414 473
0.1415 473
0.1416 469
0.1417 457
0.1418 452
0.1419 445
0.142 441
0.1421 438
0.1422 428
0.1423 424
0.1424 421
0.1425 412
0.1426 402
0.1427 395
0.1428 391
0.1429 384
0.143 377
0.1431 369
0.1432 360
0.1433 348
0.1434 350
0.1435 365
0.1436 382
0.1437 400
0.1438 431
0.1439 447
0.144 456
0.1441 461
0.1442 458
0.1443 452
0.1444 448
0.1445 439
0.1446 433
0.1447 421
0.1448 415
0.1449 409
0.145 395
0.1451 394
0.1452 406
0.1453 406
0.1454 415
0.1455 419
0.1456 425
0.1457 424
0.1458 435
0.1459 431
0.146 433
0.1461 435
0.1462 425
0.1463 423
0.1464 409
0.1465 402
0.1466 393
0.1467 383
0.1468 374
0.1469 368
0.147 364
0.1471 356
0.1472 347
0.1473 340
0.1474 337
0.1475 336
0.1476 335
0.1477 333
0.1478 336
0.1479 334
0.148 334
0.1481 330
0.1482 326
0.1483 325
0.1484 321
0.1485 317
0.1486 321
0.1487 316
0.1488 311
0.1489 306
0.149 297
0.1491 289
0.1492 290
0.1493 288
0.1494 284
0.1495 286
0.1496 282
0.1497 291
0.1498 286
0.1499 284
0.15 298
0.1501 314
0.1502 320
0.1503 331
0.1504 346
0.1505 356
0.1506 354
0.1507 351
0.1508 345
0.1509 354
0.151 357
0.1511 351
0.1512 349
0.1513 351
0.1514 352
0.1515 349
0.1516 345
0.1517 344
0.1518 340
0.1519 337
0.152 338
0.1521 333
0.1522 330
0.1523 330
0.1524 335
0.1525 339
0.1526 346
0.1527 350
0.1528 355
0.1529 366
0.153 379
0.1531 384
0.1532 382
0.1533 373
0.1534 378
0.1535 374
0.1536 366
0.1537 354
0.1538 347
0.1539 340
0.154 342
0.1541 350
0.1542 358
0.1543 363
0.1544 368
0.1545 375
0.1546 367
0.1547 372
0.1548 375
0.1549 371
0.155 366
0.1551 366
0.1552 369
0.1553 359
0.1554 355
0.1555 350
0.1556 347
0.1557 346
0.1558 343
0.1559 347
0.156 344
0.1561 340
0.1562 330
0.1563 324
0.1564 320
0.1565 316
0.1566 314
0.1567 311
0.1568 311
0.1569 310
0.157 306
0.1571 301
0.1572 305
0.1573 305
0.1574 299
0.1575 297
0.1576 296
0.1577 295
0.1578 292
0.1579 285
0.158 281
0.1581 281
0.1582 280
0.1583 286
0.1584 287
0.1585 276
0.1586 276
0.1587 276
0.1588 270
0.1589 266
0.159 256
0.1591 254
0.1592 252
0.1593 244
0.1594 243
0.1595 242
0.1596 236
0.1597 245
0.1598 244
0.1599 247
0.16 248
0.1601 252
0.1602 255
0.1603 256
0.1604 258
0.1605 266
0.1606 274
0.1607 291
0.1608 323
0.1609 352
0.161 360
0.1611 366
0.1612 372
0.1613 382
0.1614 374
0.1615 375
0.1616 380
0.1617 379
0.1618 377
0.1619 378
0.162 373
0.1621 387
0.1622 398
0.1623 418
0.1624 453
0.1625 474
0.1626 489
0.1627 504
0.1628 503
0.1629 511
0.163 512
0.1631 512
0.1632 515
0.1633 515
0.1634 518
0.1635 520
0.1636 525
0.1637 526
0.1638 522
0.1639 525
0.164 527
0.1641 526
0.1642 528
0.1643 529
0.1644 529
0.1645 531
0.1646 533
0.1647 536
0.1648 536
0.1649 535
0.165 539
0.1651 538
0.1652 541
0.1653 543
0.1654 549
0.1655 549
0.1656 552
0.1657 555
0.1658 558
0.1659 560
0.166 560
0.1661 560
0.1662 568
0.1663 571
0.1664 575
0.1665 578
0.1666 580
0.1667 582
0.1668 589
0.1669 591
0.167 596
0.1671 599
0.1672 600
0.1673 609
0.1674 611
0.1675 614
0.1676 618
0.1677 623
0.1678 628
0.1679 628
0.168 637
0.1681 641
0.1682 645
0.1683 648
0.1684 653
0.1685 660
0.1686 666
0.1687 671
0.1688 676
0.1689 680
0.169 687
0.1691 687
0.1692 696
0.1693 700
0.1694 704
0.1695 708
0.1696 713
0.1697 720
0.1698 726
0.1699 730
0.17 736
0.1701 740
0.1702 747
0.1703 752
0.1704 758
0.1705 763
0.1706 770
0.1707 773
0.1708 782
0.1709 788
0.171 792
0.1711 800
0.1712 802
0.1713 809
0.1714 815
0.1715 822
0.1716 827
0.1717 833
0.1718 837
0.1719 840
0.172 851
0.1721 854
0.1722 864
0.1723 867
0.1724 873
0.1725 880
0.1726 882
0.1727 890
0.1728 898
0.1729 902
0.173 911
0.1731 916
0.1732 919
0.1733 928
0.1734 936
0.1735 940
0.1736 945
0.1737 957
0.1738 962
0.1739 965
0.174 975
0.1741 980
0.1742 990
0.1743 995
0.1744 1001
0.1745 1012
0.1746 1020
0.1747 1027
0.1748 1034
0.1749 1043
0.175 1047
0.1751 1056
0.1752 1063
0.1753 1073
0.1754 1080
0.1755 1083
0.1756 1094
0.1757 1101
0.1758 1108
0.1759 1116
0.176 1123
0.1761 1131
0.1762 1136
0.1763 1143
0.1764 1147
0.1765 1157
0.1766 1165
0.1767 1170
0.1768 1175
0.1769 1181
0.177 1190
0.1771 1192
0.1772 1201
0.1773 1209
0.1774 1215
0.1775 1224
0.1776 1229
0.1777 1234
0.1778 1242
0.1779 1246
0.178 1256
0.1781 1259
0.1782 1273
0.1783 1280
0.1784 1283
0.1785 1292
0.1786 1295
0.1787 1306
0.1788 1309
0.1789 1321
0.179 1325
0.1791 1334
0.1792 1338
0.1793 1345
0.1794 1352
0.1795 1360
0.1796 1366
0.1797 1375
0.1798 1378
0.1799 1384
0.18 1390
0.1801 1399
0.1802 1405
0.1803 1406
0.1804 1420
0.1805 1422
0.1806 1425
0.1807 1436
0.1808 1443
0.1809 1448
0.181 1453
0.1811 1464
0.1812 1475
0.1813 1477
0.1814 1487
0.1815 1497
0.1816 1501
0.1817 1506
0.1818 1515
0.1819 1521
0.182 1530
0.1821 1538
0.1822 1545
0.1823 1556
0.1824 1563
0.1825 1572
0.1826 1578
0.1827 1582
0.1828 1591
0.1829 1599
0.183 1610
0.1831 1615
0.1832 1624
0.1833 1631
0.1834 1642
0.1835 1650
0.1836 1651
0.1837 1665
0.1838 1670
0.1839 1679
0.184 1686
0.1841 1695
0.1842 1704
0.1843 1708
0.1844 1717
0.1845 1722
0.1846 1730
0.1847 1735
0.1848 1746
0.1849 1752
0.185 1762
0.1851 1766
0.1852 1774
0.1853 1785
0.1854 1789
0.1855 1796
0.1856 1803
0.1857 1810
0.1858 1818
0.1859 1830
0.186 1832
0.1861 1843
0.1862 1855
0.1863 1860
0.1864 1871
0.1865 1878
0.1866 1887
0.1867 1892
0.1868 1900
0.1869 1902
0.187 1910
0.1871 1915
0.1872 1921
0.1873 1925
0.1874 1937
0.1875 1946
0.1876 1957
0.1877 1960
0.1878 1969
0.1879 1976
0.188 1988
0.1881 1985
0.1882 1991
0.1883 2003
0.1884 2002
0.1885 2003
0.1886 2012
0.1887 1994
0.1888 1977
0.1889 1956
0.189 1917
0.1891 1882
0.1892 1862
0.1893 1850
0.1894 1856
0.1895 1859
0.1896 1864
0.1897 1874
0.1898 1896
0.1899 1930
0.19 1949
0.1901 1960
0.1902 1967
0.1903 1955
0.1904 1951
0.1905 1929
0.1906 1903
0.1907 1870
0.1908 1835
0.1909 1792
0.191 1745
0.1911 1707
0.1912 1665
0.1913 1620
0.1914 1581
0.1915 1538
0.1916 1496
0.1917 1451
0.1918 1419
0.1919 1385
0.192 1351
0.1921 1326
0.1922 1296
0.1923 1273
0.1924 1229
0.1925 1202
0.1926 1174
0.1927 1150
0.1928 1124
0.1929 1103
0.193 1084
0.1931 1044
0.1932 1028
0.1933 1006
0.1934 984
0.1935 960
0.1936 947
0.1937 931
0.1938 924
0.1939 917
0.194 885
0.1941 867
0.1942 844
0.1943 821
0.1944 811
0.1945 799
0.1946 786
0.1947 779
0.1948 773
0.1949 763
0.195 750
0.1951 737
0.1952 717
0.1953 704
0.1954 694
0.1955 688
0.1956 681
0.1957 675
0.1958 671
0.1959 662
0.196 655
0.1961 641
0.1962 629
0.1963 623
0.1964 608
0.1965 605
0.1966 598
0.1967 591
0.1968 576
0.1969 578
0.197 587
0.1971 597
0.1972 607
0.1973 600
0.1974 611
0.1975 616
0.1976 626
0.1977 634
0.1978 634
0.1979 637
0.198 639
0.1981 621
0.1982 607
0.1983 605
0.1984 596
0.1985 578
0.1986 567
0.1987 556
0.1988 549
0.1989 543
0.199 524
0.1991 519
0.1992 511
0.1993 504
0.1994 496
0.1995 494
0.1996 482
0.1997 475
0.1998 478
0.1999 471
0.2 472
0.2001 470
0.2002 459
0.2003 448
0.2004 448
0.2005 443
0.2006 453
0.2007 467
0.2008 471
0.2009 475
0.201 478
0.2011 476
0.2012 479
0.2013 478
0.2014 479
0.2015 482
0.2016 473
0.2017 473
0.2018 458
0.2019 446
0.202 441
0.2021 436
0.2022 429
0.2023 420
0.2024 414
0.2025 405
0.2026 400
0.2027 397
0.2028 386
0.2029 377
0.203 371
0.2031 366
0.2032 357
0.2033 349
0.2034 343
0.2035 335
0.2036 340
0.2037 350
0.2038 354
0.2039 361
0.204 358
0.2041 354
0.2042 348
0.2043 339
0.2044 335
0.2045 328
0.2046 329
0.2047 338
0.2048 342
0.2049 345
0.205 345
0.2051 344
0.2052 341
0.2053 346
0.2054 358
0.2055 374
0.2056 397
0.2057 416
0.2058 419
0.2059 422
0.206 422
0.2061 426
0.2062 424
0.2063 428
0.2064 430
0.2065 428
0.2066 428
0.2067 420
0.2068 430
0.2069 435
0.207 456
0.2071 481
0.2072 492
0.2073 495
0.2074 506
0.2075 516
0.2076 519
0.2077 526
0.2078 532
0.2079 544
0.208 542
0.2081 535
0.2082 530
0.2083 532
0.2084 520
0.2085 507
0.2086 501
0.2087 500
0.2088 498
0.2089 501
0.209 493
0.2091 487
0.2092 484
0.2093 485
0.2094 484
0.2095 482
0.2096 477
0.2097 475
0.2098 480
0.2099 486
0.21 485
0.2101 474
0.2102 467
0.2103 459
0.2104 458
0.2105 459
0.2106 445
0.2107 431
0.2108 429
0.2109 416
0.211 409
0.2111 409
0.2112 409
0.2113 398
0.2114 391
0.2115 377
0.2116 368
0.2117 359
0.2118 373
0.2119 396
0.212 407
0.2121 423
0.2122 436
0.2123 444
0.2124 451
0.2125 449
0.2126 454
0.2127 454
0.2128 444
0.2129 437
0.213 428
0.2131 429
0.2132 418
0.2133 418
0.2134 416
0.2135 410
0.2136 410
0.2137 405
0.2138 400
0.2139 394
0.214 388
0.2141 382
0.2142 377
0.2143 374
0.2144 371
0.2145 375
0.2146 374
0.2147 371
0.2148 365
0.2149 368
0.215 367
0.2151 359
0.2152 356
0.2153 344
0.2154 340
0.2155 335
0.2156 333
0.2157 336
0.2158 339
0.2159 339
0.216 340
0.2161 341
0.2162 343
0.2163 352
0.2164 379
0.2165 385
0.2166 409
0.2167 423
0.2168 429
0.2169 436
0.217 450
0.2171 445
0.2172 448
0.2173 449
0.2174 438
0.2175 440
0.2176 443
0.2177 439
0.2178 431
0.2179 425
0.218 415
0.2181 408
0.2182 399
0.2183 399
0.2184 411
0.2185 444
0.2186 469
0.2187 481
0.2188 496
0.2189 510
0.219 512
0.2191 518
0.2192 529
0.2193 544
0.2194 552
0.2195 555
0.2196 557
0.2197 556
0.2198 550
0.2199 546
0.22 537
0.2201 538
0.2202 531
0.2203 523
0.2204 514
0.2205 514
0.2206 513
0.2207 509
0.2208 506
0.2209 508
0.221 501
0.2211 492
0.2212 489
0.2213 481
0.2214 475
0.2215 474
0.2216 470
0.2217 472
0.2218 476
0.2219 473
0.222 470
0.2221 464
0.2222 458
0.2223 453
0.2224 450
0.2225 453
0.2226 455
0.2227 459
0.2228 455
0.2229 453
0.223 439
0.2231 430
0.2232 418
0.2233 408
0.2234 408
0.2235 401
0.2236 392
0.2237 382
0.2238 378
0.2239 371
0.224 371
0.2241 376
0.2242 368
0.2243 365
0.2244 361
0.2245 354
0.2246 341
0.2247 331
0.2248 323
0.2249 314
0.225 311
0.2251 304
0.2252 305
0.2253 305
0.2254 311
0.2255 309
0.2256 304
0.2257 305
0.2258 305
0.2259 302
0.226 307
0.2261 306
0.2262 307
0.2263 307
0.2264 304
0.2265 308
0.2266 303
0.2267 301
0.2268 304
0.2269 304
0.227 300
0.2271 298
0.2272 316
0.2273 335
0.2274 360
0.2275 383
0.2276 400
0.2277 411
0.2278 418
0.2279 437
0.228 442
0.2281 432
0.2282 431
0.2283 422
0.2284 422
0.2285 412
0.2286 405
0.2287 397
0.2288 391
0.2289 389
0.229 383
0.2291 378
0.2292 375
0.2293 368
0.2294 363
0.2295 358
0.2296 359
0.2297 363
0.2298 364
0.2299 365
0.23 369
0.2301 367
0.2302 367
0.2303 360
0.2304 372
0.2305 387
0.2306 409
0.2307 433
0.2308 471
0.2309 495
0.231 512
0.2311 529
0.2312 527
0.2313 539
0.2314 543
0.2315 553
0.2316 562
0.2317 575
0.2318 584
0.2319 587
0.232 593
0.2321 596
0.2322 593
0.2323 591
0.2324 584
0.2325 577
0.2326 568
0.2327 562
0.2328 561
0.2329 567
0.233 573
0.2331 589
0.2332 599
0.2333 610
0.2334 624
0.2335 630
0.2336 643
0.2337 652
0.2338 645
0.2339 669
0.234 669
0.2341 671
0.2342 673
0.2343 664
0.2344 667
0.2345 651
0.2346 638
0.2347 626
0.2348 603
0.2349 597
0.235 589
0.2351 577
0.2352 563
0.2353 551
0.2354 544
0.2355 539
0.2356 531
0.2357 530
0.2358 527
0.2359 525
0.236 513
0.2361 503
0.2362 492
0.2363 484
0.2364 487
0.2365 478
0.2366 472
0.2367 465
0.2368 456
0.2369 475
0.237 506
0.2371 539
0.2372 582
0.2373 607
0.2374 636
0.2375 662
0.2376 676
0.2377 689
0.2378 696
0.2379 691
0.238 695
0.2381 695
0.2382 702
0.2383 698
0.2384 703
0.2385 699
0.2386 701
0.2387 700
0.2388 703
0.2389 704
0.239 708
0.2391 702
0.2392 706
0.2393 708
0.2394 710
0.2395 711
0.2396 710
0.2397 716
0.2398 717
0.2399 719
0.24 718
0.2401 721
0.2402 721
0.2403 723
0.2404 726
0.2405 726
0.2406 722
0.2407 727
0.2408 733
0.2409 734
0.241 736
0.2411 735
0.2412 739
0.2413 742
0.2414 742
0.2415 747
0.2416 750
0.2417 754
0.2418 756
0.2419 757
0.242 762
0.2421 761
0.2422 770
0.2423 772
0.2424 773
0.2425 780
0.2426 783
0.2427 784
0.2428 786
0.2429 796
0.243 800
0.2431 803
0.2432 807
0.2433 811
0.2434 815
0.2435 819
0.2436 821
0.2437 828
0.2438 833
0.2439 840
0.244 842
0.2441 845
0.2442 856
0.2443 859
0.2444 860
0.2445 867
0.2446 872
0.2447 876
0.2448 882
0.2449 889
0.245 891
0.2451 896
0.2452 899
0.2453 905
0.2454 912
0.2455 916
0.2456 923
0.2457 926
0.2458 933
0.2459 935
0.246 944
0.2461 950
0.2462 953
0.2463 961
0.2464 967
0.2465 972
0.2466 977
0.2467 986
0.2468 993
0.2469 1000
0.247 1004
0.2471 1013
0.2472 1018
0.2473 1024
0.2474 1029
0.2475 1038
0.2476 1039
0.2477 1047
0.2478 1056
0.2479 1058
0.248 1069
0.2481 1071
0.2482 1082
0.2483 1084
0.2484 1092
0.2485 1101
0.2486 1107
0.2487 1115
0.2488 1117
0.2489 1125
0.249 1134
0.2491 1141
0.2492 1148
0.2493 1155
0.2494 1163
0.2495 1166
0.2496 1177
0.2497 1185
0.2498 1195
0.2499 1202
0.25 1210
