0 0
0.0001 0
0.0002 0
0.0003 0
0.0004 0
0.0005 0
0.0006 0
0.0007 0
0.0008 0
0.0009 0
0.001 0
0.0011 0
0.0012 0
0.0013 0
0.0014 0
0.0015 0
0.0016 0
0.0017 0
0.0018 0
0.0019 0
0.002 0
0.0021 1
0.0022 1
0.0023 1
0.0024 1
0.0025 1
0.0026 1
0.0027 1
0.0028 1
0.0029 1
0.003 1
0.0031 1
0.0032 1
0.0033 1
0.0034 1
0.0035 1
0.0036 1
0.0037 1
0.0038 1
0.0039 1
0.004 1
0.0041 1
0.0042 1
0.0043 1
0.0044 1
0.0045 2
0.0046 2
0.0047 2
0.0048 2
0.0049 2
0.005 2
0.0051 2
0.0052 2
0.0053 2
0.0054 2
0.0055 2
0.0056 2
0.0057 2
0.0058 2
0.0059 2
0.006 2
0.0061 2
0.0062 2
0.0063 2
0.0064 2
0.0065 2
0.0066 2
0.0067 2
0.0068 2
0.0069 3
0.007 3
0.0071 3
0.0072 3
0.0073 4
0.0074 5
0.0075 5
0.0076 5
0.0077 6
0.0078 6
0.0079 6
0.008 6
0.0081 6
0.0082 5
0.0083 5
0.0084 5
0.0085 5
0.0086 5
0.0087 5
0.0088 6
0.0089 6
0.009 6
0.0091 6
0.0092 6
0.0093 6
0.0094 6
0.0095 6
0.0096 6
0.0097 6
0.0098 6
0.0099 6
0.01 7
0.0101 8
0.0102 8
0.0103 8
0.0104 8
0.0105 9
0.0106 9
0.0107 8
0.0108 8
0.0109 8
0.011 8
0.0111 8
0.0112 8
0.0113 8
0.0114 8
0.0115 8
0.0116 8
0.0117 8
0.0118 8
0.0119 8
0.012 8
0.0121 9
0.0122 9
0.0123 10
0.0124 10
0.0125 11
0.0126 11
0.0127 11
0.0128 11
0.0129 12
0.013 12
0.0131 12
0.0132 12
0.0133 12
0.0134 12
0.0135 11
0.0136 11
0.0137 11
0.0138 11
0.0139 12
0.014 12
0.0141 12
0.0142 12
0.0143 12
0.0144 12
0.0145 13
0.0146 14
0.0147 14
0.0148 15
0.0149 15
0.015 15
0.0151 15
0.0152 15
0.0153 15
0.0154 15
0.0155 16
0.0156 16
0.0157 16
0.0158 16
0.0159 17
0.016 17
0.0161 17
0.0162 17
0.0163 17
0.0164 17
0.0165 17
0.0166 16
0.0167 17
0.0168 17
0.0169 18
0.017 18
0.0171 18
0.0172 18
0.0173 20
0.0174 20
0.0175 20
0.0176 20
0.0177 20
0.0178 20
0.0179 20
0.018 20
0.0181 20
0.0182 20
0.0183 20
0.0184 21
0.0185 21
0.0186 21
0.0187 21
0.0188 21
0.0189 21
0.019 22
0.0191 23
0.0192 23
0.0193 23
0.0194 24
0.0195 24
0.0196 24
0.0197 24
0.0198 24
0.0199 24
0.02 24
0.0201 24
0.0202 24
0.0203 25
0.0204 25
0.0205 26
0.0206 26
0.0207 26
0.0208 26
0.0209 26
0.021 26
0.0211 27
0.0212 27
0.0213 27
0.0214 27
0.0215 27
0.0216 28
0.0217 27
0.0218 27
0.0219 26
0.022 26
0.0221 25
0.0222 26
0.0223 26
0.0224 26
0.0225 27
0.0226 27
0.0227 27
0.0228 27
0.0229 27
0.023 27
0.0231 27
0.0232 27
0.0233 27
0.0234 27
0.0235 29
0.0236 29
0.0237 29
0.0238 29
0.0239 29
0.024 29
0.0241 29
0.0242 28
0.0243 30
0.0244 30
0.0245 30
0.0246 30
0.0247 30
0.0248 30
0.0249 30
0.025 30
0.0251 30
0.0252 30
0.0253 30
0.0254 29
0.0255 29
0.0256 30
0.0257 30
0.0258 30
0.0259 30
0.026 30
0.0261 30
0.0262 30
0.0263 30
0.0264 31
0.0265 31
0.0266 31
0.0267 30
0.0268 29
0.0269 29
0.027 28
0.0271 27
0.0272 27
0.0273 27
0.0274 27
0.0275 27
0.0276 28
0.0277 28
0.0278 28
0.0279 29
0.028 29
0.0281 28
0.0282 28
0.0283 29
0.0284 29
0.0285 29
0.0286 29
0.0287 29
0.0288 29
0.0289 30
0.029 30
0.0291 33
0.0292 33
0.0293 34
0.0294 34
0.0295 33
0.0296 33
0.0297 33
0.0298 33
0.0299 33
0.03 33
0.0301 33
0.0302 33
0.0303 33
0.0304 33
0.0305 34
0.0306 34
0.0307 34
0.0308 35
0.0309 35
0.031 35
0.0311 35
0.0312 35
0.0313 35
0.0314 34
0.0315 34
0.0316 34
0.0317 34
0.0318 34
0.0319 34
0.032 34
0.0321 35
0.0322 34
0.0323 34
0.0324 35
0.0325 34
0.0326 35
0.0327 35
0.0328 34
0.0329 37
0.033 38
0.0331 38
0.0332 38
0.0333 38
0.0334 38
0.0335 38
0.0336 38
0.0337 39
0.0338 39
0.0339 39
0.034 39
0.0341 39
0.0342 39
0.0343 39
0.0344 39
0.0345 39
0.0346 39
0.0347 39
0.0348 38
0.0349 38
0.035 38
0.0351 38
0.0352 37
0.0353 37
0.0354 37
0.0355 37
0.0356 37
0.0357 37
0.0358 37
0.0359 37
0.036 37
0.0361 37
0.0362 37
0.0363 38
0.0364 37
0.0365 37
0.0366 37
0.0367 37
0.0368 37
0.0369 38
0.037 38
0.0371 38
0.0372 39
0.0373 39
0.0374 39
0.0375 39
0.0376 39
0.0377 38
0.0378 38
0.0379 39
0.038 39
0.0381 39
0.0382 39
0.0383 39
0.0384 39
0.0385 39
0.0386 38
0.0387 38
0.0388 37
0.0389 39
0.039 39
0.0391 39
0.0392 39
0.0393 39
0.0394 39
0.0395 39
0.0396 39
0.0397 39
0.0398 39
0.0399 39
0.04 39
0.0401 39
0.0402 38
0.0403 38
0.0404 39
0.0405 39
0.0406 39
0.0407 39
0.0408 40
0.0409 40
0.041 40
0.0411 40
0.0412 40
0.0413 41
0.0414 41
0.0415 41
0.0416 41
0.0417 41
0.0418 41
0.0419 41
0.042 42
0.0421 43
0.0422 43
0.0423 43
0.0424 43
0.0425 43
0.0426 43
0.0427 43
0.0428 43
0.0429 43
0.043 43
0.0431 43
0.0432 44
0.0433 44
0.0434 44
0.0435 44
0.0436 44
0.0437 44
0.0438 44
0.0439 44
0.044 45
0.0441 45
0.0442 45
0.0443 45
0.0444 45
0.0445 46
0.0446 45
0.0447 45
0.0448 45
0.0449 44
0.045 44
0.0451 45
0.0452 45
0.0453 45
0.0454 45
0.0455 44
0.0456 45
0.0457 45
0.0458 44
0.0459 43
0.046 43
0.0461 44
0.0462 44
0.0463 44
0.0464 45
0.0465 45
0.0466 44
0.0467 44
0.0468 44
0.0469 44
0.047 45
0.0471 45
0.0472 45
0.0473 45
0.0474 45
0.0475 45
0.0476 44
0.0477 43
0.0478 43
0.0479 44
0.048 44
0.0481 44
0.0482 43
0.0483 43
0.0484 43
0.0485 43
0.0486 43
0.0487 43
0.0488 43
0.0489 43
0.049 43
0.0491 43
0.0492 43
0.0493 42
0.0494 42
0.0495 42
0.0496 42
0.0497 42
0.0498 42
0.0499 42
0.05 41
0.0501 41
0.0502 41
0.0503 41
0.0504 41
0.0505 41
0.0506 42
0.0507 42
0.0508 42
0.0509 42
0.051 42
0.0511 42
0.0512 41
0.0513 41
0.0514 40
0.0515 40
0.0516 40
0.0517 40
0.0518 40
0.0519 40
0.052 40
0.0521 40
0.0522 40
0.0523 40
0.0524 40
0.0525 40
0.0526 40
0.0527 40
0.0528 42
0.0529 42
0.053 42
0.0531 42
0.0532 42
0.0533 43
0.0534 43
0.0535 44
0.0536 45
0.0537 45
0.0538 45
0.0539 47
0.054 47
0.0541 46
0.0542 45
0.0543 45
0.0544 45
0.0545 45
0.0546 45
0.0547 44
0.0548 44
0.0549 44
0.055 43
0.0551 42
0.0552 42
0.0553 42
0.0554 42
0.0555 41
0.0556 41
0.0557 41
0.0558 41
0.0559 41
0.056 41
0.0561 41
0.0562 41
0.0563 41
0.0564 41
0.0565 41
0.0566 41
0.0567 41
0.0568 41
0.0569 41
0.057 40
0.0571 40
0.0572 41
0.0573 41
0.0574 42
0.0575 42
0.0576 42
0.0577 42
0.0578 41
0.0579 41
0.058 42
0.0581 42
0.0582 42
0.0583 42
0.0584 42
0.0585 43
0.0586 43
0.0587 44
0.0588 44
0.0589 44
0.059 44
0.0591 44
0.0592 45
0.0593 45
0.0594 44
0.0595 44
0.0596 45
0.0597 46
0.0598 46
0.0599 46
0.06 46
0.0601 46
0.0602 46
0.0603 46
0.0604 46
0.0605 46
0.0606 47
0.0607 47
0.0608 47
0.0609 47
0.061 48
0.0611 48
0.0612 48
0.0613 49
0.0614 50
0.0615 50
0.0616 49
0.0617 49
0.0618 48
0.0619 48
0.062 48
0.0621 48
0.0622 47
0.0623 47
0.0624 48
0.0625 48
0.0626 48
0.0627 47
0.0628 47
0.0629 48
0.063 48
0.0631 48
0.0632 48
0.0633 48
0.0634 48
0.0635 48
0.0636 47
0.0637 48
0.0638 45
0.0639 46
0.064 48
0.0641 49
0.0642 50
0.0643 50
0.0644 50
0.0645 50
0.0646 50
0.0647 50
0.0648 50
0.0649 50
0.065 50
0.0651 50
0.0652 50
0.0653 49
0.0654 49
0.0655 50
0.0656 50
0.0657 49
0.0658 49
0.0659 49
0.066 49
0.0661 49
0.0662 48
0.0663 50
0.0664 51
0.0665 51
0.0666 51
0.0667 51
0.0668 50
0.0669 50
0.067 50
0.0671 50
0.0672 50
0.0673 50
0.0674 50
0.0675 50
0.0676 51
0.0677 51
0.0678 50
0.0679 49
0.068 49
0.0681 48
0.0682 48
0.0683 48
0.0684 48
0.0685 48
0.0686 48
0.0687 47
0.0688 47
0.0689 46
0.069 46
0.0691 46
0.0692 46
0.0693 46
0.0694 43
0.0695 43
0.0696 43
0.0697 42
0.0698 42
0.0699 42
0.07 43
0.0701 44
0.0702 43
0.0703 43
0.0704 43
0.0705 43
0.0706 43
0.0707 43
0.0708 44
0.0709 43
0.071 43
0.0711 42
0.0712 43
0.0713 42
0.0714 42
0.0715 42
0.0716 42
0.0717 42
0.0718 41
0.0719 41
0.072 41
0.0721 41
0.0722 40
0.0723 40
0.0724 40
0.0725 40
0.0726 40
0.0727 40
0.0728 40
0.0729 40
0.073 40
0.0731 40
0.0732 40
0.0733 40
0.0734 40
0.0735 40
0.0736 40
0.0737 40
0.0738 40
0.0739 41
0.074 40
0.0741 40
0.0742 40
0.0743 40
0.0744 40
0.0745 40
0.0746 40
0.0747 39
0.0748 39
0.0749 39
0.075 39
0.0751 39
0.0752 37
0.0753 38
0.0754 38
0.0755 38
0.0756 38
0.0757 38
0.0758 38
0.0759 38
0.076 38
0.0761 37
0.0762 37
0.0763 37
0.0764 37
0.0765 37
0.0766 38
0.0767 38
0.0768 37
0.0769 37
0.077 37
0.0771 37
0.0772 37
0.0773 37
0.0774 37
0.0775 37
0.0776 36
0.0777 36
0.0778 36
0.0779 36
0.078 36
0.0781 37
0.0782 37
0.0783 37
0.0784 37
0.0785 37
0.0786 36
0.0787 37
0.0788 37
0.0789 37
0.079 38
0.0791 38
0.0792 37
0.0793 37
0.0794 37
0.0795 37
0.0796 37
0.0797 38
0.0798 39
0.0799 39
0.08 40
0.0801 40
0.0802 40
0.0803 40
0.0804 40
0.0805 40
0.0806 41
0.0807 41
0.0808 41
0.0809 42
0.081 41
0.0811 39
0.0812 39
0.0813 39
0.0814 39
0.0815 38
0.0816 39
0.0817 39
0.0818 38
0.0819 39
0.082 39
0.0821 39
0.0822 39
0.0823 39
0.0824 39
0.0825 39
0.0826 39
0.0827 39
0.0828 39
0.0829 40
0.083 40
0.0831 41
0.0832 41
0.0833 41
0.0834 42
0.0835 42
0.0836 42
0.0837 42
0.0838 43
0.0839 43
0.084 43
0.0841 42
0.0842 42
0.0843 42
0.0844 42
0.0845 41
0.0846 41
0.0847 41
0.0848 42
0.0849 42
0.085 42
0.0851 42
0.0852 42
0.0853 42
0.0854 42
0.0855 41
0.0856 40
0.0857 39
0.0858 39
0.0859 40
0.086 40
0.0861 39
0.0862 39
0.0863 38
0.0864 38
0.0865 38
0.0866 38
0.0867 38
0.0868 38
0.0869 39
0.087 40
0.0871 40
0.0872 40
0.0873 40
0.0874 40
0.0875 40
0.0876 40
0.0877 40
0.0878 40
0.0879 40
0.088 41
0.0881 41
0.0882 42
0.0883 42
0.0884 42
0.0885 42
0.0886 42
0.0887 42
0.0888 42
0.0889 42
0.089 42
0.0891 42
0.0892 42
0.0893 42
0.0894 42
0.0895 42
0.0896 42
0.0897 42
0.0898 41
0.0899 41
0.09 42
0.0901 42
0.0902 39
0.0903 39
0.0904 40
0.0905 40
0.0906 39
0.0907 39
0.0908 39
0.0909 39
0.091 40
0.0911 39
0.0912 39
0.0913 38
0.0914 37
0.0915 36
0.0916 36
0.0917 36
0.0918 35
0.0919 35
0.092 34
0.0921 34
0.0922 34
0.0923 34
0.0924 34
0.0925 34
0.0926 35
0.0927 35
0.0928 35
0.0929 35
0.093 35
0.0931 34
0.0932 34
0.0933 34
0.0934 34
0.0935 34
0.0936 34
0.0937 34
0.0938 34
0.0939 34
0.094 35
0.0941 36
0.0942 36
0.0943 36
0.0944 37
0.0945 37
0.0946 37
0.0947 38
0.0948 39
0.0949 39
0.095 39
0.0951 39
0.0952 39
0.0953 38
0.0954 38
0.0955 38
0.0956 38
0.0957 38
0.0958 38
0.0959 37
0.096 38
0.0961 38
0.0962 38
0.0963 39
0.0964 38
0.0965 38
0.0966 37
0.0967 37
0.0968 36
0.0969 36
0.097 36
0.0971 36
0.0972 36
0.0973 36
0.0974 37
0.0975 37
0.0976 36
0.0977 35
0.0978 35
0.0979 35
0.098 35
0.0981 35
0.0982 35
0.0983 35
0.0984 35
0.0985 35
0.0986 35
0.0987 34
0.0988 34
0.0989 32
0.099 33
0.0991 33
0.0992 33
0.0993 33
0.0994 33
0.0995 33
0.0996 33
0.0997 34
0.0998 34
0.0999 34
0.1 34
