0.0000 0.000000
0.0001 0.000000
0.0002 0.000000
0.0003 0.000000
0.0004 0.000000
0.0005 0.000000
0.0006 0.000000
0.0007 0.000000
0.0008 0.078296
0.0009 0.211568
0.0010 0.344128
0.0011 0.475978
0.0012 0.678738
0.0013 0.942490
0.0014 0.208711
0.0015 0.474977
0.0016 0.759248
0.0017 0.298463
0.0018 0.933301
0.0019 0.635098
0.0020 0.425229
0.0021 0.225931
0.0022 1.026867
0.0023 0.827775
0.0024 0.629133
0.0025 0.430644
0.0026 0.231105
0.0027 1.263428
0.0028 0.379104
0.0029 0.349063
0.0030 0.431812
0.0031 -0.363905
0.0032 0.838642
0.0033 0.041014
0.0034 0.245057
0.0035 0.470305
0.0036 1.996553
0.0037 0.600493
0.0038 1.205051
0.0039 0.809480
0.0040 0.769850
0.0041 0.910270
0.0042 0.965102
0.0043 0.106619
0.0044 1.314848
0.0045 0.589578
0.0046 0.873665
0.0047 0.371926
0.0048 1.174863
0.0049 0.378143
0.0050 0.833538
0.0051 1.326043
0.0052 1.139094
0.0053 0.927438
0.0054 0.968089
0.0055 1.076834
0.0056 1.065027
0.0057 0.824185
0.0058 0.677766
0.0059 0.835947
0.0060 0.355414
0.0061 1.152441
0.0062 0.972555
0.0063 0.794195
0.0064 1.652300
0.0065 0.473271
0.0066 0.402002
0.0067 0.355597
0.0068 1.310614
0.0069 0.358998
0.0070 0.450257
0.0071 0.689751
0.0072 0.932966
0.0073 2.156077
0.0074 0.364603
0.0075 1.746556
0.0076 2.115695
0.0077 1.724608
0.0078 0.574859
0.0079 1.772522
0.0080 0.932783
0.0081 0.125731
0.0082 1.465440
0.0083 0.894031
0.0084 0.323941
0.0085 0.728353
0.0086 0.489125
0.0087 1.339937
0.0088 0.195861
0.0089 0.986670
0.0090 1.798445
0.0091 0.854377
0.0092 2.027962
0.0093 1.346307
0.0094 1.744674
0.0095 1.073178
0.0096 0.450088
0.0097 0.806003
0.0098 0.310376
0.0099 0.942306
0.0100 1.722667
0.0101 0.860997
0.0102 1.119667
0.0103 0.148851
0.0104 0.940622
0.0105 0.835744
0.0106 0.932138
0.0107 0.135478
0.0108 1.794441
0.0109 2.681508
0.0110 2.569184
0.0111 0.311255
0.0112 1.110159
0.0113 1.887422
0.0114 1.804845
0.0115 0.947306
0.0116 0.089077
0.0117 -0.551161
0.0118 2.852682
0.0119 2.434002
0.0120 1.067819
0.0121 2.842213
0.0122 0.788221
0.0123 1.846469
0.0124 1.763652
0.0125 2.602831
0.0126 2.411773
0.0127 1.415067
0.0128 1.579088
0.0129 1.779198
0.0130 3.019645
0.0131 1.387830
0.0132 2.567861
0.0133 0.669950
0.0134 1.958207
0.0135 3.067637
0.0136 1.210306
0.0137 0.247909
0.0138 1.515626
0.0139 2.725390
0.0140 1.688315
0.0141 1.698020
0.0142 2.922850
0.0143 2.043649
0.0144 3.393900
0.0145 3.918136
0.0146 3.294016
0.0147 1.672985
0.0148 3.133935
0.0149 1.789215
0.0150 4.502455
0.0151 1.309766
0.0152 1.178432
0.0153 1.123770
0.0154 1.210923
0.0155 3.383838
0.0156 4.337325
0.0157 1.107195
0.0158 1.759709
0.0159 2.583943
0.0160 2.520552
0.0161 1.483509
0.0162 4.328930
0.0163 2.777038
0.0164 3.078227
0.0165 1.524447
0.0166 3.094868
0.0167 2.584741
0.0168 2.054108
0.0169 3.283556
0.0170 4.152556
0.0171 3.141233
0.0172 5.000013
0.0173 2.858160
0.0174 2.744908
0.0175 5.872892
0.0176 0.932363
0.0177 1.912255
0.0178 4.710340
0.0179 1.522607
0.0180 1.281332
0.0181 2.990310
0.0182 3.626288
0.0183 3.171214
0.0184 4.647698
0.0185 3.225381
0.0186 0.858837
0.0187 1.601675
0.0188 1.528080
0.0189 3.555080
0.0190 4.830455
0.0191 4.277843
0.0192 6.604306
0.0193 4.876999
0.0194 4.038990
0.0195 5.243947
0.0196 5.379742
0.0197 7.338410
0.0198 3.397783
0.0199 6.633324
0.0200 4.875778
0.0201 3.151820
0.0202 3.237382
0.0203 5.264867
0.0204 2.164455
0.0205 3.875818
0.0206 6.642918
0.0207 1.529948
0.0208 3.430715
0.0209 4.365373
0.0210 3.383110
0.0211 5.277929
0.0212 2.055522
0.0213 3.819204
0.0214 3.565876
0.0215 4.193182
0.0216 0.919894
0.0217 3.623934
0.0218 3.203401
0.0219 3.938698
0.0220 5.630701
0.0221 9.463187
0.0222 7.309380
0.0223 7.847976
0.0224 3.337817
0.0225 4.814695
0.0226 15.110300
0.0227 5.352955
0.0228 6.454506
0.0229 7.622218
0.0230 9.757916
0.0231 6.786613
0.0232 6.695294
0.0233 6.591413
0.0234 4.535938
0.0235 4.481100
0.0236 7.326307
0.0237 13.372631
0.0238 6.645652
0.0239 5.101706
0.0240 5.583544
0.0241 9.058910
0.0242 6.609014
0.0243 9.294999
0.0244 6.874415
0.0245 6.169122
0.0246 8.381785
0.0247 12.667445
0.0248 7.332235
0.0249 8.082190
0.0250 9.107098
0.0251 9.241221
0.0252 7.297507
0.0253 9.555384
0.0254 17.710968
0.0255 14.633165
0.0256 10.200427
0.0257 14.507344
0.0258 14.675796
0.0259 17.833939
0.0260 13.746814
0.0261 12.640996
0.0262 18.434432
0.0263 18.833349
0.0264 26.156306
0.0265 27.318186
0.0266 28.341686
0.0267 22.390127
0.0268 26.376188
0.0269 27.179630
0.0270 26.950153
0.0271 43.562141
0.0272 31.151627
0.0273 33.529161
0.0274 40.423013
0.0275 29.316927
0.0276 38.112902
0.0277 36.034113
0.0278 45.089161
0.0279 47.220274
0.0280 65.179426
0.0281 67.022380
0.0282 81.934557
0.0283 108.668646
0.0284 132.172600
0.0285 159.511964
0.0286 191.685092
0.0287 246.520961
0.0288 295.953660
0.0289 341.068337
0.0290 387.939860
0.0291 436.474857
0.0292 471.614228
0.0293 496.572741
0.0294 533.233985
0.0295 564.728953
0.0296 603.999138
0.0297 647.943106
0.0298 679.617446
0.0299 705.071392
0.0300 741.342330
0.0301 775.193178
0.0302 822.808121
0.0303 844.240480
0.0304 888.438699
0.0305 924.239013
0.0306 944.753766
0.0307 972.110905
0.0308 1001.306671
0.0309 1030.354997
0.0310 1054.269275
0.0311 1071.085137
0.0312 1091.764281
0.0313 1115.348581
0.0314 1144.773647
0.0315 1166.075788
0.0316 1188.128433
0.0317 1208.933570
0.0318 1209.681365
0.0319 1221.370485
0.0320 1233.873585
0.0321 1242.102345
0.0322 1253.112285
0.0323 1270.028173
0.0324 1294.694732
0.0325 1309.273551
0.0326 1324.687723
0.0327 1325.877832
0.0328 1332.040715
0.0329 1333.185545
0.0330 1344.205208
0.0331 1357.133469
0.0332 1364.992595
0.0333 1374.800036
0.0334 1389.443472
0.0335 1400.985206
0.0336 1408.361783
0.0337 1417.416390
0.0338 1433.264237
0.0339 1438.931486
0.0340 1438.565103
0.0341 1443.178552
0.0342 1438.801233
0.0343 1441.434065
0.0344 1444.052604
0.0345 1440.670768
0.0346 1437.313244
0.0347 1434.959761
0.0348 1429.629977
0.0349 1423.321844
0.0350 1428.023439
0.0351 1438.691608
0.0352 1450.302893
0.0353 1466.848838
0.0354 1471.318841
0.0355 1481.683458
0.0356 1487.935626
0.0357 1495.037957
0.0358 1499.092959
0.0359 1506.112286
0.0360 1507.111639
0.0361 1499.134572
0.0362 1492.201236
0.0363 1480.313855
0.0364 1474.476688
0.0365 1466.683522
0.0366 1468.896643
0.0367 1474.076553
0.0368 1475.250406
0.0369 1482.398432
0.0370 1481.531014
0.0371 1482.585572
0.0372 1480.588203
0.0373 1483.513228
0.0374 1489.363306
0.0375 1492.145304
0.0376 1501.764393
0.0377 1508.234361
0.0378 1510.643393
0.0379 1514.945072
0.0380 1511.245588
0.0381 1508.566045
0.0382 1513.876828
0.0383 1511.173657
0.0384 1511.485108
0.0385 1505.802419
0.0386 1496.165211
0.0387 1488.512942
0.0388 1481.837553
0.0389 1485.164323
0.0390 1479.502570
0.0391 1476.864420
0.0392 1466.238958
0.0393 1453.688783
0.0394 1448.200559
0.0395 1450.711694
0.0396 1448.236264
0.0397 1450.748810
0.0398 1449.264700
0.0399 1445.637555
0.0400 1446.028392
0.0401 1446.416440
0.0402 1449.794468
0.0403 1449.104645
0.0404 1448.347932
0.0405 1444.604556
0.0406 1444.863565
0.0407 1441.125794
0.0408 1449.384170
0.0409 1446.559462
0.0410 1442.690302
0.0411 1445.826096
0.0412 1446.952022
0.0413 1450.065580
0.0414 1446.176920
0.0415 1439.283160
0.0416 1431.181827
0.0417 1415.936916
0.0418 1375.780236
0.0419 1333.867251
0.0420 1311.112370
0.0421 1283.386402
0.0422 1269.738218
0.0423 1256.105655
0.0424 1248.470519
0.0425 1231.875343
0.0426 1222.237667
0.0427 1216.644237
0.0428 1215.063034
0.0429 1216.490177
0.0430 1211.918262
0.0431 1205.368071
0.0432 1199.850234
0.0433 1190.372609
0.0434 1190.924693
0.0435 1187.492035
0.0436 1179.074210
0.0437 1169.715066
0.0438 1168.390985
0.0439 1169.066750
0.0440 1164.743862
0.0441 1154.459406
0.0442 1153.208533
0.0443 1151.972971
0.0444 1151.739317
0.0445 1154.496108
0.0446 1152.248484
0.0447 1151.017027
0.0448 1144.803079
0.0449 1141.611597
0.0450 1139.429320
0.0451 1135.251440
0.0452 1124.005235
0.0453 1116.800470
0.0454 1109.640679
0.0455 1100.536345
0.0456 1100.447064
0.0457 1092.375872
0.0458 1097.304984
0.0459 1098.221777
0.0460 1096.144076
0.0461 1095.071920
0.0462 1095.002073
0.0463 1088.947423
0.0464 1090.024218
0.0465 1092.251693
0.0466 1092.467231
0.0467 1092.678450
0.0468 1086.904814
0.0469 1082.164382
0.0470 1083.432082
0.0471 1079.706631
0.0472 1076.992735
0.0473 1076.290054
0.0474 1074.586136
0.0475 1073.867158
0.0476 1065.072544
0.0477 1039.358962
0.0478 1013.799650
0.0479 986.382691
0.0480 984.034835
0.0481 987.664136
0.0482 983.181722
0.0483 976.739294
0.0484 969.327184
0.0485 967.944857
0.0486 963.570176
0.0487 966.195503
0.0488 962.724954
0.0489 963.220651
0.0490 965.718350
0.0491 965.207651
0.0492 965.700079
0.0493 966.193855
0.0494 966.681251
0.0495 972.145547
0.0496 974.597533
0.0497 972.047963
0.0498 968.519298
0.0499 953.036249
0.0500 931.648548
0.0501 916.296970
0.0502 907.944215
0.0503 906.619180
0.0504 899.310391
0.0505 895.033653
0.0506 894.662508
0.0507 892.274628
0.0508 890.834498
0.0509 888.334302
0.0510 884.850660
0.0511 886.371866
0.0512 880.892220
0.0513 880.423560
0.0514 877.967840
0.0515 874.526936
0.0516 869.125508
0.0517 867.737313
0.0518 859.363572
0.0519 863.003956
0.0520 855.671123
0.0521 838.381600
0.0522 830.169887
0.0523 820.011235
0.0524 815.889778
0.0525 811.788546
0.0526 812.698219
0.0527 819.552594
0.0528 821.282990
0.0529 804.054024
0.0530 793.906996
0.0531 788.796986
0.0532 775.737459
0.0533 784.690266
0.0534 783.616263
0.0535 787.539035
0.0536 784.449515
0.0537 767.397538
0.0538 738.509396
0.0539 728.698101
0.0540 717.954761
0.0541 714.245061
0.0542 709.558436
0.0543 714.875454
0.0544 712.175559
0.0545 714.495304
0.0546 722.784659
0.0547 721.046310
0.0548 723.309974
0.0549 723.569154
0.0550 723.836414
0.0551 720.092585
0.0552 723.359262
0.0553 724.613505
0.0554 730.837040
0.0555 728.058094
0.0556 731.286164
0.0557 736.485542
0.0558 733.680749
0.0559 735.882706
0.0560 745.036349
0.0561 744.175563
0.0562 742.322267
0.0563 739.482005
0.0564 726.689739
0.0565 721.934184
0.0566 708.235167
0.0567 699.593389
0.0568 694.988028
0.0569 687.405610
0.0570 683.862190
0.0571 684.335834
0.0572 681.806180
0.0573 675.308505
0.0574 665.839519
0.0575 658.421994
0.0576 654.035469
0.0577 651.673546
0.0578 642.334527
0.0579 643.025596
0.0580 646.704378
0.0581 643.383176
0.0582 645.056679
0.0583 641.734641
0.0584 638.440237
0.0585 635.162002
0.0586 632.891723
0.0587 605.701700
0.0588 564.695044
0.0589 536.875085
0.0590 508.205619
0.0591 494.651411
0.0592 476.169743
0.0593 468.778297
0.0594 450.442425
0.0595 449.162984
0.0596 447.900644
0.0597 448.626050
0.0598 447.357323
0.0599 448.089797
0.0600 447.817231
0.0601 446.553729
0.0602 446.286451
0.0603 449.022770
0.0604 456.722566
0.0605 458.404291
0.0606 469.050132
0.0607 469.672538
0.0608 470.293459
0.0609 468.908049
0.0610 472.520457
0.0611 469.141050
0.0612 463.752465
0.0613 443.465026
0.0614 425.278003
0.0615 404.191330
0.0616 386.207226
0.0617 368.328127
0.0618 361.507128
0.0619 347.733871
0.0620 346.008119
0.0621 345.295683
0.0622 338.602017
0.0623 333.919890
0.0624 330.274084
0.0625 338.610437
0.0626 351.890006
0.0627 361.106517
0.0628 368.288288
0.0629 371.444830
0.0630 378.556985
0.0631 373.669746
0.0632 382.774579
0.0633 397.819388
0.0634 408.787871
0.0635 405.742255
0.0636 404.700271
0.0637 408.644728
0.0638 404.605357
0.0639 384.607146
0.0640 359.753541
0.0641 342.001602
0.0642 328.324527
0.0643 291.776185
0.0644 241.471619
0.0645 207.408464
0.0646 183.479303
0.0647 170.508766
0.0648 150.787258
0.0649 148.254491
0.0650 147.753501
0.0651 144.239901
0.0652 150.782791
0.0653 167.660477
0.0654 176.637930
0.0655 176.630297
0.0656 188.593966
0.0657 188.541084
0.0658 195.437611
0.0659 207.303848
0.0660 219.070192
0.0661 230.671551
0.0662 242.208329
0.0663 238.729812
0.0664 251.222449
0.0665 256.537836
0.0666 259.821111
0.0667 271.059176
0.0668 275.259298
0.0669 282.432837
0.0670 293.551987
0.0671 306.621511
0.0672 316.619331
0.0673 319.580061
0.0674 323.517340
0.0675 329.442922
0.0676 338.311647
0.0677 322.189333
0.0678 297.181985
0.0679 278.312979
0.0680 254.559313
0.0681 228.915895
0.0682 209.402561
0.0683 197.979013
0.0684 189.618498
0.0685 181.224624
0.0686 176.783611
0.0687 180.368400
0.0688 189.913224
0.0689 197.418018
0.0690 204.872468
0.0691 211.296150
0.0692 217.675503
0.0693 224.023771
0.0694 220.381888
0.0695 217.741344
0.0696 222.108430
0.0697 211.554641
0.0698 212.087001
0.0699 203.668656
0.0700 201.249917
0.0701 190.863980
0.0702 187.502298
0.0703 194.162824
0.0704 196.794107
0.0705 199.414825
0.0706 202.009143
0.0707 192.632479
0.0708 185.418381
0.0709 182.207552
0.0710 189.820662
0.0711 193.326270
0.0712 203.801481
0.0713 200.258449
0.0714 194.731355
0.0715 201.196084
0.0716 204.644945
0.0717 213.049844
0.0718 219.437044
0.0719 233.758593
0.0720 241.872686
0.0721 265.915043
0.0722 274.859349
0.0723 288.748899
0.0724 292.578664
0.0725 303.373341
0.0726 309.130190
0.0727 312.871398
0.0728 309.604064
0.0729 316.309210
0.0730 319.996657
0.0731 329.660494
0.0732 349.235699
0.0733 357.736489
0.0734 362.211461
0.0735 367.661415
0.0736 369.089593
0.0737 368.518081
0.0738 369.938659
0.0739 367.360238
0.0740 361.819140
0.0741 365.257210
0.0742 365.709965
0.0743 377.118339
0.0744 380.496988
0.0745 377.854736
0.0746 373.236143
0.0747 372.640875
0.0748 369.060435
0.0749 367.490203
0.0750 364.941099
0.0751 364.392816
0.0752 369.814888
0.0753 371.228506
0.0754 370.643611
0.0755 377.045673
0.0756 381.415406
0.0757 388.764410
0.0758 386.079876
0.0759 390.397898
0.0760 393.694998
0.0761 391.003043
0.0762 395.289944
0.0763 393.588893
0.0764 386.890873
0.0765 389.205956
0.0766 388.517656
0.0767 388.841876
0.0768 388.162951
0.0769 389.469277
0.0770 390.796911
0.0771 389.104938
0.0772 389.415751
0.0773 392.715189
0.0774 391.016114
0.0775 396.303859
0.0776 393.594333
0.0777 395.875704
0.0778 390.174550
0.0779 379.513947
0.0780 373.891890
0.0781 374.277631
0.0782 365.709019
0.0783 364.155591
0.0784 365.607197
0.0785 358.065211
0.0786 356.556993
0.0787 353.061496
0.0788 342.605190
0.0789 335.192975
0.0790 333.801045
0.0791 328.431225
0.0792 316.099098
0.0793 310.825921
0.0794 318.545864
0.0795 320.244742
0.0796 314.945114
0.0797 311.670369
0.0798 309.415733
0.0799 307.175082
0.0800 308.920695
0.0801 309.655037
0.0802 317.362761
0.0803 312.081540
0.0804 318.793801
0.0805 322.474693
0.0806 326.135980
0.0807 318.811577
0.0808 309.544178
0.0809 312.276704
0.0810 309.999072
0.0811 312.725422
0.0812 315.440162
0.0813 313.155819
0.0814 310.892042
0.0815 308.628163
0.0816 315.362157
0.0817 321.059102
0.0818 320.741394
0.0819 319.438416
0.0820 315.143981
0.0821 312.856869
0.0822 303.610111
0.0823 277.322606
0.0824 263.144198
0.0825 240.075849
0.0826 215.136534
0.0827 197.295343
0.0828 182.547769
0.0829 170.868598
0.0830 164.245999
0.0831 166.631330
0.0832 169.991069
0.0833 176.334059
0.0834 178.652094
0.0835 180.953492
0.0836 189.225845
0.0837 201.446816
0.0838 196.651521
0.0839 198.855565
0.0840 206.037331
0.0841 210.197221
0.0842 215.317622
0.0843 222.404479
0.0844 219.490878
0.0845 230.550324
0.0846 241.545553
0.0847 244.514438
0.0848 240.480640
0.0849 238.469748
0.0850 243.448897
0.0851 246.392523
0.0852 251.332174
0.0853 247.269251
0.0854 243.213641
0.0855 246.177905
0.0856 248.124774
0.0857 248.063433
0.0858 248.992603
0.0859 247.932830
0.0860 257.837621
0.0861 259.721959
0.0862 260.618629
0.0863 244.521604
0.0864 232.508986
0.0865 209.597993
0.0866 188.788456
0.0867 161.116571
0.0868 119.652128
0.0869 101.328040
0.0870 84.093166
0.0871 65.969580
0.0872 52.918195
0.0873 39.933325
0.0874 34.011372
0.0875 15.161085
0.0876 16.350225
0.0877 9.546257
0.0878 11.745919
0.0879 6.048478
0.0880 7.550066
0.0881 5.069138
0.0882 2.713751
0.0883 2.366565
0.0884 0.114678
0.0885 4.777737
0.0886 0.440246
0.0887 3.285786
0.0888 3.209556
0.0889 4.131150
0.0890 1.052867
0.0891 3.978497
0.0892 2.082986
0.0893 2.275548
0.0894 1.473287
0.0895 1.887577
0.0896 1.489695
0.0897 2.189701
0.0898 1.920228
0.0899 2.802404
0.0900 2.998870
0.0901 0.132913
0.0902 0.609738
0.0903 2.105995
0.0904 2.632268
0.0905 2.247830
0.0906 0.150270
0.0907 2.189865
0.0908 0.395838
0.0909 2.603880
0.0910 1.723784
0.0911 0.990456
0.0912 1.342916
0.0913 0.841773
0.0914 3.316612
0.0915 1.791318
0.0916 2.123574
0.0917 0.541529
0.0918 1.093788
0.0919 4.836363
0.0920 0.654508
0.0921 4.632389
0.0922 2.643360
0.0923 2.652254
0.0924 1.662181
0.0925 1.670608
0.0926 0.431117
0.0927 0.403723
0.0928 0.503902
0.0929 5.616765
0.0930 2.729854
0.0931 1.873345
0.0932 0.098932
0.0933 0.496475
0.0934 0.185682
0.0935 1.268938
0.0936 1.285050
0.0937 0.140933
0.0938 1.956082
0.0939 4.656694
0.0940 1.296116
0.0941 1.220516
0.0942 2.528762
0.0943 -0.259190
0.0944 2.881002
0.0945 2.028384
0.0946 1.114334
0.0947 1.192237
0.0948 2.311258
0.0949 2.687118
0.0950 2.179061
0.0951 1.619986
0.0952 1.104103
0.0953 2.587022
0.0954 1.513531
0.0955 1.536140
0.0956 1.765489
0.0957 4.270864
0.0958 2.166808
0.0959 2.956834
0.0960 0.815089
0.0961 0.650812
0.0962 6.530651
0.0963 3.228735
0.0964 3.905550
0.0965 1.472205
0.0966 1.311697
0.0967 1.542500
0.0968 2.969895
0.0969 1.462133
0.0970 4.018465
0.0971 1.719229
0.0972 2.349467
0.0973 2.181348
0.0974 2.363967
0.0975 1.685385
0.0976 2.860048
0.0977 1.885926
0.0978 1.156496
0.0979 4.718916
0.0980 4.195430
0.0981 3.403953
0.0982 1.467742
0.0983 1.502873
0.0984 3.597780
0.0985 2.580732
0.0986 4.472377
0.0987 3.353885
0.0988 0.132238
0.0989 3.083221
0.0990 3.236172
0.0991 6.338112
0.0992 0.593229
0.0993 3.966566
0.0994 5.392150
0.0995 2.624971
0.0996 2.809231
0.0997 5.936903
0.0998 7.143927
0.0999 2.470677
0.1000 7.785564
0.1001 4.070746
0.1002 2.175512
0.1003 3.292372
0.1004 3.503168
0.1005 5.963767
0.1006 4.515110
0.1007 4.030459
0.1008 3.589335
0.1009 2.214882
0.1010 4.799903
0.1011 3.435372
0.1012 3.980804
0.1013 2.393371
0.1014 6.678803
0.1015 3.949150
0.1016 7.895355
0.1017 4.732081
0.1018 8.337222
0.1019 3.196811
0.1020 5.165376
0.1021 5.462359
0.1022 6.871686
0.1023 5.250885
0.1024 5.390918
0.1025 7.400769
0.1026 5.437332
0.1027 5.380172
0.1028 5.157464
0.1029 10.817980
0.1030 8.804083
0.1031 9.936033
0.1032 6.175857
0.1033 8.737965
0.1034 5.460637
0.1035 6.268283
0.1036 14.120928
0.1037 5.738432
0.1038 7.315759
0.1039 6.856804
0.1040 12.386701
0.1041 9.660100
0.1042 5.785288
0.1043 5.772632
0.1044 9.490616
0.1045 11.955048
0.1046 10.234711
0.1047 13.493672
0.1048 14.730853
0.1049 7.881707
0.1050 13.121456
0.1051 10.563107
0.1052 13.659841
0.1053 11.375730
0.1054 10.894008
0.1055 8.418854
0.1056 10.071261
0.1057 10.843554
0.1058 8.640261
0.1059 15.308504
0.1060 8.866606
0.1061 17.123251
0.1062 8.350620
0.1063 6.584644
0.1064 13.806557
0.1065 13.169168
0.1066 12.581836
0.1067 17.866518
0.1068 22.502149
0.1069 18.229718
0.1070 29.827997
0.1071 20.421003
0.1072 17.162316
0.1073 12.924084
0.1074 15.744165
0.1075 23.600564
0.1076 21.302646
0.1077 20.990522
0.1078 23.530141
0.1079 26.077593
0.1080 16.493786
0.1081 15.835248
0.1082 19.195383
0.1083 25.425807
0.1084 15.337974
0.1085 18.145918
0.1086 20.893857
0.1087 22.510317
0.1088 20.107788
0.1089 21.786850
0.1090 16.369867
0.1091 19.819903
0.1092 26.197292
0.1093 27.441439
0.1094 45.454721
0.1095 55.183427
0.1096 46.740926
0.1097 57.279438
0.1098 57.784503
0.1099 61.157174
0.1100 78.452109
0.1101 87.410649
0.1102 90.268524
0.1103 101.042300
0.1104 136.715338
0.1105 172.167369
0.1106 194.395018
0.1107 252.360815
0.1108 287.068965
0.1109 326.509918
0.1110 357.707213
0.1111 394.583139
0.1112 420.307892
0.1113 451.865173
0.1114 484.239683
0.1115 523.438522
0.1116 556.437611
0.1117 592.230647
0.1118 621.852103
0.1119 656.301793
0.1120 684.605966
0.1121 707.709943
0.1122 740.470681
0.1123 775.882597
0.1124 798.008355
0.1125 821.031085
0.1126 842.909449
0.1127 862.595651
0.1128 886.056611
0.1129 898.362814
0.1130 911.580364
0.1131 928.608634
0.1132 950.525219
0.1133 962.353677
0.1134 990.075541
0.1135 1007.676417
0.1136 1029.179665
0.1137 1030.610545
0.1138 1040.999180
0.1139 1061.233559
0.1140 1076.209446
0.1141 1088.096657
0.1142 1087.938626
0.1143 1101.762415
0.1144 1121.478096
0.1145 1135.104593
0.1146 1152.651845
0.1147 1169.112636
0.1148 1177.405601
0.1149 1186.524385
0.1150 1199.549559
0.1151 1205.514671
0.1152 1213.445600
0.1153 1218.350578
0.1154 1227.210400
0.1155 1235.938983
0.1156 1245.435781
0.1157 1253.884128
0.1158 1262.292943
0.1159 1271.642270
0.1160 1271.965046
0.1161 1272.297270
0.1162 1276.610086
0.1163 1286.873708
0.1164 1286.126693
0.1165 1289.366249
0.1166 1304.566062
0.1167 1307.602072
0.1168 1312.581699
0.1169 1318.535878
0.1170 1321.470572
0.1171 1321.386633
0.1172 1325.159026
0.1173 1327.917001
0.1174 1329.844709
0.1175 1332.854011
0.1176 1329.852320
0.1177 1333.860832
0.1178 1332.846426
0.1179 1330.811219
0.1180 1332.675914
0.1181 1330.544930
0.1182 1329.422258
0.1183 1328.283591
0.1184 1328.169705
0.1185 1319.087992
0.1186 1319.032364
0.1187 1319.969090
0.1188 1317.909005
0.1189 1315.853985
0.1190 1313.816964
0.1191 1319.652856
0.1192 1321.444520
0.1193 1318.242930
0.1194 1321.043205
0.1195 1313.857217
0.1196 1300.684599
0.1197 1299.459152
0.1198 1292.262978
0.1199 1279.019481
0.1200 1268.813795
0.1201 1269.526775
0.1202 1269.197168
0.1203 1269.862428
0.1204 1267.529774
0.1205 1262.212599
0.1206 1255.936084
0.1207 1252.696515
0.1208 1243.481058
0.1209 1230.234697
0.1210 1225.988500
0.1211 1234.731938
0.1212 1232.465143
0.1213 1227.210261
0.1214 1232.935271
0.1215 1226.692187
0.1216 1228.434426
0.1217 1218.217874
0.1218 1213.042923
0.1219 1212.878521
0.1220 1205.730339
0.1221 1203.612673
0.1222 1192.538417
0.1223 1183.518423
0.1224 1178.521175
0.1225 1175.433104
0.1226 1164.376565
0.1227 1162.344137
0.1228 1155.326300
0.1229 1157.333918
0.1230 1159.325774
0.1231 1151.340869
0.1232 1146.391200
0.1233 1141.331552
0.1234 1140.293240
0.1235 1134.263935
0.1236 1139.243032
0.1237 1130.105604
0.1238 1131.972661
0.1239 1128.851751
0.1240 1123.749562
0.1241 1115.661805
0.1242 1107.647435
0.1243 1105.644453
0.1244 1106.647026
0.1245 1105.660459
0.1246 1095.698483
0.1247 1082.804323
0.1248 1073.967908
0.1249 1064.178327
0.1250 1059.415220
0.1251 1056.677108
0.1252 1049.964417
0.1253 1042.302388
0.1254 1047.634510
0.1255 1044.964203
0.1256 1035.328600
0.1257 1031.736831
0.1258 1033.040133
0.1259 1031.315337
0.1260 1031.587108
0.1261 1031.829836
0.1262 1028.116886
0.1263 1025.421305
0.1264 1017.739345
0.1265 1019.083151
0.1266 1016.432128
0.1267 1017.783225
0.1268 1015.136083
0.1269 1012.499005
0.1270 999.895621
0.1271 971.426554
0.1272 957.070197
0.1273 935.799106
0.1274 921.633560
0.1275 914.520100
0.1276 903.445673
0.1277 899.432438
0.1278 884.440916
0.1279 878.518022
0.1280 879.607722
0.1281 874.713049
0.1282 871.836374
0.1283 872.962311
0.1284 872.091306
0.1285 867.228380
0.1286 874.367876
0.1287 870.494306
0.1288 865.639929
0.1289 856.826274
0.1290 850.047501
0.1291 852.288543
0.1292 849.526837
0.1293 848.779540
0.1294 850.039957
0.1295 850.278155
0.1296 850.524330
0.1297 848.772293
0.1298 856.009603
0.1299 852.221875
0.1300 849.458122
0.1301 854.690779
0.1302 857.903519
0.1303 856.122184
0.1304 843.362953
0.1305 837.661226
0.1306 832.991374
0.1307 830.331253
0.1308 827.582975
0.1309 819.832672
0.1310 815.132952
0.1311 811.433557
0.1312 802.771732
0.1313 799.143807
0.1314 799.522495
0.1315 798.905448
0.1316 797.299689
0.1317 794.702489
0.1318 798.090376
0.1319 798.489752
0.1320 795.887799
0.1321 798.275905
0.1322 795.668086
0.1323 802.061819
0.1324 797.436997
0.1325 796.833450
0.1326 792.248503
0.1327 787.688325
0.1328 784.144004
0.1329 779.627012
0.1330 777.098729
0.1331 779.461150
0.1332 773.829734
0.1333 771.223340
0.1334 768.638480
0.1335 772.041863
0.1336 767.454529
0.1337 762.884161
0.1338 764.328590
0.1339 762.779448
0.1340 765.217131
0.1341 768.642020
0.1342 763.072092
0.1343 757.537866
0.1344 764.992152
0.1345 756.446516
0.1346 753.935090
0.1347 753.431768
0.1348 753.923245
0.1349 748.428663
0.1350 738.971815
0.1351 741.542055
0.1352 737.108621
0.1353 743.561394
0.1354 739.979197
0.1355 730.431274
0.1356 721.934943
0.1357 713.483781
0.1358 698.005052
0.1359 670.596271
0.1360 644.349458
0.1361 608.276792
0.1362 591.337049
0.1363 578.469551
0.1364 560.673688
0.1365 557.953973
0.1366 553.249553
0.1367 547.539017
0.1368 548.718781
0.1369 550.898836
0.1370 559.069732
0.1371 562.194854
0.1372 559.329353
0.1373 563.449291
0.1374 566.555516
0.1375 568.651357
0.1376 573.722646
0.1377 571.783037
0.1378 567.863400
0.1379 569.942649
0.1380 574.004222
0.1381 577.049614
0.1382 580.080789
0.1383 577.111720
0.1384 576.151315
0.1385 565.219833
0.1386 562.317265
0.1387 560.424523
0.1388 544.588302
0.1389 538.812223
0.1390 537.065693
0.1391 534.344442
0.1392 535.608260
0.1393 536.862840
0.1394 531.145168
0.1395 528.429319
0.1396 522.745944
0.1397 511.116157
0.1398 501.545873
0.1399 496.011474
0.1400 490.492355
0.1401 490.987241
0.1402 487.490307
0.1403 491.003596
0.1404 485.515891
0.1405 486.038241
0.1406 489.555037
0.1407 492.053082
0.1408 488.557191
0.1409 481.080110
0.1410 462.684839
0.1411 447.387268
0.1412 438.141429
0.1413 429.947003
0.1414 423.781839
0.1415 396.720108
0.1416 371.786001
0.1417 345.942019
0.1418 316.168025
0.1419 309.483465
0.1420 296.863633
0.1421 297.261509
0.1422 270.737318
0.1423 249.329821
0.1424 231.056619
0.1425 216.854500
0.1426 197.728050
0.1427 161.740337
0.1428 125.939617
0.1429 105.317771
0.1430 102.767660
0.1431 105.208431
0.1432 96.668215
0.1433 89.177095
0.1434 100.667820
0.1435 113.090103
0.1436 116.473391
0.1437 135.799409
0.1438 147.054520
0.1439 158.223947
0.1440 163.360538
0.1441 177.453701
0.1442 179.488701
0.1443 176.536174
0.1444 176.590808
0.1445 172.661766
0.1446 180.726779
0.1447 185.742419
0.1448 184.751555
0.1449 180.762909
0.1450 183.776120
0.1451 166.834810
0.1452 152.988530
0.1453 150.181511
0.1454 154.364167
0.1455 154.540589
0.1456 144.736245
0.1457 134.007186
0.1458 128.304503
0.1459 130.611497
0.1460 134.909230
0.1461 143.183928
0.1462 147.411426
0.1463 144.624689
0.1464 149.841117
0.1465 140.071426
0.1466 131.328456
0.1467 117.662768
0.1468 92.110466
0.1469 93.623340
0.1470 78.152021
0.1471 60.793786
0.1472 54.490746
0.1473 33.258035
0.1474 27.102979
0.1475 22.965187
0.1476 26.844859
0.1477 20.718953
0.1478 12.664912
0.1479 11.774077
0.1480 12.119630
0.1481 11.588537
0.1482 8.070598
0.1483 8.454109
0.1484 8.826495
0.1485 9.242667
0.1486 6.740067
0.1487 4.251328
0.1488 8.755866
0.1489 6.264189
0.1490 2.686159
0.1491 4.391823
0.1492 3.222712
0.1493 0.517307
0.1494 3.835912
0.1495 6.151025
0.1496 9.472611
0.1497 5.656783
0.1498 7.916001
0.1499 3.377239
0.1500 4.962320
0.1501 4.551566
0.1502 1.315095
0.1503 3.255115
0.1504 6.251414
0.1505 4.198054
0.1506 9.056819
0.1507 1.917079
0.1508 3.674584
0.1509 1.270511
0.1510 2.865607
0.1511 0.574547
0.1512 2.312054
0.1513 3.042386
0.1514 2.769154
0.1515 3.554832
0.1516 4.680665
0.1517 1.900069
0.1518 0.290881
0.1519 2.688375
0.1520 2.085869
0.1521 2.449079
0.1522 2.810037
0.1523 0.378839
0.1524 1.182801
0.1525 5.107124
0.1526 2.212215
0.1527 4.406873
0.1528 1.495983
0.1529 1.565235
0.1530 4.759087
0.1531 2.231379
0.1532 2.707872
0.1533 2.252523
0.1534 1.947413
0.1535 1.682334
0.1536 1.420697
0.1537 2.163214
0.1538 1.079615
0.1539 4.115998
0.1540 1.124702
0.1541 2.026612
0.1542 2.894859
0.1543 0.870683
0.1544 2.890591
0.1545 2.897738
0.1546 1.802984
0.1547 4.676424
0.1548 3.544119
0.1549 2.610238
0.1550 2.747285
0.1551 4.901676
0.1552 2.252448
0.1553 3.900140
0.1554 2.482844
0.1555 3.081101
0.1556 1.678959
0.1557 2.256509
0.1558 0.881367
0.1559 5.643079
0.1560 1.580048
0.1561 3.599664
0.1562 2.809615
0.1563 2.920770
0.1564 1.997825
0.1565 4.129640
0.1566 2.075544
0.1567 2.001444
0.1568 2.127623
0.1569 2.480145
0.1570 5.959741
0.1571 3.433459
0.1572 4.841725
0.1573 1.379677
0.1574 3.326648
0.1575 4.344582
0.1576 2.485725
0.1577 6.951210
0.1578 2.486664
0.1579 6.790799
0.1580 5.174503
0.1581 3.586655
0.1582 7.096087
0.1583 1.620151
0.1584 2.067046
0.1585 6.400881
0.1586 1.758952
0.1587 2.178457
0.1588 2.548452
0.1589 5.829646
0.1590 7.031756
0.1591 2.494634
0.1592 1.785233
0.1593 5.061713
0.1594 5.337214
0.1595 2.617378
0.1596 1.010176
0.1597 7.417344
0.1598 5.753021
0.1599 5.234533
0.1600 5.562552
0.1601 4.011866
0.1602 6.663607
0.1603 4.302280
0.1604 9.863266
0.1605 4.436929
0.1606 6.975757
0.1607 7.527759
0.1608 4.125456
0.1609 2.602318
0.1610 5.279054
0.1611 8.906230
0.1612 5.331930
0.1613 4.791630
0.1614 5.263423
0.1615 5.800281
0.1616 4.405350
0.1617 6.083947
0.1618 5.833460
0.1619 8.634440
0.1620 4.391964
0.1621 5.220944
0.1622 6.052138
0.1623 3.939080
0.1624 2.968356
0.1625 3.906338
0.1626 6.740279
0.1627 2.546653
0.1628 5.228910
0.1629 3.944571
0.1630 7.759195
0.1631 2.760871
0.1632 6.702218
0.1633 11.640339
0.1634 3.495551
0.1635 3.307518
0.1636 5.128796
0.1637 4.153068
0.1638 6.170979
0.1639 4.358414
0.1640 6.570975
0.1641 6.768932
0.1642 2.925191
0.1643 6.140605
0.1644 11.204826
0.1645 3.863438
0.1646 6.411444
0.1647 8.781336
0.1648 3.142442
0.1649 3.403992
0.1650 12.811825
0.1651 14.332388
0.1652 6.828199
0.1653 3.263801
0.1654 6.903363
0.1655 9.481940
0.1656 5.796027
0.1657 3.055746
0.1658 12.520841
0.1659 8.181821
0.1660 7.841771
0.1661 5.509900
0.1662 8.356724
0.1663 8.395576
0.1664 9.449282
0.1665 11.504528
0.1666 7.586989
0.1667 9.767667
0.1668 6.640942
0.1669 10.427152
0.1670 6.221576
0.1671 9.075301
0.1672 12.000116
0.1673 12.046589
0.1674 13.083567
0.1675 8.983492
0.1676 13.754281
0.1677 21.512558
0.1678 14.362366
0.1679 21.965848
0.1680 19.447641
0.1681 31.904661
0.1682 26.307036
0.1683 22.587545
0.1684 32.868357
0.1685 33.118467
0.1686 41.298451
0.1687 38.432039
0.1688 40.506874
0.1689 52.422199
0.1690 43.303204
0.1691 48.163196
0.1692 56.941182
0.1693 55.532640
0.1694 61.108607
0.1695 55.689857
0.1696 56.272831
0.1697 50.859694
0.1698 52.397019
0.1699 59.791616
0.1700 50.095505
0.1701 66.295094
0.1702 75.288493
0.1703 105.016852
0.1704 126.411541
0.1705 138.663934
0.1706 154.750961
0.1707 169.503066
0.1708 208.951285
0.1709 232.190861
0.1710 273.228265
0.1711 307.947419
0.1712 350.419168
0.1713 388.607238
0.1714 423.599569
0.1715 459.277450
0.1716 491.605287
0.1717 519.763215
0.1718 536.677179
0.1719 568.474707
0.1720 601.093080
0.1721 634.541215
0.1722 661.822497
0.1723 679.979640
0.1724 707.000825
0.1725 739.885933
0.1726 759.638883
0.1727 790.138186
0.1728 822.438841
0.1729 835.601238
0.1730 849.715015
0.1731 871.729231
0.1732 894.548384
0.1733 919.173290
0.1734 937.677763
0.1735 935.138973
0.1736 931.642087
0.1737 931.145590
0.1738 933.608138
0.1739 920.126705
0.1740 924.669294
0.1741 936.165336
0.1742 956.541251
0.1743 977.578582
0.1744 983.525899
0.1745 986.479312
0.1746 1001.275227
0.1747 1008.968265
0.1748 1022.586028
0.1749 1038.149107
0.1750 1051.612605
0.1751 1065.952052
0.1752 1072.048364
0.1753 1076.061602
0.1754 1082.950704
0.1755 1085.752191
0.1756 1091.454487
0.1757 1097.132755
0.1758 1092.794575
0.1759 1098.475243
0.1760 1107.123371
0.1761 1122.688309
0.1762 1137.182342
0.1763 1144.613644
0.1764 1156.989337
0.1765 1163.211850
0.1766 1175.354063
0.1767 1195.406161
0.1768 1196.396598
0.1769 1203.157142
0.1770 1206.838713
0.1771 1211.500939
0.1772 1207.141496
0.1773 1210.663153
0.1774 1213.038186
0.1775 1218.398216
0.1776 1224.731245
0.1777 1229.031360
0.1778 1201.384136
0.1779 1166.790864
0.1780 1135.374368
0.1781 1129.051611
0.1782 1115.781244
0.1783 1112.305523
0.1784 1110.807622
0.1785 1110.329628
0.1786 1111.850252
0.1787 1119.277729
0.1788 1114.646936
0.1789 1112.025843
0.1790 1115.387819
0.1791 1119.750298
0.1792 1123.063578
0.1793 1129.361296
0.1794 1127.550485
0.1795 1126.715491
0.1796 1128.884418
0.1797 1128.042288
0.1798 1129.096023
0.1799 1140.095864
0.1800 1148.028460
0.1801 1155.926159
0.1802 1158.786574
0.1803 1160.647861
0.1804 1163.497655
0.1805 1156.350224
0.1806 1152.244109
0.1807 1153.148658
0.1808 1149.929554
0.1809 1141.707785
0.1810 1145.517036
0.1811 1151.309829
0.1812 1158.057205
0.1813 1157.773665
0.1814 1161.502087
0.1815 1164.199474
0.1816 1166.886825
0.1817 1173.545817
0.1818 1174.186427
0.1819 1177.819781
0.1820 1177.444704
0.1821 1177.058345
0.1822 1179.548060
0.1823 1183.015683
0.1824 1176.495863
0.1825 1173.999124
0.1826 1167.521446
0.1827 1165.072466
0.1828 1158.645516
0.1829 1153.248600
0.1830 1149.829020
0.1831 1137.358277
0.1832 1137.937216
0.1833 1134.512003
0.1834 1124.123616
0.1835 1094.849091
0.1836 1074.707955
0.1837 1064.622802
0.1838 1047.497659
0.1839 1033.393096
0.1840 1018.293733
0.1841 1014.251053
0.1842 1007.238081
0.1843 1000.270366
0.1844 1002.304127
0.1845 993.360762
0.1846 993.345447
0.1847 989.303645
0.1848 985.278002
0.1849 985.253359
0.1850 988.237857
0.1851 989.204770
0.1852 987.175054
0.1853 991.141464
0.1854 991.096486
0.1855 994.045008
0.1856 997.968129
0.1857 999.881342
0.1858 998.786637
0.1859 1001.694887
0.1860 1008.575201
0.1861 1010.427208
0.1862 1007.283539
0.1863 1012.140250
0.1864 1017.971144
0.1865 1018.778277
0.1866 1021.572289
0.1867 1027.348091
0.1868 1026.976872
0.1869 1025.608929
0.1870 1024.256746
0.1871 1019.910892
0.1872 1019.575910
0.1873 1022.232017
0.1874 1017.899316
0.1875 1012.583447
0.1876 1008.304507
0.1877 1009.036359
0.1878 1002.780464
0.1879 995.552595
0.1880 990.357927
0.1881 977.228860
0.1882 966.151306
0.1883 960.114367
0.1884 951.117550
0.1885 941.179935
0.1886 937.288159
0.1887 935.405188
0.1888 931.532257
0.1889 929.670522
0.1890 917.851753
0.1891 905.088913
0.1892 895.395080
0.1893 888.753417
0.1894 883.135635
0.1895 869.559607
0.1896 855.072785
0.1897 843.652268
0.1898 838.272845
0.1899 832.929770
0.1900 833.601656
0.1901 826.285871
0.1902 819.003731
0.1903 815.743552
0.1904 811.510659
0.1905 810.299733
0.1906 811.086135
0.1907 806.880938
0.1908 810.679041
0.1909 808.474870
0.1910 811.260997
0.1911 806.056740
0.1912 803.743936
0.1913 803.427753
0.1914 805.110496
0.1915 800.803883
0.1916 798.509892
0.1917 796.232988
0.1918 797.972339
0.1919 797.699184
0.1920 795.426776
0.1921 797.153084
0.1922 795.887762
0.1923 800.609719
0.1924 800.317028
0.1925 799.030210
0.1926 795.755842
0.1927 788.504506
0.1928 780.309674
0.1929 777.140074
0.1930 771.988364
0.1931 771.849085
0.1932 761.737680
0.1933 755.674014
0.1934 755.618175
0.1935 747.596774
0.1936 737.617845
0.1937 733.679080
0.1938 732.752872
0.1939 732.818991
0.1940 730.898855
0.1941 721.996202
0.1942 718.138707
0.1943 713.300245
0.1944 705.505736
0.1945 703.728210
0.1946 700.952706
0.1947 695.203153
0.1948 689.495464
0.1949 677.831093
0.1950 672.210502
0.1951 679.587293
0.1952 674.958730
0.1953 669.358795
0.1954 664.770653
0.1955 660.214613
0.1956 654.689596
0.1957 647.200122
0.1958 641.750318
0.1959 634.330486
0.1960 620.967112
0.1961 619.627288
0.1962 615.312494
0.1963 615.014863
0.1964 626.686888
0.1965 624.329683
0.1966 616.004914
0.1967 606.734257
0.1968 597.513858
0.1969 589.340968
0.1970 576.223450
0.1971 574.133648
0.1972 569.068801
0.1973 561.033296
0.1974 562.016350
0.1975 562.998206
0.1976 559.980624
0.1977 557.988109
0.1978 552.015595
0.1979 547.071913
0.1980 541.159268
0.1981 537.256289
0.1982 528.407719
0.1983 524.577285
0.1984 520.778269
0.1985 526.969521
0.1986 519.162189
0.1987 514.393361
0.1988 500.669611
0.1989 494.998527
0.1990 492.352207
0.1991 488.731193
0.1992 498.097453
0.1993 505.407052
0.1994 501.704008
0.1995 501.012142
0.1996 502.322771
0.1997 501.621718
0.1998 501.933907
0.1999 495.261747
0.2000 492.616665
0.2001 491.977168
0.2002 493.334562
0.2003 496.679444
0.2004 495.026468
0.2005 496.369642
0.2006 491.712109
0.2007 488.091763
0.2008 482.490748
0.2009 472.924536
0.2010 473.400773
0.2011 471.866390
0.2012 470.334729
0.2013 467.826077
0.2014 465.325255
0.2015 465.826406
0.2016 465.323386
0.2017 454.864601
0.2018 448.445024
0.2019 447.051341
0.2020 430.695105
0.2021 428.385399
0.2022 418.106950
0.2023 418.856838
0.2024 419.611218
0.2025 421.356801
0.2026 428.082529
0.2027 431.781044
0.2028 427.473383
0.2029 417.203983
0.2030 414.976670
0.2031 408.767024
0.2032 401.592354
0.2033 396.455059
0.2034 397.318888
0.2035 401.180251
0.2036 396.045323
0.2037 391.935820
0.2038 387.841579
0.2039 386.769006
0.2040 387.694121
0.2041 389.608325
0.2042 393.509935
0.2043 390.398556
0.2044 377.345269
0.2045 355.383812
0.2046 337.527739
0.2047 310.795758
0.2048 305.139032
0.2049 294.524464
0.2050 284.969309
0.2051 282.436320
0.2052 282.924401
0.2053 280.414100
0.2054 277.915784
0.2055 283.408054
0.2056 280.887444
0.2057 285.367326
0.2058 284.835881
0.2059 292.295412
0.2060 291.727453
0.2061 296.149238
0.2062 299.544304
0.2063 298.942876
0.2064 298.335815
0.2065 299.729158
0.2066 295.136696
0.2067 292.556486
0.2068 289.996360
0.2069 293.431543
0.2070 294.845952
0.2071 296.269275
0.2072 300.666733
0.2073 306.037280
0.2074 304.408004
0.2075 294.794308
0.2076 295.213519
0.2077 292.639161
0.2078 287.091626
0.2079 283.561688
0.2080 281.046595
0.2081 282.543257
0.2082 285.019879
0.2083 287.474142
0.2084 287.935689
0.2085 292.378118
0.2086 295.797841
0.2087 294.220121
0.2088 292.649091
0.2089 291.080743
0.2090 296.505731
0.2091 297.913174
0.2092 304.295713
0.2093 309.645015
0.2094 308.002645
0.2095 302.374050
0.2096 285.795736
0.2097 253.415344
0.2098 209.294344
0.2099 162.430504
0.2100 138.751994
0.2101 123.182552
0.2102 105.807100
0.2103 95.525423
0.2104 84.303084
0.2105 88.106994
0.2106 90.903961
0.2107 86.692559
0.2108 91.492988
0.2109 89.259905
0.2110 86.058020
0.2111 74.892560
0.2112 69.794862
0.2113 58.722642
0.2114 44.637910
0.2115 35.803638
0.2116 21.316115
0.2117 16.873335
0.2118 9.473502
0.2119 7.097449
0.2120 6.719313
0.2121 7.338088
0.2122 8.973952
0.2123 1.615367
0.2124 5.265598
0.2125 3.913712
0.2126 10.632377
0.2127 9.049151
0.2128 9.753038
0.2129 5.449816
0.2130 5.178285
0.2131 4.893100
0.2132 6.669147
0.2133 4.592818
0.2134 6.656800
0.2135 3.779815
0.2136 1.897034
0.2137 2.023808
0.2138 4.245189
0.2139 2.503474
0.2140 4.786103
0.2141 3.240182
0.2142 3.977981
0.2143 4.709552
0.2144 5.409957
0.2145 1.207019
0.2146 5.034460
0.2147 2.997194
0.2148 4.925601
0.2149 1.855602
0.2150 1.783600
0.2151 3.622476
0.2152 3.663090
0.2153 3.731339
0.2154 1.792471
0.2155 0.859279
0.2156 3.296613
0.2157 1.884596
0.2158 4.829068
0.2159 3.897636
0.2160 6.039668
0.2161 0.182605
0.2162 5.350626
0.2163 1.816578
0.2164 3.475895
0.2165 1.312080
0.2166 3.157161
0.2167 1.103348
0.2168 0.995217
0.2169 3.076254
0.2170 4.418296
0.2171 2.704584
0.2172 3.918403
0.2173 4.026248
0.2174 2.258267
0.2175 3.473971
0.2176 2.933605
0.2177 1.473370
0.2178 2.955549
0.2179 2.439237
0.2180 4.802971
0.2181 1.332883
0.2182 2.086806
0.2183 3.902021
0.2184 0.791428
0.2185 1.543946
0.2186 4.231054
0.2187 2.818205
0.2188 1.296380
0.2189 1.763550
0.2190 0.112378
0.2191 0.462438
0.2192 4.037275
0.2193 2.739107
0.2194 2.866376
0.2195 4.334942
0.2196 2.888282
0.2197 3.577663
0.2198 0.135142
0.2199 3.815718
0.2200 2.639927
0.2201 4.270383
0.2202 2.827907
0.2203 0.638794
0.2204 3.728329
0.2205 2.755800
0.2206 5.693337
0.2207 1.646894
0.2208 3.515932
0.2209 4.337406
0.2210 2.170900
0.2211 4.955465
0.2212 2.589665
0.2213 1.118721
0.2214 1.611152
0.2215 1.074419
0.2216 2.632856
0.2217 3.182932
0.2218 2.047943
0.2219 0.969795
0.2220 3.690854
0.2221 1.597334
0.2222 3.360014
0.2223 1.998850
0.2224 2.782071
0.2225 2.853963
0.2226 1.013321
0.2227 0.177879
0.2228 3.326025
0.2229 3.417374
0.2230 1.520261
0.2231 2.742228
0.2232 0.985391
0.2233 2.264101
0.2234 3.757018
0.2235 2.251221
0.2236 3.894761
0.2237 3.590160
0.2238 2.232046
0.2239 1.108749
0.2240 1.603232
0.2241 2.843589
0.2242 3.298822
0.2243 2.993315
0.2244 2.642224
0.2245 6.222249
0.2246 4.919068
0.2247 4.717188
0.2248 4.602463
0.2249 1.423393
0.2250 2.121538
0.2251 4.631377
0.2252 5.974515
0.2253 3.347794
0.2254 1.831607
0.2255 4.703288
0.2256 4.910962
0.2257 6.431487
0.2258 4.802537
0.2259 6.223110
0.2260 8.427394
0.2261 1.672893
0.2262 0.963600
0.2263 5.413141
0.2264 4.935631
0.2265 4.305462
0.2266 3.896968
0.2267 4.595251
0.2268 3.361014
0.2269 5.319817
0.2270 4.270414
0.2271 5.254036
0.2272 5.337497
0.2273 6.559297
0.2274 2.789477
0.2275 6.997185
0.2276 3.221762
0.2277 5.413889
0.2278 4.629743
0.2279 6.698502
0.2280 7.504415
0.2281 5.157197
0.2282 4.876887
0.2283 4.660354
0.2284 6.746433
0.2285 8.724881
0.2286 8.450681
0.2287 5.077502
0.2288 8.621545
0.2289 10.165115
0.2290 5.851767
0.2291 9.452743
0.2292 7.875548
0.2293 6.867284
0.2294 6.730810
0.2295 6.679162
0.2296 10.738506
0.2297 5.718219
0.2298 6.466662
0.2299 2.104514
0.2300 9.853278
0.2301 6.615174
0.2302 7.252910
0.2303 10.725985
0.2304 13.185471
0.2305 15.557357
0.2306 10.962591
0.2307 9.157019
0.2308 10.359244
0.2309 8.659948
0.2310 8.911001
0.2311 9.470304
0.2312 9.078982
0.2313 9.921022
0.2314 8.897442
0.2315 13.079538
0.2316 9.452848
0.2317 13.124254
0.2318 10.434890
0.2319 14.544777
0.2320 17.575733
0.2321 13.492256
0.2322 10.470025
0.2323 15.493085
0.2324 12.808038
0.2325 14.058996
0.2326 15.368487
0.2327 10.702174
0.2328 13.973724
0.2329 21.045961
0.2330 28.083154
0.2331 20.822612
0.2332 23.510356
0.2333 23.183407
0.2334 31.910196
0.2335 28.451494
0.2336 34.753772
0.2337 39.866433
0.2338 46.947707
0.2339 35.968667
0.2340 52.904634
0.2341 52.939675
0.2342 50.117400
0.2343 51.283213
0.2344 49.332429
0.2345 57.366296
0.2346 52.197685
0.2347 60.224267
0.2348 63.205878
0.2349 72.899080
0.2350 76.497335
0.2351 83.002967
0.2352 86.296546
0.2353 103.432006
0.2354 108.422205
0.2355 106.316408
0.2356 122.963902
0.2357 134.398980
0.2358 145.605574
0.2359 150.628343
0.2360 138.559660
0.2361 147.512264
0.2362 162.278397
0.2363 175.691128
0.2364 201.981665
0.2365 220.036645
0.2366 262.901885
0.2367 293.608620
0.2368 313.087787
0.2369 357.330539
0.2370 400.329998
0.2371 446.089015
0.2372 484.626219
0.2373 524.784801
0.2374 562.481693
0.2375 606.946941
0.2376 661.030281
0.2377 684.774170
0.2378 715.241980
0.2379 722.638370
0.2380 759.878631
0.2381 775.996253
0.2382 807.999100
0.2383 827.838656
0.2384 870.534385
0.2385 896.015958
0.2386 937.328015
0.2387 966.454947
0.2388 992.360176
0.2389 1026.053833
0.2390 1057.522884
0.2391 1086.421217
0.2392 1092.098496
0.2393 1102.629457
0.2394 1118.108337
0.2395 1126.519940
0.2396 1154.677843
0.2397 1179.637560
0.2398 1198.341855
0.2399 1221.872690
0.2400 1247.261690
0.2401 1265.541076
0.2402 1280.689752
0.2403 1285.621631
0.2404 1302.308798
0.2405 1319.791870
0.2406 1332.030347
0.2407 1339.218420
0.2408 1352.288497
0.2409 1372.198976
0.2410 1383.032304
0.2411 1380.839449
0.2412 1367.685130
0.2413 1352.617422
0.2414 1344.605326
0.2415 1329.666179
0.2416 1314.804641
0.2417 1319.958821
0.2418 1321.102117
0.2419 1322.140475
0.2420 1321.142016
0.2421 1324.145494
0.2422 1324.147230
0.2423 1340.088387
0.2424 1346.970216
0.2425 1345.827987
0.2426 1355.671977
0.2427 1370.466650
0.2428 1379.170672
0.2429 1393.800482
0.2430 1389.429884
0.2431 1385.951779
0.2432 1389.358588
0.2433 1392.718215
0.2434 1401.975041
0.2435 1404.108023
0.2436 1404.011689
0.2437 1415.739516
0.2438 1424.264418
0.2439 1423.678158
0.2440 1429.046547
0.2441 1429.380785
0.2442 1424.736965
0.2443 1430.095304
0.2444 1434.422960
0.2445 1437.730553
0.2446 1446.001070
0.2447 1449.113114
0.2448 1458.179199
0.2449 1462.226456
0.2450 1462.258366
0.2451 1464.258622
0.2452 1466.145886
0.2453 1470.029700
0.2454 1472.885517
0.2455 1469.744422
0.2456 1463.486604
0.2457 1459.242445
0.2458 1450.046945
0.2459 1456.864617
0.2460 1454.514811
0.2461 1452.055829
0.2462 1448.623116
0.2463 1446.169009
0.2464 1448.616189
0.2465 1457.024925
0.2466 1452.430650
0.2467 1454.835863
0.2468 1451.260807
0.2469 1446.703879
0.2470 1449.155029
0.2471 1447.601144
0.2472 1441.064302
0.2473 1436.556235
0.2474 1428.076482
0.2475 1416.661551
0.2476 1412.279004
0.2477 1407.929412
0.2478 1392.615381
0.2479 1383.389643
0.2480 1381.183150
0.2481 1376.983111
0.2482 1374.795709
0.2483 1371.634151
0.2484 1361.517005
0.2485 1357.426386
0.2486 1356.354311
0.2487 1353.293923
0.2488 1349.256289
0.2489 1331.264290
0.2490 1312.381448
0.2491 1299.543010
0.2492 1287.675077
0.2493 1278.865758
0.2494 1281.080693
0.2495 1290.255413
0.2496 1291.405592
0.2497 1294.534459
0.2498 1296.629831
0.2499 1301.602224
