0 0
0.0001 0
0.0002 0
0.0003 0
0.0004 0
0.0005 0
0.0006 0
0.0007 0
0.0008 0
0.0009 0
0.001 0
0.0011 0
0.0012 0
0.0013 0
0.0014 0
0.0015 0
0.0016 0
0.0017 0
0.0018 0
0.0019 0
0.002 0
0.0021 0
0.0022 0
0.0023 0
0.0024 0
0.0025 0
0.0026 0
0.0027 0
0.0028 0
0.0029 0
0.003 0
0.0031 0
0.0032 0
0.0033 1
0.0034 1
0.0035 2
0.0036 4
0.0037 6
0.0038 6
0.0039 8
0.004 10
0.0041 11
0.0042 14
0.0043 15
0.0044 16
0.0045 17
0.0046 19
0.0047 19
0.0048 19
0.0049 24
0.005 25
0.0051 27
0.0052 27
0.0053 31
0.0054 33
0.0055 40
0.0056 46
0.0057 47
0.0058 48
0.0059 53
0.006 53
0.0061 57
0.0062 60
0.0063 64
0.0064 65
0.0065 68
0.0066 70
0.0067 72
0.0068 74
0.0069 77
0.007 79
0.0071 84
0.0072 87
0.0073 89
0.0074 92
0.0075 99
0.0076 101
0.0077 113
0.0078 118
0.0079 123
0.008 125
0.0081 129
0.0082 134
0.0083 137
0.0084 143
0.0085 152
0.0086 154
0.0087 160
0.0088 162
0.0089 167
0.009 176
0.0091 182
0.0092 189
0.0093 192
0.0094 198
0.0095 201
0.0096 204
0.0097 211
0.0098 218
0.0099 224
0.01 230
0.0101 236
0.0102 244
0.0103 253
0.0104 256
0.0105 259
0.0106 261
0.0107 267
0.0108 279
0.0109 289
0.011 294
0.0111 304
0.0112 309
0.0113 323
0.0114 333
0.0115 338
0.0116 345
0.0117 354
0.0118 360
0.0119 364
0.012 377
0.0121 381
0.0122 384
0.0123 395
0.0124 399
0.0125 411
0.0126 416
0.0127 425
0.0128 428
0.0129 435
0.013 445
0.0131 449
0.0132 462
0.0133 471
0.0134 484
0.0135 495
0.0136 498
0.0137 505
0.0138 508
0.0139 518
0.014 530
0.0141 540
0.0142 548
0.0143 558
0.0144 568
0.0145 575
0.0146 585
0.0147 595
0.0148 603
0.0149 619
0.015 632
0.0151 638
0.0152 657
0.0153 665
0.0154 679
0.0155 686
0.0156 695
0.0157 703
0.0158 715
0.0159 720
0.016 727
0.0161 729
0.0162 742
0.0163 748
0.0164 759
0.0165 764
0.0166 771
0.0167 787
0.0168 792
0.0169 795
0.017 802
0.0171 816
0.0172 829
0.0173 838
0.0174 853
0.0175 857
0.0176 860
0.0177 868
0.0178 876
0.0179 886
0.018 897
0.0181 901
0.0182 917
0.0183 924
0.0184 932
0.0185 941
0.0186 954
0.0187 960
0.0188 975
0.0189 978
0.019 985
0.0191 992
0.0192 994
0.0193 1005
0.0194 1018
0.0195 1022
0.0196 1031
0.0197 1044
0.0198 1049
0.0199 1062
0.02 1068
0.0201 1077
0.0202 1087
0.0203 1098
0.0204 1102
0.0205 1112
0.0206 1126
0.0207 1138
0.0208 1158
0.0209 1172
0.021 1179
0.0211 1184
0.0212 1195
0.0213 1192
0.0214 1199
0.0215 1207
0.0216 1223
0.0217 1229
0.0218 1236
0.0219 1245
0.022 1250
0.0221 1263
0.0222 1267
0.0223 1277
0.0224 1283
0.0225 1294
0.0226 1309
0.0227 1318
0.0228 1327
0.0229 1332
0.023 1340
0.0231 1349
0.0232 1359
0.0233 1365
0.0234 1367
0.0235 1373
0.0236 1392
0.0237 1410
0.0238 1415
0.0239 1427
0.024 1431
0.0241 1441
0.0242 1442
0.0243 1450
0.0244 1470
0.0245 1479
0.0246 1491
0.0247 1496
0.0248 1501
0.0249 1519
0.025 1523
0.0251 1537
0.0252 1549
0.0253 1553
0.0254 1564
0.0255 1573
0.0256 1584
0.0257 1581
0.0258 1595
0.0259 1599
0.026 1598
0.0261 1616
0.0262 1610
0.0263 1631
0.0264 1640
0.0265 1647
0.0266 1656
0.0267 1665
0.0268 1671
0.0269 1691
0.027 1698
0.0271 1694
0.0272 1693
0.0273 1698
0.0274 1714
0.0275 1738
0.0276 1741
0.0277 1745
0.0278 1753
0.0279 1771
0.028 1779
0.0281 1788
0.0282 1788
0.0283 1799
0.0284 1807
0.0285 1798
0.0286 1807
0.0287 1811
0.0288 1817
0.0289 1832
0.029 1849
0.0291 1856
0.0292 1856
0.0293 1871
0.0294 1875
0.0295 1882
0.0296 1895
0.0297 1904
0.0298 1909
0.0299 1900
0.03 1908
0.0301 1894
0.0302 1889
0.0303 1901
0.0304 1896
0.0305 1895
0.0306 1890
0.0307 1888
0.0308 1883
0.0309 1881
0.031 1867
0.0311 1836
0.0312 1813
0.0313 1781
0.0314 1747
0.0315 1728
0.0316 1686
0.0317 1651
0.0318 1626
0.0319 1579
0.032 1541
0.0321 1519
0.0322 1495
0.0323 1464
0.0324 1454
0.0325 1420
0.0326 1405
0.0327 1387
0.0328 1350
0.0329 1330
0.033 1300
0.0331 1283
0.0332 1259
0.0333 1236
0.0334 1207
0.0335 1181
0.0336 1152
0.0337 1131
0.0338 1099
0.0339 1068
0.034 1053
0.0341 1028
0.0342 1007
0.0343 1000
0.0344 977
0.0345 985
0.0346 984
0.0347 987
0.0348 982
0.0349 964
0.035 960
0.0351 942
0.0352 932
0.0353 923
0.0354 904
0.0355 890
0.0356 881
0.0357 869
0.0358 853
0.0359 838
0.036 824
0.0361 811
0.0362 805
0.0363 794
0.0364 781
0.0365 769
0.0366 756
0.0367 741
0.0368 726
0.0369 719
0.037 703
0.0371 695
0.0372 682
0.0373 674
0.0374 658
0.0375 653
0.0376 651
0.0377 638
0.0378 626
0.0379 622
0.038 613
0.0381 605
0.0382 592
0.0383 592
0.0384 582
0.0385 571
0.0386 562
0.0387 561
0.0388 569
0.0389 586
0.039 599
0.0391 623
0.0392 653
0.0393 671
0.0394 687
0.0395 680
0.0396 674
0.0397 678
0.0398 672
0.0399 677
0.04 679
0.0401 691
0.0402 704
0.0403 729
0.0404 761
0.0405 783
0.0406 782
0.0407 773
0.0408 763
0.0409 761
0.041 757
0.0411 747
0.0412 745
0.0413 737
0.0414 727
0.0415 717
0.0416 710
0.0417 693
0.0418 683
0.0419 673
0.042 655
0.0421 643
0.0422 634
0.0423 621
0.0424 615
0.0425 602
0.0426 593
0.0427 582
0.0428 579
0.0429 578
0.043 574
0.0431 568
0.0432 567
0.0433 565
0.0434 554
0.0435 544
0.0436 534
0.0437 532
0.0438 532
0.0439 541
0.044 540
0.0441 540
0.0442 548
0.0443 554
0.0444 572
0.0445 562
0.0446 567
0.0447 575
0.0448 570
0.0449 573
0.045 571
0.0451 567
0.0452 573
0.0453 569
0.0454 566
0.0455 561
0.0456 551
0.0457 537
0.0458 528
0.0459 521
0.046 509
0.0461 497
0.0462 491
0.0463 488
0.0464 483
0.0465 478
0.0466 483
0.0467 488
0.0468 511
0.0469 530
0.047 556
0.0471 558
0.0472 559
0.0473 548
0.0474 542
0.0475 533
0.0476 523
0.0477 519
0.0478 514
0.0479 511
0.048 499
0.0481 490
0.0482 482
0.0483 475
0.0484 478
0.0485 483
0.0486 515
0.0487 543
0.0488 571
0.0489 586
0.049 592
0.0491 590
0.0492 597
0.0493 586
0.0494 587
0.0495 578
0.0496 584
0.0497 583
0.0498 573
0.0499 558
0.05 544
0.0501 521
0.0502 518
0.0503 504
0.0504 488
0.0505 481
0.0506 474
0.0507 477
0.0508 478
0.0509 476
0.051 474
0.0511 465
0.0512 459
0.0513 453
0.0514 442
0.0515 440
0.0516 434
0.0517 433
0.0518 423
0.0519 420
0.052 409
0.0521 405
0.0522 403
0.0523 398
0.0524 397
0.0525 396
0.0526 394
0.0527 403
0.0528 402
0.0529 400
0.053 399
0.0531 394
0.0532 391
0.0533 391
0.0534 387
0.0535 382
0.0536 384
0.0537 389
0.0538 389
0.0539 389
0.054 386
0.0541 382
0.0542 381
0.0543 387
0.0544 387
0.0545 389
0.0546 385
0.0547 386
0.0548 384
0.0549 389
0.055 393
0.0551 394
0.0552 396
0.0553 396
0.0554 395
0.0555 392
0.0556 391
0.0557 390
0.0558 386
0.0559 383
0.056 377
0.0561 373
0.0562 372
0.0563 373
0.0564 371
0.0565 371
0.0566 378
0.0567 375
0.0568 369
0.0569 370
0.057 368
0.0571 361
0.0572 354
0.0573 354
0.0574 353
0.0575 350
0.0576 345
0.0577 335
0.0578 337
0.0579 336
0.058 327
0.0581 323
0.0582 323
0.0583 329
0.0584 339
0.0585 339
0.0586 339
0.0587 332
0.0588 331
0.0589 327
0.059 318
0.0591 309
0.0592 305
0.0593 299
0.0594 297
0.0595 294
0.0596 290
0.0597 287
0.0598 289
0.0599 285
0.06 282
0.0601 275
0.0602 266
0.0603 260
0.0604 254
0.0605 253
0.0606 246
0.0607 248
0.0608 251
0.0609 248
0.061 251
0.0611 256
0.0612 261
0.0613 262
0.0614 259
0.0615 266
0.0616 273
0.0617 291
0.0618 322
0.0619 358
0.062 394
0.0621 415
0.0622 425
0.0623 436
0.0624 451
0.0625 456
0.0626 482
0.0627 503
0.0628 534
0.0629 560
0.063 588
0.0631 623
0.0632 646
0.0633 663
0.0634 680
0.0635 689
0.0636 688
0.0637 699
0.0638 700
0.0639 708
0.064 702
0.0641 689
0.0642 678
0.0643 678
0.0644 671
0.0645 653
0.0646 648
0.0647 638
0.0648 625
0.0649 617
0.065 609
0.0651 597
0.0652 585
0.0653 589
0.0654 584
0.0655 589
0.0656 593
0.0657 600
0.0658 608
0.0659 602
0.066 601
0.0661 591
0.0662 573
0.0663 563
0.0664 558
0.0665 543
0.0666 540
0.0667 526
0.0668 516
0.0669 509
0.067 503
0.0671 497
0.0672 490
0.0673 481
0.0674 464
0.0675 460
0.0676 449
0.0677 450
0.0678 444
0.0679 438
0.068 434
0.0681 432
0.0682 419
0.0683 414
0.0684 410
0.0685 406
0.0686 405
0.0687 400
0.0688 394
0.0689 393
0.069 392
0.0691 390
0.0692 377
0.0693 377
0.0694 373
0.0695 384
0.0696 388
0.0697 403
0.0698 399
0.0699 399
0.07 404
0.0701 409
0.0702 410
0.0703 411
0.0704 405
0.0705 403
0.0706 396
0.0707 401
0.0708 403
0.0709 393
0.071 389
0.0711 384
0.0712 383
0.0713 377
0.0714 374
0.0715 374
0.0716 370
0.0717 371
0.0718 365
0.0719 363
0.072 373
0.0721 401
0.0722 429
0.0723 448
0.0724 472
0.0725 492
0.0726 492
0.0727 502
0.0728 502
0.0729 510
0.073 521
0.0731 536
0.0732 546
0.0733 552
0.0734 580
0.0735 604
0.0736 625
0.0737 637
0.0738 667
0.0739 690
0.074 708
0.0741 726
0.0742 739
0.0743 740
0.0744 749
0.0745 761
0.0746 770
0.0747 774
0.0748 779
0.0749 782
0.075 789
0.0751 790
0.0752 793
0.0753 791
0.0754 796
0.0755 799
0.0756 802
0.0757 799
0.0758 800
0.0759 812
0.076 816
0.0761 817
0.0762 826
0.0763 831
0.0764 837
0.0765 835
0.0766 839
0.0767 840
0.0768 843
0.0769 842
0.077 841
0.0771 848
0.0772 850
0.0773 852
0.0774 851
0.0775 848
0.0776 854
0.0777 853
0.0778 854
0.0779 858
0.078 853
0.0781 864
0.0782 866
0.0783 867
0.0784 866
0.0785 866
0.0786 867
0.0787 871
0.0788 876
0.0789 879
0.079 883
0.0791 885
0.0792 892
0.0793 893
0.0794 890
0.0795 901
0.0796 904
0.0797 905
0.0798 913
0.0799 917
0.08 924
0.0801 923
0.0802 925
0.0803 929
0.0804 933
0.0805 936
0.0806 945
0.0807 943
0.0808 955
0.0809 964
0.081 969
0.0811 974
0.0812 972
0.0813 978
0.0814 986
0.0815 991
0.0816 997
0.0817 1006
0.0818 1006
0.0819 1012
0.082 1022
0.0821 1027
0.0822 1031
0.0823 1039
0.0824 1041
0.0825 1050
0.0826 1056
0.0827 1058
0.0828 1068
0.0829 1068
0.083 1077
0.0831 1087
0.0832 1094
0.0833 1102
0.0834 1112
0.0835 1116
0.0836 1123
0.0837 1125
0.0838 1132
0.0839 1136
0.084 1143
0.0841 1146
0.0842 1154
0.0843 1169
0.0844 1181
0.0845 1185
0.0846 1196
0.0847 1200
0.0848 1206
0.0849 1207
0.085 1216
0.0851 1227
0.0852 1232
0.0853 1235
0.0854 1237
0.0855 1247
0.0856 1253
0.0857 1257
0.0858 1271
0.0859 1278
0.086 1283
0.0861 1282
0.0862 1297
0.0863 1310
0.0864 1309
0.0865 1320
0.0866 1329
0.0867 1341
0.0868 1340
0.0869 1354
0.087 1360
0.0871 1379
0.0872 1377
0.0873 1380
0.0874 1383
0.0875 1394
0.0876 1400
0.0877 1406
0.0878 1419
0.0879 1434
0.088 1441
0.0881 1449
0.0882 1454
0.0883 1458
0.0884 1464
0.0885 1480
0.0886 1476
0.0887 1491
0.0888 1497
0.0889 1499
0.089 1509
0.0891 1515
0.0892 1532
0.0893 1542
0.0894 1545
0.0895 1553
0.0896 1549
0.0897 1554
0.0898 1572
0.0899 1576
0.09 1583
0.0901 1590
0.0902 1599
0.0903 1610
0.0904 1614
0.0905 1638
0.0906 1642
0.0907 1651
0.0908 1648
0.0909 1660
0.091 1668
0.0911 1687
0.0912 1698
0.0913 1716
0.0914 1716
0.0915 1719
0.0916 1724
0.0917 1744
0.0918 1741
0.0919 1753
0.092 1763
0.0921 1773
0.0922 1777
0.0923 1791
0.0924 1789
0.0925 1812
0.0926 1816
0.0927 1812
0.0928 1821
0.0929 1821
0.093 1822
0.0931 1817
0.0932 1810
0.0933 1837
0.0934 1848
0.0935 1838
0.0936 1838
0.0937 1855
0.0938 1845
0.0939 1864
0.094 1869
0.0941 1892
0.0942 1885
0.0943 1903
0.0944 1902
0.0945 1918
0.0946 1916
0.0947 1929
0.0948 1927
0.0949 1925
0.095 1918
0.0951 1916
0.0952 1922
0.0953 1921
0.0954 1919
0.0955 1942
0.0956 1952
0.0957 1955
0.0958 1936
0.0959 1941
0.096 1937
0.0961 1923
0.0962 1913
0.0963 1896
0.0964 1893
0.0965 1888
0.0966 1888
0.0967 1876
0.0968 1860
0.0969 1846
0.097 1816
0.0971 1796
0.0972 1761
0.0973 1739
0.0974 1716
0.0975 1688
0.0976 1658
0.0977 1627
0.0978 1590
0.0979 1549
0.098 1514
0.0981 1471
0.0982 1437
0.0983 1404
0.0984 1386
0.0985 1349
0.0986 1321
0.0987 1300
0.0988 1267
0.0989 1239
0.099 1216
0.0991 1189
0.0992 1167
0.0993 1146
0.0994 1130
0.0995 1110
0.0996 1083
0.0997 1055
0.0998 1035
0.0999 1004
0.1 985
0.1001 955
0.1002 935
0.1003 910
0.1004 898
0.1005 875
0.1006 854
0.1007 845
0.1008 843
0.1009 833
0.101 831
0.1011 831
0.1012 814
0.1013 810
0.1014 805
0.1015 798
0.1016 800
0.1017 799
0.1018 791
0.1019 782
0.102 774
0.1021 750
0.1022 746
0.1023 741
0.1024 729
0.1025 717
0.1026 705
0.1027 695
0.1028 684
0.1029 679
0.103 673
0.1031 670
0.1032 663
0.1033 660
0.1034 646
0.1035 631
0.1036 617
0.1037 603
0.1038 585
0.1039 570
0.104 559
0.1041 555
0.1042 541
0.1043 526
0.1044 524
0.1045 520
0.1046 513
0.1047 509
0.1048 492
0.1049 480
0.105 475
0.1051 457
0.1052 448
0.1053 436
0.1054 426
0.1055 417
0.1056 408
0.1057 408
0.1058 406
0.1059 404
0.106 393
0.1061 382
0.1062 383
0.1063 385
0.1064 381
0.1065 374
0.1066 362
0.1067 363
0.1068 366
0.1069 383
0.107 398
0.1071 418
0.1072 462
0.1073 480
0.1074 510
0.1075 515
0.1076 523
0.1077 530
0.1078 532
0.1079 538
0.108 531
0.1081 534
0.1082 528
0.1083 537
0.1084 539
0.1085 526
0.1086 510
0.1087 496
0.1088 483
0.1089 475
0.109 459
0.1091 453
0.1092 440
0.1093 437
0.1094 432
0.1095 424
0.1096 415
0.1097 410
0.1098 405
0.1099 389
0.11 384
0.1101 378
0.1102 380
0.1103 371
0.1104 361
0.1105 354
0.1106 350
0.1107 341
0.1108 332
0.1109 331
0.111 328
0.1111 324
0.1112 324
0.1113 335
0.1114 333
0.1115 333
0.1116 335
0.1117 341
0.1118 339
0.1119 341
0.112 336
0.1121 336
0.1122 330
0.1123 330
0.1124 324
0.1125 314
0.1126 316
0.1127 313
0.1128 301
0.1129 298
0.113 294
0.1131 296
0.1132 295
0.1133 293
0.1134 295
0.1135 286
0.1136 277
0.1137 283
0.1138 289
0.1139 285
0.114 284
0.1141 282
0.1142 279
0.1143 285
0.1144 297
0.1145 300
0.1146 300
0.1147 295
0.1148 287
0.1149 285
0.115 286
0.1151 285
0.1152 286
0.1153 288
0.1154 291
0.1155 294
0.1156 296
0.1157 305
0.1158 307
0.1159 312
0.116 314
0.1161 321
0.1162 320
0.1163 310
0.1164 303
0.1165 305
0.1166 323
0.1167 350
0.1168 371
0.1169 398
0.117 411
0.1171 419
0.1172 427
0.1173 426
0.1174 434
0.1175 432
0.1176 431
0.1177 437
0.1178 440
0.1179 455
0.118 470
0.1181 472
0.1182 483
0.1183 477
0.1184 473
0.1185 464
0.1186 453
0.1187 445
0.1188 437
0.1189 424
0.119 420
0.1191 411
0.1192 403
0.1193 396
0.1194 391
0.1195 389
0.1196 389
0.1197 386
0.1198 383
0.1199 384
0.12 381
0.1201 376
0.1202 374
0.1203 362
0.1204 351
0.1205 348
0.1206 343
0.1207 335
0.1208 326
0.1209 319
0.121 312
0.1211 305
0.1212 299
0.1213 292
0.1214 285
0.1215 281
0.1216 280
0.1217 280
0.1218 280
0.1219 272
0.122 267
0.1221 262
0.1222 263
0.1223 262
0.1224 256
0.1225 253
0.1226 249
0.1227 249
0.1228 240
0.1229 242
0.123 241
0.1231 238
0.1232 238
0.1233 241
0.1234 237
0.1235 241
0.1236 237
0.1237 232
0.1238 233
0.1239 232
0.124 236
0.1241 244
0.1242 251
0.1243 252
0.1244 252
0.1245 255
0.1246 250
0.1247 246
0.1248 232
0.1249 227
0.125 226
0.1251 238
0.1252 266
0.1253 273
0.1254 286
0.1255 299
0.1256 331
0.1257 347
0.1258 367
0.1259 377
0.126 388
0.1261 396
0.1262 404
0.1263 403
0.1264 413
0.1265 419
0.1266 414
0.1267 414
0.1268 410
0.1269 405
0.127 394
0.1271 391
0.1272 388
0.1273 390
0.1274 386
0.1275 372
0.1276 376
0.1277 373
0.1278 380
0.1279 377
0.128 382
0.1281 383
0.1282 391
0.1283 387
0.1284 390
0.1285 389
0.1286 378
0.1287 367
0.1288 362
0.1289 361
0.129 361
0.1291 363
0.1292 359
0.1293 349
0.1294 341
0.1295 333
0.1296 329
0.1297 336
0.1298 342
0.1299 356
0.13 379
0.1301 400
0.1302 419
0.1303 422
0.1304 435
0.1305 438
0.1306 444
0.1307 445
0.1308 445
0.1309 441
0.131 428
0.1311 422
0.1312 415
0.1313 411
0.1314 409
0.1315 408
0.1316 408
0.1317 400
0.1318 396
0.1319 390
0.132 386
0.1321 380
0.1322 376
0.1323 377
0.1324 366
0.1325 360
0.1326 358
0.1327 348
0.1328 351
0.1329 350
0.133 348
0.1331 361
0.1332 366
0.1333 366
0.1334 367
0.1335 366
0.1336 374
0.1337 371
0.1338 367
0.1339 375
0.134 379
0.1341 382
0.1342 384
0.1343 391
0.1344 395
0.1345 407
0.1346 411
0.1347 411
0.1348 411
0.1349 414
0.135 411
0.1351 407
0.1352 401
0.1353 407
0.1354 420
0.1355 437
0.1356 442
0.1357 454
0.1358 465
0.1359 472
0.136 480
0.1361 491
0.1362 486
0.1363 499
0.1364 505
0.1365 507
0.1366 508
0.1367 508
0.1368 512
0.1369 507
0.137 509
0.1371 503
0.1372 498
0.1373 482
0.1374 468
0.1375 462
0.1376 446
0.1377 443
0.1378 439
0.1379 428
0.138 427
0.1381 427
0.1382 431
0.1383 443
0.1384 447
0.1385 457
0.1386 474
0.1387 485
0.1388 500
0.1389 501
0.139 493
0.1391 483
0.1392 474
0.1393 464
0.1394 469
0.1395 469
0.1396 479
0.1397 479
0.1398 475
0.1399 471
0.14 478
0.1401 465
0.1402 451
0.1403 447
0.1404 441
0.1405 437
0.1406 429
0.1407 418
0.1408 413
0.1409 408
0.141 408
0.1411 400
0.1412 400
0.1413 393
0.1414 385
0.1415 383
0.1416 377
0.1417 377
0.1418 384
0.1419 391
0.142 395
0.1421 394
0.1422 398
0.1423 396
0.1424 409
0.1425 413
0.1426 402
0.1427 396
0.1428 391
0.1429 383
0.143 381
0.1431 383
0.1432 389
0.1433 390
0.1434 399
0.1435 397
0.1436 393
0.1437 392
0.1438 384
0.1439 385
0.144 376
0.1441 365
0.1442 358
0.1443 361
0.1444 360
0.1445 370
0.1446 374
0.1447 386
0.1448 393
0.1449 407
0.145 432
0.1451 446
0.1452 470
0.1453 492
0.1454 524
0.1455 540
0.1456 549
0.1457 556
0.1458 577
0.1459 580
0.146 589
0.1461 601
0.1462 599
0.1463 608
0.1464 608
0.1465 613
0.1466 616
0.1467 625
0.1468 622
0.1469 626
0.147 626
0.1471 626
0.1472 627
0.1473 628
0.1474 627
0.1475 627
0.1476 633
0.1477 635
0.1478 637
0.1479 637
0.148 635
0.1481 640
0.1482 641
0.1483 641
0.1484 654
0.1485 652
0.1486 662
0.1487 670
0.1488 679
0.1489 680
0.149 679
0.1491 682
0.1492 687
0.1493 692
0.1494 696
0.1495 697
0.1496 699
0.1497 702
0.1498 704
0.1499 709
0.15 712
0.1501 722
0.1502 719
0.1503 731
0.1504 731
0.1505 734
0.1506 737
0.1507 743
0.1508 745
0.1509 753
0.151 755
0.1511 760
0.1512 763
0.1513 768
0.1514 771
0.1515 776
0.1516 782
0.1517 791
0.1518 795
0.1519 804
0.152 807
0.1521 814
0.1522 824
0.1523 829
0.1524 833
0.1525 839
0.1526 851
0.1527 855
0.1528 857
0.1529 863
0.153 865
0.1531 869
0.1532 879
0.1533 886
0.1534 889
0.1535 895
0.1536 895
0.1537 902
0.1538 903
0.1539 919
0.154 922
0.1541 924
0.1542 935
0.1543 946
0.1544 953
0.1545 963
0.1546 971
0.1547 979
0.1548 986
0.1549 991
0.155 1002
0.1551 1013
0.1552 1020
0.1553 1027
0.1554 1028
0.1555 1039
0.1556 1049
0.1557 1055
0.1558 1070
0.1559 1077
0.156 1087
0.1561 1092
0.1562 1106
0.1563 1110
0.1564 1125
0.1565 1134
0.1566 1137
0.1567 1147
0.1568 1155
0.1569 1168
0.157 1172
0.1571 1178
0.1572 1196
0.1573 1206
0.1574 1210
0.1575 1214
0.1576 1227
0.1577 1234
0.1578 1242
0.1579 1248
0.158 1258
0.1581 1265
0.1582 1271
0.1583 1278
0.1584 1285
0.1585 1292
0.1586 1303
0.1587 1309
0.1588 1322
0.1589 1327
0.159 1337
0.1591 1342
0.1592 1358
0.1593 1363
0.1594 1375
0.1595 1379
0.1596 1392
0.1597 1405
0.1598 1409
0.1599 1419
0.16 1422
0.1601 1434
0.1602 1445
0.1603 1448
0.1604 1451
0.1605 1470
0.1606 1465
0.1607 1468
0.1608 1475
0.1609 1480
0.161 1491
0.1611 1496
0.1612 1510
0.1613 1517
0.1614 1527
0.1615 1533
0.1616 1546
0.1617 1550
0.1618 1563
0.1619 1569
0.162 1576
0.1621 1586
0.1622 1596
0.1623 1597
0.1624 1613
0.1625 1616
0.1626 1634
0.1627 1639
0.1628 1652
0.1629 1667
0.163 1671
0.1631 1679
0.1632 1685
0.1633 1707
0.1634 1708
0.1635 1725
0.1636 1738
0.1637 1739
0.1638 1742
0.1639 1755
0.164 1750
0.1641 1775
0.1642 1769
0.1643 1765
0.1644 1782
0.1645 1788
0.1646 1788
0.1647 1795
0.1648 1798
0.1649 1808
0.165 1826
0.1651 1836
0.1652 1845
0.1653 1856
0.1654 1849
0.1655 1863
0.1656 1867
0.1657 1860
0.1658 1877
0.1659 1870
0.166 1877
0.1661 1881
0.1662 1886
0.1663 1901
0.1664 1905
0.1665 1912
0.1666 1923
0.1667 1942
0.1668 1936
0.1669 1956
0.167 1965
0.1671 1964
0.1672 1958
0.1673 1948
0.1674 1947
0.1675 1933
0.1676 1933
0.1677 1916
0.1678 1901
0.1679 1890
0.168 1881
0.1681 1876
0.1682 1866
0.1683 1850
0.1684 1852
0.1685 1858
0.1686 1868
0.1687 1863
0.1688 1865
0.1689 1831
0.169 1801
0.1691 1781
0.1692 1792
0.1693 1789
0.1694 1792
0.1695 1806
0.1696 1822
0.1697 1856
0.1698 1869
0.1699 1880
0.17 1881
0.1701 1903
0.1702 1917
0.1703 1921
0.1704 1913
0.1705 1888
0.1706 1867
0.1707 1846
0.1708 1818
0.1709 1789
0.171 1762
0.1711 1722
0.1712 1685
0.1713 1643
0.1714 1602
0.1715 1559
0.1716 1520
0.1717 1485
0.1718 1454
0.1719 1422
0.172 1399
0.1721 1375
0.1722 1345
0.1723 1321
0.1724 1281
0.1725 1256
0.1726 1231
0.1727 1203
0.1728 1173
0.1729 1136
0.173 1112
0.1731 1077
0.1732 1048
0.1733 1026
0.1734 1010
0.1735 996
0.1736 978
0.1737 962
0.1738 950
0.1739 939
0.174 924
0.1741 904
0.1742 890
0.1743 879
0.1744 850
0.1745 845
0.1746 833
0.1747 810
0.1748 802
0.1749 788
0.175 780
0.1751 767
0.1752 758
0.1753 747
0.1754 745
0.1755 751
0.1756 745
0.1757 736
0.1758 727
0.1759 716
0.176 710
0.1761 698
0.1762 679
0.1763 668
0.1764 655
0.1765 636
0.1766 625
0.1767 609
0.1768 598
0.1769 584
0.177 567
0.1771 564
0.1772 552
0.1773 545
0.1774 541
0.1775 526
0.1776 521
0.1777 507
0.1778 496
0.1779 486
0.178 476
0.1781 464
0.1782 449
0.1783 442
0.1784 436
0.1785 427
0.1786 427
0.1787 423
0.1788 420
0.1789 415
0.179 410
0.1791 411
0.1792 408
0.1793 411
0.1794 410
0.1795 407
0.1796 406
0.1797 401
0.1798 394
0.1799 392
0.18 387
0.1801 385
0.1802 378
0.1803 370
0.1804 360
0.1805 350
0.1806 343
0.1807 332
0.1808 322
0.1809 313
0.181 309
0.1811 305
0.1812 294
0.1813 287
0.1814 290
0.1815 283
0.1816 277
0.1817 275
0.1818 275
0.1819 273
0.182 269
0.1821 267
0.1822 257
0.1823 262
0.1824 258
0.1825 256
0.1826 253
0.1827 247
0.1828 246
0.1829 251
0.183 251
0.1831 250
0.1832 249
0.1833 252
0.1834 261
0.1835 298
0.1836 318
0.1837 329
0.1838 339
0.1839 345
0.184 348
0.1841 348
0.1842 343
0.1843 346
0.1844 349
0.1845 352
0.1846 362
0.1847 362
0.1848 357
0.1849 360
0.185 364
0.1851 364
0.1852 365
0.1853 376
0.1854 408
0.1855 446
0.1856 473
0.1857 508
0.1858 543
0.1859 573
0.186 598
0.1861 599
0.1862 603
0.1863 606
0.1864 590
0.1865 586
0.1866 578
0.1867 565
0.1868 552
0.1869 537
0.187 523
0.1871 507
0.1872 497
0.1873 489
0.1874 474
0.1875 460
0.1876 453
0.1877 449
0.1878 445
0.1879 440
0.188 430
0.1881 433
0.1882 429
0.1883 424
0.1884 418
0.1885 409
0.1886 405
0.1887 410
0.1888 424
0.1889 439
0.189 451
0.1891 464
0.1892 464
0.1893 460
0.1894 458
0.1895 450
0.1896 432
0.1897 414
0.1898 416
0.1899 414
0.19 410
0.1901 401
0.1902 402
0.1903 403
0.1904 401
0.1905 402
0.1906 403
0.1907 397
0.1908 394
0.1909 386
0.191 386
0.1911 381
0.1912 373
0.1913 365
0.1914 356
0.1915 350
0.1916 345
0.1917 339
0.1918 337
0.1919 336
0.192 334
0.1921 333
0.1922 333
0.1923 326
0.1924 323
0.1925 312
0.1926 305
0.1927 306
0.1928 317
0.1929 329
0.193 334
0.1931 336
0.1932 328
0.1933 328
0.1934 322
0.1935 322
0.1936 330
0.1937 329
0.1938 328
0.1939 328
0.194 333
0.1941 327
0.1942 322
0.1943 324
0.1944 326
0.1945 325
0.1946 326
0.1947 322
0.1948 319
0.1949 325
0.195 338
0.1951 360
0.1952 400
0.1953 440
0.1954 473
0.1955 521
0.1956 538
0.1957 558
0.1958 570
0.1959 590
0.196 598
0.1961 603
0.1962 612
0.1963 630
0.1964 641
0.1965 672
0.1966 686
0.1967 694
0.1968 694
0.1969 702
0.197 691
0.1971 688
0.1972 690
0.1973 692
0.1974 704
0.1975 715
0.1976 748
0.1977 760
0.1978 776
0.1979 787
0.198 789
0.1981 799
0.1982 797
0.1983 798
0.1984 794
0.1985 796
0.1986 800
0.1987 792
0.1988 789
0.1989 776
0.199 776
0.1991 769
0.1992 766
0.1993 748
0.1994 732
0.1995 725
0.1996 718
0.1997 716
0.1998 693
0.1999 694
0.2 679
0.2001 664
0.2002 654
0.2003 640
0.2004 630
0.2005 626
0.2006 610
0.2007 603
0.2008 596
0.2009 579
0.201 566
0.2011 553
0.2012 542
0.2013 526
0.2014 511
0.2015 495
0.2016 483
0.2017 471
0.2018 459
0.2019 455
0.202 448
0.2021 433
0.2022 419
0.2023 416
0.2024 405
0.2025 402
0.2026 395
0.2027 391
0.2028 387
0.2029 369
0.203 367
0.2031 365
0.2032 363
0.2033 362
0.2034 362
0.2035 357
0.2036 359
0.2037 365
0.2038 369
0.2039 363
0.204 366
0.2041 366
0.2042 376
0.2043 373
0.2044 369
0.2045 370
0.2046 370
0.2047 369
0.2048 360
0.2049 360
0.205 364
0.2051 364
0.2052 358
0.2053 365
0.2054 366
0.2055 375
0.2056 398
0.2057 399
0.2058 409
0.2059 424
0.206 436
0.2061 449
0.2062 455
0.2063 475
0.2064 511
0.2065 530
0.2066 558
0.2067 571
0.2068 587
0.2069 612
0.207 637
0.2071 659
0.2072 676
0.2073 702
0.2074 727
0.2075 752
0.2076 772
0.2077 784
0.2078 778
0.2079 786
0.208 793
0.2081 805
0.2082 808
0.2083 809
0.2084 805
0.2085 812
0.2086 811
0.2087 811
0.2088 803
0.2089 802
0.209 799
0.2091 801
0.2092 793
0.2093 796
0.2094 786
0.2095 776
0.2096 767
0.2097 756
0.2098 743
0.2099 729
0.21 718
0.2101 706
0.2102 696
0.2103 680
0.2104 667
0.2105 648
0.2106 632
0.2107 621
0.2108 605
0.2109 603
0.211 600
0.2111 594
0.2112 587
0.2113 583
0.2114 579
0.2115 564
0.2116 559
0.2117 560
0.2118 558
0.2119 570
0.212 576
0.2121 573
0.2122 563
0.2123 565
0.2124 562
0.2125 550
0.2126 547
0.2127 527
0.2128 523
0.2129 518
0.213 507
0.2131 521
0.2132 526
0.2133 536
0.2134 541
0.2135 544
0.2136 550
0.2137 554
0.2138 559
0.2139 555
0.214 558
0.2141 562
0.2142 562
0.2143 579
0.2144 592
0.2145 610
0.2146 623
0.2147 623
0.2148 637
0.2149 651
0.215 667
0.2151 680
0.2152 708
0.2153 722
0.2154 735
0.2155 751
0.2156 759
0.2157 778
0.2158 799
0.2159 815
0.216 829
0.2161 844
0.2162 863
0.2163 869
0.2164 857
0.2165 857
0.2166 869
0.2167 869
0.2168 883
0.2169 881
0.217 887
0.2171 895
0.2172 901
0.2173 900
0.2174 891
0.2175 899
0.2176 907
0.2177 912
0.2178 913
0.2179 922
0.218 917
0.2181 911
0.2182 921
0.2183 924
0.2184 928
0.2185 930
0.2186 939
0.2187 932
0.2188 939
0.2189 945
0.219 949
0.2191 953
0.2192 957
0.2193 964
0.2194 960
0.2195 967
0.2196 972
0.2197 977
0.2198 981
0.2199 992
0.22 998
0.2201 1010
0.2202 1012
0.2203 1017
0.2204 1016
0.2205 1017
0.2206 1021
0.2207 1025
0.2208 1030
0.2209 1037
0.221 1040
0.2211 1037
0.2212 1050
0.2213 1053
0.2214 1066
0.2215 1065
0.2216 1068
0.2217 1079
0.2218 1091
0.2219 1092
0.222 1103
0.2221 1105
0.2222 1114
0.2223 1115
0.2224 1122
0.2225 1137
0.2226 1139
0.2227 1140
0.2228 1147
0.2229 1155
0.223 1168
0.2231 1170
0.2232 1181
0.2233 1187
0.2234 1198
0.2235 1203
0.2236 1203
0.2237 1223
0.2238 1229
0.2239 1234
0.224 1241
0.2241 1244
0.2242 1249
0.2243 1247
0.2244 1257
0.2245 1257
0.2246 1266
0.2247 1266
0.2248 1278
0.2249 1270
0.225 1282
0.2251 1285
0.2252 1297
0.2253 1304
0.2254 1310
0.2255 1314
0.2256 1320
0.2257 1329
0.2258 1336
0.2259 1342
0.226 1345
0.2261 1348
0.2262 1355
0.2263 1370
0.2264 1369
0.2265 1375
0.2266 1383
0.2267 1387
0.2268 1384
0.2269 1396
0.227 1404
0.2271 1406
0.2272 1400
0.2273 1404
0.2274 1407
0.2275 1417
0.2276 1424
0.2277 1432
0.2278 1438
0.2279 1441
0.228 1446
0.2281 1450
0.2282 1456
0.2283 1469
0.2284 1473
0.2285 1472
0.2286 1475
0.2287 1485
0.2288 1490
0.2289 1490
0.229 1491
0.2291 1503
0.2292 1510
0.2293 1514
0.2294 1522
0.2295 1517
0.2296 1532
0.2297 1531
0.2298 1539
0.2299 1548
0.23 1546
0.2301 1550
0.2302 1569
0.2303 1578
0.2304 1593
0.2305 1586
0.2306 1599
0.2307 1613
0.2308 1619
0.2309 1628
0.231 1625
0.2311 1634
0.2312 1642
0.2313 1640
0.2314 1640
0.2315 1639
0.2316 1650
0.2317 1653
0.2318 1660
0.2319 1670
0.232 1672
0.2321 1671
0.2322 1681
0.2323 1676
0.2324 1683
0.2325 1689
0.2326 1696
0.2327 1693
0.2328 1711
0.2329 1732
0.233 1730
0.2331 1731
0.2332 1728
0.2333 1734
0.2334 1739
0.2335 1745
0.2336 1727
0.2337 1723
0.2338 1739
0.2339 1738
0.234 1741
0.2341 1724
0.2342 1728
0.2343 1733
0.2344 1738
0.2345 1727
0.2346 1740
0.2347 1744
0.2348 1732
0.2349 1727
0.235 1703
0.2351 1683
0.2352 1663
0.2353 1658
0.2354 1644
0.2355 1634
0.2356 1629
0.2357 1628
0.2358 1627
0.2359 1621
0.236 1619
0.2361 1613
0.2362 1618
0.2363 1610
0.2364 1595
0.2365 1580
0.2366 1557
0.2367 1537
0.2368 1508
0.2369 1472
0.237 1438
0.2371 1407
0.2372 1399
0.2373 1374
0.2374 1360
0.2375 1351
0.2376 1329
0.2377 1305
0.2378 1268
0.2379 1248
0.238 1240
0.2381 1209
0.2382 1193
0.2383 1179
0.2384 1191
0.2385 1207
0.2386 1224
0.2387 1229
0.2388 1239
0.2389 1250
0.239 1252
0.2391 1257
0.2392 1258
0.2393 1240
0.2394 1226
0.2395 1213
0.2396 1185
0.2397 1158
0.2398 1140
0.2399 1129
0.24 1113
0.2401 1088
0.2402 1060
0.2403 1034
0.2404 1020
0.2405 1002
0.2406 980
0.2407 968
0.2408 961
0.2409 945
0.241 929
0.2411 907
0.2412 893
0.2413 873
0.2414 858
0.2415 844
0.2416 826
0.2417 816
0.2418 813
0.2419 795
0.242 763
0.2421 753
0.2422 731
0.2423 704
0.2424 683
0.2425 674
0.2426 662
0.2427 646
0.2428 637
0.2429 629
0.243 620
0.2431 606
0.2432 594
0.2433 575
0.2434 558
0.2435 546
0.2436 535
0.2437 526
0.2438 509
0.2439 498
0.244 496
0.2441 491
0.2442 482
0.2443 478
0.2444 474
0.2445 474
0.2446 467
0.2447 460
0.2448 460
0.2449 455
0.245 449
0.2451 443
0.2452 438
0.2453 432
0.2454 433
0.2455 426
0.2456 421
0.2457 415
0.2458 397
0.2459 396
0.246 392
0.2461 380
0.2462 375
0.2463 375
0.2464 379
0.2465 381
0.2466 382
0.2467 382
0.2468 384
0.2469 374
0.247 367
0.2471 369
0.2472 367
0.2473 363
0.2474 359
0.2475 349
0.2476 348
0.2477 367
0.2478 383
0.2479 408
0.248 435
0.2481 458
0.2482 480
0.2483 496
0.2484 501
0.2485 508
0.2486 509
0.2487 512
0.2488 512
0.2489 513
0.249 520
0.2491 514
0.2492 501
0.2493 487
0.2494 485
0.2495 479
0.2496 465
0.2497 455
0.2498 452
0.2499 452
0.25 450
