0 0
0.0001 0
0.0002 0
0.0003 0
0.0004 0
0.0005 0
0.0006 0
0.0007 0
0.0008 0
0.0009 0
0.001 0
0.0011 0
0.0012 0
0.0013 0
0.0014 0
0.0015 0
0.0016 0
0.0017 0
0.0018 0
0.0019 0
0.002 0
0.0021 0
0.0022 0
0.0023 0
0.0024 0
0.0025 0
0.0026 0
0.0027 0
0.0028 0
0.0029 0
0.003 0
0.0031 0
0.0032 0
0.0033 0
0.0034 1
0.0035 1
0.0036 1
0.0037 1
0.0038 1
0.0039 1
0.004 1
0.0041 1
0.0042 2
0.0043 2
0.0044 2
0.0045 2
0.0046 3
0.0047 3
0.0048 3
0.0049 3
0.005 3
0.0051 3
0.0052 3
0.0053 3
0.0054 4
0.0055 4
0.0056 4
0.0057 4
0.0058 4
0.0059 4
0.006 4
0.0061 4
0.0062 3
0.0063 3
0.0064 4
0.0065 4
0.0066 4
0.0067 4
0.0068 4
0.0069 3
0.007 3
0.0071 3
0.0072 5
0.0073 5
0.0074 5
0.0075 5
0.0076 4
0.0077 4
0.0078 4
0.0079 4
0.008 4
0.0081 4
0.0082 4
0.0083 4
0.0084 4
0.0085 5
0.0086 5
0.0087 5
0.0088 5
0.0089 5
0.009 6
0.0091 7
0.0092 7
0.0093 7
0.0094 7
0.0095 7
0.0096 7
0.0097 7
0.0098 7
0.0099 7
0.01 7
0.0101 7
0.0102 7
0.0103 7
0.0104 7
0.0105 8
0.0106 8
0.0107 8
0.0108 7
0.0109 7
0.011 7
0.0111 6
0.0112 6
0.0113 6
0.0114 5
0.0115 5
0.0116 5
0.0117 5
0.0118 5
0.0119 4
0.012 5
0.0121 5
0.0122 4
0.0123 4
0.0124 4
0.0125 4
0.0126 4
0.0127 5
0.0128 5
0.0129 5
0.013 5
0.0131 5
0.0132 5
0.0133 6
0.0134 6
0.0135 7
0.0136 10
0.0137 10
0.0138 9
0.0139 8
0.014 7
0.0141 7
0.0142 7
0.0143 6
0.0144 6
0.0145 7
0.0146 7
0.0147 7
0.0148 7
0.0149 7
0.015 7
0.0151 7
0.0152 7
0.0153 8
0.0154 10
0.0155 10
0.0156 10
0.0157 10
0.0158 10
0.0159 11
0.016 11
0.0161 10
0.0162 10
0.0163 10
0.0164 10
0.0165 10
0.0166 9
0.0167 10
0.0168 11
0.0169 11
0.017 12
0.0171 12
0.0172 12
0.0173 12
0.0174 12
0.0175 12
0.0176 12
0.0177 12
0.0178 12
0.0179 11
0.018 11
0.0181 13
0.0182 12
0.0183 12
0.0184 12
0.0185 11
0.0186 11
0.0187 12
0.0188 12
0.0189 12
0.019 12
0.0191 12
0.0192 11
0.0193 11
0.0194 12
0.0195 12
0.0196 12
0.0197 12
0.0198 11
0.0199 11
0.02 12
0.0201 14
0.0202 14
0.0203 15
0.0204 14
0.0205 14
0.0206 14
0.0207 14
0.0208 14
0.0209 15
0.021 16
0.0211 16
0.0212 16
0.0213 16
0.0214 17
0.0215 17
0.0216 16
0.0217 16
0.0218 16
0.0219 17
0.022 18
0.0221 18
0.0222 18
0.0223 18
0.0224 17
0.0225 16
0.0226 15
0.0227 15
0.0228 15
0.0229 15
0.023 15
0.0231 15
0.0232 13
0.0233 13
0.0234 12
0.0235 12
0.0236 12
0.0237 12
0.0238 13
0.0239 14
0.024 14
0.0241 14
0.0242 14
0.0243 13
0.0244 14
0.0245 14
0.0246 14
0.0247 13
0.0248 13
0.0249 13
0.025 13
0.0251 13
0.0252 13
0.0253 13
0.0254 14
0.0255 15
0.0256 15
0.0257 15
0.0258 15
0.0259 14
0.026 14
0.0261 14
0.0262 14
0.0263 14
0.0264 14
0.0265 14
0.0266 14
0.0267 14
0.0268 14
0.0269 13
0.027 13
0.0271 14
0.0272 14
0.0273 14
0.0274 14
0.0275 14
0.0276 14
0.0277 15
0.0278 15
0.0279 16
0.028 17
0.0281 16
0.0282 16
0.0283 16
0.0284 17
0.0285 17
0.0286 16
0.0287 16
0.0288 16
0.0289 17
0.029 17
0.0291 17
0.0292 17
0.0293 17
0.0294 18
0.0295 17
0.0296 17
0.0297 17
0.0298 17
0.0299 17
0.03 17
0.0301 17
0.0302 17
0.0303 17
0.0304 17
0.0305 17
0.0306 16
0.0307 16
0.0308 17
0.0309 17
0.031 17
0.0311 17
0.0312 17
0.0313 17
0.0314 16
0.0315 16
0.0316 16
0.0317 17
0.0318 18
0.0319 18
0.032 19
0.0321 18
0.0322 18
0.0323 20
0.0324 20
0.0325 20
0.0326 20
0.0327 20
0.0328 20
0.0329 20
0.033 20
0.0331 21
0.0332 20
0.0333 20
0.0334 20
0.0335 20
0.0336 19
0.0337 19
0.0338 19
0.0339 19
0.034 19
0.0341 18
0.0342 16
0.0343 16
0.0344 15
0.0345 15
0.0346 15
0.0347 15
0.0348 16
0.0349 17
0.035 18
0.0351 17
0.0352 17
0.0353 17
0.0354 16
0.0355 15
0.0356 15
0.0357 17
0.0358 17
0.0359 18
0.036 18
0.0361 18
0.0362 18
0.0363 19
0.0364 19
0.0365 20
0.0366 21
0.0367 20
0.0368 21
0.0369 22
0.037 23
0.0371 24
0.0372 24
0.0373 24
0.0374 25
0.0375 27
0.0376 26
0.0377 28
0.0378 27
0.0379 27
0.038 27
0.0381 27
0.0382 27
0.0383 27
0.0384 27
0.0385 26
0.0386 26
0.0387 27
0.0388 27
0.0389 27
0.039 29
0.0391 29
0.0392 29
0.0393 29
0.0394 27
0.0395 28
0.0396 29
0.0397 28
0.0398 28
0.0399 28
0.04 26
0.0401 26
0.0402 26
0.0403 26
0.0404 26
0.0405 26
0.0406 26
0.0407 26
0.0408 26
0.0409 26
0.041 26
0.0411 26
0.0412 26
0.0413 26
0.0414 26
0.0415 26
0.0416 26
0.0417 26
0.0418 27
0.0419 27
0.042 27
0.0421 27
0.0422 27
0.0423 27
0.0424 27
0.0425 27
0.0426 28
0.0427 28
0.0428 29
0.0429 30
0.043 30
0.0431 30
0.0432 30
0.0433 30
0.0434 30
0.0435 29
0.0436 29
0.0437 28
0.0438 28
0.0439 30
0.044 30
0.0441 31
0.0442 29
0.0443 27
0.0444 28
0.0445 28
0.0446 28
0.0447 28
0.0448 28
0.0449 29
0.045 29
0.0451 29
0.0452 29
0.0453 30
0.0454 29
0.0455 27
0.0456 27
0.0457 27
0.0458 27
0.0459 27
0.046 27
0.0461 27
0.0462 27
0.0463 27
0.0464 26
0.0465 26
0.0466 26
0.0467 27
0.0468 27
0.0469 27
0.047 26
0.0471 27
0.0472 27
0.0473 25
0.0474 26
0.0475 26
0.0476 26
0.0477 24
0.0478 24
0.0479 24
0.048 24
0.0481 24
0.0482 24
0.0483 26
0.0484 26
0.0485 26
0.0486 25
0.0487 25
0.0488 25
0.0489 25
0.049 25
0.0491 25
0.0492 25
0.0493 25
0.0494 25
0.0495 25
0.0496 24
0.0497 24
0.0498 25
0.0499 25
0.05 25
0.0501 25
0.0502 24
0.0503 25
0.0504 24
0.0505 25
0.0506 25
0.0507 26
0.0508 25
0.0509 26
0.051 26
0.0511 26
0.0512 27
0.0513 26
0.0514 26
0.0515 25
0.0516 26
0.0517 27
0.0518 27
0.0519 27
0.052 27
0.0521 27
0.0522 29
0.0523 29
0.0524 29
0.0525 29
0.0526 27
0.0527 27
0.0528 27
0.0529 27
0.053 28
0.0531 27
0.0532 27
0.0533 27
0.0534 28
0.0535 29
0.0536 29
0.0537 29
0.0538 31
0.0539 31
0.054 31
0.0541 29
0.0542 30
0.0543 30
0.0544 31
0.0545 31
0.0546 31
0.0547 30
0.0548 30
0.0549 31
0.055 33
0.0551 34
0.0552 34
0.0553 33
0.0554 33
0.0555 33
0.0556 33
0.0557 33
0.0558 33
0.0559 34
0.056 35
0.0561 35
0.0562 35
0.0563 34
0.0564 34
0.0565 33
0.0566 33
0.0567 33
0.0568 33
0.0569 32
0.057 31
0.0571 31
0.0572 32
0.0573 34
0.0574 33
0.0575 32
0.0576 32
0.0577 32
0.0578 33
0.0579 33
0.058 33
0.0581 33
0.0582 33
0.0583 33
0.0584 33
0.0585 33
0.0586 32
0.0587 32
0.0588 31
0.0589 29
0.059 28
0.0591 28
0.0592 28
0.0593 27
0.0594 28
0.0595 31
0.0596 32
0.0597 32
0.0598 32
0.0599 33
0.06 32
0.0601 33
0.0602 33
0.0603 33
0.0604 32
0.0605 32
0.0606 32
0.0607 32
0.0608 31
0.0609 31
0.061 32
0.0611 32
0.0612 32
0.0613 31
0.0614 32
0.0615 32
0.0616 33
0.0617 33
0.0618 33
0.0619 32
0.062 31
0.0621 32
0.0622 32
0.0623 32
0.0624 32
0.0625 32
0.0626 33
0.0627 33
0.0628 33
0.0629 33
0.063 31
0.0631 30
0.0632 30
0.0633 29
0.0634 28
0.0635 28
0.0636 28
0.0637 28
0.0638 27
0.0639 26
0.064 25
0.0641 24
0.0642 25
0.0643 26
0.0644 27
0.0645 26
0.0646 26
0.0647 27
0.0648 27
0.0649 27
0.065 27
0.0651 27
0.0652 28
0.0653 28
0.0654 28
0.0655 28
0.0656 28
0.0657 28
0.0658 29
0.0659 28
0.066 29
0.0661 29
0.0662 29
0.0663 31
0.0664 30
0.0665 32
0.0666 31
0.0667 31
0.0668 31
0.0669 31
0.067 32
0.0671 33
0.0672 33
0.0673 34
0.0674 34
0.0675 34
0.0676 34
0.0677 34
0.0678 34
0.0679 33
0.068 31
0.0681 31
0.0682 31
0.0683 31
0.0684 31
0.0685 31
0.0686 31
0.0687 32
0.0688 30
0.0689 29
0.069 29
0.0691 29
0.0692 30
0.0693 28
0.0694 28
0.0695 28
0.0696 28
0.0697 28
0.0698 29
0.0699 29
0.07 29
0.0701 29
0.0702 29
0.0703 30
0.0704 30
0.0705 31
0.0706 32
0.0707 33
0.0708 33
0.0709 33
0.071 33
0.0711 33
0.0712 33
0.0713 34
0.0714 34
0.0715 34
0.0716 34
0.0717 34
0.0718 33
0.0719 34
0.072 33
0.0721 33
0.0722 33
0.0723 33
0.0724 33
0.0725 33
0.0726 34
0.0727 35
0.0728 36
0.0729 36
0.073 36
0.0731 37
0.0732 38
0.0733 37
0.0734 37
0.0735 37
0.0736 36
0.0737 36
0.0738 35
0.0739 35
0.074 35
0.0741 35
0.0742 34
0.0743 34
0.0744 35
0.0745 33
0.0746 35
0.0747 35
0.0748 35
0.0749 35
0.075 36
0.0751 37
0.0752 37
0.0753 38
0.0754 40
0.0755 43
0.0756 43
0.0757 43
0.0758 43
0.0759 43
0.076 41
0.0761 39
0.0762 39
0.0763 38
0.0764 40
0.0765 40
0.0766 40
0.0767 40
0.0768 40
0.0769 40
0.077 38
0.0771 38
0.0772 38
0.0773 39
0.0774 38
0.0775 37
0.0776 37
0.0777 37
0.0778 37
0.0779 36
0.078 36
0.0781 36
0.0782 36
0.0783 36
0.0784 36
0.0785 36
0.0786 36
0.0787 36
0.0788 37
0.0789 38
0.079 38
0.0791 38
0.0792 38
0.0793 39
0.0794 39
0.0795 39
0.0796 40
0.0797 40
0.0798 40
0.0799 39
0.08 38
0.0801 38
0.0802 38
0.0803 38
0.0804 38
0.0805 38
0.0806 37
0.0807 38
0.0808 39
0.0809 39
0.081 39
0.0811 39
0.0812 37
0.0813 36
0.0814 36
0.0815 37
0.0816 38
0.0817 37
0.0818 37
0.0819 36
0.082 36
0.0821 36
0.0822 35
0.0823 35
0.0824 35
0.0825 35
0.0826 36
0.0827 37
0.0828 36
0.0829 36
0.083 36
0.0831 37
0.0832 37
0.0833 37
0.0834 37
0.0835 37
0.0836 37
0.0837 37
0.0838 37
0.0839 37
0.084 37
0.0841 37
0.0842 37
0.0843 38
0.0844 39
0.0845 39
0.0846 39
0.0847 39
0.0848 39
0.0849 39
0.085 39
0.0851 40
0.0852 40
0.0853 39
0.0854 39
0.0855 39
0.0856 38
0.0857 37
0.0858 38
0.0859 40
0.086 39
0.0861 39
0.0862 40
0.0863 40
0.0864 40
0.0865 40
0.0866 41
0.0867 40
0.0868 40
0.0869 41
0.087 41
0.0871 39
0.0872 39
0.0873 40
0.0874 39
0.0875 37
0.0876 36
0.0877 38
0.0878 38
0.0879 40
0.088 40
0.0881 40
0.0882 40
0.0883 40
0.0884 40
0.0885 39
0.0886 40
0.0887 40
0.0888 40
0.0889 40
0.089 39
0.0891 39
0.0892 40
0.0893 40
0.0894 40
0.0895 40
0.0896 39
0.0897 39
0.0898 39
0.0899 39
0.09 38
0.0901 38
0.0902 38
0.0903 38
0.0904 38
0.0905 38
0.0906 37
0.0907 36
0.0908 36
0.0909 38
0.091 37
0.0911 36
0.0912 35
0.0913 34
0.0914 34
0.0915 34
0.0916 34
0.0917 34
0.0918 34
0.0919 34
0.092 34
0.0921 35
0.0922 35
0.0923 35
0.0924 35
0.0925 37
0.0926 38
0.0927 37
0.0928 37
0.0929 38
0.093 38
0.0931 39
0.0932 39
0.0933 39
0.0934 39
0.0935 38
0.0936 38
0.0937 38
0.0938 39
0.0939 39
0.094 38
0.0941 38
0.0942 39
0.0943 37
0.0944 37
0.0945 37
0.0946 37
0.0947 38
0.0948 38
0.0949 38
0.095 39
0.0951 38
0.0952 39
0.0953 40
0.0954 41
0.0955 41
0.0956 43
0.0957 41
0.0958 41
0.0959 41
0.096 41
0.0961 42
0.0962 41
0.0963 40
0.0964 40
0.0965 40
0.0966 40
0.0967 40
0.0968 40
0.0969 41
0.097 40
0.0971 40
0.0972 40
0.0973 40
0.0974 39
0.0975 39
0.0976 39
0.0977 39
0.0978 39
0.0979 40
0.098 40
0.0981 39
0.0982 39
0.0983 39
0.0984 40
0.0985 40
0.0986 40
0.0987 39
0.0988 40
0.0989 39
0.099 39
0.0991 39
0.0992 37
0.0993 38
0.0994 38
0.0995 39
0.0996 39
0.0997 40
0.0998 39
0.0999 39
0.1 39
