0 0
0.0001 0
0.0002 0
0.0003 0
0.0004 0
0.0005 0
0.0006 0
0.0007 0
0.0008 0
0.0009 0
0.001 0
0.0011 0
0.0012 0
0.0013 0
0.0014 1
0.0015 1
0.0016 3
0.0017 3
0.0018 3
0.0019 3
0.002 3
0.0021 5
0.0022 5
0.0023 6
0.0024 7
0.0025 7
0.0026 7
0.0027 9
0.0028 9
0.0029 11
0.003 12
0.0031 13
0.0032 12
0.0033 13
0.0034 15
0.0035 15
0.0036 16
0.0037 18
0.0038 20
0.0039 20
0.004 22
0.0041 25
0.0042 27
0.0043 28
0.0044 29
0.0045 30
0.0046 33
0.0047 36
0.0048 38
0.0049 37
0.005 41
0.0051 46
0.0052 51
0.0053 59
0.0054 64
0.0055 64
0.0056 65
0.0057 71
0.0058 76
0.0059 84
0.006 88
0.0061 97
0.0062 102
0.0063 104
0.0064 114
0.0065 115
0.0066 119
0.0067 121
0.0068 125
0.0069 127
0.007 133
0.0071 138
0.0072 145
0.0073 151
0.0074 156
0.0075 162
0.0076 168
0.0077 169
0.0078 175
0.0079 181
0.008 186
0.0081 187
0.0082 195
0.0083 204
0.0084 212
0.0085 223
0.0086 226
0.0087 235
0.0088 238
0.0089 244
0.009 249
0.0091 255
0.0092 259
0.0093 267
0.0094 274
0.0095 283
0.0096 290
0.0097 292
0.0098 301
0.0099 309
0.01 321
0.0101 326
0.0102 334
0.0103 338
0.0104 346
0.0105 351
0.0106 361
0.0107 369
0.0108 374
0.0109 384
0.011 388
0.0111 394
0.0112 406
0.0113 413
0.0114 415
0.0115 424
0.0116 431
0.0117 441
0.0118 444
0.0119 446
0.012 457
0.0121 467
0.0122 473
0.0123 478
0.0124 492
0.0125 495
0.0126 503
0.0127 510
0.0128 515
0.0129 519
0.013 533
0.0131 543
0.0132 556
0.0133 569
0.0134 575
0.0135 581
0.0136 583
0.0137 596
0.0138 603
0.0139 611
0.014 622
0.0141 632
0.0142 641
0.0143 651
0.0144 659
0.0145 665
0.0146 675
0.0147 686
0.0148 695
0.0149 704
0.015 713
0.0151 722
0.0152 728
0.0153 741
0.0154 753
0.0155 761
0.0156 770
0.0157 782
0.0158 791
0.0159 803
0.016 814
0.0161 825
0.0162 832
0.0163 835
0.0164 845
0.0165 853
0.0166 862
0.0167 874
0.0168 880
0.0169 890
0.017 896
0.0171 911
0.0172 920
0.0173 930
0.0174 937
0.0175 949
0.0176 958
0.0177 968
0.0178 972
0.0179 985
0.018 996
0.0181 1001
0.0182 1009
0.0183 1020
0.0184 1030
0.0185 1039
0.0186 1050
0.0187 1059
0.0188 1064
0.0189 1080
0.019 1088
0.0191 1096
0.0192 1105
0.0193 1109
0.0194 1112
0.0195 1119
0.0196 1125
0.0197 1129
0.0198 1139
0.0199 1149
0.02 1157
0.0201 1166
0.0202 1170
0.0203 1184
0.0204 1192
0.0205 1201
0.0206 1210
0.0207 1217
0.0208 1226
0.0209 1238
0.021 1244
0.0211 1256
0.0212 1265
0.0213 1271
0.0214 1285
0.0215 1292
0.0216 1303
0.0217 1313
0.0218 1316
0.0219 1332
0.022 1334
0.0221 1349
0.0222 1359
0.0223 1366
0.0224 1382
0.0225 1397
0.0226 1405
0.0227 1420
0.0228 1421
0.0229 1438
0.023 1439
0.0231 1455
0.0232 1462
0.0233 1470
0.0234 1483
0.0235 1496
0.0236 1495
0.0237 1508
0.0238 1514
0.0239 1519
0.024 1533
0.0241 1540
0.0242 1541
0.0243 1554
0.0244 1561
0.0245 1563
0.0246 1565
0.0247 1569
0.0248 1582
0.0249 1588
0.025 1603
0.0251 1608
0.0252 1617
0.0253 1627
0.0254 1634
0.0255 1648
0.0256 1661
0.0257 1669
0.0258 1685
0.0259 1683
0.026 1689
0.0261 1700
0.0262 1702
0.0263 1724
0.0264 1731
0.0265 1737
0.0266 1736
0.0267 1742
0.0268 1755
0.0269 1744
0.027 1748
0.0271 1715
0.0272 1715
0.0273 1704
0.0274 1690
0.0275 1661
0.0276 1622
0.0277 1597
0.0278 1564
0.0279 1537
0.028 1519
0.0281 1487
0.0282 1457
0.0283 1424
0.0284 1390
0.0285 1359
0.0286 1332
0.0287 1300
0.0288 1284
0.0289 1255
0.029 1243
0.0291 1225
0.0292 1189
0.0293 1160
0.0294 1127
0.0295 1101
0.0296 1086
0.0297 1068
0.0298 1049
0.0299 1032
0.03 1010
0.0301 990
0.0302 982
0.0303 957
0.0304 939
0.0305 908
0.0306 898
0.0307 880
0.0308 867
0.0309 853
0.031 830
0.0311 810
0.0312 791
0.0313 779
0.0314 762
0.0315 753
0.0316 738
0.0317 724
0.0318 714
0.0319 697
0.032 698
0.0321 679
0.0322 667
0.0323 647
0.0324 633
0.0325 621
0.0326 610
0.0327 607
0.0328 584
0.0329 575
0.033 564
0.0331 557
0.0332 550
0.0333 541
0.0334 528
0.0335 518
0.0336 516
0.0337 506
0.0338 491
0.0339 483
0.034 470
0.0341 462
0.0342 458
0.0343 454
0.0344 438
0.0345 436
0.0346 428
0.0347 417
0.0348 406
0.0349 397
0.035 386
0.0351 376
0.0352 375
0.0353 368
0.0354 362
0.0355 363
0.0356 368
0.0357 365
0.0358 367
0.0359 369
0.036 374
0.0361 372
0.0362 367
0.0363 361
0.0364 353
0.0365 349
0.0366 343
0.0367 334
0.0368 334
0.0369 325
0.037 322
0.0371 317
0.0372 310
0.0373 315
0.0374 316
0.0375 313
0.0376 318
0.0377 316
0.0378 313
0.0379 304
0.038 307
0.0381 306
0.0382 301
0.0383 295
0.0384 293
0.0385 294
0.0386 296
0.0387 292
0.0388 296
0.0389 295
0.039 295
0.0391 305
0.0392 308
0.0393 306
0.0394 314
0.0395 315
0.0396 314
0.0397 309
0.0398 304
0.0399 298
0.04 294
0.0401 291
0.0402 285
0.0403 287
0.0404 287
0.0405 283
0.0406 284
0.0407 287
0.0408 290
0.0409 285
0.041 283
0.0411 286
0.0412 290
0.0413 293
0.0414 293
0.0415 287
0.0416 289
0.0417 284
0.0418 279
0.0419 279
0.042 272
0.0421 270
0.0422 267
0.0423 277
0.0424 280
0.0425 280
0.0426 284
0.0427 285
0.0428 284
0.0429 277
0.043 273
0.0431 272
0.0432 271
0.0433 269
0.0434 265
0.0435 262
0.0436 265
0.0437 263
0.0438 263
0.0439 260
0.044 259
0.0441 258
0.0442 261
0.0443 264
0.0444 270
0.0445 266
0.0446 264
0.0447 262
0.0448 259
0.0449 262
0.045 261
0.0451 269
0.0452 272
0.0453 271
0.0454 271
0.0455 269
0.0456 277
0.0457 278
0.0458 276
0.0459 275
0.046 280
0.0461 276
0.0462 277
0.0463 275
0.0464 271
0.0465 270
0.0466 268
0.0467 264
0.0468 263
0.0469 263
0.047 259
0.0471 252
0.0472 253
0.0473 253
0.0474 257
0.0475 257
0.0476 261
0.0477 262
0.0478 255
0.0479 248
0.048 243
0.0481 238
0.0482 245
0.0483 243
0.0484 240
0.0485 239
0.0486 233
0.0487 233
0.0488 228
0.0489 233
0.049 235
0.0491 241
0.0492 245
0.0493 241
0.0494 239
0.0495 240
0.0496 238
0.0497 235
0.0498 234
0.0499 236
0.05 237
0.0501 243
0.0502 239
0.0503 237
0.0504 239
0.0505 234
0.0506 228
0.0507 223
0.0508 223
0.0509 220
0.051 217
0.0511 213
0.0512 211
0.0513 211
0.0514 208
0.0515 208
0.0516 211
0.0517 212
0.0518 210
0.0519 210
0.052 211
0.0521 202
0.0522 202
0.0523 203
0.0524 199
0.0525 196
0.0526 197
0.0527 196
0.0528 202
0.0529 200
0.053 205
0.0531 207
0.0532 208
0.0533 211
0.0534 208
0.0535 208
0.0536 211
0.0537 212
0.0538 211
0.0539 211
0.054 207
0.0541 206
0.0542 201
0.0543 200
0.0544 205
0.0545 204
0.0546 213
0.0547 220
0.0548 229
0.0549 236
0.055 244
0.0551 243
0.0552 246
0.0553 244
0.0554 248
0.0555 245
0.0556 243
0.0557 242
0.0558 248
0.0559 251
0.056 246
0.0561 248
0.0562 251
0.0563 246
0.0564 245
0.0565 252
0.0566 254
0.0567 254
0.0568 253
0.0569 250
0.057 253
0.0571 253
0.0572 255
0.0573 256
0.0574 254
0.0575 246
0.0576 249
0.0577 243
0.0578 246
0.0579 253
0.058 257
0.0581 253
0.0582 248
0.0583 251
0.0584 252
0.0585 249
0.0586 250
0.0587 244
0.0588 243
0.0589 237
0.059 231
0.0591 228
0.0592 218
0.0593 216
0.0594 213
0.0595 207
0.0596 203
0.0597 198
0.0598 194
0.0599 193
0.06 193
0.0601 192
0.0602 193
0.0603 197
0.0604 199
0.0605 201
0.0606 205
0.0607 217
0.0608 229
0.0609 250
0.061 257
0.0611 261
0.0612 260
0.0613 264
0.0614 262
0.0615 269
0.0616 271
0.0617 276
0.0618 279
0.0619 283
0.062 286
0.0621 283
0.0622 284
0.0623 288
0.0624 287
0.0625 293
0.0626 288
0.0627 286
0.0628 290
0.0629 292
0.063 288
0.0631 285
0.0632 280
0.0633 277
0.0634 279
0.0635 291
0.0636 301
0.0637 308
0.0638 319
0.0639 329
0.064 333
0.0641 336
0.0642 328
0.0643 325
0.0644 320
0.0645 315
0.0646 305
0.0647 306
0.0648 307
0.0649 307
0.065 302
0.0651 300
0.0652 288
0.0653 278
0.0654 270
0.0655 262
0.0656 252
0.0657 250
0.0658 247
0.0659 242
0.066 238
0.0661 238
0.0662 242
0.0663 240
0.0664 239
0.0665 240
0.0666 242
0.0667 243
0.0668 248
0.0669 254
0.067 254
0.0671 262
0.0672 262
0.0673 261
0.0674 264
0.0675 263
0.0676 262
0.0677 251
0.0678 247
0.0679 243
0.068 240
0.0681 237
0.0682 233
0.0683 228
0.0684 223
0.0685 216
0.0686 210
0.0687 207
0.0688 208
0.0689 211
0.069 209
0.0691 203
0.0692 210
0.0693 212
0.0694 216
0.0695 210
0.0696 208
0.0697 202
0.0698 198
0.0699 196
0.07 196
0.0701 197
0.0702 200
0.0703 205
0.0704 208
0.0705 212
0.0706 213
0.0707 215
0.0708 214
0.0709 216
0.071 217
0.0711 224
0.0712 225
0.0713 223
0.0714 221
0.0715 222
0.0716 216
0.0717 216
0.0718 216
0.0719 219
0.072 218
0.0721 216
0.0722 209
0.0723 216
0.0724 216
0.0725 218
0.0726 214
0.0727 219
0.0728 220
0.0729 217
0.073 220
0.0731 217
0.0732 213
0.0733 207
0.0734 206
0.0735 206
0.0736 204
0.0737 210
0.0738 214
0.0739 220
0.074 223
0.0741 226
0.0742 233
0.0743 233
0.0744 237
0.0745 246
0.0746 247
0.0747 250
0.0748 258
0.0749 252
0.075 252
0.0751 262
0.0752 265
0.0753 270
0.0754 274
0.0755 274
0.0756 282
0.0757 274
0.0758 270
0.0759 269
0.076 263
0.0761 256
0.0762 254
0.0763 248
0.0764 246
0.0765 240
0.0766 235
0.0767 231
0.0768 231
0.0769 235
0.077 230
0.0771 221
0.0772 224
0.0773 226
0.0774 219
0.0775 217
0.0776 215
0.0777 217
0.0778 218
0.0779 222
0.078 218
0.0781 217
0.0782 216
0.0783 213
0.0784 217
0.0785 226
0.0786 224
0.0787 224
0.0788 222
0.0789 224
0.079 228
0.0791 227
0.0792 237
0.0793 249
0.0794 265
0.0795 285
0.0796 310
0.0797 329
0.0798 335
0.0799 341
0.08 343
0.0801 343
0.0802 351
0.0803 357
0.0804 353
0.0805 362
0.0806 361
0.0807 354
0.0808 353
0.0809 349
0.081 347
0.0811 340
0.0812 339
0.0813 339
0.0814 355
0.0815 365
0.0816 369
0.0817 374
0.0818 377
0.0819 382
0.082 386
0.0821 394
0.0822 397
0.0823 400
0.0824 400
0.0825 395
0.0826 400
0.0827 402
0.0828 394
0.0829 385
0.083 391
0.0831 387
0.0832 384
0.0833 392
0.0834 397
0.0835 395
0.0836 400
0.0837 396
0.0838 393
0.0839 388
0.084 384
0.0841 385
0.0842 389
0.0843 383
0.0844 380
0.0845 382
0.0846 377
0.0847 382
0.0848 382
0.0849 384
0.085 384
0.0851 393
0.0852 394
0.0853 393
0.0854 398
0.0855 394
0.0856 391
0.0857 393
0.0858 393
0.0859 400
0.086 399
0.0861 398
0.0862 395
0.0863 394
0.0864 394
0.0865 396
0.0866 386
0.0867 390
0.0868 389
0.0869 382
0.087 381
0.0871 378
0.0872 377
0.0873 369
0.0874 367
0.0875 356
0.0876 352
0.0877 346
0.0878 348
0.0879 353
0.088 351
0.0881 359
0.0882 352
0.0883 345
0.0884 343
0.0885 338
0.0886 333
0.0887 327
0.0888 327
0.0889 315
0.089 309
0.0891 311
0.0892 311
0.0893 308
0.0894 304
0.0895 300
0.0896 290
0.0897 285
0.0898 283
0.0899 287
0.09 282
0.0901 288
0.0902 288
0.0903 290
0.0904 281
0.0905 275
0.0906 274
0.0907 276
0.0908 275
0.0909 275
0.091 269
0.0911 274
0.0912 276
0.0913 278
0.0914 278
0.0915 282
0.0916 283
0.0917 284
0.0918 284
0.0919 285
0.092 283
0.0921 284
0.0922 279
0.0923 277
0.0924 273
0.0925 273
0.0926 272
0.0927 272
0.0928 272
0.0929 275
0.093 273
0.0931 264
0.0932 259
0.0933 258
0.0934 255
0.0935 253
0.0936 252
0.0937 246
0.0938 255
0.0939 265
0.094 258
0.0941 257
0.0942 258
0.0943 255
0.0944 256
0.0945 260
0.0946 256
0.0947 256
0.0948 253
0.0949 256
0.095 263
0.0951 260
0.0952 261
0.0953 264
0.0954 262
0.0955 263
0.0956 259
0.0957 259
0.0958 253
0.0959 253
0.096 250
0.0961 249
0.0962 249
0.0963 248
0.0964 246
0.0965 246
0.0966 251
0.0967 250
0.0968 249
0.0969 249
0.097 248
0.0971 249
0.0972 249
0.0973 250
0.0974 251
0.0975 250
0.0976 247
0.0977 245
0.0978 244
0.0979 246
0.098 251
0.0981 253
0.0982 257
0.0983 268
0.0984 277
0.0985 275
0.0986 289
0.0987 299
0.0988 305
0.0989 312
0.099 314
0.0991 314
0.0992 323
0.0993 328
0.0994 335
0.0995 341
0.0996 339
0.0997 340
0.0998 345
0.0999 346
0.1 344
0.1001 342
0.1002 341
0.1003 337
0.1004 342
0.1005 341
0.1006 342
0.1007 340
0.1008 341
0.1009 342
0.101 345
0.1011 351
0.1012 354
0.1013 351
0.1014 349
0.1015 350
0.1016 353
0.1017 355
0.1018 358
0.1019 353
0.102 356
0.1021 355
0.1022 356
0.1023 357
0.1024 359
0.1025 359
0.1026 360
0.1027 358
0.1028 359
0.1029 362
0.103 361
0.1031 358
0.1032 362
0.1033 367
0.1034 366
0.1035 366
0.1036 368
0.1037 368
0.1038 370
0.1039 369
0.104 371
0.1041 374
0.1042 374
0.1043 380
0.1044 379
0.1045 383
0.1046 386
0.1047 390
0.1048 392
0.1049 393
0.105 398
0.1051 400
0.1052 403
0.1053 404
0.1054 407
0.1055 411
0.1056 411
0.1057 413
0.1058 415
0.1059 422
0.106 422
0.1061 424
0.1062 427
0.1063 431
0.1064 428
0.1065 437
0.1066 437
0.1067 444
0.1068 444
0.1069 448
0.107 452
0.1071 456
0.1072 457
0.1073 463
0.1074 463
0.1075 469
0.1076 470
0.1077 475
0.1078 476
0.1079 478
0.108 485
0.1081 492
0.1082 493
0.1083 500
0.1084 503
0.1085 508
0.1086 514
0.1087 519
0.1088 526
0.1089 532
0.109 537
0.1091 545
0.1092 556
0.1093 561
0.1094 566
0.1095 571
0.1096 576
0.1097 583
0.1098 584
0.1099 589
0.11 594
0.1101 599
0.1102 606
0.1103 616
0.1104 623
0.1105 632
0.1106 640
0.1107 644
0.1108 651
0.1109 656
0.111 661
0.1111 669
0.1112 674
0.1113 679
0.1114 682
0.1115 687
0.1116 691
0.1117 709
0.1118 713
0.1119 722
0.112 725
0.1121 732
0.1122 739
0.1123 751
0.1124 761
0.1125 765
0.1126 772
0.1127 781
0.1128 790
0.1129 801
0.113 807
0.1131 818
0.1132 819
0.1133 822
0.1134 834
0.1135 841
0.1136 849
0.1137 860
0.1138 868
0.1139 882
0.114 891
0.1141 894
0.1142 905
0.1143 911
0.1144 920
0.1145 926
0.1146 934
0.1147 935
0.1148 948
0.1149 951
0.115 962
0.1151 973
0.1152 980
0.1153 986
0.1154 998
0.1155 1013
0.1156 1019
0.1157 1030
0.1158 1040
0.1159 1049
0.116 1052
0.1161 1058
0.1162 1069
0.1163 1074
0.1164 1082
0.1165 1095
0.1166 1097
0.1167 1105
0.1168 1114
0.1169 1121
0.117 1131
0.1171 1139
0.1172 1153
0.1173 1155
0.1174 1165
0.1175 1171
0.1176 1177
0.1177 1180
0.1178 1183
0.1179 1188
0.118 1199
0.1181 1209
0.1182 1219
0.1183 1226
0.1184 1238
0.1185 1245
0.1186 1252
0.1187 1256
0.1188 1264
0.1189 1266
0.119 1274
0.1191 1282
0.1192 1290
0.1193 1295
0.1194 1299
0.1195 1303
0.1196 1313
0.1197 1316
0.1198 1324
0.1199 1332
0.12 1337
0.1201 1340
0.1202 1347
0.1203 1351
0.1204 1361
0.1205 1367
0.1206 1374
0.1207 1388
0.1208 1399
0.1209 1408
0.121 1416
0.1211 1425
0.1212 1437
0.1213 1443
0.1214 1456
0.1215 1465
0.1216 1472
0.1217 1481
0.1218 1486
0.1219 1499
0.122 1503
0.1221 1512
0.1222 1517
0.1223 1528
0.1224 1536
0.1225 1541
0.1226 1543
0.1227 1554
0.1228 1563
0.1229 1572
0.123 1575
0.1231 1575
0.1232 1584
0.1233 1585
0.1234 1595
0.1235 1606
0.1236 1609
0.1237 1620
0.1238 1625
0.1239 1629
0.124 1643
0.1241 1656
0.1242 1662
0.1243 1657
0.1244 1671
0.1245 1668
0.1246 1680
0.1247 1679
0.1248 1692
0.1249 1691
0.125 1686
0.1251 1675
0.1252 1650
0.1253 1633
0.1254 1592
0.1255 1568
0.1256 1538
0.1257 1490
0.1258 1451
0.1259 1413
0.126 1381
0.1261 1364
0.1262 1329
0.1263 1290
0.1264 1261
0.1265 1222
0.1266 1205
0.1267 1189
0.1268 1176
0.1269 1159
0.127 1128
0.1271 1106
0.1272 1081
0.1273 1056
0.1274 1028
0.1275 1013
0.1276 988
0.1277 968
0.1278 944
0.1279 929
0.128 907
0.1281 898
0.1282 883
0.1283 863
0.1284 838
0.1285 828
0.1286 819
0.1287 800
0.1288 788
0.1289 779
0.129 758
0.1291 758
0.1292 743
0.1293 731
0.1294 724
0.1295 708
0.1296 701
0.1297 694
0.1298 687
0.1299 663
0.13 647
0.1301 633
0.1302 620
0.1303 608
0.1304 594
0.1305 582
0.1306 568
0.1307 560
0.1308 550
0.1309 531
0.131 523
0.1311 512
0.1312 507
0.1313 497
0.1314 491
0.1315 486
0.1316 475
0.1317 463
0.1318 462
0.1319 449
0.132 444
0.1321 436
0.1322 425
0.1323 420
0.1324 415
0.1325 406
0.1326 398
0.1327 394
0.1328 383
0.1329 378
0.133 368
0.1331 368
0.1332 361
0.1333 354
0.1334 350
0.1335 341
0.1336 329
0.1337 322
0.1338 312
0.1339 313
0.134 319
0.1341 320
0.1342 335
0.1343 334
0.1344 335
0.1345 333
0.1346 337
0.1347 333
0.1348 336
0.1349 330
0.135 334
0.1351 332
0.1352 330
0.1353 333
0.1354 331
0.1355 333
0.1356 338
0.1357 337
0.1358 339
0.1359 340
0.136 342
0.1361 338
0.1362 332
0.1363 331
0.1364 329
0.1365 333
0.1366 340
0.1367 347
0.1368 360
0.1369 362
0.137 363
0.1371 369
0.1372 370
0.1373 366
0.1374 378
0.1375 378
0.1376 375
0.1377 371
0.1378 364
0.1379 367
0.138 369
0.1381 373
0.1382 378
0.1383 388
0.1384 385
0.1385 380
0.1386 377
0.1387 371
0.1388 370
0.1389 370
0.139 373
0.1391 364
0.1392 360
0.1393 352
0.1394 346
0.1395 343
0.1396 348
0.1397 342
0.1398 333
0.1399 331
0.14 330
0.1401 330
0.1402 325
0.1403 319
0.1404 313
0.1405 301
0.1406 289
0.1407 285
0.1408 279
0.1409 274
0.141 269
0.1411 261
0.1412 266
0.1413 269
0.1414 271
0.1415 272
0.1416 272
0.1417 276
0.1418 271
0.1419 270
0.142 262
0.1421 263
0.1422 255
0.1423 255
0.1424 246
0.1425 241
0.1426 242
0.1427 242
0.1428 241
0.1429 239
0.143 237
0.1431 241
0.1432 239
0.1433 238
0.1434 237
0.1435 234
0.1436 231
0.1437 226
0.1438 224
0.1439 227
0.144 222
0.1441 221
0.1442 220
0.1443 219
0.1444 226
0.1445 223
0.1446 219
0.1447 216
0.1448 223
0.1449 227
0.145 229
0.1451 238
0.1452 242
0.1453 250
0.1454 248
0.1455 251
0.1456 253
0.1457 246
0.1458 246
0.1459 245
0.146 249
0.1461 238
0.1462 236
0.1463 237
0.1464 246
0.1465 253
0.1466 256
0.1467 257
0.1468 262
0.1469 265
0.147 261
0.1471 271
0.1472 278
0.1473 286
0.1474 290
0.1475 286
0.1476 284
0.1477 277
0.1478 272
0.1479 275
0.148 273
0.1481 274
0.1482 276
0.1483 278
0.1484 282
0.1485 278
0.1486 278
0.1487 279
0.1488 291
0.1489 292
0.149 302
0.1491 298
0.1492 296
0.1493 297
0.1494 299
0.1495 300
0.1496 309
0.1497 311
0.1498 321
0.1499 322
0.15 315
0.1501 312
0.1502 306
0.1503 301
0.1504 290
0.1505 289
0.1506 288
0.1507 280
0.1508 273
0.1509 278
0.151 277
0.1511 274
0.1512 274
0.1513 289
0.1514 293
0.1515 297
0.1516 301
0.1517 301
0.1518 296
0.1519 295
0.152 298
0.1521 304
0.1522 311
0.1523 316
0.1524 315
0.1525 312
0.1526 311
0.1527 303
0.1528 307
0.1529 304
0.153 302
0.1531 299
0.1532 298
0.1533 297
0.1534 291
0.1535 288
0.1536 291
0.1537 298
0.1538 308
0.1539 318
0.154 337
0.1541 363
0.1542 377
0.1543 394
0.1544 407
0.1545 420
0.1546 433
0.1547 437
0.1548 439
0.1549 447
0.155 445
0.1551 448
0.1552 445
0.1553 445
0.1554 448
0.1555 446
0.1556 436
0.1557 429
0.1558 417
0.1559 413
0.156 407
0.1561 400
0.1562 400
0.1563 398
0.1564 389
0.1565 387
0.1566 386
0.1567 389
0.1568 391
0.1569 397
0.157 400
0.1571 392
0.1572 394
0.1573 392
0.1574 389
0.1575 382
0.1576 384
0.1577 385
0.1578 383
0.1579 381
0.158 382
0.1581 384
0.1582 381
0.1583 373
0.1584 366
0.1585 363
0.1586 363
0.1587 358
0.1588 353
0.1589 354
0.159 355
0.1591 349
0.1592 346
0.1593 335
0.1594 336
0.1595 340
0.1596 350
0.1597 357
0.1598 361
0.1599 360
0.16 357
0.1601 370
0.1602 380
0.1603 380
0.1604 382
0.1605 384
0.1606 385
0.1607 385
0.1608 387
0.1609 386
0.161 385
0.1611 384
0.1612 391
0.1613 389
0.1614 380
0.1615 376
0.1616 372
0.1617 369
0.1618 360
0.1619 355
0.162 351
0.1621 347
0.1622 345
0.1623 333
0.1624 327
0.1625 329
0.1626 323
0.1627 317
0.1628 314
0.1629 309
0.163 301
0.1631 296
0.1632 291
0.1633 287
0.1634 283
0.1635 279
0.1636 276
0.1637 271
0.1638 272
0.1639 270
0.164 275
0.1641 269
0.1642 271
0.1643 267
0.1644 268
0.1645 272
0.1646 273
0.1647 282
0.1648 283
0.1649 288
0.165 292
0.1651 294
0.1652 292
0.1653 291
0.1654 287
0.1655 288
0.1656 285
0.1657 281
0.1658 275
0.1659 280
0.166 279
0.1661 283
0.1662 279
0.1663 279
0.1664 282
0.1665 277
0.1666 281
0.1667 285
0.1668 288
0.1669 297
0.167 291
0.1671 289
0.1672 293
0.1673 292
0.1674 283
0.1675 278
0.1676 279
0.1677 282
0.1678 279
0.1679 279
0.168 277
0.1681 276
0.1682 272
0.1683 271
0.1684 277
0.1685 275
0.1686 278
0.1687 275
0.1688 265
0.1689 264
0.169 256
0.1691 244
0.1692 240
0.1693 243
0.1694 240
0.1695 239
0.1696 238
0.1697 240
0.1698 240
0.1699 241
0.17 238
0.1701 242
0.1702 239
0.1703 237
0.1704 239
0.1705 244
0.1706 248
0.1707 247
0.1708 248
0.1709 242
0.171 247
0.1711 255
0.1712 254
0.1713 249
0.1714 246
0.1715 243
0.1716 243
0.1717 238
0.1718 237
0.1719 238
0.172 246
0.1721 253
0.1722 257
0.1723 260
0.1724 263
0.1725 263
0.1726 266
0.1727 261
0.1728 253
0.1729 257
0.173 255
0.1731 253
0.1732 252
0.1733 250
0.1734 246
0.1735 248
0.1736 246
0.1737 246
0.1738 248
0.1739 242
0.174 242
0.1741 233
0.1742 224
0.1743 221
0.1744 226
0.1745 223
0.1746 225
0.1747 229
0.1748 228
0.1749 220
0.175 221
0.1751 220
0.1752 219
0.1753 226
0.1754 234
0.1755 236
0.1756 234
0.1757 240
0.1758 251
0.1759 262
0.176 273
0.1761 280
0.1762 286
0.1763 294
0.1764 301
0.1765 297
0.1766 306
0.1767 305
0.1768 303
0.1769 309
0.177 308
0.1771 307
0.1772 305
0.1773 306
0.1774 305
0.1775 302
0.1776 297
0.1777 303
0.1778 306
0.1779 318
0.178 322
0.1781 334
0.1782 334
0.1783 338
0.1784 342
0.1785 339
0.1786 343
0.1787 340
0.1788 339
0.1789 339
0.179 338
0.1791 337
0.1792 333
0.1793 335
0.1794 334
0.1795 331
0.1796 329
0.1797 328
0.1798 327
0.1799 332
0.18 325
0.1801 328
0.1802 327
0.1803 329
0.1804 328
0.1805 327
0.1806 317
0.1807 306
0.1808 301
0.1809 296
0.181 287
0.1811 279
0.1812 273
0.1813 265
0.1814 262
0.1815 266
0.1816 273
0.1817 281
0.1818 294
0.1819 305
0.182 307
0.1821 315
0.1822 313
0.1823 314
0.1824 312
0.1825 309
0.1826 310
0.1827 317
0.1828 320
0.1829 321
0.183 321
0.1831 326
0.1832 328
0.1833 333
0.1834 326
0.1835 321
0.1836 323
0.1837 314
0.1838 311
0.1839 319
0.184 322
0.1841 317
0.1842 319
0.1843 311
0.1844 304
0.1845 307
0.1846 314
0.1847 317
0.1848 314
0.1849 313
0.185 311
0.1851 310
0.1852 311
0.1853 310
0.1854 313
0.1855 310
0.1856 320
0.1857 313
0.1858 308
0.1859 301
0.186 294
0.1861 285
0.1862 283
0.1863 278
0.1864 275
0.1865 272
0.1866 269
0.1867 262
0.1868 259
0.1869 262
0.187 259
0.1871 260
0.1872 260
0.1873 262
0.1874 257
0.1875 256
0.1876 248
0.1877 246
0.1878 244
0.1879 244
0.188 241
0.1881 244
0.1882 243
0.1883 239
0.1884 239
0.1885 245
0.1886 246
0.1887 249
0.1888 247
0.1889 253
0.189 256
0.1891 255
0.1892 248
0.1893 250
0.1894 249
0.1895 246
0.1896 241
0.1897 243
0.1898 246
0.1899 247
0.19 244
0.1901 244
0.1902 242
0.1903 239
0.1904 246
0.1905 244
0.1906 239
0.1907 232
0.1908 230
0.1909 230
0.191 230
0.1911 226
0.1912 224
0.1913 224
0.1914 223
0.1915 221
0.1916 221
0.1917 216
0.1918 212
0.1919 210
0.192 206
0.1921 215
0.1922 218
0.1923 217
0.1924 217
0.1925 217
0.1926 227
0.1927 225
0.1928 225
0.1929 220
0.193 217
0.1931 225
0.1932 224
0.1933 233
0.1934 240
0.1935 246
0.1936 257
0.1937 258
0.1938 267
0.1939 271
0.194 273
0.1941 282
0.1942 295
0.1943 309
0.1944 314
0.1945 317
0.1946 310
0.1947 316
0.1948 318
0.1949 320
0.195 323
0.1951 327
0.1952 340
0.1953 338
0.1954 341
0.1955 339
0.1956 339
0.1957 334
0.1958 341
0.1959 341
0.196 347
0.1961 345
0.1962 345
0.1963 348
0.1964 345
0.1965 350
0.1966 350
0.1967 350
0.1968 352
0.1969 348
0.197 353
0.1971 348
0.1972 353
0.1973 351
0.1974 352
0.1975 352
0.1976 353
0.1977 353
0.1978 356
0.1979 357
0.198 357
0.1981 357
0.1982 359
0.1983 359
0.1984 360
0.1985 362
0.1986 364
0.1987 366
0.1988 366
0.1989 373
0.199 377
0.1991 377
0.1992 379
0.1993 378
0.1994 381
0.1995 383
0.1996 386
0.1997 385
0.1998 388
0.1999 390
0.2 394
0.2001 401
0.2002 401
0.2003 406
0.2004 407
0.2005 412
0.2006 413
0.2007 419
0.2008 424
0.2009 430
0.201 435
0.2011 439
0.2012 448
0.2013 449
0.2014 452
0.2015 455
0.2016 461
0.2017 469
0.2018 475
0.2019 478
0.202 485
0.2021 489
0.2022 500
0.2023 506
0.2024 515
0.2025 513
0.2026 524
0.2027 526
0.2028 534
0.2029 539
0.203 544
0.2031 544
0.2032 557
0.2033 559
0.2034 565
0.2035 567
0.2036 572
0.2037 576
0.2038 578
0.2039 583
0.204 592
0.2041 596
0.2042 598
0.2043 602
0.2044 605
0.2045 612
0.2046 615
0.2047 622
0.2048 629
0.2049 633
0.205 639
0.2051 653
0.2052 657
0.2053 661
0.2054 667
0.2055 674
0.2056 679
0.2057 690
0.2058 695
0.2059 703
0.206 709
0.2061 717
0.2062 723
0.2063 733
0.2064 737
0.2065 741
0.2066 749
0.2067 758
0.2068 761
0.2069 775
0.207 781
0.2071 789
0.2072 793
0.2073 796
0.2074 801
0.2075 805
0.2076 810
0.2077 818
0.2078 823
0.2079 823
0.208 832
0.2081 837
0.2082 841
0.2083 846
0.2084 856
0.2085 867
0.2086 873
0.2087 874
0.2088 880
0.2089 891
0.209 904
0.2091 911
0.2092 917
0.2093 922
0.2094 924
0.2095 932
0.2096 943
0.2097 951
0.2098 956
0.2099 962
0.21 972
0.2101 986
0.2102 984
0.2103 990
0.2104 999
0.2105 1007
0.2106 1015
0.2107 1020
0.2108 1026
0.2109 1031
0.211 1045
0.2111 1052
0.2112 1058
0.2113 1058
0.2114 1065
0.2115 1069
0.2116 1081
0.2117 1091
0.2118 1098
0.2119 1103
0.212 1108
0.2121 1122
0.2122 1131
0.2123 1144
0.2124 1157
0.2125 1165
0.2126 1176
0.2127 1181
0.2128 1196
0.2129 1201
0.213 1207
0.2131 1224
0.2132 1236
0.2133 1242
0.2134 1246
0.2135 1251
0.2136 1258
0.2137 1268
0.2138 1287
0.2139 1302
0.214 1306
0.2141 1311
0.2142 1319
0.2143 1326
0.2144 1330
0.2145 1343
0.2146 1344
0.2147 1352
0.2148 1370
0.2149 1380
0.215 1387
0.2151 1397
0.2152 1407
0.2153 1420
0.2154 1436
0.2155 1448
0.2156 1459
0.2157 1467
0.2158 1470
0.2159 1480
0.216 1490
0.2161 1493
0.2162 1504
0.2163 1513
0.2164 1519
0.2165 1529
0.2166 1539
0.2167 1544
0.2168 1558
0.2169 1552
0.217 1566
0.2171 1562
0.2172 1573
0.2173 1583
0.2174 1585
0.2175 1599
0.2176 1597
0.2177 1616
0.2178 1612
0.2179 1610
0.218 1604
0.2181 1588
0.2182 1577
0.2183 1551
0.2184 1539
0.2185 1520
0.2186 1501
0.2187 1470
0.2188 1447
0.2189 1409
0.219 1375
0.2191 1335
0.2192 1300
0.2193 1290
0.2194 1270
0.2195 1242
0.2196 1224
0.2197 1199
0.2198 1170
0.2199 1144
0.22 1112
0.2201 1088
0.2202 1067
0.2203 1049
0.2204 1027
0.2205 1006
0.2206 979
0.2207 955
0.2208 929
0.2209 911
0.221 895
0.2211 890
0.2212 877
0.2213 854
0.2214 833
0.2215 822
0.2216 816
0.2217 809
0.2218 803
0.2219 801
0.222 791
0.2221 784
0.2222 765
0.2223 755
0.2224 752
0.2225 736
0.2226 716
0.2227 712
0.2228 693
0.2229 664
0.223 649
0.2231 631
0.2232 620
0.2233 605
0.2234 601
0.2235 599
0.2236 598
0.2237 596
0.2238 584
0.2239 579
0.224 577
0.2241 570
0.2242 570
0.2243 554
0.2244 545
0.2245 528
0.2246 505
0.2247 503
0.2248 497
0.2249 501
0.225 502
0.2251 493
0.2252 491
0.2253 489
0.2254 486
0.2255 479
0.2256 479
0.2257 481
0.2258 480
0.2259 480
0.226 479
0.2261 473
0.2262 469
0.2263 471
0.2264 466
0.2265 455
0.2266 452
0.2267 441
0.2268 431
0.2269 418
0.227 411
0.2271 408
0.2272 415
0.2273 409
0.2274 415
0.2275 423
0.2276 414
0.2277 414
0.2278 410
0.2279 413
0.228 418
0.2281 418
0.2282 413
0.2283 408
0.2284 405
0.2285 400
0.2286 398
0.2287 392
0.2288 390
0.2289 385
0.229 384
0.2291 386
0.2292 379
0.2293 377
0.2294 374
0.2295 373
0.2296 372
0.2297 373
0.2298 374
0.2299 363
0.23 365
0.2301 373
0.2302 369
0.2303 369
0.2304 371
0.2305 368
0.2306 361
0.2307 363
0.2308 363
0.2309 377
0.231 374
0.2311 377
0.2312 381
0.2313 378
0.2314 377
0.2315 377
0.2316 376
0.2317 367
0.2318 363
0.2319 364
0.232 358
0.2321 354
0.2322 346
0.2323 335
0.2324 340
0.2325 332
0.2326 329
0.2327 323
0.2328 323
0.2329 338
0.233 337
0.2331 333
0.2332 326
0.2333 323
0.2334 318
0.2335 316
0.2336 318
0.2337 328
0.2338 332
0.2339 333
0.234 336
0.2341 336
0.2342 339
0.2343 345
0.2344 348
0.2345 351
0.2346 354
0.2347 348
0.2348 343
0.2349 342
0.235 346
0.2351 338
0.2352 339
0.2353 336
0.2354 341
0.2355 349
0.2356 357
0.2357 357
0.2358 348
0.2359 353
0.236 361
0.2361 357
0.2362 355
0.2363 354
0.2364 343
0.2365 344
0.2366 340
0.2367 334
0.2368 334
0.2369 331
0.237 335
0.2371 328
0.2372 323
0.2373 315
0.2374 310
0.2375 307
0.2376 308
0.2377 304
0.2378 309
0.2379 311
0.238 306
0.2381 302
0.2382 297
0.2383 293
0.2384 285
0.2385 275
0.2386 269
0.2387 257
0.2388 254
0.2389 251
0.239 258
0.2391 260
0.2392 268
0.2393 264
0.2394 262
0.2395 263
0.2396 255
0.2397 248
0.2398 242
0.2399 236
0.24 230
0.2401 226
0.2402 216
0.2403 211
0.2404 208
0.2405 197
0.2406 193
0.2407 194
0.2408 191
0.2409 190
0.241 193
0.2411 192
0.2412 195
0.2413 193
0.2414 194
0.2415 203
0.2416 205
0.2417 207
0.2418 219
0.2419 222
0.242 222
0.2421 221
0.2422 225
0.2423 229
0.2424 229
0.2425 223
0.2426 220
0.2427 223
0.2428 220
0.2429 224
0.243 218
0.2431 223
0.2432 223
0.2433 228
0.2434 227
0.2435 225
0.2436 219
0.2437 218
0.2438 212
0.2439 213
0.244 209
0.2441 210
0.2442 210
0.2443 213
0.2444 217
0.2445 221
0.2446 215
0.2447 214
0.2448 222
0.2449 235
0.245 247
0.2451 252
0.2452 259
0.2453 254
0.2454 254
0.2455 259
0.2456 263
0.2457 263
0.2458 257
0.2459 258
0.246 266
0.2461 270
0.2462 269
0.2463 267
0.2464 262
0.2465 258
0.2466 257
0.2467 261
0.2468 261
0.2469 253
0.247 255
0.2471 257
0.2472 257
0.2473 258
0.2474 259
0.2475 250
0.2476 246
0.2477 249
0.2478 248
0.2479 244
0.248 253
0.2481 258
0.2482 260
0.2483 261
0.2484 265
0.2485 266
0.2486 264
0.2487 260
0.2488 253
0.2489 246
0.249 239
0.2491 242
0.2492 241
0.2493 245
0.2494 259
0.2495 292
0.2496 309
0.2497 320
0.2498 335
0.2499 347
0.25 358
