0 0
0.0001 0
0.0002 0
0.0003 0
0.0004 0
0.0005 0
0.0006 0
0.0007 0
0.0008 0
0.0009 0
0.001 0
0.0011 0
0.0012 0
0.0013 0
0.0014 0
0.0015 0
0.0016 0
0.0017 0
0.0018 1
0.0019 4
0.002 4
0.0021 5
0.0022 6
0.0023 7
0.0024 11
0.0025 10
0.0026 13
0.0027 15
0.0028 18
0.0029 20
0.003 21
0.0031 21
0.0032 22
0.0033 27
0.0034 31
0.0035 33
0.0036 36
0.0037 39
0.0038 42
0.0039 44
0.004 47
0.0041 50
0.0042 53
0.0043 54
0.0044 59
0.0045 59
0.0046 67
0.0047 72
0.0048 76
0.0049 82
0.005 86
0.0051 90
0.0052 93
0.0053 96
0.0054 101
0.0055 109
0.0056 111
0.0057 112
0.0058 116
0.0059 117
0.006 121
0.0061 124
0.0062 127
0.0063 128
0.0064 131
0.0065 137
0.0066 138
0.0067 144
0.0068 155
0.0069 164
0.007 173
0.0071 176
0.0072 184
0.0073 190
0.0074 196
0.0075 200
0.0076 206
0.0077 209
0.0078 215
0.0079 222
0.008 228
0.0081 233
0.0082 236
0.0083 242
0.0084 252
0.0085 261
0.0086 268
0.0087 276
0.0088 281
0.0089 282
0.009 288
0.0091 297
0.0092 300
0.0093 310
0.0094 322
0.0095 330
0.0096 334
0.0097 345
0.0098 346
0.0099 354
0.01 359
0.0101 371
0.0102 380
0.0103 384
0.0104 399
0.0105 405
0.0106 411
0.0107 421
0.0108 435
0.0109 445
0.011 455
0.0111 458
0.0112 463
0.0113 466
0.0114 469
0.0115 478
0.0116 487
0.0117 489
0.0118 498
0.0119 504
0.012 508
0.0121 513
0.0122 517
0.0123 525
0.0124 532
0.0125 542
0.0126 550
0.0127 564
0.0128 574
0.0129 587
0.013 601
0.0131 601
0.0132 615
0.0133 621
0.0134 631
0.0135 640
0.0136 649
0.0137 652
0.0138 658
0.0139 675
0.014 680
0.0141 686
0.0142 691
0.0143 698
0.0144 703
0.0145 712
0.0146 720
0.0147 724
0.0148 736
0.0149 750
0.015 751
0.0151 765
0.0152 777
0.0153 793
0.0154 803
0.0155 807
0.0156 816
0.0157 832
0.0158 839
0.0159 849
0.016 858
0.0161 872
0.0162 887
0.0163 894
0.0164 901
0.0165 907
0.0166 912
0.0167 919
0.0168 932
0.0169 946
0.017 957
0.0171 963
0.0172 967
0.0173 981
0.0174 989
0.0175 992
0.0176 1006
0.0177 1013
0.0178 1025
0.0179 1027
0.018 1042
0.0181 1053
0.0182 1063
0.0183 1071
0.0184 1076
0.0185 1097
0.0186 1108
0.0187 1119
0.0188 1132
0.0189 1134
0.019 1145
0.0191 1159
0.0192 1171
0.0193 1181
0.0194 1195
0.0195 1196
0.0196 1213
0.0197 1230
0.0198 1238
0.0199 1245
0.02 1252
0.0201 1254
0.0202 1265
0.0203 1283
0.0204 1290
0.0205 1298
0.0206 1316
0.0207 1313
0.0208 1329
0.0209 1342
0.021 1344
0.0211 1354
0.0212 1359
0.0213 1373
0.0214 1384
0.0215 1385
0.0216 1399
0.0217 1403
0.0218 1411
0.0219 1416
0.022 1424
0.0221 1441
0.0222 1445
0.0223 1453
0.0224 1461
0.0225 1473
0.0226 1480
0.0227 1485
0.0228 1491
0.0229 1494
0.023 1511
0.0231 1522
0.0232 1532
0.0233 1545
0.0234 1542
0.0235 1548
0.0236 1561
0.0237 1576
0.0238 1575
0.0239 1586
0.024 1595
0.0241 1600
0.0242 1607
0.0243 1624
0.0244 1628
0.0245 1639
0.0246 1649
0.0247 1654
0.0248 1653
0.0249 1672
0.025 1665
0.0251 1679
0.0252 1688
0.0253 1712
0.0254 1715
0.0255 1735
0.0256 1742
0.0257 1746
0.0258 1749
0.0259 1751
0.026 1767
0.0261 1777
0.0262 1782
0.0263 1791
0.0264 1800
0.0265 1807
0.0266 1820
0.0267 1827
0.0268 1829
0.0269 1822
0.027 1833
0.0271 1849
0.0272 1848
0.0273 1859
0.0274 1865
0.0275 1874
0.0276 1878
0.0277 1894
0.0278 1900
0.0279 1899
0.028 1907
0.0281 1918
0.0282 1911
0.0283 1921
0.0284 1936
0.0285 1937
0.0286 1946
0.0287 1944
0.0288 1950
0.0289 1948
0.029 1950
0.0291 1954
0.0292 1958
0.0293 1971
0.0294 1976
0.0295 1991
0.0296 1991
0.0297 1993
0.0298 1998
0.0299 1996
0.03 1996
0.0301 1991
0.0302 1976
0.0303 1955
0.0304 1929
0.0305 1888
0.0306 1856
0.0307 1808
0.0308 1761
0.0309 1720
0.031 1670
0.0311 1636
0.0312 1605
0.0313 1572
0.0314 1544
0.0315 1523
0.0316 1507
0.0317 1473
0.0318 1440
0.0319 1410
0.032 1383
0.0321 1352
0.0322 1335
0.0323 1326
0.0324 1315
0.0325 1313
0.0326 1298
0.0327 1280
0.0328 1275
0.0329 1254
0.033 1232
0.0331 1205
0.0332 1191
0.0333 1173
0.0334 1150
0.0335 1122
0.0336 1094
0.0337 1071
0.0338 1051
0.0339 1051
0.034 1064
0.0341 1054
0.0342 1052
0.0343 1039
0.0344 1034
0.0345 1009
0.0346 989
0.0347 982
0.0348 970
0.0349 960
0.035 958
0.0351 961
0.0352 947
0.0353 942
0.0354 939
0.0355 923
0.0356 906
0.0357 892
0.0358 873
0.0359 857
0.036 831
0.0361 813
0.0362 807
0.0363 796
0.0364 794
0.0365 783
0.0366 772
0.0367 757
0.0368 743
0.0369 734
0.037 723
0.0371 708
0.0372 703
0.0373 696
0.0374 684
0.0375 677
0.0376 668
0.0377 649
0.0378 627
0.0379 604
0.038 593
0.0381 585
0.0382 566
0.0383 550
0.0384 539
0.0385 526
0.0386 518
0.0387 503
0.0388 494
0.0389 482
0.039 483
0.0391 478
0.0392 477
0.0393 473
0.0394 465
0.0395 460
0.0396 448
0.0397 437
0.0398 440
0.0399 447
0.04 449
0.0401 447
0.0402 446
0.0403 435
0.0404 423
0.0405 416
0.0406 410
0.0407 401
0.0408 393
0.0409 391
0.041 390
0.0411 382
0.0412 376
0.0413 368
0.0414 358
0.0415 348
0.0416 340
0.0417 322
0.0418 312
0.0419 307
0.042 295
0.0421 292
0.0422 285
0.0423 284
0.0424 285
0.0425 284
0.0426 285
0.0427 280
0.0428 274
0.0429 280
0.043 282
0.0431 278
0.0432 275
0.0433 276
0.0434 278
0.0435 273
0.0436 275
0.0437 280
0.0438 284
0.0439 281
0.044 275
0.0441 271
0.0442 271
0.0443 263
0.0444 262
0.0445 257
0.0446 259
0.0447 257
0.0448 260
0.0449 258
0.045 257
0.0451 254
0.0452 253
0.0453 247
0.0454 248
0.0455 238
0.0456 247
0.0457 245
0.0458 253
0.0459 254
0.046 250
0.0461 248
0.0462 248
0.0463 248
0.0464 247
0.0465 246
0.0466 248
0.0467 249
0.0468 248
0.0469 246
0.047 248
0.0471 245
0.0472 253
0.0473 253
0.0474 259
0.0475 261
0.0476 261
0.0477 267
0.0478 272
0.0479 269
0.048 275
0.0481 273
0.0482 271
0.0483 272
0.0484 266
0.0485 263
0.0486 264
0.0487 266
0.0488 274
0.0489 282
0.049 290
0.0491 298
0.0492 298
0.0493 299
0.0494 295
0.0495 298
0.0496 297
0.0497 294
0.0498 298
0.0499 297
0.05 300
0.0501 314
0.0502 320
0.0503 322
0.0504 320
0.0505 317
0.0506 323
0.0507 321
0.0508 326
0.0509 327
0.051 324
0.0511 328
0.0512 322
0.0513 313
0.0514 316
0.0515 318
0.0516 307
0.0517 303
0.0518 301
0.0519 300
0.052 299
0.0521 302
0.0522 308
0.0523 315
0.0524 316
0.0525 320
0.0526 326
0.0527 333
0.0528 329
0.0529 337
0.053 359
0.0531 381
0.0532 399
0.0533 412
0.0534 416
0.0535 421
0.0536 423
0.0537 417
0.0538 413
0.0539 401
0.054 391
0.0541 382
0.0542 378
0.0543 389
0.0544 402
0.0545 396
0.0546 401
0.0547 399
0.0548 407
0.0549 410
0.055 411
0.0551 419
0.0552 434
0.0553 437
0.0554 450
0.0555 447
0.0556 451
0.0557 442
0.0558 437
0.0559 443
0.056 435
0.0561 438
0.0562 442
0.0563 437
0.0564 428
0.0565 416
0.0566 406
0.0567 405
0.0568 401
0.0569 404
0.057 404
0.0571 410
0.0572 426
0.0573 428
0.0574 442
0.0575 455
0.0576 461
0.0577 459
0.0578 451
0.0579 442
0.058 436
0.0581 437
0.0582 430
0.0583 425
0.0584 420
0.0585 415
0.0586 412
0.0587 402
0.0588 396
0.0589 388
0.059 375
0.0591 369
0.0592 365
0.0593 361
0.0594 354
0.0595 355
0.0596 354
0.0597 348
0.0598 347
0.0599 346
0.06 341
0.0601 338
0.0602 337
0.0603 334
0.0604 337
0.0605 342
0.0606 343
0.0607 348
0.0608 348
0.0609 350
0.061 346
0.0611 344
0.0612 338
0.0613 340
0.0614 345
0.0615 342
0.0616 341
0.0617 331
0.0618 326
0.0619 327
0.062 327
0.0621 319
0.0622 319
0.0623 316
0.0624 316
0.0625 317
0.0626 317
0.0627 317
0.0628 315
0.0629 312
0.063 308
0.0631 307
0.0632 307
0.0633 306
0.0634 301
0.0635 299
0.0636 299
0.0637 299
0.0638 301
0.0639 301
0.064 311
0.0641 311
0.0642 316
0.0643 311
0.0644 314
0.0645 308
0.0646 301
0.0647 306
0.0648 311
0.0649 312
0.065 312
0.0651 305
0.0652 302
0.0653 306
0.0654 303
0.0655 300
0.0656 296
0.0657 294
0.0658 290
0.0659 295
0.066 297
0.0661 313
0.0662 327
0.0663 330
0.0664 349
0.0665 356
0.0666 363
0.0667 371
0.0668 371
0.0669 376
0.067 399
0.0671 413
0.0672 425
0.0673 456
0.0674 479
0.0675 498
0.0676 512
0.0677 525
0.0678 551
0.0679 568
0.068 587
0.0681 611
0.0682 621
0.0683 642
0.0684 652
0.0685 665
0.0686 673
0.0687 685
0.0688 683
0.0689 698
0.069 703
0.0691 703
0.0692 701
0.0693 702
0.0694 705
0.0695 705
0.0696 706
0.0697 703
0.0698 710
0.0699 706
0.07 713
0.0701 715
0.0702 719
0.0703 717
0.0704 718
0.0705 720
0.0706 724
0.0707 719
0.0708 724
0.0709 724
0.071 727
0.0711 729
0.0712 735
0.0713 741
0.0714 738
0.0715 746
0.0716 749
0.0717 751
0.0718 757
0.0719 763
0.072 768
0.0721 771
0.0722 774
0.0723 778
0.0724 785
0.0725 789
0.0726 793
0.0727 801
0.0728 807
0.0729 809
0.073 808
0.0731 816
0.0732 814
0.0733 822
0.0734 824
0.0735 830
0.0736 834
0.0737 837
0.0738 846
0.0739 849
0.074 856
0.0741 853
0.0742 866
0.0743 871
0.0744 869
0.0745 874
0.0746 881
0.0747 882
0.0748 893
0.0749 894
0.075 897
0.0751 908
0.0752 908
0.0753 917
0.0754 925
0.0755 929
0.0756 931
0.0757 937
0.0758 937
0.0759 945
0.076 955
0.0761 961
0.0762 963
0.0763 967
0.0764 981
0.0765 986
0.0766 994
0.0767 999
0.0768 998
0.0769 1009
0.077 1018
0.0771 1023
0.0772 1022
0.0773 1034
0.0774 1048
0.0775 1051
0.0776 1060
0.0777 1065
0.0778 1076
0.0779 1079
0.078 1087
0.0781 1088
0.0782 1098
0.0783 1107
0.0784 1114
0.0785 1120
0.0786 1129
0.0787 1138
0.0788 1139
0.0789 1145
0.079 1146
0.0791 1150
0.0792 1163
0.0793 1170
0.0794 1181
0.0795 1195
0.0796 1203
0.0797 1212
0.0798 1220
0.0799 1230
0.08 1238
0.0801 1238
0.0802 1251
0.0803 1255
0.0804 1258
0.0805 1270
0.0806 1280
0.0807 1285
0.0808 1296
0.0809 1305
0.081 1309
0.0811 1321
0.0812 1325
0.0813 1335
0.0814 1347
0.0815 1348
0.0816 1363
0.0817 1377
0.0818 1372
0.0819 1381
0.082 1392
0.0821 1401
0.0822 1400
0.0823 1410
0.0824 1420
0.0825 1424
0.0826 1432
0.0827 1438
0.0828 1447
0.0829 1448
0.083 1447
0.0831 1460
0.0832 1467
0.0833 1472
0.0834 1478
0.0835 1485
0.0836 1483
0.0837 1493
0.0838 1502
0.0839 1519
0.084 1522
0.0841 1522
0.0842 1542
0.0843 1543
0.0844 1554
0.0845 1565
0.0846 1564
0.0847 1585
0.0848 1590
0.0849 1600
0.085 1609
0.0851 1608
0.0852 1622
0.0853 1633
0.0854 1642
0.0855 1644
0.0856 1648
0.0857 1661
0.0858 1670
0.0859 1665
0.086 1678
0.0861 1677
0.0862 1679
0.0863 1692
0.0864 1692
0.0865 1702
0.0866 1701
0.0867 1708
0.0868 1713
0.0869 1723
0.087 1725
0.0871 1735
0.0872 1737
0.0873 1751
0.0874 1750
0.0875 1753
0.0876 1754
0.0877 1744
0.0878 1750
0.0879 1767
0.088 1775
0.0881 1762
0.0882 1764
0.0883 1776
0.0884 1772
0.0885 1781
0.0886 1786
0.0887 1803
0.0888 1812
0.0889 1826
0.089 1830
0.0891 1837
0.0892 1841
0.0893 1856
0.0894 1856
0.0895 1866
0.0896 1858
0.0897 1861
0.0898 1870
0.0899 1882
0.09 1876
0.0901 1874
0.0902 1875
0.0903 1870
0.0904 1869
0.0905 1882
0.0906 1874
0.0907 1871
0.0908 1873
0.0909 1854
0.091 1846
0.0911 1818
0.0912 1803
0.0913 1788
0.0914 1764
0.0915 1755
0.0916 1737
0.0917 1709
0.0918 1718
0.0919 1716
0.092 1741
0.0921 1762
0.0922 1769
0.0923 1793
0.0924 1775
0.0925 1759
0.0926 1764
0.0927 1762
0.0928 1743
0.0929 1733
0.093 1715
0.0931 1728
0.0932 1734
0.0933 1751
0.0934 1758
0.0935 1742
0.0936 1733
0.0937 1718
0.0938 1706
0.0939 1697
0.094 1685
0.0941 1654
0.0942 1636
0.0943 1608
0.0944 1574
0.0945 1548
0.0946 1518
0.0947 1483
0.0948 1450
0.0949 1419
0.095 1396
0.0951 1375
0.0952 1359
0.0953 1337
0.0954 1332
0.0955 1346
0.0956 1360
0.0957 1368
0.0958 1366
0.0959 1358
0.096 1343
0.0961 1316
0.0962 1298
0.0963 1281
0.0964 1246
0.0965 1217
0.0966 1194
0.0967 1168
0.0968 1144
0.0969 1125
0.097 1104
0.0971 1078
0.0972 1058
0.0973 1032
0.0974 1009
0.0975 987
0.0976 974
0.0977 961
0.0978 942
0.0979 932
0.098 910
0.0981 902
0.0982 899
0.0983 904
0.0984 889
0.0985 887
0.0986 873
0.0987 871
0.0988 881
0.0989 871
0.099 877
0.0991 870
0.0992 858
0.0993 843
0.0994 833
0.0995 814
0.0996 803
0.0997 778
0.0998 761
0.0999 742
0.1 731
0.1001 717
0.1002 719
0.1003 727
0.1004 745
0.1005 765
0.1006 766
0.1007 767
0.1008 762
0.1009 751
0.101 737
0.1011 732
0.1012 720
0.1013 703
0.1014 695
0.1015 686
0.1016 666
0.1017 659
0.1018 645
0.1019 637
0.102 627
0.1021 614
0.1022 611
0.1023 608
0.1024 607
0.1025 631
0.1026 642
0.1027 656
0.1028 691
0.1029 716
0.103 738
0.1031 783
0.1032 820
0.1033 852
0.1034 892
0.1035 931
0.1036 952
0.1037 977
0.1038 1002
0.1039 1001
0.104 1010
0.1041 1008
0.1042 987
0.1043 976
0.1044 975
0.1045 958
0.1046 943
0.1047 928
0.1048 908
0.1049 890
0.105 879
0.1051 857
0.1052 847
0.1053 829
0.1054 812
0.1055 799
0.1056 774
0.1057 754
0.1058 741
0.1059 724
0.106 716
0.1061 698
0.1062 686
0.1063 674
0.1064 663
0.1065 646
0.1066 626
0.1067 612
0.1068 599
0.1069 588
0.107 578
0.1071 555
0.1072 538
0.1073 529
0.1074 512
0.1075 503
0.1076 495
0.1077 497
0.1078 484
0.1079 480
0.108 475
0.1081 463
0.1082 461
0.1083 463
0.1084 457
0.1085 458
0.1086 453
0.1087 448
0.1088 452
0.1089 455
0.109 458
0.1091 454
0.1092 457
0.1093 482
0.1094 503
0.1095 521
0.1096 536
0.1097 550
0.1098 567
0.1099 584
0.11 580
0.1101 583
0.1102 589
0.1103 582
0.1104 591
0.1105 592
0.1106 594
0.1107 598
0.1108 599
0.1109 605
0.111 600
0.1111 598
0.1112 602
0.1113 596
0.1114 589
0.1115 576
0.1116 563
0.1117 554
0.1118 553
0.1119 544
0.112 535
0.1121 525
0.1122 517
0.1123 507
0.1124 505
0.1125 496
0.1126 490
0.1127 487
0.1128 476
0.1129 462
0.113 453
0.1131 445
0.1132 435
0.1133 421
0.1134 407
0.1135 394
0.1136 383
0.1137 378
0.1138 373
0.1139 369
0.114 377
0.1141 368
0.1142 373
0.1143 365
0.1144 366
0.1145 366
0.1146 365
0.1147 362
0.1148 357
0.1149 358
0.115 362
0.1151 368
0.1152 378
0.1153 383
0.1154 378
0.1155 373
0.1156 377
0.1157 383
0.1158 381
0.1159 377
0.116 378
0.1161 380
0.1162 383
0.1163 377
0.1164 370
0.1165 367
0.1166 363
0.1167 381
0.1168 396
0.1169 418
0.117 434
0.1171 450
0.1172 469
0.1173 488
0.1174 496
0.1175 514
0.1176 548
0.1177 565
0.1178 579
0.1179 577
0.118 586
0.1181 585
0.1182 583
0.1183 575
0.1184 574
0.1185 573
0.1186 565
0.1187 561
0.1188 564
0.1189 559
0.119 561
0.1191 563
0.1192 570
0.1193 584
0.1194 594
0.1195 617
0.1196 643
0.1197 679
0.1198 704
0.1199 738
0.12 767
0.1201 797
0.1202 814
0.1203 842
0.1204 880
0.1205 899
0.1206 928
0.1207 949
0.1208 958
0.1209 971
0.121 988
0.1211 1008
0.1212 1022
0.1213 1037
0.1214 1050
0.1215 1065
0.1216 1088
0.1217 1089
0.1218 1089
0.1219 1088
0.122 1091
0.1221 1108
0.1222 1094
0.1223 1102
0.1224 1103
0.1225 1108
0.1226 1117
0.1227 1115
0.1228 1119
0.1229 1124
0.123 1131
0.1231 1135
0.1232 1140
0.1233 1137
0.1234 1140
0.1235 1147
0.1236 1142
0.1237 1145
0.1238 1149
0.1239 1151
0.124 1150
0.1241 1148
0.1242 1164
0.1243 1158
0.1244 1161
0.1245 1163
0.1246 1165
0.1247 1177
0.1248 1171
0.1249 1178
0.125 1175
0.1251 1183
0.1252 1182
0.1253 1184
0.1254 1186
0.1255 1196
0.1256 1195
0.1257 1197
0.1258 1208
0.1259 1216
0.126 1218
0.1261 1213
0.1262 1224
0.1263 1221
0.1264 1225
0.1265 1223
0.1266 1230
0.1267 1238
0.1268 1242
0.1269 1245
0.127 1246
0.1271 1253
0.1272 1257
0.1273 1271
0.1274 1268
0.1275 1271
0.1276 1282
0.1277 1274
0.1278 1285
0.1279 1290
0.128 1283
0.1281 1297
0.1282 1303
0.1283 1300
0.1284 1308
0.1285 1313
0.1286 1309
0.1287 1320
0.1288 1325
0.1289 1329
0.129 1334
0.1291 1333
0.1292 1340
0.1293 1361
0.1294 1364
0.1295 1368
0.1296 1374
0.1297 1375
0.1298 1379
0.1299 1384
0.13 1387
0.1301 1390
0.1302 1390
0.1303 1400
0.1304 1403
0.1305 1414
0.1306 1415
0.1307 1429
0.1308 1429
0.1309 1444
0.131 1454
0.1311 1452
0.1312 1458
0.1313 1465
0.1314 1478
0.1315 1471
0.1316 1481
0.1317 1482
0.1318 1485
0.1319 1490
0.132 1507
0.1321 1513
0.1322 1521
0.1323 1528
0.1324 1530
0.1325 1539
0.1326 1542
0.1327 1550
0.1328 1548
0.1329 1565
0.133 1576
0.1331 1582
0.1332 1582
0.1333 1592
0.1334 1597
0.1335 1606
0.1336 1616
0.1337 1619
0.1338 1630
0.1339 1631
0.134 1638
0.1341 1651
0.1342 1654
0.1343 1671
0.1344 1679
0.1345 1678
0.1346 1687
0.1347 1690
0.1348 1696
0.1349 1699
0.135 1703
0.1351 1709
0.1352 1716
0.1353 1723
0.1354 1736
0.1355 1746
0.1356 1752
0.1357 1763
0.1358 1773
0.1359 1781
0.136 1788
0.1361 1799
0.1362 1807
0.1363 1812
0.1364 1815
0.1365 1833
0.1366 1832
0.1367 1836
0.1368 1844
0.1369 1855
0.137 1858
0.1371 1865
0.1372 1866
0.1373 1879
0.1374 1894
0.1375 1900
0.1376 1903
0.1377 1915
0.1378 1917
0.1379 1931
0.138 1939
0.1381 1944
0.1382 1949
0.1383 1955
0.1384 1955
0.1385 1973
0.1386 1966
0.1387 1975
0.1388 1976
0.1389 1975
0.139 1967
0.1391 1971
0.1392 1977
0.1393 1975
0.1394 1976
0.1395 1979
0.1396 1968
0.1397 1969
0.1398 1959
0.1399 1953
0.14 1946
0.1401 1953
0.1402 1934
0.1403 1937
0.1404 1930
0.1405 1919
0.1406 1919
0.1407 1926
0.1408 1951
0.1409 1960
0.141 1963
0.1411 1978
0.1412 1953
0.1413 1944
0.1414 1932
0.1415 1929
0.1416 1917
0.1417 1920
0.1418 1914
0.1419 1901
0.142 1882
0.1421 1848
0.1422 1805
0.1423 1764
0.1424 1728
0.1425 1692
0.1426 1664
0.1427 1625
0.1428 1596
0.1429 1574
0.143 1540
0.1431 1520
0.1432 1496
0.1433 1476
0.1434 1460
0.1435 1429
0.1436 1409
0.1437 1383
0.1438 1360
0.1439 1342
0.144 1323
0.1441 1295
0.1442 1269
0.1443 1246
0.1444 1223
0.1445 1190
0.1446 1164
0.1447 1131
0.1448 1102
0.1449 1076
0.145 1052
0.1451 1028
0.1452 1006
0.1453 979
0.1454 953
0.1455 945
0.1456 922
0.1457 898
0.1458 885
0.1459 870
0.146 854
0.1461 844
0.1462 821
0.1463 808
0.1464 811
0.1465 794
0.1466 780
0.1467 771
0.1468 757
0.1469 752
0.147 738
0.1471 729
0.1472 708
0.1473 699
0.1474 681
0.1475 669
0.1476 656
0.1477 643
0.1478 639
0.1479 627
0.148 630
0.1481 625
0.1482 613
0.1483 596
0.1484 586
0.1485 584
0.1486 583
0.1487 577
0.1488 577
0.1489 572
0.149 577
0.1491 570
0.1492 570
0.1493 564
0.1494 552
0.1495 543
0.1496 533
0.1497 520
0.1498 522
0.1499 513
0.15 506
0.1501 501
0.1502 488
0.1503 488
0.1504 492
0.1505 482
0.1506 476
0.1507 476
0.1508 474
0.1509 479
0.151 500
0.1511 514
0.1512 532
0.1513 541
0.1514 540
0.1515 541
0.1516 524
0.1517 516
0.1518 522
0.1519 537
0.152 548
0.1521 556
0.1522 567
0.1523 561
0.1524 555
0.1525 552
0.1526 543
0.1527 540
0.1528 534
0.1529 531
0.153 525
0.1531 520
0.1532 520
0.1533 509
0.1534 503
0.1535 482
0.1536 475
0.1537 464
0.1538 463
0.1539 452
0.154 442
0.1541 432
0.1542 423
0.1543 417
0.1544 407
0.1545 391
0.1546 383
0.1547 372
0.1548 366
0.1549 358
0.155 356
0.1551 350
0.1552 349
0.1553 360
0.1554 357
0.1555 357
0.1556 358
0.1557 348
0.1558 347
0.1559 343
0.156 340
0.1561 342
0.1562 345
0.1563 349
0.1564 347
0.1565 342
0.1566 343
0.1567 337
0.1568 328
0.1569 320
0.157 323
0.1571 322
0.1572 318
0.1573 322
0.1574 325
0.1575 322
0.1576 321
0.1577 317
0.1578 321
0.1579 319
0.158 312
0.1581 302
0.1582 296
0.1583 297
0.1584 295
0.1585 287
0.1586 280
0.1587 268
0.1588 263
0.1589 256
0.159 257
0.1591 258
0.1592 258
0.1593 259
0.1594 261
0.1595 263
0.1596 266
0.1597 276
0.1598 280
0.1599 285
0.16 284
0.1601 283
0.1602 277
0.1603 274
0.1604 273
0.1605 274
0.1606 275
0.1607 280
0.1608 277
0.1609 286
0.161 288
0.1611 289
0.1612 291
0.1613 294
0.1614 297
0.1615 295
0.1616 294
0.1617 290
0.1618 285
0.1619 283
0.162 287
0.1621 284
0.1622 285
0.1623 280
0.1624 282
0.1625 295
0.1626 310
0.1627 319
0.1628 325
0.1629 338
0.163 346
0.1631 349
0.1632 348
0.1633 341
0.1634 340
0.1635 332
0.1636 327
0.1637 331
0.1638 333
0.1639 331
0.164 332
0.1641 335
0.1642 332
0.1643 330
0.1644 335
0.1645 332
0.1646 320
0.1647 322
0.1648 315
0.1649 302
0.165 297
0.1651 294
0.1652 286
0.1653 285
0.1654 282
0.1655 298
0.1656 317
0.1657 340
0.1658 362
0.1659 370
0.166 382
0.1661 388
0.1662 396
0.1663 392
0.1664 391
0.1665 387
0.1666 388
0.1667 389
0.1668 381
0.1669 380
0.167 379
0.1671 389
0.1672 405
0.1673 418
0.1674 423
0.1675 435
0.1676 435
0.1677 426
0.1678 424
0.1679 418
0.168 409
0.1681 403
0.1682 393
0.1683 388
0.1684 376
0.1685 368
0.1686 365
0.1687 359
0.1688 355
0.1689 343
0.169 346
0.1691 340
0.1692 329
0.1693 321
0.1694 315
0.1695 312
0.1696 305
0.1697 294
0.1698 296
0.1699 291
0.17 289
0.1701 282
0.1702 291
0.1703 297
0.1704 293
0.1705 297
0.1706 301
0.1707 293
0.1708 290
0.1709 290
0.171 281
0.1711 283
0.1712 275
0.1713 272
0.1714 265
0.1715 272
0.1716 288
0.1717 303
0.1718 330
0.1719 359
0.172 379
0.1721 398
0.1722 418
0.1723 430
0.1724 448
0.1725 449
0.1726 464
0.1727 463
0.1728 467
0.1729 468
0.173 484
0.1731 504
0.1732 526
0.1733 527
0.1734 541
0.1735 548
0.1736 554
0.1737 550
0.1738 553
0.1739 550
0.174 545
0.1741 547
0.1742 544
0.1743 540
0.1744 543
0.1745 530
0.1746 518
0.1747 510
0.1748 504
0.1749 500
0.175 497
0.1751 500
0.1752 500
0.1753 493
0.1754 484
0.1755 496
0.1756 494
0.1757 491
0.1758 481
0.1759 471
0.176 463
0.1761 461
0.1762 460
0.1763 451
0.1764 447
0.1765 438
0.1766 437
0.1767 430
0.1768 424
0.1769 420
0.177 416
0.1771 415
0.1772 410
0.1773 404
0.1774 398
0.1775 391
0.1776 395
0.1777 400
0.1778 417
0.1779 436
0.178 449
0.1781 466
0.1782 489
0.1783 501
0.1784 533
0.1785 558
0.1786 571
0.1787 573
0.1788 588
0.1789 596
0.179 641
0.1791 643
0.1792 663
0.1793 669
0.1794 672
0.1795 670
0.1796 676
0.1797 670
0.1798 664
0.1799 660
0.18 656
0.1801 646
0.1802 639
0.1803 623
0.1804 612
0.1805 603
0.1806 603
0.1807 595
0.1808 589
0.1809 586
0.181 582
0.1811 577
0.1812 569
0.1813 573
0.1814 574
0.1815 580
0.1816 581
0.1817 572
0.1818 565
0.1819 569
0.182 564
0.1821 556
0.1822 551
0.1823 548
0.1824 542
0.1825 538
0.1826 533
0.1827 527
0.1828 519
0.1829 507
0.183 501
0.1831 499
0.1832 493
0.1833 488
0.1834 481
0.1835 470
0.1836 476
0.1837 470
0.1838 463
0.1839 460
0.184 477
0.1841 481
0.1842 491
0.1843 512
0.1844 533
0.1845 566
0.1846 584
0.1847 604
0.1848 621
0.1849 649
0.185 660
0.1851 667
0.1852 677
0.1853 693
0.1854 701
0.1855 710
0.1856 708
0.1857 718
0.1858 715
0.1859 707
0.186 709
0.1861 700
0.1862 692
0.1863 697
0.1864 693
0.1865 683
0.1866 673
0.1867 658
0.1868 642
0.1869 628
0.187 623
0.1871 616
0.1872 610
0.1873 605
0.1874 598
0.1875 590
0.1876 580
0.1877 567
0.1878 556
0.1879 547
0.188 535
0.1881 526
0.1882 518
0.1883 512
0.1884 499
0.1885 493
0.1886 486
0.1887 478
0.1888 471
0.1889 465
0.189 461
0.1891 455
0.1892 446
0.1893 436
0.1894 437
0.1895 430
0.1896 429
0.1897 425
0.1898 421
0.1899 416
0.19 400
0.1901 397
0.1902 387
0.1903 387
0.1904 406
0.1905 414
0.1906 425
0.1907 439
0.1908 461
0.1909 472
0.191 501
0.1911 527
0.1912 554
0.1913 588
0.1914 616
0.1915 642
0.1916 658
0.1917 667
0.1918 677
0.1919 686
0.192 698
0.1921 703
0.1922 713
0.1923 716
0.1924 724
0.1925 723
0.1926 727
0.1927 734
0.1928 725
0.1929 732
0.193 732
0.1931 739
0.1932 739
0.1933 743
0.1934 748
0.1935 748
0.1936 753
0.1937 758
0.1938 758
0.1939 753
0.194 761
0.1941 764
0.1942 767
0.1943 771
0.1944 774
0.1945 778
0.1946 788
0.1947 789
0.1948 792
0.1949 793
0.195 799
0.1951 802
0.1952 810
0.1953 811
0.1954 818
0.1955 818
0.1956 826
0.1957 833
0.1958 838
0.1959 837
0.196 847
0.1961 852
0.1962 853
0.1963 858
0.1964 857
0.1965 865
0.1966 866
0.1967 872
0.1968 873
0.1969 882
0.197 887
0.1971 886
0.1972 888
0.1973 892
0.1974 893
0.1975 895
0.1976 902
0.1977 899
0.1978 906
0.1979 914
0.198 913
0.1981 920
0.1982 922
0.1983 923
0.1984 929
0.1985 935
0.1986 935
0.1987 938
0.1988 950
0.1989 954
0.199 951
0.1991 964
0.1992 976
0.1993 980
0.1994 986
0.1995 988
0.1996 1000
0.1997 1003
0.1998 1006
0.1999 1013
0.2 1023
0.2001 1029
0.2002 1040
0.2003 1047
0.2004 1050
0.2005 1056
0.2006 1061
0.2007 1072
0.2008 1074
0.2009 1078
0.201 1080
0.2011 1089
0.2012 1090
0.2013 1100
0.2014 1108
0.2015 1119
0.2016 1133
0.2017 1134
0.2018 1147
0.2019 1157
0.202 1160
0.2021 1170
0.2022 1179
0.2023 1193
0.2024 1200
0.2025 1204
0.2026 1215
0.2027 1228
0.2028 1235
0.2029 1237
0.203 1241
0.2031 1255
0.2032 1264
0.2033 1275
0.2034 1285
0.2035 1283
0.2036 1295
0.2037 1302
0.2038 1324
0.2039 1333
0.204 1346
0.2041 1352
0.2042 1362
0.2043 1367
0.2044 1376
0.2045 1393
0.2046 1395
0.2047 1405
0.2048 1419
0.2049 1426
0.205 1443
0.2051 1449
0.2052 1461
0.2053 1476
0.2054 1482
0.2055 1482
0.2056 1508
0.2057 1505
0.2058 1519
0.2059 1532
0.206 1535
0.2061 1549
0.2062 1565
0.2063 1574
0.2064 1587
0.2065 1596
0.2066 1616
0.2067 1616
0.2068 1617
0.2069 1629
0.207 1626
0.2071 1639
0.2072 1643
0.2073 1647
0.2074 1656
0.2075 1659
0.2076 1661
0.2077 1660
0.2078 1674
0.2079 1687
0.208 1698
0.2081 1699
0.2082 1698
0.2083 1711
0.2084 1727
0.2085 1727
0.2086 1742
0.2087 1746
0.2088 1742
0.2089 1748
0.209 1746
0.2091 1748
0.2092 1750
0.2093 1755
0.2094 1766
0.2095 1770
0.2096 1774
0.2097 1779
0.2098 1782
0.2099 1779
0.21 1796
0.2101 1790
0.2102 1793
0.2103 1805
0.2104 1803
0.2105 1824
0.2106 1829
0.2107 1830
0.2108 1830
0.2109 1816
0.211 1802
0.2111 1808
0.2112 1806
0.2113 1805
0.2114 1809
0.2115 1813
0.2116 1806
0.2117 1788
0.2118 1769
0.2119 1757
0.212 1729
0.2121 1721
0.2122 1703
0.2123 1700
0.2124 1717
0.2125 1713
0.2126 1724
0.2127 1749
0.2128 1760
0.2129 1763
0.213 1746
0.2131 1754
0.2132 1746
0.2133 1719
0.2134 1708
0.2135 1694
0.2136 1687
0.2137 1677
0.2138 1660
0.2139 1658
0.214 1635
0.2141 1608
0.2142 1584
0.2143 1555
0.2144 1536
0.2145 1536
0.2146 1515
0.2147 1519
0.2148 1492
0.2149 1471
0.215 1458
0.2151 1433
0.2152 1407
0.2153 1384
0.2154 1360
0.2155 1343
0.2156 1315
0.2157 1301
0.2158 1268
0.2159 1229
0.216 1199
0.2161 1173
0.2162 1151
0.2163 1121
0.2164 1114
0.2165 1124
0.2166 1126
0.2167 1139
0.2168 1149
0.2169 1176
0.217 1203
0.2171 1228
0.2172 1218
0.2173 1212
0.2174 1205
0.2175 1195
0.2176 1177
0.2177 1178
0.2178 1169
0.2179 1154
0.218 1159
0.2181 1144
0.2182 1113
0.2183 1087
0.2184 1073
0.2185 1058
0.2186 1044
0.2187 1024
0.2188 996
0.2189 968
0.219 951
0.2191 937
0.2192 926
0.2193 904
0.2194 884
0.2195 866
0.2196 847
0.2197 830
0.2198 818
0.2199 801
0.22 793
0.2201 779
0.2202 769
0.2203 744
0.2204 726
0.2205 722
0.2206 705
0.2207 691
0.2208 673
0.2209 666
0.221 647
0.2211 639
0.2212 629
0.2213 613
0.2214 601
0.2215 585
0.2216 576
0.2217 571
0.2218 559
0.2219 547
0.222 535
0.2221 524
0.2222 523
0.2223 513
0.2224 508
0.2225 500
0.2226 498
0.2227 497
0.2228 500
0.2229 500
0.223 496
0.2231 481
0.2232 473
0.2233 481
0.2234 489
0.2235 511
0.2236 540
0.2237 574
0.2238 573
0.2239 576
0.224 582
0.2241 571
0.2242 570
0.2243 567
0.2244 567
0.2245 561
0.2246 561
0.2247 561
0.2248 554
0.2249 556
0.225 543
0.2251 536
0.2252 528
0.2253 527
0.2254 536
0.2255 537
0.2256 527
0.2257 522
0.2258 520
0.2259 520
0.226 514
0.2261 511
0.2262 501
0.2263 488
0.2264 485
0.2265 477
0.2266 471
0.2267 462
0.2268 462
0.2269 460
0.227 455
0.2271 453
0.2272 445
0.2273 449
0.2274 437
0.2275 431
0.2276 426
0.2277 420
0.2278 417
0.2279 422
0.228 422
0.2281 421
0.2282 422
0.2283 417
0.2284 406
0.2285 402
0.2286 388
0.2287 379
0.2288 372
0.2289 368
0.229 354
0.2291 354
0.2292 352
0.2293 356
0.2294 356
0.2295 350
0.2296 344
0.2297 343
0.2298 341
0.2299 341
0.23 339
0.2301 347
0.2302 352
0.2303 359
0.2304 356
0.2305 365
0.2306 358
0.2307 356
0.2308 340
0.2309 335
0.231 329
0.2311 325
0.2312 324
0.2313 320
0.2314 327
0.2315 340
0.2316 335
0.2317 332
0.2318 332
0.2319 332
0.232 334
0.2321 333
0.2322 330
0.2323 325
0.2324 320
0.2325 323
0.2326 324
0.2327 334
0.2328 360
0.2329 390
0.233 402
0.2331 409
0.2332 425
0.2333 440
0.2334 442
0.2335 438
0.2336 427
0.2337 419
0.2338 413
0.2339 411
0.234 405
0.2341 402
0.2342 393
0.2343 385
0.2344 378
0.2345 374
0.2346 365
0.2347 367
0.2348 381
0.2349 409
0.235 434
0.2351 458
0.2352 477
0.2353 504
0.2354 511
0.2355 511
0.2356 511
0.2357 518
0.2358 544
0.2359 578
0.236 593
0.2361 594
0.2362 607
0.2363 626
0.2364 645
0.2365 658
0.2366 659
0.2367 646
0.2368 640
0.2369 642
0.237 628
0.2371 625
0.2372 606
0.2373 591
0.2374 581
0.2375 574
0.2376 577
0.2377 584
0.2378 597
0.2379 596
0.238 602
0.2381 607
0.2382 605
0.2383 604
0.2384 597
0.2385 582
0.2386 568
0.2387 555
0.2388 541
0.2389 538
0.239 533
0.2391 525
0.2392 515
0.2393 514
0.2394 513
0.2395 520
0.2396 510
0.2397 516
0.2398 503
0.2399 502
0.24 490
0.2401 489
0.2402 479
0.2403 473
0.2404 466
0.2405 465
0.2406 461
0.2407 466
0.2408 465
0.2409 459
0.241 461
0.2411 456
0.2412 459
0.2413 459
0.2414 462
0.2415 450
0.2416 448
0.2417 449
0.2418 450
0.2419 448
0.242 445
0.2421 439
0.2422 435
0.2423 422
0.2424 412
0.2425 403
0.2426 389
0.2427 372
0.2428 365
0.2429 358
0.243 354
0.2431 343
0.2432 331
0.2433 323
0.2434 321
0.2435 310
0.2436 310
0.2437 304
0.2438 303
0.2439 306
0.244 305
0.2441 302
0.2442 296
0.2443 298
0.2444 295
0.2445 295
0.2446 293
0.2447 280
0.2448 285
0.2449 278
0.245 276
0.2451 270
0.2452 267
0.2453 267
0.2454 258
0.2455 258
0.2456 272
0.2457 296
0.2458 320
0.2459 356
0.246 389
0.2461 413
0.2462 449
0.2463 487
0.2464 524
0.2465 561
0.2466 591
0.2467 614
0.2468 630
0.2469 654
0.247 666
0.2471 682
0.2472 700
0.2473 728
0.2474 738
0.2475 756
0.2476 768
0.2477 767
0.2478 785
0.2479 795
0.248 794
0.2481 800
0.2482 809
0.2483 812
0.2484 832
0.2485 848
0.2486 855
0.2487 871
0.2488 889
0.2489 891
0.249 902
0.2491 906
0.2492 911
0.2493 912
0.2494 919
0.2495 929
0.2496 940
0.2497 939
0.2498 954
0.2499 967
0.25 976
