0 0
0.0001 0
0.0002 0
0.0003 0
0.0004 0
0.0005 0
0.0006 0
0.0007 0
0.0008 0
0.0009 0
0.001 0
0.0011 0
0.0012 0
0.0013 0
0.0014 0
0.0015 0
0.0016 0
0.0017 0
0.0018 0
0.0019 0
0.002 0
0.0021 0
0.0022 0
0.0023 1
0.0024 0
0.0025 0
0.0026 0
0.0027 0
0.0028 0
0.0029 0
0.003 0
0.0031 0
0.0032 0
0.0033 0
0.0034 2
0.0035 2
0.0036 1
0.0037 0
0.0038 0
0.0039 0
0.004 0
0.0041 0
0.0042 0
0.0043 0
0.0044 0
0.0045 0
0.0046 1
0.0047 0
0.0048 0
0.0049 0
0.005 1
0.0051 1
0.0052 1
0.0053 1
0.0054 1
0.0055 0
0.0056 0
0.0057 0
0.0058 1
0.0059 1
0.006 1
0.0061 1
0.0062 1
0.0063 2
0.0064 2
0.0065 2
0.0066 4
0.0067 4
0.0068 3
0.0069 3
0.007 1
0.0071 1
0.0072 1
0.0073 2
0.0074 2
0.0075 1
0.0076 1
0.0077 0
0.0078 2
0.0079 2
0.008 0
0.0081 0
0.0082 0
0.0083 0
0.0084 0
0.0085 0
0.0086 0
0.0087 0
0.0088 0
0.0089 1
0.009 1
0.0091 1
0.0092 1
0.0093 3
0.0094 3
0.0095 3
0.0096 3
0.0097 3
0.0098 2
0.0099 0
0.01 2
0.0101 1
0.0102 2
0.0103 4
0.0104 2
0.0105 0
0.0106 2
0.0107 1
0.0108 1
0.0109 1
0.011 3
0.0111 2
0.0112 2
0.0113 3
0.0114 3
0.0115 3
0.0116 4
0.0117 2
0.0118 2
0.0119 1
0.012 3
0.0121 2
0.0122 0
0.0123 2
0.0124 2
0.0125 3
0.0126 3
0.0127 2
0.0128 1
0.0129 1
0.013 1
0.0131 2
0.0132 2
0.0133 2
0.0134 0
0.0135 1
0.0136 2
0.0137 2
0.0138 2
0.0139 1
0.014 0
0.0141 0
0.0142 0
0.0143 1
0.0144 1
0.0145 1
0.0146 1
0.0147 3
0.0148 2
0.0149 2
0.015 3
0.0151 3
0.0152 4
0.0153 3
0.0154 4
0.0155 4
0.0156 3
0.0157 2
0.0158 1
0.0159 2
0.016 1
0.0161 1
0.0162 2
0.0163 2
0.0164 1
0.0165 1
0.0166 1
0.0167 0
0.0168 0
0.0169 1
0.017 1
0.0171 0
0.0172 0
0.0173 0
0.0174 0
0.0175 1
0.0176 1
0.0177 1
0.0178 2
0.0179 1
0.018 1
0.0181 1
0.0182 1
0.0183 0
0.0184 0
0.0185 0
0.0186 1
0.0187 1
0.0188 1
0.0189 1
0.019 2
0.0191 3
0.0192 1
0.0193 2
0.0194 2
0.0195 3
0.0196 4
0.0197 3
0.0198 4
0.0199 4
0.02 4
0.0201 3
0.0202 1
0.0203 3
0.0204 1
0.0205 4
0.0206 4
0.0207 2
0.0208 2
0.0209 2
0.021 1
0.0211 0
0.0212 1
0.0213 1
0.0214 1
0.0215 1
0.0216 1
0.0217 2
0.0218 2
0.0219 1
0.022 1
0.0221 2
0.0222 2
0.0223 3
0.0224 4
0.0225 1
0.0226 1
0.0227 2
0.0228 3
0.0229 2
0.023 4
0.0231 4
0.0232 4
0.0233 2
0.0234 2
0.0235 3
0.0236 3
0.0237 3
0.0238 3
0.0239 2
0.024 2
0.0241 2
0.0242 2
0.0243 2
0.0244 1
0.0245 1
0.0246 1
0.0247 1
0.0248 2
0.0249 1
0.025 3
0.0251 2
0.0252 2
0.0253 2
0.0254 1
0.0255 1
0.0256 1
0.0257 0
0.0258 0
0.0259 1
0.026 0
0.0261 0
0.0262 0
0.0263 1
0.0264 2
0.0265 3
0.0266 3
0.0267 2
0.0268 2
0.0269 1
0.027 1
0.0271 1
0.0272 0
0.0273 0
0.0274 0
0.0275 0
0.0276 0
0.0277 0
0.0278 0
0.0279 1
0.028 1
0.0281 0
0.0282 1
0.0283 1
0.0284 1
0.0285 1
0.0286 2
0.0287 4
0.0288 2
0.0289 0
0.029 2
0.0291 3
0.0292 2
0.0293 2
0.0294 2
0.0295 1
0.0296 2
0.0297 1
0.0298 1
0.0299 3
0.03 2
0.0301 2
0.0302 2
0.0303 1
0.0304 1
0.0305 1
0.0306 0
0.0307 1
0.0308 1
0.0309 1
0.031 2
0.0311 1
0.0312 1
0.0313 1
0.0314 1
0.0315 1
0.0316 1
0.0317 0
0.0318 0
0.0319 0
0.032 1
0.0321 1
0.0322 1
0.0323 2
0.0324 1
0.0325 0
0.0326 0
0.0327 0
0.0328 1
0.0329 1
0.033 1
0.0331 0
0.0332 0
0.0333 0
0.0334 1
0.0335 3
0.0336 2
0.0337 1
0.0338 1
0.0339 1
0.034 0
0.0341 0
0.0342 0
0.0343 0
0.0344 0
0.0345 0
0.0346 0
0.0347 1
0.0348 3
0.0349 3
0.035 3
0.0351 1
0.0352 2
0.0353 1
0.0354 1
0.0355 1
0.0356 2
0.0357 1
0.0358 1
0.0359 1
0.036 1
0.0361 1
0.0362 1
0.0363 2
0.0364 2
0.0365 2
0.0366 1
0.0367 2
0.0368 1
0.0369 0
0.037 1
0.0371 1
0.0372 1
0.0373 2
0.0374 3
0.0375 3
0.0376 3
0.0377 1
0.0378 0
0.0379 1
0.038 2
0.0381 1
0.0382 1
0.0383 1
0.0384 1
0.0385 2
0.0386 1
0.0387 2
0.0388 2
0.0389 1
0.039 1
0.0391 1
0.0392 1
0.0393 0
0.0394 0
0.0395 0
0.0396 0
0.0397 0
0.0398 0
0.0399 0
0.04 0
0.0401 0
0.0402 2
0.0403 0
0.0404 0
0.0405 0
0.0406 0
0.0407 0
0.0408 0
0.0409 0
0.041 0
0.0411 0
0.0412 0
0.0413 0
0.0414 0
0.0415 0
0.0416 0
0.0417 0
0.0418 0
0.0419 0
0.042 0
0.0421 0
0.0422 0
0.0423 0
0.0424 0
0.0425 1
0.0426 2
0.0427 2
0.0428 2
0.0429 2
0.043 2
0.0431 2
0.0432 2
0.0433 1
0.0434 1
0.0435 1
0.0436 1
0.0437 1
0.0438 1
0.0439 1
0.044 1
0.0441 1
0.0442 0
0.0443 0
0.0444 0
0.0445 0
0.0446 0
0.0447 0
0.0448 0
0.0449 0
0.045 0
0.0451 1
0.0452 1
0.0453 1
0.0454 0
0.0455 0
0.0456 1
0.0457 0
0.0458 1
0.0459 2
0.046 2
0.0461 2
0.0462 2
0.0463 1
0.0464 1
0.0465 0
0.0466 0
0.0467 0
0.0468 0
0.0469 0
0.047 0
0.0471 0
0.0472 0
0.0473 0
0.0474 1
0.0475 0
0.0476 0
0.0477 0
0.0478 0
0.0479 1
0.048 2
0.0481 1
0.0482 1
0.0483 1
0.0484 0
0.0485 0
0.0486 1
0.0487 0
0.0488 0
0.0489 0
0.049 0
0.0491 0
0.0492 0
0.0493 0
0.0494 0
0.0495 0
0.0496 1
0.0497 0
0.0498 0
0.0499 1
0.05 1
0.0501 2
0.0502 0
0.0503 1
0.0504 1
0.0505 0
0.0506 0
0.0507 0
0.0508 0
0.0509 2
0.051 3
0.0511 3
0.0512 3
0.0513 3
0.0514 3
0.0515 3
0.0516 2
0.0517 1
0.0518 1
0.0519 0
0.052 0
0.0521 0
0.0522 1
0.0523 0
0.0524 0
0.0525 1
0.0526 0
0.0527 0
0.0528 0
0.0529 0
0.053 0
0.0531 0
0.0532 0
0.0533 0
0.0534 0
0.0535 0
0.0536 0
0.0537 0
0.0538 0
0.0539 0
0.054 0
0.0541 0
0.0542 0
0.0543 0
0.0544 0
0.0545 0
0.0546 1
0.0547 1
0.0548 0
0.0549 0
0.055 0
0.0551 1
0.0552 1
0.0553 0
0.0554 0
0.0555 0
0.0556 0
0.0557 1
0.0558 1
0.0559 2
0.056 2
0.0561 1
0.0562 0
0.0563 0
0.0564 0
0.0565 0
0.0566 0
0.0567 1
0.0568 0
0.0569 1
0.057 1
0.0571 1
0.0572 1
0.0573 2
0.0574 1
0.0575 1
0.0576 1
0.0577 2
0.0578 1
0.0579 0
0.058 1
0.0581 0
0.0582 0
0.0583 0
0.0584 0
0.0585 0
0.0586 0
0.0587 0
0.0588 0
0.0589 0
0.059 1
0.0591 1
0.0592 0
0.0593 1
0.0594 1
0.0595 2
0.0596 2
0.0597 1
0.0598 0
0.0599 0
0.06 0
0.0601 0
0.0602 0
0.0603 0
0.0604 0
0.0605 0
0.0606 0
0.0607 0
0.0608 0
0.0609 0
0.061 0
0.0611 0
0.0612 0
0.0613 0
0.0614 0
0.0615 0
0.0616 0
0.0617 0
0.0618 0
0.0619 0
0.062 0
0.0621 0
0.0622 0
0.0623 0
0.0624 1
0.0625 0
0.0626 0
0.0627 0
0.0628 0
0.0629 0
0.063 0
0.0631 0
0.0632 0
0.0633 0
0.0634 0
0.0635 0
0.0636 0
0.0637 0
0.0638 0
0.0639 0
0.064 0
0.0641 0
0.0642 0
0.0643 0
0.0644 0
0.0645 1
0.0646 1
0.0647 0
0.0648 0
0.0649 0
0.065 0
0.0651 0
0.0652 0
0.0653 0
0.0654 0
0.0655 0
0.0656 0
0.0657 1
0.0658 1
0.0659 2
0.066 2
0.0661 1
0.0662 1
0.0663 0
0.0664 0
0.0665 0
0.0666 0
0.0667 0
0.0668 0
0.0669 1
0.067 2
0.0671 2
0.0672 1
0.0673 1
0.0674 1
0.0675 1
0.0676 1
0.0677 1
0.0678 1
0.0679 1
0.068 0
0.0681 0
0.0682 0
0.0683 0
0.0684 0
0.0685 0
0.0686 0
0.0687 0
0.0688 0
0.0689 0
0.069 0
0.0691 0
0.0692 0
0.0693 0
0.0694 0
0.0695 1
0.0696 1
0.0697 1
0.0698 1
0.0699 0
0.07 0
0.0701 0
0.0702 0
0.0703 0
0.0704 0
0.0705 0
0.0706 1
0.0707 1
0.0708 1
0.0709 2
0.071 2
0.0711 1
0.0712 2
0.0713 1
0.0714 1
0.0715 1
0.0716 1
0.0717 0
0.0718 0
0.0719 0
0.072 0
0.0721 0
0.0722 0
0.0723 0
0.0724 1
0.0725 1
0.0726 2
0.0727 1
0.0728 1
0.0729 1
0.073 1
0.0731 2
0.0732 2
0.0733 3
0.0734 3
0.0735 2
0.0736 2
0.0737 2
0.0738 1
0.0739 0
0.074 0
0.0741 0
0.0742 0
0.0743 1
0.0744 1
0.0745 0
0.0746 0
0.0747 0
0.0748 0
0.0749 0
0.075 0
0.0751 0
0.0752 0
0.0753 0
0.0754 1
0.0755 1
0.0756 0
0.0757 1
0.0758 1
0.0759 1
0.076 1
0.0761 0
0.0762 0
0.0763 0
0.0764 0
0.0765 0
0.0766 0
0.0767 0
0.0768 0
0.0769 1
0.077 1
0.0771 2
0.0772 1
0.0773 2
0.0774 3
0.0775 2
0.0776 1
0.0777 1
0.0778 1
0.0779 1
0.078 0
0.0781 0
0.0782 0
0.0783 0
0.0784 0
0.0785 1
0.0786 1
0.0787 0
0.0788 1
0.0789 0
0.079 0
0.0791 0
0.0792 0
0.0793 0
0.0794 0
0.0795 0
0.0796 0
0.0797 0
0.0798 0
0.0799 0
0.08 0
0.0801 0
0.0802 0
0.0803 1
0.0804 1
0.0805 1
0.0806 1
0.0807 0
0.0808 0
0.0809 0
0.081 0
0.0811 0
0.0812 0
0.0813 0
0.0814 0
0.0815 0
0.0816 0
0.0817 0
0.0818 1
0.0819 1
0.082 1
0.0821 1
0.0822 1
0.0823 1
0.0824 1
0.0825 0
0.0826 0
0.0827 0
0.0828 0
0.0829 0
0.083 0
0.0831 1
0.0832 1
0.0833 0
0.0834 0
0.0835 0
0.0836 1
0.0837 2
0.0838 1
0.0839 1
0.084 1
0.0841 1
0.0842 1
0.0843 1
0.0844 0
0.0845 0
0.0846 0
0.0847 0
0.0848 0
0.0849 0
0.085 0
0.0851 0
0.0852 0
0.0853 0
0.0854 0
0.0855 1
0.0856 1
0.0857 1
0.0858 1
0.0859 1
0.086 1
0.0861 0
0.0862 0
0.0863 0
0.0864 0
0.0865 0
0.0866 0
0.0867 0
0.0868 0
0.0869 0
0.087 0
0.0871 1
0.0872 1
0.0873 1
0.0874 0
0.0875 0
0.0876 0
0.0877 1
0.0878 0
0.0879 1
0.088 1
0.0881 1
0.0882 0
0.0883 0
0.0884 0
0.0885 0
0.0886 0
0.0887 0
0.0888 0
0.0889 1
0.089 2
0.0891 0
0.0892 0
0.0893 0
0.0894 0
0.0895 0
0.0896 0
0.0897 1
0.0898 1
0.0899 1
0.09 1
0.0901 1
0.0902 0
0.0903 0
0.0904 0
0.0905 0
0.0906 0
0.0907 0
0.0908 0
0.0909 0
0.091 0
0.0911 0
0.0912 0
0.0913 0
0.0914 0
0.0915 0
0.0916 0
0.0917 0
0.0918 0
0.0919 0
0.092 0
0.0921 0
0.0922 1
0.0923 1
0.0924 1
0.0925 1
0.0926 1
0.0927 1
0.0928 2
0.0929 1
0.093 1
0.0931 2
0.0932 2
0.0933 2
0.0934 2
0.0935 1
0.0936 1
0.0937 1
0.0938 2
0.0939 0
0.094 0
0.0941 0
0.0942 0
0.0943 0
0.0944 0
0.0945 0
0.0946 0
0.0947 0
0.0948 0
0.0949 0
0.095 1
0.0951 1
0.0952 1
0.0953 0
0.0954 1
0.0955 1
0.0956 1
0.0957 1
0.0958 1
0.0959 0
0.096 0
0.0961 0
0.0962 0
0.0963 0
0.0964 0
0.0965 0
0.0966 0
0.0967 0
0.0968 0
0.0969 2
0.097 3
0.0971 4
0.0972 4
0.0973 3
0.0974 3
0.0975 2
0.0976 2
0.0977 2
0.0978 1
0.0979 1
0.098 1
0.0981 0
0.0982 0
0.0983 0
0.0984 0
0.0985 0
0.0986 0
0.0987 0
0.0988 0
0.0989 0
0.099 0
0.0991 1
0.0992 1
0.0993 1
0.0994 1
0.0995 1
0.0996 1
0.0997 1
0.0998 0
0.0999 0
0.1 0
