0 0
0.0001 0
0.0002 0
0.0003 0
0.0004 0
0.0005 0
0.0006 1
0.0007 2
0.0008 1
0.0009 0
0.001 0
0.0011 0
0.0012 0
0.0013 0
0.0014 0
0.0015 0
0.0016 0
0.0017 0
0.0018 0
0.0019 0
0.002 0
0.0021 0
0.0022 0
0.0023 0
0.0024 0
0.0025 0
0.0026 0
0.0027 0
0.0028 0
0.0029 0
0.003 0
0.0031 0
0.0032 0
0.0033 1
0.0034 1
0.0035 1
0.0036 1
0.0037 1
0.0038 1
0.0039 1
0.004 1
0.0041 1
0.0042 1
0.0043 0
0.0044 0
0.0045 0
0.0046 0
0.0047 0
0.0048 1
0.0049 1
0.005 0
0.0051 0
0.0052 0
0.0053 0
0.0054 0
0.0055 0
0.0056 1
0.0057 1
0.0058 1
0.0059 1
0.006 1
0.0061 1
0.0062 1
0.0063 1
0.0064 1
0.0065 1
0.0066 1
0.0067 1
0.0068 1
0.0069 1
0.007 1
0.0071 1
0.0072 1
0.0073 1
0.0074 1
0.0075 0
0.0076 0
0.0077 0
0.0078 0
0.0079 0
0.008 0
0.0081 0
0.0082 0
0.0083 0
0.0084 0
0.0085 0
0.0086 0
0.0087 0
0.0088 0
0.0089 0
0.009 0
0.0091 0
0.0092 0
0.0093 0
0.0094 0
0.0095 0
0.0096 0
0.0097 0
0.0098 0
0.0099 1
0.01 1
0.0101 1
0.0102 1
0.0103 1
0.0104 1
0.0105 1
0.0106 1
0.0107 1
0.0108 1
0.0109 1
0.011 1
0.0111 1
0.0112 1
0.0113 1
0.0114 1
0.0115 2
0.0116 2
0.0117 2
0.0118 2
0.0119 2
0.012 2
0.0121 1
0.0122 1
0.0123 1
0.0124 1
0.0125 1
0.0126 1
0.0127 1
0.0128 1
0.0129 1
0.013 1
0.0131 2
0.0132 2
0.0133 2
0.0134 2
0.0135 2
0.0136 2
0.0137 2
0.0138 2
0.0139 2
0.014 2
0.0141 1
0.0142 0
0.0143 1
0.0144 2
0.0145 2
0.0146 2
0.0147 1
0.0148 1
0.0149 1
0.015 1
0.0151 2
0.0152 1
0.0153 1
0.0154 1
0.0155 1
0.0156 1
0.0157 1
0.0158 1
0.0159 1
0.016 1
0.0161 1
0.0162 1
0.0163 1
0.0164 1
0.0165 1
0.0166 1
0.0167 1
0.0168 2
0.0169 2
0.017 2
0.0171 2
0.0172 2
0.0173 2
0.0174 1
0.0175 1
0.0176 1
0.0177 1
0.0178 1
0.0179 1
0.018 1
0.0181 1
0.0182 1
0.0183 1
0.0184 1
0.0185 1
0.0186 1
0.0187 2
0.0188 2
0.0189 3
0.019 3
0.0191 3
0.0192 3
0.0193 4
0.0194 4
0.0195 3
0.0196 3
0.0197 3
0.0198 3
0.0199 3
0.02 3
0.0201 3
0.0202 3
0.0203 2
0.0204 2
0.0205 2
0.0206 1
0.0207 2
0.0208 2
0.0209 2
0.021 2
0.0211 2
0.0212 2
0.0213 2
0.0214 2
0.0215 2
0.0216 2
0.0217 2
0.0218 3
0.0219 3
0.022 4
0.0221 4
0.0222 3
0.0223 3
0.0224 3
0.0225 3
0.0226 3
0.0227 3
0.0228 3
0.0229 3
0.023 3
0.0231 3
0.0232 4
0.0233 2
0.0234 2
0.0235 2
0.0236 2
0.0237 3
0.0238 3
0.0239 3
0.024 3
0.0241 3
0.0242 3
0.0243 3
0.0244 4
0.0245 4
0.0246 4
0.0247 4
0.0248 3
0.0249 4
0.025 4
0.0251 3
0.0252 4
0.0253 4
0.0254 4
0.0255 4
0.0256 4
0.0257 4
0.0258 4
0.0259 4
0.026 5
0.0261 5
0.0262 5
0.0263 5
0.0264 4
0.0265 4
0.0266 4
0.0267 5
0.0268 5
0.0269 5
0.027 5
0.0271 5
0.0272 5
0.0273 4
0.0274 4
0.0275 4
0.0276 4
0.0277 4
0.0278 4
0.0279 3
0.028 3
0.0281 3
0.0282 3
0.0283 3
0.0284 3
0.0285 2
0.0286 2
0.0287 2
0.0288 2
0.0289 2
0.029 2
0.0291 2
0.0292 2
0.0293 2
0.0294 3
0.0295 3
0.0296 4
0.0297 5
0.0298 4
0.0299 4
0.03 4
0.0301 4
0.0302 4
0.0303 4
0.0304 4
0.0305 4
0.0306 4
0.0307 4
0.0308 4
0.0309 3
0.031 3
0.0311 3
0.0312 3
0.0313 3
0.0314 4
0.0315 4
0.0316 4
0.0317 4
0.0318 4
0.0319 3
0.032 3
0.0321 3
0.0322 3
0.0323 2
0.0324 4
0.0325 4
0.0326 4
0.0327 4
0.0328 4
0.0329 4
0.033 4
0.0331 4
0.0332 4
0.0333 4
0.0334 4
0.0335 4
0.0336 4
0.0337 4
0.0338 3
0.0339 3
0.034 3
0.0341 3
0.0342 3
0.0343 3
0.0344 3
0.0345 3
0.0346 2
0.0347 2
0.0348 2
0.0349 2
0.035 2
0.0351 2
0.0352 2
0.0353 1
0.0354 1
0.0355 1
0.0356 1
0.0357 1
0.0358 1
0.0359 1
0.036 1
0.0361 1
0.0362 1
0.0363 0
0.0364 0
0.0365 0
0.0366 0
0.0367 0
0.0368 0
0.0369 0
0.037 0
0.0371 0
0.0372 0
0.0373 1
0.0374 1
0.0375 1
0.0376 1
0.0377 1
0.0378 1
0.0379 1
0.038 2
0.0381 2
0.0382 2
0.0383 2
0.0384 2
0.0385 2
0.0386 2
0.0387 2
0.0388 2
0.0389 4
0.039 5
0.0391 5
0.0392 4
0.0393 4
0.0394 5
0.0395 4
0.0396 4
0.0397 4
0.0398 4
0.0399 3
0.04 4
0.0401 4
0.0402 5
0.0403 4
0.0404 4
0.0405 5
0.0406 5
0.0407 5
0.0408 5
0.0409 6
0.041 7
0.0411 5
0.0412 4
0.0413 4
0.0414 4
0.0415 4
0.0416 4
0.0417 4
0.0418 5
0.0419 5
0.042 6
0.0421 4
0.0422 4
0.0423 3
0.0424 3
0.0425 4
0.0426 4
0.0427 4
0.0428 4
0.0429 4
0.043 4
0.0431 4
0.0432 4
0.0433 4
0.0434 4
0.0435 4
0.0436 4
0.0437 3
0.0438 3
0.0439 2
0.044 2
0.0441 2
0.0442 1
0.0443 1
0.0444 1
0.0445 2
0.0446 2
0.0447 3
0.0448 3
0.0449 3
0.045 4
0.0451 4
0.0452 5
0.0453 4
0.0454 6
0.0455 6
0.0456 6
0.0457 6
0.0458 7
0.0459 7
0.046 8
0.0461 7
0.0462 7
0.0463 7
0.0464 7
0.0465 7
0.0466 7
0.0467 7
0.0468 7
0.0469 7
0.047 7
0.0471 7
0.0472 7
0.0473 7
0.0474 8
0.0475 8
0.0476 8
0.0477 8
0.0478 7
0.0479 8
0.048 8
0.0481 8
0.0482 7
0.0483 6
0.0484 6
0.0485 6
0.0486 6
0.0487 7
0.0488 7
0.0489 6
0.049 6
0.0491 6
0.0492 6
0.0493 5
0.0494 5
0.0495 4
0.0496 4
0.0497 5
0.0498 5
0.0499 5
0.05 5
0.0501 5
0.0502 4
0.0503 5
0.0504 5
0.0505 5
0.0506 5
0.0507 5
0.0508 5
0.0509 4
0.051 4
0.0511 4
0.0512 4
0.0513 4
0.0514 3
0.0515 3
0.0516 3
0.0517 3
0.0518 3
0.0519 3
0.052 3
0.0521 3
0.0522 4
0.0523 5
0.0524 6
0.0525 6
0.0526 6
0.0527 6
0.0528 6
0.0529 6
0.053 5
0.0531 5
0.0532 5
0.0533 5
0.0534 6
0.0535 6
0.0536 5
0.0537 5
0.0538 5
0.0539 6
0.054 7
0.0541 8
0.0542 9
0.0543 9
0.0544 9
0.0545 9
0.0546 8
0.0547 7
0.0548 7
0.0549 7
0.055 7
0.0551 7
0.0552 5
0.0553 5
0.0554 5
0.0555 5
0.0556 5
0.0557 6
0.0558 7
0.0559 7
0.056 7
0.0561 7
0.0562 8
0.0563 9
0.0564 8
0.0565 8
0.0566 7
0.0567 7
0.0568 7
0.0569 7
0.057 7
0.0571 7
0.0572 7
0.0573 7
0.0574 7
0.0575 8
0.0576 8
0.0577 9
0.0578 9
0.0579 8
0.058 9
0.0581 9
0.0582 11
0.0583 11
0.0584 11
0.0585 11
0.0586 10
0.0587 9
0.0588 9
0.0589 8
0.059 9
0.0591 9
0.0592 8
0.0593 10
0.0594 10
0.0595 12
0.0596 12
0.0597 13
0.0598 13
0.0599 11
0.06 9
0.0601 9
0.0602 9
0.0603 9
0.0604 9
0.0605 9
0.0606 9
0.0607 9
0.0608 8
0.0609 8
0.061 7
0.0611 7
0.0612 7
0.0613 6
0.0614 6
0.0615 6
0.0616 5
0.0617 5
0.0618 5
0.0619 5
0.062 5
0.0621 5
0.0622 5
0.0623 5
0.0624 5
0.0625 5
0.0626 6
0.0627 6
0.0628 6
0.0629 5
0.063 5
0.0631 6
0.0632 5
0.0633 4
0.0634 5
0.0635 5
0.0636 5
0.0637 5
0.0638 5
0.0639 5
0.064 5
0.0641 3
0.0642 3
0.0643 3
0.0644 3
0.0645 3
0.0646 3
0.0647 3
0.0648 3
0.0649 3
0.065 3
0.0651 2
0.0652 2
0.0653 2
0.0654 2
0.0655 2
0.0656 2
0.0657 1
0.0658 1
0.0659 1
0.066 1
0.0661 1
0.0662 1
0.0663 0
0.0664 0
0.0665 0
0.0666 0
0.0667 0
0.0668 0
0.0669 0
0.067 0
0.0671 2
0.0672 2
0.0673 2
0.0674 2
0.0675 2
0.0676 2
0.0677 1
0.0678 1
0.0679 1
0.068 1
0.0681 1
0.0682 2
0.0683 2
0.0684 2
0.0685 3
0.0686 3
0.0687 4
0.0688 3
0.0689 4
0.069 5
0.0691 5
0.0692 5
0.0693 5
0.0694 5
0.0695 5
0.0696 5
0.0697 6
0.0698 6
0.0699 6
0.07 7
0.0701 8
0.0702 8
0.0703 8
0.0704 9
0.0705 8
0.0706 8
0.0707 8
0.0708 6
0.0709 6
0.071 6
0.0711 5
0.0712 5
0.0713 5
0.0714 5
0.0715 4
0.0716 6
0.0717 6
0.0718 6
0.0719 6
0.072 6
0.0721 6
0.0722 6
0.0723 5
0.0724 5
0.0725 5
0.0726 5
0.0727 5
0.0728 5
0.0729 5
0.073 5
0.0731 5
0.0732 5
0.0733 4
0.0734 4
0.0735 4
0.0736 3
0.0737 3
0.0738 3
0.0739 3
0.074 3
0.0741 3
0.0742 3
0.0743 3
0.0744 3
0.0745 2
0.0746 1
0.0747 1
0.0748 1
0.0749 1
0.075 1
0.0751 1
0.0752 1
0.0753 1
0.0754 1
0.0755 1
0.0756 1
0.0757 1
0.0758 1
0.0759 2
0.076 2
0.0761 2
0.0762 2
0.0763 2
0.0764 2
0.0765 2
0.0766 2
0.0767 2
0.0768 2
0.0769 2
0.077 2
0.0771 2
0.0772 2
0.0773 2
0.0774 2
0.0775 2
0.0776 2
0.0777 2
0.0778 2
0.0779 2
0.078 2
0.0781 2
0.0782 2
0.0783 2
0.0784 2
0.0785 2
0.0786 2
0.0787 2
0.0788 2
0.0789 2
0.079 2
0.0791 3
0.0792 2
0.0793 2
0.0794 2
0.0795 2
0.0796 2
0.0797 1
0.0798 2
0.0799 2
0.08 2
0.0801 2
0.0802 2
0.0803 2
0.0804 2
0.0805 2
0.0806 2
0.0807 2
0.0808 2
0.0809 2
0.081 2
0.0811 2
0.0812 2
0.0813 3
0.0814 3
0.0815 3
0.0816 3
0.0817 3
0.0818 4
0.0819 4
0.082 4
0.0821 4
0.0822 4
0.0823 4
0.0824 4
0.0825 5
0.0826 5
0.0827 4
0.0828 4
0.0829 4
0.083 5
0.0831 5
0.0832 6
0.0833 6
0.0834 7
0.0835 7
0.0836 6
0.0837 6
0.0838 5
0.0839 5
0.084 5
0.0841 6
0.0842 5
0.0843 5
0.0844 6
0.0845 6
0.0846 7
0.0847 7
0.0848 7
0.0849 7
0.085 7
0.0851 7
0.0852 7
0.0853 5
0.0854 5
0.0855 5
0.0856 5
0.0857 5
0.0858 5
0.0859 5
0.086 5
0.0861 5
0.0862 5
0.0863 6
0.0864 5
0.0865 5
0.0866 5
0.0867 5
0.0868 6
0.0869 5
0.087 7
0.0871 7
0.0872 6
0.0873 6
0.0874 6
0.0875 6
0.0876 6
0.0877 6
0.0878 6
0.0879 6
0.088 6
0.0881 5
0.0882 5
0.0883 5
0.0884 4
0.0885 4
0.0886 5
0.0887 5
0.0888 5
0.0889 5
0.089 5
0.0891 5
0.0892 5
0.0893 5
0.0894 4
0.0895 5
0.0896 5
0.0897 5
0.0898 5
0.0899 5
0.09 5
0.0901 5
0.0902 5
0.0903 5
0.0904 5
0.0905 4
0.0906 4
0.0907 4
0.0908 5
0.0909 4
0.091 5
0.0911 4
0.0912 4
0.0913 6
0.0914 5
0.0915 5
0.0916 5
0.0917 5
0.0918 5
0.0919 5
0.092 5
0.0921 5
0.0922 6
0.0923 6
0.0924 6
0.0925 6
0.0926 6
0.0927 6
0.0928 7
0.0929 7
0.093 7
0.0931 7
0.0932 8
0.0933 8
0.0934 9
0.0935 8
0.0936 9
0.0937 9
0.0938 9
0.0939 8
0.094 8
0.0941 8
0.0942 8
0.0943 7
0.0944 7
0.0945 7
0.0946 8
0.0947 8
0.0948 7
0.0949 7
0.095 7
0.0951 8
0.0952 8
0.0953 8
0.0954 8
0.0955 9
0.0956 9
0.0957 9
0.0958 9
0.0959 8
0.096 8
0.0961 7
0.0962 7
0.0963 7
0.0964 7
0.0965 7
0.0966 8
0.0967 8
0.0968 9
0.0969 9
0.097 9
0.0971 8
0.0972 7
0.0973 7
0.0974 7
0.0975 7
0.0976 6
0.0977 8
0.0978 8
0.0979 8
0.098 8
0.0981 7
0.0982 7
0.0983 6
0.0984 5
0.0985 5
0.0986 4
0.0987 4
0.0988 4
0.0989 4
0.099 4
0.0991 3
0.0992 3
0.0993 3
0.0994 2
0.0995 2
0.0996 2
0.0997 2
0.0998 2
0.0999 2
0.1 3
