0 0
0.0001 0
0.0002 0
0.0003 0
0.0004 0
0.0005 0
0.0006 1
0.0007 1
0.0008 2
0.0009 1
0.001 2
0.0011 1
0.0012 2
0.0013 3
0.0014 4
0.0015 5
0.0016 5
0.0017 4
0.0018 2
0.0019 2
0.002 3
0.0021 3
0.0022 3
0.0023 4
0.0024 3
0.0025 3
0.0026 3
0.0027 2
0.0028 2
0.0029 2
0.003 2
0.0031 2
0.0032 2
0.0033 3
0.0034 3
0.0035 3
0.0036 3
0.0037 3
0.0038 3
0.0039 2
0.004 2
0.0041 2
0.0042 3
0.0043 3
0.0044 5
0.0045 6
0.0046 7
0.0047 9
0.0048 9
0.0049 8
0.005 7
0.0051 6
0.0052 7
0.0053 6
0.0054 6
0.0055 6
0.0056 6
0.0057 6
0.0058 4
0.0059 4
0.006 4
0.0061 4
0.0062 5
0.0063 6
0.0064 3
0.0065 3
0.0066 2
0.0067 2
0.0068 2
0.0069 2
0.007 4
0.0071 4
0.0072 3
0.0073 4
0.0074 6
0.0075 8
0.0076 8
0.0077 7
0.0078 7
0.0079 7
0.008 6
0.0081 7
0.0082 6
0.0083 5
0.0084 5
0.0085 6
0.0086 6
0.0087 7
0.0088 6
0.0089 6
0.009 5
0.0091 6
0.0092 5
0.0093 5
0.0094 6
0.0095 6
0.0096 5
0.0097 5
0.0098 4
0.0099 5
0.01 4
0.0101 4
0.0102 4
0.0103 4
0.0104 5
0.0105 4
0.0106 6
0.0107 6
0.0108 6
0.0109 5
0.011 4
0.0111 4
0.0112 6
0.0113 4
0.0114 4
0.0115 4
0.0116 4
0.0117 4
0.0118 5
0.0119 7
0.012 6
0.0121 5
0.0122 4
0.0123 5
0.0124 5
0.0125 5
0.0126 3
0.0127 5
0.0128 5
0.0129 6
0.013 5
0.0131 5
0.0132 4
0.0133 4
0.0134 4
0.0135 4
0.0136 4
0.0137 4
0.0138 5
0.0139 4
0.014 3
0.0141 3
0.0142 3
0.0143 3
0.0144 3
0.0145 5
0.0146 5
0.0147 5
0.0148 4
0.0149 4
0.015 2
0.0151 2
0.0152 3
0.0153 3
0.0154 3
0.0155 4
0.0156 4
0.0157 3
0.0158 4
0.0159 3
0.016 4
0.0161 4
0.0162 3
0.0163 3
0.0164 4
0.0165 4
0.0166 3
0.0167 4
0.0168 4
0.0169 6
0.017 6
0.0171 5
0.0172 5
0.0173 3
0.0174 2
0.0175 2
0.0176 2
0.0177 3
0.0178 3
0.0179 3
0.018 2
0.0181 2
0.0182 2
0.0183 1
0.0184 2
0.0185 2
0.0186 2
0.0187 1
0.0188 1
0.0189 1
0.019 1
0.0191 1
0.0192 1
0.0193 1
0.0194 1
0.0195 1
0.0196 1
0.0197 1
0.0198 2
0.0199 2
0.02 2
0.0201 2
0.0202 4
0.0203 4
0.0204 5
0.0205 6
0.0206 5
0.0207 5
0.0208 5
0.0209 4
0.021 5
0.0211 5
0.0212 4
0.0213 4
0.0214 4
0.0215 5
0.0216 5
0.0217 4
0.0218 4
0.0219 4
0.022 5
0.0221 5
0.0222 5
0.0223 5
0.0224 5
0.0225 5
0.0226 4
0.0227 3
0.0228 3
0.0229 2
0.023 2
0.0231 2
0.0232 2
0.0233 2
0.0234 3
0.0235 3
0.0236 2
0.0237 1
0.0238 2
0.0239 3
0.024 2
0.0241 2
0.0242 2
0.0243 3
0.0244 1
0.0245 1
0.0246 1
0.0247 1
0.0248 1
0.0249 1
0.025 1
0.0251 1
0.0252 1
0.0253 1
0.0254 1
0.0255 1
0.0256 1
0.0257 0
0.0258 0
0.0259 1
0.026 1
0.0261 0
0.0262 0
0.0263 0
0.0264 0
0.0265 0
0.0266 0
0.0267 0
0.0268 1
0.0269 1
0.027 1
0.0271 1
0.0272 1
0.0273 1
0.0274 1
0.0275 1
0.0276 2
0.0277 2
0.0278 3
0.0279 2
0.028 2
0.0281 1
0.0282 1
0.0283 1
0.0284 1
0.0285 1
0.0286 1
0.0287 1
0.0288 1
0.0289 1
0.029 1
0.0291 0
0.0292 0
0.0293 1
0.0294 1
0.0295 1
0.0296 1
0.0297 1
0.0298 1
0.0299 2
0.03 2
0.0301 1
0.0302 1
0.0303 0
0.0304 1
0.0305 1
0.0306 3
0.0307 4
0.0308 5
0.0309 5
0.031 5
0.0311 5
0.0312 5
0.0313 5
0.0314 6
0.0315 6
0.0316 5
0.0317 5
0.0318 6
0.0319 6
0.032 6
0.0321 5
0.0322 6
0.0323 5
0.0324 5
0.0325 4
0.0326 4
0.0327 3
0.0328 3
0.0329 3
0.033 3
0.0331 5
0.0332 4
0.0333 2
0.0334 2
0.0335 1
0.0336 1
0.0337 0
0.0338 0
0.0339 0
0.034 0
0.0341 1
0.0342 1
0.0343 1
0.0344 1
0.0345 1
0.0346 1
0.0347 1
0.0348 1
0.0349 1
0.035 0
0.0351 0
0.0352 0
0.0353 1
0.0354 1
0.0355 1
0.0356 1
0.0357 1
0.0358 1
0.0359 1
0.036 1
0.0361 1
0.0362 1
0.0363 1
0.0364 1
0.0365 1
0.0366 1
0.0367 2
0.0368 2
0.0369 2
0.037 2
0.0371 2
0.0372 3
0.0373 2
0.0374 2
0.0375 1
0.0376 1
0.0377 1
0.0378 1
0.0379 0
0.038 0
0.0381 0
0.0382 0
0.0383 0
0.0384 0
0.0385 0
0.0386 0
0.0387 0
0.0388 0
0.0389 0
0.039 0
0.0391 0
0.0392 0
0.0393 0
0.0394 0
0.0395 0
0.0396 0
0.0397 0
0.0398 0
0.0399 0
0.04 0
0.0401 0
0.0402 1
0.0403 1
0.0404 2
0.0405 2
0.0406 2
0.0407 1
0.0408 0
0.0409 0
0.041 0
0.0411 0
0.0412 0
0.0413 0
0.0414 1
0.0415 1
0.0416 1
0.0417 1
0.0418 1
0.0419 1
0.042 1
0.0421 0
0.0422 0
0.0423 0
0.0424 1
0.0425 2
0.0426 2
0.0427 2
0.0428 2
0.0429 2
0.043 2
0.0431 2
0.0432 2
0.0433 2
0.0434 3
0.0435 2
0.0436 2
0.0437 2
0.0438 2
0.0439 2
0.044 2
0.0441 2
0.0442 2
0.0443 2
0.0444 3
0.0445 2
0.0446 1
0.0447 1
0.0448 1
0.0449 0
0.045 0
0.0451 0
0.0452 0
0.0453 0
0.0454 0
0.0455 0
0.0456 0
0.0457 0
0.0458 0
0.0459 0
0.046 0
0.0461 0
0.0462 1
0.0463 2
0.0464 1
0.0465 1
0.0466 2
0.0467 2
0.0468 2
0.0469 2
0.047 2
0.0471 3
0.0472 3
0.0473 3
0.0474 3
0.0475 2
0.0476 2
0.0477 1
0.0478 1
0.0479 1
0.048 1
0.0481 1
0.0482 1
0.0483 1
0.0484 1
0.0485 1
0.0486 1
0.0487 0
0.0488 0
0.0489 1
0.049 1
0.0491 1
0.0492 2
0.0493 2
0.0494 1
0.0495 1
0.0496 1
0.0497 1
0.0498 1
0.0499 1
0.05 1
0.0501 1
0.0502 0
0.0503 0
0.0504 0
0.0505 0
0.0506 0
0.0507 0
0.0508 0
0.0509 0
0.051 0
0.0511 0
0.0512 0
0.0513 0
0.0514 0
0.0515 0
0.0516 0
0.0517 0
0.0518 0
0.0519 0
0.052 0
0.0521 0
0.0522 0
0.0523 0
0.0524 0
0.0525 0
0.0526 0
0.0527 0
0.0528 0
0.0529 0
0.053 0
0.0531 0
0.0532 0
0.0533 1
0.0534 0
0.0535 0
0.0536 0
0.0537 0
0.0538 0
0.0539 0
0.054 0
0.0541 0
0.0542 0
0.0543 0
0.0544 0
0.0545 0
0.0546 0
0.0547 0
0.0548 0
0.0549 0
0.055 0
0.0551 0
0.0552 0
0.0553 0
0.0554 0
0.0555 0
0.0556 0
0.0557 0
0.0558 0
0.0559 0
0.056 1
0.0561 1
0.0562 1
0.0563 1
0.0564 1
0.0565 1
0.0566 1
0.0567 1
0.0568 1
0.0569 1
0.057 1
0.0571 1
0.0572 2
0.0573 2
0.0574 2
0.0575 2
0.0576 1
0.0577 1
0.0578 1
0.0579 1
0.058 1
0.0581 1
0.0582 1
0.0583 2
0.0584 2
0.0585 1
0.0586 1
0.0587 1
0.0588 1
0.0589 2
0.059 2
0.0591 3
0.0592 4
0.0593 4
0.0594 4
0.0595 4
0.0596 4
0.0597 3
0.0598 3
0.0599 3
0.06 3
0.0601 1
0.0602 1
0.0603 1
0.0604 1
0.0605 1
0.0606 1
0.0607 1
0.0608 1
0.0609 1
0.061 1
0.0611 1
0.0612 1
0.0613 1
0.0614 1
0.0615 1
0.0616 0
0.0617 0
0.0618 0
0.0619 0
0.062 0
0.0621 0
0.0622 0
0.0623 0
0.0624 0
0.0625 0
0.0626 0
0.0627 0
0.0628 0
0.0629 0
0.063 0
0.0631 0
0.0632 0
0.0633 0
0.0634 1
0.0635 2
0.0636 2
0.0637 2
0.0638 3
0.0639 3
0.064 3
0.0641 2
0.0642 2
0.0643 2
0.0644 2
0.0645 2
0.0646 2
0.0647 2
0.0648 2
0.0649 2
0.065 2
0.0651 2
0.0652 2
0.0653 2
0.0654 2
0.0655 2
0.0656 1
0.0657 1
0.0658 1
0.0659 1
0.066 1
0.0661 1
0.0662 1
0.0663 1
0.0664 1
0.0665 1
0.0666 1
0.0667 2
0.0668 2
0.0669 2
0.067 2
0.0671 2
0.0672 2
0.0673 1
0.0674 1
0.0675 1
0.0676 0
0.0677 0
0.0678 0
0.0679 0
0.068 0
0.0681 0
0.0682 0
0.0683 0
0.0684 0
0.0685 0
0.0686 0
0.0687 0
0.0688 0
0.0689 0
0.069 0
0.0691 0
0.0692 0
0.0693 0
0.0694 0
0.0695 0
0.0696 0
0.0697 0
0.0698 0
0.0699 0
0.07 0
0.0701 0
0.0702 0
0.0703 0
0.0704 0
0.0705 0
0.0706 0
0.0707 0
0.0708 0
0.0709 0
0.071 0
0.0711 0
0.0712 0
0.0713 0
0.0714 1
0.0715 1
0.0716 2
0.0717 2
0.0718 2
0.0719 2
0.072 2
0.0721 2
0.0722 3
0.0723 3
0.0724 4
0.0725 4
0.0726 4
0.0727 4
0.0728 4
0.0729 3
0.073 3
0.0731 3
0.0732 3
0.0733 3
0.0734 3
0.0735 2
0.0736 1
0.0737 1
0.0738 1
0.0739 1
0.074 1
0.0741 1
0.0742 1
0.0743 1
0.0744 1
0.0745 1
0.0746 1
0.0747 1
0.0748 1
0.0749 0
0.075 0
0.0751 0
0.0752 0
0.0753 0
0.0754 0
0.0755 0
0.0756 0
0.0757 0
0.0758 0
0.0759 0
0.076 0
0.0761 0
0.0762 0
0.0763 0
0.0764 0
0.0765 0
0.0766 0
0.0767 0
0.0768 0
0.0769 0
0.077 0
0.0771 0
0.0772 0
0.0773 0
0.0774 0
0.0775 0
0.0776 0
0.0777 0
0.0778 0
0.0779 0
0.078 0
0.0781 0
0.0782 0
0.0783 0
0.0784 0
0.0785 0
0.0786 0
0.0787 0
0.0788 0
0.0789 0
0.079 0
0.0791 0
0.0792 0
0.0793 0
0.0794 0
0.0795 0
0.0796 0
0.0797 0
0.0798 0
0.0799 0
0.08 0
0.0801 0
0.0802 0
0.0803 0
0.0804 0
0.0805 0
0.0806 0
0.0807 0
0.0808 0
0.0809 0
0.081 0
0.0811 0
0.0812 0
0.0813 0
0.0814 0
0.0815 0
0.0816 0
0.0817 0
0.0818 0
0.0819 0
0.082 0
0.0821 0
0.0822 0
0.0823 0
0.0824 0
0.0825 0
0.0826 0
0.0827 0
0.0828 0
0.0829 0
0.083 0
0.0831 0
0.0832 0
0.0833 0
0.0834 0
0.0835 0
0.0836 0
0.0837 0
0.0838 0
0.0839 0
0.084 0
0.0841 0
0.0842 0
0.0843 0
0.0844 0
0.0845 0
0.0846 0
0.0847 0
0.0848 0
0.0849 0
0.085 0
0.0851 0
0.0852 0
0.0853 0
0.0854 1
0.0855 1
0.0856 1
0.0857 1
0.0858 1
0.0859 1
0.086 1
0.0861 0
0.0862 0
0.0863 0
0.0864 0
0.0865 1
0.0866 1
0.0867 0
0.0868 0
0.0869 0
0.087 0
0.0871 0
0.0872 1
0.0873 1
0.0874 1
0.0875 1
0.0876 0
0.0877 0
0.0878 1
0.0879 0
0.088 0
0.0881 0
0.0882 0
0.0883 0
0.0884 0
0.0885 0
0.0886 0
0.0887 0
0.0888 0
0.0889 0
0.089 0
0.0891 0
0.0892 0
0.0893 0
0.0894 0
0.0895 0
0.0896 0
0.0897 0
0.0898 0
0.0899 0
0.09 0
0.0901 0
0.0902 0
0.0903 0
0.0904 0
0.0905 0
0.0906 0
0.0907 0
0.0908 0
0.0909 0
0.091 0
0.0911 0
0.0912 0
0.0913 0
0.0914 0
0.0915 1
0.0916 1
0.0917 1
0.0918 1
0.0919 1
0.092 1
0.0921 1
0.0922 1
0.0923 1
0.0924 1
0.0925 1
0.0926 0
0.0927 0
0.0928 0
0.0929 0
0.093 0
0.0931 0
0.0932 0
0.0933 0
0.0934 0
0.0935 0
0.0936 0
0.0937 0
0.0938 0
0.0939 0
0.094 0
0.0941 0
0.0942 0
0.0943 0
0.0944 0
0.0945 0
0.0946 0
0.0947 0
0.0948 0
0.0949 0
0.095 0
0.0951 0
0.0952 0
0.0953 0
0.0954 0
0.0955 0
0.0956 0
0.0957 0
0.0958 0
0.0959 0
0.096 0
0.0961 0
0.0962 0
0.0963 0
0.0964 0
0.0965 0
0.0966 0
0.0967 0
0.0968 0
0.0969 0
0.097 0
0.0971 0
0.0972 0
0.0973 0
0.0974 0
0.0975 0
0.0976 0
0.0977 0
0.0978 0
0.0979 0
0.098 0
0.0981 0
0.0982 0
0.0983 0
0.0984 0
0.0985 0
0.0986 1
0.0987 1
0.0988 1
0.0989 1
0.099 1
0.0991 1
0.0992 1
0.0993 1
0.0994 1
0.0995 1
0.0996 0
0.0997 0
0.0998 0
0.0999 0
0.1 0
