0 0
0.0001 0
0.0002 0
0.0003 0
0.0004 0
0.0005 0
0.0006 0
0.0007 0
0.0008 0
0.0009 0
0.001 0
0.0011 0
0.0012 0
0.0013 0
0.0014 0
0.0015 0
0.0016 0
0.0017 0
0.0018 0
0.0019 0
0.002 0
0.0021 0
0.0022 1
0.0023 1
0.0024 1
0.0025 1
0.0026 1
0.0027 1
0.0028 1
0.0029 1
0.003 1
0.0031 1
0.0032 1
0.0033 1
0.0034 1
0.0035 1
0.0036 1
0.0037 1
0.0038 1
0.0039 1
0.004 1
0.0041 1
0.0042 1
0.0043 1
0.0044 1
0.0045 1
0.0046 1
0.0047 1
0.0048 1
0.0049 2
0.005 3
0.0051 3
0.0052 3
0.0053 3
0.0054 3
0.0055 3
0.0056 3
0.0057 3
0.0058 3
0.0059 3
0.006 3
0.0061 3
0.0062 3
0.0063 3
0.0064 3
0.0065 3
0.0066 3
0.0067 3
0.0068 3
0.0069 3
0.007 3
0.0071 3
0.0072 3
0.0073 3
0.0074 3
0.0075 4
0.0076 4
0.0077 4
0.0078 4
0.0079 4
0.008 5
0.0081 6
0.0082 6
0.0083 7
0.0084 8
0.0085 8
0.0086 8
0.0087 8
0.0088 8
0.0089 8
0.009 8
0.0091 8
0.0092 8
0.0093 8
0.0094 8
0.0095 8
0.0096 9
0.0097 9
0.0098 10
0.0099 10
0.01 10
0.0101 10
0.0102 10
0.0103 11
0.0104 11
0.0105 12
0.0106 12
0.0107 12
0.0108 12
0.0109 12
0.011 11
0.0111 11
0.0112 11
0.0113 11
0.0114 11
0.0115 12
0.0116 12
0.0117 12
0.0118 11
0.0119 12
0.012 11
0.0121 12
0.0122 12
0.0123 12
0.0124 12
0.0125 12
0.0126 12
0.0127 12
0.0128 12
0.0129 12
0.013 12
0.0131 10
0.0132 10
0.0133 10
0.0134 11
0.0135 12
0.0136 11
0.0137 11
0.0138 12
0.0139 14
0.014 14
0.0141 15
0.0142 15
0.0143 15
0.0144 15
0.0145 15
0.0146 14
0.0147 15
0.0148 15
0.0149 14
0.015 15
0.0151 15
0.0152 15
0.0153 15
0.0154 15
0.0155 14
0.0156 15
0.0157 16
0.0158 16
0.0159 16
0.016 16
0.0161 16
0.0162 16
0.0163 16
0.0164 16
0.0165 16
0.0166 16
0.0167 16
0.0168 16
0.0169 16
0.017 16
0.0171 16
0.0172 14
0.0173 14
0.0174 12
0.0175 12
0.0176 12
0.0177 12
0.0178 13
0.0179 13
0.018 13
0.0181 13
0.0182 13
0.0183 13
0.0184 15
0.0185 15
0.0186 15
0.0187 15
0.0188 15
0.0189 15
0.019 15
0.0191 15
0.0192 15
0.0193 16
0.0194 17
0.0195 18
0.0196 18
0.0197 18
0.0198 18
0.0199 18
0.02 18
0.0201 18
0.0202 18
0.0203 17
0.0204 17
0.0205 17
0.0206 18
0.0207 18
0.0208 18
0.0209 18
0.021 18
0.0211 18
0.0212 18
0.0213 18
0.0214 18
0.0215 18
0.0216 20
0.0217 20
0.0218 20
0.0219 21
0.022 20
0.0221 20
0.0222 20
0.0223 20
0.0224 20
0.0225 20
0.0226 20
0.0227 20
0.0228 20
0.0229 19
0.023 19
0.0231 19
0.0232 19
0.0233 18
0.0234 18
0.0235 18
0.0236 19
0.0237 19
0.0238 19
0.0239 20
0.024 20
0.0241 20
0.0242 20
0.0243 21
0.0244 21
0.0245 21
0.0246 22
0.0247 22
0.0248 22
0.0249 22
0.025 22
0.0251 22
0.0252 22
0.0253 22
0.0254 22
0.0255 22
0.0256 22
0.0257 23
0.0258 23
0.0259 23
0.026 23
0.0261 23
0.0262 23
0.0263 23
0.0264 23
0.0265 22
0.0266 23
0.0267 23
0.0268 23
0.0269 23
0.027 23
0.0271 23
0.0272 23
0.0273 23
0.0274 22
0.0275 22
0.0276 24
0.0277 24
0.0278 24
0.0279 24
0.028 24
0.0281 24
0.0282 26
0.0283 26
0.0284 27
0.0285 27
0.0286 27
0.0287 27
0.0288 28
0.0289 29
0.029 29
0.0291 29
0.0292 28
0.0293 26
0.0294 27
0.0295 27
0.0296 28
0.0297 28
0.0298 28
0.0299 29
0.03 29
0.0301 29
0.0302 28
0.0303 29
0.0304 29
0.0305 30
0.0306 31
0.0307 31
0.0308 32
0.0309 32
0.031 32
0.0311 32
0.0312 33
0.0313 33
0.0314 33
0.0315 33
0.0316 34
0.0317 35
0.0318 36
0.0319 36
0.032 36
0.0321 36
0.0322 36
0.0323 37
0.0324 39
0.0325 39
0.0326 37
0.0327 37
0.0328 37
0.0329 37
0.033 37
0.0331 37
0.0332 38
0.0333 37
0.0334 37
0.0335 37
0.0336 37
0.0337 37
0.0338 37
0.0339 37
0.034 37
0.0341 37
0.0342 37
0.0343 38
0.0344 38
0.0345 36
0.0346 37
0.0347 37
0.0348 39
0.0349 39
0.035 39
0.0351 39
0.0352 39
0.0353 39
0.0354 39
0.0355 39
0.0356 39
0.0357 39
0.0358 39
0.0359 39
0.036 40
0.0361 40
0.0362 40
0.0363 40
0.0364 39
0.0365 39
0.0366 39
0.0367 39
0.0368 39
0.0369 39
0.037 39
0.0371 39
0.0372 38
0.0373 37
0.0374 37
0.0375 37
0.0376 37
0.0377 36
0.0378 36
0.0379 36
0.038 36
0.0381 36
0.0382 36
0.0383 36
0.0384 37
0.0385 38
0.0386 37
0.0387 37
0.0388 37
0.0389 37
0.039 36
0.0391 36
0.0392 36
0.0393 36
0.0394 36
0.0395 36
0.0396 36
0.0397 37
0.0398 37
0.0399 36
0.04 36
0.0401 36
0.0402 36
0.0403 36
0.0404 37
0.0405 37
0.0406 37
0.0407 37
0.0408 37
0.0409 36
0.041 36
0.0411 35
0.0412 35
0.0413 35
0.0414 35
0.0415 34
0.0416 37
0.0417 37
0.0418 38
0.0419 38
0.042 36
0.0421 36
0.0422 36
0.0423 36
0.0424 36
0.0425 35
0.0426 35
0.0427 35
0.0428 35
0.0429 35
0.043 34
0.0431 35
0.0432 35
0.0433 34
0.0434 34
0.0435 34
0.0436 34
0.0437 35
0.0438 35
0.0439 35
0.044 35
0.0441 35
0.0442 36
0.0443 36
0.0444 36
0.0445 36
0.0446 36
0.0447 36
0.0448 36
0.0449 36
0.045 36
0.0451 36
0.0452 36
0.0453 36
0.0454 36
0.0455 36
0.0456 36
0.0457 36
0.0458 36
0.0459 36
0.046 36
0.0461 36
0.0462 36
0.0463 36
0.0464 36
0.0465 36
0.0466 36
0.0467 36
0.0468 36
0.0469 36
0.047 36
0.0471 35
0.0472 37
0.0473 37
0.0474 37
0.0475 37
0.0476 37
0.0477 37
0.0478 38
0.0479 38
0.048 38
0.0481 38
0.0482 38
0.0483 38
0.0484 38
0.0485 38
0.0486 38
0.0487 38
0.0488 38
0.0489 38
0.049 39
0.0491 39
0.0492 39
0.0493 39
0.0494 38
0.0495 38
0.0496 37
0.0497 36
0.0498 36
0.0499 36
0.05 36
0.0501 36
0.0502 36
0.0503 36
0.0504 36
0.0505 36
0.0506 36
0.0507 35
0.0508 35
0.0509 34
0.051 35
0.0511 36
0.0512 36
0.0513 36
0.0514 35
0.0515 35
0.0516 34
0.0517 35
0.0518 35
0.0519 35
0.052 35
0.0521 35
0.0522 35
0.0523 35
0.0524 36
0.0525 35
0.0526 35
0.0527 35
0.0528 35
0.0529 35
0.053 35
0.0531 35
0.0532 35
0.0533 35
0.0534 36
0.0535 36
0.0536 36
0.0537 36
0.0538 36
0.0539 37
0.054 38
0.0541 38
0.0542 38
0.0543 38
0.0544 38
0.0545 36
0.0546 36
0.0547 37
0.0548 37
0.0549 38
0.055 38
0.0551 37
0.0552 37
0.0553 37
0.0554 37
0.0555 37
0.0556 37
0.0557 37
0.0558 37
0.0559 36
0.056 36
0.0561 36
0.0562 35
0.0563 36
0.0564 36
0.0565 36
0.0566 36
0.0567 36
0.0568 36
0.0569 36
0.057 37
0.0571 37
0.0572 36
0.0573 36
0.0574 36
0.0575 37
0.0576 37
0.0577 38
0.0578 38
0.0579 37
0.058 37
0.0581 37
0.0582 36
0.0583 36
0.0584 36
0.0585 36
0.0586 36
0.0587 35
0.0588 35
0.0589 36
0.059 36
0.0591 36
0.0592 35
0.0593 35
0.0594 35
0.0595 35
0.0596 35
0.0597 36
0.0598 36
0.0599 36
0.06 36
0.0601 36
0.0602 36
0.0603 36
0.0604 36
0.0605 36
0.0606 36
0.0607 35
0.0608 36
0.0609 36
0.061 36
0.0611 36
0.0612 37
0.0613 37
0.0614 38
0.0615 38
0.0616 38
0.0617 38
0.0618 38
0.0619 38
0.062 38
0.0621 38
0.0622 38
0.0623 38
0.0624 37
0.0625 37
0.0626 37
0.0627 36
0.0628 36
0.0629 36
0.063 36
0.0631 36
0.0632 36
0.0633 36
0.0634 36
0.0635 36
0.0636 36
0.0637 36
0.0638 37
0.0639 37
0.064 37
0.0641 37
0.0642 37
0.0643 37
0.0644 36
0.0645 36
0.0646 36
0.0647 36
0.0648 36
0.0649 36
0.065 36
0.0651 36
0.0652 36
0.0653 36
0.0654 38
0.0655 38
0.0656 38
0.0657 38
0.0658 38
0.0659 38
0.066 38
0.0661 38
0.0662 38
0.0663 38
0.0664 38
0.0665 39
0.0666 39
0.0667 38
0.0668 37
0.0669 37
0.067 38
0.0671 38
0.0672 38
0.0673 38
0.0674 39
0.0675 40
0.0676 40
0.0677 38
0.0678 38
0.0679 38
0.068 38
0.0681 38
0.0682 38
0.0683 38
0.0684 38
0.0685 38
0.0686 38
0.0687 39
0.0688 39
0.0689 38
0.069 39
0.0691 39
0.0692 39
0.0693 39
0.0694 40
0.0695 43
0.0696 42
0.0697 42
0.0698 42
0.0699 42
0.07 42
0.0701 42
0.0702 42
0.0703 42
0.0704 42
0.0705 41
0.0706 41
0.0707 41
0.0708 41
0.0709 41
0.071 40
0.0711 40
0.0712 41
0.0713 41
0.0714 41
0.0715 41
0.0716 41
0.0717 42
0.0718 42
0.0719 42
0.072 42
0.0721 43
0.0722 42
0.0723 42
0.0724 42
0.0725 42
0.0726 42
0.0727 42
0.0728 42
0.0729 42
0.073 42
0.0731 42
0.0732 42
0.0733 42
0.0734 43
0.0735 42
0.0736 42
0.0737 42
0.0738 42
0.0739 42
0.074 42
0.0741 42
0.0742 43
0.0743 43
0.0744 43
0.0745 43
0.0746 43
0.0747 43
0.0748 43
0.0749 43
0.075 43
0.0751 43
0.0752 43
0.0753 42
0.0754 42
0.0755 42
0.0756 41
0.0757 41
0.0758 41
0.0759 41
0.076 41
0.0761 41
0.0762 40
0.0763 40
0.0764 40
0.0765 41
0.0766 40
0.0767 40
0.0768 40
0.0769 40
0.077 40
0.0771 40
0.0772 39
0.0773 40
0.0774 40
0.0775 40
0.0776 41
0.0777 41
0.0778 41
0.0779 40
0.078 40
0.0781 40
0.0782 40
0.0783 40
0.0784 40
0.0785 39
0.0786 39
0.0787 39
0.0788 39
0.0789 39
0.079 37
0.0791 37
0.0792 37
0.0793 38
0.0794 37
0.0795 37
0.0796 37
0.0797 38
0.0798 38
0.0799 38
0.08 38
0.0801 38
0.0802 37
0.0803 38
0.0804 38
0.0805 38
0.0806 37
0.0807 37
0.0808 37
0.0809 37
0.081 37
0.0811 37
0.0812 37
0.0813 38
0.0814 37
0.0815 37
0.0816 39
0.0817 39
0.0818 39
0.0819 40
0.082 40
0.0821 40
0.0822 40
0.0823 40
0.0824 40
0.0825 40
0.0826 40
0.0827 40
0.0828 40
0.0829 40
0.083 40
0.0831 40
0.0832 40
0.0833 39
0.0834 39
0.0835 39
0.0836 39
0.0837 39
0.0838 39
0.0839 39
0.084 39
0.0841 39
0.0842 39
0.0843 39
0.0844 40
0.0845 40
0.0846 40
0.0847 40
0.0848 41
0.0849 41
0.085 40
0.0851 40
0.0852 40
0.0853 40
0.0854 40
0.0855 40
0.0856 40
0.0857 40
0.0858 39
0.0859 39
0.086 39
0.0861 38
0.0862 38
0.0863 38
0.0864 38
0.0865 37
0.0866 37
0.0867 37
0.0868 37
0.0869 37
0.087 37
0.0871 37
0.0872 37
0.0873 36
0.0874 36
0.0875 35
0.0876 34
0.0877 34
0.0878 34
0.0879 34
0.088 34
0.0881 34
0.0882 34
0.0883 34
0.0884 34
0.0885 34
0.0886 34
0.0887 33
0.0888 33
0.0889 33
0.089 34
0.0891 34
0.0892 35
0.0893 36
0.0894 36
0.0895 36
0.0896 35
0.0897 35
0.0898 34
0.0899 35
0.09 36
0.0901 36
0.0902 37
0.0903 36
0.0904 36
0.0905 36
0.0906 36
0.0907 35
0.0908 35
0.0909 35
0.091 36
0.0911 36
0.0912 36
0.0913 37
0.0914 37
0.0915 37
0.0916 37
0.0917 37
0.0918 38
0.0919 38
0.092 38
0.0921 38
0.0922 38
0.0923 37
0.0924 37
0.0925 37
0.0926 38
0.0927 38
0.0928 38
0.0929 38
0.093 38
0.0931 38
0.0932 38
0.0933 38
0.0934 38
0.0935 38
0.0936 38
0.0937 38
0.0938 38
0.0939 37
0.094 37
0.0941 38
0.0942 38
0.0943 37
0.0944 37
0.0945 37
0.0946 37
0.0947 37
0.0948 37
0.0949 36
0.095 36
0.0951 36
0.0952 37
0.0953 36
0.0954 36
0.0955 36
0.0956 36
0.0957 35
0.0958 35
0.0959 35
0.096 35
0.0961 34
0.0962 34
0.0963 34
0.0964 34
0.0965 35
0.0966 35
0.0967 35
0.0968 34
0.0969 33
0.097 33
0.0971 33
0.0972 33
0.0973 34
0.0974 34
0.0975 34
0.0976 34
0.0977 35
0.0978 36
0.0979 36
0.098 37
0.0981 37
0.0982 37
0.0983 37
0.0984 38
0.0985 37
0.0986 37
0.0987 37
0.0988 37
0.0989 36
0.099 36
0.0991 35
0.0992 35
0.0993 35
0.0994 35
0.0995 33
0.0996 33
0.0997 34
0.0998 34
0.0999 34
0.1 34
