0 0
0.0001 5
0.0002 9
0.0003 12
0.0004 21
0.0005 22
0.0006 25
0.0007 32
0.0008 39
0.0009 45
0.001 45
0.0011 55
0.0012 58
0.0013 65
0.0014 69
0.0015 70
0.0016 72
0.0017 75
0.0018 79
0.0019 78
0.002 79
0.0021 81
0.0022 80
0.0023 79
0.0024 84
0.0025 89
0.0026 92
0.0027 94
0.0028 98
0.0029 102
0.003 106
0.0031 104
0.0032 104
0.0033 104
0.0034 110
0.0035 111
0.0036 111
0.0037 109
0.0038 114
0.0039 109
0.004 114
0.0041 118
0.0042 125
0.0043 128
0.0044 129
0.0045 129
0.0046 133
0.0047 134
0.0048 132
0.0049 130
0.005 134
0.0051 136
0.0052 135
0.0053 133
0.0054 140
0.0055 143
0.0056 144
0.0057 150
0.0058 152
0.0059 153
0.006 164
0.0061 166
0.0062 164
0.0063 165
0.0064 166
0.0065 162
0.0066 164
0.0067 164
0.0068 161
0.0069 153
0.007 153
0.0071 157
0.0072 153
0.0073 150
0.0074 151
0.0075 159
0.0076 162
0.0077 162
0.0078 161
0.0079 167
0.008 166
0.0081 165
0.0082 172
0.0083 173
0.0084 177
0.0085 172
0.0086 171
0.0087 173
0.0088 173
0.0089 174
0.009 172
0.0091 173
0.0092 172
0.0093 177
0.0094 176
0.0095 176
0.0096 174
0.0097 174
0.0098 178
0.0099 174
0.01 173
0.0101 175
0.0102 179
0.0103 177
0.0104 176
0.0105 178
0.0106 179
0.0107 180
0.0108 181
0.0109 184
0.011 187
0.0111 186
0.0112 186
0.0113 188
0.0114 188
0.0115 191
0.0116 196
0.0117 196
0.0118 191
0.0119 196
0.012 198
0.0121 202
0.0122 202
0.0123 201
0.0124 199
0.0125 202
0.0126 208
0.0127 207
0.0128 210
0.0129 212
0.013 209
0.0131 206
0.0132 208
0.0133 205
0.0134 206
0.0135 202
0.0136 197
0.0137 201
0.0138 207
0.0139 202
0.014 201
0.0141 204
0.0142 207
0.0143 206
0.0144 203
0.0145 202
0.0146 202
0.0147 202
0.0148 197
0.0149 195
0.015 203
0.0151 202
0.0152 205
0.0153 205
0.0154 212
0.0155 216
0.0156 212
0.0157 214
0.0158 216
0.0159 216
0.016 215
0.0161 216
0.0162 220
0.0163 222
0.0164 224
0.0165 226
0.0166 226
0.0167 222
0.0168 222
0.0169 219
0.017 219
0.0171 222
0.0172 224
0.0173 220
0.0174 221
0.0175 218
0.0176 222
0.0177 228
0.0178 229
0.0179 231
0.018 232
0.0181 235
0.0182 235
0.0183 236
0.0184 237
0.0185 234
0.0186 232
0.0187 229
0.0188 231
0.0189 234
0.019 232
0.0191 228
0.0192 222
0.0193 221
0.0194 222
0.0195 224
0.0196 228
0.0197 228
0.0198 232
0.0199 233
0.02 230
0.0201 230
0.0202 230
0.0203 227
0.0204 231
0.0205 232
0.0206 228
0.0207 226
0.0208 226
0.0209 225
0.021 225
0.0211 231
0.0212 231
0.0213 230
0.0214 230
0.0215 227
0.0216 231
0.0217 228
0.0218 223
0.0219 222
0.022 226
0.0221 228
0.0222 230
0.0223 225
0.0224 223
0.0225 224
0.0226 224
0.0227 227
0.0228 229
0.0229 228
0.023 229
0.0231 230
0.0232 228
0.0233 228
0.0234 225
0.0235 228
0.0236 229
0.0237 229
0.0238 229
0.0239 226
0.024 229
0.0241 233
0.0242 234
0.0243 235
0.0244 231
0.0245 226
0.0246 222
0.0247 225
0.0248 227
0.0249 227
0.025 229
0.0251 228
0.0252 229
0.0253 228
0.0254 229
0.0255 223
0.0256 223
0.0257 225
0.0258 217
0.0259 218
0.026 219
0.0261 217
0.0262 220
0.0263 214
0.0264 215
0.0265 218
0.0266 217
0.0267 216
0.0268 211
0.0269 209
0.027 212
0.0271 213
0.0272 214
0.0273 214
0.0274 212
0.0275 217
0.0276 212
0.0277 211
0.0278 209
0.0279 205
0.028 210
0.0281 205
0.0282 205
0.0283 206
0.0284 209
0.0285 209
0.0286 207
0.0287 206
0.0288 202
0.0289 206
0.029 206
0.0291 209
0.0292 209
0.0293 211
0.0294 209
0.0295 206
0.0296 209
0.0297 211
0.0298 218
0.0299 218
0.03 219
0.0301 220
0.0302 223
0.0303 223
0.0304 222
0.0305 220
0.0306 223
0.0307 223
0.0308 226
0.0309 225
0.031 230
0.0311 227
0.0312 230
0.0313 227
0.0314 225
0.0315 223
0.0316 226
0.0317 227
0.0318 218
0.0319 215
0.032 218
0.0321 217
0.0322 215
0.0323 220
0.0324 223
0.0325 222
0.0326 221
0.0327 219
0.0328 222
0.0329 216
0.033 213
0.0331 211
0.0332 211
0.0333 213
0.0334 212
0.0335 211
0.0336 214
0.0337 212
0.0338 213
0.0339 215
0.034 216
0.0341 216
0.0342 213
0.0343 214
0.0344 212
0.0345 210
0.0346 212
0.0347 211
0.0348 211
0.0349 211
0.035 210
0.0351 213
0.0352 214
0.0353 209
0.0354 205
0.0355 205
0.0356 203
0.0357 199
0.0358 199
0.0359 202
0.036 199
0.0361 201
0.0362 198
0.0363 199
0.0364 197
0.0365 195
0.0366 195
0.0367 199
0.0368 196
0.0369 193
0.037 193
0.0371 196
0.0372 196
0.0373 195
0.0374 196
0.0375 196
0.0376 197
0.0377 198
0.0378 196
0.0379 196
0.038 196
0.0381 201
0.0382 197
0.0383 197
0.0384 197
0.0385 195
0.0386 196
0.0387 196
0.0388 195
0.0389 200
0.039 196
0.0391 193
0.0392 198
0.0393 197
0.0394 199
0.0395 197
0.0396 194
0.0397 195
0.0398 201
0.0399 201
0.04 201
0.0401 203
0.0402 206
0.0403 206
0.0404 206
0.0405 206
0.0406 204
0.0407 201
0.0408 199
0.0409 196
0.041 197
0.0411 196
0.0412 198
0.0413 197
0.0414 195
0.0415 196
0.0416 194
0.0417 196
0.0418 198
0.0419 197
0.042 197
0.0421 197
0.0422 199
0.0423 201
0.0424 205
0.0425 203
0.0426 203
0.0427 204
0.0428 198
0.0429 201
0.043 200
0.0431 199
0.0432 195
0.0433 193
0.0434 196
0.0435 198
0.0436 197
0.0437 199
0.0438 195
0.0439 196
0.044 195
0.0441 192
0.0442 192
0.0443 193
0.0444 191
0.0445 192
0.0446 193
0.0447 193
0.0448 192
0.0449 190
0.045 191
0.0451 188
0.0452 187
0.0453 189
0.0454 191
0.0455 189
0.0456 189
0.0457 189
0.0458 189
0.0459 189
0.046 186
0.0461 183
0.0462 184
0.0463 185
0.0464 184
0.0465 186
0.0466 186
0.0467 184
0.0468 184
0.0469 181
0.047 179
0.0471 178
0.0472 178
0.0473 178
0.0474 181
0.0475 181
0.0476 179
0.0477 178
0.0478 179
0.0479 180
0.048 179
0.0481 177
0.0482 180
0.0483 178
0.0484 178
0.0485 179
0.0486 176
0.0487 174
0.0488 175
0.0489 177
0.049 177
0.0491 176
0.0492 175
0.0493 178
0.0494 175
0.0495 178
0.0496 176
0.0497 174
0.0498 172
0.0499 171
0.05 172
0.0501 171
0.0502 170
0.0503 167
0.0504 166
0.0505 164
0.0506 161
0.0507 162
0.0508 163
0.0509 166
0.051 166
0.0511 168
0.0512 166
0.0513 165
0.0514 165
0.0515 165
0.0516 165
0.0517 165
0.0518 165
0.0519 165
0.052 168
0.0521 166
0.0522 166
0.0523 166
0.0524 166
0.0525 166
0.0526 167
0.0527 166
0.0528 165
0.0529 167
0.053 163
0.0531 161
0.0532 160
0.0533 161
0.0534 158
0.0535 161
0.0536 163
0.0537 162
0.0538 166
0.0539 165
0.054 165
0.0541 164
0.0542 163
0.0543 160
0.0544 162
0.0545 163
0.0546 165
0.0547 165
0.0548 163
0.0549 162
0.055 161
0.0551 159
0.0552 159
0.0553 157
0.0554 157
0.0555 157
0.0556 156
0.0557 155
0.0558 153
0.0559 155
0.056 157
0.0561 156
0.0562 155
0.0563 157
0.0564 156
0.0565 153
0.0566 152
0.0567 153
0.0568 153
0.0569 150
0.057 147
0.0571 147
0.0572 147
0.0573 148
0.0574 147
0.0575 149
0.0576 150
0.0577 152
0.0578 152
0.0579 151
0.058 151
0.0581 151
0.0582 150
0.0583 149
0.0584 148
0.0585 149
0.0586 148
0.0587 146
0.0588 147
0.0589 148
0.059 149
0.0591 150
0.0592 152
0.0593 150
0.0594 151
0.0595 152
0.0596 153
0.0597 155
0.0598 154
0.0599 156
0.06 156
0.0601 156
0.0602 155
0.0603 155
0.0604 154
0.0605 153
0.0606 155
0.0607 157
0.0608 156
0.0609 156
0.061 153
0.0611 155
0.0612 156
0.0613 156
0.0614 156
0.0615 156
0.0616 155
0.0617 154
0.0618 155
0.0619 155
0.062 156
0.0621 155
0.0622 155
0.0623 153
0.0624 152
0.0625 151
0.0626 155
0.0627 153
0.0628 157
0.0629 157
0.063 154
0.0631 153
0.0632 154
0.0633 157
0.0634 159
0.0635 160
0.0636 160
0.0637 158
0.0638 156
0.0639 157
0.064 153
0.0641 155
0.0642 156
0.0643 158
0.0644 163
0.0645 163
0.0646 163
0.0647 165
0.0648 164
0.0649 164
0.065 161
0.0651 162
0.0652 163
0.0653 161
0.0654 162
0.0655 163
0.0656 160
0.0657 159
0.0658 158
0.0659 158
0.066 157
0.0661 158
0.0662 159
0.0663 157
0.0664 155
0.0665 154
0.0666 156
0.0667 153
0.0668 152
0.0669 155
0.067 155
0.0671 154
0.0672 155
0.0673 156
0.0674 158
0.0675 157
0.0676 156
0.0677 156
0.0678 155
0.0679 152
0.068 153
0.0681 155
0.0682 153
0.0683 152
0.0684 155
0.0685 155
0.0686 154
0.0687 152
0.0688 155
0.0689 157
0.069 153
0.0691 155
0.0692 156
0.0693 153
0.0694 151
0.0695 150
0.0696 150
0.0697 152
0.0698 152
0.0699 152
0.07 155
0.0701 152
0.0702 150
0.0703 148
0.0704 151
0.0705 154
0.0706 156
0.0707 155
0.0708 155
0.0709 155
0.071 155
0.0711 156
0.0712 157
0.0713 157
0.0714 156
0.0715 154
0.0716 154
0.0717 153
0.0718 154
0.0719 155
0.072 155
0.0721 158
0.0722 159
0.0723 158
0.0724 157
0.0725 157
0.0726 160
0.0727 160
0.0728 159
0.0729 159
0.073 156
0.0731 157
0.0732 157
0.0733 157
0.0734 157
0.0735 156
0.0736 156
0.0737 154
0.0738 157
0.0739 156
0.074 157
0.0741 156
0.0742 157
0.0743 154
0.0744 154
0.0745 152
0.0746 150
0.0747 153
0.0748 153
0.0749 154
0.075 154
0.0751 153
0.0752 153
0.0753 150
0.0754 150
0.0755 152
0.0756 153
0.0757 154
0.0758 153
0.0759 153
0.076 153
0.0761 153
0.0762 154
0.0763 155
0.0764 155
0.0765 155
0.0766 155
0.0767 155
0.0768 154
0.0769 156
0.077 158
0.0771 159
0.0772 158
0.0773 156
0.0774 155
0.0775 155
0.0776 156
0.0777 158
0.0778 158
0.0779 160
0.078 160
0.0781 162
0.0782 161
0.0783 161
0.0784 160
0.0785 158
0.0786 156
0.0787 156
0.0788 156
0.0789 157
0.079 156
0.0791 158
0.0792 160
0.0793 160
0.0794 161
0.0795 164
0.0796 164
0.0797 163
0.0798 163
0.0799 162
0.08 162
0.0801 160
0.0802 159
0.0803 157
0.0804 157
0.0805 156
0.0806 158
0.0807 156
0.0808 156
0.0809 152
0.081 153
0.0811 151
0.0812 152
0.0813 152
0.0814 150
0.0815 150
0.0816 149
0.0817 149
0.0818 148
0.0819 147
0.082 151
0.0821 151
0.0822 148
0.0823 146
0.0824 148
0.0825 148
0.0826 147
0.0827 146
0.0828 146
0.0829 146
0.083 145
0.0831 143
0.0832 143
0.0833 142
0.0834 143
0.0835 146
0.0836 146
0.0837 145
0.0838 144
0.0839 142
0.084 142
0.0841 144
0.0842 143
0.0843 144
0.0844 145
0.0845 143
0.0846 141
0.0847 139
0.0848 139
0.0849 139
0.085 140
0.0851 137
0.0852 137
0.0853 136
0.0854 134
0.0855 133
0.0856 133
0.0857 132
0.0858 131
0.0859 132
0.086 129
0.0861 126
0.0862 125
0.0863 127
0.0864 130
0.0865 129
0.0866 131
0.0867 130
0.0868 130
0.0869 130
0.087 129
0.0871 130
0.0872 127
0.0873 124
0.0874 126
0.0875 127
0.0876 129
0.0877 127
0.0878 126
0.0879 127
0.088 123
0.0881 122
0.0882 122
0.0883 121
0.0884 119
0.0885 119
0.0886 120
0.0887 122
0.0888 124
0.0889 123
0.089 122
0.0891 120
0.0892 119
0.0893 118
0.0894 117
0.0895 119
0.0896 121
0.0897 121
0.0898 122
0.0899 121
0.09 121
0.0901 123
0.0902 122
0.0903 126
0.0904 125
0.0905 124
0.0906 123
0.0907 122
0.0908 123
0.0909 126
0.091 124
0.0911 124
0.0912 124
0.0913 124
0.0914 123
0.0915 121
0.0916 122
0.0917 121
0.0918 122
0.0919 120
0.092 122
0.0921 120
0.0922 119
0.0923 122
0.0924 124
0.0925 125
0.0926 123
0.0927 123
0.0928 124
0.0929 123
0.093 121
0.0931 122
0.0932 121
0.0933 122
0.0934 121
0.0935 121
0.0936 122
0.0937 125
0.0938 123
0.0939 123
0.094 122
0.0941 120
0.0942 119
0.0943 118
0.0944 119
0.0945 119
0.0946 117
0.0947 115
0.0948 112
0.0949 112
0.095 113
0.0951 112
0.0952 110
0.0953 111
0.0954 113
0.0955 113
0.0956 114
0.0957 113
0.0958 110
0.0959 110
0.096 112
0.0961 110
0.0962 111
0.0963 111
0.0964 113
0.0965 115
0.0966 116
0.0967 116
0.0968 115
0.0969 116
0.097 117
0.0971 116
0.0972 116
0.0973 116
0.0974 115
0.0975 115
0.0976 117
0.0977 116
0.0978 117
0.0979 115
0.098 114
0.0981 114
0.0982 115
0.0983 115
0.0984 114
0.0985 114
0.0986 116
0.0987 116
0.0988 116
0.0989 116
0.099 116
0.0991 116
0.0992 118
0.0993 117
0.0994 120
0.0995 120
0.0996 121
0.0997 122
0.0998 121
0.0999 120
0.1 120
