0 0
0.0001 0
0.0002 0
0.0003 0
0.0004 0
0.0005 0
0.0006 0
0.0007 0
0.0008 0
0.0009 0
0.001 0
0.0011 1
0.0012 1
0.0013 0
0.0014 0
0.0015 0
0.0016 0
0.0017 0
0.0018 0
0.0019 1
0.002 0
0.0021 0
0.0022 0
0.0023 0
0.0024 0
0.0025 0
0.0026 0
0.0027 0
0.0028 0
0.0029 1
0.003 1
0.0031 0
0.0032 0
0.0033 0
0.0034 0
0.0035 0
0.0036 0
0.0037 0
0.0038 0
0.0039 0
0.004 1
0.0041 0
0.0042 1
0.0043 0
0.0044 0
0.0045 0
0.0046 0
0.0047 0
0.0048 0
0.0049 0
0.005 0
0.0051 2
0.0052 0
0.0053 0
0.0054 0
0.0055 1
0.0056 0
0.0057 1
0.0058 1
0.0059 0
0.006 1
0.0061 0
0.0062 1
0.0063 0
0.0064 0
0.0065 0
0.0066 0
0.0067 0
0.0068 0
0.0069 1
0.007 0
0.0071 0
0.0072 4
0.0073 0
0.0074 0
0.0075 0
0.0076 1
0.0077 1
0.0078 0
0.0079 0
0.008 0
0.0081 1
0.0082 0
0.0083 0
0.0084 1
0.0085 0
0.0086 0
0.0087 0
0.0088 0
0.0089 0
0.009 1
0.0091 0
0.0092 0
0.0093 0
0.0094 1
0.0095 1
0.0096 0
0.0097 0
0.0098 0
0.0099 0
0.01 0
0.0101 0
0.0102 2
0.0103 1
0.0104 1
0.0105 1
0.0106 0
0.0107 0
0.0108 1
0.0109 1
0.011 0
0.0111 0
0.0112 0
0.0113 0
0.0114 1
0.0115 1
0.0116 1
0.0117 0
0.0118 2
0.0119 2
0.012 0
0.0121 2
0.0122 0
0.0123 1
0.0124 0
0.0125 2
0.0126 1
0.0127 0
0.0128 0
0.0129 0
0.013 0
0.0131 0
0.0132 0
0.0133 2
0.0134 0
0.0135 0
0.0136 1
0.0137 0
0.0138 0
0.0139 2
0.014 1
0.0141 0
0.0142 0
0.0143 1
0.0144 0
0.0145 5
0.0146 0
0.0147 0
0.0148 0
0.0149 2
0.015 2
0.0151 5
0.0152 1
0.0153 2
0.0154 2
0.0155 2
0.0156 2
0.0157 2
0.0158 3
0.0159 1
0.016 0
0.0161 1
0.0162 3
0.0163 0
0.0164 2
0.0165 4
0.0166 1
0.0167 1
0.0168 2
0.0169 3
0.017 2
0.0171 4
0.0172 1
0.0173 1
0.0174 1
0.0175 4
0.0176 6
0.0177 1
0.0178 0
0.0179 3
0.018 2
0.0181 0
0.0182 3
0.0183 1
0.0184 0
0.0185 3
0.0186 4
0.0187 2
0.0188 0
0.0189 0
0.019 3
0.0191 3
0.0192 0
0.0193 7
0.0194 0
0.0195 2
0.0196 2
0.0197 4
0.0198 3
0.0199 1
0.02 5
0.0201 4
0.0202 4
0.0203 3
0.0204 3
0.0205 0
0.0206 0
0.0207 2
0.0208 2
0.0209 2
0.021 3
0.0211 2
0.0212 6
0.0213 3
0.0214 4
0.0215 6
0.0216 3
0.0217 4
0.0218 2
0.0219 6
0.022 4
0.0221 2
0.0222 1
0.0223 8
0.0224 3
0.0225 2
0.0226 6
0.0227 7
0.0228 4
0.0229 2
0.023 2
0.0231 5
0.0232 9
0.0233 5
0.0234 6
0.0235 6
0.0236 6
0.0237 8
0.0238 6
0.0239 6
0.024 7
0.0241 5
0.0242 6
0.0243 3
0.0244 6
0.0245 10
0.0246 7
0.0247 6
0.0248 7
0.0249 1
0.025 6
0.0251 4
0.0252 11
0.0253 4
0.0254 3
0.0255 10
0.0256 5
0.0257 2
0.0258 5
0.0259 7
0.026 3
0.0261 6
0.0262 7
0.0263 6
0.0264 4
0.0265 6
0.0266 8
0.0267 6
0.0268 7
0.0269 4
0.027 7
0.0271 9
0.0272 8
0.0273 10
0.0274 15
0.0275 10
0.0276 14
0.0277 9
0.0278 10
0.0279 8
0.028 9
0.0281 14
0.0282 15
0.0283 9
0.0284 24
0.0285 23
0.0286 17
0.0287 19
0.0288 21
0.0289 28
0.029 32
0.0291 50
0.0292 60
0.0293 63
0.0294 84
0.0295 111
0.0296 144
0.0297 182
0.0298 219
0.0299 260
0.03 284
0.0301 325
0.0302 361
0.0303 390
0.0304 417
0.0305 459
0.0306 501
0.0307 529
0.0308 552
0.0309 601
0.031 635
0.0311 657
0.0312 683
0.0313 716
0.0314 747
0.0315 772
0.0316 792
0.0317 818
0.0318 857
0.0319 878
0.032 894
0.0321 915
0.0322 930
0.0323 947
0.0324 971
0.0325 991
0.0326 1018
0.0327 1038
0.0328 1062
0.0329 1085
0.033 1107
0.0331 1125
0.0332 1137
0.0333 1149
0.0334 1156
0.0335 1170
0.0336 1186
0.0337 1195
0.0338 1212
0.0339 1218
0.034 1228
0.0341 1236
0.0342 1241
0.0343 1254
0.0344 1258
0.0345 1265
0.0346 1272
0.0347 1266
0.0348 1268
0.0349 1278
0.035 1272
0.0351 1277
0.0352 1270
0.0353 1276
0.0354 1271
0.0355 1279
0.0356 1291
0.0357 1301
0.0358 1299
0.0359 1298
0.036 1298
0.0361 1301
0.0362 1313
0.0363 1322
0.0364 1327
0.0365 1338
0.0366 1340
0.0367 1345
0.0368 1348
0.0369 1341
0.037 1337
0.0371 1338
0.0372 1337
0.0373 1327
0.0374 1343
0.0375 1339
0.0376 1343
0.0377 1349
0.0378 1347
0.0379 1352
0.038 1348
0.0381 1341
0.0382 1339
0.0383 1341
0.0384 1343
0.0385 1343
0.0386 1341
0.0387 1339
0.0388 1340
0.0389 1338
0.039 1343
0.0391 1342
0.0392 1341
0.0393 1329
0.0394 1320
0.0395 1309
0.0396 1302
0.0397 1305
0.0398 1313
0.0399 1307
0.04 1313
0.0401 1312
0.0402 1310
0.0403 1305
0.0404 1301
0.0405 1296
0.0406 1294
0.0407 1292
0.0408 1298
0.0409 1297
0.041 1299
0.0411 1299
0.0412 1292
0.0413 1287
0.0414 1275
0.0415 1268
0.0416 1262
0.0417 1260
0.0418 1252
0.0419 1246
0.042 1241
0.0421 1237
0.0422 1237
0.0423 1239
0.0424 1233
0.0425 1232
0.0426 1233
0.0427 1229
0.0428 1223
0.0429 1212
0.043 1207
0.0431 1207
0.0432 1203
0.0433 1199
0.0434 1191
0.0435 1182
0.0436 1176
0.0437 1174
0.0438 1169
0.0439 1162
0.044 1154
0.0441 1152
0.0442 1145
0.0443 1134
0.0444 1120
0.0445 1110
0.0446 1102
0.0447 1089
0.0448 1074
0.0449 1064
0.045 1062
0.0451 1055
0.0452 1052
0.0453 1043
0.0454 1041
0.0455 1037
0.0456 1034
0.0457 1030
0.0458 1022
0.0459 1019
0.046 1018
0.0461 1012
0.0462 1007
0.0463 1004
0.0464 997
0.0465 998
0.0466 995
0.0467 995
0.0468 1005
0.0469 997
0.047 994
0.0471 989
0.0472 987
0.0473 983
0.0474 980
0.0475 972
0.0476 963
0.0477 963
0.0478 949
0.0479 948
0.048 946
0.0481 939
0.0482 929
0.0483 914
0.0484 909
0.0485 901
0.0486 888
0.0487 880
0.0488 880
0.0489 871
0.049 870
0.0491 870
0.0492 867
0.0493 861
0.0494 857
0.0495 859
0.0496 855
0.0497 852
0.0498 856
0.0499 857
0.05 853
0.0501 846
0.0502 837
0.0503 833
0.0504 814
0.0505 803
0.0506 798
0.0507 801
0.0508 804
0.0509 798
0.051 794
0.0511 784
0.0512 778
0.0513 782
0.0514 787
0.0515 791
0.0516 784
0.0517 778
0.0518 775
0.0519 764
0.052 761
0.0521 761
0.0522 758
0.0523 760
0.0524 763
0.0525 765
0.0526 764
0.0527 763
0.0528 767
0.0529 761
0.053 755
0.0531 752
0.0532 754
0.0533 746
0.0534 746
0.0535 738
0.0536 739
0.0537 729
0.0538 719
0.0539 711
0.054 713
0.0541 714
0.0542 703
0.0543 697
0.0544 689
0.0545 683
0.0546 677
0.0547 670
0.0548 677
0.0549 677
0.055 673
0.0551 674
0.0552 677
0.0553 676
0.0554 672
0.0555 674
0.0556 673
0.0557 673
0.0558 667
0.0559 668
0.056 662
0.0561 660
0.0562 656
0.0563 658
0.0564 659
0.0565 663
0.0566 666
0.0567 663
0.0568 666
0.0569 667
0.057 663
0.0571 654
0.0572 648
0.0573 642
0.0574 634
0.0575 626
0.0576 622
0.0577 620
0.0578 624
0.0579 620
0.058 620
0.0581 620
0.0582 624
0.0583 623
0.0584 621
0.0585 618
0.0586 618
0.0587 613
0.0588 611
0.0589 607
0.059 603
0.0591 611
0.0592 613
0.0593 610
0.0594 607
0.0595 604
0.0596 602
0.0597 591
0.0598 596
0.0599 601
0.06 606
0.0601 599
0.0602 600
0.0603 611
0.0604 606
0.0605 600
0.0606 594
0.0607 592
0.0608 587
0.0609 585
0.061 586
0.0611 584
0.0612 583
0.0613 588
0.0614 586
0.0615 581
0.0616 575
0.0617 560
0.0618 552
0.0619 547
0.062 545
0.0621 544
0.0622 540
0.0623 535
0.0624 527
0.0625 524
0.0626 524
0.0627 525
0.0628 529
0.0629 526
0.063 524
0.0631 521
0.0632 521
0.0633 523
0.0634 519
0.0635 519
0.0636 510
0.0637 516
0.0638 515
0.0639 513
0.064 509
0.0641 497
0.0642 488
0.0643 478
0.0644 474
0.0645 472
0.0646 466
0.0647 457
0.0648 444
0.0649 438
0.065 436
0.0651 438
0.0652 444
0.0653 442
0.0654 445
0.0655 448
0.0656 446
0.0657 451
0.0658 451
0.0659 452
0.066 448
0.0661 451
0.0662 450
0.0663 446
0.0664 445
0.0665 436
0.0666 437
0.0667 432
0.0668 438
0.0669 438
0.067 431
0.0671 426
0.0672 424
0.0673 420
0.0674 416
0.0675 409
0.0676 406
0.0677 399
0.0678 393
0.0679 398
0.068 392
0.0681 386
0.0682 384
0.0683 382
0.0684 382
0.0685 383
0.0686 377
0.0687 368
0.0688 374
0.0689 375
0.069 372
0.0691 366
0.0692 353
0.0693 349
0.0694 350
0.0695 346
0.0696 348
0.0697 347
0.0698 354
0.0699 353
0.07 344
0.0701 337
0.0702 338
0.0703 341
0.0704 340
0.0705 338
0.0706 337
0.0707 339
0.0708 334
0.0709 328
0.071 322
0.0711 318
0.0712 309
0.0713 304
0.0714 308
0.0715 304
0.0716 301
0.0717 298
0.0718 293
0.0719 282
0.072 271
0.0721 265
0.0722 256
0.0723 254
0.0724 249
0.0725 245
0.0726 244
0.0727 241
0.0728 231
0.0729 228
0.073 231
0.0731 228
0.0732 225
0.0733 224
0.0734 226
0.0735 222
0.0736 216
0.0737 212
0.0738 208
0.0739 204
0.074 201
0.0741 199
0.0742 200
0.0743 202
0.0744 205
0.0745 210
0.0746 215
0.0747 223
0.0748 233
0.0749 238
0.075 241
0.0751 241
0.0752 235
0.0753 238
0.0754 244
0.0755 243
0.0756 241
0.0757 236
0.0758 239
0.0759 240
0.076 241
0.0761 249
0.0762 253
0.0763 257
0.0764 259
0.0765 261
0.0766 250
0.0767 244
0.0768 238
0.0769 235
0.077 229
0.0771 230
0.0772 225
0.0773 223
0.0774 223
0.0775 217
0.0776 215
0.0777 212
0.0778 212
0.0779 209
0.078 202
0.0781 197
0.0782 198
0.0783 196
0.0784 194
0.0785 191
0.0786 190
0.0787 189
0.0788 186
0.0789 183
0.079 185
0.0791 188
0.0792 191
0.0793 191
0.0794 195
0.0795 192
0.0796 193
0.0797 188
0.0798 183
0.0799 183
0.08 179
0.0801 173
0.0802 172
0.0803 177
0.0804 180
0.0805 178
0.0806 174
0.0807 169
0.0808 169
0.0809 172
0.081 172
0.0811 174
0.0812 172
0.0813 171
0.0814 165
0.0815 161
0.0816 151
0.0817 158
0.0818 149
0.0819 143
0.082 151
0.0821 156
0.0822 154
0.0823 151
0.0824 152
0.0825 150
0.0826 141
0.0827 135
0.0828 126
0.0829 127
0.083 131
0.0831 136
0.0832 140
0.0833 135
0.0834 133
0.0835 132
0.0836 130
0.0837 137
0.0838 137
0.0839 134
0.084 133
0.0841 126
0.0842 121
0.0843 111
0.0844 108
0.0845 112
0.0846 110
0.0847 113
0.0848 114
0.0849 119
0.085 124
0.0851 121
0.0852 126
0.0853 130
0.0854 135
0.0855 137
0.0856 142
0.0857 146
0.0858 148
0.0859 144
0.086 146
0.0861 149
0.0862 143
0.0863 146
0.0864 141
0.0865 145
0.0866 133
0.0867 130
0.0868 124
0.0869 122
0.087 117
0.0871 112
0.0872 103
0.0873 98
0.0874 98
0.0875 89
0.0876 78
0.0877 70
0.0878 64
0.0879 59
0.088 64
0.0881 61
0.0882 67
0.0883 65
0.0884 68
0.0885 67
0.0886 69
0.0887 71
0.0888 74
0.0889 75
0.089 76
0.0891 79
0.0892 83
0.0893 92
0.0894 91
0.0895 95
0.0896 99
0.0897 105
0.0898 111
0.0899 112
0.09 113
0.0901 117
0.0902 116
0.0903 117
0.0904 119
0.0905 122
0.0906 128
0.0907 136
0.0908 139
0.0909 143
0.091 149
0.0911 155
0.0912 156
0.0913 154
0.0914 154
0.0915 155
0.0916 152
0.0917 151
0.0918 143
0.0919 136
0.092 132
0.0921 131
0.0922 131
0.0923 128
0.0924 128
0.0925 121
0.0926 116
0.0927 114
0.0928 116
0.0929 113
0.093 105
0.0931 93
0.0932 92
0.0933 87
0.0934 75
0.0935 82
0.0936 82
0.0937 84
0.0938 86
0.0939 94
0.094 100
0.0941 107
0.0942 113
0.0943 121
0.0944 124
0.0945 132
0.0946 137
0.0947 138
0.0948 137
0.0949 134
0.095 131
0.0951 134
0.0952 133
0.0953 137
0.0954 134
0.0955 136
0.0956 133
0.0957 133
0.0958 135
0.0959 136
0.096 132
0.0961 128
0.0962 133
0.0963 136
0.0964 142
0.0965 143
0.0966 145
0.0967 144
0.0968 150
0.0969 152
0.097 153
0.0971 150
0.0972 144
0.0973 139
0.0974 124
0.0975 123
0.0976 109
0.0977 102
0.0978 101
0.0979 93
0.098 82
0.0981 79
0.0982 71
0.0983 62
0.0984 58
0.0985 60
0.0986 65
0.0987 66
0.0988 73
0.0989 71
0.099 73
0.0991 69
0.0992 68
0.0993 74
0.0994 80
0.0995 80
0.0996 80
0.0997 86
0.0998 85
0.0999 86
0.1 93
0.1001 90
0.1002 89
0.1003 88
0.1004 91
0.1005 97
0.1006 97
0.1007 104
0.1008 101
0.1009 98
0.101 94
0.1011 102
0.1012 99
0.1013 94
0.1014 82
0.1015 75
0.1016 75
0.1017 67
0.1018 67
0.1019 67
0.102 68
0.1021 65
0.1022 67
0.1023 65
0.1024 74
0.1025 70
0.1026 70
0.1027 73
0.1028 75
0.1029 73
0.103 67
0.1031 69
0.1032 73
0.1033 69
0.1034 72
0.1035 72
0.1036 76
0.1037 79
0.1038 81
0.1039 83
0.104 81
0.1041 77
0.1042 76
0.1043 78
0.1044 84
0.1045 90
0.1046 95
0.1047 91
0.1048 89
0.1049 88
0.105 85
0.1051 88
0.1052 87
0.1053 83
0.1054 73
0.1055 62
0.1056 52
0.1057 43
0.1058 37
0.1059 24
0.106 23
0.1061 18
0.1062 14
0.1063 8
0.1064 7
0.1065 8
0.1066 8
0.1067 7
0.1068 5
0.1069 6
0.107 5
0.1071 1
0.1072 2
0.1073 3
0.1074 1
0.1075 2
0.1076 1
0.1077 0
0.1078 2
0.1079 4
0.108 4
0.1081 1
0.1082 2
0.1083 2
0.1084 4
0.1085 1
0.1086 2
0.1087 4
0.1088 0
0.1089 1
0.109 1
0.1091 0
0.1092 0
0.1093 2
0.1094 1
0.1095 2
0.1096 1
0.1097 0
0.1098 1
0.1099 1
0.11 3
0.1101 2
0.1102 1
0.1103 0
0.1104 0
0.1105 2
0.1106 2
0.1107 1
0.1108 1
0.1109 2
0.111 2
0.1111 2
0.1112 0
0.1113 2
0.1114 2
0.1115 1
0.1116 4
0.1117 0
0.1118 0
0.1119 2
0.112 1
0.1121 0
0.1122 4
0.1123 1
0.1124 2
0.1125 2
0.1126 0
0.1127 0
0.1128 3
0.1129 0
0.113 1
0.1131 1
0.1132 0
0.1133 1
0.1134 1
0.1135 2
0.1136 1
0.1137 1
0.1138 1
0.1139 4
0.114 0
0.1141 2
0.1142 3
0.1143 3
0.1144 2
0.1145 2
0.1146 0
0.1147 2
0.1148 1
0.1149 2
0.115 1
0.1151 0
0.1152 1
0.1153 3
0.1154 1
0.1155 1
0.1156 1
0.1157 0
0.1158 1
0.1159 2
0.116 0
0.1161 1
0.1162 4
0.1163 3
0.1164 1
0.1165 1
0.1166 0
0.1167 1
0.1168 3
0.1169 2
0.117 2
0.1171 3
0.1172 1
0.1173 3
0.1174 5
0.1175 4
0.1176 1
0.1177 4
0.1178 2
0.1179 2
0.118 0
0.1181 3
0.1182 1
0.1183 0
0.1184 3
0.1185 1
0.1186 2
0.1187 1
0.1188 3
0.1189 4
0.119 2
0.1191 3
0.1192 0
0.1193 4
0.1194 3
0.1195 6
0.1196 2
0.1197 2
0.1198 3
0.1199 3
0.12 1
0.1201 4
0.1202 5
0.1203 4
0.1204 3
0.1205 3
0.1206 4
0.1207 0
0.1208 2
0.1209 3
0.121 1
0.1211 3
0.1212 6
0.1213 1
0.1214 4
0.1215 1
0.1216 3
0.1217 2
0.1218 1
0.1219 2
0.122 4
0.1221 1
0.1222 5
0.1223 4
0.1224 6
0.1225 3
0.1226 1
0.1227 2
0.1228 3
0.1229 4
0.123 2
0.1231 1
0.1232 1
0.1233 2
0.1234 6
0.1235 2
0.1236 5
0.1237 4
0.1238 0
0.1239 4
0.124 3
0.1241 1
0.1242 4
0.1243 4
0.1244 2
0.1245 6
0.1246 0
0.1247 3
0.1248 2
0.1249 2
0.125 3
0.1251 5
0.1252 1
0.1253 3
0.1254 1
0.1255 1
0.1256 6
0.1257 5
0.1258 5
0.1259 7
0.126 8
0.1261 5
0.1262 5
0.1263 11
0.1264 6
0.1265 7
0.1266 10
0.1267 8
0.1268 5
0.1269 7
0.127 6
0.1271 9
0.1272 7
0.1273 12
0.1274 6
0.1275 8
0.1276 14
0.1277 10
0.1278 10
0.1279 8
0.128 14
0.1281 13
0.1282 6
0.1283 8
0.1284 13
0.1285 15
0.1286 16
0.1287 12
0.1288 12
0.1289 13
0.129 10
0.1291 14
0.1292 20
0.1293 17
0.1294 22
0.1295 23
0.1296 24
0.1297 19
0.1298 29
0.1299 42
0.13 36
0.1301 42
0.1302 63
0.1303 84
0.1304 115
0.1305 140
0.1306 170
0.1307 196
0.1308 237
0.1309 268
0.131 303
0.1311 333
0.1312 381
0.1313 424
0.1314 474
0.1315 510
0.1316 546
0.1317 581
0.1318 612
0.1319 648
0.132 673
0.1321 711
0.1322 737
0.1323 764
0.1324 776
0.1325 799
0.1326 823
0.1327 840
0.1328 867
0.1329 878
0.133 898
0.1331 913
0.1332 924
0.1333 955
0.1334 973
0.1335 992
0.1336 1010
0.1337 1020
0.1338 1038
0.1339 1052
0.134 1062
0.1341 1077
0.1342 1094
0.1343 1117
0.1344 1124
0.1345 1130
0.1346 1141
0.1347 1154
0.1348 1176
0.1349 1189
0.135 1212
0.1351 1219
0.1352 1224
0.1353 1231
0.1354 1238
0.1355 1261
0.1356 1272
0.1357 1281
0.1358 1290
0.1359 1298
0.136 1306
0.1361 1312
0.1362 1317
0.1363 1305
0.1364 1311
0.1365 1308
0.1366 1308
0.1367 1314
0.1368 1323
0.1369 1332
0.137 1329
0.1371 1321
0.1372 1322
0.1373 1331
0.1374 1340
0.1375 1339
0.1376 1344
0.1377 1341
0.1378 1349
0.1379 1344
0.138 1349
0.1381 1358
0.1382 1364
0.1383 1368
0.1384 1363
0.1385 1351
0.1386 1341
0.1387 1326
0.1388 1316
0.1389 1306
0.139 1311
0.1391 1313
0.1392 1313
0.1393 1312
0.1394 1309
0.1395 1306
0.1396 1297
0.1397 1299
0.1398 1296
0.1399 1300
0.14 1300
0.1401 1308
0.1402 1304
0.1403 1296
0.1404 1295
0.1405 1289
0.1406 1296
0.1407 1301
0.1408 1305
0.1409 1305
0.141 1291
0.1411 1280
0.1412 1268
0.1413 1264
0.1414 1260
0.1415 1259
0.1416 1256
0.1417 1252
0.1418 1245
0.1419 1238
0.142 1236
0.1421 1228
0.1422 1225
0.1423 1217
0.1424 1213
0.1425 1216
0.1426 1211
0.1427 1207
0.1428 1205
0.1429 1201
0.143 1196
0.1431 1189
0.1432 1186
0.1433 1181
0.1434 1178
0.1435 1175
0.1436 1162
0.1437 1154
0.1438 1149
0.1439 1147
0.144 1141
0.1441 1136
0.1442 1139
0.1443 1145
0.1444 1137
0.1445 1122
0.1446 1117
0.1447 1118
0.1448 1116
0.1449 1116
0.145 1111
0.1451 1107
0.1452 1104
0.1453 1098
0.1454 1105
0.1455 1103
0.1456 1097
0.1457 1093
0.1458 1082
0.1459 1078
0.146 1075
0.1461 1080
0.1462 1073
0.1463 1063
0.1464 1058
0.1465 1057
0.1466 1055
0.1467 1057
0.1468 1055
0.1469 1045
0.147 1043
0.1471 1040
0.1472 1038
0.1473 1045
0.1474 1043
0.1475 1033
0.1476 1028
0.1477 1020
0.1478 1012
0.1479 995
0.148 990
0.1481 991
0.1482 989
0.1483 983
0.1484 984
0.1485 980
0.1486 976
0.1487 970
0.1488 964
0.1489 954
0.149 949
0.1491 939
0.1492 933
0.1493 929
0.1494 925
0.1495 916
0.1496 901
0.1497 902
0.1498 891
0.1499 893
0.15 895
0.1501 893
0.1502 892
0.1503 896
0.1504 894
0.1505 895
0.1506 890
0.1507 885
0.1508 878
0.1509 875
0.151 876
0.1511 869
0.1512 871
0.1513 868
0.1514 863
0.1515 848
0.1516 846
0.1517 834
0.1518 832
0.1519 816
0.152 807
0.1521 800
0.1522 785
0.1523 784
0.1524 778
0.1525 780
0.1526 779
0.1527 775
0.1528 773
0.1529 766
0.153 762
0.1531 764
0.1532 766
0.1533 760
0.1534 758
0.1535 746
0.1536 740
0.1537 713
0.1538 707
0.1539 685
0.154 670
0.1541 666
0.1542 646
0.1543 642
0.1544 642
0.1545 650
0.1546 649
0.1547 656
0.1548 658
0.1549 662
0.155 656
0.1551 657
0.1552 657
0.1553 657
0.1554 655
0.1555 654
0.1556 660
0.1557 660
0.1558 659
0.1559 659
0.156 658
0.1561 658
0.1562 654
0.1563 650
0.1564 643
0.1565 640
0.1566 639
0.1567 632
0.1568 620
0.1569 617
0.157 610
0.1571 598
0.1572 597
0.1573 591
0.1574 594
0.1575 597
0.1576 602
0.1577 607
0.1578 598
0.1579 595
0.158 588
0.1581 580
0.1582 570
0.1583 553
0.1584 540
0.1585 533
0.1586 523
0.1587 515
0.1588 509
0.1589 505
0.159 504
0.1591 507
0.1592 501
0.1593 505
0.1594 492
0.1595 474
0.1596 470
0.1597 470
0.1598 468
0.1599 469
0.16 462
0.1601 458
0.1602 457
0.1603 456
0.1604 456
0.1605 452
0.1606 452
0.1607 448
0.1608 450
0.1609 449
0.161 441
0.1611 451
0.1612 457
0.1613 463
0.1614 452
0.1615 458
0.1616 461
0.1617 460
0.1618 456
0.1619 457
0.162 453
0.1621 456
0.1622 453
0.1623 451
0.1624 451
0.1625 455
0.1626 465
0.1627 468
0.1628 470
0.1629 465
0.163 461
0.1631 447
0.1632 439
0.1633 441
0.1634 437
0.1635 436
0.1636 422
0.1637 416
0.1638 421
0.1639 405
0.164 404
0.1641 398
0.1642 400
0.1643 398
0.1644 398
0.1645 403
0.1646 399
0.1647 404
0.1648 408
0.1649 411
0.165 414
0.1651 416
0.1652 421
0.1653 419
0.1654 422
0.1655 422
0.1656 422
0.1657 422
0.1658 419
0.1659 423
0.166 420
0.1661 426
0.1662 422
0.1663 416
0.1664 417
0.1665 413
0.1666 420
0.1667 422
0.1668 416
0.1669 415
0.167 416
0.1671 413
0.1672 405
0.1673 400
0.1674 394
0.1675 396
0.1676 393
0.1677 387
0.1678 383
0.1679 385
0.168 387
0.1681 385
0.1682 388
0.1683 386
0.1684 384
0.1685 379
0.1686 375
0.1687 373
0.1688 362
0.1689 359
0.169 360
0.1691 360
0.1692 360
0.1693 362
0.1694 356
0.1695 355
0.1696 354
0.1697 345
0.1698 343
0.1699 337
0.17 338
0.1701 333
0.1702 330
0.1703 332
0.1704 328
0.1705 320
0.1706 321
0.1707 321
0.1708 313
0.1709 317
0.171 318
0.1711 313
0.1712 317
0.1713 315
0.1714 315
0.1715 313
0.1716 313
0.1717 313
0.1718 311
0.1719 308
0.172 312
0.1721 316
0.1722 317
0.1723 318
0.1724 318
0.1725 314
0.1726 309
0.1727 310
0.1728 312
0.1729 311
0.173 305
0.1731 299
0.1732 296
0.1733 293
0.1734 284
0.1735 285
0.1736 277
0.1737 274
0.1738 266
0.1739 268
0.174 262
0.1741 254
0.1742 244
0.1743 238
0.1744 224
0.1745 227
0.1746 222
0.1747 210
0.1748 206
0.1749 197
0.175 188
0.1751 192
0.1752 189
0.1753 189
0.1754 187
0.1755 192
0.1756 193
0.1757 191
0.1758 195
0.1759 195
0.176 196
0.1761 202
0.1762 205
0.1763 205
0.1764 203
0.1765 208
0.1766 207
0.1767 208
0.1768 197
0.1769 199
0.177 193
0.1771 189
0.1772 186
0.1773 185
0.1774 188
0.1775 189
0.1776 189
0.1777 199
0.1778 196
0.1779 197
0.178 205
0.1781 214
0.1782 223
0.1783 213
0.1784 215
0.1785 217
0.1786 214
0.1787 216
0.1788 213
0.1789 216
0.179 217
0.1791 217
0.1792 219
0.1793 222
0.1794 223
0.1795 214
0.1796 217
0.1797 210
0.1798 204
0.1799 201
0.18 192
0.1801 184
0.1802 174
0.1803 160
0.1804 157
0.1805 148
0.1806 149
0.1807 144
0.1808 145
0.1809 137
0.181 139
0.1811 142
0.1812 134
0.1813 134
0.1814 140
0.1815 138
0.1816 137
0.1817 137
0.1818 140
0.1819 139
0.182 126
0.1821 109
0.1822 96
0.1823 87
0.1824 80
0.1825 82
0.1826 79
0.1827 76
0.1828 82
0.1829 73
0.183 77
0.1831 86
0.1832 98
0.1833 99
0.1834 107
0.1835 109
0.1836 105
0.1837 110
0.1838 106
0.1839 108
0.184 109
0.1841 111
0.1842 113
0.1843 118
0.1844 122
0.1845 124
0.1846 124
0.1847 124
0.1848 116
0.1849 107
0.185 98
0.1851 94
0.1852 90
0.1853 89
0.1854 96
0.1855 94
0.1856 96
0.1857 93
0.1858 94
0.1859 91
0.186 91
0.1861 91
0.1862 95
0.1863 98
0.1864 102
0.1865 106
0.1866 110
0.1867 114
0.1868 118
0.1869 120
0.187 115
0.1871 116
0.1872 114
0.1873 113
0.1874 114
0.1875 123
0.1876 119
0.1877 123
0.1878 122
0.1879 123
0.188 127
0.1881 125
0.1882 132
0.1883 134
0.1884 133
0.1885 138
0.1886 138
0.1887 134
0.1888 135
0.1889 137
0.189 141
0.1891 140
0.1892 141
0.1893 147
0.1894 156
0.1895 164
0.1896 167
0.1897 173
0.1898 180
0.1899 183
0.19 176
0.1901 162
0.1902 133
0.1903 105
0.1904 76
0.1905 64
0.1906 49
0.1907 38
0.1908 30
0.1909 18
0.191 18
0.1911 13
0.1912 12
0.1913 12
0.1914 12
0.1915 7
0.1916 7
0.1917 6
0.1918 4
0.1919 1
0.192 3
0.1921 2
0.1922 0
0.1923 4
0.1924 2
0.1925 1
0.1926 0
0.1927 1
0.1928 5
0.1929 2
0.193 1
0.1931 1
0.1932 1
0.1933 2
0.1934 1
0.1935 0
0.1936 0
0.1937 0
0.1938 1
0.1939 3
0.194 3
0.1941 3
0.1942 4
0.1943 2
0.1944 4
0.1945 1
0.1946 0
0.1947 1
0.1948 0
0.1949 0
0.195 1
0.1951 2
0.1952 3
0.1953 3
0.1954 1
0.1955 2
0.1956 1
0.1957 4
0.1958 0
0.1959 1
0.196 2
0.1961 0
0.1962 0
0.1963 0
0.1964 1
0.1965 0
0.1966 3
0.1967 2
0.1968 2
0.1969 2
0.197 1
0.1971 1
0.1972 2
0.1973 3
0.1974 1
0.1975 1
0.1976 0
0.1977 1
0.1978 3
0.1979 2
0.198 3
0.1981 1
0.1982 1
0.1983 1
0.1984 2
0.1985 2
0.1986 5
0.1987 1
0.1988 2
0.1989 0
0.199 2
0.1991 2
0.1992 0
0.1993 2
0.1994 2
0.1995 0
0.1996 3
0.1997 1
0.1998 2
0.1999 1
0.2 2
0.2001 2
0.2002 2
0.2003 1
0.2004 0
0.2005 0
0.2006 0
0.2007 0
0.2008 2
0.2009 0
0.201 0
0.2011 4
0.2012 0
0.2013 1
0.2014 2
0.2015 0
0.2016 0
0.2017 1
0.2018 0
0.2019 1
0.202 3
0.2021 2
0.2022 0
0.2023 1
0.2024 2
0.2025 2
0.2026 4
0.2027 5
0.2028 2
0.2029 1
0.203 3
0.2031 2
0.2032 0
0.2033 0
0.2034 2
0.2035 1
0.2036 2
0.2037 2
0.2038 1
0.2039 4
0.204 0
0.2041 3
0.2042 3
0.2043 4
0.2044 3
0.2045 4
0.2046 5
0.2047 5
0.2048 4
0.2049 5
0.205 3
0.2051 2
0.2052 4
0.2053 3
0.2054 5
0.2055 1
0.2056 3
0.2057 4
0.2058 2
0.2059 2
0.206 5
0.2061 3
0.2062 5
0.2063 4
0.2064 4
0.2065 2
0.2066 3
0.2067 7
0.2068 8
0.2069 9
0.207 1
0.2071 5
0.2072 3
0.2073 2
0.2074 5
0.2075 7
0.2076 5
0.2077 6
0.2078 3
0.2079 3
0.208 5
0.2081 2
0.2082 3
0.2083 3
0.2084 5
0.2085 3
0.2086 8
0.2087 5
0.2088 3
0.2089 8
0.209 5
0.2091 5
0.2092 7
0.2093 6
0.2094 12
0.2095 4
0.2096 7
0.2097 5
0.2098 5
0.2099 2
0.21 4
0.2101 5
0.2102 6
0.2103 11
0.2104 4
0.2105 7
0.2106 11
0.2107 5
0.2108 6
0.2109 7
0.211 8
0.2111 6
0.2112 16
0.2113 4
0.2114 7
0.2115 1
0.2116 6
0.2117 6
0.2118 11
0.2119 10
0.212 14
0.2121 10
0.2122 16
0.2123 16
0.2124 23
0.2125 25
0.2126 17
0.2127 21
0.2128 18
0.2129 21
0.213 37
0.2131 44
0.2132 46
0.2133 45
0.2134 60
0.2135 69
0.2136 85
0.2137 99
0.2138 125
0.2139 163
0.214 197
0.2141 229
0.2142 264
0.2143 292
0.2144 313
0.2145 328
0.2146 365
0.2147 396
0.2148 416
0.2149 458
0.215 490
0.2151 511
0.2152 534
0.2153 557
0.2154 591
0.2155 614
0.2156 641
0.2157 660
0.2158 683
0.2159 714
0.216 737
0.2161 751
0.2162 764
0.2163 775
0.2164 785
0.2165 795
0.2166 815
0.2167 825
0.2168 830
0.2169 836
0.217 849
0.2171 877
0.2172 890
0.2173 905
0.2174 936
0.2175 958
0.2176 967
0.2177 982
0.2178 998
0.2179 1012
0.218 1011
0.2181 1029
0.2182 1031
0.2183 1032
0.2184 1036
0.2185 1049
0.2186 1053
0.2187 1055
0.2188 1058
0.2189 1072
0.219 1073
0.2191 1076
0.2192 1081
0.2193 1088
0.2194 1098
0.2195 1102
0.2196 1088
0.2197 1103
0.2198 1101
0.2199 1103
0.22 1108
0.2201 1111
0.2202 1112
0.2203 1108
0.2204 1109
0.2205 1102
0.2206 1105
0.2207 1107
0.2208 1116
0.2209 1113
0.221 1120
0.2211 1119
0.2212 1123
0.2213 1126
0.2214 1124
0.2215 1128
0.2216 1121
0.2217 1115
0.2218 1117
0.2219 1114
0.222 1111
0.2221 1107
0.2222 1107
0.2223 1108
0.2224 1108
0.2225 1107
0.2226 1110
0.2227 1116
0.2228 1117
0.2229 1113
0.223 1112
0.2231 1113
0.2232 1114
0.2233 1117
0.2234 1112
0.2235 1108
0.2236 1113
0.2237 1110
0.2238 1104
0.2239 1106
0.224 1101
0.2241 1097
0.2242 1090
0.2243 1091
0.2244 1098
0.2245 1090
0.2246 1087
0.2247 1101
0.2248 1098
0.2249 1100
0.225 1098
0.2251 1090
0.2252 1090
0.2253 1081
0.2254 1082
0.2255 1082
0.2256 1078
0.2257 1075
0.2258 1085
0.2259 1087
0.226 1087
0.2261 1081
0.2262 1076
0.2263 1077
0.2264 1075
0.2265 1070
0.2266 1067
0.2267 1067
0.2268 1061
0.2269 1054
0.227 1053
0.2271 1044
0.2272 1048
0.2273 1047
0.2274 1046
0.2275 1040
0.2276 1033
0.2277 1020
0.2278 1016
0.2279 1006
0.228 990
0.2281 987
0.2282 989
0.2283 975
0.2284 968
0.2285 947
0.2286 940
0.2287 934
0.2288 935
0.2289 932
0.229 914
0.2291 903
0.2292 898
0.2293 902
0.2294 892
0.2295 891
0.2296 884
0.2297 882
0.2298 866
0.2299 854
0.23 852
0.2301 843
0.2302 831
0.2303 836
0.2304 822
0.2305 815
0.2306 811
0.2307 803
0.2308 799
0.2309 790
0.231 783
0.2311 787
0.2312 785
0.2313 780
0.2314 777
0.2315 773
0.2316 773
0.2317 773
0.2318 773
0.2319 778
0.232 783
0.2321 788
0.2322 787
0.2323 792
0.2324 781
0.2325 781
0.2326 776
0.2327 781
0.2328 776
0.2329 781
0.233 788
0.2331 783
0.2332 786
0.2333 778
0.2334 774
0.2335 776
0.2336 772
0.2337 775
0.2338 767
0.2339 750
0.234 755
0.2341 755
0.2342 754
0.2343 747
0.2344 749
0.2345 746
0.2346 749
0.2347 743
0.2348 748
0.2349 751
0.235 756
0.2351 754
0.2352 751
0.2353 746
0.2354 738
0.2355 737
0.2356 732
0.2357 732
0.2358 729
0.2359 727
0.236 729
0.2361 729
0.2362 724
0.2363 720
0.2364 722
0.2365 721
0.2366 723
0.2367 724
0.2368 720
0.2369 718
0.237 715
0.2371 710
0.2372 706
0.2373 702
0.2374 705
0.2375 697
0.2376 683
0.2377 672
0.2378 658
0.2379 657
0.238 647
0.2381 646
0.2382 640
0.2383 632
0.2384 628
0.2385 626
0.2386 626
0.2387 627
0.2388 630
0.2389 628
0.239 627
0.2391 626
0.2392 625
0.2393 620
0.2394 617
0.2395 608
0.2396 595
0.2397 590
0.2398 583
0.2399 576
0.24 570
0.2401 562
0.2402 559
0.2403 551
0.2404 545
0.2405 549
0.2406 549
0.2407 549
0.2408 542
0.2409 542
0.241 537
0.2411 535
0.2412 536
0.2413 537
0.2414 537
0.2415 538
0.2416 537
0.2417 533
0.2418 537
0.2419 531
0.242 531
0.2421 523
0.2422 499
0.2423 485
0.2424 478
0.2425 462
0.2426 444
0.2427 430
0.2428 423
0.2429 416
0.243 418
0.2431 411
0.2432 415
0.2433 400
0.2434 395
0.2435 396
0.2436 391
0.2437 391
0.2438 393
0.2439 394
0.244 396
0.2441 399
0.2442 403
0.2443 414
0.2444 416
0.2445 412
0.2446 415
0.2447 420
0.2448 418
0.2449 407
0.245 400
0.2451 387
0.2452 387
0.2453 380
0.2454 374
0.2455 373
0.2456 378
0.2457 372
0.2458 374
0.2459 370
0.246 372
0.2461 371
0.2462 367
0.2463 372
0.2464 375
0.2465 382
0.2466 384
0.2467 381
0.2468 382
0.2469 384
0.247 380
0.2471 383
0.2472 383
0.2473 381
0.2474 380
0.2475 375
0.2476 381
0.2477 379
0.2478 376
0.2479 379
0.248 370
0.2481 363
0.2482 358
0.2483 355
0.2484 353
0.2485 352
0.2486 350
0.2487 355
0.2488 350
0.2489 349
0.249 358
0.2491 361
0.2492 362
0.2493 367
0.2494 360
0.2495 368
0.2496 368
0.2497 371
0.2498 372
0.2499 370
0.25 378
