0 910
0.0001 680
0.0002 554
0.0003 490
0.0004 437
0.0005 410
0.0006 402
0.0007 376
0.0008 370
0.0009 348
0.001 321
0.0011 316
0.0012 321
0.0013 307
0.0014 296
0.0015 302
0.0016 298
0.0017 276
0.0018 282
0.0019 284
0.002 287
0.0021 297
0.0022 309
0.0023 306
0.0024 312
0.0025 307
0.0026 294
0.0027 290
0.0028 290
0.0029 284
0.003 272
0.0031 272
0.0032 274
0.0033 276
0.0034 254
0.0035 264
0.0036 260
0.0037 273
0.0038 270
0.0039 269
0.004 263
0.0041 278
0.0042 272
0.0043 264
0.0044 258
0.0045 239
0.0046 238
0.0047 230
0.0048 243
0.0049 227
0.005 229
0.0051 242
0.0052 258
0.0053 249
0.0054 241
0.0055 225
0.0056 211
0.0057 232
0.0058 243
0.0059 239
0.006 236
0.0061 244
0.0062 234
0.0063 235
0.0064 228
0.0065 219
0.0066 223
0.0067 233
0.0068 245
0.0069 225
0.007 220
0.0071 238
0.0072 234
0.0073 215
0.0074 227
0.0075 221
0.0076 212
0.0077 213
0.0078 214
0.0079 223
0.008 225
0.0081 218
0.0082 227
0.0083 218
0.0084 220
0.0085 213
0.0086 209
0.0087 223
0.0088 230
0.0089 221
0.009 217
0.0091 206
0.0092 213
0.0093 201
0.0094 222
0.0095 215
0.0096 194
0.0097 211
0.0098 199
0.0099 211
0.01 217
0.0101 223
0.0102 203
0.0103 194
0.0104 198
0.0105 201
0.0106 202
0.0107 195
0.0108 189
0.0109 180
0.011 182
0.0111 166
0.0112 170
0.0113 182
0.0114 173
0.0115 180
0.0116 187
0.0117 187
0.0118 186
0.0119 210
0.012 197
0.0121 193
0.0122 197
0.0123 192
0.0124 182
0.0125 176
0.0126 178
0.0127 180
0.0128 184
0.0129 164
0.013 159
0.0131 170
0.0132 162
0.0133 171
0.0134 183
0.0135 158
0.0136 176
0.0137 181
0.0138 177
0.0139 175
0.014 176
0.0141 182
0.0142 177
0.0143 186
0.0144 183
0.0145 169
0.0146 148
0.0147 163
0.0148 154
0.0149 159
0.015 164
0.0151 149
0.0152 147
0.0153 161
0.0154 158
0.0155 149
0.0156 157
0.0157 151
0.0158 155
0.0159 149
0.016 162
0.0161 160
0.0162 161
0.0163 155
0.0164 159
0.0165 164
0.0166 164
0.0167 156
0.0168 165
0.0169 165
0.017 171
0.0171 165
0.0172 164
0.0173 169
0.0174 158
0.0175 172
0.0176 163
0.0177 166
0.0178 153
0.0179 159
0.018 162
0.0181 155
0.0182 155
0.0183 154
0.0184 148
0.0185 155
0.0186 172
0.0187 168
0.0188 166
0.0189 168
0.019 150
0.0191 147
0.0192 144
0.0193 131
0.0194 138
0.0195 154
0.0196 149
0.0197 141
0.0198 138
0.0199 137
0.02 143
0.0201 142
0.0202 140
0.0203 138
0.0204 151
0.0205 147
0.0206 143
0.0207 144
0.0208 144
0.0209 136
0.021 145
0.0211 155
0.0212 136
0.0213 138
0.0214 134
0.0215 129
0.0216 135
0.0217 134
0.0218 131
0.0219 144
0.022 149
0.0221 143
0.0222 140
0.0223 132
0.0224 134
0.0225 125
0.0226 116
0.0227 122
0.0228 124
0.0229 119
0.023 109
0.0231 107
0.0232 108
0.0233 117
0.0234 122
0.0235 108
0.0236 111
0.0237 101
0.0238 108
0.0239 107
0.024 114
0.0241 120
0.0242 116
0.0243 114
0.0244 122
0.0245 132
0.0246 134
0.0247 126
0.0248 114
0.0249 115
0.025 107
0.0251 96
0.0252 109
0.0253 113
0.0254 109
0.0255 109
0.0256 113
0.0257 103
0.0258 107
0.0259 106
0.026 110
0.0261 110
0.0262 115
0.0263 119
0.0264 118
0.0265 121
0.0266 131
0.0267 133
0.0268 119
0.0269 119
0.027 112
0.0271 101
0.0272 119
0.0273 117
0.0274 125
0.0275 124
0.0276 132
0.0277 120
0.0278 113
0.0279 127
0.028 125
0.0281 128
0.0282 124
0.0283 126
0.0284 119
0.0285 117
0.0286 123
0.0287 123
0.0288 120
0.0289 110
0.029 104
0.0291 122
0.0292 124
0.0293 114
0.0294 124
0.0295 112
0.0296 113
0.0297 105
0.0298 117
0.0299 112
0.03 118
0.0301 113
0.0302 112
0.0303 111
0.0304 95
0.0305 99
0.0306 105
0.0307 96
0.0308 107
0.0309 103
0.031 107
0.0311 109
0.0312 103
0.0313 106
0.0314 106
0.0315 100
0.0316 106
0.0317 110
0.0318 111
0.0319 102
0.032 104
0.0321 103
0.0322 100
0.0323 102
0.0324 109
0.0325 115
0.0326 102
0.0327 108
0.0328 96
0.0329 101
0.033 112
0.0331 109
0.0332 110
0.0333 115
0.0334 103
0.0335 105
0.0336 96
0.0337 94
0.0338 91
0.0339 86
0.034 88
0.0341 80
0.0342 89
0.0343 95
0.0344 106
0.0345 109
0.0346 100
0.0347 98
0.0348 79
0.0349 81
0.035 91
0.0351 96
0.0352 99
0.0353 97
0.0354 91
0.0355 78
0.0356 73
0.0357 73
0.0358 75
0.0359 87
0.036 84
0.0361 78
0.0362 94
0.0363 94
0.0364 94
0.0365 76
0.0366 78
0.0367 86
0.0368 95
0.0369 98
0.037 91
0.0371 92
0.0372 76
0.0373 85
0.0374 84
0.0375 94
0.0376 82
0.0377 83
0.0378 81
0.0379 91
0.038 80
0.0381 83
0.0382 87
0.0383 99
0.0384 96
0.0385 95
0.0386 90
0.0387 91
0.0388 93
0.0389 87
0.039 90
0.0391 85
0.0392 88
0.0393 83
0.0394 86
0.0395 87
0.0396 88
0.0397 81
0.0398 79
0.0399 78
0.04 79
0.0401 78
0.0402 80
0.0403 84
0.0404 81
0.0405 93
0.0406 90
0.0407 89
0.0408 80
0.0409 75
0.041 76
0.0411 85
0.0412 82
0.0413 87
0.0414 81
0.0415 74
0.0416 89
0.0417 90
0.0418 90
0.0419 91
0.042 95
0.0421 87
0.0422 88
0.0423 84
0.0424 74
0.0425 76
0.0426 83
0.0427 86
0.0428 82
0.0429 75
0.043 79
0.0431 94
0.0432 91
0.0433 81
0.0434 73
0.0435 78
0.0436 82
0.0437 77
0.0438 82
0.0439 79
0.044 80
0.0441 86
0.0442 78
0.0443 74
0.0444 69
0.0445 84
0.0446 77
0.0447 80
0.0448 73
0.0449 71
0.045 78
0.0451 69
0.0452 62
0.0453 69
0.0454 74
0.0455 76
0.0456 81
0.0457 76
0.0458 72
0.0459 79
0.046 96
0.0461 89
0.0462 93
0.0463 81
0.0464 83
0.0465 83
0.0466 92
0.0467 91
0.0468 82
0.0469 82
0.047 80
0.0471 77
0.0472 76
0.0473 73
0.0474 74
0.0475 82
0.0476 86
0.0477 83
0.0478 86
0.0479 78
0.048 84
0.0481 80
0.0482 75
0.0483 83
0.0484 88
0.0485 78
0.0486 78
0.0487 80
0.0488 74
0.0489 74
0.049 68
0.0491 73
0.0492 61
0.0493 61
0.0494 61
0.0495 63
0.0496 66
0.0497 70
0.0498 73
0.0499 78
0.05 79
0.0501 72
0.0502 80
0.0503 81
0.0504 82
0.0505 75
0.0506 65
0.0507 72
0.0508 77
0.0509 76
0.051 74
0.0511 72
0.0512 72
0.0513 84
0.0514 84
0.0515 70
0.0516 70
0.0517 74
0.0518 67
0.0519 67
0.052 69
0.0521 78
0.0522 67
0.0523 70
0.0524 72
0.0525 69
0.0526 73
0.0527 74
0.0528 62
0.0529 68
0.053 67
0.0531 72
0.0532 67
0.0533 70
0.0534 69
0.0535 60
0.0536 62
0.0537 58
0.0538 59
0.0539 68
0.054 74
0.0541 55
0.0542 59
0.0543 58
0.0544 65
0.0545 55
0.0546 65
0.0547 65
0.0548 66
0.0549 66
0.055 66
0.0551 71
0.0552 74
0.0553 74
0.0554 79
0.0555 68
0.0556 63
0.0557 46
0.0558 56
0.0559 56
0.056 69
0.0561 57
0.0562 61
0.0563 59
0.0564 64
0.0565 71
0.0566 74
0.0567 67
0.0568 58
0.0569 63
0.057 60
0.0571 62
0.0572 55
0.0573 53
0.0574 61
0.0575 63
0.0576 57
0.0577 62
0.0578 60
0.0579 64
0.058 66
0.0581 61
0.0582 67
0.0583 61
0.0584 57
0.0585 55
0.0586 56
0.0587 52
0.0588 50
0.0589 59
0.059 57
0.0591 56
0.0592 64
0.0593 68
0.0594 57
0.0595 64
0.0596 60
0.0597 58
0.0598 60
0.0599 55
0.06 62
0.0601 55
0.0602 58
0.0603 69
0.0604 71
0.0605 67
0.0606 55
0.0607 62
0.0608 56
0.0609 66
0.061 58
0.0611 52
0.0612 51
0.0613 47
0.0614 52
0.0615 48
0.0616 47
0.0617 61
0.0618 60
0.0619 68
0.062 55
0.0621 54
0.0622 53
0.0623 57
0.0624 51
0.0625 54
0.0626 57
0.0627 59
0.0628 67
0.0629 65
0.063 62
0.0631 61
0.0632 58
0.0633 64
0.0634 68
0.0635 69
0.0636 59
0.0637 64
0.0638 69
0.0639 58
0.064 55
0.0641 57
0.0642 52
0.0643 58
0.0644 62
0.0645 63
0.0646 62
0.0647 57
0.0648 58
0.0649 58
0.065 47
0.0651 54
0.0652 60
0.0653 55
0.0654 55
0.0655 54
0.0656 57
0.0657 48
0.0658 55
0.0659 59
0.066 67
0.0661 59
0.0662 58
0.0663 62
0.0664 61
0.0665 65
0.0666 57
0.0667 67
0.0668 73
0.0669 69
0.067 62
0.0671 63
0.0672 57
0.0673 66
0.0674 67
0.0675 67
0.0676 66
0.0677 68
0.0678 58
0.0679 60
0.068 51
0.0681 55
0.0682 58
0.0683 60
0.0684 61
0.0685 59
0.0686 52
0.0687 48
0.0688 49
0.0689 49
0.069 54
0.0691 61
0.0692 65
0.0693 60
0.0694 54
0.0695 50
0.0696 54
0.0697 53
0.0698 51
0.0699 51
0.07 52
0.0701 47
0.0702 52
0.0703 60
0.0704 62
0.0705 57
0.0706 61
0.0707 55
0.0708 52
0.0709 47
0.071 57
0.0711 60
0.0712 58
0.0713 52
0.0714 51
0.0715 44
0.0716 48
0.0717 53
0.0718 55
0.0719 51
0.072 52
0.0721 50
0.0722 46
0.0723 51
0.0724 49
0.0725 52
0.0726 49
0.0727 49
0.0728 51
0.0729 48
0.073 52
0.0731 56
0.0732 53
0.0733 63
0.0734 61
0.0735 56
0.0736 63
0.0737 63
0.0738 65
0.0739 56
0.074 54
0.0741 60
0.0742 55
0.0743 47
0.0744 59
0.0745 62
0.0746 62
0.0747 55
0.0748 54
0.0749 59
0.075 59
0.0751 55
0.0752 48
0.0753 52
0.0754 62
0.0755 59
0.0756 60
0.0757 62
0.0758 67
0.0759 69
0.076 53
0.0761 53
0.0762 56
0.0763 50
0.0764 49
0.0765 49
0.0766 49
0.0767 44
0.0768 45
0.0769 42
0.077 38
0.0771 45
0.0772 44
0.0773 55
0.0774 51
0.0775 52
0.0776 54
0.0777 59
0.0778 47
0.0779 48
0.078 51
0.0781 54
0.0782 58
0.0783 57
0.0784 58
0.0785 58
0.0786 54
0.0787 54
0.0788 61
0.0789 53
0.079 58
0.0791 60
0.0792 56
0.0793 62
0.0794 62
0.0795 68
0.0796 65
0.0797 59
0.0798 59
0.0799 60
0.08 60
0.0801 60
0.0802 59
0.0803 48
0.0804 53
0.0805 57
0.0806 49
0.0807 59
0.0808 55
0.0809 58
0.081 50
0.0811 56
0.0812 67
0.0813 62
0.0814 76
0.0815 64
0.0816 67
0.0817 54
0.0818 63
0.0819 61
0.082 63
0.0821 66
0.0822 61
0.0823 59
0.0824 61
0.0825 65
0.0826 62
0.0827 73
0.0828 67
0.0829 62
0.083 57
0.0831 59
0.0832 50
0.0833 47
0.0834 53
0.0835 55
0.0836 55
0.0837 63
0.0838 55
0.0839 53
0.084 59
0.0841 61
0.0842 60
0.0843 60
0.0844 67
0.0845 63
0.0846 56
0.0847 53
0.0848 49
0.0849 57
0.085 51
0.0851 43
0.0852 45
0.0853 53
0.0854 48
0.0855 56
0.0856 56
0.0857 58
0.0858 54
0.0859 62
0.086 55
0.0861 61
0.0862 53
0.0863 54
0.0864 56
0.0865 62
0.0866 54
0.0867 54
0.0868 58
0.0869 59
0.087 49
0.0871 53
0.0872 59
0.0873 56
0.0874 53
0.0875 55
0.0876 51
0.0877 53
0.0878 51
0.0879 53
0.088 56
0.0881 51
0.0882 48
0.0883 55
0.0884 57
0.0885 55
0.0886 52
0.0887 54
0.0888 60
0.0889 54
0.089 51
0.0891 43
0.0892 54
0.0893 49
0.0894 50
0.0895 53
0.0896 50
0.0897 48
0.0898 46
0.0899 52
0.09 50
0.0901 43
0.0902 40
0.0903 39
0.0904 40
0.0905 40
0.0906 45
0.0907 34
0.0908 38
0.0909 56
0.091 49
0.0911 46
0.0912 44
0.0913 45
0.0914 49
0.0915 46
0.0916 47
0.0917 49
0.0918 47
0.0919 44
0.092 47
0.0921 50
0.0922 49
0.0923 37
0.0924 40
0.0925 51
0.0926 55
0.0927 53
0.0928 58
0.0929 60
0.093 58
0.0931 54
0.0932 47
0.0933 46
0.0934 53
0.0935 51
0.0936 50
0.0937 48
0.0938 48
0.0939 46
0.094 46
0.0941 40
0.0942 41
0.0943 49
0.0944 48
0.0945 44
0.0946 44
0.0947 46
0.0948 49
0.0949 44
0.095 49
0.0951 51
0.0952 55
0.0953 46
0.0954 52
0.0955 52
0.0956 50
0.0957 40
0.0958 45
0.0959 40
0.096 44
0.0961 45
0.0962 42
0.0963 42
0.0964 46
0.0965 53
0.0966 47
0.0967 44
0.0968 54
0.0969 51
0.097 50
0.0971 59
0.0972 61
0.0973 63
0.0974 57
0.0975 63
0.0976 61
0.0977 59
0.0978 57
0.0979 59
0.098 51
0.0981 50
0.0982 45
0.0983 47
0.0984 58
0.0985 52
0.0986 55
0.0987 50
0.0988 51
0.0989 51
0.099 41
0.0991 37
0.0992 34
0.0993 38
0.0994 43
0.0995 48
0.0996 48
0.0997 53
0.0998 50
0.0999 56
0.1 58
