0 0
0.0001 0
0.0002 0
0.0003 0
0.0004 0
0.0005 0
0.0006 0
0.0007 0
0.0008 0
0.0009 0
0.001 0
0.0011 0
0.0012 0
0.0013 0
0.0014 0
0.0015 0
0.0016 0
0.0017 0
0.0018 0
0.0019 0
0.002 0
0.0021 0
0.0022 0
0.0023 0
0.0024 0
0.0025 0
0.0026 0
0.0027 1
0.0028 1
0.0029 1
0.003 1
0.0031 1
0.0032 1
0.0033 2
0.0034 2
0.0035 2
0.0036 2
0.0037 3
0.0038 3
0.0039 3
0.004 2
0.0041 2
0.0042 2
0.0043 2
0.0044 2
0.0045 2
0.0046 2
0.0047 2
0.0048 1
0.0049 1
0.005 1
0.0051 1
0.0052 1
0.0053 1
0.0054 1
0.0055 1
0.0056 1
0.0057 1
0.0058 1
0.0059 1
0.006 1
0.0061 1
0.0062 1
0.0063 1
0.0064 1
0.0065 1
0.0066 1
0.0067 1
0.0068 1
0.0069 1
0.007 1
0.0071 1
0.0072 1
0.0073 1
0.0074 0
0.0075 0
0.0076 0
0.0077 0
0.0078 0
0.0079 0
0.008 0
0.0081 0
0.0082 0
0.0083 0
0.0084 0
0.0085 0
0.0086 0
0.0087 0
0.0088 1
0.0089 1
0.009 1
0.0091 2
0.0092 2
0.0093 2
0.0094 2
0.0095 2
0.0096 2
0.0097 2
0.0098 2
0.0099 1
0.01 1
0.0101 0
0.0102 0
0.0103 0
0.0104 0
0.0105 2
0.0106 2
0.0107 3
0.0108 3
0.0109 3
0.011 3
0.0111 3
0.0112 3
0.0113 3
0.0114 3
0.0115 4
0.0116 3
0.0117 3
0.0118 3
0.0119 3
0.012 3
0.0121 3
0.0122 3
0.0123 3
0.0124 3
0.0125 2
0.0126 2
0.0127 2
0.0128 3
0.0129 3
0.013 3
0.0131 3
0.0132 3
0.0133 3
0.0134 3
0.0135 3
0.0136 3
0.0137 3
0.0138 4
0.0139 4
0.014 4
0.0141 3
0.0142 3
0.0143 4
0.0144 5
0.0145 4
0.0146 4
0.0147 4
0.0148 4
0.0149 4
0.015 4
0.0151 4
0.0152 4
0.0153 5
0.0154 5
0.0155 6
0.0156 6
0.0157 6
0.0158 5
0.0159 5
0.016 5
0.0161 5
0.0162 5
0.0163 5
0.0164 5
0.0165 5
0.0166 6
0.0167 6
0.0168 6
0.0169 6
0.017 7
0.0171 7
0.0172 7
0.0173 6
0.0174 7
0.0175 7
0.0176 7
0.0177 7
0.0178 7
0.0179 9
0.018 9
0.0181 7
0.0182 7
0.0183 7
0.0184 8
0.0185 8
0.0186 8
0.0187 8
0.0188 7
0.0189 7
0.019 8
0.0191 9
0.0192 9
0.0193 10
0.0194 10
0.0195 11
0.0196 11
0.0197 11
0.0198 12
0.0199 12
0.02 13
0.0201 13
0.0202 13
0.0203 13
0.0204 13
0.0205 13
0.0206 14
0.0207 15
0.0208 16
0.0209 16
0.021 16
0.0211 16
0.0212 16
0.0213 15
0.0214 15
0.0215 15
0.0216 15
0.0217 15
0.0218 15
0.0219 15
0.022 15
0.0221 16
0.0222 17
0.0223 17
0.0224 17
0.0225 16
0.0226 17
0.0227 16
0.0228 14
0.0229 13
0.023 13
0.0231 12
0.0232 10
0.0233 10
0.0234 11
0.0235 10
0.0236 12
0.0237 12
0.0238 12
0.0239 12
0.024 12
0.0241 12
0.0242 13
0.0243 14
0.0244 14
0.0245 13
0.0246 12
0.0247 12
0.0248 12
0.0249 13
0.025 13
0.0251 13
0.0252 13
0.0253 13
0.0254 14
0.0255 16
0.0256 16
0.0257 16
0.0258 15
0.0259 15
0.026 16
0.0261 16
0.0262 16
0.0263 16
0.0264 18
0.0265 19
0.0266 19
0.0267 19
0.0268 19
0.0269 19
0.027 19
0.0271 20
0.0272 20
0.0273 20
0.0274 20
0.0275 20
0.0276 21
0.0277 20
0.0278 19
0.0279 19
0.028 20
0.0281 20
0.0282 20
0.0283 19
0.0284 20
0.0285 20
0.0286 20
0.0287 20
0.0288 20
0.0289 20
0.029 20
0.0291 21
0.0292 22
0.0293 21
0.0294 21
0.0295 21
0.0296 21
0.0297 19
0.0298 20
0.0299 20
0.03 20
0.0301 22
0.0302 22
0.0303 22
0.0304 22
0.0305 22
0.0306 22
0.0307 22
0.0308 22
0.0309 23
0.031 24
0.0311 24
0.0312 24
0.0313 23
0.0314 23
0.0315 23
0.0316 21
0.0317 22
0.0318 23
0.0319 23
0.032 25
0.0321 26
0.0322 25
0.0323 24
0.0324 25
0.0325 25
0.0326 25
0.0327 25
0.0328 25
0.0329 25
0.033 25
0.0331 25
0.0332 25
0.0333 25
0.0334 25
0.0335 27
0.0336 27
0.0337 27
0.0338 26
0.0339 26
0.034 25
0.0341 26
0.0342 26
0.0343 26
0.0344 26
0.0345 25
0.0346 25
0.0347 25
0.0348 26
0.0349 26
0.035 26
0.0351 26
0.0352 25
0.0353 25
0.0354 25
0.0355 25
0.0356 25
0.0357 25
0.0358 24
0.0359 24
0.036 24
0.0361 23
0.0362 24
0.0363 24
0.0364 23
0.0365 23
0.0366 21
0.0367 21
0.0368 20
0.0369 19
0.037 19
0.0371 20
0.0372 20
0.0373 20
0.0374 20
0.0375 21
0.0376 21
0.0377 22
0.0378 22
0.0379 23
0.038 22
0.0381 21
0.0382 21
0.0383 21
0.0384 20
0.0385 20
0.0386 21
0.0387 20
0.0388 21
0.0389 21
0.039 21
0.0391 21
0.0392 22
0.0393 22
0.0394 21
0.0395 20
0.0396 20
0.0397 21
0.0398 21
0.0399 21
0.04 21
0.0401 20
0.0402 20
0.0403 20
0.0404 20
0.0405 19
0.0406 19
0.0407 19
0.0408 18
0.0409 18
0.041 18
0.0411 18
0.0412 18
0.0413 18
0.0414 17
0.0415 17
0.0416 15
0.0417 15
0.0418 15
0.0419 15
0.042 15
0.0421 16
0.0422 16
0.0423 16
0.0424 17
0.0425 17
0.0426 18
0.0427 17
0.0428 17
0.0429 16
0.043 16
0.0431 16
0.0432 16
0.0433 16
0.0434 15
0.0435 15
0.0436 15
0.0437 15
0.0438 15
0.0439 15
0.044 16
0.0441 16
0.0442 16
0.0443 17
0.0444 17
0.0445 17
0.0446 16
0.0447 15
0.0448 15
0.0449 16
0.045 16
0.0451 15
0.0452 16
0.0453 16
0.0454 17
0.0455 19
0.0456 19
0.0457 20
0.0458 19
0.0459 22
0.046 21
0.0461 21
0.0462 21
0.0463 19
0.0464 19
0.0465 21
0.0466 23
0.0467 23
0.0468 22
0.0469 23
0.047 23
0.0471 23
0.0472 23
0.0473 24
0.0474 24
0.0475 24
0.0476 24
0.0477 24
0.0478 23
0.0479 23
0.048 24
0.0481 24
0.0482 24
0.0483 26
0.0484 26
0.0485 26
0.0486 26
0.0487 26
0.0488 26
0.0489 25
0.049 25
0.0491 25
0.0492 25
0.0493 25
0.0494 25
0.0495 25
0.0496 25
0.0497 25
0.0498 25
0.0499 23
0.05 23
0.0501 23
0.0502 24
0.0503 25
0.0504 24
0.0505 22
0.0506 21
0.0507 22
0.0508 22
0.0509 23
0.051 22
0.0511 22
0.0512 22
0.0513 22
0.0514 21
0.0515 21
0.0516 25
0.0517 26
0.0518 26
0.0519 26
0.052 24
0.0521 23
0.0522 24
0.0523 24
0.0524 24
0.0525 24
0.0526 24
0.0527 24
0.0528 23
0.0529 21
0.053 21
0.0531 21
0.0532 21
0.0533 21
0.0534 21
0.0535 21
0.0536 21
0.0537 20
0.0538 20
0.0539 20
0.054 21
0.0541 21
0.0542 21
0.0543 21
0.0544 21
0.0545 22
0.0546 22
0.0547 22
0.0548 22
0.0549 23
0.055 24
0.0551 24
0.0552 26
0.0553 25
0.0554 25
0.0555 25
0.0556 24
0.0557 24
0.0558 23
0.0559 22
0.056 21
0.0561 21
0.0562 22
0.0563 23
0.0564 24
0.0565 24
0.0566 25
0.0567 25
0.0568 25
0.0569 25
0.057 23
0.0571 24
0.0572 24
0.0573 24
0.0574 25
0.0575 26
0.0576 26
0.0577 26
0.0578 26
0.0579 25
0.058 24
0.0581 25
0.0582 25
0.0583 25
0.0584 24
0.0585 24
0.0586 24
0.0587 25
0.0588 25
0.0589 25
0.059 26
0.0591 26
0.0592 26
0.0593 26
0.0594 25
0.0595 25
0.0596 25
0.0597 24
0.0598 24
0.0599 23
0.06 23
0.0601 23
0.0602 23
0.0603 23
0.0604 24
0.0605 24
0.0606 24
0.0607 24
0.0608 24
0.0609 23
0.061 23
0.0611 22
0.0612 22
0.0613 22
0.0614 21
0.0615 20
0.0616 20
0.0617 20
0.0618 21
0.0619 21
0.062 21
0.0621 22
0.0622 22
0.0623 20
0.0624 20
0.0625 20
0.0626 20
0.0627 20
0.0628 20
0.0629 20
0.063 19
0.0631 19
0.0632 19
0.0633 19
0.0634 19
0.0635 19
0.0636 20
0.0637 20
0.0638 19
0.0639 18
0.064 18
0.0641 17
0.0642 18
0.0643 18
0.0644 17
0.0645 17
0.0646 18
0.0647 18
0.0648 18
0.0649 18
0.065 18
0.0651 18
0.0652 18
0.0653 19
0.0654 19
0.0655 19
0.0656 20
0.0657 20
0.0658 21
0.0659 21
0.066 22
0.0661 23
0.0662 22
0.0663 22
0.0664 22
0.0665 22
0.0666 22
0.0667 22
0.0668 22
0.0669 22
0.067 22
0.0671 22
0.0672 22
0.0673 23
0.0674 23
0.0675 23
0.0676 23
0.0677 23
0.0678 23
0.0679 23
0.068 23
0.0681 23
0.0682 24
0.0683 24
0.0684 24
0.0685 24
0.0686 24
0.0687 24
0.0688 23
0.0689 23
0.069 22
0.0691 22
0.0692 22
0.0693 24
0.0694 25
0.0695 25
0.0696 25
0.0697 27
0.0698 25
0.0699 25
0.07 25
0.0701 25
0.0702 25
0.0703 25
0.0704 26
0.0705 27
0.0706 29
0.0707 28
0.0708 29
0.0709 29
0.071 29
0.0711 28
0.0712 29
0.0713 29
0.0714 29
0.0715 29
0.0716 30
0.0717 30
0.0718 30
0.0719 30
0.072 29
0.0721 28
0.0722 28
0.0723 29
0.0724 28
0.0725 27
0.0726 27
0.0727 27
0.0728 27
0.0729 26
0.073 26
0.0731 26
0.0732 25
0.0733 25
0.0734 26
0.0735 26
0.0736 26
0.0737 26
0.0738 25
0.0739 24
0.074 24
0.0741 24
0.0742 25
0.0743 25
0.0744 27
0.0745 27
0.0746 27
0.0747 26
0.0748 27
0.0749 28
0.075 28
0.0751 28
0.0752 28
0.0753 28
0.0754 29
0.0755 29
0.0756 29
0.0757 29
0.0758 29
0.0759 30
0.076 30
0.0761 30
0.0762 30
0.0763 30
0.0764 30
0.0765 31
0.0766 31
0.0767 31
0.0768 32
0.0769 32
0.077 32
0.0771 30
0.0772 30
0.0773 32
0.0774 32
0.0775 32
0.0776 31
0.0777 31
0.0778 31
0.0779 31
0.078 29
0.0781 29
0.0782 30
0.0783 29
0.0784 30
0.0785 30
0.0786 31
0.0787 31
0.0788 31
0.0789 31
0.079 31
0.0791 30
0.0792 31
0.0793 33
0.0794 33
0.0795 33
0.0796 32
0.0797 32
0.0798 32
0.0799 32
0.08 33
0.0801 33
0.0802 33
0.0803 35
0.0804 35
0.0805 35
0.0806 35
0.0807 36
0.0808 37
0.0809 38
0.081 39
0.0811 39
0.0812 39
0.0813 39
0.0814 37
0.0815 36
0.0816 36
0.0817 35
0.0818 35
0.0819 35
0.082 37
0.0821 37
0.0822 38
0.0823 38
0.0824 37
0.0825 37
0.0826 37
0.0827 37
0.0828 37
0.0829 37
0.083 37
0.0831 36
0.0832 36
0.0833 36
0.0834 35
0.0835 35
0.0836 34
0.0837 34
0.0838 34
0.0839 34
0.084 35
0.0841 36
0.0842 37
0.0843 39
0.0844 36
0.0845 36
0.0846 36
0.0847 37
0.0848 37
0.0849 37
0.085 37
0.0851 37
0.0852 36
0.0853 35
0.0854 35
0.0855 34
0.0856 34
0.0857 33
0.0858 33
0.0859 33
0.086 32
0.0861 31
0.0862 31
0.0863 30
0.0864 29
0.0865 29
0.0866 29
0.0867 28
0.0868 29
0.0869 29
0.087 29
0.0871 31
0.0872 31
0.0873 31
0.0874 31
0.0875 30
0.0876 29
0.0877 28
0.0878 30
0.0879 30
0.088 31
0.0881 32
0.0882 30
0.0883 30
0.0884 30
0.0885 30
0.0886 30
0.0887 30
0.0888 29
0.0889 29
0.089 29
0.0891 29
0.0892 29
0.0893 28
0.0894 28
0.0895 28
0.0896 28
0.0897 29
0.0898 28
0.0899 28
0.09 28
0.0901 27
0.0902 27
0.0903 26
0.0904 26
0.0905 28
0.0906 27
0.0907 28
0.0908 28
0.0909 29
0.091 29
0.0911 29
0.0912 28
0.0913 28
0.0914 28
0.0915 27
0.0916 27
0.0917 27
0.0918 27
0.0919 27
0.092 28
0.0921 28
0.0922 28
0.0923 27
0.0924 27
0.0925 27
0.0926 27
0.0927 26
0.0928 26
0.0929 26
0.093 26
0.0931 26
0.0932 26
0.0933 26
0.0934 26
0.0935 27
0.0936 29
0.0937 28
0.0938 28
0.0939 29
0.094 29
0.0941 29
0.0942 29
0.0943 30
0.0944 29
0.0945 27
0.0946 29
0.0947 29
0.0948 30
0.0949 31
0.095 31
0.0951 31
0.0952 31
0.0953 33
0.0954 33
0.0955 32
0.0956 31
0.0957 31
0.0958 31
0.0959 32
0.096 32
0.0961 33
0.0962 33
0.0963 33
0.0964 33
0.0965 33
0.0966 32
0.0967 32
0.0968 32
0.0969 32
0.097 32
0.0971 33
0.0972 34
0.0973 35
0.0974 35
0.0975 36
0.0976 36
0.0977 36
0.0978 38
0.0979 35
0.098 36
0.0981 36
0.0982 35
0.0983 35
0.0984 36
0.0985 36
0.0986 37
0.0987 37
0.0988 37
0.0989 38
0.099 38
0.0991 38
0.0992 37
0.0993 37
0.0994 37
0.0995 38
0.0996 38
0.0997 39
0.0998 39
0.0999 40
0.1 40
