0.0000 0.000000
0.0001 0.000000
0.0002 0.000000
0.0003 0.000000
0.0004 0.000000
0.0005 0.000000
0.0006 0.000000
0.0007 0.000000
0.0008 0.124356
0.0009 0.257382
0.0010 0.389696
0.0011 0.521303
0.0012 0.652206
0.0013 0.782409
0.0014 0.911916
0.0015 1.040730
0.0016 0.169526
0.0017 0.302310
0.0018 0.434384
0.0019 0.565752
0.0020 0.790091
0.0021 1.229797
0.0022 0.762585
0.0023 0.350901
0.0024 1.050027
0.0025 0.717920
0.0026 0.384972
0.0027 1.051367
0.0028 0.805353
0.0029 1.738356
0.0030 0.923871
0.0031 1.125814
0.0032 0.309862
0.0033 2.376606
0.0034 0.606440
0.0035 0.088224
0.0036 0.560092
0.0037 1.030909
0.0038 0.501585
0.0039 0.987321
0.0040 0.592059
0.0041 0.304848
0.0042 0.123376
0.0043 0.997199
0.0044 0.855619
0.0045 0.667514
0.0046 0.540031
0.0047 1.607319
0.0048 0.746823
0.0049 1.026105
0.0050 0.518400
0.0051 0.249930
0.0052 0.299938
0.0053 0.384713
0.0054 0.640599
0.0055 0.030364
0.0056 0.530058
0.0057 2.288132
0.0058 1.037777
0.0059 0.786863
0.0060 0.581649
0.0061 0.580602
0.0062 1.181386
0.0063 1.001720
0.0064 0.792229
0.0065 1.516317
0.0066 1.216760
0.0067 0.294845
0.0068 -0.468493
0.0069 0.888877
0.0070 1.245701
0.0071 0.719987
0.0072 1.339757
0.0073 0.830989
0.0074 1.462157
0.0075 1.354691
0.0076 0.509423
0.0077 0.805282
0.0078 1.423441
0.0079 0.339315
0.0080 2.475797
0.0081 1.637155
0.0082 0.939786
0.0083 0.470242
0.0084 0.900548
0.0085 1.188992
0.0086 2.507517
0.0087 0.822379
0.0088 0.795810
0.0089 1.798498
0.0090 1.004764
0.0091 0.209617
0.0092 2.211591
0.0093 1.176195
0.0094 -0.860618
0.0095 0.046228
0.0096 2.891225
0.0097 0.839634
0.0098 1.020745
0.0099 1.119848
0.0100 1.138415
0.0101 1.040415
0.0102 0.994388
0.0103 3.080640
0.0104 1.021921
0.0105 1.871343
0.0106 1.886166
0.0107 0.752091
0.0108 1.331565
0.0109 0.955208
0.0110 0.761181
0.0111 1.865248
0.0112 1.205559
0.0113 3.571138
0.0114 0.993649
0.0115 0.484839
0.0116 0.727471
0.0117 1.084028
0.0118 0.387080
0.0119 2.701506
0.0120 1.122272
0.0121 1.612831
0.0122 3.110776
0.0123 1.484416
0.0124 1.716204
0.0125 0.943888
0.0126 2.174099
0.0127 1.400957
0.0128 0.682851
0.0129 0.870230
0.0130 1.940911
0.0131 1.780862
0.0132 1.038403
0.0133 1.536505
0.0134 4.217991
0.0135 1.936845
0.0136 1.829671
0.0137 0.594698
0.0138 0.361672
0.0139 2.092900
0.0140 0.901810
0.0141 0.777476
0.0142 1.525478
0.0143 1.216105
0.0144 0.960055
0.0145 1.723925
0.0146 1.662786
0.0147 4.604305
0.0148 1.464985
0.0149 2.372261
0.0150 2.061719
0.0151 0.803449
0.0152 0.764398
0.0153 1.695697
0.0154 0.608208
0.0155 2.642015
0.0156 1.671999
0.0157 0.604423
0.0158 0.430842
0.0159 2.354475
0.0160 0.442371
0.0161 4.805870
0.0162 1.250390
0.0163 3.778569
0.0164 1.561488
0.0165 1.544593
0.0166 4.456669
0.0167 1.455137
0.0168 1.313102
0.0169 3.209366
0.0170 5.345894
0.0171 3.579647
0.0172 3.742507
0.0173 2.893530
0.0174 6.041690
0.0175 2.236031
0.0176 3.468489
0.0177 1.651554
0.0178 2.854289
0.0179 5.222912
0.0180 2.858578
0.0181 0.509552
0.0182 1.296294
0.0183 5.958658
0.0184 3.256172
0.0185 1.446662
0.0186 3.814661
0.0187 3.173621
0.0188 2.346020
0.0189 2.573944
0.0190 3.804947
0.0191 2.053158
0.0192 2.521240
0.0193 5.015521
0.0194 3.507439
0.0195 2.980219
0.0196 2.456417
0.0197 2.953796
0.0198 2.509489
0.0199 5.177016
0.0200 6.942395
0.0201 5.621639
0.0202 5.408822
0.0203 3.168312
0.0204 4.815098
0.0205 7.437610
0.0206 2.154654
0.0207 3.953252
0.0208 2.906852
0.0209 7.027508
0.0210 3.103880
0.0211 6.256072
0.0212 2.413950
0.0213 4.407228
0.0214 3.429925
0.0215 4.533304
0.0216 5.593065
0.0217 4.401020
0.0218 6.937478
0.0219 6.467342
0.0220 2.820264
0.0221 5.341260
0.0222 14.865642
0.0223 4.351677
0.0224 4.984533
0.0225 4.824299
0.0226 3.710123
0.0227 5.491397
0.0228 3.217287
0.0229 6.011898
0.0230 6.887370
0.0231 5.706531
0.0232 5.452520
0.0233 5.183722
0.0234 3.941838
0.0235 2.607337
0.0236 4.958385
0.0237 7.171398
0.0238 4.296839
0.0239 8.474714
0.0240 10.679723
0.0241 8.608036
0.0242 8.285109
0.0243 8.847397
0.0244 7.305891
0.0245 13.704798
0.0246 7.158906
0.0247 9.770792
0.0248 6.439497
0.0249 11.000740
0.0250 17.235233
0.0251 18.407183
0.0252 24.454505
0.0253 20.454608
0.0254 24.355805
0.0255 29.201769
0.0256 21.124575
0.0257 30.044390
0.0258 39.789781
0.0259 36.494832
0.0260 51.137187
0.0261 75.380146
0.0262 83.471023
0.0263 102.475126
0.0264 126.277888
0.0265 162.567463
0.0266 203.409576
0.0267 233.845173
0.0268 285.890376
0.0269 329.543792
0.0270 373.905995
0.0271 408.865027
0.0272 438.561186
0.0273 479.986196
0.0274 519.191766
0.0275 559.109121
0.0276 592.625961
0.0277 620.842971
0.0278 656.769278
0.0279 674.560112
0.0280 702.238696
0.0281 724.767940
0.0282 758.167157
0.0283 784.397974
0.0284 799.465326
0.0285 825.327270
0.0286 840.988233
0.0287 862.522261
0.0288 884.926559
0.0289 907.204628
0.0290 927.370707
0.0291 949.434392
0.0292 968.387049
0.0293 992.213646
0.0294 1003.875343
0.0295 991.269962
0.0296 984.594918
0.0297 983.856388
0.0298 998.094917
0.0299 1010.277420
0.0300 1028.361424
0.0301 1025.406363
0.0302 1029.442671
0.0303 1031.485902
0.0304 1037.494670
0.0305 1044.457895
0.0306 1046.270297
0.0307 1065.027775
0.0308 1073.715026
0.0309 1086.356113
0.0310 1101.899213
0.0311 1113.388913
0.0312 1120.835112
0.0313 1130.046888
0.0314 1143.966942
0.0315 1152.833794
0.0316 1153.571800
0.0317 1152.284001
0.0318 1168.847726
0.0319 1168.118994
0.0320 1173.187728
0.0321 1181.181319
0.0322 1184.990674
0.0323 1186.718414
0.0324 1190.431381
0.0325 1190.057292
0.0326 1198.578541
0.0327 1205.943505
0.0328 1213.265834
0.0329 1220.553824
0.0330 1222.818947
0.0331 1230.929195
0.0332 1232.993219
0.0333 1230.037882
0.0334 1232.976020
0.0335 1239.788867
0.0336 1246.527018
0.0337 1252.002171
0.0338 1251.438783
0.0339 1252.864975
0.0340 1250.293999
0.0341 1248.742893
0.0342 1248.062189
0.0343 1254.227884
0.0344 1256.373966
0.0345 1261.504450
0.0346 1259.617601
0.0347 1254.758431
0.0348 1244.795542
0.0349 1244.856934
0.0350 1235.950537
0.0351 1230.077532
0.0352 1234.226240
0.0353 1241.299623
0.0354 1242.250321
0.0355 1238.087633
0.0356 1235.937787
0.0357 1236.784155
0.0358 1236.631160
0.0359 1237.473212
0.0360 1237.205066
0.0361 1232.923332
0.0362 1231.653585
0.0363 1222.417222
0.0364 1222.202931
0.0365 1222.984678
0.0366 1224.665897
0.0367 1217.329599
0.0368 1214.014540
0.0369 1212.711098
0.0370 1202.443233
0.0371 1199.200848
0.0372 1200.971588
0.0373 1193.759758
0.0374 1192.569813
0.0375 1182.415967
0.0376 1173.308473
0.0377 1163.250204
0.0378 1159.230189
0.0379 1158.229310
0.0380 1158.237337
0.0381 1162.228524
0.0382 1157.212154
0.0383 1150.229193
0.0384 1152.268375
0.0385 1148.306897
0.0386 1139.382927
0.0387 1135.401831
0.0388 1134.385359
0.0389 1135.370624
0.0390 1127.375783
0.0391 1124.411728
0.0392 1112.486327
0.0393 1105.613378
0.0394 1106.754700
0.0395 1099.908089
0.0396 1091.102781
0.0397 1090.326355
0.0398 1086.565853
0.0399 1081.827734
0.0400 1078.118190
0.0401 1075.410135
0.0402 1065.735241
0.0403 1058.112140
0.0404 1057.517056
0.0405 1054.932112
0.0406 1052.355269
0.0407 1048.785962
0.0408 1046.241186
0.0409 1045.713007
0.0410 1048.171090
0.0411 1047.638240
0.0412 1048.080341
0.0413 1048.541068
0.0414 1047.989223
0.0415 1044.452127
0.0416 1045.927118
0.0417 1046.386816
0.0418 1039.809844
0.0419 1044.154820
0.0420 1037.439353
0.0421 1031.697745
0.0422 1028.974135
0.0423 1026.205483
0.0424 1021.394887
0.0425 1015.583826
0.0426 1012.686939
0.0427 987.860906
0.0428 962.161259
0.0429 933.587632
0.0430 915.037746
0.0431 898.574437
0.0432 878.215150
0.0433 867.938039
0.0434 854.723045
0.0435 850.541285
0.0436 843.404070
0.0437 843.286990
0.0438 836.184305
0.0439 833.118863
0.0440 837.047593
0.0441 837.968476
0.0442 829.901623
0.0443 829.865961
0.0444 834.810931
0.0445 837.727668
0.0446 831.651538
0.0447 828.608398
0.0448 826.571100
0.0449 829.538754
0.0450 825.503196
0.0451 817.503444
0.0452 824.499276
0.0453 816.495007
0.0454 815.534989
0.0455 812.564802
0.0456 814.601892
0.0457 809.649262
0.0458 814.688411
0.0459 818.720138
0.0460 814.748556
0.0461 813.782269
0.0462 808.839021
0.0463 806.900409
0.0464 811.947423
0.0465 818.842701
0.0466 822.707104
0.0467 813.585683
0.0468 814.485400
0.0469 814.389691
0.0470 812.294308
0.0471 799.243423
0.0472 796.236842
0.0473 784.275411
0.0474 783.340179
0.0475 772.440916
0.0476 775.558563
0.0477 778.661543
0.0478 779.754329
0.0479 782.834637
0.0480 783.895082
0.0481 777.979735
0.0482 775.077652
0.0483 782.172846
0.0484 783.238035
0.0485 782.307487
0.0486 785.373579
0.0487 782.422136
0.0488 783.354197
0.0489 784.287531
0.0490 784.213100
0.0491 777.159880
0.0492 772.142741
0.0493 768.142563
0.0494 757.185130
0.0495 754.268955
0.0496 743.399105
0.0497 736.560687
0.0498 733.756563
0.0499 726.878653
0.0500 724.986271
0.0501 718.123277
0.0502 716.280419
0.0503 712.445071
0.0504 706.630715
0.0505 702.857663
0.0506 704.095229
0.0507 707.309806
0.0508 706.526004
0.0509 707.737352
0.0510 707.938184
0.0511 704.153011
0.0512 702.378445
0.0513 703.605048
0.0514 697.843661
0.0515 693.120704
0.0516 692.408744
0.0517 684.718358
0.0518 685.043438
0.0519 676.397607
0.0520 665.789559
0.0521 658.236365
0.0522 654.717512
0.0523 653.205408
0.0524 640.741148
0.0525 639.305490
0.0526 629.898810
0.0527 627.524968
0.0528 620.171507
0.0529 615.851635
0.0530 612.561998
0.0531 605.303094
0.0532 609.042132
0.0533 608.773691
0.0534 609.504336
0.0535 601.251657
0.0536 597.044327
0.0537 592.855600
0.0538 590.686663
0.0539 582.538997
0.0540 577.430771
0.0541 578.330655
0.0542 578.235646
0.0543 575.142010
0.0544 573.065907
0.0545 563.009909
0.0546 565.983613
0.0547 569.931797
0.0548 571.874558
0.0549 566.820371
0.0550 567.774739
0.0551 567.728960
0.0552 565.688699
0.0553 570.646979
0.0554 573.580193
0.0555 570.513992
0.0556 568.460337
0.0557 572.394178
0.0558 573.323614
0.0559 567.266073
0.0560 564.240295
0.0561 561.219927
0.0562 558.222767
0.0563 559.224054
0.0564 559.222851
0.0565 558.231738
0.0566 556.234536
0.0567 551.272513
0.0568 548.317878
0.0569 544.384822
0.0570 538.478069
0.0571 537.589922
0.0572 531.725414
0.0573 526.885692
0.0574 524.066846
0.0575 519.272220
0.0576 517.495046
0.0577 515.729996
0.0578 510.977474
0.0579 494.283681
0.0580 481.665383
0.0581 479.081536
0.0582 469.548050
0.0583 458.063435
0.0584 457.609457
0.0585 459.156490
0.0586 453.700429
0.0587 451.273858
0.0588 449.867110
0.0589 446.466573
0.0590 449.065944
0.0591 450.655273
0.0592 449.247093
0.0593 444.852389
0.0594 434.490963
0.0595 428.177336
0.0596 423.887263
0.0597 418.636274
0.0598 411.398347
0.0599 405.221869
0.0600 397.070653
0.0601 395.940602
0.0602 391.832221
0.0603 388.739124
0.0604 392.632927
0.0605 392.530056
0.0606 395.417966
0.0607 399.290996
0.0608 398.151131
0.0609 395.031915
0.0610 392.919297
0.0611 391.818594
0.0612 393.711276
0.0613 394.604502
0.0614 400.471184
0.0615 398.327043
0.0616 396.196376
0.0617 394.079857
0.0618 391.980428
0.0619 387.887067
0.0620 387.823507
0.0621 386.746782
0.0622 376.690544
0.0623 374.677609
0.0624 375.661239
0.0625 368.666924
0.0626 367.681313
0.0627 367.701928
0.0628 364.736001
0.0629 361.792482
0.0630 362.844373
0.0631 357.907569
0.0632 354.999031
0.0633 355.093667
0.0634 359.187551
0.0635 357.257655
0.0636 352.358487
0.0637 346.484538
0.0638 349.629518
0.0639 349.763859
0.0640 348.887061
0.0641 351.012133
0.0642 351.127583
0.0643 353.234361
0.0644 350.350792
0.0645 349.468765
0.0646 351.605304
0.0647 352.716406
0.0648 355.817041
0.0649 352.915172
0.0650 351.039686
0.0651 353.146778
0.0652 351.265686
0.0653 351.386655
0.0654 356.483219
0.0655 352.582714
0.0656 356.685049
0.0657 357.770777
0.0658 357.849600
0.0659 353.930581
0.0660 353.036979
0.0661 346.156485
0.0662 346.301251
0.0663 342.451779
0.0664 346.596819
0.0665 346.743101
0.0666 344.892825
0.0667 339.051660
0.0668 337.231530
0.0669 327.452495
0.0670 315.729371
0.0671 313.046878
0.0672 309.369297
0.0673 308.703750
0.0674 306.057115
0.0675 305.419521
0.0676 311.770582
0.0677 308.102864
0.0678 300.464242
0.0679 300.853204
0.0680 300.235415
0.0681 299.626391
0.0682 294.032286
0.0683 293.456511
0.0684 292.884696
0.0685 294.311683
0.0686 301.709767
0.0687 307.081826
0.0688 302.441306
0.0689 294.834131
0.0690 288.272365
0.0691 284.746791
0.0692 281.229826
0.0693 280.722938
0.0694 271.233708
0.0695 263.799174
0.0696 252.417724
0.0697 250.065808
0.0698 242.745002
0.0699 243.439682
0.0700 241.148952
0.0701 242.855976
0.0702 233.579752
0.0703 234.321208
0.0704 232.073278
0.0705 230.839159
0.0706 226.611460
0.0707 225.400269
0.0708 223.190287
0.0709 219.995230
0.0710 216.823590
0.0711 219.652218
0.0712 212.494454
0.0713 204.367006
0.0714 205.267352
0.0715 203.173964
0.0716 205.073289
0.0717 203.971767
0.0718 198.886997
0.0719 200.807881
0.0720 205.723505
0.0721 205.619597
0.0722 213.496685
0.0723 213.341126
0.0724 213.205685
0.0725 213.072198
0.0726 215.913856
0.0727 210.763583
0.0728 207.636823
0.0729 205.532370
0.0730 194.465659
0.0731 196.417275
0.0732 197.367089
0.0733 201.307087
0.0734 199.238680
0.0735 196.181225
0.0736 192.139670
0.0737 196.103126
0.0738 196.049758
0.0739 197.993784
0.0740 195.934195
0.0741 188.908009
0.0742 187.901110
0.0743 189.892671
0.0744 188.883850
0.0745 183.891320
0.0746 178.916052
0.0747 180.944325
0.0748 177.982615
0.0749 179.017609
0.0750 180.060976
0.0751 183.088976
0.0752 187.094305
0.0753 185.098103
0.0754 185.107997
0.0755 188.111466
0.0756 192.095531
0.0757 190.076382
0.0758 188.050729
0.0759 190.031037
0.0760 187.030170
0.0761 174.044680
0.0762 163.147504
0.0763 161.273643
0.0764 165.404344
0.0765 165.520649
0.0766 170.621158
0.0767 171.700067
0.0768 175.760825
0.0769 176.812062
0.0770 177.865541
0.0771 179.904830
0.0772 181.930969
0.0773 177.965325
0.0774 171.025706
0.0775 163.133094
0.0776 165.244425
0.0777 161.372262
0.0778 158.504571
0.0779 151.684987
0.0780 150.872147
0.0781 152.062262
0.0782 149.247864
0.0783 148.455513
0.0784 144.671520
0.0785 142.906914
0.0786 139.144126
0.0787 134.410900
0.0788 125.720403
0.0789 122.055729
0.0790 118.414632
0.0791 111.802982
0.0792 104.210781
0.0793 95.674584
0.0794 96.165494
0.0795 99.624198
0.0796 92.127447
0.0797 90.639970
0.0798 96.144945
0.0799 91.769844
0.0800 91.414685
0.0801 86.081459
0.0802 89.737481
0.0803 85.406321
0.0804 83.087812
0.0805 84.769103
0.0806 87.455936
0.0807 87.122214
0.0808 92.777881
0.0809 99.398594
0.0810 100.002304
0.0811 104.588724
0.0812 107.156857
0.0813 110.701105
0.0814 106.247126
0.0815 106.802000
0.0816 108.312065
0.0817 102.742867
0.0818 108.183155
0.0819 106.609697
0.0820 113.028824
0.0821 120.405089
0.0822 118.769255
0.0823 119.124521
0.0824 115.495299
0.0825 113.896550
0.0826 107.302733
0.0827 107.724657
0.0828 106.147758
0.0829 96.614496
0.0830 88.110826
0.0831 75.675935
0.0832 73.284004
0.0833 73.886658
0.0834 70.502374
0.0835 63.148504
0.0836 59.831433
0.0837 59.508194
0.0838 52.204636
0.0839 49.930661
0.0840 44.682722
0.0841 40.450013
0.0842 45.210643
0.0843 39.987337
0.0844 39.778285
0.0845 43.559252
0.0846 47.317721
0.0847 42.072262
0.0848 44.834967
0.0849 38.614523
0.0850 34.419744
0.0851 38.222789
0.0852 33.037065
0.0853 31.854540
0.0854 31.693427
0.0855 40.502165
0.0856 36.298826
0.0857 43.080998
0.0858 37.860228
0.0859 43.647536
0.0860 47.403341
0.0861 46.150250
0.0862 47.892246
0.0863 52.631850
0.0864 63.327854
0.0865 68.979188
0.0866 79.581918
0.0867 85.140501
0.0868 83.695285
0.0869 85.236827
0.0870 85.778499
0.0871 88.308844
0.0872 87.845273
0.0873 85.381799
0.0874 79.931363
0.0875 74.512034
0.0876 66.140519
0.0877 55.832275
0.0878 55.534657
0.0879 48.258953
0.0880 39.032053
0.0881 42.815135
0.0882 43.574855
0.0883 42.350287
0.0884 39.135183
0.0885 34.939763
0.0886 44.718187
0.0887 47.468328
0.0888 51.210011
0.0889 50.944048
0.0890 55.658577
0.0891 56.353230
0.0892 58.047938
0.0893 60.725539
0.0894 58.402384
0.0895 55.081570
0.0896 55.776310
0.0897 49.516464
0.0898 34.433872
0.0899 24.414065
0.0900 24.401422
0.0901 22.406638
0.0902 21.415223
0.0903 16.450716
0.0904 18.510826
0.0905 21.662444
0.0906 22.811470
0.0907 18.972614
0.0908 19.141107
0.0909 20.310456
0.0910 17.487277
0.0911 17.663472
0.0912 13.964580
0.0913 17.668409
0.0914 12.390378
0.0915 11.129562
0.0916 8.883776
0.0917 9.590246
0.0918 6.216225
0.0919 11.836189
0.0920 11.511483
0.0921 10.258199
0.0922 10.120929
0.0923 9.988989
0.0924 15.866983
0.0925 15.718076
0.0926 8.592119
0.0927 12.471466
0.0928 16.327230
0.0929 19.164997
0.0930 23.985323
0.0931 25.792569
0.0932 21.712071
0.0933 21.665070
0.0934 16.651242
0.0935 22.617941
0.0936 20.578826
0.0937 27.515376
0.0938 39.417515
0.0939 46.244079
0.0940 53.915277
0.0941 60.534653
0.0942 61.155254
0.0943 60.705573
0.0944 66.171311
0.0945 65.624999
0.0946 68.066650
0.0947 67.500712
0.0948 63.825377
0.0949 68.132883
0.0950 64.452502
0.0951 64.780184
0.0952 68.099000
0.0953 70.394901
0.0954 67.703730
0.0955 64.013412
0.0956 56.317051
0.0957 51.691204
0.0958 56.077099
0.0959 58.449179
0.0960 66.777112
0.0961 71.073835
0.0962 71.359592
0.0963 70.651229
0.0964 75.921398
0.0965 76.192917
0.0966 80.443960
0.0967 79.694855
0.0968 70.959608
0.0969 65.260591
0.0970 52.610751
0.0971 33.057320
0.0972 26.580720
0.0973 19.124317
0.0974 18.694221
0.0975 7.295387
0.0976 8.920896
0.0977 2.557946
0.0978 4.258526
0.0979 10.026685
0.0980 3.666604
0.0981 7.307045
0.0982 3.974434
0.0983 3.755865
0.0984 6.429400
0.0985 9.101082
0.0986 6.863949
0.0987 8.627498
0.0988 2.411225
0.0989 9.178112
0.0990 6.029609
0.0991 8.924045
0.0992 3.830973
0.0993 3.673457
0.0994 1.488961
0.0995 2.418333
0.0996 3.333498
0.0997 3.636626
0.0998 3.008377
0.0999 6.572090
0.1000 5.186618
0.1001 3.912809
0.1002 3.633133
0.1003 1.366088
0.1004 3.337484
0.1005 4.327465
0.1006 0.332154
0.1007 3.314221
0.1008 1.406913
0.1009 2.532078
0.1010 2.661115
0.1011 0.955359
0.1012 3.216793
0.1013 1.642236
0.1014 2.036098
0.1015 3.431092
0.1016 1.934443
0.1017 1.549132
0.1018 2.217291
0.1019 2.890080
0.1020 1.853836
0.1021 1.814929
0.1022 0.752048
0.1023 2.733210
0.1024 0.808200
0.1025 0.951137
0.1026 1.156716
0.1027 1.412305
0.1028 2.751305
0.1029 2.218179
0.1030 0.945838
0.1031 2.598947
0.1032 3.203861
0.1033 3.813609
0.1034 5.419907
0.1035 1.256848
0.1036 1.453841
0.1037 2.806252
0.1038 2.218773
0.1039 1.645311
0.1040 2.200059
0.1041 2.784420
0.1042 2.260695
0.1043 0.492222
0.1044 0.653303
0.1045 1.905289
0.1046 3.244390
0.1047 -1.046601
0.1048 2.087469
0.1049 1.459508
0.1050 3.943521
0.1051 2.785266
0.1052 0.773736
0.1053 4.932797
0.1054 0.225093
0.1055 2.513921
0.1056 2.038586
0.1057 2.701856
0.1058 1.375985
0.1059 2.158074
0.1060 2.200930
0.1061 1.320595
0.1062 2.417078
0.1063 1.510023
0.1064 1.605344
0.1065 1.965574
0.1066 3.263016
0.1067 3.589298
0.1068 1.045983
0.1069 1.534860
0.1070 2.066126
0.1071 2.694833
0.1072 0.423077
0.1073 2.258518
0.1074 1.059757
0.1075 3.750093
0.1076 2.199819
0.1077 0.555967
0.1078 1.898830
0.1079 1.335228
0.1080 1.908896
0.1081 2.434077
0.1082 2.936210
0.1083 3.578504
0.1084 0.103104
0.1085 0.790495
0.1086 2.561741
0.1087 0.274743
0.1088 2.768771
0.1089 2.148016
0.1090 2.571855
0.1091 2.069121
0.1092 3.723210
0.1093 1.684332
0.1094 0.679553
0.1095 2.899151
0.1096 2.402032
0.1097 2.119423
0.1098 3.927885
0.1099 2.743725
0.1100 3.330290
0.1101 3.891599
0.1102 2.429987
0.1103 2.725327
0.1104 1.021368
0.1105 1.279049
0.1106 3.479576
0.1107 3.567207
0.1108 4.400224
0.1109 2.266282
0.1110 3.030464
0.1111 3.808251
0.1112 2.597999
0.1113 5.444631
0.1114 2.470331
0.1115 4.496452
0.1116 4.646956
0.1117 4.946639
0.1118 1.292672
0.1119 2.712845
0.1120 7.141173
0.1121 5.550334
0.1122 2.845453
0.1123 5.300676
0.1124 3.709332
0.1125 4.864127
0.1126 4.058252
0.1127 3.247188
0.1128 2.453370
0.1129 1.992089
0.1130 2.749541
0.1131 4.316539
0.1132 0.870444
0.1133 5.434206
0.1134 1.335895
0.1135 1.430686
0.1136 3.557366
0.1137 6.916875
0.1138 3.043233
0.1139 6.147671
0.1140 3.238225
0.1141 4.331262
0.1142 4.265583
0.1143 6.078890
0.1144 4.780529
0.1145 6.359526
0.1146 1.317284
0.1147 6.127272
0.1148 4.971730
0.1149 5.922454
0.1150 8.880089
0.1151 3.867606
0.1152 5.009508
0.1153 3.331185
0.1154 7.821026
0.1155 6.290964
0.1156 4.636445
0.1157 4.083609
0.1158 4.390873
0.1159 6.765777
0.1160 3.222449
0.1161 2.501681
0.1162 7.778835
0.1163 15.953825
0.1164 7.160458
0.1165 9.505356
0.1166 8.891413
0.1167 6.705346
0.1168 5.269318
0.1169 5.671194
0.1170 9.980813
0.1171 7.236505
0.1172 7.579624
0.1173 11.923892
0.1174 5.426620
0.1175 14.891310
0.1176 14.328116
0.1177 8.621650
0.1178 6.627677
0.1179 14.522513
0.1180 18.127765
0.1181 8.640177
0.1182 18.102433
0.1183 16.827095
0.1184 27.445250
0.1185 27.035955
0.1186 20.708162
0.1187 28.680657
0.1188 26.588669
0.1189 45.274647
0.1190 48.619124
0.1191 74.840438
0.1192 93.945393
0.1193 117.770562
0.1194 140.392595
0.1195 173.776555
0.1196 220.841094
0.1197 253.472945
0.1198 280.963620
0.1199 323.198328
0.1200 358.012186
0.1201 395.640000
0.1202 431.909855
0.1203 472.986751
0.1204 498.841398
0.1205 525.477027
0.1206 552.973447
0.1207 585.159993
0.1208 616.072823
0.1209 654.767494
0.1210 678.281710
0.1211 701.544815
0.1212 732.676003
0.1213 754.670521
0.1214 777.385473
0.1215 810.965617
0.1216 828.365369
0.1217 851.451321
0.1218 876.394863
0.1219 901.194741
0.1220 918.885057
0.1221 935.373326
0.1222 957.738403
0.1223 981.970957
0.1224 1003.003753
0.1225 1019.746450
0.1226 1025.430952
0.1227 1040.075258
0.1228 1058.585530
0.1229 1076.788130
0.1230 1089.797915
0.1231 1110.462030
0.1232 1126.757745
0.1233 1141.880507
0.1234 1147.835426
0.1235 1167.649287
0.1236 1171.334081
0.1237 1180.871618
0.1238 1188.109762
0.1239 1197.193695
0.1240 1202.194716
0.1241 1215.143027
0.1242 1221.939357
0.1243 1227.530774
0.1244 1235.071752
0.1245 1249.350447
0.1246 1253.509658
0.1247 1257.535426
0.1248 1253.549360
0.1249 1265.555962
0.1250 1271.402862
0.1251 1273.085508
0.1252 1278.738529
0.1253 1288.301544
0.1254 1293.665866
0.1255 1297.934820
0.1256 1300.174458
0.1257 1317.283716
0.1258 1321.291915
0.1259 1320.114734
0.1260 1322.712571
0.1261 1330.282076
0.1262 1319.854855
0.1263 1328.434207
0.1264 1330.882212
0.1265 1319.320233
0.1266 1308.815585
0.1267 1305.351290
0.1268 1307.896685
0.1269 1308.436664
0.1270 1308.971669
0.1271 1314.490377
0.1272 1313.992924
0.1273 1310.372926
0.1274 1307.766537
0.1275 1310.088134
0.1276 1319.318131
0.1277 1321.380910
0.1278 1323.433338
0.1279 1325.481963
0.1280 1327.398482
0.1281 1330.270979
0.1282 1335.138157
0.1283 1334.919811
0.1284 1335.519024
0.1285 1332.977750
0.1286 1337.431225
0.1287 1327.888674
0.1288 1325.388954
0.1289 1321.891914
0.1290 1320.436183
0.1291 1311.991676
0.1292 1306.584433
0.1293 1309.178891
0.1294 1307.770320
0.1295 1301.388672
0.1296 1292.047614
0.1297 1287.742957
0.1298 1281.467799
0.1299 1278.220842
0.1300 1271.987968
0.1301 1261.706104
0.1302 1264.410769
0.1303 1261.982033
0.1304 1261.297043
0.1305 1264.594697
0.1306 1258.904422
0.1307 1255.232455
0.1308 1254.582492
0.1309 1251.946201
0.1310 1251.304120
0.1311 1242.687596
0.1312 1246.091993
0.1313 1237.498848
0.1314 1233.950814
0.1315 1228.426596
0.1316 1225.922099
0.1317 1220.436244
0.1318 1219.862929
0.1319 1215.267891
0.1320 1207.708347
0.1321 1205.178518
0.1322 1194.684993
0.1323 1191.219762
0.1324 1189.772923
0.1325 1181.347398
0.1326 1175.963550
0.1327 1168.624669
0.1328 1162.311022
0.1329 1160.016046
0.1330 1153.751197
0.1331 1156.498000
0.1332 1156.230869
0.1333 1144.998092
0.1334 1140.803967
0.1335 1132.641292
0.1336 1124.523686
0.1337 1116.458080
0.1338 1104.444303
0.1339 1098.474134
0.1340 1093.547826
0.1341 1086.642999
0.1342 1081.768909
0.1343 1071.934585
0.1344 1060.163943
0.1345 1048.450163
0.1346 1023.838547
0.1347 1011.324156
0.1348 995.879707
0.1349 987.490113
0.1350 971.161208
0.1351 968.905043
0.1352 963.657421
0.1353 968.413581
0.1354 972.153217
0.1355 964.890157
0.1356 964.653673
0.1357 956.439111
0.1358 956.256021
0.1359 952.075024
0.1360 947.925100
0.1361 947.778003
0.1362 949.635997
0.1363 947.479939
0.1364 942.347475
0.1365 951.212957
0.1366 955.043051
0.1367 956.861943
0.1368 948.693009
0.1369 950.535815
0.1370 946.397299
0.1371 950.250049
0.1372 943.112432
0.1373 937.988281
0.1374 930.779761
0.1375 922.609623
0.1376 915.487151
0.1377 917.364598
0.1378 917.246752
0.1379 917.132298
0.1380 918.013792
0.1381 907.923114
0.1382 902.876539
0.1383 900.833020
0.1384 892.827155
0.1385 887.848532
0.1386 882.908782
0.1387 878.995234
0.1388 872.106570
0.1389 868.246237
0.1390 873.360795
0.1391 870.348805
0.1392 870.351900
0.1393 859.384072
0.1394 855.455385
0.1395 849.554283
0.1396 851.660766
0.1397 839.796176
0.1398 825.013635
0.1399 820.271852
0.1400 813.559950
0.1401 817.856747
0.1402 806.170768
0.1403 803.525623
0.1404 797.899394
0.1405 800.276118
0.1406 807.495661
0.1407 801.709033
0.1408 800.955251
0.1409 797.203317
0.1410 801.450312
0.1411 786.726163
0.1412 782.027594
0.1413 774.257585
0.1414 778.500925
0.1415 770.758817
0.1416 771.036731
0.1417 767.316690
0.1418 762.616385
0.1419 768.902319
0.1420 769.180340
0.1421 766.471164
0.1422 769.751858
0.1423 763.047791
0.1424 760.371500
0.1425 754.706344
0.1426 751.074975
0.1427 751.445094
0.1428 741.852086
0.1429 740.278850
0.1430 741.710801
0.1431 739.151040
0.1432 734.605285
0.1433 733.067598
0.1434 732.537766
0.1435 718.047584
0.1436 718.603521
0.1437 714.166071
0.1438 711.744677
0.1439 713.324239
0.1440 708.918283
0.1441 708.516629
0.1442 697.148076
0.1443 700.801685
0.1444 700.443783
0.1445 699.992161
0.1446 692.529616
0.1447 694.083081
0.1448 692.628597
0.1449 689.188175
0.1450 692.760257
0.1451 688.326940
0.1452 684.908137
0.1453 680.509162
0.1454 679.130928
0.1455 676.762099
0.1456 676.404090
0.1457 679.042372
0.1458 678.672840
0.1459 681.289980
0.1460 683.904648
0.1461 687.495013
0.1462 687.075544
0.1463 689.664540
0.1464 689.231195
0.1465 691.800163
0.1466 690.363819
0.1467 684.939610
0.1468 681.533837
0.1469 677.167083
0.1470 674.815143
0.1471 673.467090
0.1472 673.126964
0.1473 671.783851
0.1474 665.461219
0.1475 658.181304
0.1476 647.948504
0.1477 644.746997
0.1478 646.557247
0.1479 641.363710
0.1480 633.221911
0.1481 638.081914
0.1482 629.949514
0.1483 628.838877
0.1484 624.747925
0.1485 620.674199
0.1486 617.613649
0.1487 618.571568
0.1488 620.525699
0.1489 616.478699
0.1490 610.457490
0.1491 605.474757
0.1492 599.508036
0.1493 599.567591
0.1494 600.620674
0.1495 601.664648
0.1496 593.730289
0.1497 583.824268
0.1498 576.963375
0.1499 564.182610
0.1500 560.438331
0.1501 560.697751
0.1502 551.987380
0.1503 553.290015
0.1504 555.585111
0.1505 554.883134
0.1506 552.181757
0.1507 546.506794
0.1508 552.824120
0.1509 552.117736
0.1510 554.420523
0.1511 555.708699
0.1512 558.984656
0.1513 551.275185
0.1514 545.601328
0.1515 539.879828
0.1516 539.092423
0.1517 531.226067
0.1518 527.386603
0.1519 521.586348
0.1520 512.811867
0.1521 501.088028
0.1522 498.411440
0.1523 489.775699
0.1524 488.144852
0.1525 483.548960
0.1526 482.960300
0.1527 477.389649
0.1528 473.833219
0.1529 456.339709
0.1530 453.906262
0.1531 448.493500
0.1532 444.094428
0.1533 447.701827
0.1534 448.296335
0.1535 455.880612
0.1536 451.453317
0.1537 451.036720
0.1538 448.622150
0.1539 443.228114
0.1540 435.862693
0.1541 426.546822
0.1542 419.279594
0.1543 416.039903
0.1544 414.817267
0.1545 414.597076
0.1546 409.392511
0.1547 403.221876
0.1548 398.079556
0.1549 399.946672
0.1550 405.784058
0.1551 405.598701
0.1552 402.439823
0.1553 396.310379
0.1554 390.193636
0.1555 381.119231
0.1556 371.106162
0.1557 362.135438
0.1558 351.232214
0.1559 345.362493
0.1560 344.511930
0.1561 339.669882
0.1562 339.841763
0.1563 338.029386
0.1564 340.209448
0.1565 342.378499
0.1566 343.535011
0.1567 336.714230
0.1568 336.901884
0.1569 339.089314
0.1570 344.254012
0.1571 344.396944
0.1572 347.534232
0.1573 345.680453
0.1574 344.820716
0.1575 335.989841
0.1576 339.188028
0.1577 332.390471
0.1578 333.605769
0.1579 335.815524
0.1580 335.025660
0.1581 334.234838
0.1582 325.468183
0.1583 321.734868
0.1584 315.028932
0.1585 306.369209
0.1586 307.728000
0.1587 294.095325
0.1588 258.599754
0.1589 228.286232
0.1590 208.106647
0.1591 194.035193
0.1592 171.049673
0.1593 171.259068
0.1594 165.481435
0.1595 158.751108
0.1596 161.029356
0.1597 164.299428
0.1598 172.529092
0.1599 171.734602
0.1600 176.939448
0.1601 178.126010
0.1602 181.296899
0.1603 182.420185
0.1604 179.452907
0.1605 183.481807
0.1606 183.504914
0.1607 189.505667
0.1608 189.491500
0.1609 184.486019
0.1610 185.494553
0.1611 190.495442
0.1612 197.453490
0.1613 197.403866
0.1614 192.352242
0.1615 200.296663
0.1616 203.230645
0.1617 205.129055
0.1618 203.040473
0.1619 200.964740
0.1620 200.895368
0.1621 202.814610
0.1622 206.715904
0.1623 205.612229
0.1624 211.502216
0.1625 205.380123
0.1626 202.295900
0.1627 194.233426
0.1628 193.193508
0.1629 189.170600
0.1630 191.152290
0.1631 193.128440
0.1632 189.100801
0.1633 196.072263
0.1634 198.018810
0.1635 197.964233
0.1636 202.885041
0.1637 209.770148
0.1638 214.627019
0.1639 218.476260
0.1640 218.296298
0.1641 223.113146
0.1642 229.907008
0.1643 230.678235
0.1644 231.432800
0.1645 233.182500
0.1646 233.922681
0.1647 236.664944
0.1648 236.397552
0.1649 248.104026
0.1650 252.765822
0.1651 257.396945
0.1652 258.022268
0.1653 258.635366
0.1654 257.251903
0.1655 247.905991
0.1656 252.558292
0.1657 245.225112
0.1658 237.930569
0.1659 233.661980
0.1660 234.411343
0.1661 225.171583
0.1662 221.997190
0.1663 221.950378
0.1664 216.907334
0.1665 209.887271
0.1666 205.910894
0.1667 210.934126
0.1668 216.919347
0.1669 205.903663
0.1670 178.999666
0.1671 153.241557
0.1672 143.570086
0.1673 130.961685
0.1674 123.428288
0.1675 116.911977
0.1676 116.430596
0.1677 118.937318
0.1678 121.432399
0.1679 124.892932
0.1680 127.352533
0.1681 126.815162
0.1682 135.250982
0.1683 137.659553
0.1684 129.079083
0.1685 128.526590
0.1686 117.984539
0.1687 128.458680
0.1688 133.891180
0.1689 138.291640
0.1690 133.702301
0.1691 135.108966
0.1692 141.507877
0.1693 142.895985
0.1694 138.278621
0.1695 141.658427
0.1696 140.032789
0.1697 140.409665
0.1698 147.768041
0.1699 147.108554
0.1700 152.441190
0.1701 146.775854
0.1702 153.110479
0.1703 152.435332
0.1704 153.764578
0.1705 155.065955
0.1706 162.348621
0.1707 162.608807
0.1708 166.865271
0.1709 167.097807
0.1710 174.322163
0.1711 177.512214
0.1712 176.689231
0.1713 170.890178
0.1714 173.106455
0.1715 168.325965
0.1716 177.537028
0.1717 174.731837
0.1718 177.909271
0.1719 173.114836
0.1720 165.347902
0.1721 158.618053
0.1722 154.908443
0.1723 152.214655
0.1724 150.535162
0.1725 151.855332
0.1726 152.179706
0.1727 149.511446
0.1728 153.842470
0.1729 152.155553
0.1730 150.489689
0.1731 156.796190
0.1732 154.097337
0.1733 152.416119
0.1734 148.741438
0.1735 147.094022
0.1736 161.383481
0.1737 163.658688
0.1738 163.909782
0.1739 158.168526
0.1740 168.418506
0.1741 165.656747
0.1742 158.921160
0.1743 154.219175
0.1744 158.515386
0.1745 163.781733
0.1746 168.024563
0.1747 171.247937
0.1748 172.461223
0.1749 173.676322
0.1750 175.876862
0.1751 179.052341
0.1752 177.227219
0.1753 179.410164
0.1754 174.591695
0.1755 173.798150
0.1756 166.032588
0.1757 167.261867
0.1758 162.509514
0.1759 160.784540
0.1760 149.075561
0.1761 147.415501
0.1762 137.773055
0.1763 130.192037
0.1764 121.651159
0.1765 128.111966
0.1766 119.589349
0.1767 119.082794
0.1768 124.568374
0.1769 126.029524
0.1770 130.480208
0.1771 136.893018
0.1772 139.285903
0.1773 147.652265
0.1774 153.965176
0.1775 153.276716
0.1776 151.594080
0.1777 145.920216
0.1778 148.258434
0.1779 141.616850
0.1780 135.998046
0.1781 140.394380
0.1782 142.763808
0.1783 145.133482
0.1784 142.499505
0.1785 152.850251
0.1786 153.165189
0.1787 150.479702
0.1788 149.799991
0.1789 142.152170
0.1790 143.528590
0.1791 143.894453
0.1792 146.244957
0.1793 154.578382
0.1794 153.885737
0.1795 154.195543
0.1796 160.489716
0.1797 164.760314
0.1798 165.011914
0.1799 165.262244
0.1800 163.510815
0.1801 161.774557
0.1802 161.035064
0.1803 156.314455
0.1804 156.607680
0.1805 158.821018
0.1806 159.974343
0.1807 160.111498
0.1808 156.262475
0.1809 147.468604
0.1810 138.707424
0.1811 132.974446
0.1812 131.261158
0.1813 128.568854
0.1814 128.870320
0.1815 122.195694
0.1816 125.527044
0.1817 122.863366
0.1818 121.202541
0.1819 118.566110
0.1820 120.927239
0.1821 113.300536
0.1822 107.707869
0.1823 106.129662
0.1824 112.547447
0.1825 121.929605
0.1826 125.268280
0.1827 121.598337
0.1828 113.972905
0.1829 110.372197
0.1830 104.799145
0.1831 98.264374
0.1832 93.735369
0.1833 87.239114
0.1834 78.807394
0.1835 73.405228
0.1836 71.015353
0.1837 64.663112
0.1838 58.335349
0.1839 55.026619
0.1840 58.716579
0.1841 65.389418
0.1842 66.037868
0.1843 57.711667
0.1844 57.414425
0.1845 53.141845
0.1846 47.883968
0.1847 45.637080
0.1848 50.380609
0.1849 53.098717
0.1850 54.806958
0.1851 59.504954
0.1852 61.185540
0.1853 59.869383
0.1854 65.533121
0.1855 69.174324
0.1856 81.759906
0.1857 79.328171
0.1858 81.895276
0.1859 88.434846
0.1860 93.949479
0.1861 96.438325
0.1862 94.922135
0.1863 96.412814
0.1864 95.902636
0.1865 100.367794
0.1866 97.839947
0.1867 101.299561
0.1868 106.739273
0.1869 112.143934
0.1870 116.526754
0.1871 115.907894
0.1872 121.267382
0.1873 126.599632
0.1874 128.908925
0.1875 119.235715
0.1876 115.616280
0.1877 110.008106
0.1878 102.435671
0.1879 97.893126
0.1880 95.380109
0.1881 86.891149
0.1882 79.445109
0.1883 67.061870
0.1884 64.705611
0.1885 59.367216
0.1886 57.056409
0.1887 53.755685
0.1888 46.583785
0.1889 41.476633
0.1890 36.402762
0.1891 42.319791
0.1892 44.219171
0.1893 43.119087
0.1894 51.010997
0.1895 54.866516
0.1896 60.689029
0.1897 53.517501
0.1898 60.334231
0.1899 61.149048
0.1900 65.937327
0.1901 73.687270
0.1902 82.408462
0.1903 85.095580
0.1904 83.772157
0.1905 84.461226
0.1906 85.141407
0.1907 87.814272
0.1908 96.459357
0.1909 96.082568
0.1910 95.706270
0.1911 102.307924
0.1912 105.886346
0.1913 108.452716
0.1914 109.995366
0.1915 110.542154
0.1916 112.088336
0.1917 116.623890
0.1918 111.149811
0.1919 110.686338
0.1920 109.238605
0.1921 108.782349
0.1922 110.320645
0.1923 101.883301
0.1924 107.456470
0.1925 109.007033
0.1926 113.421873
0.1927 106.833692
0.1928 108.256817
0.1929 101.701466
0.1930 99.156107
0.1931 105.607606
0.1932 107.039536
0.1933 103.479519
0.1934 97.949259
0.1935 96.425356
0.1936 92.925547
0.1937 93.421976
0.1938 82.949855
0.1939 71.536472
0.1940 67.169556
0.1941 60.819630
0.1942 56.504456
0.1943 56.204674
0.1944 45.934533
0.1945 45.691838
0.1946 39.464330
0.1947 39.253959
0.1948 45.045146
0.1949 48.788144
0.1950 52.524748
0.1951 47.249760
0.1952 41.010388
0.1953 33.811250
0.1954 33.629765
0.1955 33.458726
0.1956 44.238817
0.1957 42.009820
0.1958 43.776251
0.1959 44.538828
0.1960 42.313147
0.1961 44.081276
0.1962 41.849246
0.1963 45.626491
0.1964 46.377172
0.1965 44.132694
0.1966 46.886381
0.1967 52.607509
0.1968 54.322755
0.1969 53.032178
0.1970 53.744890
0.1971 44.474910
0.1972 48.226797
0.1973 44.969382
0.1974 42.723287
0.1975 50.475913
0.1976 46.219659
0.1977 46.979413
0.1978 45.732063
0.1979 50.465436
0.1980 55.178517
0.1981 58.872150
0.1982 65.546504
0.1983 66.191249
0.1984 60.854511
0.1985 59.527771
0.1986 62.201247
0.1987 59.863788
0.1988 56.562426
0.1989 55.269285
0.1990 50.983952
0.1991 43.734772
0.1992 45.483517
0.1993 45.235846
0.1994 48.974892
0.1995 49.711577
0.1996 50.444473
0.1997 53.166014
0.1998 52.877401
0.1999 56.580641
0.2000 59.271508
0.2001 63.946141
0.2002 61.600226
0.2003 58.270690
0.2004 60.947634
0.2005 62.617395
0.2006 65.279032
0.2007 67.917585
0.2008 73.541488
0.2009 63.158571
0.2010 53.845376
0.2011 47.577527
0.2012 49.498089
0.2013 42.657745
0.2014 43.831827
0.2015 42.010672
0.2016 41.197015
0.2017 40.372626
0.2018 39.557589
0.2019 37.765546
0.2020 39.954303
0.2021 36.157046
0.2022 34.362365
0.2023 32.580565
0.2024 26.824192
0.2025 35.071058
0.2026 28.308103
0.2027 24.570214
0.2028 25.825398
0.2029 31.081695
0.2030 30.315857
0.2031 23.566973
0.2032 26.831236
0.2033 30.080823
0.2034 30.318685
0.2035 24.573734
0.2036 27.842205
0.2037 20.113205
0.2038 24.393600
0.2039 17.673226
0.2040 15.986694
0.2041 14.310701
0.2042 21.615200
0.2043 17.901947
0.2044 19.211970
0.2045 20.500351
0.2046 10.810511
0.2047 19.132713
0.2048 18.435863
0.2049 18.740828
0.2050 20.048847
0.2051 22.338849
0.2052 25.607141
0.2053 25.871598
0.2054 35.113951
0.2055 36.323586
0.2056 33.531996
0.2057 31.761878
0.2058 36.978755
0.2059 38.179293
0.2060 39.384403
0.2061 37.588394
0.2062 39.778748
0.2063 31.983644
0.2064 32.211036
0.2065 36.420096
0.2066 36.624027
0.2067 37.945807
0.2068 42.274810
0.2069 48.546085
0.2070 49.685466
0.2071 53.806415
0.2072 57.895217
0.2073 54.999204
0.2074 53.108171
0.2075 62.195935
0.2076 68.248749
0.2077 69.284930
0.2078 74.306492
0.2079 78.293372
0.2080 84.267671
0.2081 86.205918
0.2082 91.130151
0.2083 97.036894
0.2084 100.907171
0.2085 99.775451
0.2086 100.638141
0.2087 98.500751
0.2088 104.345625
0.2089 104.185142
0.2090 104.029472
0.2091 111.854800
0.2092 111.659240
0.2093 114.457740
0.2094 115.241493
0.2095 112.034302
0.2096 111.846073
0.2097 114.660554
0.2098 115.443677
0.2099 115.227587
0.2100 120.990340
0.2101 122.738462
0.2102 123.475363
0.2103 123.283765
0.2104 119.163270
0.2105 118.057134
0.2106 105.997202
0.2107 100.981004
0.2108 95.974398
0.2109 94.995103
0.2110 89.929331
0.2111 82.863415
0.2112 85.807050
0.2113 87.734628
0.2114 92.657804
0.2115 98.543737
0.2116 92.434582
0.2117 95.331669
0.2118 97.221198
0.2119 92.109058
0.2120 87.032791
0.2121 82.979574
0.2122 78.876711
0.2123 73.740138
0.2124 76.604536
0.2125 82.438907
0.2126 84.261049
0.2127 86.069484
0.2128 85.882160
0.2129 86.686391
0.2130 90.483316
0.2131 92.255460
0.2132 94.013986
0.2133 98.762220
0.2134 99.505442
0.2135 101.236446
0.2136 100.956275
0.2137 101.686641
0.2138 107.397929
0.2139 109.087235
0.2140 104.784788
0.2141 98.511348
0.2142 100.252216
0.2143 99.983674
0.2144 97.718758
0.2145 106.446462
0.2146 107.137710
0.2147 99.857222
0.2148 104.568940
0.2149 110.263527
0.2150 114.934433
0.2151 118.577015
0.2152 116.215807
0.2153 114.868979
0.2154 111.542005
0.2155 106.232486
0.2156 99.953002
0.2157 89.722150
0.2158 85.524444
0.2159 81.346028
0.2160 83.174011
0.2161 80.016537
0.2162 75.866457
0.2163 78.711144
0.2164 76.565797
0.2165 70.423350
0.2166 59.335665
0.2167 49.214637
0.2168 40.110092
0.2169 38.037365
0.2170 26.004453
0.2171 17.020013
0.2172 14.077829
0.2173 6.156356
0.2174 4.263431
0.2175 7.362393
0.2176 7.449416
0.2177 8.539473
0.2178 6.632850
0.2179 5.739766
0.2180 5.830891
0.2181 3.938837
0.2182 3.042107
0.2183 6.152410
0.2184 6.248516
0.2185 5.353067
0.2186 5.459544
0.2187 2.580569
0.2188 1.706879
0.2189 4.822083
0.2190 6.959091
0.2191 6.201485
0.2192 0.456305
0.2193 1.717285
0.2194 1.977624
0.2195 0.236890
0.2196 3.616658
0.2197 1.401348
0.2198 1.325095
0.2199 2.161361
0.2200 0.076529
0.2201 1.008614
0.2202 4.144362
0.2203 0.621936
0.2204 2.443170
0.2205 1.420036
0.2206 0.689260
0.2207 1.219926
0.2208 1.083249
0.2209 1.188351
0.2210 0.903249
0.2211 0.823429
0.2212 4.797212
0.2213 0.915639
0.2214 1.170873
0.2215 2.494030
0.2216 0.936279
0.2217 0.417746
0.2218 2.320719
0.2219 1.271403
0.2220 0.223370
0.2221 0.282551
0.2222 2.295550
0.2223 0.245250
0.2224 2.178896
0.2225 2.994458
0.2226 1.933341
0.2227 1.884869
0.2228 0.906634
0.2229 1.119576
0.2230 0.371761
0.2231 2.599417
0.2232 1.931253
0.2233 2.417932
0.2234 3.901418
0.2235 1.361794
0.2236 1.715849
0.2237 1.066885
0.2238 1.578867
0.2239 2.280058
0.2240 3.069957
0.2241 0.901558
0.2242 2.785934
0.2243 1.479885
0.2244 1.207643
0.2245 5.112638
0.2246 0.134317
0.2247 2.282188
0.2248 3.754779
0.2249 1.182731
0.2250 0.632330
0.2251 1.158969
0.2252 1.717995
0.2253 0.276625
0.2254 0.831439
0.2255 0.520858
0.2256 2.014275
0.2257 3.495203
0.2258 0.186985
0.2259 4.029202
0.2260 1.320314
0.2261 1.928379
0.2262 3.575616
0.2263 3.206491
0.2264 0.838698
0.2265 4.267749
0.2266 0.381208
0.2267 1.477072
0.2268 3.395145
0.2269 3.219253
0.2270 3.984633
0.2271 5.962947
0.2272 3.794499
0.2273 3.557656
0.2274 3.325484
0.2275 5.089095
0.2276 2.737809
0.2277 3.459391
0.2278 2.206678
0.2279 0.900900
0.2280 1.597521
0.2281 2.210003
0.2282 5.065667
0.2283 5.156683
0.2284 2.353050
0.2285 2.398796
0.2286 1.467054
0.2287 4.489555
0.2288 4.562749
0.2289 3.536187
0.2290 2.353173
0.2291 5.176858
0.2292 3.135284
0.2293 3.087937
0.2294 5.984189
0.2295 2.819097
0.2296 3.672204
0.2297 1.624193
0.2298 1.466265
0.2299 1.684481
0.2300 5.026627
0.2301 2.249734
0.2302 4.568311
0.2303 0.912036
0.2304 0.772437
0.2305 2.310182
0.2306 3.128716
0.2307 1.031084
0.2308 4.795861
0.2309 5.413415
0.2310 5.115492
0.2311 7.923277
0.2312 0.541608
0.2313 5.081519
0.2314 2.513682
0.2315 2.982095
0.2316 2.899719
0.2317 1.863549
0.2318 0.684637
0.2319 4.537833
0.2320 5.658912
0.2321 2.960823
0.2322 1.311936
0.2323 1.680114
0.2324 1.981420
0.2325 2.209287
0.2326 4.496973
0.2327 4.954780
0.2328 1.427705
0.2329 5.789989
0.2330 4.130750
0.2331 5.697262
0.2332 4.556244
0.2333 7.297326
0.2334 1.727624
0.2335 4.977555
0.2336 3.166128
0.2337 4.298084
0.2338 3.410614
0.2339 2.430223
0.2340 4.799833
0.2341 2.578717
0.2342 7.342148
0.2343 5.264373
0.2344 4.122456
0.2345 2.867750
0.2346 4.486257
0.2347 6.000290
0.2348 3.344774
0.2349 1.666629
0.2350 7.779040
0.2351 4.921381
0.2352 5.968879
0.2353 7.734063
0.2354 6.320318
0.2355 6.675934
0.2356 4.055665
0.2357 2.450328
0.2358 4.024639
0.2359 2.794713
0.2360 5.552113
0.2361 11.312806
0.2362 7.108333
0.2363 7.794384
0.2364 7.485466
0.2365 6.245236
0.2366 5.887351
0.2367 6.245754
0.2368 4.423397
0.2369 5.572612
0.2370 1.852339
0.2371 3.254719
0.2372 6.673072
0.2373 11.915827
0.2374 8.949051
0.2375 7.871913
0.2376 4.724327
0.2377 6.334082
0.2378 9.973659
0.2379 9.468491
0.2380 8.008333
0.2381 10.818021
0.2382 7.552786
0.2383 9.204008
0.2384 10.885306
0.2385 7.737474
0.2386 6.771134
0.2387 5.798528
0.2388 8.785613
0.2389 12.775640
0.2390 8.737887
0.2391 18.658153
0.2392 20.328225
0.2393 16.015386
0.2394 18.702435
0.2395 18.159112
0.2396 15.588411
0.2397 21.855495
0.2398 20.096072
0.2399 20.151097
0.2400 15.154511
0.2401 17.162468
0.2402 25.146772
0.2403 27.129791
0.2404 25.234321
0.2405 25.304206
0.2406 31.245851
0.2407 40.908857
0.2408 38.386372
0.2409 36.663912
0.2410 60.815532
0.2411 58.801179
0.2412 54.713203
0.2413 57.578306
0.2414 75.238075
0.2415 95.607896
0.2416 114.804033
0.2417 144.621287
0.2418 173.147432
0.2419 190.516370
0.2420 220.644862
0.2421 261.496306
0.2422 296.092723
0.2423 327.504946
0.2424 349.767063
0.2425 377.916771
0.2426 417.861189
0.2427 437.648626
0.2428 469.322190
0.2429 501.799507
0.2430 531.124154
0.2431 567.264332
0.2432 606.202633
0.2433 642.865993
0.2434 664.287681
0.2435 698.483744
0.2436 716.517891
0.2437 748.323103
0.2438 771.946695
0.2439 793.429660
0.2440 808.829090
0.2441 836.781727
0.2442 857.519723
0.2443 873.123913
0.2444 882.576024
0.2445 894.841422
0.2446 912.025193
0.2447 928.090794
0.2448 948.934200
0.2449 960.568777
0.2450 976.008705
0.2451 1002.329747
0.2452 1021.526991
0.2453 1040.621608
0.2454 1056.620472
0.2455 1061.555735
0.2456 1074.448622
0.2457 1094.171548
0.2458 1107.752739
0.2459 1133.195496
0.2460 1142.450685
0.2461 1160.513415
0.2462 1181.447353
0.2463 1199.289166
0.2464 1215.026400
0.2465 1223.716743
0.2466 1239.330544
0.2467 1252.748275
0.2468 1262.086300
0.2469 1268.256427
0.2470 1265.396713
0.2471 1267.553132
0.2472 1272.697431
0.2473 1274.733628
0.2474 1285.696192
0.2475 1291.599177
0.2476 1306.448826
0.2477 1308.262380
0.2478 1304.080410
0.2479 1301.906175
0.2480 1307.723727
0.2481 1312.508607
0.2482 1312.261745
0.2483 1315.908263
0.2484 1313.541903
0.2485 1314.049650
0.2486 1312.567890
0.2487 1308.089842
0.2488 1305.624671
0.2489 1312.083427
0.2490 1313.461991
0.2491 1321.736984
0.2492 1318.933454
0.2493 1322.176376
0.2494 1323.502087
0.2495 1323.817774
0.2496 1330.111813
0.2497 1332.247472
0.2498 1330.255197
0.2499 1335.266497
