0.0000 0.000000
0.0001 0.000000
0.0002 0.000000
0.0003 0.000000
0.0004 0.000000
0.0005 0.000000
0.0006 0.000000
0.0007 0.000000
0.0008 0.000000
0.0009 0.000000
0.0010 0.000000
0.0011 0.000000
0.0012 0.000000
0.0013 0.000000
0.0014 0.000000
0.0015 0.000000
0.0016 0.000000
0.0017 0.000000
0.0018 0.000000
0.0019 0.000000
0.0020 0.000000
0.0021 0.000000
0.0022 0.000000
0.0023 0.000000
0.0024 0.000000
0.0025 0.000000
0.0026 0.000000
0.0027 0.000000
0.0028 0.000000
0.0029 0.000000
0.0030 0.000000
0.0031 0.029474
0.0032 0.163007
0.0033 0.295826
0.0034 0.535612
0.0035 0.800130
0.0036 1.063232
0.0037 0.329102
0.0038 0.594724
0.0039 0.858925
0.0040 0.136188
0.0041 0.515190
0.0042 1.025188
0.0043 0.678474
0.0044 0.897775
0.0045 0.405226
0.0046 0.098994
0.0047 0.763114
0.0048 0.704307
0.0049 0.902414
0.0050 1.277412
0.0051 0.676903
0.0052 0.230822
0.0053 1.007140
0.0054 0.766520
0.0055 0.798002
0.0056 0.144383
0.0057 0.771155
0.0058 0.768383
0.0059 1.149683
0.0060 0.569409
0.0061 0.947695
0.0062 0.232135
0.0063 0.643495
0.0064 1.063065
0.0065 0.618808
0.0066 0.503178
0.0067 0.343865
0.0068 1.251015
0.0069 0.340578
0.0070 0.430438
0.0071 1.518614
0.0072 2.405194
0.0073 -0.692078
0.0074 0.451540
0.0075 -0.160811
0.0076 1.256380
0.0077 0.433035
0.0078 1.651335
0.0079 1.774952
0.0080 0.996289
0.0081 0.309333
0.0082 0.845379
0.0083 0.719009
0.0084 1.612763
0.0085 2.490936
0.0086 0.453545
0.0087 0.274138
0.0088 1.038197
0.0089 1.828232
0.0090 0.684866
0.0091 1.653517
0.0092 1.859755
0.0093 1.115430
0.0094 0.149264
0.0095 1.288221
0.0096 1.736057
0.0097 1.158595
0.0098 1.476173
0.0099 1.047217
0.0100 1.655529
0.0101 0.380090
0.0102 1.154974
0.0103 0.984157
0.0104 0.987323
0.0105 1.130508
0.0106 1.305326
0.0107 0.376971
0.0108 1.283599
0.0109 1.031911
0.0110 2.918622
0.0111 3.270674
0.0112 0.884821
0.0113 0.654684
0.0114 0.560853
0.0115 1.865400
0.0116 0.489068
0.0117 2.029971
0.0118 2.385611
0.0119 0.802429
0.0120 0.820921
0.0121 0.741914
0.0122 2.801796
0.0123 2.196679
0.0124 3.863936
0.0125 1.743595
0.0126 3.586620
0.0127 2.381217
0.0128 1.128217
0.0129 0.968636
0.0130 1.872115
0.0131 0.391798
0.0132 1.862660
0.0133 2.587009
0.0134 0.335360
0.0135 1.121905
0.0136 1.960485
0.0137 0.869444
0.0138 0.629065
0.0139 0.535223
0.0140 2.554349
0.0141 1.349150
0.0142 4.099993
0.0143 0.935964
0.0144 2.662275
0.0145 1.441418
0.0146 1.281233
0.0147 4.116341
0.0148 0.946040
0.0149 1.586445
0.0150 2.275411
0.0151 2.915165
0.0152 2.617018
0.0153 0.174714
0.0154 1.436227
0.0155 1.800377
0.0156 3.334606
0.0157 3.163877
0.0158 1.078844
0.0159 3.160480
0.0160 2.356418
0.0161 1.576598
0.0162 1.016424
0.0163 3.521725
0.0164 2.027104
0.0165 2.408980
0.0166 1.912167
0.0167 2.375201
0.0168 1.699732
0.0169 0.176887
0.0170 1.582040
0.0171 1.038516
0.0172 2.543780
0.0173 2.753443
0.0174 0.907257
0.0175 0.139147
0.0176 3.327698
0.0177 1.633261
0.0178 0.956497
0.0179 3.309349
0.0180 3.460307
0.0181 2.793252
0.0182 5.351543
0.0183 2.055685
0.0184 5.171913
0.0185 2.339043
0.0186 1.487069
0.0187 1.467036
0.0188 4.296386
0.0189 0.213345
0.0190 2.016691
0.0191 1.875803
0.0192 3.903477
0.0193 1.946975
0.0194 1.121207
0.0195 3.454089
0.0196 2.892134
0.0197 5.290203
0.0198 3.735431
0.0199 2.341916
0.0200 3.163411
0.0201 2.258643
0.0202 0.656691
0.0203 3.771517
0.0204 8.838840
0.0205 8.906425
0.0206 1.892733
0.0207 3.959428
0.0208 6.920019
0.0209 3.741768
0.0210 5.413195
0.0211 3.979543
0.0212 2.629173
0.0213 6.191249
0.0214 3.947661
0.0215 6.648965
0.0216 5.363441
0.0217 4.121901
0.0218 11.757088
0.0219 4.327570
0.0220 5.799354
0.0221 6.041313
0.0222 2.393427
0.0223 5.819792
0.0224 2.933334
0.0225 2.175062
0.0226 3.469429
0.0227 8.665498
0.0228 6.957610
0.0229 8.025844
0.0230 11.040128
0.0231 3.051635
0.0232 10.062198
0.0233 5.973135
0.0234 7.689353
0.0235 2.221981
0.0236 8.967708
0.0237 5.713516
0.0238 11.489667
0.0239 5.227406
0.0240 3.816671
0.0241 3.573490
0.0242 4.432303
0.0243 9.240362
0.0244 8.857659
0.0245 6.203834
0.0246 8.068105
0.0247 5.734453
0.0248 11.209371
0.0249 6.510596
0.0250 8.876866
0.0251 4.046463
0.0252 17.138270
0.0253 6.132621
0.0254 8.055909
0.0255 7.876554
0.0256 9.603537
0.0257 14.416380
0.0258 6.536106
0.0259 9.571948
0.0260 8.770808
0.0261 14.024628
0.0262 13.181168
0.0263 16.375712
0.0264 15.625962
0.0265 10.822363
0.0266 18.704035
0.0267 15.423958
0.0268 22.072143
0.0269 25.717065
0.0270 21.362817
0.0271 12.951605
0.0272 17.524309
0.0273 25.034739
0.0274 29.559922
0.0275 46.154742
0.0276 33.550584
0.0277 48.866972
0.0278 49.286590
0.0279 46.641230
0.0280 62.852086
0.0281 63.955578
0.0282 63.971430
0.0283 76.988778
0.0284 80.134401
0.0285 100.257514
0.0286 128.405853
0.0287 161.398261
0.0288 187.110703
0.0289 218.686685
0.0290 241.086020
0.0291 246.406647
0.0292 270.668455
0.0293 295.797911
0.0294 323.457228
0.0295 353.608578
0.0296 377.629298
0.0297 402.516460
0.0298 440.078217
0.0299 479.411946
0.0300 515.329574
0.0301 545.008130
0.0302 575.373760
0.0303 619.361857
0.0304 652.115137
0.0305 671.746543
0.0306 698.234559
0.0307 722.467490
0.0308 757.537691
0.0309 788.294545
0.0310 806.914613
0.0311 822.432149
0.0312 821.864112
0.0313 814.233085
0.0314 799.556549
0.0315 801.892667
0.0316 810.221519
0.0317 827.459063
0.0318 836.636693
0.0319 857.537669
0.0320 872.250970
0.0321 897.883697
0.0322 909.343455
0.0323 926.649376
0.0324 950.853552
0.0325 969.921369
0.0326 995.889313
0.0327 1012.724506
0.0328 1028.362884
0.0329 1049.759813
0.0330 1067.038015
0.0331 1081.081981
0.0332 1113.892920
0.0333 1132.559022
0.0334 1149.072799
0.0335 1169.274562
0.0336 1183.316397
0.0337 1189.117667
0.0338 1199.740013
0.0339 1218.276815
0.0340 1230.726300
0.0341 1249.093475
0.0342 1266.363079
0.0343 1275.454115
0.0344 1285.491531
0.0345 1292.444509
0.0346 1296.354194
0.0347 1317.220157
0.0348 1327.015498
0.0349 1335.762347
0.0350 1347.451830
0.0351 1351.100414
0.0352 1357.724485
0.0353 1369.300384
0.0354 1378.814981
0.0355 1390.284710
0.0356 1400.692704
0.0357 1414.884884
0.0358 1423.026568
0.0359 1426.138219
0.0360 1427.017173
0.0361 1423.863762
0.0362 1431.632076
0.0363 1432.302451
0.0364 1426.011451
0.0365 1421.710659
0.0366 1421.446039
0.0367 1428.149997
0.0368 1434.824933
0.0369 1440.453412
0.0370 1448.847523
0.0371 1451.022504
0.0372 1453.111089
0.0373 1459.113426
0.0374 1440.143197
0.0375 1429.285034
0.0376 1420.410079
0.0377 1413.387765
0.0378 1410.369234
0.0379 1411.373109
0.0380 1414.359984
0.0381 1414.322958
0.0382 1414.284338
0.0383 1417.235994
0.0384 1420.177292
0.0385 1423.105725
0.0386 1424.989363
0.0387 1416.784581
0.0388 1419.593540
0.0389 1422.275954
0.0390 1415.935394
0.0391 1418.623319
0.0392 1415.191320
0.0393 1412.754818
0.0394 1417.307486
0.0395 1410.867353
0.0396 1405.457913
0.0397 1408.061556
0.0398 1407.658284
0.0399 1401.225179
0.0400 1395.731647
0.0401 1397.245298
0.0402 1397.771095
0.0403 1400.276640
0.0404 1398.782041
0.0405 1397.298936
0.0406 1395.816318
0.0407 1396.343611
0.0408 1398.833317
0.0409 1391.219278
0.0410 1387.636131
0.0411 1377.998236
0.0412 1368.383530
0.0413 1358.817865
0.0414 1357.273544
0.0415 1363.709633
0.0416 1362.134450
0.0417 1358.588124
0.0418 1349.065859
0.0419 1330.631816
0.0420 1331.253194
0.0421 1329.854225
0.0422 1325.481725
0.0423 1316.134013
0.0424 1313.716758
0.0425 1310.302501
0.0426 1303.910714
0.0427 1298.539126
0.0428 1296.185922
0.0429 1289.854223
0.0430 1282.576223
0.0431 1267.345928
0.0432 1266.158598
0.0433 1267.972375
0.0434 1260.804848
0.0435 1253.672856
0.0436 1250.564111
0.0437 1252.457227
0.0438 1250.359897
0.0439 1250.262986
0.0440 1248.172896
0.0441 1247.095533
0.0442 1244.022249
0.0443 1240.958612
0.0444 1237.909483
0.0445 1236.887856
0.0446 1239.847793
0.0447 1243.650713
0.0448 1237.332084
0.0449 1228.060870
0.0450 1219.838452
0.0451 1212.653506
0.0452 1213.495434
0.0453 1205.350405
0.0454 1202.239906
0.0455 1200.133608
0.0456 1198.041677
0.0457 1201.940747
0.0458 1197.713723
0.0459 1197.496058
0.0460 1193.292265
0.0461 1194.095007
0.0462 1194.895271
0.0463 1185.617183
0.0464 1183.333360
0.0465 1178.078784
0.0466 1171.848164
0.0467 1173.633682
0.0468 1179.386596
0.0469 1171.156206
0.0470 1170.948664
0.0471 1161.758237
0.0472 1158.607640
0.0473 1145.510306
0.0474 1137.475488
0.0475 1117.496230
0.0476 1102.623145
0.0477 1084.828195
0.0478 1066.136474
0.0479 1050.475776
0.0480 1032.830641
0.0481 1028.248815
0.0482 1022.686625
0.0483 1017.148454
0.0484 1005.676315
0.0485 992.256961
0.0486 988.881376
0.0487 978.550258
0.0488 970.281708
0.0489 971.016664
0.0490 962.656331
0.0491 959.311578
0.0492 965.911412
0.0493 967.362328
0.0494 963.722867
0.0495 955.106029
0.0496 948.535570
0.0497 949.968607
0.0498 949.271436
0.0499 947.577459
0.0500 954.876610
0.0501 955.153426
0.0502 953.437240
0.0503 950.736704
0.0504 934.081503
0.0505 894.565928
0.0506 858.266777
0.0507 822.173701
0.0508 797.245829
0.0509 779.428186
0.0510 760.699271
0.0511 749.075202
0.0512 741.493203
0.0513 737.922855
0.0514 735.372547
0.0515 726.838960
0.0516 729.339273
0.0517 726.839299
0.0518 729.349589
0.0519 725.856996
0.0520 723.375202
0.0521 723.889846
0.0522 725.411840
0.0523 722.938510
0.0524 724.463293
0.0525 723.976401
0.0526 707.534261
0.0527 667.247391
0.0528 636.144887
0.0529 597.245060
0.0530 552.593297
0.0531 540.078719
0.0532 526.613713
0.0533 518.197408
0.0534 515.840460
0.0535 508.486679
0.0536 507.171677
0.0537 509.865571
0.0538 520.513114
0.0539 533.091406
0.0540 536.640030
0.0541 542.152503
0.0542 551.624560
0.0543 561.051445
0.0544 568.429063
0.0545 573.768759
0.0546 576.088970
0.0547 578.399484
0.0548 578.697265
0.0549 587.976137
0.0550 592.209467
0.0551 598.413783
0.0552 596.600770
0.0553 592.810958
0.0554 593.037829
0.0555 593.258825
0.0556 592.481056
0.0557 596.696141
0.0558 596.890421
0.0559 598.961373
0.0560 607.992977
0.0561 612.995936
0.0562 617.958352
0.0563 628.890729
0.0564 629.786470
0.0565 632.679290
0.0566 633.553779
0.0567 633.443812
0.0568 636.309338
0.0569 640.158339
0.0570 642.988579
0.0571 648.800172
0.0572 652.570346
0.0573 650.219783
0.0574 654.847755
0.0575 661.450899
0.0576 662.030589
0.0577 661.609830
0.0578 664.191050
0.0579 662.768813
0.0580 664.343384
0.0581 669.909464
0.0582 669.456492
0.0583 668.999371
0.0584 672.532065
0.0585 676.049229
0.0586 678.558126
0.0587 681.041838
0.0588 683.517425
0.0589 686.978501
0.0590 689.423070
0.0591 683.868573
0.0592 682.351272
0.0593 678.827017
0.0594 666.357791
0.0595 664.927263
0.0596 662.507145
0.0597 663.084450
0.0598 666.653527
0.0599 670.207582
0.0600 671.746730
0.0601 675.275850
0.0602 679.774758
0.0603 680.263489
0.0604 676.762215
0.0605 678.265779
0.0606 677.762075
0.0607 668.284435
0.0608 650.876046
0.0609 604.609139
0.0610 545.536000
0.0611 502.737198
0.0612 457.185192
0.0613 438.797549
0.0614 416.519838
0.0615 401.334483
0.0616 399.184974
0.0617 392.074379
0.0618 388.986023
0.0619 392.892321
0.0620 395.789499
0.0621 395.659964
0.0622 392.552281
0.0623 393.457278
0.0624 396.334990
0.0625 407.189058
0.0626 413.988464
0.0627 418.745119
0.0628 418.507373
0.0629 419.270068
0.0630 425.990924
0.0631 434.688834
0.0632 435.353235
0.0633 433.027523
0.0634 425.731571
0.0635 431.448716
0.0636 445.101317
0.0637 446.704776
0.0638 448.308653
0.0639 457.881747
0.0640 465.401589
0.0641 466.900541
0.0642 474.371644
0.0643 476.821548
0.0644 484.246175
0.0645 487.638919
0.0646 495.004202
0.0647 497.348936
0.0648 492.691655
0.0649 490.055288
0.0650 482.450114
0.0651 483.869959
0.0652 485.271326
0.0653 477.684335
0.0654 475.125575
0.0655 475.580949
0.0656 479.027991
0.0657 479.464524
0.0658 479.896632
0.0659 482.312476
0.0660 486.720187
0.0661 482.113379
0.0662 483.522562
0.0663 484.925327
0.0664 482.325251
0.0665 481.745336
0.0666 476.170626
0.0667 459.651174
0.0668 437.259767
0.0669 415.963717
0.0670 375.834838
0.0671 343.909678
0.0672 330.106862
0.0673 306.417110
0.0674 293.804257
0.0675 282.274703
0.0676 275.779573
0.0677 279.290492
0.0678 280.780121
0.0679 288.263701
0.0680 284.733482
0.0681 288.189913
0.0682 286.645064
0.0683 282.115731
0.0684 277.617380
0.0685 282.120310
0.0686 289.587392
0.0687 290.031834
0.0688 290.478996
0.0689 298.895220
0.0690 293.321873
0.0691 300.729878
0.0692 300.114248
0.0693 308.461356
0.0694 314.786207
0.0695 314.098034
0.0696 308.437793
0.0697 298.810964
0.0698 297.212604
0.0699 294.615984
0.0700 292.051072
0.0701 289.491832
0.0702 297.941422
0.0703 307.603290
0.0704 313.337364
0.0705 315.040741
0.0706 322.739316
0.0707 330.379237
0.0708 332.995045
0.0709 330.609695
0.0710 338.226191
0.0711 337.818063
0.0712 345.392747
0.0713 345.939642
0.0714 350.477773
0.0715 351.000817
0.0716 355.505461
0.0717 344.032773
0.0718 338.606665
0.0719 332.205671
0.0720 330.841455
0.0721 329.475284
0.0722 324.128200
0.0723 321.804455
0.0724 327.467903
0.0725 334.104269
0.0726 326.728127
0.0727 319.401888
0.0728 319.089568
0.0729 312.804441
0.0730 311.538392
0.0731 299.304203
0.0732 299.105292
0.0733 290.933107
0.0734 291.768688
0.0735 287.626606
0.0736 284.498434
0.0737 286.374039
0.0738 276.260265
0.0739 253.235156
0.0740 228.346995
0.0741 198.612983
0.0742 173.031159
0.0743 161.551996
0.0744 154.114705
0.0745 143.720798
0.0746 143.365085
0.0747 139.012260
0.0748 147.632249
0.0749 144.251356
0.0750 148.865015
0.0751 140.471301
0.0752 129.152603
0.0753 120.884805
0.0754 99.691038
0.0755 72.622006
0.0756 51.711974
0.0757 37.879511
0.0758 30.098367
0.0759 23.351497
0.0760 15.656336
0.0761 18.977849
0.0762 9.293636
0.0763 17.614989
0.0764 6.953437
0.0765 10.309837
0.0766 18.625220
0.0767 9.039244
0.0768 8.533882
0.0769 8.110117
0.0770 4.790344
0.0771 8.667736
0.0772 5.569863
0.0773 5.472982
0.0774 8.381076
0.0775 6.317971
0.0776 3.465485
0.0777 7.710175
0.0778 4.022994
0.0779 1.562628
0.0780 4.220342
0.0781 4.036307
0.0782 8.010174
0.0783 5.122828
0.0784 1.329515
0.0785 7.586341
0.0786 0.848269
0.0787 1.115552
0.0788 1.378488
0.0789 3.635442
0.0790 1.908423
0.0791 1.309200
0.0792 3.800019
0.0793 3.333835
0.0794 3.861069
0.0795 2.448959
0.0796 4.105514
0.0797 3.868739
0.0798 0.889069
0.0799 3.916486
0.0800 0.853705
0.0801 5.852747
0.0802 0.690347
0.0803 3.609080
0.0804 8.401015
0.0805 2.194413
0.0806 5.083267
0.0807 1.014811
0.0808 4.952348
0.0809 3.959413
0.0810 2.893545
0.0811 1.842694
0.0812 3.991363
0.0813 2.285650
0.0814 0.487042
0.0815 3.858537
0.0816 1.552894
0.0817 1.460881
0.0818 2.702691
0.0819 2.043247
0.0820 0.850408
0.0821 2.661470
0.0822 1.339265
0.0823 4.058243
0.0824 2.041398
0.0825 1.986761
0.0826 2.936370
0.0827 1.823206
0.0828 3.034980
0.0829 3.535965
0.0830 4.464921
0.0831 3.589294
0.0832 1.904561
0.0833 1.295435
0.0834 0.901334
0.0835 4.576605
0.0836 2.135534
0.0837 2.927861
0.0838 2.650320
0.0839 2.203497
0.0840 1.742471
0.0841 0.403229
0.0842 1.148123
0.0843 3.970737
0.0844 0.754610
0.0845 2.474577
0.0846 1.212722
0.0847 0.881571
0.0848 0.763322
0.0849 3.789261
0.0850 1.943245
0.0851 2.188710
0.0852 4.425242
0.0853 3.647234
0.0854 4.839282
0.0855 3.810158
0.0856 3.940807
0.0857 4.421400
0.0858 5.110053
0.0859 1.974149
0.0860 2.866737
0.0861 1.709549
0.0862 3.604342
0.0863 1.743485
0.0864 3.892479
0.0865 4.879825
0.0866 2.149903
0.0867 7.579157
0.0868 3.308987
0.0869 0.505952
0.0870 3.961885
0.0871 1.468893
0.0872 3.904331
0.0873 3.201377
0.0874 3.745866
0.0875 5.511226
0.0876 1.279629
0.0877 5.915031
0.0878 3.479950
0.0879 3.827549
0.0880 6.144048
0.0881 3.617755
0.0882 5.337880
0.0883 6.312639
0.0884 6.448933
0.0885 6.608233
0.0886 7.624782
0.0887 4.652003
0.0888 4.744619
0.0889 4.902528
0.0890 11.932587
0.0891 4.962128
0.0892 2.860938
0.0893 5.698930
0.0894 3.670258
0.0895 0.548941
0.0896 7.448925
0.0897 5.264131
0.0898 2.940148
0.0899 2.708313
0.0900 5.460139
0.0901 4.140549
0.0902 3.844407
0.0903 3.412370
0.0904 3.709846
0.0905 5.025835
0.0906 7.252662
0.0907 2.489410
0.0908 3.897291
0.0909 7.487923
0.0910 4.974236
0.0911 8.453665
0.0912 7.985876
0.0913 6.603523
0.0914 4.263096
0.0915 8.882672
0.0916 9.485258
0.0917 11.094092
0.0918 3.736613
0.0919 13.260497
0.0920 9.728665
0.0921 6.208530
0.0922 9.659822
0.0923 12.987762
0.0924 12.287813
0.0925 13.617089
0.0926 14.711073
0.0927 13.791885
0.0928 20.239903
0.0929 11.744495
0.0930 10.206088
0.0931 13.437632
0.0932 12.136051
0.0933 13.828401
0.0934 11.559580
0.0935 15.059364
0.0936 14.442128
0.0937 13.754544
0.0938 14.169992
0.0939 9.352815
0.0940 11.804265
0.0941 10.430132
0.0942 6.985176
0.0943 14.276989
0.0944 14.176855
0.0945 17.018559
0.0946 9.132385
0.0947 7.460040
0.0948 10.635991
0.0949 9.743505
0.0950 17.877475
0.0951 7.045087
0.0952 8.830255
0.0953 14.488000
0.0954 7.907597
0.0955 7.161927
0.0956 10.232112
0.0957 8.274023
0.0958 11.270190
0.0959 9.183640
0.0960 8.075318
0.0961 13.860366
0.0962 10.791587
0.0963 17.691339
0.0964 6.574293
0.0965 18.350615
0.0966 18.121202
0.0967 17.871043
0.0968 16.474196
0.0969 22.829760
0.0970 21.170160
0.0971 16.497322
0.0972 15.697184
0.0973 29.758497
0.0974 24.799831
0.0975 21.857121
0.0976 30.899155
0.0977 34.901554
0.0978 29.894424
0.0979 35.004663
0.0980 34.098660
0.0981 44.164828
0.0982 49.237526
0.0983 82.198766
0.0984 106.893152
0.0985 134.439076
0.0986 167.863075
0.0987 198.197957
0.0988 235.338516
0.0989 282.231985
0.0990 319.905920
0.0991 333.397598
0.0992 372.676362
0.0993 394.670114
0.0994 429.440106
0.0995 451.697537
0.0996 501.761399
0.0997 538.563006
0.0998 565.101245
0.0999 597.456776
0.1000 645.613916
0.1001 677.422791
0.1002 712.891426
0.1003 749.064334
0.1004 786.059308
0.1005 807.796057
0.1006 857.300967
0.1007 883.601301
0.1008 909.743315
0.1009 914.803922
0.1010 935.657110
0.1011 964.381071
0.1012 979.987927
0.1013 993.512823
0.1014 1017.953580
0.1015 1035.163216
0.1016 1055.244928
0.1017 1085.190577
0.1018 1106.000249
0.1019 1127.706387
0.1020 1138.323111
0.1021 1140.912615
0.1022 1136.497062
0.1023 1112.014686
0.1024 1103.503301
0.1025 1093.858075
0.1026 1084.112607
0.1027 1068.304600
0.1028 1049.508290
0.1029 1047.646073
0.1030 1064.748682
0.1031 1069.709831
0.1032 1078.506127
0.1033 1094.930777
0.1034 1115.236996
0.1035 1132.436885
0.1036 1155.513716
0.1037 1175.484371
0.1038 1198.346240
0.1039 1215.085474
0.1040 1229.750275
0.1041 1239.351447
0.1042 1255.833182
0.1043 1262.175009
0.1044 1274.454089
0.1045 1275.589467
0.1046 1286.664089
0.1047 1302.673210
0.1048 1318.600451
0.1049 1334.444510
0.1050 1346.216286
0.1051 1364.886674
0.1052 1370.501397
0.1053 1368.103918
0.1054 1384.680661
0.1055 1384.213875
0.1056 1393.673716
0.1057 1395.016883
0.1058 1397.342246
0.1059 1403.651767
0.1060 1403.940800
0.1061 1417.191584
0.1062 1412.413416
0.1063 1406.587230
0.1064 1409.722481
0.1065 1418.827642
0.1066 1425.881788
0.1067 1426.846880
0.1068 1420.755207
0.1069 1423.683066
0.1070 1423.588470
0.1071 1422.376632
0.1072 1423.151677
0.1073 1420.868246
0.1074 1414.416358
0.1075 1410.972782
0.1076 1407.482103
0.1077 1396.876501
0.1078 1399.259979
0.1079 1393.646968
0.1080 1395.939470
0.1081 1402.195584
0.1082 1412.276342
0.1083 1420.284647
0.1084 1423.270683
0.1085 1420.237989
0.1086 1430.200717
0.1087 1428.144746
0.1088 1419.120702
0.1089 1418.983713
0.1090 1402.754323
0.1091 1400.591961
0.1092 1398.418527
0.1093 1397.257839
0.1094 1393.118392
0.1095 1393.979138
0.1096 1391.749933
0.1097 1385.489511
0.1098 1396.105092
0.1099 1394.692383
0.1100 1395.278831
0.1101 1390.889321
0.1102 1391.498350
0.1103 1384.993176
0.1104 1383.520352
0.1105 1380.043203
0.1106 1381.586485
0.1107 1380.060393
0.1108 1380.459846
0.1109 1376.874760
0.1110 1365.329268
0.1111 1354.851162
0.1112 1349.413643
0.1113 1340.024221
0.1114 1340.635602
0.1115 1336.261157
0.1116 1330.916573
0.1117 1326.589405
0.1118 1324.303074
0.1119 1321.016670
0.1120 1319.742804
0.1121 1318.406490
0.1122 1313.019747
0.1123 1313.649602
0.1124 1314.284834
0.1125 1311.915954
0.1126 1311.547042
0.1127 1315.176637
0.1128 1312.804379
0.1129 1310.441037
0.1130 1304.093648
0.1131 1271.832975
0.1132 1243.759861
0.1133 1214.843429
0.1134 1185.082038
0.1135 1131.543903
0.1136 1106.207937
0.1137 1078.020967
0.1138 1054.990889
0.1139 1038.016512
0.1140 1023.037658
0.1141 1016.109949
0.1142 1009.215636
0.1143 1008.344499
0.1144 1011.457329
0.1145 1017.532359
0.1146 1005.636785
0.1147 994.813560
0.1148 978.094653
0.1149 966.425626
0.1150 962.787266
0.1151 957.177452
0.1152 964.560318
0.1153 960.935918
0.1154 963.308880
0.1155 944.714213
0.1156 930.232987
0.1157 910.830006
0.1158 893.514573
0.1159 883.289033
0.1160 881.109676
0.1161 879.938798
0.1162 890.721281
0.1163 887.499348
0.1164 878.224488
0.1165 869.936659
0.1166 853.725659
0.1167 853.548774
0.1168 855.370333
0.1169 858.178016
0.1170 859.973995
0.1171 866.755224
0.1172 870.500385
0.1173 873.099023
0.1174 880.658990
0.1175 898.038506
0.1176 904.345857
0.1177 907.618468
0.1178 916.858063
0.1179 916.068343
0.1180 911.285343
0.1181 894.570826
0.1182 851.997596
0.1183 808.701661
0.1184 784.561345
0.1185 769.529643
0.1186 757.588432
0.1187 749.709246
0.1188 751.823190
0.1189 743.952171
0.1190 739.123147
0.1191 731.319103
0.1192 727.538010
0.1193 731.751986
0.1194 737.942330
0.1195 737.141501
0.1196 739.316204
0.1197 750.450357
0.1198 757.548944
0.1199 760.615189
0.1200 763.661250
0.1201 762.698796
0.1202 761.739086
0.1203 755.811647
0.1204 750.909522
0.1205 751.020665
0.1206 750.142497
0.1207 751.256370
0.1208 754.333627
0.1209 755.424238
0.1210 746.538804
0.1211 751.658584
0.1212 759.749086
0.1213 760.806704
0.1214 765.848527
0.1215 773.854604
0.1216 781.814546
0.1217 792.726863
0.1218 800.590963
0.1219 802.438221
0.1220 810.255791
0.1221 810.038712
0.1222 812.820565
0.1223 818.584224
0.1224 823.315619
0.1225 821.042832
0.1226 822.769541
0.1227 831.474032
0.1228 832.149451
0.1229 823.851087
0.1230 820.570754
0.1231 826.289595
0.1232 828.972475
0.1233 827.669990
0.1234 827.362685
0.1235 815.090551
0.1236 813.851791
0.1237 808.635154
0.1238 810.426119
0.1239 812.207667
0.1240 808.998991
0.1241 810.798069
0.1242 812.580657
0.1243 811.366203
0.1244 814.146462
0.1245 819.904047
0.1246 822.632988
0.1247 820.367448
0.1248 820.100094
0.1249 823.830070
0.1250 825.550000
0.1251 822.270210
0.1252 819.008000
0.1253 814.773035
0.1254 813.544393
0.1255 815.309611
0.1256 810.078785
0.1257 803.894506
0.1258 797.732186
0.1259 744.732137
0.1260 705.986276
0.1261 662.456929
0.1262 642.093452
0.1263 641.784441
0.1264 630.486438
0.1265 614.290366
0.1266 613.146301
0.1267 608.010574
0.1268 594.926301
0.1269 599.858769
0.1270 601.775470
0.1271 598.684487
0.1272 604.590914
0.1273 602.486279
0.1274 602.388301
0.1275 600.294052
0.1276 599.209062
0.1277 603.117821
0.1278 610.003292
0.1279 612.853447
0.1280 616.686138
0.1281 619.502879
0.1282 628.297942
0.1283 631.048875
0.1284 630.791979
0.1285 635.536130
0.1286 638.252132
0.1287 637.852882
0.1288 633.445896
0.1289 626.065693
0.1290 620.736118
0.1291 618.403173
0.1292 616.092941
0.1293 612.808702
0.1294 612.524157
0.1295 612.235524
0.1296 621.920485
0.1297 631.563047
0.1298 637.154690
0.1299 647.720518
0.1300 646.250990
0.1301 644.785903
0.1302 645.316052
0.1303 643.868473
0.1304 638.436930
0.1305 640.007526
0.1306 637.590697
0.1307 640.164957
0.1308 640.730475
0.1309 637.294187
0.1310 640.860779
0.1311 638.428900
0.1312 630.017606
0.1313 627.650292
0.1314 611.325427
0.1315 594.092813
0.1316 565.982763
0.1317 547.020687
0.1318 541.107210
0.1319 531.228960
0.1320 521.401902
0.1321 521.616411
0.1322 511.838888
0.1323 501.130575
0.1324 486.478286
0.1325 481.876220
0.1326 479.307101
0.1327 466.763891
0.1328 458.284189
0.1329 462.812547
0.1330 459.340429
0.1331 460.873928
0.1332 461.401617
0.1333 461.928805
0.1334 467.444841
0.1335 466.941584
0.1336 461.453722
0.1337 456.990880
0.1338 456.541924
0.1339 457.100981
0.1340 460.637603
0.1341 462.168762
0.1342 457.701340
0.1343 459.243708
0.1344 462.771068
0.1345 465.275129
0.1346 467.774482
0.1347 472.253572
0.1348 467.738060
0.1349 461.253646
0.1350 462.775503
0.1351 460.301070
0.1352 457.838343
0.1353 450.407328
0.1354 443.010392
0.1355 449.615532
0.1356 455.188164
0.1357 452.751362
0.1358 461.302698
0.1359 461.826667
0.1360 458.364847
0.1361 457.910552
0.1362 455.458816
0.1363 454.019306
0.1364 451.595805
0.1365 453.171039
0.1366 456.732693
0.1367 458.277605
0.1368 450.836249
0.1369 450.423194
0.1370 446.021669
0.1371 448.624976
0.1372 450.214787
0.1373 446.810385
0.1374 445.414323
0.1375 444.027710
0.1376 443.643343
0.1377 426.299241
0.1378 411.043029
0.1379 396.872228
0.1380 381.788299
0.1381 363.788170
0.1382 349.869580
0.1383 341.032256
0.1384 331.223215
0.1385 326.449791
0.1386 329.687203
0.1387 325.932135
0.1388 318.201023
0.1389 318.492093
0.1390 323.771748
0.1391 331.021488
0.1392 320.269035
0.1393 311.577334
0.1394 312.913584
0.1395 314.234300
0.1396 318.541845
0.1397 315.844550
0.1398 319.134583
0.1399 319.423124
0.1400 317.714778
0.1401 329.975088
0.1402 337.185480
0.1403 333.387368
0.1404 333.592683
0.1405 338.787248
0.1406 338.972971
0.1407 343.142745
0.1408 347.287754
0.1409 346.427774
0.1410 349.566371
0.1411 355.681012
0.1412 357.772019
0.1413 357.853353
0.1414 358.931117
0.1415 360.001433
0.1416 364.054501
0.1417 364.096140
0.1418 365.139081
0.1419 363.182497
0.1420 363.240858
0.1421 366.291272
0.1422 370.322814
0.1423 372.334723
0.1424 374.334835
0.1425 374.325912
0.1426 378.309994
0.1427 379.279812
0.1428 380.250618
0.1429 381.208263
0.1430 386.151039
0.1431 389.061382
0.1432 379.005068
0.1433 367.989783
0.1434 360.042672
0.1435 360.112796
0.1436 354.192079
0.1437 350.300213
0.1438 354.411008
0.1439 353.509591
0.1440 349.620200
0.1441 345.747723
0.1442 343.902247
0.1443 342.064237
0.1444 341.231206
0.1445 343.405807
0.1446 338.573176
0.1447 339.757416
0.1448 341.938154
0.1449 341.101059
0.1450 341.279241
0.1451 347.441086
0.1452 346.578063
0.1453 352.704053
0.1454 352.818107
0.1455 353.920981
0.1456 352.030106
0.1457 349.141992
0.1458 350.253599
0.1459 345.391625
0.1460 333.556173
0.1461 315.819774
0.1462 294.188741
0.1463 264.677198
0.1464 241.320042
0.1465 214.093627
0.1466 204.969043
0.1467 194.902851
0.1468 193.880310
0.1469 186.866823
0.1470 195.840606
0.1471 196.792113
0.1472 197.739596
0.1473 198.672018
0.1474 196.615111
0.1475 202.557646
0.1476 210.452948
0.1477 214.309283
0.1478 211.172816
0.1479 202.065361
0.1480 200.993879
0.1481 200.912540
0.1482 211.809519
0.1483 216.663173
0.1484 219.494234
0.1485 200.367026
0.1486 176.349630
0.1487 155.461492
0.1488 134.684906
0.1489 114.027199
0.1490 110.406888
0.1491 97.865804
0.1492 96.338524
0.1493 96.944782
0.1494 76.747873
0.1495 74.618951
0.1496 76.477477
0.1497 70.359162
0.1498 69.256037
0.1499 60.183332
0.1500 61.129117
0.1501 62.073370
0.1502 70.978110
0.1503 66.883583
0.1504 66.801209
0.1505 70.688763
0.1506 76.575305
0.1507 83.419379
0.1508 91.213131
0.1509 92.989527
0.1510 99.637465
0.1511 106.218714
0.1512 114.762167
0.1513 120.266284
0.1514 127.725375
0.1515 133.160999
0.1516 137.558539
0.1517 146.929027
0.1518 149.269099
0.1519 144.637275
0.1520 138.008777
0.1521 137.403427
0.1522 136.801592
0.1523 132.211751
0.1524 125.661804
0.1525 118.150946
0.1526 110.669820
0.1527 115.198659
0.1528 120.705380
0.1529 129.172277
0.1530 135.602199
0.1531 136.996048
0.1532 130.403399
0.1533 120.859795
0.1534 102.406997
0.1535 79.145926
0.1536 69.019042
0.1537 58.947521
0.1538 53.923398
0.1539 47.842366
0.1540 54.877627
0.1541 46.024653
0.1542 36.215610
0.1543 39.414665
0.1544 39.599860
0.1545 40.777965
0.1546 28.994572
0.1547 18.256690
0.1548 13.579349
0.1549 11.908142
0.1550 7.408419
0.1551 7.032330
0.1552 3.666373
0.1553 3.320115
0.1554 4.965570
0.1555 3.803266
0.1556 2.962458
0.1557 2.200589
0.1558 0.630963
0.1559 3.267021
0.1560 2.263924
0.1561 3.351726
0.1562 4.519251
0.1563 3.713815
0.1564 3.840231
0.1565 1.970440
0.1566 2.129611
0.1567 1.439266
0.1568 2.827687
0.1569 1.493211
0.1570 0.159824
0.1571 0.833163
0.1572 3.471202
0.1573 0.303904
0.1574 1.378779
0.1575 1.455901
0.1576 5.646499
0.1577 1.857538
0.1578 1.076188
0.1579 2.463973
0.1580 2.870472
0.1581 3.207592
0.1582 3.549828
0.1583 1.864768
0.1584 2.101983
0.1585 1.432805
0.1586 2.969219
0.1587 2.702440
0.1588 1.736868
0.1589 1.162694
0.1590 2.602156
0.1591 1.147704
0.1592 1.826075
0.1593 2.641088
0.1594 1.563208
0.1595 2.642709
0.1596 2.655294
0.1597 4.624337
0.1598 2.659331
0.1599 0.836643
0.1600 2.918607
0.1601 3.922696
0.1602 0.902458
0.1603 2.853347
0.1604 1.828227
0.1605 1.812496
0.1606 1.757693
0.1607 1.792328
0.1608 0.877346
0.1609 2.091722
0.1610 2.304333
0.1611 1.470903
0.1612 3.820100
0.1613 2.205166
0.1614 2.811782
0.1615 3.511797
0.1616 1.358232
0.1617 3.136149
0.1618 1.184759
0.1619 3.202359
0.1620 2.221284
0.1621 1.348392
0.1622 1.911613
0.1623 4.673700
0.1624 3.743506
0.1625 2.760874
0.1626 2.801373
0.1627 2.971309
0.1628 1.196642
0.1629 2.182937
0.1630 7.135342
0.1631 2.207352
0.1632 0.444546
0.1633 1.844270
0.1634 3.001608
0.1635 3.261025
0.1636 2.492210
0.1637 1.704497
0.1638 0.924880
0.1639 3.153420
0.1640 4.480463
0.1641 2.971098
0.1642 2.465146
0.1643 2.087281
0.1644 1.666944
0.1645 3.232876
0.1646 2.861254
0.1647 1.486701
0.1648 3.153270
0.1649 0.918319
0.1650 1.568807
0.1651 1.418089
0.1652 3.414245
0.1653 2.550647
0.1654 1.687007
0.1655 0.809204
0.1656 3.705242
0.1657 3.707017
0.1658 1.657680
0.1659 0.800670
0.1660 2.025126
0.1661 2.282937
0.1662 4.711995
0.1663 1.325583
0.1664 0.435296
0.1665 1.606816
0.1666 2.705476
0.1667 5.747860
0.1668 3.144305
0.1669 3.010869
0.1670 2.987581
0.1671 2.730814
0.1672 2.430953
0.1673 9.281361
0.1674 4.973092
0.1675 1.882973
0.1676 4.829790
0.1677 3.655040
0.1678 4.412060
0.1679 2.030418
0.1680 3.480085
0.1681 4.817157
0.1682 6.059222
0.1683 5.355353
0.1684 7.728952
0.1685 7.421435
0.1686 5.502818
0.1687 4.667598
0.1688 6.876957
0.1689 4.065797
0.1690 5.266069
0.1691 3.486509
0.1692 3.640783
0.1693 4.802744
0.1694 5.962404
0.1695 3.943708
0.1696 2.085145
0.1697 7.113099
0.1698 5.301825
0.1699 6.261703
0.1700 9.099077
0.1701 5.823791
0.1702 5.473187
0.1703 7.105055
0.1704 2.013111
0.1705 3.082494
0.1706 6.066004
0.1707 3.956523
0.1708 5.970754
0.1709 4.929997
0.1710 5.982236
0.1711 3.271665
0.1712 4.746076
0.1713 7.437084
0.1714 6.065211
0.1715 7.816625
0.1716 10.812113
0.1717 5.773118
0.1718 5.731173
0.1719 4.496162
0.1720 7.181531
0.1721 4.874098
0.1722 7.563561
0.1723 3.273773
0.1724 11.530568
0.1725 6.669387
0.1726 8.806328
0.1727 7.778708
0.1728 8.632000
0.1729 6.511548
0.1730 8.647332
0.1731 8.628885
0.1732 5.620452
0.1733 13.149212
0.1734 6.298343
0.1735 7.387197
0.1736 5.321858
0.1737 12.080691
0.1738 9.566031
0.1739 12.096350
0.1740 17.406225
0.1741 13.657855
0.1742 5.881767
0.1743 11.903272
0.1744 8.016505
0.1745 22.022825
0.1746 15.801027
0.1747 19.724610
0.1748 19.804313
0.1749 11.026935
0.1750 15.776449
0.1751 26.413729
0.1752 23.002447
0.1753 35.495415
0.1754 33.890955
0.1755 53.205824
0.1756 60.245337
0.1757 61.242544
0.1758 68.135861
0.1759 73.909265
0.1760 85.658231
0.1761 117.297228
0.1762 143.745141
0.1763 184.890646
0.1764 216.848030
0.1765 268.600601
0.1766 313.097718
0.1767 355.292417
0.1768 402.068517
0.1769 437.620666
0.1770 485.923596
0.1771 532.954925
0.1772 567.648982
0.1773 590.014703
0.1774 631.084340
0.1775 665.710402
0.1776 689.846329
0.1777 721.770900
0.1778 757.432308
0.1779 783.861165
0.1780 809.146485
0.1781 824.240212
0.1782 856.107276
0.1783 883.713424
0.1784 911.081188
0.1785 935.279442
0.1786 963.183099
0.1787 982.730970
0.1788 1006.156503
0.1789 1020.495339
0.1790 1038.736476
0.1791 1070.843604
0.1792 1093.801864
0.1793 1108.675045
0.1794 1119.467660
0.1795 1135.128890
0.1796 1159.559026
0.1797 1170.801145
0.1798 1193.954392
0.1799 1209.005234
0.1800 1219.921629
0.1801 1233.706069
0.1802 1246.383168
0.1803 1271.861573
0.1804 1287.103864
0.1805 1291.275211
0.1806 1298.426836
0.1807 1310.517591
0.1808 1303.324444
0.1809 1275.098140
0.1810 1231.991772
0.1811 1212.994781
0.1812 1203.961450
0.1813 1201.803786
0.1814 1198.561284
0.1815 1200.278341
0.1816 1210.980201
0.1817 1207.551202
0.1818 1213.036104
0.1819 1227.389438
0.1820 1247.633865
0.1821 1256.810988
0.1822 1270.812694
0.1823 1286.702256
0.1824 1290.552037
0.1825 1290.330572
0.1826 1308.965226
0.1827 1317.552330
0.1828 1326.079909
0.1829 1340.396298
0.1830 1355.529452
0.1831 1366.591104
0.1832 1379.557859
0.1833 1379.386549
0.1834 1375.219103
0.1835 1376.054735
0.1836 1377.889930
0.1837 1374.719879
0.1838 1375.573231
0.1839 1377.408796
0.1840 1379.242870
0.1841 1387.026729
0.1842 1392.665614
0.1843 1399.261886
0.1844 1402.851370
0.1845 1407.410427
0.1846 1412.776980
0.1847 1406.034542
0.1848 1413.283869
0.1849 1402.563917
0.1850 1395.871756
0.1851 1387.211130
0.1852 1385.511509
0.1853 1384.769613
0.1854 1385.022618
0.1855 1380.166656
0.1856 1380.260950
0.1857 1381.185940
0.1858 1384.940399
0.1859 1394.632914
0.1860 1399.285318
0.1861 1401.919016
0.1862 1399.555468
0.1863 1379.235068
0.1864 1348.056916
0.1865 1331.014249
0.1866 1306.085846
0.1867 1300.253139
0.1868 1293.349308
0.1869 1281.475259
0.1870 1272.658299
0.1871 1269.842382
0.1872 1273.046621
0.1873 1272.233023
0.1874 1271.420501
0.1875 1275.599047
0.1876 1276.766919
0.1877 1282.918498
0.1878 1280.067155
0.1879 1269.232625
0.1880 1245.497364
0.1881 1220.897153
0.1882 1198.429308
0.1883 1199.006760
0.1884 1194.477793
0.1885 1193.964871
0.1886 1179.483342
0.1887 1173.986778
0.1888 1170.449329
0.1889 1167.803667
0.1890 1159.167961
0.1891 1160.422949
0.1892 1170.648991
0.1893 1175.834656
0.1894 1179.016340
0.1895 1187.149256
0.1896 1189.259535
0.1897 1189.353233
0.1898 1182.462305
0.1899 1178.613702
0.1900 1172.783730
0.1901 1167.867349
0.1902 1159.956237
0.1903 1160.070869
0.1904 1161.131202
0.1905 1167.094343
0.1906 1159.066378
0.1907 1156.022692
0.1908 1149.908970
0.1909 1150.810938
0.1910 1146.636270
0.1911 1146.433453
0.1912 1144.175944
0.1913 1145.852962
0.1914 1151.491332
0.1915 1157.113107
0.1916 1155.714136
0.1917 1152.335813
0.1918 1151.963646
0.1919 1136.623552
0.1920 1143.322454
0.1921 1148.936223
0.1922 1154.425674
0.1923 1143.931812
0.1924 1141.426006
0.1925 1130.878697
0.1926 1124.371604
0.1927 1113.910574
0.1928 1109.491890
0.1929 1115.066032
0.1930 1116.557054
0.1931 1124.956292
0.1932 1125.324459
0.1933 1110.719598
0.1934 1107.174710
0.1935 1104.645379
0.1936 1101.144398
0.1937 1098.655411
0.1938 1084.211224
0.1939 1085.799502
0.1940 1091.362353
0.1941 1095.919019
0.1942 1098.433616
0.1943 1106.929812
0.1944 1103.400593
0.1945 1100.896319
0.1946 1103.386730
0.1947 1099.883490
0.1948 1094.409873
0.1949 1088.963097
0.1950 1084.553621
0.1951 1083.157641
0.1952 1079.762371
0.1953 1076.276691
0.1954 1073.789650
0.1955 1075.285129
0.1956 1074.793473
0.1957 1085.275408
0.1958 1083.738191
0.1959 1084.195547
0.1960 1083.655117
0.1961 1079.118416
0.1962 1070.630555
0.1963 1058.190690
0.1964 1053.794809
0.1965 1051.424360
0.1966 1044.078849
0.1967 1038.766889
0.1968 1041.452325
0.1969 1042.135069
0.1970 1034.833162
0.1971 1029.568328
0.1972 1020.349672
0.1973 1015.158134
0.1974 1009.995830
0.1975 1012.838230
0.1976 1015.668687
0.1977 1018.478202
0.1978 1016.289635
0.1979 1011.116551
0.1980 1006.969607
0.1981 995.868353
0.1982 994.797992
0.1983 988.749038
0.1984 985.726592
0.1985 983.709905
0.1986 985.704582
0.1987 985.694188
0.1988 982.681639
0.1989 983.672277
0.1990 982.673673
0.1991 980.688390
0.1992 976.706351
0.1993 971.740213
0.1994 963.807876
0.1995 951.934250
0.1996 951.105735
0.1997 949.281489
0.1998 944.475539
0.1999 945.686108
0.2000 942.888469
0.2001 933.133079
0.2002 931.400238
0.2003 930.595539
0.2004 924.751246
0.2005 916.944206
0.2006 914.168525
0.2007 905.423338
0.2008 889.741811
0.2009 873.135564
0.2010 864.610378
0.2011 856.125992
0.2012 849.683256
0.2013 849.260632
0.2014 841.858778
0.2015 831.505688
0.2016 823.209058
0.2017 823.947306
0.2018 825.662739
0.2019 827.361663
0.2020 827.050973
0.2021 822.762142
0.2022 829.464384
0.2023 827.150256
0.2024 822.856932
0.2025 822.576641
0.2026 827.288832
0.2027 824.997194
0.2028 816.722538
0.2029 810.476845
0.2030 806.140010
0.2031 798.829798
0.2032 786.583791
0.2033 777.390466
0.2034 775.236437
0.2035 771.093990
0.2036 769.952269
0.2037 762.838519
0.2038 757.758150
0.2039 756.702023
0.2040 754.643766
0.2041 753.591386
0.2042 755.547218
0.2043 747.518417
0.2044 745.521762
0.2045 741.533405
0.2046 734.575796
0.2047 736.635666
0.2048 732.689959
0.2049 728.766213
0.2050 726.850791
0.2051 726.953099
0.2052 727.068208
0.2053 715.205853
0.2054 700.397686
0.2055 692.665863
0.2056 691.966438
0.2057 685.272529
0.2058 672.630718
0.2059 670.038650
0.2060 669.454934
0.2061 670.855569
0.2062 665.273277
0.2063 660.710941
0.2064 655.178325
0.2065 653.660950
0.2066 643.179098
0.2067 642.721903
0.2068 635.294688
0.2069 624.904620
0.2070 615.574664
0.2071 602.311783
0.2072 589.114315
0.2073 581.979810
0.2074 574.890625
0.2075 568.831263
0.2076 560.807422
0.2077 554.820039
0.2078 549.844748
0.2079 545.902032
0.2080 545.965118
0.2081 553.012851
0.2082 548.053945
0.2083 546.122315
0.2084 550.182342
0.2085 543.258420
0.2086 528.390978
0.2087 525.556403
0.2088 522.749956
0.2089 524.943939
0.2090 526.120623
0.2091 528.295449
0.2092 529.453680
0.2093 529.612586
0.2094 530.781526
0.2095 531.935392
0.2096 530.093793
0.2097 520.275903
0.2098 510.518935
0.2099 508.784127
0.2100 496.094059
0.2101 482.465164
0.2102 464.907217
0.2103 444.456827
0.2104 414.174706
0.2105 395.010498
0.2106 389.910879
0.2107 364.872518
0.2108 331.983250
0.2109 289.315260
0.2110 267.825451
0.2111 251.423394
0.2112 246.088311
0.2113 217.851764
0.2114 197.744611
0.2115 175.732645
0.2116 135.888943
0.2117 104.232742
0.2118 75.754609
0.2119 65.386375
0.2120 65.023132
0.2121 73.659372
0.2122 75.247749
0.2123 76.844648
0.2124 62.471200
0.2125 54.156154
0.2126 54.886326
0.2127 44.779229
0.2128 44.870255
0.2129 51.240934
0.2130 48.649380
0.2131 47.057894
0.2132 51.463949
0.2133 45.869956
0.2134 55.262337
0.2135 66.602977
0.2136 77.889726
0.2137 94.099268
0.2138 106.247201
0.2139 104.339569
0.2140 96.464952
0.2141 88.643925
0.2142 73.880436
0.2143 56.227180
0.2144 43.633657
0.2145 31.107732
0.2146 32.610595
0.2147 19.141294
0.2148 18.777908
0.2149 16.532089
0.2150 11.403701
0.2151 7.292470
0.2152 10.295070
0.2153 9.320990
0.2154 9.347927
0.2155 4.386694
0.2156 12.411326
0.2157 6.301143
0.2158 1.057310
0.2159 5.838337
0.2160 1.599669
0.2161 3.483367
0.2162 3.332019
0.2163 4.118119
0.2164 1.908967
0.2165 4.743264
0.2166 1.758611
0.2167 4.814521
0.2168 3.998730
0.2169 5.305063
0.2170 2.673856
0.2171 4.210483
0.2172 6.803119
0.2173 1.393395
0.2174 1.989118
0.2175 0.580802
0.2176 4.221821
0.2177 3.942731
0.2178 4.704426
0.2179 2.367381
0.2180 5.947402
0.2181 5.303858
0.2182 2.760923
0.2183 2.395847
0.2184 2.275454
0.2185 2.542883
0.2186 2.805452
0.2187 2.091969
0.2188 3.488479
0.2189 1.190583
0.2190 2.025986
0.2191 3.756943
0.2192 2.583163
0.2193 1.646279
0.2194 1.713872
0.2195 0.863104
0.2196 1.066648
0.2197 3.269395
0.2198 1.531937
0.2199 1.869307
0.2200 1.208728
0.2201 6.601280
0.2202 4.068445
0.2203 1.540758
0.2204 1.949919
0.2205 2.239123
0.2206 1.442927
0.2207 2.642038
0.2208 5.729947
0.2209 0.786392
0.2210 2.720795
0.2211 2.656060
0.2212 3.593647
0.2213 0.548418
0.2214 4.547048
0.2215 1.796771
0.2216 3.254538
0.2217 1.641417
0.2218 3.062997
0.2219 3.582366
0.2220 3.026143
0.2221 4.728763
0.2222 3.604480
0.2223 2.606659
0.2224 0.612167
0.2225 -0.502991
0.2226 0.401937
0.2227 2.408562
0.2228 1.406546
0.2229 2.642803
0.2230 3.053527
0.2231 6.589379
0.2232 1.462408
0.2233 2.380827
0.2234 3.077314
0.2235 1.962280
0.2236 4.953545
0.2237 4.129958
0.2238 4.331437
0.2239 2.301362
0.2240 2.082837
0.2241 3.815813
0.2242 0.657314
0.2243 2.490031
0.2244 3.303321
0.2245 4.243138
0.2246 4.201796
0.2247 2.597037
0.2248 0.937748
0.2249 1.286847
0.2250 1.643279
0.2251 2.863703
0.2252 3.916070
0.2253 0.856091
0.2254 0.747014
0.2255 3.653267
0.2256 4.625015
0.2257 2.831610
0.2258 2.975999
0.2259 4.173446
0.2260 4.381577
0.2261 3.587598
0.2262 4.842724
0.2263 2.884630
0.2264 6.960211
0.2265 3.093885
0.2266 3.563752
0.2267 3.304521
0.2268 2.182708
0.2269 3.913887
0.2270 6.758191
0.2271 9.783245
0.2272 6.923747
0.2273 5.177251
0.2274 5.533732
0.2275 6.685284
0.2276 7.718650
0.2277 9.719631
0.2278 3.839449
0.2279 4.929820
0.2280 4.071270
0.2281 4.321116
0.2282 1.471414
0.2283 2.572357
0.2284 6.519513
0.2285 2.774681
0.2286 1.940102
0.2287 2.965501
0.2288 6.792789
0.2289 3.709929
0.2290 2.631753
0.2291 1.705444
0.2292 5.914520
0.2293 2.061939
0.2294 2.208116
0.2295 3.444439
0.2296 5.630200
0.2297 4.213952
0.2298 5.807652
0.2299 3.309597
0.2300 2.675346
0.2301 2.248924
0.2302 4.392731
0.2303 7.743915
0.2304 2.847207
0.2305 4.033385
0.2306 4.461384
0.2307 4.028121
0.2308 0.767423
0.2309 4.655189
0.2310 6.580039
0.2311 2.601407
0.2312 1.538608
0.2313 4.421312
0.2314 3.301653
0.2315 5.074103
0.2316 6.013483
0.2317 3.629400
0.2318 1.329398
0.2319 7.102990
0.2320 2.843723
0.2321 6.519001
0.2322 2.583198
0.2323 6.864810
0.2324 4.929508
0.2325 3.792654
0.2326 7.460846
0.2327 9.809804
0.2328 6.096200
0.2329 12.292085
0.2330 3.528414
0.2331 3.875555
0.2332 5.901669
0.2333 6.855428
0.2334 9.761009
0.2335 13.635160
0.2336 12.482461
0.2337 8.072140
0.2338 8.604498
0.2339 8.266016
0.2340 11.960252
0.2341 4.595484
0.2342 11.035314
0.2343 10.440839
0.2344 13.967587
0.2345 7.579035
0.2346 9.093724
0.2347 9.615215
0.2348 11.131959
0.2349 15.617650
0.2350 15.098607
0.2351 15.445738
0.2352 13.853391
0.2353 9.294438
0.2354 12.748591
0.2355 17.057326
0.2356 12.152447
0.2357 15.335479
0.2358 15.640950
0.2359 16.032930
0.2360 15.231688
0.2361 18.432087
0.2362 18.744097
0.2363 31.043972
0.2364 20.249674
0.2365 21.303875
0.2366 15.220006
0.2367 16.146450
0.2368 19.878241
0.2369 32.367947
0.2370 24.840243
0.2371 23.534990
0.2372 38.280545
0.2373 42.704022
0.2374 43.015692
0.2375 42.071892
0.2376 58.047167
0.2377 68.935143
0.2378 69.788429
0.2379 81.574840
0.2380 97.055940
0.2381 83.511267
0.2382 101.974449
0.2383 109.355440
0.2384 112.740953
0.2385 118.086816
0.2386 115.102802
0.2387 116.059326
0.2388 121.992011
0.2389 143.831826
0.2390 174.547473
0.2391 216.034882
0.2392 246.238064
0.2393 291.208696
0.2394 332.971894
0.2395 363.518917
0.2396 396.831917
0.2397 440.885224
0.2398 469.696658
0.2399 507.233350
0.2400 540.537197
0.2401 571.564947
0.2402 604.441419
0.2403 629.023303
0.2404 653.418104
0.2405 686.440117
0.2406 709.331171
0.2407 738.992786
0.2408 769.444027
0.2409 788.740159
0.2410 817.931610
0.2411 842.957345
0.2412 879.838730
0.2413 901.540895
0.2414 919.144068
0.2415 936.644250
0.2416 946.073098
0.2417 953.364023
0.2418 955.596753
0.2419 962.652562
0.2420 977.468507
0.2421 998.126415
0.2422 1019.669061
0.2423 1043.016271
0.2424 1062.203414
0.2425 1075.280690
0.2426 1086.307824
0.2427 1104.253406
0.2428 1112.050303
0.2429 1128.610029
0.2430 1140.067021
0.2431 1153.456434
0.2432 1167.779885
0.2433 1178.044506
0.2434 1179.266871
0.2435 1194.446626
0.2436 1198.588842
0.2437 1206.585409
0.2438 1206.255871
0.2439 1218.746633
0.2440 1223.070204
0.2441 1237.356121
0.2442 1244.564620
0.2443 1253.733088
0.2444 1255.876287
0.2445 1264.987542
0.2446 1270.031706
0.2447 1279.909081
0.2448 1283.637919
0.2449 1288.266437
0.2450 1285.853020
0.2451 1287.433347
0.2452 1298.979674
0.2453 1306.407834
0.2454 1306.648599
0.2455 1305.857701
0.2456 1305.078912
0.2457 1298.272598
0.2458 1296.385427
0.2459 1284.546164
0.2460 1287.722004
0.2461 1278.912385
0.2462 1278.140498
0.2463 1283.338798
0.2464 1281.535915
0.2465 1282.739082
0.2466 1277.950912
0.2467 1278.173175
0.2468 1278.393877
0.2469 1287.558333
0.2470 1286.600076
0.2471 1290.621636
0.2472 1293.639903
0.2473 1294.625427
0.2474 1296.600090
0.2475 1300.445422
0.2476 1298.283113
0.2477 1297.137420
0.2478 1289.992366
0.2479 1294.869044
0.2480 1288.744329
0.2481 1281.659957
0.2482 1274.618683
0.2483 1275.588095
0.2484 1276.550272
0.2485 1274.510004
0.2486 1272.483583
0.2487 1268.474638
0.2488 1274.458137
0.2489 1275.298966
0.2490 1276.127391
0.2491 1273.962005
0.2492 1276.788319
0.2493 1274.617814
0.2494 1284.421937
0.2495 1286.197959
0.2496 1280.980655
0.2497 1276.791802
0.2498 1274.623452
0.2499 1268.480417
