0 665
0.01 621
0.02 578
0.03 557
0.04 536
0.05 516
0.06 503
0.07 481
0.08 453
0.09 434
0.1 418
0.11 403
0.12 395
0.13 378
0.14 370
0.15 348
0.16 343
0.17 333
0.18 319
0.19 303
0.2 297
0.21 288
0.22 278
0.23 274
0.24 266
0.25 261
0.26 251
0.27 245
0.28 236
0.29 220
0.3 215
0.31 206
0.32 203
0.33 191
0.34 188
0.35 184
0.36 177
0.37 170
0.38 165
0.39 160
0.4 152
0.41 147
0.42 144
0.43 139
0.44 136
0.45 130
0.46 125
0.47 124
0.48 120
0.49 120
0.5 115
0.51 112
0.52 106
0.53 105
0.54 102
0.55 101
0.56 96
0.57 95
0.58 93
0.59 91
0.6 88
0.61 86
0.62 88
0.63 84
0.64 81
0.65 81
0.66 77
0.67 76
0.68 75
0.69 73
0.7 70
0.71 69
0.72 67
0.73 63
0.74 57
0.75 56
0.76 54
0.77 53
0.78 51
0.79 52
0.8 50
0.81 48
0.82 49
0.83 48
0.84 48
0.85 45
0.86 45
0.87 45
0.88 46
0.89 44
0.9 41
0.91 40
0.92 40
0.93 40
0.94 40
0.95 40
0.96 41
0.97 39
0.98 36
0.99 37
1 38
1.01 38
1.02 38
1.03 35
1.04 36
1.05 36
1.06 36
1.07 33
1.08 32
1.09 30
1.1 29
1.11 30
1.12 30
1.13 29
1.14 29
1.15 27
1.16 26
1.17 26
1.18 25
1.19 25
1.2 26
1.21 25
1.22 25
1.23 22
1.24 22
1.25 23
1.26 22
1.27 21
1.28 20
1.29 20
1.3 20
1.31 20
1.32 20
1.33 19
1.34 18
1.35 20
1.36 19
1.37 18
1.38 19
1.39 18
1.4 16
1.41 16
1.42 16
1.43 17
1.44 17
1.45 17
1.46 18
1.47 16
1.48 16
1.49 16
1.5 17
1.51 16
1.52 15
1.53 13
1.54 14
1.55 15
1.56 15
1.57 16
1.58 16
1.59 16
1.6 15
1.61 17
1.62 15
1.63 14
1.64 14
1.65 11
1.66 12
1.67 11
1.68 11
1.69 11
1.7 12
1.71 12
1.72 12
1.73 12
1.74 11
1.75 9
1.76 9
1.77 9
1.78 8
1.79 9
1.8 9
1.81 9
1.82 9
1.83 8
1.84 8
1.85 8
1.86 8
1.87 5
1.88 5
1.89 3
1.9 2
1.91 2
1.92 2
1.93 4
1.94 5
1.95 5
1.96 5
1.97 7
1.98 7
1.99 6
2 6
