0 665
0.01 624
0.02 592
0.03 558
0.04 533
0.05 516
0.06 497
0.07 473
0.08 457
0.09 436
0.1 423
0.11 406
0.12 390
0.13 376
0.14 366
0.15 350
0.16 332
0.17 325
0.18 316
0.19 304
0.2 289
0.21 281
0.22 273
0.23 265
0.24 260
0.25 248
0.26 244
0.27 238
0.28 227
0.29 215
0.3 208
0.31 201
0.32 195
0.33 191
0.34 187
0.35 185
0.36 177
0.37 172
0.38 166
0.39 157
0.4 154
0.41 153
0.42 152
0.43 147
0.44 140
0.45 131
0.46 127
0.47 122
0.48 118
0.49 115
0.5 110
0.51 108
0.52 102
0.53 101
0.54 101
0.55 100
0.56 101
0.57 95
0.58 94
0.59 94
0.6 95
0.61 94
0.62 92
0.63 90
0.64 89
0.65 85
0.66 82
0.67 83
0.68 81
0.69 77
0.7 77
0.71 74
0.72 71
0.73 70
0.74 68
0.75 66
0.76 66
0.77 61
0.78 60
0.79 59
0.8 59
0.81 59
0.82 57
0.83 56
0.84 54
0.85 54
0.86 50
0.87 49
0.88 47
0.89 46
0.9 45
0.91 43
0.92 42
0.93 39
0.94 39
0.95 38
0.96 37
0.97 37
0.98 34
0.99 33
1 32
1.01 33
1.02 31
1.03 29
1.04 28
1.05 28
1.06 25
1.07 25
1.08 25
1.09 24
1.1 24
1.11 23
1.12 21
1.13 21
1.14 20
1.15 18
1.16 18
1.17 18
1.18 17
1.19 16
1.2 16
1.21 16
1.22 16
1.23 16
1.24 16
1.25 16
1.26 18
1.27 17
1.28 17
1.29 16
1.3 16
1.31 16
1.32 16
1.33 17
1.34 17
1.35 18
1.36 17
1.37 18
1.38 18
1.39 18
1.4 17
1.41 19
1.42 18
1.43 17
1.44 17
1.45 17
1.46 16
1.47 16
1.48 16
1.49 16
1.5 18
1.51 18
1.52 18
1.53 14
1.54 13
1.55 13
1.56 13
1.57 12
1.58 12
1.59 13
1.6 12
1.61 11
1.62 11
1.63 10
1.64 10
1.65 10
1.66 10
1.67 11
1.68 11
1.69 9
1.7 8
1.71 8
1.72 9
1.73 10
1.74 9
1.75 9
1.76 9
1.77 8
1.78 7
1.79 7
1.8 7
1.81 7
1.82 7
1.83 7
1.84 7
1.85 7
1.86 7
1.87 8
1.88 8
1.89 9
1.9 10
1.91 9
1.92 10
1.93 8
1.94 8
1.95 8
1.96 8
1.97 8
1.98 9
1.99 10
2 10
