0 0
0.0001 0
0.0002 0
0.0003 2
0.0004 3
0.0005 5
0.0006 9
0.0007 15
0.0008 16
0.0009 19
0.001 21
0.0011 27
0.0012 29
0.0013 43
0.0014 72
0.0015 97
0.0016 122
0.0017 162
0.0018 202
0.0019 235
0.002 273
0.0021 313
0.0022 350
0.0023 391
0.0024 456
0.0025 506
0.0026 552
0.0027 594
0.0028 623
0.0029 649
0.003 686
0.0031 737
0.0032 764
0.0033 789
0.0034 813
0.0035 846
0.0036 880
0.0037 890
0.0038 914
0.0039 926
0.004 960
0.0041 992
0.0042 1011
0.0043 1009
0.0044 1028
0.0045 1043
0.0046 1062
0.0047 1108
0.0048 1100
0.0049 1127
0.005 1177
0.0051 1227
0.0052 1235
0.0053 1256
0.0054 1275
0.0055 1291
0.0056 1310
0.0057 1333
0.0058 1353
0.0059 1373
0.006 1406
0.0061 1420
0.0062 1423
0.0063 1432
0.0064 1468
0.0065 1510
0.0066 1532
0.0067 1546
0.0068 1563
0.0069 1579
0.007 1618
0.0071 1648
0.0072 1653
0.0073 1671
0.0074 1686
0.0075 1705
0.0076 1724
0.0077 1725
0.0078 1734
0.0079 1736
0.008 1740
0.0081 1743
0.0082 1764
0.0083 1783
0.0084 1790
0.0085 1802
0.0086 1791
0.0087 1805
0.0088 1832
0.0089 1840
0.009 1847
0.0091 1853
0.0092 1840
0.0093 1841
0.0094 1865
0.0095 1866
0.0096 1876
0.0097 1894
0.0098 1900
0.0099 1905
0.01 1915
0.0101 1954
0.0102 1945
0.0103 1947
0.0104 1960
0.0105 1966
0.0106 1976
0.0107 1974
0.0108 1992
0.0109 1994
0.011 2010
0.0111 2024
0.0112 2045
0.0113 2034
0.0114 2054
0.0115 2066
0.0116 2051
0.0117 2033
0.0118 2035
0.0119 2040
0.012 2044
0.0121 2004
0.0122 1982
0.0123 1981
0.0124 1971
0.0125 1930
0.0126 1891
0.0127 1884
0.0128 1849
0.0129 1822
0.013 1802
0.0131 1783
0.0132 1785
0.0133 1785
0.0134 1781
0.0135 1749
0.0136 1721
0.0137 1685
0.0138 1690
0.0139 1680
0.014 1670
0.0141 1652
0.0142 1655
0.0143 1666
0.0144 1654
0.0145 1649
0.0146 1630
0.0147 1621
0.0148 1625
0.0149 1615
0.015 1601
0.0151 1564
0.0152 1556
0.0153 1562
0.0154 1567
0.0155 1589
0.0156 1602
0.0157 1607
0.0158 1611
0.0159 1608
0.016 1602
0.0161 1585
0.0162 1571
0.0163 1571
0.0164 1567
0.0165 1568
0.0166 1570
0.0167 1575
0.0168 1575
0.0169 1567
0.017 1552
0.0171 1555
0.0172 1564
0.0173 1602
0.0174 1601
0.0175 1594
0.0176 1593
0.0177 1598
0.0178 1583
0.0179 1586
0.018 1565
0.0181 1552
0.0182 1514
0.0183 1492
0.0184 1460
0.0185 1406
0.0186 1386
0.0187 1367
0.0188 1371
0.0189 1359
0.019 1353
0.0191 1345
0.0192 1331
0.0193 1313
0.0194 1293
0.0195 1274
0.0196 1252
0.0197 1246
0.0198 1217
0.0199 1199
0.02 1213
0.0201 1206
0.0202 1188
0.0203 1187
0.0204 1196
0.0205 1210
0.0206 1219
0.0207 1214
0.0208 1205
0.0209 1188
0.021 1173
0.0211 1172
0.0212 1186
0.0213 1175
0.0214 1160
0.0215 1148
0.0216 1145
0.0217 1167
0.0218 1168
0.0219 1164
0.022 1181
0.0221 1163
0.0222 1149
0.0223 1167
0.0224 1148
0.0225 1127
0.0226 1098
0.0227 1080
0.0228 1065
0.0229 1031
0.023 1045
0.0231 1034
0.0232 1028
0.0233 1023
0.0234 1005
0.0235 987
0.0236 980
0.0237 972
0.0238 979
0.0239 967
0.024 940
0.0241 927
0.0242 925
0.0243 913
0.0244 931
0.0245 913
0.0246 908
0.0247 895
0.0248 889
0.0249 877
0.025 859
0.0251 821
0.0252 803
0.0253 748
0.0254 707
0.0255 684
0.0256 665
0.0257 655
0.0258 643
0.0259 636
0.026 629
0.0261 608
0.0262 596
0.0263 580
0.0264 584
0.0265 590
0.0266 599
0.0267 599
0.0268 561
0.0269 561
0.027 552
0.0271 578
0.0272 569
0.0273 558
0.0274 567
0.0275 562
0.0276 550
0.0277 527
0.0278 511
0.0279 472
0.028 475
0.0281 465
0.0282 458
0.0283 458
0.0284 469
0.0285 451
0.0286 458
0.0287 451
0.0288 429
0.0289 416
0.029 410
0.0291 382
0.0292 354
0.0293 325
0.0294 277
0.0295 210
0.0296 170
0.0297 140
0.0298 90
0.0299 63
0.03 46
0.0301 40
0.0302 38
0.0303 28
0.0304 12
0.0305 10
0.0306 5
0.0307 5
0.0308 8
0.0309 3
0.031 3
0.0311 1
0.0312 1
0.0313 0
0.0314 4
0.0315 3
0.0316 2
0.0317 0
0.0318 1
0.0319 1
0.032 0
0.0321 0
0.0322 1
0.0323 0
0.0324 0
0.0325 1
0.0326 1
0.0327 0
0.0328 1
0.0329 0
0.033 0
0.0331 1
0.0332 3
0.0333 2
0.0334 1
0.0335 1
0.0336 1
0.0337 0
0.0338 1
0.0339 0
0.034 0
0.0341 2
0.0342 2
0.0343 1
0.0344 3
0.0345 2
0.0346 2
0.0347 2
0.0348 1
0.0349 0
0.035 0
0.0351 0
0.0352 0
0.0353 0
0.0354 1
0.0355 0
0.0356 0
0.0357 2
0.0358 1
0.0359 0
0.036 0
0.0361 0
0.0362 0
0.0363 2
0.0364 0
0.0365 0
0.0366 0
0.0367 0
0.0368 1
0.0369 0
0.037 0
0.0371 0
0.0372 0
0.0373 1
0.0374 0
0.0375 1
0.0376 1
0.0377 1
0.0378 0
0.0379 0
0.038 0
0.0381 0
0.0382 1
0.0383 0
0.0384 0
0.0385 1
0.0386 0
0.0387 0
0.0388 2
0.0389 0
0.039 2
0.0391 1
0.0392 0
0.0393 0
0.0394 0
0.0395 0
0.0396 0
0.0397 0
0.0398 0
0.0399 0
0.04 0
0.0401 1
0.0402 2
0.0403 1
0.0404 1
0.0405 0
0.0406 1
0.0407 0
0.0408 0
0.0409 0
0.041 0
0.0411 0
0.0412 1
0.0413 1
0.0414 1
0.0415 0
0.0416 0
0.0417 0
0.0418 0
0.0419 0
0.042 0
0.0421 0
0.0422 0
0.0423 0
0.0424 0
0.0425 0
0.0426 0
0.0427 0
0.0428 0
0.0429 0
0.043 0
0.0431 0
0.0432 0
0.0433 0
0.0434 1
0.0435 1
0.0436 0
0.0437 1
0.0438 0
0.0439 0
0.044 0
0.0441 1
0.0442 0
0.0443 0
0.0444 0
0.0445 0
0.0446 2
0.0447 1
0.0448 1
0.0449 0
0.045 0
0.0451 0
0.0452 1
0.0453 0
0.0454 0
0.0455 0
0.0456 0
0.0457 1
0.0458 0
0.0459 0
0.046 0
0.0461 1
0.0462 1
0.0463 0
0.0464 1
0.0465 0
0.0466 0
0.0467 0
0.0468 0
0.0469 1
0.047 0
0.0471 1
0.0472 1
0.0473 2
0.0474 2
0.0475 3
0.0476 2
0.0477 3
0.0478 7
0.0479 1
0.048 2
0.0481 6
0.0482 4
0.0483 3
0.0484 1
0.0485 1
0.0486 0
0.0487 1
0.0488 1
0.0489 1
0.049 0
0.0491 2
0.0492 2
0.0493 3
0.0494 0
0.0495 0
0.0496 1
0.0497 1
0.0498 0
0.0499 1
0.05 1
0.0501 0
0.0502 2
0.0503 2
0.0504 2
0.0505 0
0.0506 0
0.0507 1
0.0508 0
0.0509 2
0.051 1
0.0511 4
0.0512 4
0.0513 0
0.0514 2
0.0515 1
0.0516 0
0.0517 2
0.0518 2
0.0519 0
0.052 0
0.0521 0
0.0522 0
0.0523 3
0.0524 0
0.0525 3
0.0526 0
0.0527 2
0.0528 3
0.0529 8
0.053 3
0.0531 0
0.0532 1
0.0533 2
0.0534 2
0.0535 0
0.0536 1
0.0537 0
0.0538 2
0.0539 0
0.054 1
0.0541 1
0.0542 3
0.0543 0
0.0544 1
0.0545 2
0.0546 3
0.0547 0
0.0548 2
0.0549 3
0.055 1
0.0551 0
0.0552 1
0.0553 0
0.0554 1
0.0555 0
0.0556 1
0.0557 1
0.0558 1
0.0559 0
0.056 1
0.0561 2
0.0562 3
0.0563 6
0.0564 0
0.0565 3
0.0566 2
0.0567 5
0.0568 1
0.0569 3
0.057 1
0.0571 3
0.0572 1
0.0573 3
0.0574 3
0.0575 2
0.0576 0
0.0577 2
0.0578 3
0.0579 0
0.058 2
0.0581 2
0.0582 1
0.0583 6
0.0584 2
0.0585 2
0.0586 2
0.0587 2
0.0588 2
0.0589 1
0.059 3
0.0591 1
0.0592 0
0.0593 2
0.0594 5
0.0595 0
0.0596 2
0.0597 5
0.0598 2
0.0599 1
0.06 2
0.0601 3
0.0602 1
0.0603 1
0.0604 2
0.0605 0
0.0606 2
0.0607 1
0.0608 1
0.0609 1
0.061 1
0.0611 1
0.0612 2
0.0613 0
0.0614 0
0.0615 2
0.0616 1
0.0617 0
0.0618 1
0.0619 1
0.062 1
0.0621 3
0.0622 1
0.0623 1
0.0624 2
0.0625 1
0.0626 1
0.0627 1
0.0628 0
0.0629 1
0.063 2
0.0631 0
0.0632 0
0.0633 1
0.0634 1
0.0635 2
0.0636 0
0.0637 1
0.0638 1
0.0639 1
0.064 0
0.0641 3
0.0642 0
0.0643 0
0.0644 0
0.0645 0
0.0646 0
0.0647 1
0.0648 3
0.0649 1
0.065 4
0.0651 1
0.0652 0
0.0653 4
0.0654 2
0.0655 1
0.0656 1
0.0657 1
0.0658 2
0.0659 2
0.066 0
0.0661 1
0.0662 3
0.0663 4
0.0664 3
0.0665 0
0.0666 2
0.0667 0
0.0668 1
0.0669 1
0.067 1
0.0671 1
0.0672 3
0.0673 2
0.0674 2
0.0675 1
0.0676 1
0.0677 1
0.0678 1
0.0679 2
0.068 3
0.0681 1
0.0682 0
0.0683 0
0.0684 2
0.0685 0
0.0686 1
0.0687 1
0.0688 3
0.0689 3
0.069 1
0.0691 1
0.0692 1
0.0693 0
0.0694 1
0.0695 1
0.0696 3
0.0697 2
0.0698 1
0.0699 0
0.07 0
0.0701 0
0.0702 0
0.0703 0
0.0704 0
0.0705 1
0.0706 1
0.0707 1
0.0708 1
0.0709 0
0.071 1
0.0711 0
0.0712 0
0.0713 0
0.0714 0
0.0715 0
0.0716 0
0.0717 2
0.0718 0
0.0719 1
0.072 1
0.0721 0
0.0722 1
0.0723 1
0.0724 2
0.0725 0
0.0726 2
0.0727 2
0.0728 0
0.0729 1
0.073 1
0.0731 0
0.0732 1
0.0733 3
0.0734 0
0.0735 4
0.0736 0
0.0737 3
0.0738 2
0.0739 1
0.074 1
0.0741 0
0.0742 2
0.0743 2
0.0744 5
0.0745 7
0.0746 7
0.0747 9
0.0748 11
0.0749 13
0.075 10
0.0751 5
0.0752 7
0.0753 2
0.0754 8
0.0755 0
0.0756 6
0.0757 3
0.0758 2
0.0759 2
0.076 6
0.0761 2
0.0762 1
0.0763 6
0.0764 3
0.0765 3
0.0766 0
0.0767 1
0.0768 1
0.0769 1
0.077 1
0.0771 3
0.0772 1
0.0773 1
0.0774 1
0.0775 2
0.0776 0
0.0777 1
0.0778 3
0.0779 1
0.078 4
0.0781 0
0.0782 0
0.0783 0
0.0784 1
0.0785 0
0.0786 4
0.0787 1
0.0788 2
0.0789 5
0.079 0
0.0791 5
0.0792 3
0.0793 2
0.0794 1
0.0795 4
0.0796 0
0.0797 1
0.0798 7
0.0799 0
0.08 6
0.0801 7
0.0802 8
0.0803 3
0.0804 5
0.0805 2
0.0806 4
0.0807 6
0.0808 3
0.0809 0
0.081 0
0.0811 1
0.0812 0
0.0813 0
0.0814 0
0.0815 1
0.0816 3
0.0817 0
0.0818 3
0.0819 2
0.082 0
0.0821 3
0.0822 1
0.0823 2
0.0824 1
0.0825 5
0.0826 7
0.0827 8
0.0828 13
0.0829 9
0.083 2
0.0831 7
0.0832 4
0.0833 7
0.0834 6
0.0835 6
0.0836 2
0.0837 4
0.0838 3
0.0839 6
0.084 4
0.0841 3
0.0842 1
0.0843 2
0.0844 5
0.0845 15
0.0846 10
0.0847 17
0.0848 13
0.0849 13
0.085 11
0.0851 4
0.0852 5
0.0853 1
0.0854 1
0.0855 1
0.0856 16
0.0857 20
0.0858 22
0.0859 32
0.086 51
0.0861 61
0.0862 76
0.0863 110
0.0864 140
0.0865 174
0.0866 207
0.0867 241
0.0868 277
0.0869 316
0.087 345
0.0871 367
0.0872 397
0.0873 410
0.0874 442
0.0875 474
0.0876 509
0.0877 555
0.0878 580
0.0879 621
0.088 661
0.0881 693
0.0882 715
0.0883 745
0.0884 757
0.0885 754
0.0886 787
0.0887 804
0.0888 834
0.0889 868
0.089 896
0.0891 958
0.0892 988
0.0893 1003
0.0894 1031
0.0895 1031
0.0896 1017
0.0897 1014
0.0898 1009
0.0899 1006
0.09 976
0.0901 975
0.0902 990
0.0903 999
0.0904 1002
0.0905 988
0.0906 985
0.0907 997
0.0908 993
0.0909 991
0.091 992
0.0911 1007
0.0912 1004
0.0913 1004
0.0914 1001
0.0915 1004
0.0916 997
0.0917 1006
0.0918 1003
0.0919 1014
0.092 1013
0.0921 995
0.0922 996
0.0923 1005
0.0924 1009
0.0925 1016
0.0926 1020
0.0927 1022
0.0928 1013
0.0929 1008
0.093 993
0.0931 997
0.0932 1004
0.0933 1031
0.0934 1011
0.0935 1016
0.0936 1015
0.0937 1017
0.0938 1026
0.0939 1031
0.094 1026
0.0941 1042
0.0942 1029
0.0943 1019
0.0944 995
0.0945 978
0.0946 956
0.0947 928
0.0948 939
0.0949 926
0.095 917
0.0951 934
0.0952 917
0.0953 913
0.0954 919
0.0955 901
0.0956 878
0.0957 877
0.0958 878
0.0959 865
0.096 847
0.0961 868
0.0962 864
0.0963 863
0.0964 861
0.0965 874
0.0966 867
0.0967 891
0.0968 908
0.0969 892
0.097 902
0.0971 898
0.0972 876
0.0973 844
0.0974 838
0.0975 840
0.0976 809
0.0977 826
0.0978 836
0.0979 841
0.098 832
0.0981 858
0.0982 872
0.0983 915
0.0984 926
0.0985 959
0.0986 996
0.0987 1011
0.0988 1023
0.0989 1031
0.099 1026
0.0991 1034
0.0992 1024
0.0993 1037
0.0994 1046
0.0995 1035
0.0996 1026
0.0997 1021
0.0998 1012
0.0999 1014
0.1 1010
0.1001 1000
0.1002 983
0.1003 972
0.1004 954
0.1005 937
0.1006 914
0.1007 900
0.1008 889
0.1009 864
0.101 871
0.1011 854
0.1012 841
0.1013 831
0.1014 822
0.1015 825
0.1016 812
0.1017 812
0.1018 794
0.1019 770
0.102 767
0.1021 768
0.1022 761
0.1023 751
0.1024 736
0.1025 740
0.1026 764
0.1027 779
0.1028 763
0.1029 755
0.103 754
0.1031 719
0.1032 707
0.1033 703
0.1034 683
0.1035 675
0.1036 651
0.1037 667
0.1038 651
0.1039 636
0.104 632
0.1041 610
0.1042 615
0.1043 618
0.1044 606
0.1045 602
0.1046 584
0.1047 574
0.1048 565
0.1049 569
0.105 571
0.1051 563
0.1052 557
0.1053 560
0.1054 552
0.1055 546
0.1056 545
0.1057 543
0.1058 511
0.1059 475
0.106 478
0.1061 461
0.1062 431
0.1063 425
0.1064 401
0.1065 398
0.1066 411
0.1067 412
0.1068 409
0.1069 401
0.107 392
0.1071 396
0.1072 427
0.1073 436
0.1074 437
0.1075 430
0.1076 433
0.1077 447
0.1078 421
0.1079 407
0.108 395
0.1081 401
0.1082 376
0.1083 361
0.1084 361
0.1085 343
0.1086 338
0.1087 313
0.1088 298
0.1089 289
0.109 279
0.1091 276
0.1092 260
0.1093 250
0.1094 243
0.1095 228
0.1096 220
0.1097 215
0.1098 192
0.1099 186
0.11 171
0.1101 145
0.1102 137
0.1103 109
0.1104 88
0.1105 75
0.1106 68
0.1107 82
0.1108 96
0.1109 95
0.111 89
0.1111 73
0.1112 54
0.1113 37
0.1114 29
0.1115 23
0.1116 23
0.1117 11
0.1118 4
0.1119 7
0.112 5
0.1121 2
0.1122 4
0.1123 6
0.1124 2
0.1125 2
0.1126 2
0.1127 0
0.1128 3
0.1129 1
0.113 1
0.1131 1
0.1132 2
0.1133 0
0.1134 1
0.1135 4
0.1136 0
0.1137 0
0.1138 0
0.1139 0
0.114 3
0.1141 2
0.1142 3
0.1143 5
0.1144 4
0.1145 0
0.1146 0
0.1147 4
0.1148 2
0.1149 1
0.115 0
0.1151 1
0.1152 0
0.1153 1
0.1154 2
0.1155 0
0.1156 0
0.1157 1
0.1158 0
0.1159 0
0.116 0
0.1161 1
0.1162 0
0.1163 0
0.1164 1
0.1165 0
0.1166 0
0.1167 0
0.1168 0
0.1169 0
0.117 0
0.1171 0
0.1172 1
0.1173 0
0.1174 0
0.1175 3
0.1176 0
0.1177 0
0.1178 0
0.1179 0
0.118 0
0.1181 2
0.1182 0
0.1183 0
0.1184 0
0.1185 1
0.1186 0
0.1187 0
0.1188 0
0.1189 1
0.119 0
0.1191 0
0.1192 0
0.1193 0
0.1194 3
0.1195 1
0.1196 2
0.1197 0
0.1198 1
0.1199 0
0.12 1
0.1201 0
0.1202 2
0.1203 0
0.1204 0
0.1205 0
0.1206 0
0.1207 1
0.1208 0
0.1209 2
0.121 3
0.1211 0
0.1212 1
0.1213 1
0.1214 0
0.1215 2
0.1216 0
0.1217 0
0.1218 0
0.1219 0
0.122 0
0.1221 0
0.1222 0
0.1223 0
0.1224 0
0.1225 0
0.1226 0
0.1227 0
0.1228 1
0.1229 0
0.123 0
0.1231 0
0.1232 1
0.1233 1
0.1234 1
0.1235 0
0.1236 0
0.1237 0
0.1238 0
0.1239 1
0.124 1
0.1241 2
0.1242 3
0.1243 3
0.1244 0
0.1245 0
0.1246 2
0.1247 2
0.1248 1
0.1249 0
0.125 0
0.1251 1
0.1252 2
0.1253 0
0.1254 1
0.1255 3
0.1256 3
0.1257 0
0.1258 0
0.1259 0
0.126 0
0.1261 1
0.1262 1
0.1263 0
0.1264 2
0.1265 0
0.1266 2
0.1267 1
0.1268 0
0.1269 0
0.127 0
0.1271 4
0.1272 0
0.1273 0
0.1274 0
0.1275 0
0.1276 1
0.1277 0
0.1278 0
0.1279 0
0.128 0
0.1281 0
0.1282 0
0.1283 0
0.1284 0
0.1285 0
0.1286 0
0.1287 2
0.1288 0
0.1289 0
0.129 2
0.1291 0
0.1292 1
0.1293 2
0.1294 0
0.1295 0
0.1296 1
0.1297 0
0.1298 0
0.1299 0
0.13 0
0.1301 0
0.1302 0
0.1303 0
0.1304 0
0.1305 0
0.1306 0
0.1307 1
0.1308 0
0.1309 0
0.131 1
0.1311 0
0.1312 0
0.1313 1
0.1314 0
0.1315 0
0.1316 1
0.1317 1
0.1318 0
0.1319 1
0.132 0
0.1321 1
0.1322 0
0.1323 0
0.1324 0
0.1325 0
0.1326 1
0.1327 1
0.1328 0
0.1329 0
0.133 0
0.1331 1
0.1332 2
0.1333 0
0.1334 0
0.1335 2
0.1336 0
0.1337 1
0.1338 2
0.1339 2
0.134 0
0.1341 0
0.1342 0
0.1343 0
0.1344 1
0.1345 3
0.1346 1
0.1347 0
0.1348 2
0.1349 0
0.135 0
0.1351 1
0.1352 0
0.1353 0
0.1354 0
0.1355 0
0.1356 0
0.1357 0
0.1358 0
0.1359 1
0.136 0
0.1361 0
0.1362 0
0.1363 0
0.1364 0
0.1365 1
0.1366 0
0.1367 1
0.1368 0
0.1369 2
0.137 0
0.1371 0
0.1372 1
0.1373 2
0.1374 0
0.1375 3
0.1376 2
0.1377 0
0.1378 2
0.1379 2
0.138 1
0.1381 2
0.1382 0
0.1383 0
0.1384 1
0.1385 0
0.1386 0
0.1387 1
0.1388 0
0.1389 0
0.139 1
0.1391 2
0.1392 2
0.1393 1
0.1394 1
0.1395 3
0.1396 1
0.1397 1
0.1398 0
0.1399 1
0.14 1
0.1401 3
0.1402 0
0.1403 0
0.1404 0
0.1405 0
0.1406 1
0.1407 2
0.1408 0
0.1409 1
0.141 3
0.1411 2
0.1412 4
0.1413 4
0.1414 2
0.1415 0
0.1416 3
0.1417 3
0.1418 2
0.1419 5
0.142 4
0.1421 3
0.1422 3
0.1423 2
0.1424 2
0.1425 5
0.1426 6
0.1427 8
0.1428 9
0.1429 18
0.143 13
0.1431 22
0.1432 15
0.1433 19
0.1434 25
0.1435 15
0.1436 22
0.1437 30
0.1438 23
0.1439 17
0.144 17
0.1441 13
0.1442 17
0.1443 16
0.1444 13
0.1445 9
0.1446 9
0.1447 5
0.1448 2
0.1449 0
0.145 2
0.1451 2
0.1452 3
0.1453 4
0.1454 9
0.1455 5
0.1456 18
0.1457 13
0.1458 12
0.1459 18
0.146 18
0.1461 16
0.1462 5
0.1463 14
0.1464 12
0.1465 9
0.1466 7
0.1467 8
0.1468 6
0.1469 6
0.147 7
0.1471 3
0.1472 2
0.1473 3
0.1474 5
0.1475 13
0.1476 11
0.1477 13
0.1478 9
0.1479 9
0.148 15
0.1481 20
0.1482 5
0.1483 8
0.1484 10
0.1485 6
0.1486 2
0.1487 4
0.1488 2
0.1489 2
0.149 5
0.1491 1
0.1492 1
0.1493 4
0.1494 2
0.1495 3
0.1496 2
0.1497 0
0.1498 6
0.1499 2
0.15 0
0.1501 2
0.1502 1
0.1503 3
0.1504 3
0.1505 4
0.1506 5
0.1507 3
0.1508 3
0.1509 7
0.151 4
0.1511 0
0.1512 0
0.1513 2
0.1514 2
0.1515 0
0.1516 1
0.1517 4
0.1518 1
0.1519 0
0.152 1
0.1521 1
0.1522 0
0.1523 4
0.1524 0
0.1525 0
0.1526 0
0.1527 1
0.1528 1
0.1529 2
0.153 3
0.1531 1
0.1532 0
0.1533 1
0.1534 1
0.1535 1
0.1536 0
0.1537 0
0.1538 4
0.1539 1
0.154 1
0.1541 0
0.1542 0
0.1543 0
0.1544 0
0.1545 3
0.1546 1
0.1547 1
0.1548 2
0.1549 1
0.155 1
0.1551 0
0.1552 1
0.1553 3
0.1554 1
0.1555 3
0.1556 1
0.1557 1
0.1558 1
0.1559 3
0.156 0
0.1561 3
0.1562 4
0.1563 6
0.1564 7
0.1565 5
0.1566 13
0.1567 7
0.1568 16
0.1569 13
0.157 12
0.1571 8
0.1572 10
0.1573 7
0.1574 3
0.1575 2
0.1576 2
0.1577 3
0.1578 3
0.1579 6
0.158 6
0.1581 9
0.1582 6
0.1583 9
0.1584 5
0.1585 4
0.1586 4
0.1587 4
0.1588 3
0.1589 4
0.159 3
0.1591 1
0.1592 7
0.1593 3
0.1594 2
0.1595 4
0.1596 3
0.1597 6
0.1598 5
0.1599 5
0.16 4
0.1601 9
0.1602 10
0.1603 12
0.1604 18
0.1605 23
0.1606 31
0.1607 32
0.1608 31
0.1609 23
0.161 22
0.1611 34
0.1612 53
0.1613 61
0.1614 70
0.1615 95
0.1616 116
0.1617 154
0.1618 200
0.1619 246
0.162 265
0.1621 288
0.1622 298
0.1623 319
0.1624 323
0.1625 333
0.1626 359
0.1627 375
0.1628 370
0.1629 375
0.163 389
0.1631 391
0.1632 385
0.1633 393
0.1634 388
0.1635 391
0.1636 393
0.1637 401
0.1638 429
0.1639 453
0.164 479
0.1641 496
0.1642 522
0.1643 553
0.1644 583
0.1645 601
0.1646 641
0.1647 670
0.1648 681
0.1649 714
0.165 738
0.1651 768
0.1652 794
0.1653 795
0.1654 805
0.1655 811
0.1656 793
0.1657 821
0.1658 842
0.1659 836
0.166 830
0.1661 838
0.1662 852
0.1663 876
0.1664 878
0.1665 865
0.1666 866
0.1667 861
0.1668 872
0.1669 881
0.167 889
0.1671 886
0.1672 884
0.1673 889
0.1674 929
0.1675 928
0.1676 933
0.1677 950
0.1678 952
0.1679 967
0.168 983
0.1681 985
0.1682 985
0.1683 983
0.1684 974
0.1685 963
0.1686 964
0.1687 985
0.1688 981
0.1689 998
0.169 1018
0.1691 1006
0.1692 1009
0.1693 1008
0.1694 1006
0.1695 1023
0.1696 1015
0.1697 1010
0.1698 1000
0.1699 998
0.17 993
0.1701 981
0.1702 975
0.1703 983
0.1704 972
0.1705 965
0.1706 949
0.1707 955
0.1708 942
0.1709 942
0.171 947
0.1711 932
0.1712 945
0.1713 944
0.1714 932
0.1715 910
0.1716 903
0.1717 911
0.1718 901
0.1719 902
0.172 891
0.1721 890
0.1722 883
0.1723 884
0.1724 876
0.1725 888
0.1726 866
0.1727 865
0.1728 866
0.1729 869
0.173 879
0.1731 872
0.1732 871
0.1733 915
0.1734 925
0.1735 939
0.1736 946
0.1737 955
0.1738 959
0.1739 933
0.174 923
0.1741 910
0.1742 911
0.1743 920
0.1744 912
0.1745 885
0.1746 876
0.1747 875
0.1748 868
0.1749 876
0.175 876
0.1751 865
0.1752 880
0.1753 900
0.1754 913
0.1755 920
0.1756 925
0.1757 946
0.1758 940
0.1759 938
0.176 924
0.1761 903
0.1762 895
0.1763 882
0.1764 889
0.1765 872
0.1766 838
0.1767 831
0.1768 834
0.1769 814
0.177 793
0.1771 755
0.1772 751
0.1773 749
0.1774 733
0.1775 754
0.1776 750
0.1777 763
0.1778 750
0.1779 738
0.178 730
0.1781 735
0.1782 720
0.1783 705
0.1784 707
0.1785 689
0.1786 660
0.1787 646
0.1788 601
0.1789 562
0.179 497
0.1791 452
0.1792 406
0.1793 362
0.1794 323
0.1795 302
0.1796 293
0.1797 284
0.1798 270
0.1799 263
0.18 260
0.1801 263
0.1802 258
0.1803 236
0.1804 208
0.1805 227
0.1806 219
0.1807 200
0.1808 180
0.1809 175
0.181 174
0.1811 179
0.1812 167
0.1813 171
0.1814 159
0.1815 170
0.1816 157
0.1817 159
0.1818 173
0.1819 182
0.182 179
0.1821 174
0.1822 161
0.1823 127
0.1824 115
0.1825 109
0.1826 105
0.1827 91
0.1828 92
0.1829 125
0.183 140
0.1831 143
0.1832 143
0.1833 131
0.1834 109
0.1835 81
0.1836 73
0.1837 44
0.1838 41
0.1839 44
0.184 27
0.1841 44
0.1842 50
0.1843 56
0.1844 49
0.1845 56
0.1846 59
0.1847 68
0.1848 61
0.1849 61
0.185 49
0.1851 43
0.1852 26
0.1853 22
0.1854 10
0.1855 9
0.1856 3
0.1857 0
0.1858 0
0.1859 2
0.186 0
0.1861 2
0.1862 1
0.1863 6
0.1864 8
0.1865 6
0.1866 10
0.1867 8
0.1868 7
0.1869 8
0.187 8
0.1871 7
0.1872 5
0.1873 11
0.1874 10
0.1875 5
0.1876 6
0.1877 6
0.1878 6
0.1879 5
0.188 3
0.1881 3
0.1882 0
0.1883 1
0.1884 0
0.1885 0
0.1886 0
0.1887 1
0.1888 1
0.1889 1
0.189 3
0.1891 1
0.1892 0
0.1893 1
0.1894 1
0.1895 2
0.1896 1
0.1897 0
0.1898 2
0.1899 3
0.19 2
0.1901 0
0.1902 1
0.1903 0
0.1904 1
0.1905 5
0.1906 2
0.1907 2
0.1908 2
0.1909 1
0.191 1
0.1911 2
0.1912 0
0.1913 0
0.1914 3
0.1915 0
0.1916 1
0.1917 1
0.1918 0
0.1919 0
0.192 1
0.1921 0
0.1922 0
0.1923 0
0.1924 0
0.1925 1
0.1926 2
0.1927 1
0.1928 0
0.1929 0
0.193 1
0.1931 1
0.1932 0
0.1933 1
0.1934 0
0.1935 0
0.1936 0
0.1937 0
0.1938 0
0.1939 0
0.194 1
0.1941 0
0.1942 0
0.1943 2
0.1944 0
0.1945 1
0.1946 0
0.1947 0
0.1948 0
0.1949 0
0.195 0
0.1951 0
0.1952 0
0.1953 0
0.1954 1
0.1955 0
0.1956 0
0.1957 0
0.1958 0
0.1959 0
0.196 0
0.1961 0
0.1962 0
0.1963 0
0.1964 0
0.1965 0
0.1966 0
0.1967 0
0.1968 1
0.1969 0
0.197 1
0.1971 0
0.1972 0
0.1973 0
0.1974 1
0.1975 1
0.1976 0
0.1977 0
0.1978 1
0.1979 0
0.198 0
0.1981 1
0.1982 1
0.1983 1
0.1984 1
0.1985 1
0.1986 0
0.1987 1
0.1988 0
0.1989 1
0.199 0
0.1991 3
0.1992 2
0.1993 0
0.1994 0
0.1995 0
0.1996 0
0.1997 0
0.1998 1
0.1999 0
0.2 0
0.2001 0
0.2002 0
0.2003 0
0.2004 0
0.2005 0
0.2006 0
0.2007 0
0.2008 0
0.2009 0
0.201 0
0.2011 0
0.2012 0
0.2013 0
0.2014 0
0.2015 1
0.2016 0
0.2017 2
0.2018 0
0.2019 1
0.202 0
0.2021 1
0.2022 1
0.2023 0
0.2024 0
0.2025 0
0.2026 0
0.2027 0
0.2028 0
0.2029 0
0.203 0
0.2031 0
0.2032 0
0.2033 1
0.2034 1
0.2035 1
0.2036 1
0.2037 1
0.2038 1
0.2039 0
0.204 0
0.2041 0
0.2042 0
0.2043 1
0.2044 0
0.2045 1
0.2046 0
0.2047 0
0.2048 1
0.2049 0
0.205 0
0.2051 1
0.2052 0
0.2053 0
0.2054 1
0.2055 1
0.2056 0
0.2057 0
0.2058 0
0.2059 0
0.206 1
0.2061 1
0.2062 8
0.2063 2
0.2064 0
0.2065 0
0.2066 1
0.2067 0
0.2068 1
0.2069 1
0.207 1
0.2071 1
0.2072 0
0.2073 0
0.2074 0
0.2075 0
0.2076 0
0.2077 0
0.2078 1
0.2079 0
0.208 0
0.2081 1
0.2082 0
0.2083 1
0.2084 1
0.2085 2
0.2086 3
0.2087 6
0.2088 4
0.2089 1
0.209 5
0.2091 2
0.2092 11
0.2093 2
0.2094 2
0.2095 4
0.2096 3
0.2097 1
0.2098 1
0.2099 1
0.21 1
0.2101 3
0.2102 1
0.2103 2
0.2104 0
0.2105 1
0.2106 0
0.2107 0
0.2108 0
0.2109 0
0.211 0
0.2111 0
0.2112 2
0.2113 0
0.2114 2
0.2115 0
0.2116 2
0.2117 1
0.2118 1
0.2119 2
0.212 1
0.2121 2
0.2122 0
0.2123 1
0.2124 0
0.2125 2
0.2126 0
0.2127 0
0.2128 2
0.2129 1
0.213 0
0.2131 0
0.2132 0
0.2133 2
0.2134 0
0.2135 1
0.2136 2
0.2137 2
0.2138 0
0.2139 1
0.214 2
0.2141 0
0.2142 1
0.2143 2
0.2144 0
0.2145 0
0.2146 0
0.2147 3
0.2148 1
0.2149 1
0.215 1
0.2151 0
0.2152 1
0.2153 1
0.2154 1
0.2155 0
0.2156 0
0.2157 0
0.2158 0
0.2159 0
0.216 0
0.2161 1
0.2162 4
0.2163 0
0.2164 0
0.2165 1
0.2166 0
0.2167 1
0.2168 0
0.2169 1
0.217 0
0.2171 2
0.2172 0
0.2173 0
0.2174 1
0.2175 0
0.2176 2
0.2177 0
0.2178 0
0.2179 2
0.218 1
0.2181 0
0.2182 0
0.2183 0
0.2184 0
0.2185 2
0.2186 0
0.2187 0
0.2188 0
0.2189 3
0.219 0
0.2191 1
0.2192 3
0.2193 3
0.2194 6
0.2195 6
0.2196 9
0.2197 5
0.2198 3
0.2199 2
0.22 2
0.2201 3
0.2202 6
0.2203 3
0.2204 1
0.2205 1
0.2206 1
0.2207 2
0.2208 2
0.2209 5
0.221 3
0.2211 1
0.2212 4
0.2213 1
0.2214 0
0.2215 0
0.2216 0
0.2217 0
0.2218 2
0.2219 0
0.222 1
0.2221 0
0.2222 1
0.2223 1
0.2224 1
0.2225 6
0.2226 7
0.2227 8
0.2228 4
0.2229 8
0.223 4
0.2231 5
0.2232 2
0.2233 5
0.2234 1
0.2235 4
0.2236 2
0.2237 0
0.2238 4
0.2239 3
0.224 3
0.2241 0
0.2242 3
0.2243 2
0.2244 2
0.2245 1
0.2246 1
0.2247 2
0.2248 1
0.2249 0
0.225 2
0.2251 0
0.2252 1
0.2253 0
0.2254 1
0.2255 0
0.2256 0
0.2257 0
0.2258 1
0.2259 1
0.226 2
0.2261 0
0.2262 0
0.2263 0
0.2264 1
0.2265 3
0.2266 2
0.2267 2
0.2268 1
0.2269 2
0.227 2
0.2271 1
0.2272 2
0.2273 1
0.2274 0
0.2275 1
0.2276 0
0.2277 4
0.2278 4
0.2279 4
0.228 2
0.2281 2
0.2282 4
0.2283 4
0.2284 3
0.2285 8
0.2286 19
0.2287 15
0.2288 25
0.2289 17
0.229 16
0.2291 11
0.2292 8
0.2293 8
0.2294 14
0.2295 16
0.2296 9
0.2297 7
0.2298 15
0.2299 20
0.23 16
0.2301 21
0.2302 13
0.2303 21
0.2304 36
0.2305 56
0.2306 76
0.2307 79
0.2308 84
0.2309 88
0.231 89
0.2311 92
0.2312 95
0.2313 94
0.2314 119
0.2315 146
0.2316 194
0.2317 231
0.2318 261
0.2319 319
0.232 378
0.2321 414
0.2322 429
0.2323 452
0.2324 477
0.2325 484
0.2326 501
0.2327 515
0.2328 526
0.2329 552
0.233 580
0.2331 635
0.2332 668
0.2333 734
0.2334 768
0.2335 777
0.2336 784
0.2337 787
0.2338 802
0.2339 819
0.234 831
0.2341 851
0.2342 875
0.2343 903
0.2344 938
0.2345 960
0.2346 973
0.2347 981
0.2348 1022
0.2349 1036
0.235 1058
0.2351 1071
0.2352 1073
0.2353 1075
0.2354 1056
0.2355 1066
0.2356 1084
0.2357 1084
0.2358 1105
0.2359 1126
0.236 1156
0.2361 1175
0.2362 1200
0.2363 1207
0.2364 1242
0.2365 1271
0.2366 1283
0.2367 1292
0.2368 1315
0.2369 1321
0.237 1349
0.2371 1354
0.2372 1355
0.2373 1345
0.2374 1354
0.2375 1362
0.2376 1362
0.2377 1355
0.2378 1353
0.2379 1337
0.238 1344
0.2381 1322
0.2382 1292
0.2383 1275
0.2384 1255
0.2385 1263
0.2386 1272
0.2387 1282
0.2388 1286
0.2389 1278
0.239 1273
0.2391 1271
0.2392 1283
0.2393 1277
0.2394 1270
0.2395 1269
0.2396 1282
0.2397 1284
0.2398 1289
0.2399 1285
0.24 1283
0.2401 1271
0.2402 1270
0.2403 1250
0.2404 1252
0.2405 1247
0.2406 1270
0.2407 1270
0.2408 1247
0.2409 1260
0.241 1251
0.2411 1240
0.2412 1255
0.2413 1249
0.2414 1246
0.2415 1249
0.2416 1250
0.2417 1245
0.2418 1236
0.2419 1230
0.242 1203
0.2421 1175
0.2422 1187
0.2423 1210
0.2424 1192
0.2425 1199
0.2426 1200
0.2427 1197
0.2428 1200
0.2429 1201
0.243 1181
0.2431 1149
0.2432 1123
0.2433 1086
0.2434 1059
0.2435 1055
0.2436 1058
0.2437 1052
0.2438 1045
0.2439 1023
0.244 1024
0.2441 1020
0.2442 1020
0.2443 1022
0.2444 1003
0.2445 1012
0.2446 1013
0.2447 991
0.2448 995
0.2449 987
0.245 972
0.2451 956
0.2452 963
0.2453 954
0.2454 957
0.2455 954
0.2456 932
0.2457 905
0.2458 908
0.2459 889
0.246 890
0.2461 879
0.2462 854
0.2463 845
0.2464 842
0.2465 858
0.2466 865
0.2467 855
0.2468 843
0.2469 851
0.247 840
0.2471 825
0.2472 816
0.2473 814
0.2474 824
0.2475 810
0.2476 815
0.2477 803
0.2478 777
0.2479 762
0.248 736
0.2481 717
0.2482 694
0.2483 693
0.2484 710
0.2485 701
0.2486 713
0.2487 710
0.2488 691
0.2489 676
0.249 666
0.2491 686
0.2492 694
0.2493 688
0.2494 657
0.2495 622
0.2496 610
0.2497 602
0.2498 595
0.2499 582
0.25 580
