0 0
0.0001 8
0.0002 7
0.0003 8
0.0004 8
0.0005 15
0.0006 35
0.0007 78
0.0008 128
0.0009 165
0.001 210
0.0011 249
0.0012 280
0.0013 323
0.0014 362
0.0015 398
0.0016 434
0.0017 494
0.0018 533
0.0019 587
0.002 636
0.0021 654
0.0022 687
0.0023 740
0.0024 767
0.0025 819
0.0026 868
0.0027 934
0.0028 975
0.0029 1012
0.003 1058
0.0031 1101
0.0032 1140
0.0033 1194
0.0034 1240
0.0035 1273
0.0036 1312
0.0037 1344
0.0038 1387
0.0039 1418
0.004 1469
0.0041 1512
0.0042 1535
0.0043 1537
0.0044 1561
0.0045 1576
0.0046 1595
0.0047 1615
0.0048 1622
0.0049 1643
0.005 1644
0.0051 1646
0.0052 1640
0.0053 1647
0.0054 1667
0.0055 1667
0.0056 1670
0.0057 1668
0.0058 1656
0.0059 1654
0.006 1644
0.0061 1659
0.0062 1669
0.0063 1667
0.0064 1662
0.0065 1653
0.0066 1636
0.0067 1608
0.0068 1595
0.0069 1601
0.007 1626
0.0071 1639
0.0072 1616
0.0073 1609
0.0074 1595
0.0075 1613
0.0076 1609
0.0077 1621
0.0078 1633
0.0079 1640
0.008 1633
0.0081 1647
0.0082 1636
0.0083 1656
0.0084 1664
0.0085 1666
0.0086 1687
0.0087 1695
0.0088 1700
0.0089 1713
0.009 1735
0.0091 1726
0.0092 1705
0.0093 1692
0.0094 1684
0.0095 1659
0.0096 1659
0.0097 1647
0.0098 1648
0.0099 1655
0.01 1657
0.0101 1648
0.0102 1641
0.0103 1642
0.0104 1669
0.0105 1676
0.0106 1689
0.0107 1687
0.0108 1684
0.0109 1703
0.011 1704
0.0111 1713
0.0112 1702
0.0113 1686
0.0114 1672
0.0115 1681
0.0116 1670
0.0117 1663
0.0118 1685
0.0119 1673
0.012 1660
0.0121 1636
0.0122 1613
0.0123 1604
0.0124 1584
0.0125 1583
0.0126 1565
0.0127 1561
0.0128 1566
0.0129 1561
0.013 1552
0.0131 1525
0.0132 1507
0.0133 1469
0.0134 1482
0.0135 1489
0.0136 1468
0.0137 1479
0.0138 1473
0.0139 1447
0.014 1427
0.0141 1433
0.0142 1436
0.0143 1448
0.0144 1483
0.0145 1503
0.0146 1511
0.0147 1502
0.0148 1507
0.0149 1510
0.015 1502
0.0151 1469
0.0152 1458
0.0153 1442
0.0154 1435
0.0155 1425
0.0156 1429
0.0157 1400
0.0158 1396
0.0159 1378
0.016 1356
0.0161 1312
0.0162 1305
0.0163 1295
0.0164 1296
0.0165 1301
0.0166 1309
0.0167 1294
0.0168 1256
0.0169 1250
0.017 1243
0.0171 1220
0.0172 1204
0.0173 1203
0.0174 1217
0.0175 1221
0.0176 1224
0.0177 1234
0.0178 1240
0.0179 1248
0.018 1249
0.0181 1247
0.0182 1235
0.0183 1209
0.0184 1201
0.0185 1198
0.0186 1173
0.0187 1163
0.0188 1157
0.0189 1164
0.019 1155
0.0191 1147
0.0192 1142
0.0193 1119
0.0194 1087
0.0195 1084
0.0196 1072
0.0197 1057
0.0198 1061
0.0199 1054
0.02 1057
0.0201 1044
0.0202 1048
0.0203 1044
0.0204 1049
0.0205 1049
0.0206 1028
0.0207 990
0.0208 977
0.0209 955
0.021 942
0.0211 930
0.0212 930
0.0213 930
0.0214 930
0.0215 932
0.0216 907
0.0217 909
0.0218 884
0.0219 865
0.022 875
0.0221 870
0.0222 853
0.0223 848
0.0224 847
0.0225 845
0.0226 838
0.0227 795
0.0228 766
0.0229 730
0.023 690
0.0231 671
0.0232 664
0.0233 660
0.0234 638
0.0235 637
0.0236 612
0.0237 596
0.0238 589
0.0239 586
0.024 579
0.0241 585
0.0242 570
0.0243 554
0.0244 534
0.0245 512
0.0246 502
0.0247 500
0.0248 480
0.0249 459
0.025 440
0.0251 423
0.0252 394
0.0253 363
0.0254 306
0.0255 269
0.0256 217
0.0257 189
0.0258 177
0.0259 159
0.026 141
0.0261 119
0.0262 106
0.0263 85
0.0264 55
0.0265 43
0.0266 52
0.0267 46
0.0268 38
0.0269 31
0.027 40
0.0271 35
0.0272 24
0.0273 16
0.0274 12
0.0275 2
0.0276 4
0.0277 4
0.0278 8
0.0279 3
0.028 6
0.0281 4
0.0282 1
0.0283 1
0.0284 8
0.0285 6
0.0286 2
0.0287 1
0.0288 5
0.0289 2
0.029 3
0.0291 2
0.0292 0
0.0293 2
0.0294 2
0.0295 0
0.0296 2
0.0297 0
0.0298 2
0.0299 4
0.03 0
0.0301 1
0.0302 1
0.0303 1
0.0304 2
0.0305 0
0.0306 0
0.0307 1
0.0308 2
0.0309 0
0.031 2
0.0311 0
0.0312 2
0.0313 0
0.0314 5
0.0315 1
0.0316 3
0.0317 1
0.0318 1
0.0319 0
0.032 0
0.0321 0
0.0322 1
0.0323 0
0.0324 0
0.0325 0
0.0326 0
0.0327 0
0.0328 1
0.0329 0
0.033 0
0.0331 0
0.0332 2
0.0333 1
0.0334 1
0.0335 2
0.0336 0
0.0337 0
0.0338 1
0.0339 0
0.034 0
0.0341 0
0.0342 0
0.0343 2
0.0344 0
0.0345 1
0.0346 1
0.0347 2
0.0348 6
0.0349 4
0.035 3
0.0351 4
0.0352 3
0.0353 0
0.0354 3
0.0355 4
0.0356 3
0.0357 0
0.0358 0
0.0359 0
0.036 0
0.0361 0
0.0362 0
0.0363 4
0.0364 0
0.0365 2
0.0366 2
0.0367 0
0.0368 2
0.0369 1
0.037 1
0.0371 0
0.0372 1
0.0373 0
0.0374 1
0.0375 1
0.0376 0
0.0377 1
0.0378 1
0.0379 0
0.038 1
0.0381 3
0.0382 2
0.0383 1
0.0384 1
0.0385 0
0.0386 0
0.0387 0
0.0388 0
0.0389 2
0.039 0
0.0391 8
0.0392 4
0.0393 9
0.0394 2
0.0395 7
0.0396 1
0.0397 1
0.0398 2
0.0399 1
0.04 0
0.0401 0
0.0402 1
0.0403 1
0.0404 3
0.0405 0
0.0406 3
0.0407 4
0.0408 7
0.0409 4
0.041 6
0.0411 3
0.0412 1
0.0413 2
0.0414 1
0.0415 1
0.0416 2
0.0417 0
0.0418 1
0.0419 1
0.042 1
0.0421 1
0.0422 0
0.0423 0
0.0424 1
0.0425 8
0.0426 4
0.0427 5
0.0428 2
0.0429 0
0.043 0
0.0431 2
0.0432 2
0.0433 3
0.0434 2
0.0435 2
0.0436 4
0.0437 4
0.0438 2
0.0439 1
0.044 0
0.0441 1
0.0442 1
0.0443 1
0.0444 1
0.0445 0
0.0446 0
0.0447 1
0.0448 1
0.0449 4
0.045 3
0.0451 2
0.0452 2
0.0453 1
0.0454 4
0.0455 2
0.0456 2
0.0457 2
0.0458 2
0.0459 1
0.046 0
0.0461 1
0.0462 1
0.0463 1
0.0464 5
0.0465 3
0.0466 8
0.0467 4
0.0468 7
0.0469 10
0.047 10
0.0471 10
0.0472 9
0.0473 8
0.0474 6
0.0475 6
0.0476 2
0.0477 2
0.0478 1
0.0479 3
0.048 11
0.0481 6
0.0482 3
0.0483 2
0.0484 9
0.0485 5
0.0486 3
0.0487 1
0.0488 0
0.0489 2
0.049 5
0.0491 1
0.0492 2
0.0493 2
0.0494 1
0.0495 3
0.0496 0
0.0497 0
0.0498 2
0.0499 3
0.05 4
0.0501 5
0.0502 4
0.0503 5
0.0504 4
0.0505 7
0.0506 2
0.0507 4
0.0508 3
0.0509 2
0.051 1
0.0511 2
0.0512 1
0.0513 2
0.0514 4
0.0515 4
0.0516 9
0.0517 6
0.0518 8
0.0519 0
0.052 1
0.0521 2
0.0522 2
0.0523 3
0.0524 0
0.0525 0
0.0526 0
0.0527 4
0.0528 1
0.0529 2
0.053 3
0.0531 0
0.0532 1
0.0533 1
0.0534 2
0.0535 0
0.0536 2
0.0537 0
0.0538 2
0.0539 0
0.054 0
0.0541 1
0.0542 3
0.0543 3
0.0544 4
0.0545 2
0.0546 1
0.0547 5
0.0548 3
0.0549 2
0.055 3
0.0551 1
0.0552 1
0.0553 2
0.0554 3
0.0555 2
0.0556 3
0.0557 1
0.0558 1
0.0559 1
0.056 2
0.0561 1
0.0562 2
0.0563 1
0.0564 1
0.0565 1
0.0566 0
0.0567 0
0.0568 2
0.0569 0
0.057 7
0.0571 0
0.0572 0
0.0573 1
0.0574 0
0.0575 0
0.0576 1
0.0577 0
0.0578 2
0.0579 3
0.058 1
0.0581 5
0.0582 13
0.0583 10
0.0584 8
0.0585 19
0.0586 10
0.0587 4
0.0588 15
0.0589 6
0.059 7
0.0591 1
0.0592 0
0.0593 2
0.0594 2
0.0595 1
0.0596 0
0.0597 2
0.0598 1
0.0599 1
0.06 3
0.0601 7
0.0602 20
0.0603 16
0.0604 12
0.0605 4
0.0606 4
0.0607 4
0.0608 1
0.0609 1
0.061 3
0.0611 6
0.0612 9
0.0613 3
0.0614 3
0.0615 3
0.0616 3
0.0617 3
0.0618 2
0.0619 3
0.062 1
0.0621 3
0.0622 2
0.0623 0
0.0624 2
0.0625 1
0.0626 3
0.0627 4
0.0628 3
0.0629 4
0.063 5
0.0631 2
0.0632 4
0.0633 2
0.0634 1
0.0635 1
0.0636 1
0.0637 1
0.0638 9
0.0639 27
0.064 22
0.0641 23
0.0642 23
0.0643 13
0.0644 13
0.0645 13
0.0646 15
0.0647 19
0.0648 15
0.0649 13
0.065 7
0.0651 7
0.0652 4
0.0653 5
0.0654 4
0.0655 2
0.0656 1
0.0657 2
0.0658 5
0.0659 3
0.066 4
0.0661 0
0.0662 0
0.0663 1
0.0664 0
0.0665 0
0.0666 1
0.0667 1
0.0668 1
0.0669 2
0.067 3
0.0671 2
0.0672 0
0.0673 1
0.0674 0
0.0675 2
0.0676 1
0.0677 3
0.0678 18
0.0679 16
0.068 17
0.0681 23
0.0682 13
0.0683 24
0.0684 26
0.0685 22
0.0686 21
0.0687 22
0.0688 27
0.0689 48
0.069 49
0.0691 52
0.0692 51
0.0693 57
0.0694 51
0.0695 43
0.0696 42
0.0697 28
0.0698 19
0.0699 19
0.07 17
0.0701 11
0.0702 11
0.0703 11
0.0704 15
0.0705 23
0.0706 26
0.0707 35
0.0708 49
0.0709 53
0.071 88
0.0711 106
0.0712 132
0.0713 152
0.0714 172
0.0715 178
0.0716 187
0.0717 180
0.0718 166
0.0719 149
0.072 137
0.0721 136
0.0722 113
0.0723 113
0.0724 118
0.0725 119
0.0726 159
0.0727 180
0.0728 190
0.0729 196
0.073 211
0.0731 200
0.0732 191
0.0733 186
0.0734 188
0.0735 182
0.0736 198
0.0737 201
0.0738 206
0.0739 221
0.074 261
0.0741 282
0.0742 307
0.0743 330
0.0744 344
0.0745 367
0.0746 388
0.0747 420
0.0748 456
0.0749 498
0.075 510
0.0751 519
0.0752 550
0.0753 560
0.0754 573
0.0755 593
0.0756 610
0.0757 625
0.0758 641
0.0759 653
0.076 661
0.0761 655
0.0762 652
0.0763 658
0.0764 667
0.0765 664
0.0766 688
0.0767 700
0.0768 704
0.0769 691
0.077 690
0.0771 686
0.0772 674
0.0773 670
0.0774 672
0.0775 667
0.0776 673
0.0777 683
0.0778 700
0.0779 704
0.078 710
0.0781 726
0.0782 704
0.0783 706
0.0784 724
0.0785 729
0.0786 734
0.0787 726
0.0788 722
0.0789 705
0.079 710
0.0791 702
0.0792 715
0.0793 700
0.0794 691
0.0795 681
0.0796 682
0.0797 684
0.0798 705
0.0799 691
0.08 677
0.0801 690
0.0802 693
0.0803 699
0.0804 716
0.0805 705
0.0806 705
0.0807 691
0.0808 710
0.0809 719
0.081 710
0.0811 722
0.0812 746
0.0813 749
0.0814 750
0.0815 762
0.0816 751
0.0817 776
0.0818 776
0.0819 788
0.082 794
0.0821 803
0.0822 795
0.0823 806
0.0824 819
0.0825 834
0.0826 830
0.0827 857
0.0828 876
0.0829 889
0.083 902
0.0831 923
0.0832 942
0.0833 943
0.0834 948
0.0835 951
0.0836 944
0.0837 946
0.0838 948
0.0839 928
0.084 919
0.0841 916
0.0842 940
0.0843 937
0.0844 928
0.0845 908
0.0846 907
0.0847 924
0.0848 910
0.0849 935
0.085 944
0.0851 944
0.0852 924
0.0853 924
0.0854 928
0.0855 931
0.0856 959
0.0857 960
0.0858 971
0.0859 967
0.086 959
0.0861 944
0.0862 928
0.0863 915
0.0864 914
0.0865 900
0.0866 883
0.0867 916
0.0868 920
0.0869 896
0.087 881
0.0871 865
0.0872 867
0.0873 838
0.0874 806
0.0875 785
0.0876 757
0.0877 750
0.0878 753
0.0879 737
0.088 722
0.0881 748
0.0882 740
0.0883 741
0.0884 742
0.0885 740
0.0886 722
0.0887 730
0.0888 732
0.0889 706
0.089 694
0.0891 693
0.0892 656
0.0893 661
0.0894 654
0.0895 635
0.0896 616
0.0897 627
0.0898 633
0.0899 617
0.09 622
0.0901 622
0.0902 634
0.0903 632
0.0904 630
0.0905 611
0.0906 589
0.0907 581
0.0908 576
0.0909 553
0.091 521
0.0911 481
0.0912 447
0.0913 410
0.0914 419
0.0915 398
0.0916 372
0.0917 335
0.0918 317
0.0919 306
0.092 305
0.0921 294
0.0922 283
0.0923 268
0.0924 261
0.0925 244
0.0926 236
0.0927 225
0.0928 213
0.0929 191
0.093 200
0.0931 193
0.0932 171
0.0933 179
0.0934 169
0.0935 188
0.0936 203
0.0937 210
0.0938 217
0.0939 228
0.094 218
0.0941 229
0.0942 214
0.0943 201
0.0944 177
0.0945 141
0.0946 146
0.0947 155
0.0948 162
0.0949 196
0.095 201
0.0951 190
0.0952 171
0.0953 148
0.0954 129
0.0955 123
0.0956 113
0.0957 96
0.0958 94
0.0959 98
0.096 85
0.0961 67
0.0962 67
0.0963 64
0.0964 49
0.0965 36
0.0966 18
0.0967 11
0.0968 5
0.0969 5
0.097 8
0.0971 9
0.0972 5
0.0973 13
0.0974 14
0.0975 5
0.0976 7
0.0977 2
0.0978 1
0.0979 5
0.098 0
0.0981 4
0.0982 5
0.0983 7
0.0984 7
0.0985 14
0.0986 8
0.0987 6
0.0988 12
0.0989 17
0.099 12
0.0991 16
0.0992 14
0.0993 10
0.0994 3
0.0995 10
0.0996 3
0.0997 5
0.0998 7
0.0999 1
0.1 1
0.1001 1
0.1002 6
0.1003 2
0.1004 1
0.1005 0
0.1006 2
0.1007 1
0.1008 2
0.1009 0
0.101 2
0.1011 1
0.1012 1
0.1013 2
0.1014 2
0.1015 0
0.1016 2
0.1017 0
0.1018 0
0.1019 3
0.102 2
0.1021 0
0.1022 1
0.1023 1
0.1024 0
0.1025 1
0.1026 8
0.1027 0
0.1028 3
0.1029 4
0.103 4
0.1031 6
0.1032 3
0.1033 1
0.1034 0
0.1035 2
0.1036 0
0.1037 0
0.1038 5
0.1039 1
0.104 1
0.1041 2
0.1042 7
0.1043 11
0.1044 7
0.1045 8
0.1046 12
0.1047 12
0.1048 7
0.1049 5
0.105 4
0.1051 5
0.1052 5
0.1053 2
0.1054 4
0.1055 1
0.1056 4
0.1057 0
0.1058 4
0.1059 4
0.106 3
0.1061 4
0.1062 0
0.1063 0
0.1064 0
0.1065 0
0.1066 0
0.1067 0
0.1068 0
0.1069 1
0.107 2
0.1071 2
0.1072 1
0.1073 2
0.1074 2
0.1075 1
0.1076 1
0.1077 0
0.1078 5
0.1079 1
0.108 0
0.1081 1
0.1082 2
0.1083 3
0.1084 0
0.1085 2
0.1086 4
0.1087 0
0.1088 1
0.1089 0
0.109 1
0.1091 0
0.1092 1
0.1093 1
0.1094 1
0.1095 0
0.1096 4
0.1097 2
0.1098 3
0.1099 4
0.11 10
0.1101 14
0.1102 13
0.1103 5
0.1104 4
0.1105 9
0.1106 1
0.1107 10
0.1108 5
0.1109 2
0.111 4
0.1111 2
0.1112 0
0.1113 3
0.1114 0
0.1115 1
0.1116 3
0.1117 2
0.1118 2
0.1119 1
0.112 2
0.1121 3
0.1122 1
0.1123 3
0.1124 0
0.1125 1
0.1126 1
0.1127 0
0.1128 1
0.1129 4
0.113 2
0.1131 3
0.1132 1
0.1133 2
0.1134 1
0.1135 2
0.1136 0
0.1137 2
0.1138 0
0.1139 3
0.114 3
0.1141 2
0.1142 2
0.1143 2
0.1144 1
0.1145 3
0.1146 2
0.1147 2
0.1148 1
0.1149 1
0.115 0
0.1151 1
0.1152 2
0.1153 2
0.1154 1
0.1155 1
0.1156 2
0.1157 2
0.1158 0
0.1159 0
0.116 2
0.1161 3
0.1162 4
0.1163 7
0.1164 10
0.1165 6
0.1166 9
0.1167 11
0.1168 13
0.1169 19
0.117 11
0.1171 9
0.1172 7
0.1173 19
0.1174 14
0.1175 10
0.1176 11
0.1177 4
0.1178 6
0.1179 9
0.118 13
0.1181 5
0.1182 6
0.1183 4
0.1184 5
0.1185 3
0.1186 4
0.1187 2
0.1188 2
0.1189 5
0.119 3
0.1191 3
0.1192 2
0.1193 6
0.1194 3
0.1195 0
0.1196 1
0.1197 1
0.1198 4
0.1199 2
0.12 3
0.1201 1
0.1202 3
0.1203 16
0.1204 9
0.1205 11
0.1206 8
0.1207 10
0.1208 16
0.1209 14
0.121 14
0.1211 7
0.1212 5
0.1213 9
0.1214 6
0.1215 7
0.1216 1
0.1217 5
0.1218 1
0.1219 2
0.122 3
0.1221 1
0.1222 3
0.1223 2
0.1224 0
0.1225 2
0.1226 3
0.1227 3
0.1228 2
0.1229 0
0.123 3
0.1231 4
0.1232 7
0.1233 11
0.1234 17
0.1235 12
0.1236 9
0.1237 4
0.1238 6
0.1239 3
0.124 1
0.1241 1
0.1242 2
0.1243 4
0.1244 5
0.1245 5
0.1246 4
0.1247 4
0.1248 3
0.1249 2
0.125 0
0.1251 3
0.1252 1
0.1253 1
0.1254 3
0.1255 4
0.1256 2
0.1257 0
0.1258 1
0.1259 3
0.126 1
0.1261 1
0.1262 3
0.1263 2
0.1264 2
0.1265 3
0.1266 2
0.1267 3
0.1268 1
0.1269 7
0.127 9
0.1271 5
0.1272 2
0.1273 4
0.1274 6
0.1275 4
0.1276 2
0.1277 3
0.1278 1
0.1279 4
0.128 3
0.1281 2
0.1282 2
0.1283 4
0.1284 1
0.1285 2
0.1286 1
0.1287 0
0.1288 2
0.1289 1
0.129 1
0.1291 3
0.1292 0
0.1293 1
0.1294 1
0.1295 4
0.1296 2
0.1297 4
0.1298 0
0.1299 2
0.13 7
0.1301 6
0.1302 6
0.1303 8
0.1304 10
0.1305 5
0.1306 5
0.1307 1
0.1308 4
0.1309 5
0.131 17
0.1311 15
0.1312 17
0.1313 17
0.1314 13
0.1315 10
0.1316 12
0.1317 8
0.1318 5
0.1319 6
0.132 6
0.1321 10
0.1322 9
0.1323 3
0.1324 6
0.1325 2
0.1326 1
0.1327 1
0.1328 3
0.1329 7
0.133 21
0.1331 23
0.1332 24
0.1333 23
0.1334 19
0.1335 19
0.1336 18
0.1337 17
0.1338 10
0.1339 11
0.134 6
0.1341 6
0.1342 2
0.1343 1
0.1344 1
0.1345 2
0.1346 3
0.1347 2
0.1348 12
0.1349 15
0.135 17
0.1351 19
0.1352 21
0.1353 28
0.1354 25
0.1355 20
0.1356 26
0.1357 20
0.1358 22
0.1359 29
0.136 27
0.1361 21
0.1362 21
0.1363 14
0.1364 16
0.1365 11
0.1366 16
0.1367 16
0.1368 11
0.1369 5
0.137 5
0.1371 10
0.1372 8
0.1373 9
0.1374 9
0.1375 5
0.1376 10
0.1377 10
0.1378 6
0.1379 2
0.138 0
0.1381 3
0.1382 4
0.1383 9
0.1384 1
0.1385 1
0.1386 2
0.1387 6
0.1388 6
0.1389 1
0.139 3
0.1391 4
0.1392 1
0.1393 2
0.1394 2
0.1395 2
0.1396 4
0.1397 4
0.1398 3
0.1399 7
0.14 4
0.1401 5
0.1402 7
0.1403 6
0.1404 11
0.1405 18
0.1406 33
0.1407 38
0.1408 37
0.1409 22
0.141 20
0.1411 20
0.1412 22
0.1413 12
0.1414 10
0.1415 11
0.1416 11
0.1417 6
0.1418 5
0.1419 8
0.142 5
0.1421 6
0.1422 4
0.1423 2
0.1424 7
0.1425 7
0.1426 5
0.1427 1
0.1428 3
0.1429 5
0.143 8
0.1431 9
0.1432 5
0.1433 5
0.1434 3
0.1435 4
0.1436 3
0.1437 4
0.1438 4
0.1439 6
0.144 8
0.1441 7
0.1442 6
0.1443 4
0.1444 9
0.1445 5
0.1446 6
0.1447 20
0.1448 38
0.1449 43
0.145 61
0.1451 68
0.1452 73
0.1453 68
0.1454 72
0.1455 74
0.1456 79
0.1457 72
0.1458 62
0.1459 54
0.146 52
0.1461 68
0.1462 93
0.1463 122
0.1464 142
0.1465 147
0.1466 144
0.1467 131
0.1468 121
0.1469 130
0.147 135
0.1471 155
0.1472 166
0.1473 169
0.1474 197
0.1475 212
0.1476 224
0.1477 242
0.1478 262
0.1479 272
0.148 288
0.1481 291
0.1482 297
0.1483 299
0.1484 315
0.1485 321
0.1486 336
0.1487 351
0.1488 364
0.1489 386
0.149 398
0.1491 395
0.1492 421
0.1493 456
0.1494 477
0.1495 508
0.1496 519
0.1497 520
0.1498 554
0.1499 569
0.15 590
0.1501 625
0.1502 647
0.1503 676
0.1504 699
0.1505 731
0.1506 759
0.1507 779
0.1508 828
0.1509 858
0.151 875
0.1511 880
0.1512 902
0.1513 934
0.1514 950
0.1515 980
0.1516 1009
0.1517 1041
0.1518 1069
0.1519 1064
0.152 1075
0.1521 1085
0.1522 1107
0.1523 1121
0.1524 1150
0.1525 1177
0.1526 1187
0.1527 1186
0.1528 1183
0.1529 1186
0.153 1201
0.1531 1227
0.1532 1226
0.1533 1265
0.1534 1270
0.1535 1287
0.1536 1284
0.1537 1275
0.1538 1284
0.1539 1312
0.154 1317
0.1541 1329
0.1542 1343
0.1543 1360
0.1544 1391
0.1545 1375
0.1546 1382
0.1547 1378
0.1548 1386
0.1549 1398
0.155 1393
0.1551 1373
0.1552 1383
0.1553 1390
0.1554 1391
0.1555 1402
0.1556 1394
0.1557 1433
0.1558 1426
0.1559 1424
0.156 1400
0.1561 1377
0.1562 1368
0.1563 1376
0.1564 1396
0.1565 1381
0.1566 1389
0.1567 1391
0.1568 1388
0.1569 1413
0.157 1388
0.1571 1383
0.1572 1395
0.1573 1390
0.1574 1384
0.1575 1397
0.1576 1405
0.1577 1391
0.1578 1396
0.1579 1392
0.158 1379
0.1581 1374
0.1582 1364
0.1583 1375
0.1584 1365
0.1585 1355
0.1586 1372
0.1587 1357
0.1588 1349
0.1589 1346
0.159 1326
0.1591 1304
0.1592 1277
0.1593 1252
0.1594 1241
0.1595 1208
0.1596 1207
0.1597 1206
0.1598 1192
0.1599 1202
0.16 1200
0.1601 1191
0.1602 1190
0.1603 1184
0.1604 1196
0.1605 1190
0.1606 1168
0.1607 1134
0.1608 1122
0.1609 1097
0.161 1090
0.1611 1069
0.1612 1049
0.1613 1048
0.1614 1028
0.1615 1030
0.1616 1005
0.1617 1014
0.1618 1003
0.1619 1001
0.162 996
0.1621 983
0.1622 987
0.1623 993
0.1624 986
0.1625 972
0.1626 981
0.1627 989
0.1628 997
0.1629 998
0.163 1003
0.1631 987
0.1632 967
0.1633 957
0.1634 992
0.1635 975
0.1636 975
0.1637 961
0.1638 964
0.1639 944
0.164 941
0.1641 926
0.1642 903
0.1643 897
0.1644 906
0.1645 885
0.1646 865
0.1647 831
0.1648 792
0.1649 788
0.165 796
0.1651 789
0.1652 763
0.1653 750
0.1654 740
0.1655 725
0.1656 725
0.1657 727
0.1658 708
0.1659 722
0.166 721
0.1661 744
0.1662 734
0.1663 713
0.1664 699
0.1665 665
0.1666 633
0.1667 604
0.1668 578
0.1669 533
0.167 536
0.1671 528
0.1672 499
0.1673 486
0.1674 472
0.1675 469
0.1676 491
0.1677 498
0.1678 476
0.1679 469
0.168 459
0.1681 466
0.1682 468
0.1683 454
0.1684 421
0.1685 382
0.1686 362
0.1687 342
0.1688 342
0.1689 339
0.169 363
0.1691 351
0.1692 316
0.1693 298
0.1694 296
0.1695 279
0.1696 264
0.1697 241
0.1698 239
0.1699 201
0.17 188
0.1701 176
0.1702 160
0.1703 164
0.1704 161
0.1705 136
0.1706 128
0.1707 113
0.1708 99
0.1709 88
0.171 85
0.1711 76
0.1712 64
0.1713 68
0.1714 79
0.1715 92
0.1716 107
0.1717 124
0.1718 130
0.1719 98
0.172 77
0.1721 53
0.1722 47
0.1723 30
0.1724 29
0.1725 26
0.1726 44
0.1727 59
0.1728 58
0.1729 58
0.173 62
0.1731 73
0.1732 63
0.1733 66
0.1734 69
0.1735 63
0.1736 57
0.1737 50
0.1738 47
0.1739 54
0.174 61
0.1741 56
0.1742 71
0.1743 77
0.1744 61
0.1745 69
0.1746 63
0.1747 48
0.1748 37
0.1749 27
0.175 21
0.1751 18
0.1752 17
0.1753 10
0.1754 4
0.1755 1
0.1756 5
0.1757 1
0.1758 6
0.1759 11
0.176 8
0.1761 3
0.1762 4
0.1763 6
0.1764 5
0.1765 1
0.1766 1
0.1767 1
0.1768 2
0.1769 4
0.177 1
0.1771 1
0.1772 4
0.1773 2
0.1774 1
0.1775 2
0.1776 4
0.1777 5
0.1778 1
0.1779 0
0.178 1
0.1781 3
0.1782 4
0.1783 7
0.1784 5
0.1785 4
0.1786 8
0.1787 4
0.1788 2
0.1789 2
0.179 5
0.1791 7
0.1792 8
0.1793 8
0.1794 10
0.1795 5
0.1796 2
0.1797 2
0.1798 0
0.1799 1
0.18 3
0.1801 1
0.1802 2
0.1803 5
0.1804 3
0.1805 2
0.1806 1
0.1807 3
0.1808 0
0.1809 2
0.181 0
0.1811 0
0.1812 2
0.1813 2
0.1814 1
0.1815 2
0.1816 0
0.1817 2
0.1818 2
0.1819 0
0.182 1
0.1821 1
0.1822 0
0.1823 0
0.1824 0
0.1825 0
0.1826 2
0.1827 1
0.1828 1
0.1829 1
0.183 1
0.1831 0
0.1832 0
0.1833 1
0.1834 1
0.1835 3
0.1836 1
0.1837 1
0.1838 1
0.1839 2
0.184 0
0.1841 0
0.1842 0
0.1843 0
0.1844 1
0.1845 0
0.1846 2
0.1847 0
0.1848 2
0.1849 0
0.185 0
0.1851 0
0.1852 0
0.1853 0
0.1854 0
0.1855 1
0.1856 0
0.1857 0
0.1858 0
0.1859 0
0.186 2
0.1861 3
0.1862 1
0.1863 0
0.1864 1
0.1865 0
0.1866 1
0.1867 0
0.1868 1
0.1869 0
0.187 1
0.1871 0
0.1872 0
0.1873 2
0.1874 1
0.1875 2
0.1876 0
0.1877 1
0.1878 0
0.1879 2
0.188 2
0.1881 0
0.1882 0
0.1883 1
0.1884 0
0.1885 1
0.1886 2
0.1887 2
0.1888 0
0.1889 2
0.189 0
0.1891 2
0.1892 1
0.1893 1
0.1894 1
0.1895 1
0.1896 1
0.1897 0
0.1898 2
0.1899 0
0.19 0
0.1901 0
0.1902 0
0.1903 2
0.1904 0
0.1905 1
0.1906 0
0.1907 1
0.1908 1
0.1909 1
0.191 1
0.1911 1
0.1912 0
0.1913 1
0.1914 3
0.1915 3
0.1916 2
0.1917 0
0.1918 1
0.1919 2
0.192 1
0.1921 2
0.1922 2
0.1923 1
0.1924 1
0.1925 0
0.1926 1
0.1927 1
0.1928 2
0.1929 1
0.193 1
0.1931 1
0.1932 0
0.1933 0
0.1934 0
0.1935 1
0.1936 1
0.1937 3
0.1938 4
0.1939 3
0.194 4
0.1941 2
0.1942 2
0.1943 6
0.1944 4
0.1945 1
0.1946 5
0.1947 1
0.1948 3
0.1949 4
0.195 2
0.1951 3
0.1952 4
0.1953 1
0.1954 2
0.1955 1
0.1956 3
0.1957 2
0.1958 4
0.1959 2
0.196 2
0.1961 2
0.1962 3
0.1963 0
0.1964 1
0.1965 3
0.1966 14
0.1967 12
0.1968 18
0.1969 14
0.197 9
0.1971 6
0.1972 6
0.1973 4
0.1974 5
0.1975 2
0.1976 4
0.1977 3
0.1978 2
0.1979 1
0.198 4
0.1981 4
0.1982 7
0.1983 2
0.1984 1
0.1985 1
0.1986 2
0.1987 1
0.1988 0
0.1989 1
0.199 3
0.1991 4
0.1992 3
0.1993 1
0.1994 4
0.1995 9
0.1996 5
0.1997 0
0.1998 6
0.1999 8
0.2 10
0.2001 10
0.2002 14
0.2003 11
0.2004 7
0.2005 2
0.2006 3
0.2007 6
0.2008 2
0.2009 1
0.201 2
0.2011 2
0.2012 2
0.2013 1
0.2014 4
0.2015 1
0.2016 2
0.2017 4
0.2018 5
0.2019 4
0.202 15
0.2021 14
0.2022 12
0.2023 16
0.2024 34
0.2025 30
0.2026 30
0.2027 29
0.2028 24
0.2029 25
0.203 16
0.2031 21
0.2032 26
0.2033 44
0.2034 50
0.2035 44
0.2036 43
0.2037 31
0.2038 25
0.2039 28
0.204 19
0.2041 18
0.2042 15
0.2043 9
0.2044 4
0.2045 7
0.2046 7
0.2047 9
0.2048 3
0.2049 5
0.205 4
0.2051 9
0.2052 21
0.2053 24
0.2054 38
0.2055 50
0.2056 41
0.2057 44
0.2058 35
0.2059 27
0.206 28
0.2061 18
0.2062 18
0.2063 13
0.2064 7
0.2065 5
0.2066 5
0.2067 6
0.2068 8
0.2069 4
0.207 7
0.2071 9
0.2072 3
0.2073 1
0.2074 2
0.2075 2
0.2076 4
0.2077 4
0.2078 4
0.2079 8
0.208 8
0.2081 2
0.2082 12
0.2083 4
0.2084 1
0.2085 5
0.2086 4
0.2087 3
0.2088 6
0.2089 4
0.209 3
0.2091 1
0.2092 1
0.2093 4
0.2094 1
0.2095 8
0.2096 27
0.2097 21
0.2098 21
0.2099 17
0.21 19
0.2101 17
0.2102 9
0.2103 11
0.2104 23
0.2105 22
0.2106 19
0.2107 19
0.2108 6
0.2109 14
0.211 25
0.2111 38
0.2112 45
0.2113 49
0.2114 58
0.2115 75
0.2116 60
0.2117 70
0.2118 60
0.2119 62
0.212 94
0.2121 123
0.2122 140
0.2123 186
0.2124 216
0.2125 259
0.2126 293
0.2127 349
0.2128 362
0.2129 403
0.213 429
0.2131 467
0.2132 517
0.2133 531
0.2134 563
0.2135 601
0.2136 619
0.2137 660
0.2138 683
0.2139 707
0.214 721
0.2141 731
0.2142 764
0.2143 789
0.2144 810
0.2145 853
0.2146 866
0.2147 900
0.2148 911
0.2149 921
0.215 930
0.2151 925
0.2152 927
0.2153 933
0.2154 931
0.2155 923
0.2156 939
0.2157 943
0.2158 953
0.2159 971
0.216 980
0.2161 1012
0.2162 1033
0.2163 1037
0.2164 1045
0.2165 1071
0.2166 1063
0.2167 1066
0.2168 1076
0.2169 1065
0.217 1056
0.2171 1075
0.2172 1083
0.2173 1089
0.2174 1083
0.2175 1079
0.2176 1101
0.2177 1079
0.2178 1039
0.2179 1024
0.218 1042
0.2181 1043
0.2182 1036
0.2183 1029
0.2184 1043
0.2185 1036
0.2186 1050
0.2187 1052
0.2188 1039
0.2189 1025
0.219 1024
0.2191 1055
0.2192 1062
0.2193 1058
0.2194 1057
0.2195 1048
0.2196 1048
0.2197 1049
0.2198 1045
0.2199 1045
0.22 1041
0.2201 1045
0.2202 1060
0.2203 1061
0.2204 1057
0.2205 1067
0.2206 1069
0.2207 1073
0.2208 1088
0.2209 1073
0.221 1072
0.2211 1077
0.2212 1083
0.2213 1076
0.2214 1057
0.2215 1057
0.2216 1049
0.2217 1043
0.2218 1038
0.2219 1027
0.222 1014
0.2221 1021
0.2222 1021
0.2223 1003
0.2224 1001
0.2225 1008
0.2226 1005
0.2227 1008
0.2228 1006
0.2229 975
0.223 957
0.2231 924
0.2232 909
0.2233 895
0.2234 887
0.2235 865
0.2236 858
0.2237 874
0.2238 877
0.2239 857
0.224 840
0.2241 818
0.2242 814
0.2243 800
0.2244 792
0.2245 770
0.2246 739
0.2247 722
0.2248 715
0.2249 712
0.225 719
0.2251 707
0.2252 687
0.2253 689
0.2254 675
0.2255 664
0.2256 648
0.2257 631
0.2258 641
0.2259 643
0.226 651
0.2261 687
0.2262 693
0.2263 703
0.2264 703
0.2265 694
0.2266 693
0.2267 689
0.2268 684
0.2269 678
0.227 666
0.2271 662
0.2272 631
0.2273 627
0.2274 618
0.2275 617
0.2276 601
0.2277 604
0.2278 587
0.2279 574
0.228 573
0.2281 559
0.2282 565
0.2283 543
0.2284 537
0.2285 520
0.2286 494
0.2287 476
0.2288 461
0.2289 445
0.229 448
0.2291 429
0.2292 425
0.2293 404
0.2294 392
0.2295 402
0.2296 397
0.2297 409
0.2298 400
0.2299 391
0.23 395
0.2301 397
0.2302 398
0.2303 410
0.2304 430
0.2305 464
0.2306 469
0.2307 453
0.2308 447
0.2309 422
0.231 390
0.2311 366
0.2312 321
0.2313 303
0.2314 289
0.2315 254
0.2316 223
0.2317 203
0.2318 183
0.2319 177
0.232 170
0.2321 178
0.2322 164
0.2323 185
0.2324 177
0.2325 169
0.2326 166
0.2327 165
0.2328 153
0.2329 148
0.233 145
0.2331 154
0.2332 164
0.2333 168
0.2334 179
0.2335 194
0.2336 202
0.2337 215
0.2338 214
0.2339 227
0.234 222
0.2341 202
0.2342 190
0.2343 185
0.2344 193
0.2345 214
0.2346 200
0.2347 205
0.2348 214
0.2349 187
0.235 179
0.2351 164
0.2352 145
0.2353 124
0.2354 113
0.2355 105
0.2356 105
0.2357 112
0.2358 103
0.2359 103
0.236 107
0.2361 91
0.2362 75
0.2363 64
0.2364 58
0.2365 52
0.2366 56
0.2367 55
0.2368 69
0.2369 65
0.237 70
0.2371 75
0.2372 65
0.2373 74
0.2374 83
0.2375 81
0.2376 89
0.2377 96
0.2378 125
0.2379 148
0.238 156
0.2381 168
0.2382 164
0.2383 139
0.2384 127
0.2385 99
0.2386 85
0.2387 73
0.2388 55
0.2389 30
0.239 11
0.2391 12
0.2392 2
0.2393 5
0.2394 1
0.2395 1
0.2396 1
0.2397 0
0.2398 6
0.2399 3
0.24 1
0.2401 1
0.2402 3
0.2403 3
0.2404 3
0.2405 2
0.2406 3
0.2407 0
0.2408 0
0.2409 0
0.241 0
0.2411 3
0.2412 2
0.2413 4
0.2414 2
0.2415 1
0.2416 2
0.2417 6
0.2418 7
0.2419 11
0.242 5
0.2421 9
0.2422 5
0.2423 3
0.2424 8
0.2425 7
0.2426 14
0.2427 5
0.2428 12
0.2429 11
0.243 13
0.2431 12
0.2432 8
0.2433 3
0.2434 4
0.2435 4
0.2436 1
0.2437 1
0.2438 1
0.2439 1
0.244 5
0.2441 4
0.2442 4
0.2443 6
0.2444 2
0.2445 1
0.2446 2
0.2447 3
0.2448 2
0.2449 5
0.245 1
0.2451 2
0.2452 3
0.2453 2
0.2454 2
0.2455 2
0.2456 5
0.2457 5
0.2458 5
0.2459 4
0.246 6
0.2461 2
0.2462 1
0.2463 2
0.2464 2
0.2465 0
0.2466 1
0.2467 1
0.2468 4
0.2469 2
0.247 2
0.2471 1
0.2472 0
0.2473 0
0.2474 1
0.2475 0
0.2476 0
0.2477 0
0.2478 5
0.2479 5
0.248 3
0.2481 3
0.2482 1
0.2483 1
0.2484 1
0.2485 0
0.2486 2
0.2487 0
0.2488 5
0.2489 0
0.249 1
0.2491 0
0.2492 0
0.2493 0
0.2494 1
0.2495 1
0.2496 1
0.2497 1
0.2498 1
0.2499 1
0.25 2
