0 0
0.0001 1
0.0002 1
0.0003 1
0.0004 1
0.0005 1
0.0006 1
0.0007 1
0.0008 2
0.0009 2
0.001 2
0.0011 2
0.0012 3
0.0013 4
0.0014 4
0.0015 4
0.0016 4
0.0017 4
0.0018 5
0.0019 6
0.002 6
0.0021 8
0.0022 9
0.0023 9
0.0024 9
0.0025 9
0.0026 10
0.0027 10
0.0028 10
0.0029 11
0.003 11
0.0031 12
0.0032 14
0.0033 15
0.0034 16
0.0035 18
0.0036 18
0.0037 21
0.0038 23
0.0039 23
0.004 23
0.0041 23
0.0042 23
0.0043 23
0.0044 23
0.0045 23
0.0046 23
0.0047 24
0.0048 24
0.0049 24
0.005 24
0.0051 24
0.0052 25
0.0053 25
0.0054 28
0.0055 28
0.0056 29
0.0057 30
0.0058 30
0.0059 32
0.006 32
0.0061 32
0.0062 32
0.0063 32
0.0064 32
0.0065 32
0.0066 32
0.0067 33
0.0068 34
0.0069 34
0.007 34
0.0071 37
0.0072 36
0.0073 36
0.0074 37
0.0075 37
0.0076 37
0.0077 37
0.0078 38
0.0079 39
0.008 40
0.0081 40
0.0082 40
0.0083 40
0.0084 40
0.0085 40
0.0086 40
0.0087 40
0.0088 40
0.0089 41
0.009 41
0.0091 41
0.0092 41
0.0093 41
0.0094 41
0.0095 44
0.0096 45
0.0097 45
0.0098 46
0.0099 46
0.01 47
0.0101 47
0.0102 48
0.0103 48
0.0104 50
0.0105 50
0.0106 51
0.0107 52
0.0108 52
0.0109 52
0.011 52
0.0111 53
0.0112 53
0.0113 54
0.0114 55
0.0115 57
0.0116 57
0.0117 57
0.0118 59
0.0119 60
0.012 60
0.0121 60
0.0122 61
0.0123 61
0.0124 61
0.0125 63
0.0126 63
0.0127 65
0.0128 65
0.0129 67
0.013 67
0.0131 67
0.0132 69
0.0133 70
0.0134 72
0.0135 73
0.0136 73
0.0137 73
0.0138 73
0.0139 75
0.014 74
0.0141 74
0.0142 74
0.0143 74
0.0144 74
0.0145 74
0.0146 74
0.0147 75
0.0148 75
0.0149 77
0.015 78
0.0151 79
0.0152 78
0.0153 78
0.0154 79
0.0155 80
0.0156 81
0.0157 82
0.0158 82
0.0159 82
0.016 83
0.0161 83
0.0162 83
0.0163 83
0.0164 83
0.0165 83
0.0166 83
0.0167 83
0.0168 84
0.0169 84
0.017 84
0.0171 86
0.0172 87
0.0173 88
0.0174 88
0.0175 89
0.0176 90
0.0177 90
0.0178 91
0.0179 91
0.018 92
0.0181 93
0.0182 93
0.0183 93
0.0184 95
0.0185 95
0.0186 98
0.0187 99
0.0188 100
0.0189 100
0.019 100
0.0191 100
0.0192 101
0.0193 102
0.0194 102
0.0195 103
0.0196 104
0.0197 105
0.0198 105
0.0199 106
0.02 106
0.0201 107
0.0202 108
0.0203 108
0.0204 108
0.0205 108
0.0206 108
0.0207 109
0.0208 109
0.0209 110
0.021 110
0.0211 111
0.0212 111
0.0213 113
0.0214 113
0.0215 114
0.0216 116
0.0217 116
0.0218 116
0.0219 117
0.022 117
0.0221 117
0.0222 118
0.0223 118
0.0224 118
0.0225 118
0.0226 120
0.0227 120
0.0228 121
0.0229 122
0.023 123
0.0231 124
0.0232 127
0.0233 128
0.0234 129
0.0235 129
0.0236 130
0.0237 130
0.0238 130
0.0239 130
0.024 132
0.0241 132
0.0242 133
0.0243 134
0.0244 135
0.0245 136
0.0246 136
0.0247 136
0.0248 136
0.0249 137
0.025 138
0.0251 138
0.0252 138
0.0253 138
0.0254 138
0.0255 141
0.0256 141
0.0257 142
0.0258 143
0.0259 144
0.026 145
0.0261 149
0.0262 150
0.0263 150
0.0264 150
0.0265 150
0.0266 150
0.0267 150
0.0268 150
0.0269 151
0.027 152
0.0271 152
0.0272 153
0.0273 154
0.0274 153
0.0275 153
0.0276 153
0.0277 154
0.0278 155
0.0279 155
0.028 155
0.0281 155
0.0282 156
0.0283 156
0.0284 156
0.0285 159
0.0286 162
0.0287 162
0.0288 162
0.0289 163
0.029 164
0.0291 164
0.0292 164
0.0293 167
0.0294 167
0.0295 168
0.0296 170
0.0297 170
0.0298 170
0.0299 169
0.03 170
0.0301 171
0.0302 172
0.0303 173
0.0304 173
0.0305 172
0.0306 173
0.0307 175
0.0308 176
0.0309 177
0.031 177
0.0311 178
0.0312 180
0.0313 180
0.0314 180
0.0315 180
0.0316 180
0.0317 181
0.0318 181
0.0319 181
0.032 181
0.0321 181
0.0322 182
0.0323 182
0.0324 182
0.0325 182
0.0326 183
0.0327 183
0.0328 183
0.0329 183
0.033 183
0.0331 183
0.0332 184
0.0333 184
0.0334 185
0.0335 185
0.0336 184
0.0337 185
0.0338 185
0.0339 185
0.034 186
0.0341 187
0.0342 187
0.0343 187
0.0344 187
0.0345 187
0.0346 187
0.0347 188
0.0348 188
0.0349 189
0.035 189
0.0351 189
0.0352 189
0.0353 189
0.0354 189
0.0355 189
0.0356 191
0.0357 191
0.0358 192
0.0359 192
0.036 192
0.0361 192
0.0362 192
0.0363 194
0.0364 194
0.0365 195
0.0366 196
0.0367 196
0.0368 196
0.0369 197
0.037 197
0.0371 197
0.0372 198
0.0373 198
0.0374 199
0.0375 199
0.0376 200
0.0377 201
0.0378 201
0.0379 201
0.038 202
0.0381 203
0.0382 202
0.0383 202
0.0384 203
0.0385 204
0.0386 204
0.0387 205
0.0388 205
0.0389 205
0.039 206
0.0391 207
0.0392 207
0.0393 208
0.0394 210
0.0395 210
0.0396 210
0.0397 210
0.0398 210
0.0399 210
0.04 212
0.0401 212
0.0402 211
0.0403 211
0.0404 211
0.0405 212
0.0406 212
0.0407 213
0.0408 214
0.0409 214
0.041 214
0.0411 214
0.0412 213
0.0413 214
0.0414 214
0.0415 214
0.0416 214
0.0417 215
0.0418 216
0.0419 216
0.042 217
0.0421 216
0.0422 217
0.0423 217
0.0424 217
0.0425 217
0.0426 218
0.0427 218
0.0428 218
0.0429 218
0.043 218
0.0431 219
0.0432 220
0.0433 220
0.0434 220
0.0435 221
0.0436 221
0.0437 221
0.0438 222
0.0439 222
0.044 225
0.0441 225
0.0442 225
0.0443 226
0.0444 226
0.0445 226
0.0446 226
0.0447 225
0.0448 225
0.0449 227
0.045 227
0.0451 228
0.0452 230
0.0453 231
0.0454 232
0.0455 234
0.0456 234
0.0457 234
0.0458 234
0.0459 235
0.046 236
0.0461 237
0.0462 238
0.0463 238
0.0464 237
0.0465 237
0.0466 237
0.0467 239
0.0468 239
0.0469 239
0.047 239
0.0471 237
0.0472 236
0.0473 236
0.0474 236
0.0475 237
0.0476 237
0.0477 237
0.0478 238
0.0479 238
0.048 238
0.0481 238
0.0482 238
0.0483 240
0.0484 240
0.0485 240
0.0486 240
0.0487 240
0.0488 240
0.0489 242
0.049 243
0.0491 243
0.0492 243
0.0493 243
0.0494 243
0.0495 243
0.0496 243
0.0497 243
0.0498 243
0.0499 243
0.05 243
0.0501 243
0.0502 243
0.0503 244
0.0504 246
0.0505 247
0.0506 247
0.0507 247
0.0508 247
0.0509 248
0.051 248
0.0511 248
0.0512 249
0.0513 249
0.0514 249
0.0515 250
0.0516 250
0.0517 249
0.0518 250
0.0519 250
0.052 250
0.0521 250
0.0522 251
0.0523 251
0.0524 253
0.0525 254
0.0526 255
0.0527 257
0.0528 257
0.0529 258
0.053 258
0.0531 256
0.0532 256
0.0533 257
0.0534 257
0.0535 258
0.0536 258
0.0537 258
0.0538 257
0.0539 258
0.054 259
0.0541 259
0.0542 259
0.0543 259
0.0544 259
0.0545 259
0.0546 259
0.0547 259
0.0548 259
0.0549 259
0.055 259
0.0551 259
0.0552 259
0.0553 259
0.0554 259
0.0555 258
0.0556 257
0.0557 257
0.0558 256
0.0559 257
0.056 257
0.0561 257
0.0562 258
0.0563 258
0.0564 258
0.0565 258
0.0566 260
0.0567 260
0.0568 260
0.0569 261
0.057 260
0.0571 260
0.0572 259
0.0573 259
0.0574 259
0.0575 259
0.0576 259
0.0577 259
0.0578 260
0.0579 260
0.058 260
0.0581 260
0.0582 259
0.0583 259
0.0584 258
0.0585 261
0.0586 262
0.0587 263
0.0588 263
0.0589 263
0.059 263
0.0591 264
0.0592 264
0.0593 264
0.0594 264
0.0595 264
0.0596 264
0.0597 265
0.0598 265
0.0599 266
0.06 266
0.0601 267
0.0602 267
0.0603 268
0.0604 268
0.0605 268
0.0606 268
0.0607 268
0.0608 270
0.0609 269
0.061 270
0.0611 270
0.0612 270
0.0613 270
0.0614 270
0.0615 271
0.0616 271
0.0617 271
0.0618 270
0.0619 270
0.062 271
0.0621 272
0.0622 272
0.0623 272
0.0624 272
0.0625 271
0.0626 271
0.0627 271
0.0628 270
0.0629 270
0.063 270
0.0631 271
0.0632 271
0.0633 271
0.0634 271
0.0635 271
0.0636 271
0.0637 269
0.0638 268
0.0639 268
0.064 269
0.0641 269
0.0642 269
0.0643 271
0.0644 271
0.0645 271
0.0646 271
0.0647 272
0.0648 272
0.0649 272
0.065 272
0.0651 273
0.0652 275
0.0653 275
0.0654 275
0.0655 275
0.0656 275
0.0657 275
0.0658 275
0.0659 274
0.066 274
0.0661 275
0.0662 275
0.0663 275
0.0664 275
0.0665 275
0.0666 276
0.0667 276
0.0668 277
0.0669 277
0.067 277
0.0671 277
0.0672 277
0.0673 278
0.0674 278
0.0675 277
0.0676 277
0.0677 276
0.0678 276
0.0679 275
0.068 275
0.0681 277
0.0682 277
0.0683 277
0.0684 277
0.0685 278
0.0686 278
0.0687 278
0.0688 279
0.0689 279
0.069 279
0.0691 279
0.0692 279
0.0693 279
0.0694 279
0.0695 279
0.0696 279
0.0697 279
0.0698 281
0.0699 281
0.07 281
0.0701 281
0.0702 280
0.0703 280
0.0704 281
0.0705 281
0.0706 281
0.0707 280
0.0708 281
0.0709 281
0.071 282
0.0711 282
0.0712 281
0.0713 281
0.0714 281
0.0715 281
0.0716 282
0.0717 282
0.0718 283
0.0719 284
0.072 284
0.0721 283
0.0722 283
0.0723 283
0.0724 284
0.0725 284
0.0726 286
0.0727 286
0.0728 286
0.0729 287
0.073 287
0.0731 286
0.0732 286
0.0733 286
0.0734 286
0.0735 288
0.0736 288
0.0737 288
0.0738 288
0.0739 288
0.074 288
0.0741 289
0.0742 288
0.0743 289
0.0744 290
0.0745 290
0.0746 290
0.0747 292
0.0748 292
0.0749 292
0.075 292
0.0751 292
0.0752 292
0.0753 292
0.0754 293
0.0755 293
0.0756 293
0.0757 293
0.0758 293
0.0759 293
0.076 293
0.0761 293
0.0762 294
0.0763 293
0.0764 294
0.0765 295
0.0766 295
0.0767 295
0.0768 295
0.0769 297
0.077 297
0.0771 297
0.0772 297
0.0773 297
0.0774 298
0.0775 298
0.0776 299
0.0777 300
0.0778 300
0.0779 300
0.078 301
0.0781 301
0.0782 301
0.0783 301
0.0784 300
0.0785 300
0.0786 300
0.0787 300
0.0788 300
0.0789 301
0.079 301
0.0791 301
0.0792 301
0.0793 300
0.0794 301
0.0795 300
0.0796 300
0.0797 300
0.0798 300
0.0799 300
0.08 300
0.0801 300
0.0802 300
0.0803 301
0.0804 301
0.0805 301
0.0806 301
0.0807 301
0.0808 301
0.0809 301
0.081 301
0.0811 300
0.0812 300
0.0813 300
0.0814 301
0.0815 301
0.0816 301
0.0817 301
0.0818 301
0.0819 301
0.082 302
0.0821 302
0.0822 302
0.0823 302
0.0824 301
0.0825 301
0.0826 301
0.0827 301
0.0828 302
0.0829 302
0.083 302
0.0831 303
0.0832 303
0.0833 304
0.0834 304
0.0835 304
0.0836 304
0.0837 304
0.0838 304
0.0839 304
0.084 304
0.0841 305
0.0842 303
0.0843 304
0.0844 305
0.0845 305
0.0846 306
0.0847 308
0.0848 309
0.0849 309
0.085 309
0.0851 309
0.0852 309
0.0853 308
0.0854 307
0.0855 307
0.0856 307
0.0857 307
0.0858 307
0.0859 307
0.086 307
0.0861 307
0.0862 307
0.0863 307
0.0864 307
0.0865 307
0.0866 308
0.0867 308
0.0868 309
0.0869 309
0.087 309
0.0871 309
0.0872 309
0.0873 309
0.0874 310
0.0875 310
0.0876 310
0.0877 310
0.0878 310
0.0879 310
0.088 311
0.0881 312
0.0882 313
0.0883 314
0.0884 314
0.0885 314
0.0886 314
0.0887 316
0.0888 316
0.0889 316
0.089 317
0.0891 316
0.0892 316
0.0893 316
0.0894 316
0.0895 316
0.0896 316
0.0897 315
0.0898 315
0.0899 315
0.09 316
0.0901 316
0.0902 315
0.0903 316
0.0904 315
0.0905 315
0.0906 315
0.0907 312
0.0908 312
0.0909 312
0.091 312
0.0911 311
0.0912 311
0.0913 311
0.0914 313
0.0915 314
0.0916 314
0.0917 313
0.0918 312
0.0919 313
0.092 314
0.0921 314
0.0922 315
0.0923 315
0.0924 315
0.0925 315
0.0926 315
0.0927 315
0.0928 314
0.0929 314
0.093 314
0.0931 315
0.0932 315
0.0933 315
0.0934 316
0.0935 316
0.0936 317
0.0937 318
0.0938 319
0.0939 318
0.094 318
0.0941 318
0.0942 318
0.0943 319
0.0944 319
0.0945 319
0.0946 321
0.0947 321
0.0948 321
0.0949 322
0.095 323
0.0951 323
0.0952 324
0.0953 326
0.0954 327
0.0955 327
0.0956 328
0.0957 329
0.0958 330
0.0959 329
0.096 330
0.0961 331
0.0962 331
0.0963 331
0.0964 331
0.0965 332
0.0966 332
0.0967 332
0.0968 334
0.0969 334
0.097 335
0.0971 335
0.0972 335
0.0973 335
0.0974 336
0.0975 336
0.0976 335
0.0977 335
0.0978 335
0.0979 335
0.098 336
0.0981 336
0.0982 336
0.0983 336
0.0984 336
0.0985 335
0.0986 335
0.0987 335
0.0988 335
0.0989 336
0.099 337
0.0991 338
0.0992 339
0.0993 338
0.0994 338
0.0995 338
0.0996 338
0.0997 338
0.0998 338
0.0999 338
0.1 337
