0 0
0.0001 0
0.0002 0
0.0003 0
0.0004 0
0.0005 0
0.0006 0
0.0007 0
0.0008 0
0.0009 0
0.001 0
0.0011 0
0.0012 0
0.0013 0
0.0014 0
0.0015 0
0.0016 0
0.0017 0
0.0018 0
0.0019 0
0.002 0
0.0021 0
0.0022 0
0.0023 0
0.0024 0
0.0025 0
0.0026 0
0.0027 0
0.0028 0
0.0029 1
0.003 1
0.0031 1
0.0032 1
0.0033 1
0.0034 1
0.0035 1
0.0036 1
0.0037 2
0.0038 2
0.0039 2
0.004 2
0.0041 2
0.0042 3
0.0043 3
0.0044 3
0.0045 2
0.0046 2
0.0047 1
0.0048 1
0.0049 1
0.005 2
0.0051 2
0.0052 2
0.0053 2
0.0054 3
0.0055 3
0.0056 3
0.0057 3
0.0058 3
0.0059 3
0.006 3
0.0061 3
0.0062 3
0.0063 3
0.0064 1
0.0065 0
0.0066 0
0.0067 0
0.0068 0
0.0069 0
0.007 0
0.0071 0
0.0072 0
0.0073 1
0.0074 1
0.0075 2
0.0076 3
0.0077 3
0.0078 3
0.0079 3
0.008 3
0.0081 3
0.0082 2
0.0083 2
0.0084 2
0.0085 2
0.0086 2
0.0087 1
0.0088 1
0.0089 1
0.009 1
0.0091 1
0.0092 2
0.0093 2
0.0094 3
0.0095 4
0.0096 4
0.0097 4
0.0098 4
0.0099 4
0.01 4
0.0101 4
0.0102 4
0.0103 4
0.0104 5
0.0105 6
0.0106 6
0.0107 6
0.0108 6
0.0109 6
0.011 6
0.0111 7
0.0112 7
0.0113 7
0.0114 6
0.0115 6
0.0116 6
0.0117 5
0.0118 5
0.0119 5
0.012 5
0.0121 4
0.0122 3
0.0123 3
0.0124 3
0.0125 2
0.0126 2
0.0127 2
0.0128 2
0.0129 3
0.013 4
0.0131 4
0.0132 4
0.0133 5
0.0134 5
0.0135 6
0.0136 6
0.0137 7
0.0138 6
0.0139 6
0.014 5
0.0141 6
0.0142 6
0.0143 6
0.0144 6
0.0145 6
0.0146 6
0.0147 7
0.0148 7
0.0149 7
0.015 8
0.0151 8
0.0152 8
0.0153 8
0.0154 8
0.0155 8
0.0156 8
0.0157 8
0.0158 8
0.0159 8
0.016 8
0.0161 8
0.0162 8
0.0163 8
0.0164 8
0.0165 8
0.0166 8
0.0167 8
0.0168 8
0.0169 8
0.017 8
0.0171 8
0.0172 7
0.0173 8
0.0174 10
0.0175 11
0.0176 12
0.0177 12
0.0178 13
0.0179 11
0.018 11
0.0181 11
0.0182 10
0.0183 10
0.0184 10
0.0185 10
0.0186 11
0.0187 11
0.0188 11
0.0189 11
0.019 11
0.0191 11
0.0192 11
0.0193 11
0.0194 11
0.0195 11
0.0196 11
0.0197 10
0.0198 11
0.0199 11
0.02 11
0.0201 12
0.0202 12
0.0203 12
0.0204 12
0.0205 12
0.0206 11
0.0207 11
0.0208 11
0.0209 11
0.021 11
0.0211 11
0.0212 10
0.0213 11
0.0214 11
0.0215 11
0.0216 12
0.0217 11
0.0218 11
0.0219 10
0.022 10
0.0221 10
0.0222 11
0.0223 11
0.0224 11
0.0225 12
0.0226 12
0.0227 12
0.0228 11
0.0229 11
0.023 10
0.0231 10
0.0232 10
0.0233 10
0.0234 10
0.0235 10
0.0236 10
0.0237 11
0.0238 10
0.0239 10
0.024 10
0.0241 11
0.0242 12
0.0243 12
0.0244 13
0.0245 13
0.0246 13
0.0247 11
0.0248 11
0.0249 11
0.025 10
0.0251 9
0.0252 10
0.0253 10
0.0254 10
0.0255 11
0.0256 11
0.0257 11
0.0258 11
0.0259 11
0.026 10
0.0261 11
0.0262 11
0.0263 11
0.0264 12
0.0265 12
0.0266 12
0.0267 12
0.0268 12
0.0269 13
0.027 13
0.0271 13
0.0272 13
0.0273 12
0.0274 11
0.0275 11
0.0276 11
0.0277 12
0.0278 13
0.0279 13
0.028 13
0.0281 14
0.0282 14
0.0283 14
0.0284 12
0.0285 11
0.0286 12
0.0287 13
0.0288 12
0.0289 12
0.029 12
0.0291 12
0.0292 12
0.0293 12
0.0294 12
0.0295 12
0.0296 13
0.0297 14
0.0298 15
0.0299 15
0.03 14
0.0301 15
0.0302 14
0.0303 14
0.0304 14
0.0305 13
0.0306 13
0.0307 13
0.0308 13
0.0309 13
0.031 12
0.0311 13
0.0312 13
0.0313 13
0.0314 13
0.0315 13
0.0316 13
0.0317 13
0.0318 12
0.0319 11
0.032 11
0.0321 11
0.0322 11
0.0323 12
0.0324 12
0.0325 12
0.0326 12
0.0327 12
0.0328 13
0.0329 14
0.033 14
0.0331 14
0.0332 12
0.0333 12
0.0334 12
0.0335 12
0.0336 12
0.0337 12
0.0338 12
0.0339 12
0.034 12
0.0341 11
0.0342 11
0.0343 12
0.0344 13
0.0345 13
0.0346 13
0.0347 13
0.0348 13
0.0349 14
0.035 13
0.0351 13
0.0352 13
0.0353 13
0.0354 14
0.0355 15
0.0356 17
0.0357 17
0.0358 17
0.0359 17
0.036 17
0.0361 17
0.0362 17
0.0363 17
0.0364 17
0.0365 18
0.0366 18
0.0367 18
0.0368 17
0.0369 19
0.037 18
0.0371 18
0.0372 18
0.0373 17
0.0374 18
0.0375 18
0.0376 18
0.0377 18
0.0378 18
0.0379 18
0.038 19
0.0381 19
0.0382 19
0.0383 20
0.0384 20
0.0385 20
0.0386 18
0.0387 18
0.0388 18
0.0389 18
0.039 17
0.0391 16
0.0392 16
0.0393 17
0.0394 18
0.0395 18
0.0396 18
0.0397 18
0.0398 18
0.0399 18
0.04 20
0.0401 20
0.0402 19
0.0403 19
0.0404 20
0.0405 21
0.0406 22
0.0407 22
0.0408 22
0.0409 23
0.041 24
0.0411 24
0.0412 23
0.0413 23
0.0414 23
0.0415 23
0.0416 23
0.0417 23
0.0418 22
0.0419 22
0.042 24
0.0421 23
0.0422 23
0.0423 23
0.0424 23
0.0425 23
0.0426 24
0.0427 24
0.0428 24
0.0429 25
0.043 26
0.0431 26
0.0432 26
0.0433 25
0.0434 25
0.0435 25
0.0436 25
0.0437 26
0.0438 26
0.0439 26
0.044 27
0.0441 27
0.0442 27
0.0443 27
0.0444 27
0.0445 26
0.0446 26
0.0447 26
0.0448 27
0.0449 27
0.045 26
0.0451 26
0.0452 27
0.0453 28
0.0454 29
0.0455 31
0.0456 31
0.0457 31
0.0458 32
0.0459 31
0.046 31
0.0461 30
0.0462 30
0.0463 29
0.0464 29
0.0465 30
0.0466 29
0.0467 31
0.0468 31
0.0469 31
0.047 31
0.0471 30
0.0472 31
0.0473 31
0.0474 30
0.0475 30
0.0476 31
0.0477 31
0.0478 32
0.0479 33
0.048 34
0.0481 33
0.0482 33
0.0483 34
0.0484 33
0.0485 32
0.0486 32
0.0487 33
0.0488 33
0.0489 34
0.049 35
0.0491 35
0.0492 35
0.0493 35
0.0494 34
0.0495 34
0.0496 34
0.0497 33
0.0498 33
0.0499 34
0.05 33
0.0501 34
0.0502 34
0.0503 34
0.0504 35
0.0505 35
0.0506 35
0.0507 35
0.0508 34
0.0509 33
0.051 32
0.0511 32
0.0512 33
0.0513 34
0.0514 32
0.0515 33
0.0516 32
0.0517 31
0.0518 31
0.0519 30
0.052 30
0.0521 30
0.0522 30
0.0523 29
0.0524 30
0.0525 29
0.0526 30
0.0527 32
0.0528 32
0.0529 32
0.053 31
0.0531 31
0.0532 32
0.0533 31
0.0534 29
0.0535 28
0.0536 28
0.0537 27
0.0538 28
0.0539 27
0.054 27
0.0541 25
0.0542 25
0.0543 26
0.0544 26
0.0545 26
0.0546 26
0.0547 25
0.0548 26
0.0549 26
0.055 26
0.0551 25
0.0552 25
0.0553 25
0.0554 25
0.0555 26
0.0556 26
0.0557 26
0.0558 27
0.0559 28
0.056 27
0.0561 29
0.0562 28
0.0563 28
0.0564 28
0.0565 29
0.0566 30
0.0567 30
0.0568 29
0.0569 29
0.057 29
0.0571 29
0.0572 29
0.0573 29
0.0574 29
0.0575 29
0.0576 29
0.0577 29
0.0578 29
0.0579 29
0.058 29
0.0581 29
0.0582 30
0.0583 31
0.0584 30
0.0585 32
0.0586 32
0.0587 32
0.0588 33
0.0589 33
0.059 33
0.0591 34
0.0592 34
0.0593 33
0.0594 32
0.0595 32
0.0596 31
0.0597 31
0.0598 32
0.0599 32
0.06 31
0.0601 30
0.0602 30
0.0603 31
0.0604 31
0.0605 31
0.0606 30
0.0607 29
0.0608 29
0.0609 28
0.061 28
0.0611 30
0.0612 31
0.0613 31
0.0614 31
0.0615 32
0.0616 32
0.0617 34
0.0618 32
0.0619 32
0.062 32
0.0621 33
0.0622 33
0.0623 33
0.0624 33
0.0625 34
0.0626 34
0.0627 34
0.0628 33
0.0629 33
0.063 33
0.0631 33
0.0632 33
0.0633 33
0.0634 32
0.0635 32
0.0636 32
0.0637 33
0.0638 34
0.0639 33
0.064 33
0.0641 34
0.0642 34
0.0643 35
0.0644 35
0.0645 35
0.0646 34
0.0647 33
0.0648 33
0.0649 33
0.065 33
0.0651 33
0.0652 34
0.0653 35
0.0654 35
0.0655 35
0.0656 34
0.0657 36
0.0658 36
0.0659 35
0.066 33
0.0661 33
0.0662 32
0.0663 32
0.0664 33
0.0665 34
0.0666 34
0.0667 36
0.0668 36
0.0669 35
0.067 35
0.0671 35
0.0672 35
0.0673 36
0.0674 36
0.0675 35
0.0676 39
0.0677 37
0.0678 36
0.0679 34
0.068 34
0.0681 36
0.0682 34
0.0683 32
0.0684 32
0.0685 32
0.0686 32
0.0687 33
0.0688 34
0.0689 34
0.069 32
0.0691 31
0.0692 31
0.0693 31
0.0694 31
0.0695 31
0.0696 30
0.0697 30
0.0698 32
0.0699 32
0.07 30
0.0701 29
0.0702 28
0.0703 28
0.0704 28
0.0705 27
0.0706 27
0.0707 27
0.0708 25
0.0709 26
0.071 26
0.0711 28
0.0712 28
0.0713 28
0.0714 28
0.0715 28
0.0716 28
0.0717 28
0.0718 29
0.0719 32
0.072 33
0.0721 33
0.0722 33
0.0723 33
0.0724 32
0.0725 32
0.0726 33
0.0727 33
0.0728 33
0.0729 33
0.073 32
0.0731 33
0.0732 34
0.0733 35
0.0734 34
0.0735 34
0.0736 34
0.0737 34
0.0738 34
0.0739 34
0.074 34
0.0741 34
0.0742 33
0.0743 34
0.0744 34
0.0745 34
0.0746 35
0.0747 33
0.0748 33
0.0749 33
0.075 33
0.0751 32
0.0752 32
0.0753 32
0.0754 33
0.0755 33
0.0756 32
0.0757 32
0.0758 31
0.0759 31
0.076 31
0.0761 29
0.0762 30
0.0763 30
0.0764 30
0.0765 30
0.0766 30
0.0767 30
0.0768 30
0.0769 30
0.077 31
0.0771 30
0.0772 30
0.0773 30
0.0774 30
0.0775 30
0.0776 30
0.0777 31
0.0778 32
0.0779 32
0.078 32
0.0781 33
0.0782 32
0.0783 30
0.0784 30
0.0785 31
0.0786 29
0.0787 29
0.0788 30
0.0789 30
0.079 29
0.0791 29
0.0792 29
0.0793 29
0.0794 30
0.0795 28
0.0796 28
0.0797 29
0.0798 30
0.0799 30
0.08 29
0.0801 29
0.0802 29
0.0803 29
0.0804 29
0.0805 28
0.0806 29
0.0807 29
0.0808 28
0.0809 28
0.081 28
0.0811 29
0.0812 29
0.0813 29
0.0814 29
0.0815 29
0.0816 30
0.0817 31
0.0818 31
0.0819 31
0.082 32
0.0821 33
0.0822 32
0.0823 31
0.0824 30
0.0825 30
0.0826 30
0.0827 30
0.0828 30
0.0829 29
0.083 29
0.0831 30
0.0832 30
0.0833 30
0.0834 30
0.0835 30
0.0836 30
0.0837 30
0.0838 29
0.0839 28
0.084 29
0.0841 29
0.0842 30
0.0843 30
0.0844 29
0.0845 30
0.0846 29
0.0847 28
0.0848 29
0.0849 29
0.085 28
0.0851 27
0.0852 27
0.0853 27
0.0854 27
0.0855 28
0.0856 28
0.0857 28
0.0858 28
0.0859 28
0.086 28
0.0861 28
0.0862 27
0.0863 27
0.0864 27
0.0865 27
0.0866 28
0.0867 29
0.0868 30
0.0869 30
0.087 30
0.0871 30
0.0872 30
0.0873 30
0.0874 30
0.0875 30
0.0876 30
0.0877 30
0.0878 31
0.0879 31
0.088 31
0.0881 31
0.0882 31
0.0883 31
0.0884 32
0.0885 31
0.0886 31
0.0887 31
0.0888 31
0.0889 31
0.089 31
0.0891 30
0.0892 30
0.0893 30
0.0894 29
0.0895 29
0.0896 29
0.0897 29
0.0898 29
0.0899 27
0.09 29
0.0901 29
0.0902 27
0.0903 27
0.0904 27
0.0905 27
0.0906 26
0.0907 26
0.0908 26
0.0909 25
0.091 26
0.0911 27
0.0912 28
0.0913 27
0.0914 28
0.0915 28
0.0916 28
0.0917 28
0.0918 28
0.0919 28
0.092 29
0.0921 29
0.0922 28
0.0923 28
0.0924 28
0.0925 28
0.0926 28
0.0927 28
0.0928 28
0.0929 28
0.093 28
0.0931 30
0.0932 30
0.0933 31
0.0934 31
0.0935 31
0.0936 31
0.0937 30
0.0938 28
0.0939 27
0.094 27
0.0941 27
0.0942 27
0.0943 28
0.0944 27
0.0945 27
0.0946 27
0.0947 28
0.0948 28
0.0949 27
0.095 27
0.0951 27
0.0952 27
0.0953 28
0.0954 29
0.0955 29
0.0956 29
0.0957 30
0.0958 31
0.0959 30
0.096 30
0.0961 31
0.0962 30
0.0963 30
0.0964 30
0.0965 30
0.0966 30
0.0967 30
0.0968 31
0.0969 31
0.097 31
0.0971 31
0.0972 31
0.0973 31
0.0974 31
0.0975 31
0.0976 31
0.0977 32
0.0978 29
0.0979 31
0.098 31
0.0981 30
0.0982 30
0.0983 30
0.0984 30
0.0985 30
0.0986 29
0.0987 29
0.0988 28
0.0989 29
0.099 29
0.0991 31
0.0992 30
0.0993 30
0.0994 30
0.0995 30
0.0996 30
0.0997 30
0.0998 29
0.0999 29
0.1 29
