0 0
0.0001 0
0.0002 0
0.0003 0
0.0004 0
0.0005 0
0.0006 0
0.0007 0
0.0008 0
0.0009 0
0.001 0
0.0011 0
0.0012 0
0.0013 1
0.0014 1
0.0015 1
0.0016 2
0.0017 3
0.0018 3
0.0019 3
0.002 4
0.0021 4
0.0022 5
0.0023 5
0.0024 6
0.0025 6
0.0026 7
0.0027 8
0.0028 8
0.0029 9
0.003 10
0.0031 10
0.0032 12
0.0033 13
0.0034 15
0.0035 16
0.0036 18
0.0037 20
0.0038 22
0.0039 23
0.004 26
0.0041 27
0.0042 30
0.0043 32
0.0044 34
0.0045 36
0.0046 39
0.0047 41
0.0048 43
0.0049 47
0.005 50
0.0051 53
0.0052 56
0.0053 58
0.0054 62
0.0055 64
0.0056 68
0.0057 72
0.0058 75
0.0059 79
0.006 83
0.0061 86
0.0062 91
0.0063 95
0.0064 99
0.0065 104
0.0066 109
0.0067 113
0.0068 118
0.0069 124
0.007 129
0.0071 134
0.0072 139
0.0073 145
0.0074 150
0.0075 155
0.0076 161
0.0077 165
0.0078 171
0.0079 176
0.008 181
0.0081 186
0.0082 190
0.0083 198
0.0084 203
0.0085 208
0.0086 212
0.0087 217
0.0088 224
0.0089 229
0.009 235
0.0091 240
0.0092 245
0.0093 252
0.0094 258
0.0095 264
0.0096 270
0.0097 276
0.0098 283
0.0099 289
0.01 296
0.0101 304
0.0102 310
0.0103 318
0.0104 325
0.0105 332
0.0106 340
0.0107 348
0.0108 354
0.0109 360
0.011 367
0.0111 373
0.0112 383
0.0113 390
0.0114 398
0.0115 405
0.0116 411
0.0117 419
0.0118 428
0.0119 435
0.012 443
0.0121 451
0.0122 458
0.0123 463
0.0124 472
0.0125 481
0.0126 489
0.0127 495
0.0128 505
0.0129 515
0.013 521
0.0131 527
0.0132 535
0.0133 546
0.0134 554
0.0135 561
0.0136 568
0.0137 579
0.0138 586
0.0139 593
0.014 603
0.0141 613
0.0142 621
0.0143 630
0.0144 641
0.0145 650
0.0146 660
0.0147 669
0.0148 678
0.0149 687
0.015 696
0.0151 706
0.0152 717
0.0153 726
0.0154 732
0.0155 744
0.0156 754
0.0157 766
0.0158 778
0.0159 785
0.016 798
0.0161 807
0.0162 819
0.0163 831
0.0164 841
0.0165 853
0.0166 864
0.0167 875
0.0168 887
0.0169 899
0.017 908
0.0171 918
0.0172 929
0.0173 940
0.0174 953
0.0175 963
0.0176 973
0.0177 986
0.0178 995
0.0179 1007
0.018 1016
0.0181 1028
0.0182 1040
0.0183 1047
0.0184 1061
0.0185 1072
0.0186 1078
0.0187 1091
0.0188 1100
0.0189 1110
0.019 1120
0.0191 1132
0.0192 1141
0.0193 1154
0.0194 1161
0.0195 1174
0.0196 1179
0.0197 1193
0.0198 1204
0.0199 1210
0.02 1225
0.0201 1234
0.0202 1244
0.0203 1254
0.0204 1267
0.0205 1275
0.0206 1289
0.0207 1300
0.0208 1312
0.0209 1322
0.021 1330
0.0211 1344
0.0212 1353
0.0213 1365
0.0214 1374
0.0215 1383
0.0216 1395
0.0217 1405
0.0218 1417
0.0219 1426
0.022 1432
0.0221 1447
0.0222 1456
0.0223 1467
0.0224 1476
0.0225 1484
0.0226 1498
0.0227 1507
0.0228 1517
0.0229 1528
0.023 1535
0.0231 1544
0.0232 1554
0.0233 1560
0.0234 1574
0.0235 1586
0.0236 1598
0.0237 1608
0.0238 1609
0.0239 1622
0.024 1633
0.0241 1641
0.0242 1650
0.0243 1668
0.0244 1666
0.0245 1679
0.0246 1683
0.0247 1696
0.0248 1712
0.0249 1719
0.025 1727
0.0251 1735
0.0252 1751
0.0253 1758
0.0254 1764
0.0255 1778
0.0256 1786
0.0257 1792
0.0258 1797
0.0259 1794
0.026 1798
0.0261 1812
0.0262 1827
0.0263 1820
0.0264 1812
0.0265 1816
0.0266 1806
0.0267 1779
0.0268 1761
0.0269 1743
0.027 1702
0.0271 1666
0.0272 1620
0.0273 1590
0.0274 1562
0.0275 1543
0.0276 1525
0.0277 1511
0.0278 1486
0.0279 1447
0.028 1417
0.0281 1389
0.0282 1364
0.0283 1338
0.0284 1320
0.0285 1304
0.0286 1270
0.0287 1249
0.0288 1218
0.0289 1200
0.029 1171
0.0291 1137
0.0292 1114
0.0293 1094
0.0294 1067
0.0295 1045
0.0296 1019
0.0297 992
0.0298 969
0.0299 949
0.03 931
0.0301 905
0.0302 886
0.0303 869
0.0304 851
0.0305 837
0.0306 829
0.0307 815
0.0308 798
0.0309 779
0.031 772
0.0311 760
0.0312 736
0.0313 723
0.0314 708
0.0315 693
0.0316 683
0.0317 665
0.0318 655
0.0319 644
0.032 633
0.0321 624
0.0322 618
0.0323 606
0.0324 608
0.0325 601
0.0326 585
0.0327 569
0.0328 555
0.0329 540
0.033 532
0.0331 527
0.0332 521
0.0333 515
0.0334 507
0.0335 504
0.0336 501
0.0337 492
0.0338 486
0.0339 490
0.034 486
0.0341 474
0.0342 462
0.0343 448
0.0344 453
0.0345 452
0.0346 449
0.0347 453
0.0348 451
0.0349 444
0.035 443
0.0351 444
0.0352 444
0.0353 438
0.0354 436
0.0355 428
0.0356 418
0.0357 414
0.0358 405
0.0359 397
0.036 392
0.0361 389
0.0362 378
0.0363 370
0.0364 364
0.0365 363
0.0366 361
0.0367 359
0.0368 347
0.0369 341
0.037 338
0.0371 333
0.0372 327
0.0373 325
0.0374 331
0.0375 321
0.0376 316
0.0377 310
0.0378 304
0.0379 309
0.038 317
0.0381 319
0.0382 316
0.0383 321
0.0384 320
0.0385 319
0.0386 316
0.0387 314
0.0388 303
0.0389 306
0.039 305
0.0391 308
0.0392 304
0.0393 304
0.0394 310
0.0395 312
0.0396 310
0.0397 311
0.0398 308
0.0399 306
0.04 307
0.0401 310
0.0402 300
0.0403 300
0.0404 302
0.0405 305
0.0406 298
0.0407 304
0.0408 306
0.0409 308
0.041 302
0.0411 303
0.0412 300
0.0413 297
0.0414 289
0.0415 286
0.0416 285
0.0417 285
0.0418 287
0.0419 288
0.042 295
0.0421 295
0.0422 309
0.0423 316
0.0424 310
0.0425 316
0.0426 315
0.0427 315
0.0428 314
0.0429 304
0.043 306
0.0431 307
0.0432 308
0.0433 304
0.0434 304
0.0435 301
0.0436 291
0.0437 288
0.0438 285
0.0439 289
0.044 293
0.0441 290
0.0442 291
0.0443 285
0.0444 282
0.0445 281
0.0446 278
0.0447 278
0.0448 282
0.0449 287
0.045 284
0.0451 285
0.0452 277
0.0453 267
0.0454 262
0.0455 258
0.0456 254
0.0457 249
0.0458 244
0.0459 247
0.046 246
0.0461 254
0.0462 251
0.0463 251
0.0464 248
0.0465 249
0.0466 247
0.0467 252
0.0468 250
0.0469 246
0.047 246
0.0471 246
0.0472 243
0.0473 242
0.0474 240
0.0475 243
0.0476 238
0.0477 240
0.0478 244
0.0479 250
0.048 249
0.0481 252
0.0482 251
0.0483 246
0.0484 245
0.0485 245
0.0486 245
0.0487 236
0.0488 232
0.0489 231
0.049 229
0.0491 238
0.0492 242
0.0493 242
0.0494 244
0.0495 248
0.0496 256
0.0497 252
0.0498 245
0.0499 243
0.05 242
0.0501 238
0.0502 239
0.0503 238
0.0504 237
0.0505 236
0.0506 236
0.0507 245
0.0508 244
0.0509 255
0.051 258
0.0511 257
0.0512 257
0.0513 271
0.0514 271
0.0515 274
0.0516 275
0.0517 274
0.0518 267
0.0519 276
0.052 278
0.0521 275
0.0522 270
0.0523 270
0.0524 268
0.0525 265
0.0526 262
0.0527 266
0.0528 266
0.0529 260
0.053 262
0.0531 260
0.0532 261
0.0533 259
0.0534 265
0.0535 270
0.0536 271
0.0537 270
0.0538 262
0.0539 261
0.054 263
0.0541 264
0.0542 255
0.0543 259
0.0544 253
0.0545 250
0.0546 250
0.0547 247
0.0548 241
0.0549 247
0.055 249
0.0551 245
0.0552 248
0.0553 246
0.0554 247
0.0555 255
0.0556 256
0.0557 264
0.0558 274
0.0559 286
0.056 292
0.0561 298
0.0562 295
0.0563 296
0.0564 299
0.0565 294
0.0566 296
0.0567 296
0.0568 312
0.0569 307
0.057 306
0.0571 310
0.0572 307
0.0573 310
0.0574 308
0.0575 306
0.0576 303
0.0577 295
0.0578 294
0.0579 300
0.058 300
0.0581 293
0.0582 290
0.0583 286
0.0584 276
0.0585 270
0.0586 274
0.0587 278
0.0588 282
0.0589 286
0.059 281
0.0591 280
0.0592 288
0.0593 286
0.0594 285
0.0595 283
0.0596 285
0.0597 280
0.0598 281
0.0599 275
0.06 272
0.0601 268
0.0602 263
0.0603 257
0.0604 252
0.0605 246
0.0606 242
0.0607 234
0.0608 232
0.0609 232
0.061 230
0.0611 233
0.0612 231
0.0613 227
0.0614 225
0.0615 225
0.0616 218
0.0617 222
0.0618 220
0.0619 222
0.062 226
0.0621 226
0.0622 223
0.0623 218
0.0624 222
0.0625 227
0.0626 229
0.0627 225
0.0628 225
0.0629 224
0.063 220
0.0631 219
0.0632 219
0.0633 213
0.0634 218
0.0635 217
0.0636 217
0.0637 217
0.0638 215
0.0639 217
0.064 215
0.0641 211
0.0642 207
0.0643 203
0.0644 195
0.0645 191
0.0646 193
0.0647 199
0.0648 193
0.0649 197
0.065 194
0.0651 196
0.0652 196
0.0653 202
0.0654 203
0.0655 197
0.0656 191
0.0657 190
0.0658 186
0.0659 185
0.066 189
0.0661 188
0.0662 190
0.0663 196
0.0664 203
0.0665 203
0.0666 206
0.0667 208
0.0668 211
0.0669 212
0.067 219
0.0671 227
0.0672 232
0.0673 234
0.0674 234
0.0675 232
0.0676 232
0.0677 235
0.0678 232
0.0679 238
0.068 244
0.0681 245
0.0682 250
0.0683 255
0.0684 260
0.0685 269
0.0686 273
0.0687 272
0.0688 278
0.0689 283
0.069 289
0.0691 304
0.0692 309
0.0693 316
0.0694 315
0.0695 320
0.0696 317
0.0697 320
0.0698 316
0.0699 315
0.07 311
0.0701 313
0.0702 307
0.0703 300
0.0704 294
0.0705 289
0.0706 275
0.0707 276
0.0708 271
0.0709 264
0.071 264
0.0711 259
0.0712 257
0.0713 256
0.0714 251
0.0715 254
0.0716 255
0.0717 259
0.0718 261
0.0719 270
0.072 261
0.0721 265
0.0722 273
0.0723 276
0.0724 285
0.0725 285
0.0726 283
0.0727 293
0.0728 296
0.0729 287
0.073 286
0.0731 284
0.0732 284
0.0733 288
0.0734 292
0.0735 295
0.0736 301
0.0737 304
0.0738 309
0.0739 311
0.074 316
0.0741 312
0.0742 315
0.0743 306
0.0744 304
0.0745 311
0.0746 315
0.0747 319
0.0748 327
0.0749 330
0.075 322
0.0751 316
0.0752 314
0.0753 322
0.0754 324
0.0755 323
0.0756 332
0.0757 337
0.0758 331
0.0759 327
0.076 319
0.0761 320
0.0762 317
0.0763 313
0.0764 317
0.0765 322
0.0766 328
0.0767 330
0.0768 329
0.0769 324
0.077 329
0.0771 338
0.0772 345
0.0773 348
0.0774 352
0.0775 359
0.0776 363
0.0777 368
0.0778 372
0.0779 374
0.078 377
0.0781 374
0.0782 378
0.0783 376
0.0784 376
0.0785 379
0.0786 382
0.0787 391
0.0788 392
0.0789 397
0.079 393
0.0791 397
0.0792 392
0.0793 391
0.0794 380
0.0795 378
0.0796 381
0.0797 381
0.0798 377
0.0799 376
0.08 372
0.0801 372
0.0802 371
0.0803 365
0.0804 360
0.0805 357
0.0806 358
0.0807 360
0.0808 356
0.0809 349
0.081 347
0.0811 344
0.0812 339
0.0813 337
0.0814 335
0.0815 329
0.0816 326
0.0817 320
0.0818 327
0.0819 324
0.082 324
0.0821 321
0.0822 321
0.0823 308
0.0824 303
0.0825 304
0.0826 305
0.0827 304
0.0828 303
0.0829 303
0.083 299
0.0831 296
0.0832 293
0.0833 291
0.0834 294
0.0835 289
0.0836 277
0.0837 272
0.0838 264
0.0839 264
0.084 263
0.0841 263
0.0842 260
0.0843 256
0.0844 256
0.0845 255
0.0846 264
0.0847 267
0.0848 261
0.0849 258
0.085 255
0.0851 254
0.0852 252
0.0853 252
0.0854 257
0.0855 255
0.0856 255
0.0857 262
0.0858 258
0.0859 258
0.086 260
0.0861 258
0.0862 263
0.0863 262
0.0864 262
0.0865 262
0.0866 265
0.0867 268
0.0868 269
0.0869 266
0.087 270
0.0871 273
0.0872 268
0.0873 267
0.0874 262
0.0875 259
0.0876 255
0.0877 252
0.0878 249
0.0879 247
0.088 246
0.0881 247
0.0882 250
0.0883 243
0.0884 239
0.0885 241
0.0886 236
0.0887 229
0.0888 228
0.0889 227
0.089 226
0.0891 223
0.0892 222
0.0893 215
0.0894 210
0.0895 207
0.0896 203
0.0897 196
0.0898 191
0.0899 189
0.09 185
0.0901 179
0.0902 177
0.0903 174
0.0904 171
0.0905 173
0.0906 173
0.0907 170
0.0908 171
0.0909 172
0.091 171
0.0911 172
0.0912 176
0.0913 175
0.0914 175
0.0915 175
0.0916 168
0.0917 166
0.0918 165
0.0919 171
0.092 183
0.0921 194
0.0922 214
0.0923 224
0.0924 236
0.0925 236
0.0926 237
0.0927 237
0.0928 235
0.0929 235
0.093 236
0.0931 243
0.0932 242
0.0933 239
0.0934 236
0.0935 237
0.0936 241
0.0937 245
0.0938 246
0.0939 251
0.094 251
0.0941 246
0.0942 244
0.0943 246
0.0944 242
0.0945 241
0.0946 238
0.0947 234
0.0948 223
0.0949 218
0.095 212
0.0951 201
0.0952 197
0.0953 192
0.0954 184
0.0955 178
0.0956 173
0.0957 167
0.0958 167
0.0959 164
0.096 161
0.0961 156
0.0962 152
0.0963 149
0.0964 150
0.0965 153
0.0966 151
0.0967 153
0.0968 155
0.0969 161
0.097 159
0.0971 156
0.0972 159
0.0973 160
0.0974 164
0.0975 173
0.0976 177
0.0977 178
0.0978 178
0.0979 172
0.098 172
0.0981 175
0.0982 174
0.0983 174
0.0984 172
0.0985 174
0.0986 181
0.0987 192
0.0988 187
0.0989 188
0.099 188
0.0991 196
0.0992 195
0.0993 203
0.0994 199
0.0995 193
0.0996 195
0.0997 197
0.0998 197
0.0999 202
0.1 200
0.1001 202
0.1002 203
0.1003 206
0.1004 215
0.1005 229
0.1006 236
0.1007 243
0.1008 253
0.1009 262
0.101 263
0.1011 268
0.1012 268
0.1013 272
0.1014 276
0.1015 269
0.1016 267
0.1017 273
0.1018 276
0.1019 279
0.102 278
0.1021 280
0.1022 287
0.1023 289
0.1024 292
0.1025 294
0.1026 292
0.1027 295
0.1028 296
0.1029 299
0.103 300
0.1031 299
0.1032 301
0.1033 301
0.1034 302
0.1035 302
0.1036 301
0.1037 305
0.1038 301
0.1039 306
0.104 304
0.1041 303
0.1042 304
0.1043 303
0.1044 306
0.1045 304
0.1046 304
0.1047 308
0.1048 307
0.1049 308
0.105 309
0.1051 307
0.1052 311
0.1053 312
0.1054 310
0.1055 314
0.1056 314
0.1057 315
0.1058 317
0.1059 318
0.106 320
0.1061 320
0.1062 321
0.1063 323
0.1064 323
0.1065 327
0.1066 329
0.1067 330
0.1068 333
0.1069 335
0.107 337
0.1071 339
0.1072 341
0.1073 342
0.1074 347
0.1075 349
0.1076 353
0.1077 356
0.1078 360
0.1079 362
0.108 365
0.1081 369
0.1082 372
0.1083 377
0.1084 380
0.1085 386
0.1086 389
0.1087 394
0.1088 399
0.1089 403
0.109 407
0.1091 410
0.1092 415
0.1093 422
0.1094 426
0.1095 430
0.1096 436
0.1097 438
0.1098 443
0.1099 449
0.11 455
0.1101 459
0.1102 466
0.1103 471
0.1104 476
0.1105 482
0.1106 486
0.1107 492
0.1108 498
0.1109 502
0.111 510
0.1111 515
0.1112 521
0.1113 529
0.1114 535
0.1115 540
0.1116 547
0.1117 553
0.1118 561
0.1119 566
0.112 574
0.1121 580
0.1122 584
0.1123 593
0.1124 599
0.1125 606
0.1126 611
0.1127 617
0.1128 625
0.1129 631
0.113 637
0.1131 644
0.1132 651
0.1133 658
0.1134 663
0.1135 669
0.1136 676
0.1137 681
0.1138 688
0.1139 695
0.114 701
0.1141 706
0.1142 715
0.1143 719
0.1144 727
0.1145 732
0.1146 742
0.1147 747
0.1148 755
0.1149 762
0.115 771
0.1151 774
0.1152 784
0.1153 793
0.1154 798
0.1155 807
0.1156 815
0.1157 818
0.1158 828
0.1159 838
0.116 843
0.1161 852
0.1162 862
0.1163 866
0.1164 875
0.1165 882
0.1166 892
0.1167 900
0.1168 908
0.1169 915
0.117 922
0.1171 930
0.1172 940
0.1173 944
0.1174 954
0.1175 965
0.1176 970
0.1177 978
0.1178 987
0.1179 996
0.118 1003
0.1181 1012
0.1182 1021
0.1183 1030
0.1184 1039
0.1185 1049
0.1186 1058
0.1187 1067
0.1188 1073
0.1189 1083
0.119 1091
0.1191 1100
0.1192 1110
0.1193 1116
0.1194 1125
0.1195 1132
0.1196 1144
0.1197 1149
0.1198 1158
0.1199 1166
0.12 1174
0.1201 1184
0.1202 1192
0.1203 1199
0.1204 1207
0.1205 1214
0.1206 1218
0.1207 1231
0.1208 1238
0.1209 1250
0.121 1258
0.1211 1264
0.1212 1265
0.1213 1281
0.1214 1286
0.1215 1298
0.1216 1304
0.1217 1313
0.1218 1319
0.1219 1331
0.122 1335
0.1221 1344
0.1222 1350
0.1223 1359
0.1224 1368
0.1225 1374
0.1226 1385
0.1227 1390
0.1228 1398
0.1229 1412
0.123 1422
0.1231 1425
0.1232 1436
0.1233 1443
0.1234 1450
0.1235 1464
0.1236 1474
0.1237 1480
0.1238 1491
0.1239 1497
0.124 1515
0.1241 1522
0.1242 1532
0.1243 1542
0.1244 1551
0.1245 1561
0.1246 1577
0.1247 1583
0.1248 1592
0.1249 1605
0.125 1614
0.1251 1622
0.1252 1626
0.1253 1638
0.1254 1649
0.1255 1653
0.1256 1673
0.1257 1677
0.1258 1692
0.1259 1696
0.126 1704
0.1261 1714
0.1262 1725
0.1263 1734
0.1264 1733
0.1265 1744
0.1266 1753
0.1267 1763
0.1268 1771
0.1269 1779
0.127 1785
0.1271 1786
0.1272 1800
0.1273 1797
0.1274 1810
0.1275 1812
0.1276 1813
0.1277 1812
0.1278 1817
0.1279 1814
0.128 1817
0.1281 1806
0.1282 1811
0.1283 1783
0.1284 1762
0.1285 1729
0.1286 1686
0.1287 1649
0.1288 1627
0.1289 1592
0.129 1560
0.1291 1532
0.1292 1501
0.1293 1472
0.1294 1438
0.1295 1399
0.1296 1353
0.1297 1325
0.1298 1293
0.1299 1258
0.13 1221
0.1301 1205
0.1302 1171
0.1303 1145
0.1304 1127
0.1305 1092
0.1306 1075
0.1307 1058
0.1308 1040
0.1309 1028
0.131 1004
0.1311 985
0.1312 960
0.1313 937
0.1314 917
0.1315 905
0.1316 894
0.1317 882
0.1318 858
0.1319 840
0.132 817
0.1321 807
0.1322 789
0.1323 776
0.1324 755
0.1325 747
0.1326 725
0.1327 712
0.1328 699
0.1329 679
0.133 667
0.1331 659
0.1332 652
0.1333 640
0.1334 625
0.1335 622
0.1336 608
0.1337 596
0.1338 576
0.1339 563
0.134 548
0.1341 532
0.1342 515
0.1343 496
0.1344 488
0.1345 479
0.1346 473
0.1347 465
0.1348 461
0.1349 456
0.135 451
0.1351 450
0.1352 454
0.1353 447
0.1354 440
0.1355 436
0.1356 428
0.1357 424
0.1358 424
0.1359 425
0.136 425
0.1361 422
0.1362 411
0.1363 404
0.1364 401
0.1365 391
0.1366 381
0.1367 375
0.1368 357
0.1369 352
0.137 348
0.1371 339
0.1372 331
0.1373 324
0.1374 317
0.1375 315
0.1376 306
0.1377 300
0.1378 293
0.1379 287
0.138 277
0.1381 275
0.1382 278
0.1383 280
0.1384 285
0.1385 295
0.1386 302
0.1387 304
0.1388 309
0.1389 305
0.139 301
0.1391 299
0.1392 304
0.1393 302
0.1394 297
0.1395 300
0.1396 303
0.1397 305
0.1398 301
0.1399 306
0.14 299
0.1401 301
0.1402 303
0.1403 302
0.1404 308
0.1405 302
0.1406 299
0.1407 291
0.1408 293
0.1409 294
0.141 299
0.1411 293
0.1412 299
0.1413 303
0.1414 313
0.1415 324
0.1416 327
0.1417 328
0.1418 333
0.1419 339
0.142 340
0.1421 338
0.1422 333
0.1423 331
0.1424 324
0.1425 326
0.1426 321
0.1427 319
0.1428 309
0.1429 309
0.143 310
0.1431 308
0.1432 306
0.1433 296
0.1434 296
0.1435 295
0.1436 294
0.1437 289
0.1438 287
0.1439 292
0.144 297
0.1441 298
0.1442 288
0.1443 281
0.1444 277
0.1445 277
0.1446 271
0.1447 271
0.1448 269
0.1449 265
0.145 259
0.1451 258
0.1452 253
0.1453 250
0.1454 245
0.1455 240
0.1456 234
0.1457 233
0.1458 238
0.1459 233
0.146 232
0.1461 236
0.1462 230
0.1463 231
0.1464 231
0.1465 230
0.1466 226
0.1467 228
0.1468 226
0.1469 233
0.147 236
0.1471 240
0.1472 238
0.1473 235
0.1474 240
0.1475 244
0.1476 243
0.1477 240
0.1478 240
0.1479 234
0.148 235
0.1481 226
0.1482 225
0.1483 214
0.1484 208
0.1485 211
0.1486 208
0.1487 208
0.1488 201
0.1489 196
0.149 195
0.1491 189
0.1492 185
0.1493 187
0.1494 184
0.1495 190
0.1496 194
0.1497 192
0.1498 190
0.1499 193
0.15 200
0.1501 201
0.1502 200
0.1503 206
0.1504 206
0.1505 208
0.1506 200
0.1507 202
0.1508 205
0.1509 204
0.151 202
0.1511 209
0.1512 202
0.1513 198
0.1514 192
0.1515 190
0.1516 190
0.1517 190
0.1518 193
0.1519 190
0.152 191
0.1521 190
0.1522 190
0.1523 191
0.1524 193
0.1525 193
0.1526 195
0.1527 196
0.1528 198
0.1529 196
0.153 194
0.1531 195
0.1532 197
0.1533 195
0.1534 194
0.1535 184
0.1536 178
0.1537 171
0.1538 176
0.1539 176
0.154 193
0.1541 200
0.1542 209
0.1543 208
0.1544 212
0.1545 212
0.1546 221
0.1547 226
0.1548 224
0.1549 222
0.155 229
0.1551 230
0.1552 228
0.1553 231
0.1554 232
0.1555 235
0.1556 241
0.1557 249
0.1558 252
0.1559 248
0.156 244
0.1561 247
0.1562 239
0.1563 249
0.1564 253
0.1565 262
0.1566 260
0.1567 255
0.1568 248
0.1569 247
0.157 244
0.1571 242
0.1572 239
0.1573 247
0.1574 247
0.1575 256
0.1576 257
0.1577 256
0.1578 251
0.1579 256
0.158 262
0.1581 262
0.1582 264
0.1583 261
0.1584 255
0.1585 257
0.1586 258
0.1587 254
0.1588 255
0.1589 258
0.159 258
0.1591 264
0.1592 265
0.1593 263
0.1594 262
0.1595 261
0.1596 262
0.1597 260
0.1598 258
0.1599 257
0.16 252
0.1601 252
0.1602 251
0.1603 248
0.1604 245
0.1605 247
0.1606 246
0.1607 248
0.1608 246
0.1609 251
0.161 246
0.1611 251
0.1612 247
0.1613 246
0.1614 244
0.1615 241
0.1616 234
0.1617 231
0.1618 226
0.1619 226
0.162 231
0.1621 229
0.1622 230
0.1623 228
0.1624 231
0.1625 252
0.1626 264
0.1627 274
0.1628 295
0.1629 318
0.163 327
0.1631 347
0.1632 349
0.1633 351
0.1634 364
0.1635 371
0.1636 369
0.1637 373
0.1638 376
0.1639 376
0.164 370
0.1641 372
0.1642 371
0.1643 379
0.1644 383
0.1645 384
0.1646 375
0.1647 374
0.1648 376
0.1649 376
0.165 378
0.1651 375
0.1652 374
0.1653 372
0.1654 363
0.1655 359
0.1656 356
0.1657 355
0.1658 353
0.1659 352
0.166 342
0.1661 341
0.1662 354
0.1663 354
0.1664 348
0.1665 345
0.1666 353
0.1667 348
0.1668 347
0.1669 353
0.167 354
0.1671 346
0.1672 344
0.1673 346
0.1674 343
0.1675 336
0.1676 337
0.1677 334
0.1678 327
0.1679 317
0.168 310
0.1681 309
0.1682 307
0.1683 304
0.1684 295
0.1685 284
0.1686 282
0.1687 276
0.1688 273
0.1689 266
0.169 258
0.1691 255
0.1692 264
0.1693 264
0.1694 261
0.1695 262
0.1696 264
0.1697 270
0.1698 274
0.1699 282
0.17 281
0.1701 283
0.1702 280
0.1703 280
0.1704 286
0.1705 281
0.1706 276
0.1707 269
0.1708 273
0.1709 265
0.171 264
0.1711 260
0.1712 259
0.1713 264
0.1714 263
0.1715 263
0.1716 262
0.1717 265
0.1718 269
0.1719 264
0.172 274
0.1721 280
0.1722 283
0.1723 284
0.1724 282
0.1725 280
0.1726 280
0.1727 282
0.1728 288
0.1729 282
0.173 281
0.1731 277
0.1732 274
0.1733 272
0.1734 270
0.1735 274
0.1736 276
0.1737 272
0.1738 267
0.1739 268
0.174 273
0.1741 273
0.1742 274
0.1743 277
0.1744 272
0.1745 273
0.1746 275
0.1747 288
0.1748 293
0.1749 295
0.175 294
0.1751 296
0.1752 296
0.1753 299
0.1754 301
0.1755 310
0.1756 313
0.1757 315
0.1758 316
0.1759 317
0.176 317
0.1761 315
0.1762 317
0.1763 317
0.1764 320
0.1765 325
0.1766 324
0.1767 321
0.1768 317
0.1769 320
0.177 319
0.1771 322
0.1772 320
0.1773 313
0.1774 311
0.1775 313
0.1776 315
0.1777 307
0.1778 300
0.1779 294
0.178 290
0.1781 286
0.1782 283
0.1783 278
0.1784 270
0.1785 268
0.1786 264
0.1787 262
0.1788 260
0.1789 255
0.179 256
0.1791 254
0.1792 251
0.1793 248
0.1794 242
0.1795 241
0.1796 243
0.1797 240
0.1798 240
0.1799 244
0.18 244
0.1801 250
0.1802 244
0.1803 245
0.1804 248
0.1805 243
0.1806 242
0.1807 248
0.1808 252
0.1809 250
0.181 252
0.1811 259
0.1812 263
0.1813 269
0.1814 276
0.1815 278
0.1816 281
0.1817 290
0.1818 297
0.1819 297
0.182 302
0.1821 289
0.1822 289
0.1823 297
0.1824 300
0.1825 301
0.1826 317
0.1827 332
0.1828 350
0.1829 355
0.183 361
0.1831 369
0.1832 362
0.1833 363
0.1834 362
0.1835 360
0.1836 361
0.1837 356
0.1838 349
0.1839 343
0.184 346
0.1841 343
0.1842 338
0.1843 332
0.1844 323
0.1845 325
0.1846 321
0.1847 323
0.1848 318
0.1849 313
0.185 305
0.1851 305
0.1852 305
0.1853 301
0.1854 294
0.1855 297
0.1856 302
0.1857 304
0.1858 312
0.1859 324
0.186 327
0.1861 333
0.1862 333
0.1863 327
0.1864 323
0.1865 325
0.1866 322
0.1867 322
0.1868 323
0.1869 320
0.187 322
0.1871 322
0.1872 328
0.1873 328
0.1874 324
0.1875 325
0.1876 324
0.1877 319
0.1878 320
0.1879 318
0.188 310
0.1881 304
0.1882 298
0.1883 295
0.1884 300
0.1885 296
0.1886 295
0.1887 287
0.1888 287
0.1889 290
0.189 293
0.1891 299
0.1892 303
0.1893 297
0.1894 301
0.1895 302
0.1896 303
0.1897 297
0.1898 295
0.1899 297
0.19 302
0.1901 307
0.1902 310
0.1903 319
0.1904 319
0.1905 331
0.1906 339
0.1907 340
0.1908 347
0.1909 353
0.191 354
0.1911 354
0.1912 358
0.1913 353
0.1914 352
0.1915 354
0.1916 352
0.1917 360
0.1918 353
0.1919 355
0.192 354
0.1921 352
0.1922 352
0.1923 356
0.1924 349
0.1925 352
0.1926 352
0.1927 352
0.1928 349
0.1929 345
0.193 347
0.1931 345
0.1932 343
0.1933 346
0.1934 355
0.1935 364
0.1936 370
0.1937 367
0.1938 375
0.1939 378
0.194 383
0.1941 384
0.1942 381
0.1943 385
0.1944 385
0.1945 387
0.1946 389
0.1947 390
0.1948 391
0.1949 394
0.195 393
0.1951 395
0.1952 398
0.1953 395
0.1954 397
0.1955 400
0.1956 400
0.1957 401
0.1958 402
0.1959 405
0.196 406
0.1961 409
0.1962 411
0.1963 413
0.1964 418
0.1965 417
0.1966 422
0.1967 426
0.1968 427
0.1969 431
0.197 433
0.1971 436
0.1972 437
0.1973 441
0.1974 445
0.1975 448
0.1976 452
0.1977 456
0.1978 459
0.1979 461
0.198 467
0.1981 468
0.1982 473
0.1983 478
0.1984 479
0.1985 486
0.1986 491
0.1987 494
0.1988 499
0.1989 502
0.199 507
0.1991 512
0.1992 517
0.1993 521
0.1994 525
0.1995 529
0.1996 536
0.1997 542
0.1998 548
0.1999 551
0.2 558
0.2001 565
0.2002 569
0.2003 579
0.2004 583
0.2005 591
0.2006 596
0.2007 604
0.2008 611
0.2009 616
0.201 623
0.2011 631
0.2012 640
0.2013 648
0.2014 654
0.2015 663
0.2016 669
0.2017 676
0.2018 684
0.2019 692
0.202 703
0.2021 710
0.2022 717
0.2023 726
0.2024 734
0.2025 743
0.2026 752
0.2027 761
0.2028 768
0.2029 779
0.203 788
0.2031 793
0.2032 802
0.2033 811
0.2034 822
0.2035 828
0.2036 835
0.2037 845
0.2038 850
0.2039 860
0.204 866
0.2041 876
0.2042 885
0.2043 893
0.2044 899
0.2045 904
0.2046 915
0.2047 922
0.2048 930
0.2049 939
0.205 944
0.2051 952
0.2052 961
0.2053 968
0.2054 976
0.2055 983
0.2056 991
0.2057 1001
0.2058 1009
0.2059 1016
0.206 1028
0.2061 1033
0.2062 1041
0.2063 1054
0.2064 1062
0.2065 1067
0.2066 1078
0.2067 1089
0.2068 1098
0.2069 1111
0.207 1119
0.2071 1127
0.2072 1140
0.2073 1149
0.2074 1159
0.2075 1172
0.2076 1181
0.2077 1190
0.2078 1199
0.2079 1210
0.208 1220
0.2081 1234
0.2082 1240
0.2083 1252
0.2084 1259
0.2085 1274
0.2086 1281
0.2087 1290
0.2088 1305
0.2089 1311
0.209 1323
0.2091 1328
0.2092 1335
0.2093 1352
0.2094 1366
0.2095 1366
0.2096 1380
0.2097 1386
0.2098 1399
0.2099 1410
0.21 1419
0.2101 1430
0.2102 1433
0.2103 1445
0.2104 1453
0.2105 1463
0.2106 1466
0.2107 1482
0.2108 1485
0.2109 1504
0.211 1515
0.2111 1512
0.2112 1527
0.2113 1531
0.2114 1535
0.2115 1545
0.2116 1558
0.2117 1564
0.2118 1565
0.2119 1564
0.212 1561
0.2121 1553
0.2122 1530
0.2123 1510
0.2124 1498
0.2125 1499
0.2126 1484
0.2127 1477
0.2128 1452
0.2129 1445
0.213 1420
0.2131 1405
0.2132 1392
0.2133 1365
0.2134 1336
0.2135 1307
0.2136 1277
0.2137 1243
0.2138 1212
0.2139 1183
0.214 1158
0.2141 1140
0.2142 1116
0.2143 1091
0.2144 1062
0.2145 1037
0.2146 1025
0.2147 1008
0.2148 986
0.2149 974
0.215 960
0.2151 933
0.2152 916
0.2153 896
0.2154 881
0.2155 868
0.2156 859
0.2157 848
0.2158 840
0.2159 831
0.216 824
0.2161 812
0.2162 801
0.2163 788
0.2164 786
0.2165 787
0.2166 770
0.2167 758
0.2168 741
0.2169 730
0.217 720
0.2171 710
0.2172 689
0.2173 678
0.2174 653
0.2175 638
0.2176 631
0.2177 622
0.2178 620
0.2179 618
0.218 607
0.2181 596
0.2182 596
0.2183 583
0.2184 576
0.2185 575
0.2186 559
0.2187 543
0.2188 535
0.2189 527
0.219 517
0.2191 509
0.2192 502
0.2193 487
0.2194 475
0.2195 465
0.2196 459
0.2197 446
0.2198 436
0.2199 433
0.22 427
0.2201 422
0.2202 416
0.2203 409
0.2204 401
0.2205 391
0.2206 379
0.2207 376
0.2208 367
0.2209 358
0.221 358
0.2211 354
0.2212 346
0.2213 346
0.2214 344
0.2215 343
0.2216 351
0.2217 350
0.2218 345
0.2219 343
0.222 342
0.2221 335
0.2222 335
0.2223 330
0.2224 330
0.2225 327
0.2226 326
0.2227 322
0.2228 317
0.2229 313
0.223 304
0.2231 301
0.2232 302
0.2233 301
0.2234 301
0.2235 301
0.2236 298
0.2237 282
0.2238 277
0.2239 270
0.224 262
0.2241 258
0.2242 258
0.2243 258
0.2244 262
0.2245 254
0.2246 254
0.2247 256
0.2248 257
0.2249 256
0.225 262
0.2251 264
0.2252 268
0.2253 269
0.2254 268
0.2255 266
0.2256 262
0.2257 253
0.2258 247
0.2259 240
0.226 238
0.2261 236
0.2262 236
0.2263 241
0.2264 244
0.2265 250
0.2266 255
0.2267 257
0.2268 257
0.2269 252
0.227 254
0.2271 254
0.2272 254
0.2273 257
0.2274 256
0.2275 250
0.2276 245
0.2277 243
0.2278 246
0.2279 249
0.228 246
0.2281 241
0.2282 239
0.2283 237
0.2284 245
0.2285 255
0.2286 257
0.2287 259
0.2288 261
0.2289 259
0.229 256
0.2291 249
0.2292 246
0.2293 245
0.2294 242
0.2295 237
0.2296 230
0.2297 231
0.2298 230
0.2299 225
0.23 223
0.2301 223
0.2302 229
0.2303 228
0.2304 226
0.2305 223
0.2306 223
0.2307 221
0.2308 217
0.2309 221
0.231 220
0.2311 214
0.2312 217
0.2313 221
0.2314 222
0.2315 221
0.2316 223
0.2317 221
0.2318 228
0.2319 231
0.232 238
0.2321 245
0.2322 253
0.2323 263
0.2324 269
0.2325 273
0.2326 275
0.2327 277
0.2328 277
0.2329 270
0.233 268
0.2331 268
0.2332 267
0.2333 262
0.2334 257
0.2335 255
0.2336 258
0.2337 256
0.2338 258
0.2339 262
0.234 266
0.2341 266
0.2342 265
0.2343 277
0.2344 286
0.2345 289
0.2346 288
0.2347 294
0.2348 296
0.2349 291
0.235 297
0.2351 299
0.2352 299
0.2353 302
0.2354 310
0.2355 311
0.2356 305
0.2357 303
0.2358 299
0.2359 299
0.236 293
0.2361 288
0.2362 292
0.2363 287
0.2364 293
0.2365 290
0.2366 294
0.2367 305
0.2368 303
0.2369 306
0.237 308
0.2371 306
0.2372 297
0.2373 292
0.2374 287
0.2375 279
0.2376 273
0.2377 271
0.2378 270
0.2379 261
0.238 262
0.2381 262
0.2382 262
0.2383 262
0.2384 262
0.2385 263
0.2386 256
0.2387 251
0.2388 246
0.2389 248
0.239 244
0.2391 243
0.2392 241
0.2393 246
0.2394 246
0.2395 250
0.2396 254
0.2397 253
0.2398 253
0.2399 257
0.24 263
0.2401 266
0.2402 263
0.2403 257
0.2404 252
0.2405 247
0.2406 245
0.2407 247
0.2408 249
0.2409 248
0.241 244
0.2411 244
0.2412 239
0.2413 236
0.2414 229
0.2415 224
0.2416 219
0.2417 217
0.2418 209
0.2419 204
0.242 201
0.2421 202
0.2422 201
0.2423 198
0.2424 199
0.2425 200
0.2426 201
0.2427 205
0.2428 207
0.2429 216
0.243 211
0.2431 212
0.2432 212
0.2433 216
0.2434 219
0.2435 221
0.2436 221
0.2437 218
0.2438 233
0.2439 232
0.244 233
0.2441 236
0.2442 239
0.2443 241
0.2444 238
0.2445 239
0.2446 238
0.2447 247
0.2448 251
0.2449 254
0.245 247
0.2451 246
0.2452 240
0.2453 239
0.2454 235
0.2455 233
0.2456 235
0.2457 238
0.2458 235
0.2459 233
0.246 230
0.2461 226
0.2462 224
0.2463 220
0.2464 219
0.2465 220
0.2466 217
0.2467 214
0.2468 217
0.2469 215
0.247 213
0.2471 217
0.2472 216
0.2473 211
0.2474 209
0.2475 208
0.2476 204
0.2477 200
0.2478 200
0.2479 194
0.248 186
0.2481 183
0.2482 184
0.2483 177
0.2484 174
0.2485 177
0.2486 178
0.2487 182
0.2488 191
0.2489 195
0.249 202
0.2491 206
0.2492 217
0.2493 219
0.2494 222
0.2495 225
0.2496 228
0.2497 234
0.2498 241
0.2499 243
0.25 246
