0 0
0.0001 0
0.0002 0
0.0003 0
0.0004 0
0.0005 0
0.0006 0
0.0007 0
0.0008 0
0.0009 0
0.001 0
0.0011 0
0.0012 0
0.0013 0
0.0014 0
0.0015 0
0.0016 0
0.0017 0
0.0018 0
0.0019 0
0.002 0
0.0021 0
0.0022 0
0.0023 0
0.0024 0
0.0025 0
0.0026 2
0.0027 2
0.0028 2
0.0029 4
0.003 4
0.0031 6
0.0032 10
0.0033 11
0.0034 12
0.0035 14
0.0036 17
0.0037 20
0.0038 21
0.0039 26
0.004 31
0.0041 32
0.0042 34
0.0043 37
0.0044 40
0.0045 39
0.0046 41
0.0047 45
0.0048 46
0.0049 50
0.005 52
0.0051 57
0.0052 64
0.0053 66
0.0054 73
0.0055 73
0.0056 75
0.0057 76
0.0058 83
0.0059 87
0.006 93
0.0061 93
0.0062 94
0.0063 99
0.0064 103
0.0065 107
0.0066 113
0.0067 115
0.0068 119
0.0069 127
0.007 132
0.0071 137
0.0072 138
0.0073 142
0.0074 145
0.0075 153
0.0076 160
0.0077 164
0.0078 172
0.0079 186
0.008 192
0.0081 196
0.0082 204
0.0083 213
0.0084 221
0.0085 226
0.0086 234
0.0087 240
0.0088 247
0.0089 255
0.009 260
0.0091 264
0.0092 265
0.0093 274
0.0094 279
0.0095 288
0.0096 294
0.0097 300
0.0098 310
0.0099 313
0.01 318
0.0101 319
0.0102 326
0.0103 330
0.0104 332
0.0105 339
0.0106 349
0.0107 356
0.0108 362
0.0109 363
0.011 372
0.0111 377
0.0112 386
0.0113 394
0.0114 400
0.0115 407
0.0116 419
0.0117 428
0.0118 434
0.0119 439
0.012 443
0.0121 448
0.0122 458
0.0123 467
0.0124 472
0.0125 474
0.0126 488
0.0127 499
0.0128 511
0.0129 521
0.013 531
0.0131 532
0.0132 543
0.0133 550
0.0134 559
0.0135 570
0.0136 578
0.0137 590
0.0138 600
0.0139 609
0.014 627
0.0141 633
0.0142 639
0.0143 650
0.0144 653
0.0145 656
0.0146 662
0.0147 668
0.0148 679
0.0149 697
0.015 707
0.0151 712
0.0152 716
0.0153 726
0.0154 729
0.0155 741
0.0156 746
0.0157 756
0.0158 763
0.0159 767
0.016 773
0.0161 786
0.0162 797
0.0163 799
0.0164 808
0.0165 817
0.0166 824
0.0167 829
0.0168 836
0.0169 845
0.017 852
0.0171 863
0.0172 873
0.0173 880
0.0174 891
0.0175 909
0.0176 918
0.0177 922
0.0178 933
0.0179 947
0.018 953
0.0181 958
0.0182 965
0.0183 971
0.0184 983
0.0185 1004
0.0186 1013
0.0187 1021
0.0188 1032
0.0189 1038
0.019 1045
0.0191 1052
0.0192 1070
0.0193 1083
0.0194 1092
0.0195 1102
0.0196 1106
0.0197 1115
0.0198 1128
0.0199 1140
0.02 1141
0.0201 1150
0.0202 1157
0.0203 1164
0.0204 1169
0.0205 1168
0.0206 1182
0.0207 1191
0.0208 1197
0.0209 1201
0.021 1221
0.0211 1222
0.0212 1234
0.0213 1250
0.0214 1247
0.0215 1251
0.0216 1258
0.0217 1265
0.0218 1265
0.0219 1277
0.022 1290
0.0221 1299
0.0222 1310
0.0223 1319
0.0224 1326
0.0225 1338
0.0226 1341
0.0227 1355
0.0228 1356
0.0229 1371
0.023 1378
0.0231 1391
0.0232 1392
0.0233 1403
0.0234 1415
0.0235 1426
0.0236 1431
0.0237 1438
0.0238 1448
0.0239 1452
0.024 1458
0.0241 1468
0.0242 1477
0.0243 1485
0.0244 1499
0.0245 1511
0.0246 1516
0.0247 1524
0.0248 1532
0.0249 1538
0.025 1553
0.0251 1572
0.0252 1580
0.0253 1583
0.0254 1588
0.0255 1595
0.0256 1603
0.0257 1618
0.0258 1624
0.0259 1648
0.026 1651
0.0261 1662
0.0262 1665
0.0263 1680
0.0264 1691
0.0265 1690
0.0266 1706
0.0267 1706
0.0268 1717
0.0269 1728
0.027 1738
0.0271 1742
0.0272 1752
0.0273 1766
0.0274 1770
0.0275 1771
0.0276 1786
0.0277 1792
0.0278 1796
0.0279 1809
0.028 1809
0.0281 1832
0.0282 1825
0.0283 1838
0.0284 1844
0.0285 1846
0.0286 1858
0.0287 1850
0.0288 1844
0.0289 1861
0.029 1861
0.0291 1859
0.0292 1864
0.0293 1878
0.0294 1868
0.0295 1872
0.0296 1867
0.0297 1866
0.0298 1863
0.0299 1864
0.03 1850
0.0301 1869
0.0302 1871
0.0303 1867
0.0304 1883
0.0305 1881
0.0306 1870
0.0307 1886
0.0308 1892
0.0309 1900
0.031 1900
0.0311 1904
0.0312 1918
0.0313 1906
0.0314 1909
0.0315 1891
0.0316 1893
0.0317 1889
0.0318 1880
0.0319 1874
0.032 1867
0.0321 1873
0.0322 1872
0.0323 1865
0.0324 1857
0.0325 1859
0.0326 1862
0.0327 1861
0.0328 1873
0.0329 1886
0.033 1878
0.0331 1890
0.0332 1888
0.0333 1881
0.0334 1870
0.0335 1851
0.0336 1814
0.0337 1769
0.0338 1747
0.0339 1708
0.034 1676
0.0341 1637
0.0342 1594
0.0343 1561
0.0344 1519
0.0345 1485
0.0346 1455
0.0347 1428
0.0348 1395
0.0349 1353
0.035 1323
0.0351 1290
0.0352 1253
0.0353 1217
0.0354 1195
0.0355 1175
0.0356 1139
0.0357 1113
0.0358 1110
0.0359 1096
0.036 1075
0.0361 1049
0.0362 1030
0.0363 1012
0.0364 1001
0.0365 987
0.0366 970
0.0367 955
0.0368 939
0.0369 917
0.037 905
0.0371 882
0.0372 871
0.0373 859
0.0374 856
0.0375 854
0.0376 845
0.0377 832
0.0378 830
0.0379 821
0.038 809
0.0381 789
0.0382 785
0.0383 777
0.0384 772
0.0385 751
0.0386 734
0.0387 721
0.0388 708
0.0389 697
0.039 678
0.0391 665
0.0392 649
0.0393 633
0.0394 630
0.0395 612
0.0396 598
0.0397 583
0.0398 573
0.0399 556
0.04 542
0.0401 534
0.0402 533
0.0403 529
0.0404 532
0.0405 529
0.0406 530
0.0407 523
0.0408 515
0.0409 501
0.041 494
0.0411 475
0.0412 459
0.0413 453
0.0414 444
0.0415 434
0.0416 424
0.0417 421
0.0418 406
0.0419 401
0.042 400
0.0421 391
0.0422 378
0.0423 378
0.0424 373
0.0425 371
0.0426 367
0.0427 368
0.0428 362
0.0429 362
0.043 367
0.0431 372
0.0432 370
0.0433 375
0.0434 369
0.0435 368
0.0436 364
0.0437 367
0.0438 367
0.0439 355
0.044 346
0.0441 345
0.0442 341
0.0443 341
0.0444 335
0.0445 332
0.0446 326
0.0447 316
0.0448 309
0.0449 310
0.045 300
0.0451 299
0.0452 293
0.0453 298
0.0454 304
0.0455 312
0.0456 325
0.0457 339
0.0458 339
0.0459 333
0.046 328
0.0461 333
0.0462 328
0.0463 322
0.0464 319
0.0465 319
0.0466 309
0.0467 304
0.0468 298
0.0469 295
0.047 295
0.0471 299
0.0472 299
0.0473 312
0.0474 317
0.0475 313
0.0476 315
0.0477 315
0.0478 315
0.0479 315
0.048 313
0.0481 306
0.0482 304
0.0483 299
0.0484 295
0.0485 293
0.0486 284
0.0487 293
0.0488 299
0.0489 298
0.049 299
0.0491 301
0.0492 307
0.0493 304
0.0494 305
0.0495 308
0.0496 320
0.0497 319
0.0498 320
0.0499 320
0.05 323
0.0501 325
0.0502 324
0.0503 328
0.0504 324
0.0505 322
0.0506 323
0.0507 313
0.0508 311
0.0509 302
0.051 295
0.0511 299
0.0512 300
0.0513 305
0.0514 328
0.0515 354
0.0516 387
0.0517 399
0.0518 413
0.0519 417
0.052 418
0.0521 431
0.0522 440
0.0523 453
0.0524 450
0.0525 448
0.0526 451
0.0527 456
0.0528 455
0.0529 453
0.053 439
0.0531 435
0.0532 433
0.0533 422
0.0534 408
0.0535 393
0.0536 396
0.0537 390
0.0538 383
0.0539 388
0.054 389
0.0541 392
0.0542 400
0.0543 407
0.0544 409
0.0545 408
0.0546 416
0.0547 420
0.0548 417
0.0549 405
0.055 413
0.0551 431
0.0552 458
0.0553 487
0.0554 529
0.0555 539
0.0556 553
0.0557 558
0.0558 550
0.0559 545
0.056 537
0.0561 526
0.0562 520
0.0563 513
0.0564 510
0.0565 505
0.0566 502
0.0567 496
0.0568 496
0.0569 493
0.057 483
0.0571 479
0.0572 474
0.0573 472
0.0574 470
0.0575 472
0.0576 461
0.0577 452
0.0578 440
0.0579 435
0.058 426
0.0581 426
0.0582 413
0.0583 412
0.0584 411
0.0585 410
0.0586 404
0.0587 401
0.0588 399
0.0589 391
0.059 381
0.0591 370
0.0592 368
0.0593 365
0.0594 363
0.0595 363
0.0596 360
0.0597 358
0.0598 377
0.0599 398
0.06 439
0.0601 466
0.0602 495
0.0603 518
0.0604 543
0.0605 569
0.0606 563
0.0607 580
0.0608 583
0.0609 607
0.061 618
0.0611 623
0.0612 624
0.0613 621
0.0614 620
0.0615 612
0.0616 609
0.0617 611
0.0618 618
0.0619 629
0.062 646
0.0621 649
0.0622 666
0.0623 682
0.0624 684
0.0625 674
0.0626 680
0.0627 680
0.0628 667
0.0629 662
0.063 645
0.0631 634
0.0632 616
0.0633 603
0.0634 597
0.0635 583
0.0636 575
0.0637 561
0.0638 550
0.0639 536
0.064 528
0.0641 531
0.0642 515
0.0643 505
0.0644 504
0.0645 498
0.0646 502
0.0647 495
0.0648 485
0.0649 486
0.065 482
0.0651 469
0.0652 460
0.0653 455
0.0654 447
0.0655 447
0.0656 462
0.0657 475
0.0658 475
0.0659 477
0.066 486
0.0661 488
0.0662 477
0.0663 477
0.0664 468
0.0665 464
0.0666 471
0.0667 486
0.0668 507
0.0669 525
0.067 535
0.0671 540
0.0672 546
0.0673 544
0.0674 536
0.0675 532
0.0676 531
0.0677 536
0.0678 531
0.0679 530
0.068 535
0.0681 538
0.0682 540
0.0683 544
0.0684 548
0.0685 561
0.0686 562
0.0687 563
0.0688 573
0.0689 571
0.069 575
0.0691 572
0.0692 566
0.0693 565
0.0694 565
0.0695 557
0.0696 552
0.0697 549
0.0698 541
0.0699 529
0.07 524
0.0701 512
0.0702 507
0.0703 501
0.0704 494
0.0705 481
0.0706 470
0.0707 462
0.0708 454
0.0709 454
0.071 447
0.0711 442
0.0712 443
0.0713 441
0.0714 442
0.0715 436
0.0716 424
0.0717 418
0.0718 410
0.0719 406
0.072 399
0.0721 397
0.0722 393
0.0723 388
0.0724 382
0.0725 374
0.0726 364
0.0727 364
0.0728 356
0.0729 360
0.073 367
0.0731 380
0.0732 382
0.0733 392
0.0734 398
0.0735 403
0.0736 407
0.0737 414
0.0738 411
0.0739 411
0.074 414
0.0741 412
0.0742 413
0.0743 416
0.0744 417
0.0745 416
0.0746 410
0.0747 404
0.0748 399
0.0749 395
0.075 386
0.0751 377
0.0752 368
0.0753 366
0.0754 356
0.0755 354
0.0756 361
0.0757 363
0.0758 361
0.0759 360
0.076 367
0.0761 370
0.0762 367
0.0763 371
0.0764 367
0.0765 366
0.0766 377
0.0767 391
0.0768 413
0.0769 428
0.077 445
0.0771 470
0.0772 492
0.0773 513
0.0774 528
0.0775 532
0.0776 543
0.0777 559
0.0778 575
0.0779 570
0.078 587
0.0781 596
0.0782 590
0.0783 589
0.0784 588
0.0785 587
0.0786 600
0.0787 603
0.0788 610
0.0789 615
0.079 612
0.0791 621
0.0792 633
0.0793 640
0.0794 647
0.0795 652
0.0796 655
0.0797 653
0.0798 654
0.0799 662
0.08 678
0.0801 686
0.0802 690
0.0803 694
0.0804 698
0.0805 697
0.0806 697
0.0807 706
0.0808 702
0.0809 699
0.081 707
0.0811 709
0.0812 706
0.0813 710
0.0814 711
0.0815 713
0.0816 716
0.0817 722
0.0818 721
0.0819 725
0.082 725
0.0821 730
0.0822 731
0.0823 740
0.0824 739
0.0825 738
0.0826 748
0.0827 751
0.0828 756
0.0829 766
0.083 771
0.0831 777
0.0832 778
0.0833 790
0.0834 797
0.0835 794
0.0836 805
0.0837 817
0.0838 820
0.0839 820
0.084 827
0.0841 834
0.0842 833
0.0843 840
0.0844 841
0.0845 846
0.0846 849
0.0847 854
0.0848 864
0.0849 868
0.085 869
0.0851 883
0.0852 891
0.0853 900
0.0854 905
0.0855 909
0.0856 911
0.0857 914
0.0858 926
0.0859 928
0.086 937
0.0861 944
0.0862 955
0.0863 957
0.0864 961
0.0865 974
0.0866 980
0.0867 988
0.0868 996
0.0869 995
0.087 1009
0.0871 1009
0.0872 1015
0.0873 1025
0.0874 1038
0.0875 1041
0.0876 1048
0.0877 1054
0.0878 1058
0.0879 1065
0.088 1075
0.0881 1078
0.0882 1077
0.0883 1095
0.0884 1102
0.0885 1110
0.0886 1113
0.0887 1128
0.0888 1136
0.0889 1147
0.089 1157
0.0891 1160
0.0892 1171
0.0893 1181
0.0894 1185
0.0895 1195
0.0896 1198
0.0897 1207
0.0898 1213
0.0899 1225
0.09 1230
0.0901 1235
0.0902 1247
0.0903 1253
0.0904 1266
0.0905 1273
0.0906 1279
0.0907 1293
0.0908 1300
0.0909 1317
0.091 1326
0.0911 1329
0.0912 1342
0.0913 1340
0.0914 1350
0.0915 1356
0.0916 1370
0.0917 1373
0.0918 1386
0.0919 1396
0.092 1401
0.0921 1411
0.0922 1415
0.0923 1423
0.0924 1425
0.0925 1439
0.0926 1445
0.0927 1447
0.0928 1453
0.0929 1459
0.093 1467
0.0931 1478
0.0932 1490
0.0933 1492
0.0934 1499
0.0935 1502
0.0936 1514
0.0937 1518
0.0938 1517
0.0939 1520
0.094 1540
0.0941 1531
0.0942 1539
0.0943 1541
0.0944 1550
0.0945 1557
0.0946 1564
0.0947 1572
0.0948 1576
0.0949 1571
0.095 1580
0.0951 1595
0.0952 1597
0.0953 1599
0.0954 1599
0.0955 1605
0.0956 1607
0.0957 1609
0.0958 1607
0.0959 1617
0.096 1618
0.0961 1623
0.0962 1626
0.0963 1630
0.0964 1627
0.0965 1638
0.0966 1646
0.0967 1659
0.0968 1664
0.0969 1670
0.097 1683
0.0971 1688
0.0972 1693
0.0973 1704
0.0974 1717
0.0975 1717
0.0976 1724
0.0977 1726
0.0978 1744
0.0979 1740
0.098 1743
0.0981 1747
0.0982 1748
0.0983 1762
0.0984 1761
0.0985 1772
0.0986 1779
0.0987 1779
0.0988 1786
0.0989 1796
0.099 1792
0.0991 1795
0.0992 1794
0.0993 1795
0.0994 1791
0.0995 1792
0.0996 1793
0.0997 1811
0.0998 1814
0.0999 1800
0.1 1794
0.1001 1799
0.1002 1784
0.1003 1765
0.1004 1756
0.1005 1748
0.1006 1723
0.1007 1708
0.1008 1681
0.1009 1649
0.101 1639
0.1011 1599
0.1012 1565
0.1013 1527
0.1014 1490
0.1015 1445
0.1016 1410
0.1017 1382
0.1018 1355
0.1019 1323
0.102 1300
0.1021 1274
0.1022 1257
0.1023 1222
0.1024 1197
0.1025 1166
0.1026 1152
0.1027 1138
0.1028 1133
0.1029 1144
0.103 1140
0.1031 1135
0.1032 1143
0.1033 1175
0.1034 1212
0.1035 1248
0.1036 1271
0.1037 1272
0.1038 1267
0.1039 1248
0.104 1243
0.1041 1220
0.1042 1198
0.1043 1176
0.1044 1153
0.1045 1139
0.1046 1131
0.1047 1104
0.1048 1081
0.1049 1062
0.105 1034
0.1051 1013
0.1052 993
0.1053 965
0.1054 943
0.1055 927
0.1056 915
0.1057 895
0.1058 889
0.1059 878
0.106 869
0.1061 843
0.1062 827
0.1063 809
0.1064 806
0.1065 786
0.1066 784
0.1067 773
0.1068 768
0.1069 767
0.107 765
0.1071 775
0.1072 795
0.1073 816
0.1074 832
0.1075 856
0.1076 886
0.1077 906
0.1078 935
0.1079 951
0.108 952
0.1081 943
0.1082 939
0.1083 939
0.1084 927
0.1085 926
0.1086 914
0.1087 899
0.1088 892
0.1089 888
0.109 877
0.1091 858
0.1092 834
0.1093 819
0.1094 811
0.1095 798
0.1096 783
0.1097 763
0.1098 749
0.1099 747
0.11 753
0.1101 745
0.1102 738
0.1103 729
0.1104 716
0.1105 708
0.1106 698
0.1107 703
0.1108 696
0.1109 688
0.111 671
0.1111 657
0.1112 644
0.1113 646
0.1114 641
0.1115 650
0.1116 664
0.1117 662
0.1118 663
0.1119 654
0.112 650
0.1121 638
0.1122 631
0.1123 618
0.1124 613
0.1125 597
0.1126 581
0.1127 573
0.1128 560
0.1129 560
0.113 548
0.1131 541
0.1132 530
0.1133 517
0.1134 511
0.1135 510
0.1136 493
0.1137 488
0.1138 480
0.1139 473
0.114 489
0.1141 499
0.1142 502
0.1143 511
0.1144 519
0.1145 512
0.1146 515
0.1147 502
0.1148 507
0.1149 509
0.115 508
0.1151 504
0.1152 495
0.1153 486
0.1154 476
0.1155 476
0.1156 465
0.1157 464
0.1158 461
0.1159 451
0.116 441
0.1161 432
0.1162 419
0.1163 412
0.1164 411
0.1165 411
0.1166 403
0.1167 405
0.1168 405
0.1169 404
0.117 403
0.1171 392
0.1172 390
0.1173 384
0.1174 373
0.1175 367
0.1176 363
0.1177 361
0.1178 363
0.1179 362
0.118 360
0.1181 361
0.1182 355
0.1183 359
0.1184 360
0.1185 362
0.1186 366
0.1187 360
0.1188 358
0.1189 355
0.119 356
0.1191 357
0.1192 367
0.1193 385
0.1194 414
0.1195 428
0.1196 441
0.1197 446
0.1198 447
0.1199 450
0.12 453
0.1201 453
0.1202 456
0.1203 459
0.1204 459
0.1205 455
0.1206 446
0.1207 442
0.1208 429
0.1209 418
0.121 411
0.1211 412
0.1212 420
0.1213 423
0.1214 424
0.1215 421
0.1216 431
0.1217 433
0.1218 435
0.1219 429
0.122 425
0.1221 423
0.1222 421
0.1223 428
0.1224 430
0.1225 429
0.1226 433
0.1227 430
0.1228 432
0.1229 433
0.123 438
0.1231 451
0.1232 474
0.1233 491
0.1234 510
0.1235 549
0.1236 600
0.1237 643
0.1238 678
0.1239 735
0.124 777
0.1241 799
0.1242 815
0.1243 821
0.1244 829
0.1245 832
0.1246 836
0.1247 832
0.1248 831
0.1249 822
0.125 815
0.1251 809
0.1252 806
0.1253 801
0.1254 780
0.1255 770
0.1256 745
0.1257 738
0.1258 727
0.1259 709
0.126 702
0.1261 696
0.1262 703
0.1263 704
0.1264 712
0.1265 720
0.1266 731
0.1267 746
0.1268 759
0.1269 764
0.127 777
0.1271 777
0.1272 782
0.1273 762
0.1274 758
0.1275 742
0.1276 737
0.1277 726
0.1278 710
0.1279 700
0.128 691
0.1281 682
0.1282 674
0.1283 649
0.1284 632
0.1285 620
0.1286 609
0.1287 601
0.1288 584
0.1289 574
0.129 566
0.1291 566
0.1292 585
0.1293 587
0.1294 608
0.1295 634
0.1296 650
0.1297 673
0.1298 698
0.1299 729
0.13 756
0.1301 795
0.1302 821
0.1303 817
0.1304 836
0.1305 841
0.1306 847
0.1307 855
0.1308 849
0.1309 856
0.131 868
0.1311 866
0.1312 870
0.1313 861
0.1314 869
0.1315 868
0.1316 863
0.1317 849
0.1318 851
0.1319 846
0.132 839
0.1321 833
0.1322 815
0.1323 808
0.1324 789
0.1325 787
0.1326 771
0.1327 769
0.1328 755
0.1329 741
0.133 723
0.1331 703
0.1332 691
0.1333 669
0.1334 665
0.1335 667
0.1336 668
0.1337 664
0.1338 654
0.1339 640
0.134 631
0.1341 615
0.1342 602
0.1343 589
0.1344 580
0.1345 571
0.1346 565
0.1347 555
0.1348 542
0.1349 543
0.135 536
0.1351 522
0.1352 519
0.1353 509
0.1354 500
0.1355 502
0.1356 488
0.1357 477
0.1358 469
0.1359 460
0.136 455
0.1361 451
0.1362 448
0.1363 440
0.1364 431
0.1365 435
0.1366 439
0.1367 441
0.1368 447
0.1369 460
0.137 489
0.1371 528
0.1372 553
0.1373 573
0.1374 582
0.1375 601
0.1376 619
0.1377 628
0.1378 643
0.1379 656
0.138 654
0.1381 653
0.1382 671
0.1383 693
0.1384 707
0.1385 726
0.1386 742
0.1387 737
0.1388 752
0.1389 759
0.139 755
0.1391 770
0.1392 772
0.1393 770
0.1394 779
0.1395 783
0.1396 784
0.1397 763
0.1398 771
0.1399 769
0.14 763
0.1401 753
0.1402 752
0.1403 745
0.1404 738
0.1405 729
0.1406 724
0.1407 708
0.1408 697
0.1409 681
0.141 678
0.1411 669
0.1412 663
0.1413 657
0.1414 649
0.1415 639
0.1416 640
0.1417 639
0.1418 648
0.1419 648
0.142 666
0.1421 666
0.1422 685
0.1423 700
0.1424 707
0.1425 712
0.1426 727
0.1427 737
0.1428 743
0.1429 762
0.143 784
0.1431 792
0.1432 810
0.1433 820
0.1434 829
0.1435 852
0.1436 861
0.1437 872
0.1438 879
0.1439 882
0.144 888
0.1441 888
0.1442 887
0.1443 888
0.1444 896
0.1445 899
0.1446 898
0.1447 896
0.1448 901
0.1449 908
0.145 914
0.1451 917
0.1452 916
0.1453 918
0.1454 918
0.1455 920
0.1456 924
0.1457 930
0.1458 925
0.1459 925
0.146 935
0.1461 942
0.1462 938
0.1463 947
0.1464 941
0.1465 952
0.1466 945
0.1467 957
0.1468 959
0.1469 966
0.147 968
0.1471 967
0.1472 978
0.1473 976
0.1474 984
0.1475 994
0.1476 996
0.1477 1006
0.1478 1007
0.1479 1015
0.148 1011
0.1481 1020
0.1482 1030
0.1483 1034
0.1484 1041
0.1485 1044
0.1486 1047
0.1487 1051
0.1488 1058
0.1489 1064
0.149 1069
0.1491 1077
0.1492 1078
0.1493 1079
0.1494 1086
0.1495 1093
0.1496 1097
0.1497 1100
0.1498 1111
0.1499 1113
0.15 1117
0.1501 1120
0.1502 1134
0.1503 1142
0.1504 1149
0.1505 1144
0.1506 1151
0.1507 1154
0.1508 1170
0.1509 1182
0.151 1175
0.1511 1189
0.1512 1193
0.1513 1202
0.1514 1200
0.1515 1210
0.1516 1215
0.1517 1224
0.1518 1226
0.1519 1233
0.152 1236
0.1521 1244
0.1522 1248
0.1523 1254
0.1524 1266
0.1525 1284
0.1526 1284
0.1527 1285
0.1528 1287
0.1529 1300
0.153 1295
0.1531 1306
0.1532 1310
0.1533 1324
0.1534 1328
0.1535 1336
0.1536 1346
0.1537 1344
0.1538 1358
0.1539 1369
0.154 1371
0.1541 1391
0.1542 1386
0.1543 1394
0.1544 1419
0.1545 1424
0.1546 1431
0.1547 1436
0.1548 1443
0.1549 1452
0.155 1455
0.1551 1462
0.1552 1469
0.1553 1490
0.1554 1496
0.1555 1490
0.1556 1494
0.1557 1489
0.1558 1505
0.1559 1495
0.156 1497
0.1561 1499
0.1562 1508
0.1563 1514
0.1564 1515
0.1565 1506
0.1566 1522
0.1567 1524
0.1568 1530
0.1569 1541
0.157 1546
0.1571 1563
0.1572 1557
0.1573 1560
0.1574 1567
0.1575 1566
0.1576 1575
0.1577 1580
0.1578 1575
0.1579 1576
0.158 1572
0.1581 1594
0.1582 1589
0.1583 1592
0.1584 1601
0.1585 1597
0.1586 1610
0.1587 1613
0.1588 1613
0.1589 1627
0.159 1635
0.1591 1636
0.1592 1630
0.1593 1637
0.1594 1650
0.1595 1646
0.1596 1645
0.1597 1656
0.1598 1657
0.1599 1662
0.16 1677
0.1601 1674
0.1602 1685
0.1603 1696
0.1604 1703
0.1605 1729
0.1606 1733
0.1607 1740
0.1608 1750
0.1609 1750
0.161 1745
0.1611 1755
0.1612 1749
0.1613 1754
0.1614 1769
0.1615 1773
0.1616 1789
0.1617 1790
0.1618 1787
0.1619 1784
0.162 1808
0.1621 1804
0.1622 1808
0.1623 1810
0.1624 1834
0.1625 1836
0.1626 1839
0.1627 1855
0.1628 1861
0.1629 1853
0.163 1848
0.1631 1855
0.1632 1853
0.1633 1858
0.1634 1868
0.1635 1863
0.1636 1872
0.1637 1861
0.1638 1847
0.1639 1857
0.164 1842
0.1641 1829
0.1642 1819
0.1643 1807
0.1644 1798
0.1645 1797
0.1646 1795
0.1647 1795
0.1648 1796
0.1649 1790
0.165 1791
0.1651 1785
0.1652 1775
0.1653 1775
0.1654 1779
0.1655 1767
0.1656 1753
0.1657 1756
0.1658 1748
0.1659 1734
0.166 1727
0.1661 1704
0.1662 1694
0.1663 1666
0.1664 1635
0.1665 1599
0.1666 1576
0.1667 1563
0.1668 1547
0.1669 1561
0.167 1558
0.1671 1567
0.1672 1576
0.1673 1583
0.1674 1579
0.1675 1595
0.1676 1611
0.1677 1631
0.1678 1642
0.1679 1624
0.168 1596
0.1681 1586
0.1682 1567
0.1683 1538
0.1684 1514
0.1685 1504
0.1686 1503
0.1687 1502
0.1688 1525
0.1689 1529
0.169 1534
0.1691 1547
0.1692 1549
0.1693 1541
0.1694 1525
0.1695 1500
0.1696 1473
0.1697 1447
0.1698 1417
0.1699 1387
0.17 1363
0.1701 1335
0.1702 1303
0.1703 1280
0.1704 1243
0.1705 1226
0.1706 1196
0.1707 1161
0.1708 1143
0.1709 1116
0.171 1090
0.1711 1072
0.1712 1056
0.1713 1048
0.1714 1040
0.1715 1027
0.1716 1015
0.1717 1002
0.1718 981
0.1719 969
0.172 949
0.1721 933
0.1722 910
0.1723 886
0.1724 865
0.1725 849
0.1726 828
0.1727 814
0.1728 797
0.1729 780
0.173 758
0.1731 740
0.1732 727
0.1733 705
0.1734 682
0.1735 666
0.1736 655
0.1737 647
0.1738 641
0.1739 631
0.174 621
0.1741 624
0.1742 625
0.1743 611
0.1744 624
0.1745 639
0.1746 637
0.1747 653
0.1748 655
0.1749 640
0.175 627
0.1751 630
0.1752 633
0.1753 628
0.1754 620
0.1755 616
0.1756 612
0.1757 621
0.1758 622
0.1759 627
0.176 628
0.1761 624
0.1762 621
0.1763 615
0.1764 601
0.1765 588
0.1766 589
0.1767 578
0.1768 571
0.1769 561
0.177 551
0.1771 542
0.1772 530
0.1773 527
0.1774 516
0.1775 519
0.1776 511
0.1777 500
0.1778 499
0.1779 498
0.178 489
0.1781 482
0.1782 472
0.1783 466
0.1784 453
0.1785 449
0.1786 450
0.1787 446
0.1788 447
0.1789 448
0.179 438
0.1791 433
0.1792 432
0.1793 418
0.1794 416
0.1795 403
0.1796 398
0.1797 393
0.1798 385
0.1799 373
0.18 366
0.1801 365
0.1802 354
0.1803 352
0.1804 347
0.1805 340
0.1806 338
0.1807 347
0.1808 364
0.1809 394
0.181 415
0.1811 445
0.1812 461
0.1813 469
0.1814 469
0.1815 474
0.1816 478
0.1817 479
0.1818 476
0.1819 468
0.182 455
0.1821 450
0.1822 439
0.1823 429
0.1824 427
0.1825 425
0.1826 426
0.1827 420
0.1828 410
0.1829 403
0.183 393
0.1831 385
0.1832 385
0.1833 384
0.1834 407
0.1835 425
0.1836 443
0.1837 454
0.1838 462
0.1839 466
0.184 474
0.1841 485
0.1842 501
0.1843 509
0.1844 519
0.1845 527
0.1846 535
0.1847 532
0.1848 527
0.1849 519
0.185 524
0.1851 524
0.1852 520
0.1853 525
0.1854 521
0.1855 516
0.1856 515
0.1857 511
0.1858 503
0.1859 490
0.186 487
0.1861 473
0.1862 468
0.1863 474
0.1864 479
0.1865 472
0.1866 452
0.1867 443
0.1868 434
0.1869 423
0.187 411
0.1871 403
0.1872 393
0.1873 390
0.1874 385
0.1875 386
0.1876 386
0.1877 383
0.1878 377
0.1879 373
0.188 371
0.1881 366
0.1882 355
0.1883 345
0.1884 343
0.1885 336
0.1886 330
0.1887 322
0.1888 322
0.1889 320
0.189 311
0.1891 306
0.1892 308
0.1893 298
0.1894 294
0.1895 291
0.1896 284
0.1897 286
0.1898 297
0.1899 306
0.19 323
0.1901 328
0.1902 328
0.1903 326
0.1904 330
0.1905 323
0.1906 321
0.1907 316
0.1908 311
0.1909 309
0.191 299
0.1911 293
0.1912 287
0.1913 277
0.1914 275
0.1915 270
0.1916 270
0.1917 270
0.1918 266
0.1919 259
0.192 257
0.1921 254
0.1922 248
0.1923 238
0.1924 233
0.1925 229
0.1926 227
0.1927 229
0.1928 228
0.1929 237
0.193 237
0.1931 233
0.1932 236
0.1933 236
0.1934 239
0.1935 239
0.1936 238
0.1937 253
0.1938 255
0.1939 260
0.194 262
0.1941 267
0.1942 273
0.1943 282
0.1944 286
0.1945 288
0.1946 288
0.1947 291
0.1948 302
0.1949 306
0.195 310
0.1951 305
0.1952 307
0.1953 308
0.1954 308
0.1955 310
0.1956 313
0.1957 311
0.1958 304
0.1959 300
0.196 305
0.1961 306
0.1962 299
0.1963 294
0.1964 296
0.1965 294
0.1966 284
0.1967 279
0.1968 288
0.1969 297
0.197 322
0.1971 341
0.1972 349
0.1973 352
0.1974 354
0.1975 352
0.1976 355
0.1977 349
0.1978 349
0.1979 350
0.198 340
0.1981 328
0.1982 323
0.1983 330
0.1984 332
0.1985 340
0.1986 340
0.1987 336
0.1988 347
0.1989 363
0.199 396
0.1991 412
0.1992 449
0.1993 463
0.1994 482
0.1995 497
0.1996 513
0.1997 532
0.1998 552
0.1999 569
0.2 587
0.2001 618
0.2002 629
0.2003 662
0.2004 687
0.2005 715
0.2006 755
0.2007 765
0.2008 770
0.2009 790
0.201 808
0.2011 824
0.2012 844
0.2013 856
0.2014 869
0.2015 883
0.2016 894
0.2017 909
0.2018 917
0.2019 913
0.202 918
0.2021 913
0.2022 912
0.2023 928
0.2024 920
0.2025 928
0.2026 926
0.2027 926
0.2028 925
0.2029 930
0.203 933
0.2031 932
0.2032 933
0.2033 935
0.2034 944
0.2035 943
0.2036 944
0.2037 938
0.2038 947
0.2039 955
0.204 956
0.2041 958
0.2042 960
0.2043 963
0.2044 964
0.2045 969
0.2046 970
0.2047 970
0.2048 972
0.2049 979
0.205 981
0.2051 987
0.2052 990
0.2053 985
0.2054 994
0.2055 998
0.2056 999
0.2057 1003
0.2058 1007
0.2059 1015
0.206 1012
0.2061 1016
0.2062 1017
0.2063 1020
0.2064 1030
0.2065 1026
0.2066 1034
0.2067 1031
0.2068 1038
0.2069 1046
0.207 1047
0.2071 1049
0.2072 1059
0.2073 1050
0.2074 1060
0.2075 1068
0.2076 1071
0.2077 1072
0.2078 1080
0.2079 1087
0.208 1097
0.2081 1099
0.2082 1105
0.2083 1113
0.2084 1123
0.2085 1124
0.2086 1132
0.2087 1142
0.2088 1140
0.2089 1152
0.209 1156
0.2091 1157
0.2092 1163
0.2093 1170
0.2094 1180
0.2095 1185
0.2096 1193
0.2097 1195
0.2098 1200
0.2099 1210
0.21 1217
0.2101 1222
0.2102 1222
0.2103 1230
0.2104 1239
0.2105 1243
0.2106 1251
0.2107 1260
0.2108 1271
0.2109 1282
0.211 1294
0.2111 1303
0.2112 1301
0.2113 1316
0.2114 1322
0.2115 1329
0.2116 1338
0.2117 1342
0.2118 1358
0.2119 1358
0.212 1366
0.2121 1375
0.2122 1375
0.2123 1382
0.2124 1395
0.2125 1403
0.2126 1410
0.2127 1418
0.2128 1424
0.2129 1434
0.213 1437
0.2131 1436
0.2132 1443
0.2133 1448
0.2134 1464
0.2135 1466
0.2136 1477
0.2137 1494
0.2138 1501
0.2139 1512
0.214 1517
0.2141 1529
0.2142 1539
0.2143 1544
0.2144 1553
0.2145 1560
0.2146 1571
0.2147 1575
0.2148 1578
0.2149 1573
0.215 1584
0.2151 1597
0.2152 1605
0.2153 1608
0.2154 1620
0.2155 1621
0.2156 1623
0.2157 1633
0.2158 1643
0.2159 1650
0.216 1652
0.2161 1665
0.2162 1672
0.2163 1682
0.2164 1681
0.2165 1692
0.2166 1707
0.2167 1718
0.2168 1725
0.2169 1728
0.217 1735
0.2171 1736
0.2172 1745
0.2173 1755
0.2174 1757
0.2175 1758
0.2176 1763
0.2177 1769
0.2178 1774
0.2179 1781
0.218 1791
0.2181 1796
0.2182 1798
0.2183 1799
0.2184 1804
0.2185 1805
0.2186 1803
0.2187 1809
0.2188 1816
0.2189 1807
0.219 1809
0.2191 1805
0.2192 1809
0.2193 1814
0.2194 1811
0.2195 1819
0.2196 1829
0.2197 1818
0.2198 1825
0.2199 1817
0.22 1806
0.2201 1809
0.2202 1801
0.2203 1770
0.2204 1752
0.2205 1725
0.2206 1705
0.2207 1699
0.2208 1687
0.2209 1680
0.221 1667
0.2211 1639
0.2212 1619
0.2213 1597
0.2214 1579
0.2215 1565
0.2216 1542
0.2217 1520
0.2218 1501
0.2219 1463
0.222 1428
0.2221 1400
0.2222 1367
0.2223 1344
0.2224 1320
0.2225 1289
0.2226 1262
0.2227 1264
0.2228 1273
0.2229 1278
0.223 1285
0.2231 1304
0.2232 1310
0.2233 1321
0.2234 1335
0.2235 1355
0.2236 1377
0.2237 1387
0.2238 1393
0.2239 1375
0.224 1373
0.2241 1382
0.2242 1365
0.2243 1352
0.2244 1318
0.2245 1304
0.2246 1269
0.2247 1247
0.2248 1220
0.2249 1194
0.225 1174
0.2251 1150
0.2252 1121
0.2253 1102
0.2254 1085
0.2255 1068
0.2256 1041
0.2257 1020
0.2258 994
0.2259 976
0.226 967
0.2261 950
0.2262 933
0.2263 916
0.2264 898
0.2265 885
0.2266 872
0.2267 865
0.2268 855
0.2269 851
0.227 840
0.2271 833
0.2272 823
0.2273 810
0.2274 799
0.2275 781
0.2276 774
0.2277 760
0.2278 744
0.2279 731
0.228 720
0.2281 703
0.2282 693
0.2283 686
0.2284 676
0.2285 656
0.2286 641
0.2287 632
0.2288 620
0.2289 618
0.229 640
0.2291 665
0.2292 695
0.2293 705
0.2294 720
0.2295 716
0.2296 719
0.2297 718
0.2298 705
0.2299 688
0.23 678
0.2301 669
0.2302 652
0.2303 649
0.2304 636
0.2305 634
0.2306 627
0.2307 625
0.2308 618
0.2309 618
0.231 607
0.2311 593
0.2312 584
0.2313 575
0.2314 558
0.2315 544
0.2316 528
0.2317 521
0.2318 504
0.2319 501
0.232 493
0.2321 489
0.2322 483
0.2323 473
0.2324 471
0.2325 463
0.2326 461
0.2327 445
0.2328 439
0.2329 431
0.233 430
0.2331 431
0.2332 422
0.2333 411
0.2334 402
0.2335 397
0.2336 390
0.2337 383
0.2338 377
0.2339 373
0.234 366
0.2341 369
0.2342 376
0.2343 376
0.2344 380
0.2345 378
0.2346 385
0.2347 382
0.2348 379
0.2349 393
0.235 396
0.2351 415
0.2352 426
0.2353 444
0.2354 444
0.2355 455
0.2356 467
0.2357 477
0.2358 482
0.2359 486
0.236 487
0.2361 480
0.2362 468
0.2363 455
0.2364 445
0.2365 435
0.2366 427
0.2367 424
0.2368 417
0.2369 408
0.237 405
0.2371 397
0.2372 392
0.2373 390
0.2374 410
0.2375 427
0.2376 459
0.2377 469
0.2378 480
0.2379 500
0.238 534
0.2381 555
0.2382 575
0.2383 598
0.2384 602
0.2385 624
0.2386 637
0.2387 675
0.2388 693
0.2389 705
0.239 717
0.2391 729
0.2392 734
0.2393 729
0.2394 730
0.2395 720
0.2396 713
0.2397 704
0.2398 693
0.2399 677
0.24 672
0.2401 655
0.2402 643
0.2403 629
0.2404 617
0.2405 603
0.2406 598
0.2407 579
0.2408 570
0.2409 557
0.241 558
0.2411 551
0.2412 540
0.2413 537
0.2414 528
0.2415 526
0.2416 547
0.2417 560
0.2418 560
0.2419 568
0.242 583
0.2421 608
0.2422 616
0.2423 636
0.2424 656
0.2425 697
0.2426 729
0.2427 762
0.2428 778
0.2429 807
0.243 808
0.2431 813
0.2432 816
0.2433 830
0.2434 831
0.2435 828
0.2436 820
0.2437 817
0.2438 809
0.2439 797
0.244 795
0.2441 782
0.2442 768
0.2443 757
0.2444 749
0.2445 743
0.2446 732
0.2447 724
0.2448 712
0.2449 702
0.245 688
0.2451 680
0.2452 667
0.2453 654
0.2454 634
0.2455 629
0.2456 618
0.2457 609
0.2458 602
0.2459 600
0.246 591
0.2461 587
0.2462 573
0.2463 563
0.2464 548
0.2465 534
0.2466 522
0.2467 510
0.2468 504
0.2469 495
0.247 487
0.2471 482
0.2472 477
0.2473 468
0.2474 464
0.2475 459
0.2476 451
0.2477 449
0.2478 445
0.2479 440
0.248 437
0.2481 435
0.2482 432
0.2483 432
0.2484 420
0.2485 417
0.2486 403
0.2487 395
0.2488 391
0.2489 386
0.249 382
0.2491 384
0.2492 380
0.2493 376
0.2494 376
0.2495 381
0.2496 373
0.2497 370
0.2498 366
0.2499 360
0.25 352
