0 0
0.0001 0
0.0002 0
0.0003 0
0.0004 0
0.0005 0
0.0006 0
0.0007 0
0.0008 0
0.0009 0
0.001 0
0.0011 0
0.0012 0
0.0013 0
0.0014 0
0.0015 0
0.0016 1
0.0017 2
0.0018 3
0.0019 3
0.002 3
0.0021 3
0.0022 4
0.0023 6
0.0024 7
0.0025 9
0.0026 10
0.0027 13
0.0028 15
0.0029 14
0.003 18
0.0031 19
0.0032 22
0.0033 24
0.0034 28
0.0035 27
0.0036 30
0.0037 34
0.0038 40
0.0039 42
0.004 44
0.0041 47
0.0042 53
0.0043 59
0.0044 65
0.0045 68
0.0046 74
0.0047 77
0.0048 81
0.0049 87
0.005 89
0.0051 93
0.0052 94
0.0053 99
0.0054 103
0.0055 109
0.0056 114
0.0057 119
0.0058 121
0.0059 126
0.006 133
0.0061 138
0.0062 141
0.0063 146
0.0064 151
0.0065 156
0.0066 160
0.0067 167
0.0068 179
0.0069 189
0.007 196
0.0071 202
0.0072 210
0.0073 218
0.0074 225
0.0075 234
0.0076 244
0.0077 248
0.0078 255
0.0079 267
0.008 274
0.0081 279
0.0082 285
0.0083 292
0.0084 298
0.0085 304
0.0086 310
0.0087 321
0.0088 332
0.0089 337
0.009 345
0.0091 355
0.0092 362
0.0093 368
0.0094 374
0.0095 377
0.0096 384
0.0097 393
0.0098 399
0.0099 410
0.01 416
0.0101 427
0.0102 432
0.0103 439
0.0104 446
0.0105 451
0.0106 457
0.0107 461
0.0108 472
0.0109 480
0.011 493
0.0111 503
0.0112 511
0.0113 517
0.0114 526
0.0115 529
0.0116 541
0.0117 552
0.0118 565
0.0119 577
0.012 588
0.0121 596
0.0122 605
0.0123 616
0.0124 626
0.0125 638
0.0126 649
0.0127 656
0.0128 663
0.0129 674
0.013 683
0.0131 697
0.0132 705
0.0133 712
0.0134 722
0.0135 733
0.0136 743
0.0137 752
0.0138 763
0.0139 772
0.014 782
0.0141 799
0.0142 814
0.0143 822
0.0144 831
0.0145 844
0.0146 851
0.0147 873
0.0148 879
0.0149 887
0.015 891
0.0151 902
0.0152 912
0.0153 922
0.0154 939
0.0155 949
0.0156 964
0.0157 973
0.0158 990
0.0159 1000
0.016 1009
0.0161 1021
0.0162 1031
0.0163 1039
0.0164 1050
0.0165 1061
0.0166 1073
0.0167 1078
0.0168 1091
0.0169 1110
0.017 1122
0.0171 1132
0.0172 1142
0.0173 1149
0.0174 1161
0.0175 1172
0.0176 1182
0.0177 1194
0.0178 1204
0.0179 1215
0.018 1228
0.0181 1235
0.0182 1256
0.0183 1261
0.0184 1275
0.0185 1285
0.0186 1303
0.0187 1315
0.0188 1319
0.0189 1338
0.019 1345
0.0191 1355
0.0192 1368
0.0193 1376
0.0194 1387
0.0195 1394
0.0196 1400
0.0197 1406
0.0198 1418
0.0199 1423
0.02 1436
0.0201 1440
0.0202 1453
0.0203 1459
0.0204 1478
0.0205 1482
0.0206 1489
0.0207 1499
0.0208 1507
0.0209 1512
0.021 1517
0.0211 1525
0.0212 1533
0.0213 1546
0.0214 1565
0.0215 1572
0.0216 1583
0.0217 1583
0.0218 1597
0.0219 1606
0.022 1608
0.0221 1618
0.0222 1632
0.0223 1641
0.0224 1646
0.0225 1655
0.0226 1670
0.0227 1679
0.0228 1685
0.0229 1686
0.023 1706
0.0231 1721
0.0232 1719
0.0233 1728
0.0234 1733
0.0235 1741
0.0236 1737
0.0237 1749
0.0238 1745
0.0239 1722
0.024 1742
0.0241 1732
0.0242 1724
0.0243 1730
0.0244 1740
0.0245 1741
0.0246 1722
0.0247 1702
0.0248 1685
0.0249 1657
0.025 1629
0.0251 1588
0.0252 1559
0.0253 1522
0.0254 1485
0.0255 1458
0.0256 1420
0.0257 1392
0.0258 1366
0.0259 1338
0.026 1316
0.0261 1299
0.0262 1257
0.0263 1225
0.0264 1210
0.0265 1194
0.0266 1173
0.0267 1143
0.0268 1113
0.0269 1094
0.027 1071
0.0271 1047
0.0272 1020
0.0273 996
0.0274 975
0.0275 949
0.0276 927
0.0277 907
0.0278 887
0.0279 872
0.028 854
0.0281 839
0.0282 824
0.0283 799
0.0284 779
0.0285 767
0.0286 745
0.0287 723
0.0288 702
0.0289 684
0.029 667
0.0291 661
0.0292 647
0.0293 632
0.0294 622
0.0295 608
0.0296 596
0.0297 586
0.0298 578
0.0299 567
0.03 562
0.0301 553
0.0302 546
0.0303 545
0.0304 534
0.0305 520
0.0306 509
0.0307 488
0.0308 482
0.0309 468
0.031 456
0.0311 450
0.0312 437
0.0313 428
0.0314 412
0.0315 406
0.0316 406
0.0317 401
0.0318 391
0.0319 382
0.032 377
0.0321 372
0.0322 372
0.0323 370
0.0324 365
0.0325 362
0.0326 361
0.0327 361
0.0328 351
0.0329 342
0.033 351
0.0331 345
0.0332 341
0.0333 338
0.0334 341
0.0335 339
0.0336 341
0.0337 332
0.0338 328
0.0339 320
0.034 317
0.0341 310
0.0342 308
0.0343 304
0.0344 297
0.0345 304
0.0346 317
0.0347 311
0.0348 309
0.0349 301
0.035 293
0.0351 282
0.0352 280
0.0353 272
0.0354 267
0.0355 269
0.0356 268
0.0357 264
0.0358 257
0.0359 260
0.036 267
0.0361 268
0.0362 265
0.0363 269
0.0364 283
0.0365 280
0.0366 284
0.0367 279
0.0368 277
0.0369 284
0.037 283
0.0371 296
0.0372 300
0.0373 300
0.0374 302
0.0375 302
0.0376 301
0.0377 302
0.0378 297
0.0379 294
0.038 292
0.0381 290
0.0382 291
0.0383 288
0.0384 292
0.0385 292
0.0386 293
0.0387 297
0.0388 292
0.0389 285
0.039 286
0.0391 283
0.0392 277
0.0393 275
0.0394 270
0.0395 267
0.0396 267
0.0397 261
0.0398 255
0.0399 252
0.04 252
0.0401 249
0.0402 253
0.0403 252
0.0404 247
0.0405 244
0.0406 241
0.0407 238
0.0408 235
0.0409 235
0.041 228
0.0411 226
0.0412 229
0.0413 227
0.0414 229
0.0415 229
0.0416 229
0.0417 232
0.0418 231
0.0419 229
0.042 233
0.0421 241
0.0422 252
0.0423 254
0.0424 250
0.0425 250
0.0426 250
0.0427 252
0.0428 249
0.0429 251
0.043 248
0.0431 239
0.0432 238
0.0433 232
0.0434 232
0.0435 227
0.0436 221
0.0437 222
0.0438 215
0.0439 213
0.044 212
0.0441 213
0.0442 215
0.0443 213
0.0444 212
0.0445 210
0.0446 211
0.0447 210
0.0448 211
0.0449 212
0.045 205
0.0451 206
0.0452 206
0.0453 206
0.0454 196
0.0455 195
0.0456 195
0.0457 198
0.0458 205
0.0459 208
0.046 213
0.0461 219
0.0462 215
0.0463 215
0.0464 226
0.0465 223
0.0466 225
0.0467 226
0.0468 226
0.0469 222
0.047 218
0.0471 220
0.0472 216
0.0473 212
0.0474 208
0.0475 212
0.0476 212
0.0477 214
0.0478 217
0.0479 216
0.048 212
0.0481 216
0.0482 222
0.0483 229
0.0484 230
0.0485 225
0.0486 230
0.0487 234
0.0488 241
0.0489 247
0.049 261
0.0491 261
0.0492 265
0.0493 263
0.0494 267
0.0495 266
0.0496 260
0.0497 261
0.0498 262
0.0499 259
0.05 263
0.0501 266
0.0502 263
0.0503 268
0.0504 266
0.0505 260
0.0506 259
0.0507 258
0.0508 257
0.0509 247
0.051 243
0.0511 237
0.0512 238
0.0513 244
0.0514 242
0.0515 238
0.0516 239
0.0517 241
0.0518 252
0.0519 257
0.052 258
0.0521 260
0.0522 256
0.0523 254
0.0524 256
0.0525 251
0.0526 253
0.0527 248
0.0528 250
0.0529 248
0.053 241
0.0531 238
0.0532 242
0.0533 241
0.0534 242
0.0535 245
0.0536 249
0.0537 252
0.0538 254
0.0539 260
0.054 266
0.0541 273
0.0542 269
0.0543 260
0.0544 260
0.0545 255
0.0546 254
0.0547 251
0.0548 250
0.0549 256
0.055 254
0.0551 257
0.0552 261
0.0553 258
0.0554 259
0.0555 258
0.0556 254
0.0557 252
0.0558 254
0.0559 250
0.056 249
0.0561 249
0.0562 247
0.0563 247
0.0564 254
0.0565 254
0.0566 257
0.0567 257
0.0568 255
0.0569 260
0.057 257
0.0571 266
0.0572 268
0.0573 273
0.0574 276
0.0575 276
0.0576 277
0.0577 269
0.0578 268
0.0579 267
0.058 271
0.0581 272
0.0582 277
0.0583 278
0.0584 286
0.0585 287
0.0586 289
0.0587 290
0.0588 292
0.0589 292
0.059 295
0.0591 298
0.0592 295
0.0593 291
0.0594 294
0.0595 286
0.0596 286
0.0597 282
0.0598 281
0.0599 273
0.06 269
0.0601 266
0.0602 264
0.0603 258
0.0604 249
0.0605 246
0.0606 245
0.0607 242
0.0608 242
0.0609 246
0.061 246
0.0611 242
0.0612 238
0.0613 234
0.0614 230
0.0615 231
0.0616 231
0.0617 229
0.0618 227
0.0619 230
0.062 227
0.0621 225
0.0622 229
0.0623 231
0.0624 230
0.0625 234
0.0626 236
0.0627 241
0.0628 240
0.0629 244
0.063 247
0.0631 246
0.0632 244
0.0633 239
0.0634 233
0.0635 236
0.0636 238
0.0637 251
0.0638 268
0.0639 276
0.064 286
0.0641 285
0.0642 285
0.0643 287
0.0644 286
0.0645 285
0.0646 280
0.0647 280
0.0648 283
0.0649 285
0.065 281
0.0651 279
0.0652 288
0.0653 285
0.0654 288
0.0655 299
0.0656 301
0.0657 301
0.0658 307
0.0659 306
0.066 311
0.0661 323
0.0662 331
0.0663 334
0.0664 329
0.0665 327
0.0666 331
0.0667 335
0.0668 342
0.0669 350
0.067 355
0.0671 352
0.0672 361
0.0673 368
0.0674 371
0.0675 374
0.0676 376
0.0677 378
0.0678 378
0.0679 376
0.068 376
0.0681 374
0.0682 369
0.0683 367
0.0684 365
0.0685 368
0.0686 372
0.0687 370
0.0688 364
0.0689 359
0.069 349
0.0691 341
0.0692 331
0.0693 327
0.0694 319
0.0695 325
0.0696 318
0.0697 319
0.0698 324
0.0699 324
0.07 313
0.0701 319
0.0702 320
0.0703 324
0.0704 322
0.0705 324
0.0706 330
0.0707 330
0.0708 324
0.0709 326
0.071 318
0.0711 321
0.0712 315
0.0713 309
0.0714 303
0.0715 297
0.0716 288
0.0717 280
0.0718 272
0.0719 273
0.072 272
0.0721 269
0.0722 275
0.0723 273
0.0724 272
0.0725 270
0.0726 275
0.0727 268
0.0728 260
0.0729 253
0.073 253
0.0731 255
0.0732 252
0.0733 241
0.0734 237
0.0735 223
0.0736 232
0.0737 230
0.0738 233
0.0739 235
0.074 241
0.0741 244
0.0742 242
0.0743 239
0.0744 243
0.0745 255
0.0746 264
0.0747 270
0.0748 279
0.0749 290
0.075 312
0.0751 323
0.0752 330
0.0753 333
0.0754 337
0.0755 335
0.0756 331
0.0757 335
0.0758 334
0.0759 332
0.076 331
0.0761 320
0.0762 321
0.0763 315
0.0764 311
0.0765 307
0.0766 305
0.0767 306
0.0768 304
0.0769 317
0.077 311
0.0771 317
0.0772 321
0.0773 316
0.0774 320
0.0775 313
0.0776 311
0.0777 307
0.0778 303
0.0779 294
0.078 290
0.0781 288
0.0782 288
0.0783 283
0.0784 279
0.0785 275
0.0786 275
0.0787 269
0.0788 262
0.0789 260
0.079 263
0.0791 264
0.0792 252
0.0793 251
0.0794 249
0.0795 247
0.0796 242
0.0797 239
0.0798 237
0.0799 234
0.08 226
0.0801 221
0.0802 220
0.0803 217
0.0804 220
0.0805 220
0.0806 224
0.0807 216
0.0808 210
0.0809 211
0.081 211
0.0811 213
0.0812 211
0.0813 208
0.0814 207
0.0815 224
0.0816 233
0.0817 236
0.0818 241
0.0819 245
0.082 249
0.0821 256
0.0822 262
0.0823 265
0.0824 271
0.0825 272
0.0826 280
0.0827 282
0.0828 285
0.0829 293
0.083 296
0.0831 299
0.0832 304
0.0833 301
0.0834 297
0.0835 294
0.0836 292
0.0837 285
0.0838 282
0.0839 280
0.084 279
0.0841 278
0.0842 273
0.0843 268
0.0844 269
0.0845 270
0.0846 277
0.0847 273
0.0848 274
0.0849 275
0.085 273
0.0851 272
0.0852 276
0.0853 274
0.0854 274
0.0855 272
0.0856 268
0.0857 265
0.0858 267
0.0859 264
0.086 262
0.0861 257
0.0862 259
0.0863 255
0.0864 249
0.0865 249
0.0866 241
0.0867 244
0.0868 245
0.0869 246
0.087 244
0.0871 237
0.0872 234
0.0873 236
0.0874 234
0.0875 235
0.0876 234
0.0877 234
0.0878 241
0.0879 249
0.088 251
0.0881 257
0.0882 259
0.0883 257
0.0884 260
0.0885 265
0.0886 265
0.0887 266
0.0888 264
0.0889 261
0.089 259
0.0891 266
0.0892 266
0.0893 268
0.0894 278
0.0895 279
0.0896 280
0.0897 283
0.0898 281
0.0899 289
0.09 288
0.0901 290
0.0902 296
0.0903 304
0.0904 299
0.0905 306
0.0906 300
0.0907 302
0.0908 307
0.0909 301
0.091 304
0.0911 303
0.0912 295
0.0913 294
0.0914 291
0.0915 291
0.0916 294
0.0917 299
0.0918 295
0.0919 289
0.092 285
0.0921 285
0.0922 281
0.0923 284
0.0924 280
0.0925 282
0.0926 282
0.0927 278
0.0928 278
0.0929 283
0.093 278
0.0931 283
0.0932 280
0.0933 284
0.0934 282
0.0935 284
0.0936 280
0.0937 282
0.0938 279
0.0939 279
0.094 275
0.0941 274
0.0942 267
0.0943 266
0.0944 265
0.0945 267
0.0946 265
0.0947 261
0.0948 266
0.0949 269
0.095 272
0.0951 269
0.0952 267
0.0953 263
0.0954 262
0.0955 258
0.0956 266
0.0957 273
0.0958 278
0.0959 278
0.096 279
0.0961 274
0.0962 285
0.0963 289
0.0964 299
0.0965 308
0.0966 324
0.0967 328
0.0968 328
0.0969 325
0.097 328
0.0971 330
0.0972 326
0.0973 334
0.0974 338
0.0975 333
0.0976 343
0.0977 342
0.0978 344
0.0979 340
0.098 339
0.0981 334
0.0982 337
0.0983 340
0.0984 341
0.0985 343
0.0986 345
0.0987 339
0.0988 337
0.0989 345
0.099 347
0.0991 350
0.0992 342
0.0993 336
0.0994 337
0.0995 342
0.0996 346
0.0997 342
0.0998 345
0.0999 348
0.1 345
0.1001 344
0.1002 349
0.1003 350
0.1004 355
0.1005 351
0.1006 352
0.1007 354
0.1008 347
0.1009 351
0.101 356
0.1011 352
0.1012 356
0.1013 358
0.1014 360
0.1015 360
0.1016 361
0.1017 361
0.1018 364
0.1019 360
0.102 361
0.1021 361
0.1022 363
0.1023 359
0.1024 360
0.1025 362
0.1026 362
0.1027 360
0.1028 364
0.1029 364
0.103 365
0.1031 364
0.1032 365
0.1033 366
0.1034 365
0.1035 368
0.1036 369
0.1037 368
0.1038 373
0.1039 374
0.104 374
0.1041 377
0.1042 379
0.1043 380
0.1044 383
0.1045 385
0.1046 390
0.1047 394
0.1048 395
0.1049 396
0.105 406
0.1051 409
0.1052 410
0.1053 411
0.1054 414
0.1055 419
0.1056 425
0.1057 428
0.1058 432
0.1059 435
0.106 439
0.1061 439
0.1062 444
0.1063 449
0.1064 455
0.1065 463
0.1066 469
0.1067 474
0.1068 479
0.1069 489
0.107 494
0.1071 495
0.1072 497
0.1073 503
0.1074 506
0.1075 517
0.1076 520
0.1077 527
0.1078 530
0.1079 536
0.108 543
0.1081 545
0.1082 551
0.1083 555
0.1084 558
0.1085 565
0.1086 566
0.1087 572
0.1088 581
0.1089 585
0.109 590
0.1091 599
0.1092 606
0.1093 609
0.1094 614
0.1095 628
0.1096 632
0.1097 635
0.1098 648
0.1099 654
0.11 661
0.1101 669
0.1102 675
0.1103 674
0.1104 683
0.1105 689
0.1106 693
0.1107 694
0.1108 702
0.1109 714
0.111 720
0.1111 720
0.1112 735
0.1113 742
0.1114 751
0.1115 754
0.1116 760
0.1117 764
0.1118 769
0.1119 771
0.112 777
0.1121 781
0.1122 785
0.1123 791
0.1124 794
0.1125 800
0.1126 807
0.1127 812
0.1128 818
0.1129 822
0.113 830
0.1131 833
0.1132 840
0.1133 848
0.1134 850
0.1135 854
0.1136 865
0.1137 865
0.1138 875
0.1139 878
0.114 886
0.1141 889
0.1142 893
0.1143 901
0.1144 907
0.1145 913
0.1146 916
0.1147 922
0.1148 929
0.1149 936
0.115 939
0.1151 945
0.1152 954
0.1153 958
0.1154 964
0.1155 976
0.1156 980
0.1157 989
0.1158 999
0.1159 1009
0.116 1014
0.1161 1027
0.1162 1033
0.1163 1040
0.1164 1047
0.1165 1053
0.1166 1054
0.1167 1061
0.1168 1068
0.1169 1069
0.117 1083
0.1171 1086
0.1172 1090
0.1173 1104
0.1174 1112
0.1175 1117
0.1176 1127
0.1177 1131
0.1178 1136
0.1179 1144
0.118 1151
0.1181 1161
0.1182 1172
0.1183 1172
0.1184 1179
0.1185 1187
0.1186 1193
0.1187 1202
0.1188 1212
0.1189 1220
0.119 1228
0.1191 1245
0.1192 1258
0.1193 1266
0.1194 1274
0.1195 1274
0.1196 1283
0.1197 1285
0.1198 1298
0.1199 1304
0.12 1320
0.1201 1323
0.1202 1330
0.1203 1325
0.1204 1333
0.1205 1344
0.1206 1346
0.1207 1352
0.1208 1359
0.1209 1369
0.121 1372
0.1211 1377
0.1212 1379
0.1213 1389
0.1214 1389
0.1215 1403
0.1216 1410
0.1217 1415
0.1218 1419
0.1219 1421
0.122 1430
0.1221 1436
0.1222 1441
0.1223 1448
0.1224 1457
0.1225 1461
0.1226 1463
0.1227 1466
0.1228 1462
0.1229 1467
0.123 1470
0.1231 1456
0.1232 1442
0.1233 1427
0.1234 1395
0.1235 1367
0.1236 1348
0.1237 1314
0.1238 1285
0.1239 1253
0.124 1233
0.1241 1208
0.1242 1190
0.1243 1170
0.1244 1149
0.1245 1122
0.1246 1097
0.1247 1074
0.1248 1060
0.1249 1033
0.125 1019
0.1251 1003
0.1252 979
0.1253 957
0.1254 941
0.1255 924
0.1256 918
0.1257 896
0.1258 887
0.1259 880
0.126 875
0.1261 861
0.1262 850
0.1263 837
0.1264 820
0.1265 807
0.1266 796
0.1267 777
0.1268 757
0.1269 751
0.127 740
0.1271 721
0.1272 709
0.1273 702
0.1274 690
0.1275 688
0.1276 676
0.1277 670
0.1278 659
0.1279 643
0.128 621
0.1281 605
0.1282 590
0.1283 580
0.1284 564
0.1285 554
0.1286 549
0.1287 540
0.1288 535
0.1289 526
0.129 530
0.1291 531
0.1292 527
0.1293 527
0.1294 518
0.1295 508
0.1296 509
0.1297 503
0.1298 494
0.1299 489
0.13 483
0.1301 463
0.1302 456
0.1303 451
0.1304 445
0.1305 436
0.1306 434
0.1307 432
0.1308 425
0.1309 413
0.131 404
0.1311 395
0.1312 389
0.1313 380
0.1314 372
0.1315 364
0.1316 365
0.1317 364
0.1318 361
0.1319 356
0.132 350
0.1321 348
0.1322 347
0.1323 350
0.1324 351
0.1325 356
0.1326 357
0.1327 354
0.1328 352
0.1329 348
0.133 345
0.1331 345
0.1332 353
0.1333 355
0.1334 350
0.1335 343
0.1336 339
0.1337 336
0.1338 332
0.1339 320
0.134 313
0.1341 307
0.1342 297
0.1343 291
0.1344 286
0.1345 280
0.1346 277
0.1347 277
0.1348 274
0.1349 269
0.135 268
0.1351 270
0.1352 263
0.1353 261
0.1354 255
0.1355 251
0.1356 244
0.1357 250
0.1358 249
0.1359 252
0.136 254
0.1361 251
0.1362 251
0.1363 254
0.1364 255
0.1365 257
0.1366 259
0.1367 263
0.1368 263
0.1369 264
0.137 260
0.1371 259
0.1372 263
0.1373 262
0.1374 263
0.1375 274
0.1376 270
0.1377 276
0.1378 282
0.1379 283
0.138 286
0.1381 293
0.1382 291
0.1383 291
0.1384 290
0.1385 285
0.1386 294
0.1387 291
0.1388 285
0.1389 286
0.139 295
0.1391 293
0.1392 291
0.1393 287
0.1394 296
0.1395 296
0.1396 295
0.1397 294
0.1398 301
0.1399 300
0.14 297
0.1401 285
0.1402 282
0.1403 283
0.1404 284
0.1405 286
0.1406 291
0.1407 298
0.1408 295
0.1409 300
0.141 300
0.1411 297
0.1412 298
0.1413 304
0.1414 315
0.1415 338
0.1416 373
0.1417 392
0.1418 406
0.1419 411
0.142 417
0.1421 438
0.1422 439
0.1423 445
0.1424 440
0.1425 434
0.1426 424
0.1427 418
0.1428 410
0.1429 406
0.143 406
0.1431 402
0.1432 401
0.1433 400
0.1434 386
0.1435 386
0.1436 384
0.1437 380
0.1438 380
0.1439 382
0.144 380
0.1441 375
0.1442 367
0.1443 369
0.1444 364
0.1445 358
0.1446 353
0.1447 348
0.1448 338
0.1449 336
0.145 334
0.1451 324
0.1452 327
0.1453 325
0.1454 326
0.1455 328
0.1456 325
0.1457 322
0.1458 321
0.1459 318
0.146 320
0.1461 321
0.1462 324
0.1463 324
0.1464 318
0.1465 316
0.1466 313
0.1467 306
0.1468 302
0.1469 300
0.147 298
0.1471 297
0.1472 294
0.1473 293
0.1474 294
0.1475 289
0.1476 285
0.1477 292
0.1478 285
0.1479 292
0.148 290
0.1481 298
0.1482 303
0.1483 300
0.1484 298
0.1485 290
0.1486 285
0.1487 288
0.1488 290
0.1489 285
0.149 291
0.1491 301
0.1492 311
0.1493 315
0.1494 317
0.1495 312
0.1496 306
0.1497 310
0.1498 314
0.1499 309
0.15 313
0.1501 308
0.1502 308
0.1503 315
0.1504 315
0.1505 314
0.1506 320
0.1507 327
0.1508 325
0.1509 331
0.151 338
0.1511 333
0.1512 329
0.1513 323
0.1514 323
0.1515 314
0.1516 314
0.1517 307
0.1518 305
0.1519 305
0.152 302
0.1521 298
0.1522 302
0.1523 301
0.1524 303
0.1525 306
0.1526 312
0.1527 314
0.1528 312
0.1529 313
0.153 305
0.1531 301
0.1532 299
0.1533 299
0.1534 295
0.1535 299
0.1536 293
0.1537 293
0.1538 288
0.1539 286
0.154 280
0.1541 269
0.1542 261
0.1543 264
0.1544 272
0.1545 268
0.1546 277
0.1547 276
0.1548 270
0.1549 262
0.155 256
0.1551 252
0.1552 249
0.1553 247
0.1554 239
0.1555 241
0.1556 235
0.1557 230
0.1558 228
0.1559 224
0.156 217
0.1561 210
0.1562 211
0.1563 207
0.1564 201
0.1565 199
0.1566 200
0.1567 200
0.1568 207
0.1569 211
0.157 210
0.1571 210
0.1572 211
0.1573 216
0.1574 222
0.1575 219
0.1576 239
0.1577 262
0.1578 281
0.1579 294
0.158 307
0.1581 305
0.1582 305
0.1583 314
0.1584 303
0.1585 300
0.1586 299
0.1587 289
0.1588 284
0.1589 281
0.159 279
0.1591 281
0.1592 281
0.1593 282
0.1594 284
0.1595 285
0.1596 295
0.1597 309
0.1598 320
0.1599 324
0.16 330
0.1601 329
0.1602 330
0.1603 330
0.1604 326
0.1605 323
0.1606 330
0.1607 333
0.1608 333
0.1609 332
0.161 325
0.1611 327
0.1612 319
0.1613 316
0.1614 315
0.1615 321
0.1616 317
0.1617 321
0.1618 314
0.1619 311
0.162 307
0.1621 304
0.1622 307
0.1623 301
0.1624 296
0.1625 289
0.1626 288
0.1627 283
0.1628 280
0.1629 273
0.163 268
0.1631 270
0.1632 271
0.1633 276
0.1634 270
0.1635 270
0.1636 274
0.1637 275
0.1638 275
0.1639 278
0.164 279
0.1641 269
0.1642 267
0.1643 264
0.1644 260
0.1645 255
0.1646 254
0.1647 248
0.1648 243
0.1649 240
0.165 238
0.1651 241
0.1652 239
0.1653 233
0.1654 233
0.1655 237
0.1656 236
0.1657 236
0.1658 226
0.1659 223
0.166 230
0.1661 233
0.1662 238
0.1663 236
0.1664 238
0.1665 234
0.1666 231
0.1667 235
0.1668 238
0.1669 240
0.167 235
0.1671 239
0.1672 241
0.1673 248
0.1674 246
0.1675 246
0.1676 246
0.1677 252
0.1678 254
0.1679 255
0.168 257
0.1681 262
0.1682 264
0.1683 265
0.1684 265
0.1685 264
0.1686 259
0.1687 265
0.1688 262
0.1689 259
0.169 258
0.1691 256
0.1692 254
0.1693 253
0.1694 252
0.1695 246
0.1696 252
0.1697 247
0.1698 253
0.1699 266
0.17 272
0.1701 275
0.1702 282
0.1703 283
0.1704 282
0.1705 283
0.1706 288
0.1707 289
0.1708 291
0.1709 290
0.171 287
0.1711 291
0.1712 295
0.1713 292
0.1714 296
0.1715 301
0.1716 296
0.1717 289
0.1718 284
0.1719 275
0.172 273
0.1721 268
0.1722 262
0.1723 262
0.1724 266
0.1725 267
0.1726 271
0.1727 268
0.1728 266
0.1729 261
0.173 251
0.1731 243
0.1732 243
0.1733 240
0.1734 239
0.1735 236
0.1736 235
0.1737 233
0.1738 233
0.1739 230
0.174 234
0.1741 234
0.1742 231
0.1743 233
0.1744 238
0.1745 241
0.1746 245
0.1747 250
0.1748 248
0.1749 255
0.175 258
0.1751 265
0.1752 264
0.1753 269
0.1754 265
0.1755 270
0.1756 273
0.1757 277
0.1758 287
0.1759 294
0.176 296
0.1761 294
0.1762 300
0.1763 297
0.1764 295
0.1765 289
0.1766 287
0.1767 281
0.1768 279
0.1769 266
0.177 268
0.1771 270
0.1772 273
0.1773 272
0.1774 276
0.1775 273
0.1776 274
0.1777 272
0.1778 272
0.1779 271
0.178 269
0.1781 270
0.1782 269
0.1783 263
0.1784 257
0.1785 251
0.1786 251
0.1787 253
0.1788 247
0.1789 252
0.179 246
0.1791 237
0.1792 237
0.1793 234
0.1794 231
0.1795 232
0.1796 232
0.1797 234
0.1798 233
0.1799 228
0.18 224
0.1801 227
0.1802 225
0.1803 228
0.1804 227
0.1805 221
0.1806 228
0.1807 233
0.1808 231
0.1809 231
0.181 232
0.1811 235
0.1812 232
0.1813 232
0.1814 232
0.1815 231
0.1816 227
0.1817 215
0.1818 222
0.1819 224
0.182 230
0.1821 239
0.1822 244
0.1823 251
0.1824 255
0.1825 261
0.1826 262
0.1827 258
0.1828 252
0.1829 253
0.183 253
0.1831 251
0.1832 252
0.1833 255
0.1834 254
0.1835 260
0.1836 256
0.1837 262
0.1838 263
0.1839 265
0.184 260
0.1841 261
0.1842 252
0.1843 255
0.1844 251
0.1845 248
0.1846 262
0.1847 260
0.1848 260
0.1849 263
0.185 276
0.1851 273
0.1852 278
0.1853 270
0.1854 267
0.1855 263
0.1856 263
0.1857 259
0.1858 257
0.1859 261
0.186 259
0.1861 258
0.1862 261
0.1863 265
0.1864 267
0.1865 273
0.1866 279
0.1867 291
0.1868 283
0.1869 278
0.187 274
0.1871 277
0.1872 281
0.1873 281
0.1874 276
0.1875 298
0.1876 307
0.1877 316
0.1878 326
0.1879 328
0.188 327
0.1881 326
0.1882 327
0.1883 327
0.1884 332
0.1885 332
0.1886 331
0.1887 331
0.1888 334
0.1889 337
0.189 336
0.1891 338
0.1892 337
0.1893 342
0.1894 341
0.1895 342
0.1896 345
0.1897 345
0.1898 346
0.1899 347
0.19 351
0.1901 354
0.1902 356
0.1903 358
0.1904 361
0.1905 365
0.1906 368
0.1907 372
0.1908 375
0.1909 376
0.191 379
0.1911 381
0.1912 382
0.1913 385
0.1914 387
0.1915 389
0.1916 393
0.1917 393
0.1918 396
0.1919 396
0.192 401
0.1921 406
0.1922 411
0.1923 413
0.1924 414
0.1925 419
0.1926 424
0.1927 423
0.1928 427
0.1929 433
0.193 433
0.1931 438
0.1932 445
0.1933 445
0.1934 451
0.1935 458
0.1936 461
0.1937 463
0.1938 470
0.1939 473
0.194 482
0.1941 487
0.1942 493
0.1943 494
0.1944 503
0.1945 509
0.1946 510
0.1947 514
0.1948 521
0.1949 525
0.195 528
0.1951 540
0.1952 545
0.1953 550
0.1954 556
0.1955 555
0.1956 562
0.1957 562
0.1958 565
0.1959 569
0.196 577
0.1961 581
0.1962 586
0.1963 595
0.1964 602
0.1965 606
0.1966 609
0.1967 620
0.1968 624
0.1969 632
0.197 638
0.1971 641
0.1972 648
0.1973 648
0.1974 657
0.1975 668
0.1976 677
0.1977 684
0.1978 686
0.1979 693
0.198 697
0.1981 706
0.1982 712
0.1983 720
0.1984 724
0.1985 732
0.1986 737
0.1987 743
0.1988 750
0.1989 759
0.199 767
0.1991 773
0.1992 782
0.1993 787
0.1994 791
0.1995 800
0.1996 810
0.1997 817
0.1998 823
0.1999 830
0.2 837
0.2001 846
0.2002 849
0.2003 859
0.2004 866
0.2005 868
0.2006 883
0.2007 885
0.2008 890
0.2009 894
0.201 902
0.2011 910
0.2012 914
0.2013 926
0.2014 932
0.2015 942
0.2016 946
0.2017 958
0.2018 961
0.2019 967
0.202 973
0.2021 983
0.2022 987
0.2023 995
0.2024 997
0.2025 1006
0.2026 1010
0.2027 1016
0.2028 1024
0.2029 1036
0.203 1037
0.2031 1042
0.2032 1051
0.2033 1052
0.2034 1058
0.2035 1070
0.2036 1072
0.2037 1083
0.2038 1092
0.2039 1098
0.204 1107
0.2041 1112
0.2042 1121
0.2043 1126
0.2044 1133
0.2045 1141
0.2046 1144
0.2047 1150
0.2048 1155
0.2049 1158
0.205 1162
0.2051 1168
0.2052 1177
0.2053 1187
0.2054 1192
0.2055 1194
0.2056 1201
0.2057 1208
0.2058 1222
0.2059 1233
0.206 1240
0.2061 1242
0.2062 1248
0.2063 1256
0.2064 1264
0.2065 1267
0.2066 1275
0.2067 1285
0.2068 1295
0.2069 1302
0.207 1305
0.2071 1309
0.2072 1320
0.2073 1323
0.2074 1324
0.2075 1332
0.2076 1345
0.2077 1355
0.2078 1363
0.2079 1367
0.208 1369
0.2081 1380
0.2082 1387
0.2083 1394
0.2084 1400
0.2085 1404
0.2086 1407
0.2087 1416
0.2088 1422
0.2089 1434
0.209 1441
0.2091 1440
0.2092 1459
0.2093 1465
0.2094 1476
0.2095 1478
0.2096 1484
0.2097 1483
0.2098 1499
0.2099 1502
0.21 1517
0.2101 1515
0.2102 1533
0.2103 1536
0.2104 1523
0.2105 1545
0.2106 1552
0.2107 1557
0.2108 1552
0.2109 1568
0.211 1568
0.2111 1582
0.2112 1585
0.2113 1585
0.2114 1585
0.2115 1579
0.2116 1580
0.2117 1588
0.2118 1587
0.2119 1591
0.212 1582
0.2121 1582
0.2122 1552
0.2123 1515
0.2124 1492
0.2125 1468
0.2126 1443
0.2127 1417
0.2128 1395
0.2129 1378
0.213 1350
0.2131 1328
0.2132 1291
0.2133 1267
0.2134 1252
0.2135 1218
0.2136 1194
0.2137 1165
0.2138 1145
0.2139 1117
0.214 1096
0.2141 1071
0.2142 1054
0.2143 1046
0.2144 1026
0.2145 1009
0.2146 985
0.2147 957
0.2148 933
0.2149 912
0.215 890
0.2151 871
0.2152 855
0.2153 842
0.2154 825
0.2155 805
0.2156 790
0.2157 776
0.2158 767
0.2159 757
0.216 744
0.2161 725
0.2162 712
0.2163 696
0.2164 671
0.2165 664
0.2166 644
0.2167 634
0.2168 623
0.2169 614
0.217 614
0.2171 605
0.2172 585
0.2173 580
0.2174 571
0.2175 562
0.2176 562
0.2177 549
0.2178 544
0.2179 544
0.218 543
0.2181 535
0.2182 517
0.2183 509
0.2184 502
0.2185 491
0.2186 473
0.2187 465
0.2188 461
0.2189 446
0.219 444
0.2191 438
0.2192 433
0.2193 430
0.2194 432
0.2195 427
0.2196 420
0.2197 424
0.2198 414
0.2199 410
0.22 409
0.2201 406
0.2202 406
0.2203 401
0.2204 396
0.2205 388
0.2206 384
0.2207 381
0.2208 383
0.2209 378
0.221 369
0.2211 361
0.2212 355
0.2213 348
0.2214 346
0.2215 339
0.2216 337
0.2217 338
0.2218 330
0.2219 329
0.222 321
0.2221 330
0.2222 325
0.2223 326
0.2224 331
0.2225 318
0.2226 312
0.2227 307
0.2228 316
0.2229 313
0.223 305
0.2231 302
0.2232 294
0.2233 296
0.2234 287
0.2235 283
0.2236 285
0.2237 284
0.2238 277
0.2239 276
0.224 275
0.2241 269
0.2242 267
0.2243 266
0.2244 270
0.2245 264
0.2246 262
0.2247 256
0.2248 252
0.2249 249
0.225 253
0.2251 256
0.2252 257
0.2253 244
0.2254 243
0.2255 248
0.2256 248
0.2257 251
0.2258 247
0.2259 247
0.226 246
0.2261 249
0.2262 257
0.2263 258
0.2264 265
0.2265 276
0.2266 288
0.2267 290
0.2268 290
0.2269 290
0.227 299
0.2271 295
0.2272 294
0.2273 290
0.2274 292
0.2275 294
0.2276 290
0.2277 288
0.2278 288
0.2279 296
0.228 295
0.2281 291
0.2282 290
0.2283 293
0.2284 291
0.2285 289
0.2286 291
0.2287 284
0.2288 278
0.2289 280
0.229 284
0.2291 287
0.2292 288
0.2293 286
0.2294 289
0.2295 294
0.2296 295
0.2297 293
0.2298 289
0.2299 288
0.23 290
0.2301 284
0.2302 281
0.2303 277
0.2304 272
0.2305 266
0.2306 266
0.2307 272
0.2308 272
0.2309 285
0.231 286
0.2311 285
0.2312 287
0.2313 285
0.2314 289
0.2315 287
0.2316 294
0.2317 297
0.2318 299
0.2319 297
0.232 298
0.2321 304
0.2322 314
0.2323 318
0.2324 309
0.2325 307
0.2326 310
0.2327 309
0.2328 310
0.2329 303
0.233 294
0.2331 289
0.2332 288
0.2333 289
0.2334 292
0.2335 296
0.2336 296
0.2337 293
0.2338 295
0.2339 293
0.234 294
0.2341 298
0.2342 290
0.2343 288
0.2344 283
0.2345 279
0.2346 275
0.2347 272
0.2348 266
0.2349 261
0.235 261
0.2351 255
0.2352 250
0.2353 243
0.2354 249
0.2355 247
0.2356 249
0.2357 243
0.2358 239
0.2359 237
0.236 236
0.2361 237
0.2362 240
0.2363 245
0.2364 247
0.2365 245
0.2366 251
0.2367 247
0.2368 247
0.2369 249
0.237 251
0.2371 252
0.2372 255
0.2373 252
0.2374 255
0.2375 255
0.2376 251
0.2377 248
0.2378 251
0.2379 251
0.238 247
0.2381 240
0.2382 238
0.2383 233
0.2384 227
0.2385 219
0.2386 215
0.2387 213
0.2388 214
0.2389 209
0.239 199
0.2391 195
0.2392 195
0.2393 197
0.2394 199
0.2395 194
0.2396 199
0.2397 206
0.2398 217
0.2399 227
0.24 240
0.2401 239
0.2402 241
0.2403 245
0.2404 242
0.2405 248
0.2406 258
0.2407 253
0.2408 252
0.2409 257
0.241 252
0.2411 257
0.2412 255
0.2413 255
0.2414 253
0.2415 268
0.2416 282
0.2417 282
0.2418 279
0.2419 280
0.242 281
0.2421 274
0.2422 265
0.2423 268
0.2424 266
0.2425 264
0.2426 262
0.2427 269
0.2428 269
0.2429 269
0.243 267
0.2431 262
0.2432 258
0.2433 254
0.2434 250
0.2435 252
0.2436 269
0.2437 273
0.2438 279
0.2439 276
0.244 275
0.2441 272
0.2442 273
0.2443 271
0.2444 266
0.2445 272
0.2446 271
0.2447 277
0.2448 278
0.2449 291
0.245 309
0.2451 319
0.2452 330
0.2453 344
0.2454 347
0.2455 349
0.2456 354
0.2457 353
0.2458 360
0.2459 364
0.246 362
0.2461 354
0.2462 346
0.2463 351
0.2464 351
0.2465 350
0.2466 349
0.2467 347
0.2468 342
0.2469 334
0.247 331
0.2471 329
0.2472 334
0.2473 329
0.2474 325
0.2475 325
0.2476 323
0.2477 320
0.2478 315
0.2479 309
0.248 303
0.2481 296
0.2482 288
0.2483 285
0.2484 288
0.2485 281
0.2486 282
0.2487 279
0.2488 274
0.2489 277
0.249 275
0.2491 275
0.2492 267
0.2493 260
0.2494 256
0.2495 253
0.2496 260
0.2497 257
0.2498 261
0.2499 258
0.25 257
