0 0
0.0001 184
0.0002 262
0.0003 309
0.0004 305
0.0005 288
0.0006 297
0.0007 286
0.0008 289
0.0009 293
0.001 291
0.0011 267
0.0012 276
0.0013 266
0.0014 277
0.0015 272
0.0016 265
0.0017 261
0.0018 282
0.0019 278
0.002 273
0.0021 268
0.0022 265
0.0023 249
0.0024 243
0.0025 250
0.0026 256
0.0027 240
0.0028 231
0.0029 241
0.003 241
0.0031 251
0.0032 238
0.0033 252
0.0034 251
0.0035 241
0.0036 242
0.0037 239
0.0038 244
0.0039 232
0.004 240
0.0041 251
0.0042 255
0.0043 228
0.0044 240
0.0045 236
0.0046 240
0.0047 249
0.0048 241
0.0049 238
0.005 251
0.0051 245
0.0052 237
0.0053 258
0.0054 245
0.0055 226
0.0056 229
0.0057 220
0.0058 219
0.0059 217
0.006 216
0.0061 227
0.0062 234
0.0063 242
0.0064 221
0.0065 222
0.0066 213
0.0067 206
0.0068 203
0.0069 205
0.007 210
0.0071 220
0.0072 226
0.0073 220
0.0074 215
0.0075 210
0.0076 192
0.0077 203
0.0078 213
0.0079 200
0.008 198
0.0081 189
0.0082 178
0.0083 172
0.0084 187
0.0085 205
0.0086 198
0.0087 205
0.0088 204
0.0089 199
0.009 215
0.0091 207
0.0092 206
0.0093 192
0.0094 189
0.0095 201
0.0096 205
0.0097 209
0.0098 216
0.0099 199
0.01 204
0.0101 188
0.0102 199
0.0103 180
0.0104 185
0.0105 197
0.0106 186
0.0107 187
0.0108 174
0.0109 180
0.011 183
0.0111 198
0.0112 196
0.0113 189
0.0114 192
0.0115 189
0.0116 184
0.0117 178
0.0118 168
0.0119 168
0.012 157
0.0121 161
0.0122 143
0.0123 157
0.0124 163
0.0125 178
0.0126 176
0.0127 178
0.0128 178
0.0129 179
0.013 182
0.0131 191
0.0132 186
0.0133 185
0.0134 164
0.0135 181
0.0136 202
0.0137 198
0.0138 180
0.0139 184
0.014 170
0.0141 159
0.0142 162
0.0143 166
0.0144 182
0.0145 169
0.0146 156
0.0147 164
0.0148 159
0.0149 160
0.015 160
0.0151 156
0.0152 150
0.0153 148
0.0154 165
0.0155 177
0.0156 173
0.0157 158
0.0158 166
0.0159 140
0.016 140
0.0161 148
0.0162 153
0.0163 139
0.0164 138
0.0165 143
0.0166 156
0.0167 152
0.0168 148
0.0169 153
0.017 150
0.0171 155
0.0172 160
0.0173 158
0.0174 155
0.0175 148
0.0176 156
0.0177 142
0.0178 138
0.0179 153
0.018 156
0.0181 147
0.0182 137
0.0183 145
0.0184 160
0.0185 160
0.0186 166
0.0187 144
0.0188 141
0.0189 141
0.019 135
0.0191 137
0.0192 128
0.0193 131
0.0194 125
0.0195 130
0.0196 132
0.0197 133
0.0198 125
0.0199 130
0.02 129
0.0201 127
0.0202 130
0.0203 130
0.0204 125
0.0205 115
0.0206 121
0.0207 122
0.0208 114
0.0209 132
0.021 130
0.0211 136
0.0212 123
0.0213 117
0.0214 116
0.0215 122
0.0216 115
0.0217 111
0.0218 120
0.0219 107
0.022 114
0.0221 110
0.0222 121
0.0223 114
0.0224 116
0.0225 129
0.0226 126
0.0227 120
0.0228 118
0.0229 107
0.023 112
0.0231 113
0.0232 103
0.0233 104
0.0234 110
0.0235 114
0.0236 110
0.0237 102
0.0238 106
0.0239 111
0.024 107
0.0241 110
0.0242 108
0.0243 110
0.0244 121
0.0245 110
0.0246 116
0.0247 111
0.0248 104
0.0249 95
0.025 112
0.0251 115
0.0252 112
0.0253 114
0.0254 110
0.0255 101
0.0256 100
0.0257 116
0.0258 112
0.0259 106
0.026 109
0.0261 112
0.0262 111
0.0263 124
0.0264 129
0.0265 112
0.0266 110
0.0267 109
0.0268 99
0.0269 96
0.027 97
0.0271 95
0.0272 94
0.0273 91
0.0274 91
0.0275 91
0.0276 97
0.0277 94
0.0278 95
0.0279 92
0.028 94
0.0281 88
0.0282 88
0.0283 86
0.0284 82
0.0285 86
0.0286 87
0.0287 87
0.0288 91
0.0289 89
0.029 89
0.0291 90
0.0292 85
0.0293 91
0.0294 89
0.0295 86
0.0296 91
0.0297 93
0.0298 92
0.0299 89
0.03 87
0.0301 89
0.0302 97
0.0303 88
0.0304 86
0.0305 83
0.0306 84
0.0307 82
0.0308 86
0.0309 83
0.031 88
0.0311 81
0.0312 81
0.0313 74
0.0314 66
0.0315 69
0.0316 76
0.0317 69
0.0318 79
0.0319 84
0.032 74
0.0321 79
0.0322 73
0.0323 82
0.0324 75
0.0325 76
0.0326 75
0.0327 82
0.0328 77
0.0329 64
0.033 84
0.0331 80
0.0332 78
0.0333 79
0.0334 86
0.0335 82
0.0336 84
0.0337 82
0.0338 91
0.0339 84
0.034 88
0.0341 90
0.0342 77
0.0343 79
0.0344 79
0.0345 86
0.0346 86
0.0347 81
0.0348 88
0.0349 88
0.035 95
0.0351 85
0.0352 88
0.0353 82
0.0354 78
0.0355 81
0.0356 78
0.0357 80
0.0358 78
0.0359 78
0.036 81
0.0361 70
0.0362 64
0.0363 60
0.0364 73
0.0365 68
0.0366 70
0.0367 68
0.0368 63
0.0369 68
0.037 76
0.0371 74
0.0372 68
0.0373 72
0.0374 76
0.0375 65
0.0376 67
0.0377 72
0.0378 77
0.0379 75
0.038 70
0.0381 66
0.0382 67
0.0383 69
0.0384 67
0.0385 70
0.0386 60
0.0387 57
0.0388 67
0.0389 73
0.039 71
0.0391 68
0.0392 59
0.0393 62
0.0394 53
0.0395 69
0.0396 63
0.0397 70
0.0398 77
0.0399 65
0.04 62
0.0401 64
0.0402 69
0.0403 69
0.0404 59
0.0405 67
0.0406 74
0.0407 65
0.0408 65
0.0409 63
0.041 78
0.0411 78
0.0412 77
0.0413 72
0.0414 74
0.0415 77
0.0416 76
0.0417 82
0.0418 74
0.0419 74
0.042 68
0.0421 74
0.0422 63
0.0423 67
0.0424 66
0.0425 70
0.0426 72
0.0427 74
0.0428 67
0.0429 62
0.043 62
0.0431 68
0.0432 70
0.0433 64
0.0434 70
0.0435 63
0.0436 65
0.0437 72
0.0438 64
0.0439 73
0.044 67
0.0441 68
0.0442 65
0.0443 67
0.0444 62
0.0445 66
0.0446 64
0.0447 55
0.0448 58
0.0449 54
0.045 65
0.0451 64
0.0452 71
0.0453 68
0.0454 72
0.0455 60
0.0456 65
0.0457 70
0.0458 72
0.0459 69
0.046 70
0.0461 68
0.0462 69
0.0463 66
0.0464 68
0.0465 72
0.0466 78
0.0467 72
0.0468 68
0.0469 74
0.047 72
0.0471 68
0.0472 67
0.0473 67
0.0474 69
0.0475 60
0.0476 62
0.0477 59
0.0478 59
0.0479 55
0.048 59
0.0481 60
0.0482 58
0.0483 56
0.0484 54
0.0485 56
0.0486 52
0.0487 57
0.0488 61
0.0489 64
0.049 60
0.0491 54
0.0492 60
0.0493 64
0.0494 66
0.0495 69
0.0496 68
0.0497 64
0.0498 68
0.0499 71
0.05 73
0.0501 74
0.0502 67
0.0503 60
0.0504 65
0.0505 61
0.0506 67
0.0507 70
0.0508 69
0.0509 63
0.051 61
0.0511 63
0.0512 66
0.0513 59
0.0514 64
0.0515 66
0.0516 62
0.0517 60
0.0518 60
0.0519 60
0.052 64
0.0521 62
0.0522 63
0.0523 69
0.0524 68
0.0525 71
0.0526 60
0.0527 74
0.0528 67
0.0529 64
0.053 50
0.0531 49
0.0532 58
0.0533 60
0.0534 62
0.0535 53
0.0536 50
0.0537 52
0.0538 61
0.0539 58
0.054 58
0.0541 60
0.0542 53
0.0543 59
0.0544 55
0.0545 58
0.0546 61
0.0547 62
0.0548 57
0.0549 52
0.055 60
0.0551 56
0.0552 53
0.0553 55
0.0554 53
0.0555 55
0.0556 57
0.0557 54
0.0558 54
0.0559 52
0.056 51
0.0561 48
0.0562 54
0.0563 56
0.0564 58
0.0565 70
0.0566 65
0.0567 70
0.0568 75
0.0569 66
0.057 70
0.0571 56
0.0572 53
0.0573 54
0.0574 46
0.0575 53
0.0576 54
0.0577 56
0.0578 58
0.0579 53
0.058 55
0.0581 61
0.0582 63
0.0583 60
0.0584 64
0.0585 60
0.0586 58
0.0587 64
0.0588 54
0.0589 61
0.059 59
0.0591 58
0.0592 59
0.0593 56
0.0594 47
0.0595 52
0.0596 51
0.0597 55
0.0598 50
0.0599 56
0.06 60
0.0601 57
0.0602 59
0.0603 58
0.0604 61
0.0605 65
0.0606 62
0.0607 62
0.0608 60
0.0609 60
0.061 62
0.0611 68
0.0612 71
0.0613 66
0.0614 76
0.0615 73
0.0616 67
0.0617 59
0.0618 51
0.0619 58
0.062 62
0.0621 58
0.0622 66
0.0623 67
0.0624 59
0.0625 71
0.0626 67
0.0627 61
0.0628 60
0.0629 69
0.063 67
0.0631 60
0.0632 62
0.0633 64
0.0634 60
0.0635 64
0.0636 65
0.0637 60
0.0638 54
0.0639 61
0.064 55
0.0641 61
0.0642 63
0.0643 64
0.0644 57
0.0645 51
0.0646 51
0.0647 50
0.0648 50
0.0649 50
0.065 44
0.0651 43
0.0652 51
0.0653 51
0.0654 56
0.0655 64
0.0656 63
0.0657 56
0.0658 68
0.0659 61
0.066 68
0.0661 64
0.0662 54
0.0663 48
0.0664 46
0.0665 54
0.0666 58
0.0667 58
0.0668 49
0.0669 56
0.067 63
0.0671 64
0.0672 65
0.0673 64
0.0674 67
0.0675 65
0.0676 64
0.0677 61
0.0678 57
0.0679 61
0.068 59
0.0681 68
0.0682 63
0.0683 62
0.0684 62
0.0685 65
0.0686 62
0.0687 57
0.0688 54
0.0689 57
0.069 64
0.0691 63
0.0692 71
0.0693 72
0.0694 59
0.0695 63
0.0696 62
0.0697 58
0.0698 65
0.0699 58
0.07 63
0.0701 68
0.0702 69
0.0703 56
0.0704 63
0.0705 61
0.0706 61
0.0707 60
0.0708 59
0.0709 54
0.071 52
0.0711 55
0.0712 56
0.0713 53
0.0714 49
0.0715 57
0.0716 51
0.0717 43
0.0718 48
0.0719 50
0.072 50
0.0721 60
0.0722 58
0.0723 59
0.0724 60
0.0725 61
0.0726 61
0.0727 62
0.0728 56
0.0729 53
0.073 50
0.0731 50
0.0732 58
0.0733 54
0.0734 52
0.0735 49
0.0736 44
0.0737 49
0.0738 48
0.0739 44
0.074 45
0.0741 46
0.0742 46
0.0743 44
0.0744 42
0.0745 53
0.0746 53
0.0747 49
0.0748 53
0.0749 54
0.075 54
0.0751 59
0.0752 61
0.0753 61
0.0754 56
0.0755 60
0.0756 54
0.0757 55
0.0758 51
0.0759 50
0.076 48
0.0761 51
0.0762 44
0.0763 48
0.0764 49
0.0765 45
0.0766 46
0.0767 52
0.0768 56
0.0769 47
0.077 47
0.0771 50
0.0772 49
0.0773 49
0.0774 51
0.0775 54
0.0776 55
0.0777 52
0.0778 51
0.0779 58
0.078 59
0.0781 53
0.0782 48
0.0783 51
0.0784 47
0.0785 53
0.0786 54
0.0787 48
0.0788 45
0.0789 50
0.079 42
0.0791 41
0.0792 36
0.0793 42
0.0794 47
0.0795 46
0.0796 48
0.0797 47
0.0798 52
0.0799 43
0.08 50
0.0801 48
0.0802 41
0.0803 43
0.0804 47
0.0805 53
0.0806 51
0.0807 50
0.0808 48
0.0809 49
0.081 51
0.0811 56
0.0812 48
0.0813 61
0.0814 56
0.0815 52
0.0816 53
0.0817 57
0.0818 56
0.0819 56
0.082 61
0.0821 58
0.0822 59
0.0823 63
0.0824 59
0.0825 54
0.0826 59
0.0827 60
0.0828 59
0.0829 56
0.083 52
0.0831 57
0.0832 55
0.0833 62
0.0834 69
0.0835 58
0.0836 58
0.0837 60
0.0838 59
0.0839 46
0.084 49
0.0841 52
0.0842 53
0.0843 47
0.0844 44
0.0845 37
0.0846 39
0.0847 50
0.0848 51
0.0849 51
0.085 57
0.0851 57
0.0852 58
0.0853 48
0.0854 57
0.0855 50
0.0856 61
0.0857 69
0.0858 60
0.0859 60
0.086 57
0.0861 59
0.0862 58
0.0863 54
0.0864 53
0.0865 50
0.0866 46
0.0867 43
0.0868 46
0.0869 46
0.087 53
0.0871 61
0.0872 56
0.0873 56
0.0874 49
0.0875 41
0.0876 44
0.0877 46
0.0878 54
0.0879 52
0.088 49
0.0881 55
0.0882 53
0.0883 52
0.0884 48
0.0885 45
0.0886 52
0.0887 46
0.0888 46
0.0889 37
0.089 43
0.0891 45
0.0892 42
0.0893 50
0.0894 53
0.0895 57
0.0896 53
0.0897 55
0.0898 57
0.0899 52
0.09 53
0.0901 53
0.0902 47
0.0903 46
0.0904 48
0.0905 53
0.0906 49
0.0907 49
0.0908 55
0.0909 49
0.091 46
0.0911 51
0.0912 56
0.0913 47
0.0914 49
0.0915 54
0.0916 54
0.0917 51
0.0918 41
0.0919 45
0.092 45
0.0921 48
0.0922 47
0.0923 42
0.0924 37
0.0925 40
0.0926 41
0.0927 44
0.0928 47
0.0929 47
0.093 40
0.0931 48
0.0932 52
0.0933 51
0.0934 50
0.0935 48
0.0936 47
0.0937 44
0.0938 42
0.0939 39
0.094 47
0.0941 44
0.0942 39
0.0943 45
0.0944 37
0.0945 37
0.0946 40
0.0947 49
0.0948 45
0.0949 42
0.095 49
0.0951 44
0.0952 40
0.0953 42
0.0954 41
0.0955 40
0.0956 38
0.0957 40
0.0958 38
0.0959 46
0.096 38
0.0961 41
0.0962 51
0.0963 52
0.0964 49
0.0965 48
0.0966 53
0.0967 49
0.0968 43
0.0969 37
0.097 39
0.0971 45
0.0972 43
0.0973 46
0.0974 48
0.0975 44
0.0976 53
0.0977 53
0.0978 49
0.0979 55
0.098 48
0.0981 44
0.0982 42
0.0983 43
0.0984 52
0.0985 48
0.0986 44
0.0987 45
0.0988 47
0.0989 52
0.099 53
0.0991 55
0.0992 52
0.0993 50
0.0994 50
0.0995 45
0.0996 41
0.0997 39
0.0998 36
0.0999 33
0.1 39
