0 0
0.0001 0
0.0002 0
0.0003 0
0.0004 0
0.0005 0
0.0006 0
0.0007 0
0.0008 0
0.0009 0
0.001 0
0.0011 0
0.0012 0
0.0013 0
0.0014 1
0.0015 1
0.0016 2
0.0017 2
0.0018 3
0.0019 4
0.002 4
0.0021 5
0.0022 5
0.0023 6
0.0024 7
0.0025 8
0.0026 8
0.0027 8
0.0028 9
0.0029 11
0.003 12
0.0031 13
0.0032 14
0.0033 15
0.0034 17
0.0035 19
0.0036 21
0.0037 23
0.0038 25
0.0039 27
0.004 29
0.0041 32
0.0042 34
0.0043 36
0.0044 39
0.0045 42
0.0046 46
0.0047 48
0.0048 51
0.0049 54
0.005 57
0.0051 61
0.0052 65
0.0053 69
0.0054 73
0.0055 77
0.0056 81
0.0057 84
0.0058 89
0.0059 93
0.006 96
0.0061 101
0.0062 104
0.0063 109
0.0064 112
0.0065 118
0.0066 123
0.0067 128
0.0068 134
0.0069 138
0.007 143
0.0071 151
0.0072 157
0.0073 161
0.0074 169
0.0075 175
0.0076 183
0.0077 190
0.0078 195
0.0079 202
0.008 209
0.0081 217
0.0082 223
0.0083 230
0.0084 237
0.0085 244
0.0086 252
0.0087 258
0.0088 266
0.0089 270
0.009 280
0.0091 286
0.0092 293
0.0093 301
0.0094 308
0.0095 315
0.0096 322
0.0097 329
0.0098 335
0.0099 344
0.01 350
0.0101 358
0.0102 366
0.0103 374
0.0104 382
0.0105 389
0.0106 398
0.0107 405
0.0108 414
0.0109 419
0.011 428
0.0111 434
0.0112 443
0.0113 450
0.0114 456
0.0115 465
0.0116 471
0.0117 480
0.0118 489
0.0119 496
0.012 506
0.0121 510
0.0122 521
0.0123 529
0.0124 538
0.0125 544
0.0126 555
0.0127 562
0.0128 569
0.0129 580
0.013 586
0.0131 596
0.0132 604
0.0133 613
0.0134 624
0.0135 632
0.0136 642
0.0137 651
0.0138 661
0.0139 669
0.014 678
0.0141 690
0.0142 700
0.0143 710
0.0144 717
0.0145 730
0.0146 738
0.0147 748
0.0148 756
0.0149 768
0.015 777
0.0151 788
0.0152 796
0.0153 807
0.0154 815
0.0155 823
0.0156 836
0.0157 846
0.0158 851
0.0159 865
0.016 872
0.0161 883
0.0162 892
0.0163 902
0.0164 910
0.0165 917
0.0166 927
0.0167 937
0.0168 940
0.0169 955
0.017 965
0.0171 973
0.0172 983
0.0173 990
0.0174 1000
0.0175 1009
0.0176 1020
0.0177 1028
0.0178 1038
0.0179 1044
0.018 1053
0.0181 1061
0.0182 1072
0.0183 1081
0.0184 1089
0.0185 1099
0.0186 1107
0.0187 1115
0.0188 1122
0.0189 1133
0.019 1143
0.0191 1151
0.0192 1162
0.0193 1170
0.0194 1182
0.0195 1190
0.0196 1197
0.0197 1205
0.0198 1219
0.0199 1227
0.02 1235
0.0201 1248
0.0202 1259
0.0203 1269
0.0204 1276
0.0205 1282
0.0206 1294
0.0207 1304
0.0208 1317
0.0209 1324
0.021 1334
0.0211 1345
0.0212 1358
0.0213 1362
0.0214 1374
0.0215 1383
0.0216 1393
0.0217 1401
0.0218 1412
0.0219 1417
0.022 1430
0.0221 1438
0.0222 1445
0.0223 1459
0.0224 1466
0.0225 1475
0.0226 1489
0.0227 1496
0.0228 1504
0.0229 1517
0.023 1522
0.0231 1533
0.0232 1539
0.0233 1544
0.0234 1562
0.0235 1566
0.0236 1576
0.0237 1585
0.0238 1596
0.0239 1606
0.024 1609
0.0241 1621
0.0242 1630
0.0243 1644
0.0244 1654
0.0245 1668
0.0246 1675
0.0247 1681
0.0248 1685
0.0249 1699
0.025 1711
0.0251 1718
0.0252 1733
0.0253 1742
0.0254 1742
0.0255 1749
0.0256 1769
0.0257 1775
0.0258 1782
0.0259 1789
0.026 1801
0.0261 1805
0.0262 1818
0.0263 1830
0.0264 1843
0.0265 1844
0.0266 1850
0.0267 1862
0.0268 1872
0.0269 1877
0.027 1888
0.0271 1891
0.0272 1908
0.0273 1905
0.0274 1915
0.0275 1911
0.0276 1919
0.0277 1921
0.0278 1922
0.0279 1937
0.028 1926
0.0281 1944
0.0282 1927
0.0283 1915
0.0284 1903
0.0285 1869
0.0286 1834
0.0287 1798
0.0288 1765
0.0289 1735
0.029 1694
0.0291 1669
0.0292 1627
0.0293 1599
0.0294 1571
0.0295 1539
0.0296 1514
0.0297 1477
0.0298 1445
0.0299 1415
0.03 1383
0.0301 1350
0.0302 1314
0.0303 1289
0.0304 1261
0.0305 1231
0.0306 1202
0.0307 1181
0.0308 1158
0.0309 1130
0.031 1110
0.0311 1100
0.0312 1080
0.0313 1056
0.0314 1041
0.0315 1028
0.0316 1030
0.0317 1022
0.0318 998
0.0319 980
0.032 959
0.0321 943
0.0322 927
0.0323 898
0.0324 879
0.0325 869
0.0326 855
0.0327 837
0.0328 827
0.0329 812
0.033 803
0.0331 787
0.0332 769
0.0333 758
0.0334 747
0.0335 734
0.0336 727
0.0337 720
0.0338 707
0.0339 691
0.034 686
0.0341 668
0.0342 652
0.0343 639
0.0344 627
0.0345 613
0.0346 604
0.0347 590
0.0348 584
0.0349 574
0.035 565
0.0351 544
0.0352 521
0.0353 512
0.0354 498
0.0355 483
0.0356 476
0.0357 468
0.0358 451
0.0359 439
0.036 432
0.0361 422
0.0362 414
0.0363 417
0.0364 413
0.0365 396
0.0366 386
0.0367 377
0.0368 375
0.0369 369
0.037 366
0.0371 372
0.0372 374
0.0373 384
0.0374 402
0.0375 416
0.0376 437
0.0377 445
0.0378 451
0.0379 447
0.038 463
0.0381 466
0.0382 464
0.0383 467
0.0384 469
0.0385 459
0.0386 450
0.0387 446
0.0388 434
0.0389 437
0.039 439
0.0391 427
0.0392 422
0.0393 425
0.0394 424
0.0395 413
0.0396 413
0.0397 404
0.0398 397
0.0399 403
0.04 421
0.0401 441
0.0402 462
0.0403 474
0.0404 485
0.0405 481
0.0406 477
0.0407 466
0.0408 461
0.0409 458
0.041 446
0.0411 445
0.0412 437
0.0413 432
0.0414 424
0.0415 428
0.0416 423
0.0417 421
0.0418 419
0.0419 416
0.042 417
0.0421 431
0.0422 443
0.0423 447
0.0424 445
0.0425 452
0.0426 456
0.0427 454
0.0428 458
0.0429 453
0.043 462
0.0431 475
0.0432 472
0.0433 468
0.0434 466
0.0435 464
0.0436 460
0.0437 462
0.0438 453
0.0439 449
0.044 452
0.0441 446
0.0442 446
0.0443 445
0.0444 442
0.0445 446
0.0446 448
0.0447 447
0.0448 441
0.0449 438
0.045 437
0.0451 433
0.0452 431
0.0453 433
0.0454 432
0.0455 415
0.0456 410
0.0457 405
0.0458 397
0.0459 394
0.046 387
0.0461 379
0.0462 381
0.0463 382
0.0464 407
0.0465 424
0.0466 438
0.0467 435
0.0468 437
0.0469 441
0.047 448
0.0471 451
0.0472 452
0.0473 453
0.0474 448
0.0475 443
0.0476 438
0.0477 430
0.0478 433
0.0479 427
0.048 421
0.0481 415
0.0482 409
0.0483 405
0.0484 405
0.0485 406
0.0486 403
0.0487 405
0.0488 423
0.0489 441
0.049 465
0.0491 496
0.0492 496
0.0493 504
0.0494 510
0.0495 513
0.0496 509
0.0497 508
0.0498 508
0.0499 512
0.05 513
0.0501 513
0.0502 512
0.0503 509
0.0504 504
0.0505 490
0.0506 483
0.0507 469
0.0508 456
0.0509 455
0.051 452
0.0511 445
0.0512 444
0.0513 436
0.0514 431
0.0515 420
0.0516 418
0.0517 412
0.0518 407
0.0519 403
0.052 393
0.0521 389
0.0522 400
0.0523 408
0.0524 408
0.0525 416
0.0526 418
0.0527 422
0.0528 427
0.0529 426
0.053 421
0.0531 419
0.0532 421
0.0533 418
0.0534 412
0.0535 406
0.0536 404
0.0537 411
0.0538 408
0.0539 399
0.054 396
0.0541 393
0.0542 401
0.0543 405
0.0544 401
0.0545 398
0.0546 388
0.0547 391
0.0548 391
0.0549 384
0.055 377
0.0551 383
0.0552 378
0.0553 377
0.0554 397
0.0555 406
0.0556 413
0.0557 408
0.0558 415
0.0559 424
0.056 436
0.0561 436
0.0562 438
0.0563 432
0.0564 433
0.0565 430
0.0566 421
0.0567 416
0.0568 411
0.0569 406
0.057 403
0.0571 399
0.0572 406
0.0573 411
0.0574 427
0.0575 429
0.0576 433
0.0577 445
0.0578 454
0.0579 453
0.058 459
0.0581 461
0.0582 458
0.0583 446
0.0584 445
0.0585 454
0.0586 460
0.0587 461
0.0588 468
0.0589 467
0.059 461
0.0591 454
0.0592 447
0.0593 437
0.0594 426
0.0595 419
0.0596 414
0.0597 408
0.0598 401
0.0599 401
0.06 403
0.0601 393
0.0602 393
0.0603 386
0.0604 380
0.0605 378
0.0606 378
0.0607 379
0.0608 388
0.0609 389
0.061 397
0.0611 393
0.0612 385
0.0613 383
0.0614 380
0.0615 376
0.0616 368
0.0617 362
0.0618 354
0.0619 353
0.062 365
0.0621 373
0.0622 381
0.0623 374
0.0624 373
0.0625 372
0.0626 366
0.0627 360
0.0628 352
0.0629 352
0.063 343
0.0631 336
0.0632 336
0.0633 331
0.0634 324
0.0635 320
0.0636 326
0.0637 332
0.0638 324
0.0639 323
0.064 316
0.0641 313
0.0642 311
0.0643 306
0.0644 303
0.0645 299
0.0646 293
0.0647 290
0.0648 284
0.0649 281
0.065 272
0.0651 268
0.0652 272
0.0653 265
0.0654 262
0.0655 257
0.0656 264
0.0657 276
0.0658 293
0.0659 322
0.066 361
0.0661 389
0.0662 399
0.0663 400
0.0664 401
0.0665 399
0.0666 403
0.0667 398
0.0668 386
0.0669 389
0.067 377
0.0671 374
0.0672 372
0.0673 372
0.0674 377
0.0675 381
0.0676 382
0.0677 385
0.0678 385
0.0679 389
0.068 402
0.0681 421
0.0682 441
0.0683 459
0.0684 477
0.0685 474
0.0686 478
0.0687 478
0.0688 474
0.0689 471
0.069 462
0.0691 460
0.0692 463
0.0693 457
0.0694 450
0.0695 451
0.0696 452
0.0697 455
0.0698 449
0.0699 440
0.07 427
0.0701 426
0.0702 427
0.0703 429
0.0704 437
0.0705 445
0.0706 458
0.0707 469
0.0708 479
0.0709 486
0.071 489
0.0711 493
0.0712 507
0.0713 525
0.0714 556
0.0715 582
0.0716 616
0.0717 641
0.0718 660
0.0719 678
0.072 684
0.0721 689
0.0722 695
0.0723 696
0.0724 696
0.0725 691
0.0726 696
0.0727 698
0.0728 698
0.0729 701
0.073 699
0.0731 698
0.0732 703
0.0733 704
0.0734 707
0.0735 705
0.0736 709
0.0737 711
0.0738 713
0.0739 713
0.074 716
0.0741 722
0.0742 723
0.0743 721
0.0744 729
0.0745 729
0.0746 730
0.0747 736
0.0748 740
0.0749 742
0.075 746
0.0751 746
0.0752 747
0.0753 754
0.0754 757
0.0755 760
0.0756 763
0.0757 766
0.0758 768
0.0759 774
0.076 777
0.0761 782
0.0762 783
0.0763 787
0.0764 794
0.0765 796
0.0766 801
0.0767 805
0.0768 810
0.0769 813
0.077 818
0.0771 819
0.0772 823
0.0773 829
0.0774 835
0.0775 839
0.0776 843
0.0777 848
0.0778 852
0.0779 861
0.078 864
0.0781 871
0.0782 873
0.0783 881
0.0784 883
0.0785 891
0.0786 898
0.0787 899
0.0788 907
0.0789 912
0.079 917
0.0791 923
0.0792 929
0.0793 933
0.0794 941
0.0795 945
0.0796 950
0.0797 954
0.0798 960
0.0799 964
0.08 969
0.0801 973
0.0802 981
0.0803 984
0.0804 991
0.0805 997
0.0806 1003
0.0807 1009
0.0808 1016
0.0809 1025
0.081 1027
0.0811 1035
0.0812 1043
0.0813 1050
0.0814 1055
0.0815 1057
0.0816 1066
0.0817 1073
0.0818 1077
0.0819 1082
0.082 1091
0.0821 1097
0.0822 1103
0.0823 1110
0.0824 1112
0.0825 1120
0.0826 1126
0.0827 1134
0.0828 1139
0.0829 1145
0.083 1150
0.0831 1155
0.0832 1160
0.0833 1168
0.0834 1175
0.0835 1184
0.0836 1190
0.0837 1197
0.0838 1200
0.0839 1212
0.084 1222
0.0841 1227
0.0842 1237
0.0843 1246
0.0844 1252
0.0845 1261
0.0846 1272
0.0847 1280
0.0848 1287
0.0849 1296
0.085 1304
0.0851 1318
0.0852 1326
0.0853 1331
0.0854 1344
0.0855 1354
0.0856 1364
0.0857 1372
0.0858 1383
0.0859 1388
0.086 1397
0.0861 1404
0.0862 1417
0.0863 1426
0.0864 1436
0.0865 1444
0.0866 1453
0.0867 1463
0.0868 1470
0.0869 1476
0.087 1491
0.0871 1496
0.0872 1508
0.0873 1518
0.0874 1526
0.0875 1535
0.0876 1545
0.0877 1556
0.0878 1564
0.0879 1573
0.088 1586
0.0881 1598
0.0882 1606
0.0883 1614
0.0884 1625
0.0885 1634
0.0886 1646
0.0887 1656
0.0888 1667
0.0889 1677
0.089 1688
0.0891 1694
0.0892 1710
0.0893 1714
0.0894 1726
0.0895 1736
0.0896 1747
0.0897 1756
0.0898 1770
0.0899 1782
0.09 1789
0.0901 1796
0.0902 1806
0.0903 1818
0.0904 1828
0.0905 1834
0.0906 1836
0.0907 1850
0.0908 1863
0.0909 1871
0.091 1876
0.0911 1883
0.0912 1898
0.0913 1909
0.0914 1911
0.0915 1917
0.0916 1926
0.0917 1941
0.0918 1945
0.0919 1957
0.092 1960
0.0921 1969
0.0922 1978
0.0923 1990
0.0924 1992
0.0925 2004
0.0926 2009
0.0927 2010
0.0928 2022
0.0929 2025
0.093 2034
0.0931 2039
0.0932 2046
0.0933 2051
0.0934 2058
0.0935 2064
0.0936 2079
0.0937 2080
0.0938 2081
0.0939 2091
0.094 2094
0.0941 2110
0.0942 2112
0.0943 2122
0.0944 2119
0.0945 2121
0.0946 2132
0.0947 2135
0.0948 2140
0.0949 2148
0.095 2159
0.0951 2162
0.0952 2169
0.0953 2174
0.0954 2172
0.0955 2181
0.0956 2181
0.0957 2175
0.0958 2181
0.0959 2186
0.096 2190
0.0961 2185
0.0962 2184
0.0963 2185
0.0964 2184
0.0965 2184
0.0966 2174
0.0967 2163
0.0968 2161
0.0969 2153
0.097 2143
0.0971 2129
0.0972 2105
0.0973 2088
0.0974 2068
0.0975 2055
0.0976 2025
0.0977 2008
0.0978 1971
0.0979 1928
0.098 1878
0.0981 1837
0.0982 1789
0.0983 1754
0.0984 1710
0.0985 1673
0.0986 1639
0.0987 1604
0.0988 1581
0.0989 1552
0.099 1508
0.0991 1469
0.0992 1436
0.0993 1401
0.0994 1369
0.0995 1344
0.0996 1315
0.0997 1283
0.0998 1263
0.0999 1233
0.1 1205
0.1001 1189
0.1002 1144
0.1003 1124
0.1004 1103
0.1005 1087
0.1006 1079
0.1007 1065
0.1008 1051
0.1009 1020
0.101 997
0.1011 982
0.1012 960
0.1013 938
0.1014 918
0.1015 894
0.1016 874
0.1017 854
0.1018 831
0.1019 810
0.102 802
0.1021 785
0.1022 777
0.1023 771
0.1024 763
0.1025 752
0.1026 731
0.1027 718
0.1028 709
0.1029 689
0.103 678
0.1031 669
0.1032 658
0.1033 642
0.1034 623
0.1035 611
0.1036 604
0.1037 591
0.1038 584
0.1039 570
0.104 560
0.1041 554
0.1042 547
0.1043 542
0.1044 532
0.1045 522
0.1046 508
0.1047 505
0.1048 500
0.1049 501
0.105 497
0.1051 498
0.1052 494
0.1053 488
0.1054 486
0.1055 475
0.1056 461
0.1057 454
0.1058 454
0.1059 446
0.106 454
0.1061 470
0.1062 482
0.1063 489
0.1064 489
0.1065 479
0.1066 485
0.1067 493
0.1068 502
0.1069 503
0.107 495
0.1071 482
0.1072 477
0.1073 462
0.1074 457
0.1075 449
0.1076 443
0.1077 438
0.1078 431
0.1079 416
0.108 405
0.1081 403
0.1082 396
0.1083 395
0.1084 386
0.1085 383
0.1086 371
0.1087 360
0.1088 364
0.1089 374
0.109 380
0.1091 382
0.1092 392
0.1093 400
0.1094 405
0.1095 409
0.1096 406
0.1097 399
0.1098 390
0.1099 388
0.11 386
0.1101 389
0.1102 378
0.1103 372
0.1104 368
0.1105 361
0.1106 357
0.1107 353
0.1108 343
0.1109 333
0.111 333
0.1111 327
0.1112 325
0.1113 330
0.1114 330
0.1115 328
0.1116 325
0.1117 323
0.1118 320
0.1119 324
0.112 334
0.1121 339
0.1122 346
0.1123 346
0.1124 352
0.1125 354
0.1126 364
0.1127 372
0.1128 381
0.1129 382
0.113 377
0.1131 377
0.1132 369
0.1133 365
0.1134 356
0.1135 353
0.1136 345
0.1137 351
0.1138 348
0.1139 350
0.114 349
0.1141 341
0.1142 336
0.1143 329
0.1144 325
0.1145 322
0.1146 318
0.1147 314
0.1148 316
0.1149 317
0.115 321
0.1151 318
0.1152 319
0.1153 309
0.1154 307
0.1155 305
0.1156 306
0.1157 303
0.1158 304
0.1159 308
0.116 301
0.1161 300
0.1162 303
0.1163 304
0.1164 302
0.1165 297
0.1166 296
0.1167 299
0.1168 303
0.1169 306
0.117 299
0.1171 294
0.1172 291
0.1173 289
0.1174 290
0.1175 281
0.1176 279
0.1177 267
0.1178 264
0.1179 260
0.118 258
0.1181 253
0.1182 249
0.1183 243
0.1184 242
0.1185 234
0.1186 228
0.1187 225
0.1188 221
0.1189 216
0.119 216
0.1191 209
0.1192 213
0.1193 215
0.1194 212
0.1195 214
0.1196 205
0.1197 205
0.1198 210
0.1199 217
0.12 216
0.1201 215
0.1202 208
0.1203 205
0.1204 197
0.1205 191
0.1206 186
0.1207 185
0.1208 182
0.1209 182
0.121 186
0.1211 185
0.1212 189
0.1213 197
0.1214 199
0.1215 201
0.1216 198
0.1217 200
0.1218 207
0.1219 244
0.122 275
0.1221 316
0.1222 348
0.1223 370
0.1224 399
0.1225 409
0.1226 423
0.1227 424
0.1228 425
0.1229 426
0.123 428
0.1231 422
0.1232 444
0.1233 465
0.1234 488
0.1235 500
0.1236 517
0.1237 522
0.1238 534
0.1239 536
0.124 540
0.1241 542
0.1242 537
0.1243 535
0.1244 535
0.1245 538
0.1246 541
0.1247 544
0.1248 538
0.1249 532
0.125 527
0.1251 521
0.1252 509
0.1253 509
0.1254 514
0.1255 517
0.1256 511
0.1257 516
0.1258 516
0.1259 516
0.126 509
0.1261 509
0.1262 504
0.1263 495
0.1264 489
0.1265 488
0.1266 487
0.1267 473
0.1268 473
0.1269 476
0.127 468
0.1271 461
0.1272 449
0.1273 453
0.1274 449
0.1275 445
0.1276 443
0.1277 439
0.1278 433
0.1279 424
0.128 421
0.1281 413
0.1282 412
0.1283 402
0.1284 402
0.1285 407
0.1286 410
0.1287 405
0.1288 399
0.1289 393
0.129 399
0.1291 393
0.1292 398
0.1293 392
0.1294 393
0.1295 397
0.1296 392
0.1297 390
0.1298 392
0.1299 392
0.13 389
0.1301 384
0.1302 374
0.1303 368
0.1304 360
0.1305 359
0.1306 360
0.1307 354
0.1308 356
0.1309 349
0.131 335
0.1311 341
0.1312 350
0.1313 365
0.1314 382
0.1315 397
0.1316 401
0.1317 404
0.1318 402
0.1319 397
0.132 399
0.1321 388
0.1322 386
0.1323 377
0.1324 367
0.1325 366
0.1326 369
0.1327 361
0.1328 359
0.1329 359
0.133 353
0.1331 364
0.1332 357
0.1333 351
0.1334 352
0.1335 348
0.1336 338
0.1337 336
0.1338 332
0.1339 334
0.134 339
0.1341 338
0.1342 341
0.1343 338
0.1344 347
0.1345 340
0.1346 344
0.1347 347
0.1348 344
0.1349 341
0.135 346
0.1351 379
0.1352 400
0.1353 427
0.1354 461
0.1355 491
0.1356 526
0.1357 547
0.1358 584
0.1359 617
0.136 633
0.1361 662
0.1362 670
0.1363 675
0.1364 685
0.1365 689
0.1366 684
0.1367 690
0.1368 688
0.1369 689
0.137 689
0.1371 692
0.1372 691
0.1373 701
0.1374 703
0.1375 711
0.1376 720
0.1377 726
0.1378 731
0.1379 733
0.138 736
0.1381 737
0.1382 738
0.1383 747
0.1384 751
0.1385 751
0.1386 753
0.1387 758
0.1388 760
0.1389 762
0.139 765
0.1391 768
0.1392 768
0.1393 771
0.1394 777
0.1395 776
0.1396 779
0.1397 785
0.1398 787
0.1399 787
0.14 793
0.1401 798
0.1402 798
0.1403 801
0.1404 806
0.1405 808
0.1406 810
0.1407 812
0.1408 817
0.1409 821
0.141 823
0.1411 827
0.1412 827
0.1413 830
0.1414 836
0.1415 841
0.1416 846
0.1417 848
0.1418 851
0.1419 857
0.142 863
0.1421 868
0.1422 871
0.1423 877
0.1424 882
0.1425 886
0.1426 891
0.1427 895
0.1428 903
0.1429 907
0.143 914
0.1431 917
0.1432 918
0.1433 927
0.1434 927
0.1435 933
0.1436 941
0.1437 946
0.1438 951
0.1439 955
0.144 962
0.1441 966
0.1442 970
0.1443 974
0.1444 982
0.1445 987
0.1446 995
0.1447 999
0.1448 1005
0.1449 1008
0.145 1017
0.1451 1026
0.1452 1032
0.1453 1042
0.1454 1050
0.1455 1054
0.1456 1062
0.1457 1072
0.1458 1077
0.1459 1087
0.146 1091
0.1461 1096
0.1462 1109
0.1463 1115
0.1464 1122
0.1465 1132
0.1466 1141
0.1467 1145
0.1468 1152
0.1469 1158
0.147 1170
0.1471 1178
0.1472 1185
0.1473 1192
0.1474 1199
0.1475 1209
0.1476 1216
0.1477 1227
0.1478 1233
0.1479 1247
0.148 1250
0.1481 1260
0.1482 1270
0.1483 1276
0.1484 1286
0.1485 1298
0.1486 1305
0.1487 1314
0.1488 1318
0.1489 1327
0.149 1333
0.1491 1343
0.1492 1351
0.1493 1361
0.1494 1365
0.1495 1376
0.1496 1380
0.1497 1389
0.1498 1394
0.1499 1408
0.15 1414
0.1501 1425
0.1502 1435
0.1503 1439
0.1504 1451
0.1505 1460
0.1506 1467
0.1507 1474
0.1508 1486
0.1509 1488
0.151 1499
0.1511 1510
0.1512 1515
0.1513 1526
0.1514 1532
0.1515 1538
0.1516 1544
0.1517 1554
0.1518 1562
0.1519 1571
0.152 1579
0.1521 1586
0.1522 1594
0.1523 1603
0.1524 1610
0.1525 1618
0.1526 1629
0.1527 1630
0.1528 1645
0.1529 1654
0.153 1658
0.1531 1668
0.1532 1679
0.1533 1688
0.1534 1692
0.1535 1700
0.1536 1706
0.1537 1715
0.1538 1727
0.1539 1730
0.154 1739
0.1541 1750
0.1542 1752
0.1543 1759
0.1544 1765
0.1545 1776
0.1546 1777
0.1547 1783
0.1548 1798
0.1549 1796
0.155 1806
0.1551 1817
0.1552 1823
0.1553 1832
0.1554 1840
0.1555 1845
0.1556 1858
0.1557 1860
0.1558 1861
0.1559 1883
0.156 1885
0.1561 1891
0.1562 1897
0.1563 1906
0.1564 1907
0.1565 1907
0.1566 1925
0.1567 1919
0.1568 1931
0.1569 1924
0.157 1927
0.1571 1913
0.1572 1903
0.1573 1877
0.1574 1855
0.1575 1848
0.1576 1838
0.1577 1822
0.1578 1803
0.1579 1792
0.158 1774
0.1581 1737
0.1582 1699
0.1583 1672
0.1584 1649
0.1585 1638
0.1586 1627
0.1587 1608
0.1588 1588
0.1589 1564
0.159 1542
0.1591 1509
0.1592 1473
0.1593 1432
0.1594 1404
0.1595 1375
0.1596 1349
0.1597 1322
0.1598 1285
0.1599 1254
0.16 1235
0.1601 1198
0.1602 1160
0.1603 1135
0.1604 1116
0.1605 1096
0.1606 1074
0.1607 1057
0.1608 1039
0.1609 1015
0.161 1001
0.1611 974
0.1612 954
0.1613 930
0.1614 913
0.1615 897
0.1616 880
0.1617 865
0.1618 853
0.1619 844
0.162 824
0.1621 809
0.1622 789
0.1623 772
0.1624 755
0.1625 740
0.1626 718
0.1627 707
0.1628 706
0.1629 691
0.163 689
0.1631 678
0.1632 667
0.1633 660
0.1634 649
0.1635 641
0.1636 622
0.1637 612
0.1638 603
0.1639 599
0.164 586
0.1641 572
0.1642 565
0.1643 556
0.1644 548
0.1645 543
0.1646 539
0.1647 526
0.1648 511
0.1649 505
0.165 493
0.1651 486
0.1652 481
0.1653 474
0.1654 470
0.1655 460
0.1656 457
0.1657 445
0.1658 435
0.1659 427
0.166 417
0.1661 408
0.1662 396
0.1663 398
0.1664 392
0.1665 386
0.1666 389
0.1667 380
0.1668 375
0.1669 371
0.167 367
0.1671 368
0.1672 367
0.1673 361
0.1674 361
0.1675 360
0.1676 353
0.1677 347
0.1678 339
0.1679 333
0.168 332
0.1681 321
0.1682 310
0.1683 302
0.1684 299
0.1685 293
0.1686 292
0.1687 281
0.1688 280
0.1689 277
0.169 277
0.1691 283
0.1692 276
0.1693 279
0.1694 275
0.1695 272
0.1696 269
0.1697 268
0.1698 263
0.1699 265
0.17 260
0.1701 255
0.1702 257
0.1703 259
0.1704 258
0.1705 259
0.1706 257
0.1707 253
0.1708 249
0.1709 245
0.171 241
0.1711 239
0.1712 244
0.1713 249
0.1714 260
0.1715 267
0.1716 275
0.1717 293
0.1718 293
0.1719 294
0.172 293
0.1721 289
0.1722 281
0.1723 275
0.1724 268
0.1725 267
0.1726 265
0.1727 263
0.1728 259
0.1729 260
0.173 261
0.1731 260
0.1732 263
0.1733 260
0.1734 255
0.1735 251
0.1736 253
0.1737 249
0.1738 244
0.1739 242
0.174 241
0.1741 242
0.1742 235
0.1743 236
0.1744 230
0.1745 229
0.1746 237
0.1747 262
0.1748 279
0.1749 288
0.175 287
0.1751 287
0.1752 286
0.1753 295
0.1754 301
0.1755 301
0.1756 292
0.1757 287
0.1758 286
0.1759 288
0.176 292
0.1761 295
0.1762 293
0.1763 297
0.1764 311
0.1765 310
0.1766 313
0.1767 319
0.1768 317
0.1769 314
0.177 306
0.1771 306
0.1772 300
0.1773 297
0.1774 300
0.1775 291
0.1776 292
0.1777 289
0.1778 288
0.1779 288
0.178 290
0.1781 285
0.1782 292
0.1783 287
0.1784 281
0.1785 279
0.1786 270
0.1787 259
0.1788 256
0.1789 256
0.179 256
0.1791 249
0.1792 249
0.1793 248
0.1794 248
0.1795 249
0.1796 247
0.1797 246
0.1798 246
0.1799 254
0.18 265
0.1801 265
0.1802 264
0.1803 262
0.1804 260
0.1805 264
0.1806 262
0.1807 261
0.1808 263
0.1809 271
0.181 274
0.1811 274
0.1812 279
0.1813 275
0.1814 264
0.1815 257
0.1816 256
0.1817 253
0.1818 247
0.1819 246
0.182 245
0.1821 251
0.1822 252
0.1823 261
0.1824 262
0.1825 268
0.1826 274
0.1827 268
0.1828 273
0.1829 271
0.183 272
0.1831 278
0.1832 282
0.1833 283
0.1834 290
0.1835 291
0.1836 290
0.1837 290
0.1838 282
0.1839 283
0.184 279
0.1841 289
0.1842 290
0.1843 288
0.1844 285
0.1845 287
0.1846 285
0.1847 282
0.1848 282
0.1849 280
0.185 277
0.1851 273
0.1852 273
0.1853 274
0.1854 275
0.1855 268
0.1856 268
0.1857 264
0.1858 259
0.1859 255
0.186 245
0.1861 244
0.1862 243
0.1863 245
0.1864 252
0.1865 258
0.1866 255
0.1867 261
0.1868 259
0.1869 256
0.187 252
0.1871 252
0.1872 255
0.1873 270
0.1874 314
0.1875 347
0.1876 398
0.1877 449
0.1878 496
0.1879 532
0.188 551
0.1881 568
0.1882 580
0.1883 579
0.1884 587
0.1885 594
0.1886 616
0.1887 633
0.1888 645
0.1889 650
0.189 662
0.1891 661
0.1892 653
0.1893 638
0.1894 633
0.1895 623
0.1896 620
0.1897 612
0.1898 607
0.1899 605
0.19 603
0.1901 596
0.1902 579
0.1903 575
0.1904 566
0.1905 562
0.1906 548
0.1907 540
0.1908 536
0.1909 533
0.191 529
0.1911 524
0.1912 521
0.1913 507
0.1914 504
0.1915 504
0.1916 505
0.1917 515
0.1918 537
0.1919 552
0.192 549
0.1921 552
0.1922 554
0.1923 548
0.1924 543
0.1925 533
0.1926 524
0.1927 512
0.1928 495
0.1929 484
0.193 478
0.1931 470
0.1932 466
0.1933 448
0.1934 438
0.1935 429
0.1936 421
0.1937 409
0.1938 406
0.1939 402
0.194 405
0.1941 403
0.1942 400
0.1943 400
0.1944 402
0.1945 400
0.1946 413
0.1947 424
0.1948 432
0.1949 446
0.195 442
0.1951 440
0.1952 430
0.1953 422
0.1954 416
0.1955 408
0.1956 400
0.1957 397
0.1958 397
0.1959 397
0.196 390
0.1961 391
0.1962 386
0.1963 372
0.1964 373
0.1965 367
0.1966 364
0.1967 369
0.1968 361
0.1969 360
0.197 349
0.1971 340
0.1972 343
0.1973 349
0.1974 352
0.1975 353
0.1976 348
0.1977 350
0.1978 349
0.1979 338
0.198 332
0.1981 333
0.1982 331
0.1983 329
0.1984 322
0.1985 315
0.1986 307
0.1987 295
0.1988 291
0.1989 293
0.199 293
0.1991 287
0.1992 290
0.1993 287
0.1994 289
0.1995 305
0.1996 323
0.1997 348
0.1998 379
0.1999 388
0.2 400
0.2001 412
0.2002 425
0.2003 427
0.2004 426
0.2005 418
0.2006 419
0.2007 415
0.2008 406
0.2009 399
0.201 409
0.2011 411
0.2012 417
0.2013 417
0.2014 419
0.2015 421
0.2016 452
0.2017 477
0.2018 492
0.2019 501
0.202 521
0.2021 538
0.2022 547
0.2023 558
0.2024 554
0.2025 551
0.2026 546
0.2027 549
0.2028 549
0.2029 547
0.203 545
0.2031 537
0.2032 534
0.2033 526
0.2034 524
0.2035 521
0.2036 518
0.2037 512
0.2038 508
0.2039 499
0.204 491
0.2041 492
0.2042 503
0.2043 510
0.2044 522
0.2045 529
0.2046 535
0.2047 552
0.2048 564
0.2049 571
0.205 573
0.2051 581
0.2052 571
0.2053 571
0.2054 565
0.2055 565
0.2056 568
0.2057 565
0.2058 569
0.2059 572
0.206 572
0.2061 576
0.2062 575
0.2063 566
0.2064 563
0.2065 559
0.2066 553
0.2067 539
0.2068 539
0.2069 539
0.207 528
0.2071 526
0.2072 525
0.2073 519
0.2074 504
0.2075 495
0.2076 487
0.2077 478
0.2078 474
0.2079 472
0.208 474
0.2081 469
0.2082 460
0.2083 457
0.2084 447
0.2085 444
0.2086 436
0.2087 427
0.2088 428
0.2089 422
0.209 420
0.2091 418
0.2092 411
0.2093 404
0.2094 394
0.2095 391
0.2096 391
0.2097 385
0.2098 376
0.2099 370
0.21 370
0.2101 370
0.2102 364
0.2103 368
0.2104 365
0.2105 364
0.2106 360
0.2107 357
0.2108 355
0.2109 349
0.211 343
0.2111 333
0.2112 324
0.2113 320
0.2114 318
0.2115 319
0.2116 326
0.2117 327
0.2118 337
0.2119 341
0.212 336
0.2121 344
0.2122 340
0.2123 333
0.2124 322
0.2125 316
0.2126 317
0.2127 308
0.2128 306
0.2129 305
0.213 305
0.2131 300
0.2132 296
0.2133 293
0.2134 289
0.2135 286
0.2136 284
0.2137 281
0.2138 282
0.2139 273
0.214 268
0.2141 267
0.2142 265
0.2143 262
0.2144 257
0.2145 251
0.2146 252
0.2147 251
0.2148 249
0.2149 245
0.215 239
0.2151 233
0.2152 246
0.2153 251
0.2154 237
0.2155 234
0.2156 240
0.2157 255
0.2158 274
0.2159 300
0.216 327
0.2161 368
0.2162 412
0.2163 456
0.2164 479
0.2165 496
0.2166 508
0.2167 519
0.2168 516
0.2169 518
0.217 521
0.2171 522
0.2172 527
0.2173 527
0.2174 525
0.2175 525
0.2176 528
0.2177 529
0.2178 528
0.2179 531
0.218 533
0.2181 532
0.2182 537
0.2183 537
0.2184 539
0.2185 540
0.2186 542
0.2187 543
0.2188 544
0.2189 546
0.219 546
0.2191 549
0.2192 551
0.2193 551
0.2194 555
0.2195 554
0.2196 556
0.2197 561
0.2198 560
0.2199 564
0.22 567
0.2201 570
0.2202 570
0.2203 574
0.2204 575
0.2205 578
0.2206 578
0.2207 580
0.2208 585
0.2209 585
0.221 589
0.2211 592
0.2212 595
0.2213 597
0.2214 601
0.2215 605
0.2216 608
0.2217 611
0.2218 615
0.2219 617
0.222 622
0.2221 624
0.2222 627
0.2223 629
0.2224 635
0.2225 639
0.2226 642
0.2227 647
0.2228 646
0.2229 653
0.223 658
0.2231 663
0.2232 666
0.2233 669
0.2234 673
0.2235 677
0.2236 682
0.2237 685
0.2238 691
0.2239 694
0.224 699
0.2241 702
0.2242 705
0.2243 712
0.2244 719
0.2245 723
0.2246 728
0.2247 732
0.2248 740
0.2249 744
0.225 753
0.2251 755
0.2252 762
0.2253 771
0.2254 776
0.2255 780
0.2256 786
0.2257 792
0.2258 797
0.2259 802
0.226 807
0.2261 816
0.2262 822
0.2263 824
0.2264 835
0.2265 840
0.2266 846
0.2267 852
0.2268 858
0.2269 862
0.227 871
0.2271 876
0.2272 884
0.2273 888
0.2274 898
0.2275 904
0.2276 912
0.2277 918
0.2278 925
0.2279 927
0.228 938
0.2281 945
0.2282 951
0.2283 958
0.2284 965
0.2285 973
0.2286 978
0.2287 987
0.2288 994
0.2289 1000
0.229 1009
0.2291 1015
0.2292 1023
0.2293 1029
0.2294 1034
0.2295 1044
0.2296 1051
0.2297 1055
0.2298 1066
0.2299 1068
0.23 1081
0.2301 1087
0.2302 1092
0.2303 1099
0.2304 1103
0.2305 1113
0.2306 1121
0.2307 1129
0.2308 1134
0.2309 1139
0.231 1145
0.2311 1154
0.2312 1161
0.2313 1169
0.2314 1177
0.2315 1182
0.2316 1191
0.2317 1198
0.2318 1203
0.2319 1216
0.232 1223
0.2321 1229
0.2322 1241
0.2323 1246
0.2324 1254
0.2325 1262
0.2326 1269
0.2327 1279
0.2328 1287
0.2329 1296
0.233 1303
0.2331 1315
0.2332 1317
0.2333 1330
0.2334 1336
0.2335 1340
0.2336 1348
0.2337 1361
0.2338 1366
0.2339 1376
0.234 1382
0.2341 1394
0.2342 1400
0.2343 1405
0.2344 1414
0.2345 1426
0.2346 1432
0.2347 1438
0.2348 1448
0.2349 1451
0.235 1467
0.2351 1476
0.2352 1476
0.2353 1493
0.2354 1497
0.2355 1500
0.2356 1513
0.2357 1523
0.2358 1529
0.2359 1538
0.236 1544
0.2361 1555
0.2362 1564
0.2363 1569
0.2364 1576
0.2365 1589
0.2366 1588
0.2367 1595
0.2368 1610
0.2369 1614
0.237 1628
0.2371 1636
0.2372 1640
0.2373 1652
0.2374 1664
0.2375 1667
0.2376 1676
0.2377 1683
0.2378 1695
0.2379 1700
0.238 1713
0.2381 1720
0.2382 1736
0.2383 1739
0.2384 1751
0.2385 1751
0.2386 1772
0.2387 1770
0.2388 1781
0.2389 1790
0.239 1794
0.2391 1806
0.2392 1811
0.2393 1818
0.2394 1827
0.2395 1826
0.2396 1838
0.2397 1845
0.2398 1863
0.2399 1861
0.24 1878
0.2401 1887
0.2402 1910
0.2403 1917
0.2404 1930
0.2405 1925
0.2406 1951
0.2407 1950
0.2408 1956
0.2409 1959
0.241 1976
0.2411 1981
0.2412 1989
0.2413 1994
0.2414 2000
0.2415 1997
0.2416 1983
0.2417 1980
0.2418 1950
0.2419 1918
0.242 1879
0.2421 1843
0.2422 1808
0.2423 1772
0.2424 1751
0.2425 1721
0.2426 1693
0.2427 1653
0.2428 1619
0.2429 1587
0.243 1572
0.2431 1566
0.2432 1563
0.2433 1559
0.2434 1587
0.2435 1602
0.2436 1610
0.2437 1604
0.2438 1570
0.2439 1545
0.244 1518
0.2441 1479
0.2442 1446
0.2443 1416
0.2444 1396
0.2445 1360
0.2446 1315
0.2447 1281
0.2448 1257
0.2449 1223
0.245 1194
0.2451 1169
0.2452 1142
0.2453 1126
0.2454 1103
0.2455 1073
0.2456 1053
0.2457 1046
0.2458 1019
0.2459 998
0.246 977
0.2461 958
0.2462 939
0.2463 922
0.2464 901
0.2465 886
0.2466 860
0.2467 842
0.2468 827
0.2469 814
0.247 798
0.2471 785
0.2472 766
0.2473 747
0.2474 740
0.2475 732
0.2476 714
0.2477 697
0.2478 676
0.2479 659
0.248 648
0.2481 629
0.2482 617
0.2483 625
0.2484 624
0.2485 618
0.2486 603
0.2487 588
0.2488 578
0.2489 575
0.249 571
0.2491 567
0.2492 565
0.2493 550
0.2494 542
0.2495 528
0.2496 522
0.2497 511
0.2498 503
0.2499 497
0.25 486
