0 0
0.0001 0
0.0002 3
0.0003 3
0.0004 6
0.0005 12
0.0006 41
0.0007 66
0.0008 102
0.0009 134
0.001 158
0.0011 189
0.0012 208
0.0013 227
0.0014 241
0.0015 263
0.0016 305
0.0017 336
0.0018 361
0.0019 388
0.002 405
0.0021 438
0.0022 476
0.0023 509
0.0024 555
0.0025 591
0.0026 627
0.0027 658
0.0028 690
0.0029 728
0.003 753
0.0031 765
0.0032 776
0.0033 791
0.0034 795
0.0035 809
0.0036 834
0.0037 841
0.0038 838
0.0039 847
0.004 861
0.0041 871
0.0042 899
0.0043 923
0.0044 968
0.0045 978
0.0046 1000
0.0047 1003
0.0048 1008
0.0049 1030
0.005 1056
0.0051 1080
0.0052 1110
0.0053 1133
0.0054 1167
0.0055 1195
0.0056 1224
0.0057 1253
0.0058 1263
0.0059 1286
0.006 1286
0.0061 1300
0.0062 1330
0.0063 1348
0.0064 1360
0.0065 1385
0.0066 1418
0.0067 1449
0.0068 1462
0.0069 1456
0.007 1458
0.0071 1475
0.0072 1481
0.0073 1485
0.0074 1497
0.0075 1494
0.0076 1505
0.0077 1521
0.0078 1551
0.0079 1562
0.008 1572
0.0081 1595
0.0082 1600
0.0083 1607
0.0084 1611
0.0085 1629
0.0086 1653
0.0087 1661
0.0088 1656
0.0089 1659
0.009 1666
0.0091 1677
0.0092 1692
0.0093 1690
0.0094 1712
0.0095 1721
0.0096 1733
0.0097 1730
0.0098 1733
0.0099 1714
0.01 1712
0.0101 1718
0.0102 1710
0.0103 1720
0.0104 1717
0.0105 1716
0.0106 1718
0.0107 1724
0.0108 1726
0.0109 1708
0.011 1699
0.0111 1692
0.0112 1686
0.0113 1659
0.0114 1663
0.0115 1665
0.0116 1657
0.0117 1644
0.0118 1623
0.0119 1602
0.012 1604
0.0121 1608
0.0122 1594
0.0123 1577
0.0124 1574
0.0125 1575
0.0126 1574
0.0127 1583
0.0128 1568
0.0129 1578
0.013 1586
0.0131 1569
0.0132 1556
0.0133 1542
0.0134 1542
0.0135 1563
0.0136 1594
0.0137 1614
0.0138 1630
0.0139 1652
0.014 1637
0.0141 1648
0.0142 1658
0.0143 1671
0.0144 1674
0.0145 1675
0.0146 1676
0.0147 1665
0.0148 1651
0.0149 1666
0.015 1650
0.0151 1637
0.0152 1637
0.0153 1628
0.0154 1625
0.0155 1632
0.0156 1654
0.0157 1649
0.0158 1627
0.0159 1615
0.016 1587
0.0161 1587
0.0162 1571
0.0163 1569
0.0164 1555
0.0165 1539
0.0166 1525
0.0167 1495
0.0168 1485
0.0169 1486
0.017 1509
0.0171 1505
0.0172 1511
0.0173 1507
0.0174 1492
0.0175 1493
0.0176 1473
0.0177 1463
0.0178 1467
0.0179 1460
0.018 1442
0.0181 1434
0.0182 1441
0.0183 1417
0.0184 1418
0.0185 1410
0.0186 1380
0.0187 1347
0.0188 1328
0.0189 1296
0.019 1281
0.0191 1275
0.0192 1267
0.0193 1258
0.0194 1241
0.0195 1229
0.0196 1191
0.0197 1179
0.0198 1170
0.0199 1151
0.02 1135
0.0201 1135
0.0202 1129
0.0203 1103
0.0204 1105
0.0205 1102
0.0206 1080
0.0207 1064
0.0208 1038
0.0209 1008
0.021 977
0.0211 946
0.0212 947
0.0213 943
0.0214 937
0.0215 931
0.0216 925
0.0217 934
0.0218 931
0.0219 920
0.022 883
0.0221 854
0.0222 824
0.0223 820
0.0224 795
0.0225 808
0.0226 820
0.0227 807
0.0228 803
0.0229 790
0.023 749
0.0231 730
0.0232 701
0.0233 679
0.0234 637
0.0235 628
0.0236 606
0.0237 594
0.0238 567
0.0239 560
0.024 529
0.0241 498
0.0242 479
0.0243 478
0.0244 461
0.0245 445
0.0246 428
0.0247 407
0.0248 401
0.0249 389
0.025 395
0.0251 381
0.0252 371
0.0253 352
0.0254 361
0.0255 348
0.0256 346
0.0257 360
0.0258 367
0.0259 363
0.026 326
0.0261 301
0.0262 285
0.0263 258
0.0264 249
0.0265 232
0.0266 207
0.0267 186
0.0268 144
0.0269 117
0.027 95
0.0271 65
0.0272 59
0.0273 51
0.0274 27
0.0275 19
0.0276 16
0.0277 15
0.0278 4
0.0279 4
0.028 0
0.0281 3
0.0282 0
0.0283 1
0.0284 2
0.0285 1
0.0286 1
0.0287 1
0.0288 2
0.0289 1
0.029 0
0.0291 3
0.0292 1
0.0293 3
0.0294 3
0.0295 2
0.0296 1
0.0297 2
0.0298 3
0.0299 1
0.03 1
0.0301 1
0.0302 1
0.0303 0
0.0304 1
0.0305 0
0.0306 0
0.0307 1
0.0308 2
0.0309 1
0.031 0
0.0311 0
0.0312 0
0.0313 0
0.0314 0
0.0315 0
0.0316 0
0.0317 1
0.0318 0
0.0319 0
0.032 0
0.0321 0
0.0322 1
0.0323 0
0.0324 0
0.0325 2
0.0326 1
0.0327 1
0.0328 0
0.0329 0
0.033 0
0.0331 0
0.0332 0
0.0333 0
0.0334 0
0.0335 1
0.0336 0
0.0337 0
0.0338 0
0.0339 0
0.034 0
0.0341 0
0.0342 0
0.0343 0
0.0344 0
0.0345 0
0.0346 0
0.0347 0
0.0348 0
0.0349 0
0.035 0
0.0351 0
0.0352 0
0.0353 0
0.0354 0
0.0355 0
0.0356 0
0.0357 1
0.0358 0
0.0359 1
0.036 0
0.0361 0
0.0362 0
0.0363 1
0.0364 0
0.0365 2
0.0366 2
0.0367 0
0.0368 0
0.0369 0
0.037 0
0.0371 0
0.0372 0
0.0373 0
0.0374 2
0.0375 1
0.0376 0
0.0377 0
0.0378 0
0.0379 1
0.038 0
0.0381 0
0.0382 2
0.0383 1
0.0384 5
0.0385 1
0.0386 5
0.0387 3
0.0388 2
0.0389 1
0.039 1
0.0391 1
0.0392 0
0.0393 1
0.0394 1
0.0395 0
0.0396 0
0.0397 2
0.0398 0
0.0399 0
0.04 1
0.0401 0
0.0402 1
0.0403 1
0.0404 0
0.0405 1
0.0406 0
0.0407 0
0.0408 2
0.0409 0
0.041 0
0.0411 0
0.0412 0
0.0413 0
0.0414 0
0.0415 0
0.0416 0
0.0417 0
0.0418 1
0.0419 3
0.042 1
0.0421 0
0.0422 0
0.0423 0
0.0424 1
0.0425 0
0.0426 0
0.0427 0
0.0428 0
0.0429 1
0.043 0
0.0431 0
0.0432 0
0.0433 0
0.0434 0
0.0435 0
0.0436 1
0.0437 0
0.0438 1
0.0439 0
0.044 0
0.0441 0
0.0442 0
0.0443 0
0.0444 0
0.0445 1
0.0446 0
0.0447 1
0.0448 1
0.0449 1
0.045 2
0.0451 0
0.0452 1
0.0453 2
0.0454 0
0.0455 0
0.0456 0
0.0457 1
0.0458 0
0.0459 0
0.046 0
0.0461 0
0.0462 0
0.0463 1
0.0464 2
0.0465 2
0.0466 2
0.0467 1
0.0468 1
0.0469 1
0.047 1
0.0471 1
0.0472 0
0.0473 1
0.0474 3
0.0475 1
0.0476 0
0.0477 0
0.0478 0
0.0479 0
0.048 0
0.0481 1
0.0482 1
0.0483 0
0.0484 0
0.0485 2
0.0486 1
0.0487 2
0.0488 0
0.0489 1
0.049 0
0.0491 1
0.0492 2
0.0493 1
0.0494 0
0.0495 1
0.0496 1
0.0497 0
0.0498 2
0.0499 2
0.05 1
0.0501 0
0.0502 2
0.0503 3
0.0504 0
0.0505 1
0.0506 2
0.0507 0
0.0508 0
0.0509 0
0.051 0
0.0511 1
0.0512 0
0.0513 0
0.0514 1
0.0515 0
0.0516 0
0.0517 3
0.0518 5
0.0519 0
0.052 1
0.0521 1
0.0522 1
0.0523 1
0.0524 0
0.0525 0
0.0526 1
0.0527 0
0.0528 1
0.0529 1
0.053 1
0.0531 0
0.0532 2
0.0533 3
0.0534 0
0.0535 0
0.0536 0
0.0537 0
0.0538 0
0.0539 0
0.054 0
0.0541 0
0.0542 2
0.0543 1
0.0544 1
0.0545 2
0.0546 0
0.0547 2
0.0548 1
0.0549 0
0.055 1
0.0551 1
0.0552 3
0.0553 4
0.0554 3
0.0555 6
0.0556 2
0.0557 5
0.0558 3
0.0559 3
0.056 3
0.0561 2
0.0562 0
0.0563 1
0.0564 2
0.0565 0
0.0566 1
0.0567 0
0.0568 1
0.0569 2
0.057 1
0.0571 2
0.0572 2
0.0573 2
0.0574 2
0.0575 1
0.0576 1
0.0577 2
0.0578 1
0.0579 0
0.058 0
0.0581 1
0.0582 0
0.0583 0
0.0584 0
0.0585 1
0.0586 1
0.0587 1
0.0588 2
0.0589 0
0.059 0
0.0591 0
0.0592 0
0.0593 0
0.0594 1
0.0595 3
0.0596 7
0.0597 7
0.0598 7
0.0599 7
0.06 8
0.0601 4
0.0602 8
0.0603 6
0.0604 5
0.0605 3
0.0606 3
0.0607 1
0.0608 1
0.0609 5
0.061 5
0.0611 4
0.0612 2
0.0613 3
0.0614 5
0.0615 0
0.0616 3
0.0617 1
0.0618 1
0.0619 2
0.062 2
0.0621 0
0.0622 1
0.0623 4
0.0624 2
0.0625 4
0.0626 3
0.0627 1
0.0628 1
0.0629 1
0.063 5
0.0631 8
0.0632 3
0.0633 2
0.0634 2
0.0635 3
0.0636 2
0.0637 0
0.0638 2
0.0639 3
0.064 1
0.0641 5
0.0642 1
0.0643 2
0.0644 3
0.0645 3
0.0646 4
0.0647 3
0.0648 4
0.0649 4
0.065 1
0.0651 11
0.0652 15
0.0653 11
0.0654 17
0.0655 11
0.0656 15
0.0657 12
0.0658 7
0.0659 10
0.066 11
0.0661 15
0.0662 22
0.0663 35
0.0664 30
0.0665 41
0.0666 46
0.0667 47
0.0668 41
0.0669 42
0.067 64
0.0671 72
0.0672 101
0.0673 117
0.0674 143
0.0675 157
0.0676 158
0.0677 176
0.0678 179
0.0679 187
0.068 196
0.0681 204
0.0682 216
0.0683 232
0.0684 259
0.0685 251
0.0686 231
0.0687 217
0.0688 219
0.0689 220
0.069 231
0.0691 230
0.0692 223
0.0693 216
0.0694 213
0.0695 208
0.0696 191
0.0697 181
0.0698 182
0.0699 181
0.07 190
0.0701 211
0.0702 221
0.0703 228
0.0704 242
0.0705 271
0.0706 292
0.0707 319
0.0708 336
0.0709 350
0.071 372
0.0711 404
0.0712 419
0.0713 429
0.0714 450
0.0715 456
0.0716 470
0.0717 472
0.0718 456
0.0719 452
0.072 450
0.0721 447
0.0722 431
0.0723 449
0.0724 469
0.0725 481
0.0726 503
0.0727 516
0.0728 548
0.0729 598
0.073 632
0.0731 674
0.0732 674
0.0733 674
0.0734 686
0.0735 701
0.0736 721
0.0737 743
0.0738 738
0.0739 740
0.074 749
0.0741 752
0.0742 747
0.0743 723
0.0744 732
0.0745 723
0.0746 704
0.0747 710
0.0748 698
0.0749 700
0.075 692
0.0751 692
0.0752 695
0.0753 688
0.0754 689
0.0755 700
0.0756 718
0.0757 708
0.0758 697
0.0759 710
0.076 705
0.0761 726
0.0762 729
0.0763 715
0.0764 706
0.0765 686
0.0766 669
0.0767 636
0.0768 639
0.0769 658
0.077 677
0.0771 694
0.0772 714
0.0773 740
0.0774 768
0.0775 808
0.0776 836
0.0777 864
0.0778 873
0.0779 888
0.078 887
0.0781 901
0.0782 894
0.0783 884
0.0784 883
0.0785 885
0.0786 882
0.0787 881
0.0788 855
0.0789 852
0.079 844
0.0791 856
0.0792 839
0.0793 828
0.0794 806
0.0795 768
0.0796 771
0.0797 777
0.0798 791
0.0799 815
0.08 812
0.0801 825
0.0802 834
0.0803 837
0.0804 839
0.0805 831
0.0806 815
0.0807 829
0.0808 847
0.0809 860
0.081 857
0.0811 865
0.0812 850
0.0813 849
0.0814 843
0.0815 831
0.0816 848
0.0817 848
0.0818 870
0.0819 876
0.082 857
0.0821 834
0.0822 818
0.0823 812
0.0824 796
0.0825 789
0.0826 783
0.0827 784
0.0828 786
0.0829 778
0.083 792
0.0831 781
0.0832 782
0.0833 791
0.0834 787
0.0835 787
0.0836 753
0.0837 722
0.0838 719
0.0839 704
0.084 709
0.0841 697
0.0842 715
0.0843 705
0.0844 686
0.0845 648
0.0846 634
0.0847 628
0.0848 624
0.0849 604
0.085 579
0.0851 561
0.0852 557
0.0853 558
0.0854 554
0.0855 537
0.0856 524
0.0857 512
0.0858 506
0.0859 505
0.086 514
0.0861 510
0.0862 498
0.0863 463
0.0864 447
0.0865 420
0.0866 400
0.0867 378
0.0868 361
0.0869 359
0.087 336
0.0871 331
0.0872 332
0.0873 326
0.0874 315
0.0875 306
0.0876 293
0.0877 287
0.0878 282
0.0879 261
0.088 263
0.0881 281
0.0882 254
0.0883 228
0.0884 223
0.0885 210
0.0886 214
0.0887 186
0.0888 156
0.0889 129
0.089 113
0.0891 95
0.0892 86
0.0893 79
0.0894 65
0.0895 58
0.0896 54
0.0897 40
0.0898 38
0.0899 26
0.09 19
0.0901 22
0.0902 19
0.0903 11
0.0904 11
0.0905 8
0.0906 9
0.0907 6
0.0908 7
0.0909 3
0.091 3
0.0911 8
0.0912 2
0.0913 3
0.0914 4
0.0915 4
0.0916 2
0.0917 1
0.0918 3
0.0919 0
0.092 2
0.0921 0
0.0922 0
0.0923 2
0.0924 0
0.0925 0
0.0926 1
0.0927 2
0.0928 2
0.0929 1
0.093 0
0.0931 0
0.0932 0
0.0933 2
0.0934 1
0.0935 0
0.0936 0
0.0937 0
0.0938 0
0.0939 1
0.094 2
0.0941 0
0.0942 0
0.0943 1
0.0944 0
0.0945 1
0.0946 0
0.0947 0
0.0948 0
0.0949 0
0.095 0
0.0951 0
0.0952 2
0.0953 0
0.0954 1
0.0955 2
0.0956 0
0.0957 1
0.0958 0
0.0959 1
0.096 1
0.0961 0
0.0962 0
0.0963 0
0.0964 0
0.0965 0
0.0966 1
0.0967 1
0.0968 1
0.0969 0
0.097 0
0.0971 0
0.0972 1
0.0973 0
0.0974 0
0.0975 1
0.0976 1
0.0977 0
0.0978 0
0.0979 0
0.098 0
0.0981 0
0.0982 0
0.0983 0
0.0984 0
0.0985 0
0.0986 0
0.0987 0
0.0988 1
0.0989 0
0.099 2
0.0991 0
0.0992 0
0.0993 1
0.0994 0
0.0995 2
0.0996 2
0.0997 0
0.0998 1
0.0999 0
0.1 0
0.1001 1
0.1002 1
0.1003 1
0.1004 1
0.1005 0
0.1006 0
0.1007 0
0.1008 0
0.1009 0
0.101 0
0.1011 0
0.1012 0
0.1013 1
0.1014 0
0.1015 1
0.1016 0
0.1017 0
0.1018 0
0.1019 0
0.102 1
0.1021 0
0.1022 1
0.1023 0
0.1024 1
0.1025 1
0.1026 0
0.1027 0
0.1028 1
0.1029 0
0.103 0
0.1031 1
0.1032 0
0.1033 2
0.1034 0
0.1035 2
0.1036 0
0.1037 1
0.1038 1
0.1039 1
0.104 0
0.1041 2
0.1042 0
0.1043 0
0.1044 0
0.1045 1
0.1046 1
0.1047 1
0.1048 5
0.1049 0
0.105 1
0.1051 1
0.1052 3
0.1053 0
0.1054 1
0.1055 0
0.1056 1
0.1057 2
0.1058 1
0.1059 0
0.106 1
0.1061 0
0.1062 1
0.1063 1
0.1064 2
0.1065 1
0.1066 0
0.1067 0
0.1068 1
0.1069 0
0.107 1
0.1071 2
0.1072 0
0.1073 1
0.1074 0
0.1075 0
0.1076 1
0.1077 1
0.1078 0
0.1079 0
0.108 1
0.1081 0
0.1082 1
0.1083 0
0.1084 0
0.1085 2
0.1086 1
0.1087 0
0.1088 2
0.1089 2
0.109 0
0.1091 3
0.1092 3
0.1093 11
0.1094 3
0.1095 2
0.1096 0
0.1097 0
0.1098 3
0.1099 0
0.11 1
0.1101 2
0.1102 1
0.1103 3
0.1104 0
0.1105 1
0.1106 0
0.1107 0
0.1108 1
0.1109 1
0.111 0
0.1111 0
0.1112 0
0.1113 0
0.1114 3
0.1115 0
0.1116 0
0.1117 0
0.1118 1
0.1119 0
0.112 0
0.1121 1
0.1122 1
0.1123 1
0.1124 1
0.1125 0
0.1126 0
0.1127 0
0.1128 0
0.1129 0
0.113 2
0.1131 1
0.1132 0
0.1133 1
0.1134 0
0.1135 0
0.1136 0
0.1137 1
0.1138 0
0.1139 0
0.114 0
0.1141 1
0.1142 2
0.1143 0
0.1144 0
0.1145 0
0.1146 2
0.1147 0
0.1148 0
0.1149 4
0.115 1
0.1151 2
0.1152 2
0.1153 3
0.1154 1
0.1155 3
0.1156 1
0.1157 6
0.1158 1
0.1159 4
0.116 4
0.1161 5
0.1162 0
0.1163 5
0.1164 3
0.1165 5
0.1166 4
0.1167 3
0.1168 4
0.1169 7
0.117 5
0.1171 3
0.1172 2
0.1173 0
0.1174 4
0.1175 2
0.1176 3
0.1177 1
0.1178 3
0.1179 3
0.118 3
0.1181 3
0.1182 4
0.1183 4
0.1184 3
0.1185 1
0.1186 5
0.1187 1
0.1188 4
0.1189 1
0.119 3
0.1191 0
0.1192 2
0.1193 1
0.1194 0
0.1195 3
0.1196 3
0.1197 0
0.1198 1
0.1199 0
0.12 1
0.1201 0
0.1202 1
0.1203 2
0.1204 2
0.1205 1
0.1206 1
0.1207 3
0.1208 0
0.1209 0
0.121 2
0.1211 2
0.1212 0
0.1213 3
0.1214 0
0.1215 3
0.1216 0
0.1217 0
0.1218 2
0.1219 1
0.122 2
0.1221 1
0.1222 0
0.1223 1
0.1224 1
0.1225 0
0.1226 0
0.1227 0
0.1228 0
0.1229 0
0.123 0
0.1231 0
0.1232 3
0.1233 1
0.1234 0
0.1235 1
0.1236 1
0.1237 0
0.1238 1
0.1239 3
0.124 2
0.1241 2
0.1242 1
0.1243 2
0.1244 2
0.1245 3
0.1246 1
0.1247 2
0.1248 0
0.1249 7
0.125 5
0.1251 2
0.1252 1
0.1253 0
0.1254 0
0.1255 0
0.1256 0
0.1257 0
0.1258 3
0.1259 1
0.126 0
0.1261 2
0.1262 0
0.1263 0
0.1264 0
0.1265 2
0.1266 1
0.1267 1
0.1268 0
0.1269 0
0.127 1
0.1271 1
0.1272 0
0.1273 1
0.1274 2
0.1275 1
0.1276 0
0.1277 3
0.1278 1
0.1279 1
0.128 3
0.1281 3
0.1282 2
0.1283 8
0.1284 10
0.1285 3
0.1286 4
0.1287 2
0.1288 6
0.1289 9
0.129 11
0.1291 14
0.1292 17
0.1293 18
0.1294 22
0.1295 22
0.1296 14
0.1297 13
0.1298 13
0.1299 10
0.13 8
0.1301 7
0.1302 10
0.1303 15
0.1304 13
0.1305 6
0.1306 5
0.1307 6
0.1308 6
0.1309 1
0.131 5
0.1311 5
0.1312 6
0.1313 3
0.1314 6
0.1315 3
0.1316 2
0.1317 4
0.1318 1
0.1319 2
0.132 2
0.1321 2
0.1322 3
0.1323 3
0.1324 4
0.1325 2
0.1326 0
0.1327 1
0.1328 5
0.1329 3
0.133 8
0.1331 2
0.1332 5
0.1333 4
0.1334 2
0.1335 2
0.1336 2
0.1337 8
0.1338 15
0.1339 16
0.134 12
0.1341 21
0.1342 12
0.1343 20
0.1344 10
0.1345 4
0.1346 8
0.1347 12
0.1348 15
0.1349 16
0.135 15
0.1351 10
0.1352 26
0.1353 23
0.1354 29
0.1355 37
0.1356 29
0.1357 31
0.1358 55
0.1359 74
0.136 99
0.1361 112
0.1362 126
0.1363 142
0.1364 182
0.1365 221
0.1366 256
0.1367 298
0.1368 340
0.1369 366
0.137 414
0.1371 436
0.1372 482
0.1373 527
0.1374 567
0.1375 568
0.1376 597
0.1377 619
0.1378 644
0.1379 636
0.138 638
0.1381 647
0.1382 651
0.1383 656
0.1384 672
0.1385 701
0.1386 720
0.1387 734
0.1388 735
0.1389 740
0.139 720
0.1391 717
0.1392 716
0.1393 726
0.1394 744
0.1395 757
0.1396 774
0.1397 802
0.1398 824
0.1399 833
0.14 836
0.1401 845
0.1402 834
0.1403 835
0.1404 848
0.1405 846
0.1406 842
0.1407 833
0.1408 840
0.1409 872
0.141 914
0.1411 935
0.1412 948
0.1413 953
0.1414 961
0.1415 989
0.1416 995
0.1417 1006
0.1418 1011
0.1419 1047
0.142 1072
0.1421 1094
0.1422 1099
0.1423 1089
0.1424 1108
0.1425 1108
0.1426 1108
0.1427 1100
0.1428 1093
0.1429 1085
0.143 1087
0.1431 1098
0.1432 1101
0.1433 1120
0.1434 1099
0.1435 1114
0.1436 1126
0.1437 1132
0.1438 1151
0.1439 1153
0.144 1149
0.1441 1184
0.1442 1189
0.1443 1226
0.1444 1251
0.1445 1283
0.1446 1279
0.1447 1300
0.1448 1299
0.1449 1299
0.145 1281
0.1451 1265
0.1452 1277
0.1453 1287
0.1454 1266
0.1455 1262
0.1456 1262
0.1457 1258
0.1458 1258
0.1459 1235
0.146 1223
0.1461 1247
0.1462 1246
0.1463 1246
0.1464 1247
0.1465 1241
0.1466 1233
0.1467 1232
0.1468 1232
0.1469 1227
0.147 1205
0.1471 1211
0.1472 1214
0.1473 1198
0.1474 1186
0.1475 1178
0.1476 1182
0.1477 1170
0.1478 1168
0.1479 1140
0.148 1114
0.1481 1088
0.1482 1055
0.1483 1062
0.1484 1064
0.1485 1075
0.1486 1078
0.1487 1102
0.1488 1112
0.1489 1109
0.149 1077
0.1491 1098
0.1492 1092
0.1493 1081
0.1494 1086
0.1495 1109
0.1496 1090
0.1497 1095
0.1498 1086
0.1499 1080
0.15 1089
0.1501 1082
0.1502 1094
0.1503 1087
0.1504 1084
0.1505 1070
0.1506 1041
0.1507 1033
0.1508 1019
0.1509 1006
0.151 1002
0.1511 994
0.1512 1004
0.1513 1004
0.1514 983
0.1515 992
0.1516 980
0.1517 984
0.1518 965
0.1519 954
0.152 937
0.1521 929
0.1522 920
0.1523 904
0.1524 891
0.1525 897
0.1526 903
0.1527 893
0.1528 875
0.1529 872
0.153 866
0.1531 877
0.1532 860
0.1533 855
0.1534 830
0.1535 800
0.1536 771
0.1537 760
0.1538 757
0.1539 742
0.154 730
0.1541 713
0.1542 737
0.1543 727
0.1544 739
0.1545 734
0.1546 727
0.1547 743
0.1548 744
0.1549 732
0.155 714
0.1551 697
0.1552 672
0.1553 665
0.1554 641
0.1555 605
0.1556 577
0.1557 554
0.1558 532
0.1559 512
0.156 486
0.1561 468
0.1562 455
0.1563 444
0.1564 437
0.1565 406
0.1566 382
0.1567 360
0.1568 335
0.1569 325
0.157 285
0.1571 262
0.1572 246
0.1573 223
0.1574 208
0.1575 188
0.1576 182
0.1577 176
0.1578 162
0.1579 130
0.158 110
0.1581 84
0.1582 77
0.1583 54
0.1584 32
0.1585 21
0.1586 21
0.1587 3
0.1588 3
0.1589 3
0.159 2
0.1591 5
0.1592 4
0.1593 3
0.1594 2
0.1595 0
0.1596 1
0.1597 1
0.1598 0
0.1599 1
0.16 0
0.1601 2
0.1602 1
0.1603 1
0.1604 3
0.1605 1
0.1606 0
0.1607 1
0.1608 2
0.1609 1
0.161 1
0.1611 0
0.1612 0
0.1613 0
0.1614 0
0.1615 1
0.1616 0
0.1617 0
0.1618 0
0.1619 0
0.162 0
0.1621 0
0.1622 0
0.1623 0
0.1624 1
0.1625 0
0.1626 0
0.1627 0
0.1628 0
0.1629 0
0.163 0
0.1631 1
0.1632 0
0.1633 0
0.1634 1
0.1635 0
0.1636 0
0.1637 0
0.1638 0
0.1639 0
0.164 0
0.1641 0
0.1642 0
0.1643 0
0.1644 1
0.1645 0
0.1646 0
0.1647 0
0.1648 1
0.1649 0
0.165 0
0.1651 0
0.1652 0
0.1653 1
0.1654 0
0.1655 1
0.1656 0
0.1657 0
0.1658 2
0.1659 1
0.166 3
0.1661 0
0.1662 0
0.1663 0
0.1664 1
0.1665 0
0.1666 0
0.1667 0
0.1668 0
0.1669 0
0.167 1
0.1671 0
0.1672 1
0.1673 0
0.1674 1
0.1675 0
0.1676 0
0.1677 0
0.1678 0
0.1679 2
0.168 0
0.1681 0
0.1682 0
0.1683 0
0.1684 0
0.1685 0
0.1686 0
0.1687 1
0.1688 0
0.1689 1
0.169 0
0.1691 2
0.1692 1
0.1693 0
0.1694 2
0.1695 0
0.1696 1
0.1697 2
0.1698 0
0.1699 1
0.17 1
0.1701 1
0.1702 3
0.1703 0
0.1704 0
0.1705 1
0.1706 0
0.1707 1
0.1708 0
0.1709 1
0.171 2
0.1711 2
0.1712 0
0.1713 0
0.1714 0
0.1715 2
0.1716 0
0.1717 1
0.1718 1
0.1719 1
0.172 2
0.1721 0
0.1722 1
0.1723 0
0.1724 1
0.1725 0
0.1726 1
0.1727 0
0.1728 1
0.1729 0
0.173 1
0.1731 0
0.1732 1
0.1733 0
0.1734 0
0.1735 0
0.1736 0
0.1737 2
0.1738 1
0.1739 4
0.174 3
0.1741 1
0.1742 0
0.1743 0
0.1744 2
0.1745 0
0.1746 1
0.1747 0
0.1748 3
0.1749 2
0.175 0
0.1751 0
0.1752 0
0.1753 2
0.1754 0
0.1755 0
0.1756 0
0.1757 0
0.1758 0
0.1759 0
0.176 0
0.1761 1
0.1762 0
0.1763 1
0.1764 0
0.1765 0
0.1766 1
0.1767 0
0.1768 0
0.1769 0
0.177 0
0.1771 0
0.1772 1
0.1773 0
0.1774 1
0.1775 0
0.1776 3
0.1777 0
0.1778 0
0.1779 2
0.178 0
0.1781 0
0.1782 0
0.1783 0
0.1784 0
0.1785 0
0.1786 0
0.1787 1
0.1788 0
0.1789 0
0.179 0
0.1791 0
0.1792 0
0.1793 0
0.1794 0
0.1795 1
0.1796 1
0.1797 0
0.1798 0
0.1799 0
0.18 2
0.1801 0
0.1802 0
0.1803 2
0.1804 1
0.1805 1
0.1806 1
0.1807 0
0.1808 4
0.1809 2
0.181 0
0.1811 0
0.1812 1
0.1813 0
0.1814 1
0.1815 2
0.1816 2
0.1817 3
0.1818 2
0.1819 1
0.182 0
0.1821 0
0.1822 0
0.1823 3
0.1824 1
0.1825 0
0.1826 5
0.1827 0
0.1828 3
0.1829 0
0.183 0
0.1831 1
0.1832 3
0.1833 0
0.1834 0
0.1835 2
0.1836 0
0.1837 0
0.1838 0
0.1839 0
0.184 0
0.1841 1
0.1842 2
0.1843 0
0.1844 0
0.1845 2
0.1846 2
0.1847 1
0.1848 2
0.1849 0
0.185 0
0.1851 0
0.1852 0
0.1853 1
0.1854 0
0.1855 0
0.1856 0
0.1857 0
0.1858 0
0.1859 0
0.186 0
0.1861 1
0.1862 0
0.1863 1
0.1864 1
0.1865 0
0.1866 1
0.1867 0
0.1868 0
0.1869 4
0.187 1
0.1871 0
0.1872 0
0.1873 0
0.1874 1
0.1875 2
0.1876 0
0.1877 0
0.1878 1
0.1879 3
0.188 1
0.1881 3
0.1882 1
0.1883 1
0.1884 0
0.1885 3
0.1886 1
0.1887 0
0.1888 2
0.1889 0
0.189 1
0.1891 2
0.1892 1
0.1893 1
0.1894 2
0.1895 1
0.1896 2
0.1897 0
0.1898 4
0.1899 1
0.19 1
0.1901 0
0.1902 1
0.1903 1
0.1904 3
0.1905 1
0.1906 2
0.1907 1
0.1908 5
0.1909 0
0.191 0
0.1911 1
0.1912 0
0.1913 4
0.1914 2
0.1915 2
0.1916 1
0.1917 6
0.1918 3
0.1919 0
0.192 3
0.1921 1
0.1922 1
0.1923 1
0.1924 2
0.1925 1
0.1926 1
0.1927 6
0.1928 10
0.1929 6
0.193 12
0.1931 7
0.1932 12
0.1933 7
0.1934 4
0.1935 5
0.1936 2
0.1937 1
0.1938 3
0.1939 2
0.194 1
0.1941 1
0.1942 3
0.1943 8
0.1944 12
0.1945 20
0.1946 27
0.1947 29
0.1948 25
0.1949 42
0.195 46
0.1951 51
0.1952 62
0.1953 72
0.1954 97
0.1955 98
0.1956 91
0.1957 106
0.1958 126
0.1959 140
0.196 167
0.1961 183
0.1962 226
0.1963 260
0.1964 278
0.1965 306
0.1966 333
0.1967 363
0.1968 393
0.1969 417
0.197 448
0.1971 478
0.1972 485
0.1973 481
0.1974 477
0.1975 469
0.1976 453
0.1977 461
0.1978 466
0.1979 463
0.198 485
0.1981 502
0.1982 505
0.1983 498
0.1984 494
0.1985 507
0.1986 541
0.1987 562
0.1988 572
0.1989 580
0.199 600
0.1991 618
0.1992 633
0.1993 650
0.1994 678
0.1995 701
0.1996 731
0.1997 759
0.1998 779
0.1999 783
0.2 808
0.2001 820
0.2002 817
0.2003 806
0.2004 818
0.2005 821
0.2006 854
0.2007 883
0.2008 881
0.2009 896
0.201 907
0.2011 924
0.2012 941
0.2013 936
0.2014 950
0.2015 956
0.2016 968
0.2017 965
0.2018 994
0.2019 996
0.202 993
0.2021 982
0.2022 993
0.2023 997
0.2024 1002
0.2025 1004
0.2026 1013
0.2027 1012
0.2028 1028
0.2029 1022
0.203 1042
0.2031 1041
0.2032 1045
0.2033 1053
0.2034 1065
0.2035 1072
0.2036 1080
0.2037 1082
0.2038 1098
0.2039 1091
0.204 1073
0.2041 1045
0.2042 1018
0.2043 1019
0.2044 1033
0.2045 1056
0.2046 1090
0.2047 1113
0.2048 1107
0.2049 1084
0.205 1068
0.2051 1055
0.2052 1028
0.2053 1007
0.2054 989
0.2055 996
0.2056 994
0.2057 994
0.2058 1006
0.2059 998
0.206 992
0.2061 1015
0.2062 1025
0.2063 1022
0.2064 1029
0.2065 1017
0.2066 1009
0.2067 989
0.2068 973
0.2069 969
0.207 959
0.2071 951
0.2072 933
0.2073 931
0.2074 930
0.2075 949
0.2076 945
0.2077 965
0.2078 964
0.2079 937
0.208 896
0.2081 908
0.2082 925
0.2083 926
0.2084 943
0.2085 957
0.2086 991
0.2087 1000
0.2088 1011
0.2089 1004
0.209 1014
0.2091 1021
0.2092 1013
0.2093 1021
0.2094 999
0.2095 971
0.2096 953
0.2097 941
0.2098 908
0.2099 880
0.21 852
0.2101 818
0.2102 778
0.2103 757
0.2104 734
0.2105 725
0.2106 721
0.2107 699
0.2108 676
0.2109 658
0.211 612
0.2111 576
0.2112 524
0.2113 489
0.2114 439
0.2115 401
0.2116 353
0.2117 329
0.2118 310
0.2119 282
0.212 250
0.2121 255
0.2122 233
0.2123 246
0.2124 236
0.2125 237
0.2126 247
0.2127 254
0.2128 257
0.2129 278
0.213 269
0.2131 264
0.2132 263
0.2133 237
0.2134 238
0.2135 224
0.2136 196
0.2137 165
0.2138 136
0.2139 112
0.214 84
0.2141 82
0.2142 72
0.2143 70
0.2144 78
0.2145 67
0.2146 70
0.2147 70
0.2148 72
0.2149 69
0.215 70
0.2151 77
0.2152 59
0.2153 59
0.2154 42
0.2155 24
0.2156 17
0.2157 18
0.2158 5
0.2159 6
0.216 4
0.2161 5
0.2162 0
0.2163 1
0.2164 2
0.2165 2
0.2166 2
0.2167 0
0.2168 0
0.2169 0
0.217 1
0.2171 0
0.2172 0
0.2173 1
0.2174 1
0.2175 1
0.2176 0
0.2177 2
0.2178 0
0.2179 0
0.218 0
0.2181 1
0.2182 1
0.2183 0
0.2184 0
0.2185 1
0.2186 0
0.2187 0
0.2188 0
0.2189 0
0.219 0
0.2191 0
0.2192 0
0.2193 0
0.2194 0
0.2195 0
0.2196 0
0.2197 1
0.2198 0
0.2199 1
0.22 1
0.2201 0
0.2202 0
0.2203 0
0.2204 1
0.2205 0
0.2206 0
0.2207 0
0.2208 0
0.2209 2
0.221 1
0.2211 0
0.2212 0
0.2213 1
0.2214 0
0.2215 0
0.2216 0
0.2217 0
0.2218 1
0.2219 0
0.222 0
0.2221 1
0.2222 1
0.2223 2
0.2224 1
0.2225 0
0.2226 0
0.2227 1
0.2228 0
0.2229 0
0.223 0
0.2231 0
0.2232 0
0.2233 1
0.2234 0
0.2235 0
0.2236 0
0.2237 0
0.2238 0
0.2239 0
0.224 0
0.2241 0
0.2242 1
0.2243 0
0.2244 0
0.2245 1
0.2246 1
0.2247 1
0.2248 3
0.2249 3
0.225 0
0.2251 2
0.2252 1
0.2253 1
0.2254 0
0.2255 1
0.2256 0
0.2257 0
0.2258 0
0.2259 1
0.226 4
0.2261 1
0.2262 1
0.2263 2
0.2264 0
0.2265 0
0.2266 0
0.2267 0
0.2268 0
0.2269 0
0.227 2
0.2271 0
0.2272 0
0.2273 0
0.2274 0
0.2275 0
0.2276 1
0.2277 0
0.2278 0
0.2279 0
0.228 2
0.2281 0
0.2282 0
0.2283 1
0.2284 1
0.2285 1
0.2286 0
0.2287 1
0.2288 2
0.2289 0
0.229 3
0.2291 1
0.2292 2
0.2293 7
0.2294 3
0.2295 2
0.2296 0
0.2297 1
0.2298 2
0.2299 1
0.23 2
0.2301 1
0.2302 1
0.2303 0
0.2304 0
0.2305 0
0.2306 2
0.2307 0
0.2308 0
0.2309 1
0.231 0
0.2311 0
0.2312 0
0.2313 0
0.2314 0
0.2315 1
0.2316 0
0.2317 1
0.2318 0
0.2319 0
0.232 0
0.2321 0
0.2322 0
0.2323 0
0.2324 0
0.2325 0
0.2326 0
0.2327 0
0.2328 0
0.2329 0
0.233 1
0.2331 1
0.2332 3
0.2333 0
0.2334 1
0.2335 1
0.2336 0
0.2337 1
0.2338 0
0.2339 0
0.234 2
0.2341 0
0.2342 3
0.2343 3
0.2344 3
0.2345 0
0.2346 1
0.2347 0
0.2348 0
0.2349 0
0.235 0
0.2351 0
0.2352 2
0.2353 0
0.2354 2
0.2355 1
0.2356 0
0.2357 0
0.2358 0
0.2359 2
0.236 0
0.2361 2
0.2362 1
0.2363 1
0.2364 0
0.2365 1
0.2366 2
0.2367 5
0.2368 3
0.2369 7
0.237 1
0.2371 2
0.2372 3
0.2373 1
0.2374 3
0.2375 3
0.2376 3
0.2377 1
0.2378 4
0.2379 3
0.238 1
0.2381 1
0.2382 0
0.2383 1
0.2384 0
0.2385 3
0.2386 7
0.2387 6
0.2388 7
0.2389 2
0.239 0
0.2391 2
0.2392 2
0.2393 3
0.2394 1
0.2395 0
0.2396 1
0.2397 1
0.2398 2
0.2399 0
0.24 1
0.2401 0
0.2402 0
0.2403 0
0.2404 2
0.2405 0
0.2406 1
0.2407 1
0.2408 0
0.2409 0
0.241 1
0.2411 0
0.2412 1
0.2413 1
0.2414 0
0.2415 2
0.2416 1
0.2417 2
0.2418 2
0.2419 3
0.242 5
0.2421 2
0.2422 4
0.2423 5
0.2424 3
0.2425 1
0.2426 2
0.2427 4
0.2428 1
0.2429 1
0.243 3
0.2431 4
0.2432 3
0.2433 2
0.2434 0
0.2435 1
0.2436 0
0.2437 2
0.2438 1
0.2439 1
0.244 1
0.2441 0
0.2442 0
0.2443 1
0.2444 1
0.2445 5
0.2446 0
0.2447 3
0.2448 1
0.2449 1
0.245 1
0.2451 0
0.2452 2
0.2453 1
0.2454 1
0.2455 2
0.2456 0
0.2457 1
0.2458 1
0.2459 0
0.246 1
0.2461 0
0.2462 0
0.2463 1
0.2464 1
0.2465 3
0.2466 4
0.2467 2
0.2468 2
0.2469 0
0.247 0
0.2471 1
0.2472 1
0.2473 0
0.2474 1
0.2475 0
0.2476 0
0.2477 0
0.2478 0
0.2479 0
0.248 0
0.2481 2
0.2482 0
0.2483 2
0.2484 0
0.2485 3
0.2486 0
0.2487 1
0.2488 1
0.2489 0
0.249 0
0.2491 0
0.2492 1
0.2493 2
0.2494 0
0.2495 0
0.2496 0
0.2497 0
0.2498 0
0.2499 0
0.25 0
