0 910
0.0001 693
0.0002 585
0.0003 484
0.0004 440
0.0005 397
0.0006 369
0.0007 345
0.0008 332
0.0009 346
0.001 334
0.0011 325
0.0012 298
0.0013 287
0.0014 305
0.0015 295
0.0016 293
0.0017 285
0.0018 288
0.0019 295
0.002 287
0.0021 281
0.0022 290
0.0023 290
0.0024 277
0.0025 281
0.0026 274
0.0027 258
0.0028 251
0.0029 252
0.003 264
0.0031 264
0.0032 270
0.0033 280
0.0034 264
0.0035 262
0.0036 254
0.0037 254
0.0038 264
0.0039 256
0.004 262
0.0041 266
0.0042 246
0.0043 261
0.0044 241
0.0045 249
0.0046 252
0.0047 260
0.0048 249
0.0049 272
0.005 276
0.0051 273
0.0052 249
0.0053 253
0.0054 261
0.0055 248
0.0056 256
0.0057 278
0.0058 272
0.0059 244
0.006 246
0.0061 264
0.0062 249
0.0063 236
0.0064 249
0.0065 242
0.0066 238
0.0067 236
0.0068 212
0.0069 223
0.007 235
0.0071 250
0.0072 256
0.0073 257
0.0074 248
0.0075 245
0.0076 242
0.0077 228
0.0078 225
0.0079 216
0.008 220
0.0081 224
0.0082 218
0.0083 215
0.0084 224
0.0085 210
0.0086 210
0.0087 197
0.0088 207
0.0089 204
0.009 214
0.0091 200
0.0092 188
0.0093 196
0.0094 187
0.0095 198
0.0096 219
0.0097 219
0.0098 218
0.0099 225
0.01 229
0.0101 232
0.0102 232
0.0103 227
0.0104 203
0.0105 185
0.0106 189
0.0107 204
0.0108 190
0.0109 194
0.011 197
0.0111 197
0.0112 182
0.0113 181
0.0114 193
0.0115 197
0.0116 217
0.0117 215
0.0118 204
0.0119 200
0.012 194
0.0121 198
0.0122 202
0.0123 207
0.0124 203
0.0125 185
0.0126 193
0.0127 199
0.0128 217
0.0129 206
0.013 198
0.0131 193
0.0132 191
0.0133 192
0.0134 190
0.0135 185
0.0136 182
0.0137 196
0.0138 190
0.0139 206
0.014 196
0.0141 197
0.0142 188
0.0143 185
0.0144 176
0.0145 161
0.0146 163
0.0147 168
0.0148 172
0.0149 164
0.015 174
0.0151 171
0.0152 163
0.0153 169
0.0154 171
0.0155 165
0.0156 176
0.0157 181
0.0158 169
0.0159 145
0.016 159
0.0161 166
0.0162 164
0.0163 163
0.0164 172
0.0165 176
0.0166 196
0.0167 177
0.0168 167
0.0169 163
0.017 172
0.0171 169
0.0172 175
0.0173 166
0.0174 173
0.0175 179
0.0176 175
0.0177 165
0.0178 163
0.0179 161
0.018 156
0.0181 166
0.0182 154
0.0183 143
0.0184 150
0.0185 144
0.0186 149
0.0187 140
0.0188 143
0.0189 150
0.019 148
0.0191 152
0.0192 148
0.0193 135
0.0194 137
0.0195 145
0.0196 146
0.0197 161
0.0198 149
0.0199 145
0.02 137
0.0201 137
0.0202 135
0.0203 143
0.0204 137
0.0205 136
0.0206 128
0.0207 119
0.0208 141
0.0209 133
0.021 132
0.0211 137
0.0212 150
0.0213 141
0.0214 145
0.0215 143
0.0216 146
0.0217 141
0.0218 142
0.0219 135
0.022 128
0.0221 146
0.0222 135
0.0223 133
0.0224 121
0.0225 126
0.0226 132
0.0227 131
0.0228 137
0.0229 133
0.023 140
0.0231 140
0.0232 144
0.0233 139
0.0234 137
0.0235 123
0.0236 137
0.0237 134
0.0238 137
0.0239 140
0.024 142
0.0241 148
0.0242 149
0.0243 150
0.0244 145
0.0245 140
0.0246 117
0.0247 122
0.0248 132
0.0249 137
0.025 143
0.0251 137
0.0252 132
0.0253 125
0.0254 128
0.0255 121
0.0256 120
0.0257 113
0.0258 109
0.0259 116
0.026 109
0.0261 127
0.0262 117
0.0263 134
0.0264 131
0.0265 128
0.0266 125
0.0267 120
0.0268 113
0.0269 103
0.027 106
0.0271 104
0.0272 119
0.0273 124
0.0274 114
0.0275 116
0.0276 117
0.0277 109
0.0278 112
0.0279 106
0.028 113
0.0281 105
0.0282 107
0.0283 115
0.0284 102
0.0285 105
0.0286 106
0.0287 113
0.0288 118
0.0289 119
0.029 114
0.0291 117
0.0292 113
0.0293 114
0.0294 124
0.0295 134
0.0296 121
0.0297 126
0.0298 135
0.0299 129
0.03 122
0.0301 120
0.0302 130
0.0303 130
0.0304 134
0.0305 133
0.0306 130
0.0307 127
0.0308 131
0.0309 123
0.031 117
0.0311 123
0.0312 132
0.0313 122
0.0314 128
0.0315 123
0.0316 121
0.0317 114
0.0318 116
0.0319 117
0.032 126
0.0321 105
0.0322 103
0.0323 101
0.0324 97
0.0325 94
0.0326 107
0.0327 104
0.0328 105
0.0329 94
0.033 99
0.0331 98
0.0332 96
0.0333 93
0.0334 93
0.0335 93
0.0336 94
0.0337 84
0.0338 94
0.0339 94
0.034 97
0.0341 102
0.0342 95
0.0343 89
0.0344 98
0.0345 99
0.0346 103
0.0347 89
0.0348 97
0.0349 89
0.035 97
0.0351 93
0.0352 99
0.0353 88
0.0354 83
0.0355 97
0.0356 97
0.0357 90
0.0358 99
0.0359 93
0.036 104
0.0361 105
0.0362 101
0.0363 101
0.0364 86
0.0365 87
0.0366 79
0.0367 80
0.0368 79
0.0369 79
0.037 87
0.0371 89
0.0372 90
0.0373 93
0.0374 87
0.0375 81
0.0376 90
0.0377 99
0.0378 97
0.0379 94
0.038 102
0.0381 102
0.0382 98
0.0383 96
0.0384 82
0.0385 88
0.0386 97
0.0387 89
0.0388 94
0.0389 79
0.039 77
0.0391 76
0.0392 81
0.0393 97
0.0394 99
0.0395 93
0.0396 93
0.0397 84
0.0398 89
0.0399 88
0.04 89
0.0401 84
0.0402 89
0.0403 85
0.0404 91
0.0405 73
0.0406 79
0.0407 85
0.0408 88
0.0409 95
0.041 96
0.0411 91
0.0412 102
0.0413 89
0.0414 90
0.0415 86
0.0416 98
0.0417 85
0.0418 80
0.0419 82
0.042 83
0.0421 99
0.0422 96
0.0423 90
0.0424 86
0.0425 88
0.0426 82
0.0427 79
0.0428 88
0.0429 86
0.043 82
0.0431 90
0.0432 94
0.0433 91
0.0434 88
0.0435 94
0.0436 87
0.0437 90
0.0438 96
0.0439 93
0.044 98
0.0441 105
0.0442 93
0.0443 92
0.0444 81
0.0445 80
0.0446 82
0.0447 83
0.0448 83
0.0449 86
0.045 78
0.0451 76
0.0452 71
0.0453 72
0.0454 88
0.0455 87
0.0456 83
0.0457 76
0.0458 74
0.0459 81
0.046 76
0.0461 83
0.0462 84
0.0463 87
0.0464 102
0.0465 98
0.0466 94
0.0467 84
0.0468 87
0.0469 86
0.047 75
0.0471 82
0.0472 78
0.0473 83
0.0474 81
0.0475 80
0.0476 81
0.0477 80
0.0478 82
0.0479 83
0.048 85
0.0481 74
0.0482 82
0.0483 70
0.0484 81
0.0485 73
0.0486 65
0.0487 71
0.0488 73
0.0489 73
0.049 72
0.0491 78
0.0492 75
0.0493 78
0.0494 78
0.0495 68
0.0496 60
0.0497 71
0.0498 63
0.0499 74
0.05 72
0.0501 60
0.0502 62
0.0503 69
0.0504 72
0.0505 76
0.0506 81
0.0507 84
0.0508 73
0.0509 69
0.051 67
0.0511 68
0.0512 71
0.0513 78
0.0514 73
0.0515 75
0.0516 72
0.0517 77
0.0518 77
0.0519 70
0.052 73
0.0521 67
0.0522 73
0.0523 65
0.0524 63
0.0525 53
0.0526 62
0.0527 53
0.0528 57
0.0529 64
0.053 61
0.0531 62
0.0532 68
0.0533 70
0.0534 68
0.0535 70
0.0536 75
0.0537 75
0.0538 80
0.0539 77
0.054 80
0.0541 77
0.0542 78
0.0543 73
0.0544 63
0.0545 64
0.0546 62
0.0547 63
0.0548 71
0.0549 69
0.055 63
0.0551 64
0.0552 58
0.0553 74
0.0554 63
0.0555 68
0.0556 70
0.0557 67
0.0558 65
0.0559 65
0.056 63
0.0561 77
0.0562 73
0.0563 71
0.0564 61
0.0565 59
0.0566 61
0.0567 63
0.0568 62
0.0569 64
0.057 67
0.0571 64
0.0572 63
0.0573 73
0.0574 74
0.0575 68
0.0576 66
0.0577 71
0.0578 76
0.0579 71
0.058 67
0.0581 64
0.0582 78
0.0583 79
0.0584 79
0.0585 72
0.0586 74
0.0587 75
0.0588 67
0.0589 71
0.059 68
0.0591 66
0.0592 66
0.0593 61
0.0594 60
0.0595 66
0.0596 65
0.0597 75
0.0598 66
0.0599 65
0.06 58
0.0601 61
0.0602 67
0.0603 65
0.0604 68
0.0605 60
0.0606 59
0.0607 56
0.0608 62
0.0609 64
0.061 58
0.0611 54
0.0612 49
0.0613 58
0.0614 63
0.0615 59
0.0616 56
0.0617 59
0.0618 59
0.0619 64
0.062 61
0.0621 64
0.0622 58
0.0623 62
0.0624 67
0.0625 66
0.0626 62
0.0627 64
0.0628 66
0.0629 68
0.063 65
0.0631 67
0.0632 82
0.0633 84
0.0634 77
0.0635 75
0.0636 63
0.0637 57
0.0638 64
0.0639 56
0.064 66
0.0641 59
0.0642 61
0.0643 70
0.0644 72
0.0645 69
0.0646 70
0.0647 59
0.0648 60
0.0649 68
0.065 63
0.0651 64
0.0652 60
0.0653 62
0.0654 65
0.0655 61
0.0656 62
0.0657 63
0.0658 62
0.0659 61
0.066 67
0.0661 68
0.0662 59
0.0663 65
0.0664 61
0.0665 64
0.0666 62
0.0667 59
0.0668 57
0.0669 59
0.067 57
0.0671 64
0.0672 72
0.0673 67
0.0674 75
0.0675 84
0.0676 67
0.0677 63
0.0678 65
0.0679 65
0.068 77
0.0681 73
0.0682 75
0.0683 64
0.0684 68
0.0685 76
0.0686 75
0.0687 70
0.0688 70
0.0689 63
0.069 72
0.0691 70
0.0692 76
0.0693 71
0.0694 67
0.0695 61
0.0696 62
0.0697 59
0.0698 64
0.0699 61
0.07 61
0.0701 68
0.0702 66
0.0703 69
0.0704 62
0.0705 60
0.0706 58
0.0707 56
0.0708 56
0.0709 58
0.071 55
0.0711 56
0.0712 55
0.0713 51
0.0714 58
0.0715 67
0.0716 60
0.0717 53
0.0718 62
0.0719 57
0.072 69
0.0721 76
0.0722 70
0.0723 61
0.0724 66
0.0725 63
0.0726 61
0.0727 64
0.0728 65
0.0729 64
0.073 58
0.0731 59
0.0732 52
0.0733 50
0.0734 45
0.0735 51
0.0736 61
0.0737 65
0.0738 56
0.0739 65
0.074 69
0.0741 72
0.0742 69
0.0743 71
0.0744 64
0.0745 66
0.0746 54
0.0747 52
0.0748 56
0.0749 56
0.075 56
0.0751 54
0.0752 46
0.0753 58
0.0754 54
0.0755 52
0.0756 55
0.0757 52
0.0758 61
0.0759 61
0.076 61
0.0761 57
0.0762 53
0.0763 54
0.0764 54
0.0765 58
0.0766 49
0.0767 49
0.0768 52
0.0769 47
0.077 43
0.0771 49
0.0772 52
0.0773 52
0.0774 56
0.0775 51
0.0776 57
0.0777 50
0.0778 53
0.0779 51
0.078 45
0.0781 44
0.0782 44
0.0783 45
0.0784 47
0.0785 46
0.0786 63
0.0787 65
0.0788 63
0.0789 60
0.079 55
0.0791 57
0.0792 60
0.0793 59
0.0794 62
0.0795 54
0.0796 51
0.0797 57
0.0798 53
0.0799 63
0.08 65
0.0801 61
0.0802 60
0.0803 58
0.0804 55
0.0805 54
0.0806 48
0.0807 59
0.0808 59
0.0809 61
0.081 51
0.0811 50
0.0812 54
0.0813 53
0.0814 59
0.0815 63
0.0816 58
0.0817 55
0.0818 56
0.0819 60
0.082 59
0.0821 53
0.0822 62
0.0823 59
0.0824 47
0.0825 55
0.0826 56
0.0827 57
0.0828 65
0.0829 59
0.083 60
0.0831 61
0.0832 58
0.0833 49
0.0834 58
0.0835 46
0.0836 45
0.0837 52
0.0838 53
0.0839 54
0.084 53
0.0841 53
0.0842 50
0.0843 55
0.0844 52
0.0845 55
0.0846 56
0.0847 59
0.0848 62
0.0849 70
0.085 57
0.0851 56
0.0852 61
0.0853 58
0.0854 66
0.0855 55
0.0856 61
0.0857 62
0.0858 61
0.0859 66
0.086 69
0.0861 63
0.0862 57
0.0863 64
0.0864 59
0.0865 65
0.0866 75
0.0867 67
0.0868 70
0.0869 75
0.087 72
0.0871 63
0.0872 61
0.0873 63
0.0874 64
0.0875 64
0.0876 60
0.0877 53
0.0878 60
0.0879 58
0.088 63
0.0881 63
0.0882 61
0.0883 57
0.0884 58
0.0885 47
0.0886 49
0.0887 56
0.0888 53
0.0889 54
0.089 52
0.0891 48
0.0892 44
0.0893 46
0.0894 42
0.0895 53
0.0896 55
0.0897 49
0.0898 58
0.0899 70
0.09 67
0.0901 55
0.0902 55
0.0903 52
0.0904 50
0.0905 47
0.0906 52
0.0907 57
0.0908 59
0.0909 69
0.091 63
0.0911 59
0.0912 53
0.0913 53
0.0914 43
0.0915 47
0.0916 51
0.0917 48
0.0918 48
0.0919 50
0.092 55
0.0921 51
0.0922 55
0.0923 58
0.0924 51
0.0925 56
0.0926 51
0.0927 56
0.0928 49
0.0929 53
0.093 57
0.0931 60
0.0932 61
0.0933 51
0.0934 50
0.0935 58
0.0936 55
0.0937 54
0.0938 56
0.0939 56
0.094 49
0.0941 50
0.0942 54
0.0943 59
0.0944 64
0.0945 67
0.0946 66
0.0947 54
0.0948 60
0.0949 56
0.095 51
0.0951 66
0.0952 63
0.0953 65
0.0954 58
0.0955 55
0.0956 58
0.0957 50
0.0958 52
0.0959 49
0.096 57
0.0961 52
0.0962 56
0.0963 57
0.0964 59
0.0965 66
0.0966 50
0.0967 50
0.0968 51
0.0969 49
0.097 52
0.0971 52
0.0972 59
0.0973 58
0.0974 53
0.0975 56
0.0976 42
0.0977 43
0.0978 51
0.0979 52
0.098 48
0.0981 45
0.0982 45
0.0983 43
0.0984 50
0.0985 51
0.0986 50
0.0987 44
0.0988 50
0.0989 47
0.099 49
0.0991 53
0.0992 53
0.0993 58
0.0994 55
0.0995 51
0.0996 50
0.0997 46
0.0998 47
0.0999 48
0.1 51
