0 0
0.0001 0
0.0002 0
0.0003 0
0.0004 0
0.0005 0
0.0006 0
0.0007 0
0.0008 0
0.0009 0
0.001 0
0.0011 0
0.0012 0
0.0013 0
0.0014 0
0.0015 0
0.0016 0
0.0017 0
0.0018 1
0.0019 1
0.002 1
0.0021 1
0.0022 1
0.0023 2
0.0024 4
0.0025 8
0.0026 8
0.0027 10
0.0028 11
0.0029 12
0.003 14
0.0031 15
0.0032 18
0.0033 18
0.0034 20
0.0035 23
0.0036 25
0.0037 28
0.0038 28
0.0039 31
0.004 35
0.0041 37
0.0042 37
0.0043 36
0.0044 41
0.0045 41
0.0046 45
0.0047 46
0.0048 51
0.0049 53
0.005 57
0.0051 60
0.0052 61
0.0053 62
0.0054 63
0.0055 67
0.0056 73
0.0057 76
0.0058 79
0.0059 84
0.006 85
0.0061 86
0.0062 90
0.0063 96
0.0064 101
0.0065 107
0.0066 112
0.0067 114
0.0068 116
0.0069 121
0.007 123
0.0071 126
0.0072 131
0.0073 138
0.0074 141
0.0075 144
0.0076 145
0.0077 148
0.0078 151
0.0079 155
0.008 158
0.0081 165
0.0082 171
0.0083 175
0.0084 183
0.0085 187
0.0086 190
0.0087 193
0.0088 197
0.0089 200
0.009 207
0.0091 208
0.0092 216
0.0093 220
0.0094 228
0.0095 237
0.0096 242
0.0097 248
0.0098 257
0.0099 261
0.01 267
0.0101 274
0.0102 278
0.0103 280
0.0104 284
0.0105 285
0.0106 291
0.0107 295
0.0108 298
0.0109 307
0.011 309
0.0111 316
0.0112 320
0.0113 323
0.0114 339
0.0115 342
0.0116 350
0.0117 352
0.0118 356
0.0119 362
0.012 368
0.0121 371
0.0122 379
0.0123 385
0.0124 391
0.0125 397
0.0126 405
0.0127 416
0.0128 426
0.0129 433
0.013 439
0.0131 449
0.0132 454
0.0133 464
0.0134 469
0.0135 482
0.0136 489
0.0137 497
0.0138 508
0.0139 515
0.014 524
0.0141 531
0.0142 542
0.0143 551
0.0144 560
0.0145 567
0.0146 570
0.0147 579
0.0148 592
0.0149 597
0.015 611
0.0151 616
0.0152 618
0.0153 623
0.0154 631
0.0155 640
0.0156 650
0.0157 658
0.0158 664
0.0159 674
0.016 684
0.0161 693
0.0162 704
0.0163 710
0.0164 717
0.0165 724
0.0166 734
0.0167 747
0.0168 757
0.0169 766
0.017 772
0.0171 782
0.0172 799
0.0173 810
0.0174 823
0.0175 830
0.0176 839
0.0177 849
0.0178 858
0.0179 864
0.018 874
0.0181 888
0.0182 900
0.0183 914
0.0184 925
0.0185 930
0.0186 936
0.0187 946
0.0188 956
0.0189 973
0.019 979
0.0191 985
0.0192 997
0.0193 1010
0.0194 1018
0.0195 1033
0.0196 1046
0.0197 1062
0.0198 1076
0.0199 1083
0.02 1100
0.0201 1112
0.0202 1120
0.0203 1135
0.0204 1147
0.0205 1157
0.0206 1163
0.0207 1177
0.0208 1188
0.0209 1200
0.021 1206
0.0211 1210
0.0212 1221
0.0213 1230
0.0214 1247
0.0215 1256
0.0216 1267
0.0217 1278
0.0218 1290
0.0219 1295
0.022 1310
0.0221 1317
0.0222 1325
0.0223 1334
0.0224 1337
0.0225 1347
0.0226 1348
0.0227 1360
0.0228 1369
0.0229 1379
0.023 1387
0.0231 1411
0.0232 1410
0.0233 1424
0.0234 1434
0.0235 1450
0.0236 1458
0.0237 1464
0.0238 1472
0.0239 1482
0.024 1492
0.0241 1503
0.0242 1510
0.0243 1523
0.0244 1530
0.0245 1545
0.0246 1550
0.0247 1553
0.0248 1569
0.0249 1582
0.025 1600
0.0251 1609
0.0252 1618
0.0253 1627
0.0254 1636
0.0255 1633
0.0256 1644
0.0257 1648
0.0258 1662
0.0259 1664
0.026 1678
0.0261 1687
0.0262 1705
0.0263 1718
0.0264 1716
0.0265 1730
0.0266 1735
0.0267 1735
0.0268 1747
0.0269 1750
0.027 1759
0.0271 1771
0.0272 1770
0.0273 1781
0.0274 1784
0.0275 1773
0.0276 1792
0.0277 1791
0.0278 1798
0.0279 1793
0.028 1788
0.0281 1788
0.0282 1779
0.0283 1750
0.0284 1731
0.0285 1706
0.0286 1661
0.0287 1622
0.0288 1578
0.0289 1536
0.029 1503
0.0291 1471
0.0292 1432
0.0293 1394
0.0294 1355
0.0295 1315
0.0296 1278
0.0297 1255
0.0298 1223
0.0299 1206
0.03 1176
0.0301 1157
0.0302 1132
0.0303 1104
0.0304 1069
0.0305 1037
0.0306 1020
0.0307 1003
0.0308 989
0.0309 963
0.031 947
0.0311 928
0.0312 915
0.0313 903
0.0314 884
0.0315 863
0.0316 854
0.0317 852
0.0318 836
0.0319 820
0.032 799
0.0321 784
0.0322 775
0.0323 752
0.0324 741
0.0325 732
0.0326 720
0.0327 707
0.0328 693
0.0329 673
0.033 662
0.0331 658
0.0332 644
0.0333 630
0.0334 610
0.0335 594
0.0336 585
0.0337 570
0.0338 567
0.0339 559
0.034 544
0.0341 536
0.0342 528
0.0343 525
0.0344 527
0.0345 522
0.0346 523
0.0347 519
0.0348 512
0.0349 503
0.035 497
0.0351 492
0.0352 477
0.0353 470
0.0354 461
0.0355 457
0.0356 449
0.0357 459
0.0358 463
0.0359 456
0.036 454
0.0361 454
0.0362 448
0.0363 450
0.0364 448
0.0365 438
0.0366 438
0.0367 437
0.0368 440
0.0369 437
0.037 442
0.0371 442
0.0372 434
0.0373 430
0.0374 433
0.0375 431
0.0376 417
0.0377 421
0.0378 412
0.0379 405
0.038 403
0.0381 395
0.0382 391
0.0383 392
0.0384 389
0.0385 384
0.0386 387
0.0387 378
0.0388 377
0.0389 373
0.039 366
0.0391 355
0.0392 350
0.0393 344
0.0394 332
0.0395 329
0.0396 324
0.0397 310
0.0398 303
0.0399 300
0.04 297
0.0401 295
0.0402 296
0.0403 290
0.0404 284
0.0405 281
0.0406 282
0.0407 276
0.0408 270
0.0409 267
0.041 264
0.0411 268
0.0412 267
0.0413 265
0.0414 265
0.0415 262
0.0416 263
0.0417 266
0.0418 262
0.0419 260
0.042 263
0.0421 261
0.0422 255
0.0423 250
0.0424 252
0.0425 243
0.0426 242
0.0427 249
0.0428 248
0.0429 258
0.043 262
0.0431 266
0.0432 262
0.0433 258
0.0434 253
0.0435 244
0.0436 243
0.0437 238
0.0438 234
0.0439 234
0.044 232
0.0441 228
0.0442 230
0.0443 228
0.0444 231
0.0445 229
0.0446 224
0.0447 223
0.0448 223
0.0449 225
0.045 231
0.0451 233
0.0452 232
0.0453 236
0.0454 237
0.0455 242
0.0456 241
0.0457 239
0.0458 239
0.0459 234
0.046 238
0.0461 248
0.0462 253
0.0463 263
0.0464 271
0.0465 275
0.0466 274
0.0467 276
0.0468 276
0.0469 270
0.047 263
0.0471 264
0.0472 261
0.0473 258
0.0474 256
0.0475 251
0.0476 258
0.0477 255
0.0478 255
0.0479 260
0.048 264
0.0481 268
0.0482 272
0.0483 272
0.0484 271
0.0485 278
0.0486 277
0.0487 282
0.0488 281
0.0489 278
0.049 275
0.0491 278
0.0492 283
0.0493 278
0.0494 272
0.0495 276
0.0496 276
0.0497 280
0.0498 276
0.0499 280
0.05 283
0.0501 282
0.0502 278
0.0503 272
0.0504 268
0.0505 257
0.0506 255
0.0507 254
0.0508 259
0.0509 255
0.051 256
0.0511 257
0.0512 251
0.0513 248
0.0514 244
0.0515 242
0.0516 245
0.0517 247
0.0518 247
0.0519 247
0.052 250
0.0521 258
0.0522 262
0.0523 257
0.0524 251
0.0525 248
0.0526 248
0.0527 243
0.0528 238
0.0529 232
0.053 232
0.0531 236
0.0532 236
0.0533 236
0.0534 236
0.0535 233
0.0536 233
0.0537 238
0.0538 234
0.0539 230
0.054 227
0.0541 219
0.0542 222
0.0543 220
0.0544 224
0.0545 223
0.0546 218
0.0547 215
0.0548 208
0.0549 206
0.055 211
0.0551 213
0.0552 214
0.0553 211
0.0554 217
0.0555 219
0.0556 219
0.0557 224
0.0558 229
0.0559 229
0.056 229
0.0561 228
0.0562 232
0.0563 233
0.0564 237
0.0565 239
0.0566 237
0.0567 239
0.0568 241
0.0569 243
0.057 239
0.0571 243
0.0572 244
0.0573 249
0.0574 251
0.0575 254
0.0576 264
0.0577 266
0.0578 264
0.0579 262
0.058 262
0.0581 256
0.0582 248
0.0583 245
0.0584 241
0.0585 246
0.0586 251
0.0587 237
0.0588 226
0.0589 220
0.059 212
0.0591 210
0.0592 210
0.0593 209
0.0594 205
0.0595 211
0.0596 209
0.0597 214
0.0598 215
0.0599 216
0.06 215
0.0601 212
0.0602 210
0.0603 208
0.0604 210
0.0605 210
0.0606 211
0.0607 223
0.0608 228
0.0609 228
0.061 231
0.0611 230
0.0612 228
0.0613 221
0.0614 216
0.0615 215
0.0616 215
0.0617 215
0.0618 217
0.0619 218
0.062 216
0.0621 216
0.0622 213
0.0623 208
0.0624 205
0.0625 206
0.0626 206
0.0627 204
0.0628 204
0.0629 199
0.063 201
0.0631 198
0.0632 195
0.0633 190
0.0634 183
0.0635 181
0.0636 182
0.0637 178
0.0638 173
0.0639 178
0.064 179
0.0641 187
0.0642 198
0.0643 210
0.0644 222
0.0645 218
0.0646 223
0.0647 225
0.0648 220
0.0649 224
0.065 224
0.0651 222
0.0652 222
0.0653 223
0.0654 226
0.0655 229
0.0656 227
0.0657 228
0.0658 234
0.0659 236
0.066 240
0.0661 245
0.0662 245
0.0663 254
0.0664 263
0.0665 259
0.0666 258
0.0667 259
0.0668 251
0.0669 248
0.067 246
0.0671 244
0.0672 238
0.0673 237
0.0674 232
0.0675 229
0.0676 227
0.0677 218
0.0678 220
0.0679 225
0.068 219
0.0681 216
0.0682 216
0.0683 215
0.0684 214
0.0685 213
0.0686 216
0.0687 216
0.0688 219
0.0689 223
0.069 228
0.0691 226
0.0692 231
0.0693 234
0.0694 226
0.0695 228
0.0696 228
0.0697 225
0.0698 224
0.0699 222
0.07 227
0.0701 240
0.0702 244
0.0703 253
0.0704 263
0.0705 264
0.0706 263
0.0707 262
0.0708 255
0.0709 251
0.071 250
0.0711 246
0.0712 245
0.0713 243
0.0714 243
0.0715 238
0.0716 234
0.0717 236
0.0718 242
0.0719 235
0.072 233
0.0721 233
0.0722 230
0.0723 228
0.0724 226
0.0725 227
0.0726 227
0.0727 227
0.0728 238
0.0729 248
0.073 246
0.0731 246
0.0732 244
0.0733 241
0.0734 246
0.0735 243
0.0736 239
0.0737 232
0.0738 222
0.0739 222
0.074 220
0.0741 216
0.0742 213
0.0743 217
0.0744 221
0.0745 226
0.0746 229
0.0747 228
0.0748 225
0.0749 220
0.075 219
0.0751 219
0.0752 217
0.0753 215
0.0754 215
0.0755 213
0.0756 213
0.0757 212
0.0758 207
0.0759 207
0.076 213
0.0761 211
0.0762 210
0.0763 209
0.0764 212
0.0765 211
0.0766 206
0.0767 211
0.0768 218
0.0769 212
0.077 214
0.0771 214
0.0772 219
0.0773 226
0.0774 225
0.0775 231
0.0776 233
0.0777 241
0.0778 244
0.0779 247
0.078 242
0.0781 236
0.0782 231
0.0783 229
0.0784 230
0.0785 230
0.0786 230
0.0787 235
0.0788 244
0.0789 249
0.079 251
0.0791 252
0.0792 264
0.0793 282
0.0794 310
0.0795 334
0.0796 365
0.0797 373
0.0798 382
0.0799 391
0.08 390
0.0801 388
0.0802 392
0.0803 396
0.0804 388
0.0805 391
0.0806 390
0.0807 390
0.0808 389
0.0809 390
0.081 396
0.0811 395
0.0812 402
0.0813 399
0.0814 403
0.0815 407
0.0816 408
0.0817 407
0.0818 408
0.0819 412
0.082 414
0.0821 412
0.0822 417
0.0823 419
0.0824 418
0.0825 424
0.0826 426
0.0827 425
0.0828 427
0.0829 427
0.083 429
0.0831 431
0.0832 435
0.0833 434
0.0834 434
0.0835 435
0.0836 436
0.0837 439
0.0838 441
0.0839 442
0.084 443
0.0841 449
0.0842 449
0.0843 453
0.0844 455
0.0845 457
0.0846 457
0.0847 458
0.0848 461
0.0849 465
0.085 464
0.0851 467
0.0852 470
0.0853 472
0.0854 473
0.0855 475
0.0856 477
0.0857 483
0.0858 485
0.0859 487
0.086 485
0.0861 492
0.0862 494
0.0863 494
0.0864 498
0.0865 497
0.0866 501
0.0867 506
0.0868 512
0.0869 515
0.087 520
0.0871 526
0.0872 527
0.0873 528
0.0874 531
0.0875 535
0.0876 539
0.0877 548
0.0878 555
0.0879 557
0.088 567
0.0881 574
0.0882 575
0.0883 581
0.0884 585
0.0885 591
0.0886 597
0.0887 602
0.0888 609
0.0889 617
0.089 621
0.0891 636
0.0892 643
0.0893 646
0.0894 653
0.0895 663
0.0896 674
0.0897 682
0.0898 686
0.0899 692
0.09 695
0.0901 704
0.0902 710
0.0903 721
0.0904 726
0.0905 734
0.0906 739
0.0907 745
0.0908 749
0.0909 764
0.091 775
0.0911 779
0.0912 789
0.0913 795
0.0914 804
0.0915 806
0.0916 816
0.0917 822
0.0918 826
0.0919 832
0.092 839
0.0921 842
0.0922 853
0.0923 858
0.0924 872
0.0925 874
0.0926 883
0.0927 887
0.0928 891
0.0929 894
0.093 899
0.0931 905
0.0932 915
0.0933 920
0.0934 920
0.0935 928
0.0936 932
0.0937 942
0.0938 950
0.0939 959
0.094 972
0.0941 978
0.0942 990
0.0943 990
0.0944 998
0.0945 1005
0.0946 1014
0.0947 1022
0.0948 1032
0.0949 1041
0.095 1049
0.0951 1059
0.0952 1064
0.0953 1077
0.0954 1091
0.0955 1097
0.0956 1103
0.0957 1122
0.0958 1140
0.0959 1153
0.096 1166
0.0961 1173
0.0962 1188
0.0963 1194
0.0964 1206
0.0965 1215
0.0966 1227
0.0967 1240
0.0968 1244
0.0969 1248
0.097 1259
0.0971 1265
0.0972 1276
0.0973 1287
0.0974 1296
0.0975 1301
0.0976 1312
0.0977 1315
0.0978 1326
0.0979 1336
0.098 1346
0.0981 1350
0.0982 1363
0.0983 1373
0.0984 1384
0.0985 1396
0.0986 1399
0.0987 1407
0.0988 1410
0.0989 1417
0.099 1422
0.0991 1433
0.0992 1433
0.0993 1448
0.0994 1456
0.0995 1464
0.0996 1469
0.0997 1479
0.0998 1478
0.0999 1494
0.1 1505
0.1001 1514
0.1002 1512
0.1003 1529
0.1004 1534
0.1005 1540
0.1006 1539
0.1007 1543
0.1008 1548
0.1009 1560
0.101 1556
0.1011 1565
0.1012 1568
0.1013 1567
0.1014 1572
0.1015 1571
0.1016 1581
0.1017 1592
0.1018 1581
0.1019 1586
0.102 1574
0.1021 1552
0.1022 1521
0.1023 1511
0.1024 1473
0.1025 1442
0.1026 1403
0.1027 1371
0.1028 1330
0.1029 1306
0.103 1276
0.1031 1248
0.1032 1231
0.1033 1196
0.1034 1169
0.1035 1141
0.1036 1120
0.1037 1100
0.1038 1078
0.1039 1057
0.104 1037
0.1041 1018
0.1042 987
0.1043 971
0.1044 956
0.1045 936
0.1046 916
0.1047 892
0.1048 869
0.1049 846
0.105 820
0.1051 807
0.1052 784
0.1053 773
0.1054 757
0.1055 744
0.1056 724
0.1057 709
0.1058 686
0.1059 674
0.106 665
0.1061 652
0.1062 637
0.1063 627
0.1064 615
0.1065 596
0.1066 586
0.1067 576
0.1068 574
0.1069 568
0.107 561
0.1071 556
0.1072 552
0.1073 544
0.1074 541
0.1075 530
0.1076 525
0.1077 520
0.1078 521
0.1079 503
0.108 498
0.1081 493
0.1082 488
0.1083 487
0.1084 492
0.1085 485
0.1086 475
0.1087 469
0.1088 476
0.1089 477
0.109 473
0.1091 463
0.1092 464
0.1093 462
0.1094 455
0.1095 459
0.1096 452
0.1097 448
0.1098 447
0.1099 444
0.11 436
0.1101 428
0.1102 420
0.1103 417
0.1104 414
0.1105 402
0.1106 397
0.1107 398
0.1108 397
0.1109 398
0.111 392
0.1111 386
0.1112 383
0.1113 381
0.1114 378
0.1115 379
0.1116 371
0.1117 369
0.1118 369
0.1119 371
0.112 369
0.1121 361
0.1122 355
0.1123 348
0.1124 341
0.1125 334
0.1126 337
0.1127 330
0.1128 313
0.1129 308
0.113 307
0.1131 304
0.1132 303
0.1133 294
0.1134 289
0.1135 292
0.1136 291
0.1137 296
0.1138 301
0.1139 303
0.114 304
0.1141 303
0.1142 302
0.1143 295
0.1144 292
0.1145 288
0.1146 284
0.1147 283
0.1148 281
0.1149 281
0.115 285
0.1151 293
0.1152 285
0.1153 288
0.1154 289
0.1155 286
0.1156 285
0.1157 281
0.1158 278
0.1159 283
0.116 287
0.1161 288
0.1162 284
0.1163 288
0.1164 287
0.1165 282
0.1166 280
0.1167 274
0.1168 268
0.1169 267
0.117 266
0.1171 262
0.1172 262
0.1173 253
0.1174 249
0.1175 251
0.1176 257
0.1177 258
0.1178 265
0.1179 266
0.118 268
0.1181 274
0.1182 275
0.1183 281
0.1184 278
0.1185 289
0.1186 291
0.1187 290
0.1188 294
0.1189 294
0.119 294
0.1191 290
0.1192 289
0.1193 278
0.1194 276
0.1195 273
0.1196 266
0.1197 256
0.1198 252
0.1199 247
0.12 249
0.1201 251
0.1202 254
0.1203 260
0.1204 264
0.1205 271
0.1206 272
0.1207 271
0.1208 274
0.1209 277
0.121 278
0.1211 276
0.1212 274
0.1213 283
0.1214 287
0.1215 289
0.1216 294
0.1217 294
0.1218 293
0.1219 293
0.122 297
0.1221 300
0.1222 308
0.1223 312
0.1224 313
0.1225 311
0.1226 309
0.1227 304
0.1228 305
0.1229 301
0.123 293
0.1231 302
0.1232 310
0.1233 313
0.1234 313
0.1235 315
0.1236 312
0.1237 310
0.1238 303
0.1239 303
0.124 310
0.1241 314
0.1242 313
0.1243 309
0.1244 312
0.1245 306
0.1246 299
0.1247 295
0.1248 290
0.1249 290
0.125 289
0.1251 287
0.1252 279
0.1253 279
0.1254 280
0.1255 281
0.1256 277
0.1257 272
0.1258 269
0.1259 269
0.126 274
0.1261 274
0.1262 270
0.1263 266
0.1264 267
0.1265 261
0.1266 260
0.1267 261
0.1268 258
0.1269 270
0.127 277
0.1271 293
0.1272 298
0.1273 298
0.1274 301
0.1275 304
0.1276 303
0.1277 310
0.1278 312
0.1279 330
0.128 350
0.1281 369
0.1282 389
0.1283 410
0.1284 411
0.1285 414
0.1286 413
0.1287 420
0.1288 425
0.1289 419
0.129 417
0.1291 413
0.1292 408
0.1293 400
0.1294 398
0.1295 398
0.1296 390
0.1297 385
0.1298 388
0.1299 387
0.13 387
0.1301 387
0.1302 386
0.1303 394
0.1304 393
0.1305 386
0.1306 388
0.1307 401
0.1308 400
0.1309 400
0.131 398
0.1311 395
0.1312 387
0.1313 390
0.1314 386
0.1315 388
0.1316 389
0.1317 389
0.1318 385
0.1319 376
0.132 382
0.1321 382
0.1322 379
0.1323 379
0.1324 381
0.1325 381
0.1326 371
0.1327 369
0.1328 364
0.1329 365
0.133 366
0.1331 362
0.1332 361
0.1333 353
0.1334 355
0.1335 357
0.1336 353
0.1337 346
0.1338 340
0.1339 338
0.134 331
0.1341 330
0.1342 317
0.1343 315
0.1344 318
0.1345 318
0.1346 319
0.1347 315
0.1348 319
0.1349 325
0.135 329
0.1351 338
0.1352 348
0.1353 343
0.1354 334
0.1355 334
0.1356 328
0.1357 325
0.1358 318
0.1359 313
0.136 307
0.1361 301
0.1362 294
0.1363 290
0.1364 284
0.1365 285
0.1366 286
0.1367 284
0.1368 276
0.1369 278
0.137 271
0.1371 271
0.1372 272
0.1373 284
0.1374 282
0.1375 277
0.1376 277
0.1377 282
0.1378 278
0.1379 275
0.138 279
0.1381 272
0.1382 265
0.1383 270
0.1384 268
0.1385 270
0.1386 275
0.1387 276
0.1388 275
0.1389 272
0.139 278
0.1391 280
0.1392 279
0.1393 286
0.1394 289
0.1395 282
0.1396 276
0.1397 274
0.1398 273
0.1399 267
0.14 260
0.1401 262
0.1402 264
0.1403 265
0.1404 270
0.1405 270
0.1406 273
0.1407 282
0.1408 282
0.1409 280
0.141 278
0.1411 279
0.1412 276
0.1413 270
0.1414 271
0.1415 269
0.1416 269
0.1417 270
0.1418 270
0.1419 271
0.142 275
0.1421 277
0.1422 279
0.1423 282
0.1424 287
0.1425 285
0.1426 280
0.1427 276
0.1428 273
0.1429 265
0.143 269
0.1431 273
0.1432 274
0.1433 271
0.1434 273
0.1435 267
0.1436 263
0.1437 264
0.1438 264
0.1439 264
0.144 264
0.1441 262
0.1442 259
0.1443 260
0.1444 249
0.1445 245
0.1446 244
0.1447 236
0.1448 231
0.1449 225
0.145 225
0.1451 218
0.1452 214
0.1453 210
0.1454 210
0.1455 211
0.1456 209
0.1457 213
0.1458 220
0.1459 224
0.146 232
0.1461 231
0.1462 233
0.1463 235
0.1464 231
0.1465 233
0.1466 235
0.1467 232
0.1468 230
0.1469 229
0.147 226
0.1471 234
0.1472 236
0.1473 237
0.1474 233
0.1475 233
0.1476 231
0.1477 228
0.1478 226
0.1479 222
0.148 215
0.1481 211
0.1482 210
0.1483 210
0.1484 208
0.1485 211
0.1486 212
0.1487 209
0.1488 207
0.1489 202
0.149 200
0.1491 195
0.1492 192
0.1493 189
0.1494 189
0.1495 192
0.1496 189
0.1497 191
0.1498 196
0.1499 208
0.15 232
0.1501 258
0.1502 288
0.1503 309
0.1504 342
0.1505 360
0.1506 385
0.1507 400
0.1508 413
0.1509 425
0.151 428
0.1511 441
0.1512 443
0.1513 447
0.1514 445
0.1515 444
0.1516 452
0.1517 454
0.1518 459
0.1519 460
0.152 462
0.1521 462
0.1522 453
0.1523 452
0.1524 450
0.1525 440
0.1526 442
0.1527 446
0.1528 448
0.1529 443
0.153 441
0.1531 435
0.1532 433
0.1533 421
0.1534 416
0.1535 409
0.1536 399
0.1537 394
0.1538 389
0.1539 384
0.154 384
0.1541 386
0.1542 388
0.1543 388
0.1544 390
0.1545 381
0.1546 373
0.1547 366
0.1548 365
0.1549 359
0.155 351
0.1551 347
0.1552 337
0.1553 330
0.1554 325
0.1555 319
0.1556 314
0.1557 311
0.1558 305
0.1559 299
0.156 291
0.1561 292
0.1562 283
0.1563 287
0.1564 293
0.1565 286
0.1566 281
0.1567 276
0.1568 277
0.1569 279
0.157 284
0.1571 290
0.1572 294
0.1573 304
0.1574 302
0.1575 314
0.1576 315
0.1577 317
0.1578 314
0.1579 310
0.158 307
0.1581 298
0.1582 299
0.1583 295
0.1584 303
0.1585 300
0.1586 300
0.1587 297
0.1588 291
0.1589 285
0.159 285
0.1591 304
0.1592 312
0.1593 325
0.1594 335
0.1595 333
0.1596 335
0.1597 327
0.1598 323
0.1599 323
0.16 318
0.1601 320
0.1602 317
0.1603 313
0.1604 305
0.1605 311
0.1606 314
0.1607 312
0.1608 316
0.1609 326
0.161 330
0.1611 322
0.1612 325
0.1613 323
0.1614 319
0.1615 316
0.1616 305
0.1617 304
0.1618 301
0.1619 295
0.162 300
0.1621 302
0.1622 301
0.1623 294
0.1624 288
0.1625 282
0.1626 284
0.1627 283
0.1628 283
0.1629 279
0.163 276
0.1631 274
0.1632 275
0.1633 274
0.1634 268
0.1635 267
0.1636 261
0.1637 258
0.1638 259
0.1639 256
0.164 253
0.1641 256
0.1642 249
0.1643 257
0.1644 253
0.1645 258
0.1646 259
0.1647 257
0.1648 253
0.1649 255
0.165 252
0.1651 256
0.1652 260
0.1653 263
0.1654 263
0.1655 267
0.1656 266
0.1657 263
0.1658 269
0.1659 264
0.166 267
0.1661 265
0.1662 284
0.1663 301
0.1664 312
0.1665 323
0.1666 332
0.1667 343
0.1668 351
0.1669 353
0.167 358
0.1671 356
0.1672 366
0.1673 362
0.1674 359
0.1675 350
0.1676 346
0.1677 337
0.1678 337
0.1679 328
0.168 327
0.1681 349
0.1682 355
0.1683 360
0.1684 367
0.1685 376
0.1686 374
0.1687 385
0.1688 393
0.1689 394
0.169 383
0.1691 391
0.1692 392
0.1693 392
0.1694 398
0.1695 391
0.1696 393
0.1697 393
0.1698 397
0.1699 400
0.17 398
0.1701 397
0.1702 399
0.1703 398
0.1704 399
0.1705 403
0.1706 403
0.1707 404
0.1708 403
0.1709 406
0.171 404
0.1711 406
0.1712 405
0.1713 407
0.1714 409
0.1715 405
0.1716 405
0.1717 411
0.1718 414
0.1719 412
0.172 417
0.1721 418
0.1722 422
0.1723 423
0.1724 425
0.1725 429
0.1726 431
0.1727 433
0.1728 436
0.1729 437
0.173 440
0.1731 439
0.1732 442
0.1733 445
0.1734 450
0.1735 453
0.1736 458
0.1737 461
0.1738 464
0.1739 465
0.174 468
0.1741 469
0.1742 471
0.1743 475
0.1744 478
0.1745 482
0.1746 485
0.1747 494
0.1748 498
0.1749 502
0.175 512
0.1751 516
0.1752 516
0.1753 525
0.1754 528
0.1755 532
0.1756 531
0.1757 542
0.1758 551
0.1759 557
0.176 568
0.1761 571
0.1762 576
0.1763 579
0.1764 585
0.1765 590
0.1766 596
0.1767 602
0.1768 607
0.1769 615
0.177 617
0.1771 626
0.1772 638
0.1773 643
0.1774 644
0.1775 652
0.1776 658
0.1777 660
0.1778 664
0.1779 674
0.178 680
0.1781 682
0.1782 688
0.1783 697
0.1784 702
0.1785 709
0.1786 717
0.1787 726
0.1788 730
0.1789 741
0.179 742
0.1791 746
0.1792 751
0.1793 755
0.1794 763
0.1795 768
0.1796 776
0.1797 781
0.1798 785
0.1799 793
0.18 800
0.1801 807
0.1802 819
0.1803 826
0.1804 832
0.1805 838
0.1806 850
0.1807 860
0.1808 870
0.1809 881
0.181 891
0.1811 899
0.1812 907
0.1813 915
0.1814 918
0.1815 930
0.1816 936
0.1817 940
0.1818 942
0.1819 951
0.182 953
0.1821 960
0.1822 970
0.1823 974
0.1824 994
0.1825 1000
0.1826 1002
0.1827 1007
0.1828 1014
0.1829 1023
0.183 1023
0.1831 1030
0.1832 1038
0.1833 1046
0.1834 1053
0.1835 1064
0.1836 1071
0.1837 1083
0.1838 1089
0.1839 1098
0.184 1100
0.1841 1106
0.1842 1120
0.1843 1135
0.1844 1143
0.1845 1161
0.1846 1167
0.1847 1176
0.1848 1187
0.1849 1194
0.185 1197
0.1851 1204
0.1852 1210
0.1853 1220
0.1854 1219
0.1855 1228
0.1856 1237
0.1857 1245
0.1858 1261
0.1859 1270
0.186 1284
0.1861 1288
0.1862 1299
0.1863 1307
0.1864 1322
0.1865 1328
0.1866 1338
0.1867 1351
0.1868 1361
0.1869 1369
0.187 1377
0.1871 1382
0.1872 1395
0.1873 1401
0.1874 1406
0.1875 1419
0.1876 1424
0.1877 1437
0.1878 1439
0.1879 1442
0.188 1455
0.1881 1460
0.1882 1472
0.1883 1474
0.1884 1477
0.1885 1488
0.1886 1498
0.1887 1506
0.1888 1518
0.1889 1522
0.189 1529
0.1891 1539
0.1892 1539
0.1893 1545
0.1894 1554
0.1895 1564
0.1896 1569
0.1897 1576
0.1898 1581
0.1899 1592
0.19 1604
0.1901 1611
0.1902 1613
0.1903 1620
0.1904 1634
0.1905 1642
0.1906 1646
0.1907 1658
0.1908 1662
0.1909 1675
0.191 1678
0.1911 1688
0.1912 1696
0.1913 1701
0.1914 1707
0.1915 1706
0.1916 1714
0.1917 1721
0.1918 1724
0.1919 1731
0.192 1739
0.1921 1740
0.1922 1755
0.1923 1764
0.1924 1766
0.1925 1774
0.1926 1787
0.1927 1789
0.1928 1797
0.1929 1800
0.193 1795
0.1931 1803
0.1932 1813
0.1933 1830
0.1934 1831
0.1935 1832
0.1936 1844
0.1937 1847
0.1938 1853
0.1939 1857
0.194 1865
0.1941 1858
0.1942 1863
0.1943 1877
0.1944 1866
0.1945 1853
0.1946 1853
0.1947 1848
0.1948 1841
0.1949 1828
0.195 1801
0.1951 1793
0.1952 1768
0.1953 1745
0.1954 1732
0.1955 1693
0.1956 1663
0.1957 1625
0.1958 1571
0.1959 1524
0.196 1505
0.1961 1478
0.1962 1456
0.1963 1421
0.1964 1390
0.1965 1351
0.1966 1322
0.1967 1291
0.1968 1272
0.1969 1247
0.197 1230
0.1971 1197
0.1972 1184
0.1973 1159
0.1974 1142
0.1975 1124
0.1976 1099
0.1977 1078
0.1978 1048
0.1979 1033
0.198 1009
0.1981 998
0.1982 982
0.1983 967
0.1984 952
0.1985 945
0.1986 926
0.1987 910
0.1988 882
0.1989 866
0.199 845
0.1991 820
0.1992 805
0.1993 794
0.1994 785
0.1995 774
0.1996 761
0.1997 744
0.1998 740
0.1999 741
0.2 727
0.2001 718
0.2002 711
0.2003 702
0.2004 689
0.2005 677
0.2006 659
0.2007 653
0.2008 640
0.2009 626
0.201 622
0.2011 615
0.2012 606
0.2013 602
0.2014 590
0.2015 586
0.2016 587
0.2017 590
0.2018 566
0.2019 556
0.202 548
0.2021 543
0.2022 535
0.2023 527
0.2024 518
0.2025 517
0.2026 519
0.2027 505
0.2028 499
0.2029 497
0.203 504
0.2031 494
0.2032 487
0.2033 483
0.2034 482
0.2035 482
0.2036 472
0.2037 463
0.2038 455
0.2039 441
0.204 432
0.2041 412
0.2042 403
0.2043 394
0.2044 393
0.2045 386
0.2046 377
0.2047 375
0.2048 371
0.2049 369
0.205 368
0.2051 372
0.2052 369
0.2053 361
0.2054 359
0.2055 352
0.2056 346
0.2057 339
0.2058 329
0.2059 327
0.206 321
0.2061 320
0.2062 320
0.2063 315
0.2064 314
0.2065 314
0.2066 312
0.2067 314
0.2068 311
0.2069 311
0.207 309
0.2071 308
0.2072 308
0.2073 306
0.2074 305
0.2075 307
0.2076 304
0.2077 302
0.2078 302
0.2079 295
0.208 287
0.2081 280
0.2082 276
0.2083 273
0.2084 269
0.2085 277
0.2086 280
0.2087 276
0.2088 273
0.2089 265
0.209 265
0.2091 267
0.2092 268
0.2093 265
0.2094 256
0.2095 253
0.2096 249
0.2097 239
0.2098 236
0.2099 236
0.21 229
0.2101 230
0.2102 234
0.2103 236
0.2104 235
0.2105 235
0.2106 231
0.2107 228
0.2108 231
0.2109 232
0.211 232
0.2111 232
0.2112 231
0.2113 228
0.2114 232
0.2115 231
0.2116 231
0.2117 228
0.2118 223
0.2119 217
0.212 219
0.2121 225
0.2122 219
0.2123 219
0.2124 223
0.2125 218
0.2126 219
0.2127 214
0.2128 221
0.2129 222
0.213 225
0.2131 227
0.2132 230
0.2133 239
0.2134 236
0.2135 233
0.2136 242
0.2137 245
0.2138 250
0.2139 250
0.214 254
0.2141 260
0.2142 262
0.2143 261
0.2144 258
0.2145 256
0.2146 264
0.2147 267
0.2148 271
0.2149 274
0.215 277
0.2151 281
0.2152 288
0.2153 294
0.2154 294
0.2155 286
0.2156 282
0.2157 271
0.2158 268
0.2159 262
0.216 259
0.2161 256
0.2162 257
0.2163 251
0.2164 260
0.2165 268
0.2166 277
0.2167 279
0.2168 276
0.2169 275
0.217 274
0.2171 266
0.2172 262
0.2173 261
0.2174 255
0.2175 255
0.2176 258
0.2177 259
0.2178 259
0.2179 258
0.218 262
0.2181 264
0.2182 254
0.2183 252
0.2184 243
0.2185 238
0.2186 234
0.2187 231
0.2188 232
0.2189 229
0.219 222
0.2191 217
0.2192 210
0.2193 205
0.2194 207
0.2195 207
0.2196 202
0.2197 197
0.2198 195
0.2199 189
0.22 189
0.2201 183
0.2202 184
0.2203 183
0.2204 183
0.2205 178
0.2206 179
0.2207 172
0.2208 173
0.2209 172
0.221 174
0.2211 170
0.2212 172
0.2213 173
0.2214 178
0.2215 182
0.2216 187
0.2217 184
0.2218 179
0.2219 175
0.222 169
0.2221 168
0.2222 165
0.2223 161
0.2224 161
0.2225 161
0.2226 160
0.2227 161
0.2228 167
0.2229 177
0.223 177
0.2231 190
0.2232 187
0.2233 182
0.2234 190
0.2235 188
0.2236 187
0.2237 190
0.2238 193
0.2239 201
0.224 198
0.2241 205
0.2242 203
0.2243 204
0.2244 206
0.2245 206
0.2246 212
0.2247 218
0.2248 219
0.2249 218
0.225 219
0.2251 216
0.2252 218
0.2253 217
0.2254 216
0.2255 218
0.2256 214
0.2257 217
0.2258 220
0.2259 222
0.226 225
0.2261 220
0.2262 225
0.2263 224
0.2264 224
0.2265 225
0.2266 230
0.2267 230
0.2268 232
0.2269 234
0.227 238
0.2271 232
0.2272 231
0.2273 238
0.2274 237
0.2275 239
0.2276 241
0.2277 239
0.2278 232
0.2279 231
0.228 227
0.2281 226
0.2282 229
0.2283 231
0.2284 233
0.2285 232
0.2286 233
0.2287 228
0.2288 232
0.2289 228
0.229 242
0.2291 239
0.2292 236
0.2293 236
0.2294 238
0.2295 241
0.2296 242
0.2297 239
0.2298 244
0.2299 249
0.23 257
0.2301 264
0.2302 266
0.2303 274
0.2304 271
0.2305 272
0.2306 270
0.2307 275
0.2308 277
0.2309 274
0.231 269
0.2311 267
0.2312 262
0.2313 259
0.2314 254
0.2315 252
0.2316 251
0.2317 256
0.2318 260
0.2319 260
0.232 259
0.2321 255
0.2322 246
0.2323 244
0.2324 245
0.2325 243
0.2326 239
0.2327 239
0.2328 237
0.2329 234
0.233 231
0.2331 229
0.2332 220
0.2333 219
0.2334 213
0.2335 220
0.2336 212
0.2337 210
0.2338 212
0.2339 214
0.234 220
0.2341 222
0.2342 219
0.2343 224
0.2344 223
0.2345 229
0.2346 238
0.2347 245
0.2348 247
0.2349 242
0.235 237
0.2351 235
0.2352 235
0.2353 232
0.2354 233
0.2355 232
0.2356 228
0.2357 234
0.2358 228
0.2359 230
0.236 231
0.2361 233
0.2362 237
0.2363 237
0.2364 242
0.2365 245
0.2366 245
0.2367 239
0.2368 238
0.2369 234
0.237 235
0.2371 233
0.2372 231
0.2373 229
0.2374 223
0.2375 219
0.2376 217
0.2377 222
0.2378 221
0.2379 219
0.238 226
0.2381 222
0.2382 226
0.2383 230
0.2384 232
0.2385 241
0.2386 243
0.2387 244
0.2388 241
0.2389 247
0.239 252
0.2391 261
0.2392 269
0.2393 263
0.2394 261
0.2395 260
0.2396 260
0.2397 252
0.2398 248
0.2399 251
0.24 254
0.2401 260
0.2402 261
0.2403 255
0.2404 249
0.2405 243
0.2406 238
0.2407 236
0.2408 232
0.2409 230
0.241 232
0.2411 234
0.2412 236
0.2413 237
0.2414 236
0.2415 237
0.2416 240
0.2417 232
0.2418 233
0.2419 231
0.242 228
0.2421 225
0.2422 222
0.2423 228
0.2424 226
0.2425 227
0.2426 230
0.2427 236
0.2428 236
0.2429 238
0.243 244
0.2431 247
0.2432 248
0.2433 247
0.2434 245
0.2435 244
0.2436 242
0.2437 239
0.2438 237
0.2439 240
0.244 243
0.2441 238
0.2442 234
0.2443 232
0.2444 232
0.2445 236
0.2446 241
0.2447 250
0.2448 260
0.2449 262
0.245 259
0.2451 261
0.2452 262
0.2453 264
0.2454 265
0.2455 265
0.2456 267
0.2457 268
0.2458 270
0.2459 263
0.246 257
0.2461 262
0.2462 261
0.2463 256
0.2464 265
0.2465 273
0.2466 278
0.2467 282
0.2468 279
0.2469 277
0.247 279
0.2471 274
0.2472 274
0.2473 284
0.2474 293
0.2475 297
0.2476 299
0.2477 303
0.2478 306
0.2479 308
0.248 302
0.2481 304
0.2482 302
0.2483 298
0.2484 302
0.2485 298
0.2486 297
0.2487 292
0.2488 293
0.2489 302
0.249 302
0.2491 305
0.2492 302
0.2493 303
0.2494 305
0.2495 306
0.2496 299
0.2497 298
0.2498 300
0.2499 303
0.25 297
