0 665
0.01 616
0.02 593
0.03 563
0.04 543
0.05 520
0.06 506
0.07 483
0.08 464
0.09 445
0.1 432
0.11 416
0.12 398
0.13 384
0.14 364
0.15 350
0.16 338
0.17 327
0.18 318
0.19 310
0.2 298
0.21 290
0.22 272
0.23 262
0.24 254
0.25 244
0.26 234
0.27 227
0.28 218
0.29 206
0.3 198
0.31 193
0.32 190
0.33 183
0.34 178
0.35 173
0.36 169
0.37 163
0.38 154
0.39 149
0.4 146
0.41 139
0.42 137
0.43 130
0.44 126
0.45 120
0.46 116
0.47 111
0.48 104
0.49 102
0.5 98
0.51 98
0.52 96
0.53 95
0.54 91
0.55 88
0.56 85
0.57 82
0.58 81
0.59 79
0.6 77
0.61 73
0.62 73
0.63 70
0.64 70
0.65 67
0.66 68
0.67 65
0.68 60
0.69 60
0.7 58
0.71 56
0.72 53
0.73 54
0.74 52
0.75 53
0.76 52
0.77 50
0.78 51
0.79 50
0.8 50
0.81 49
0.82 49
0.83 48
0.84 45
0.85 43
0.86 42
0.87 41
0.88 40
0.89 40
0.9 39
0.91 38
0.92 37
0.93 39
0.94 36
0.95 33
0.96 31
0.97 31
0.98 31
0.99 32
1 31
1.01 29
1.02 28
1.03 30
1.04 26
1.05 25
1.06 23
1.07 22
1.08 24
1.09 22
1.1 21
1.11 20
1.12 20
1.13 20
1.14 19
1.15 20
1.16 20
1.17 17
1.18 17
1.19 17
1.2 17
1.21 17
1.22 17
1.23 15
1.24 16
1.25 15
1.26 15
1.27 14
1.28 14
1.29 12
1.3 11
1.31 12
1.32 11
1.33 11
1.34 10
1.35 10
1.36 10
1.37 9
1.38 10
1.39 10
1.4 10
1.41 9
1.42 9
1.43 8
1.44 10
1.45 10
1.46 10
1.47 9
1.48 8
1.49 7
1.5 8
1.51 8
1.52 9
1.53 9
1.54 9
1.55 9
1.56 9
1.57 9
1.58 9
1.59 9
1.6 9
1.61 10
1.62 9
1.63 9
1.64 8
1.65 10
1.66 9
1.67 9
1.68 8
1.69 8
1.7 7
1.71 7
1.72 9
1.73 9
1.74 9
1.75 8
1.76 8
1.77 8
1.78 7
1.79 7
1.8 8
1.81 9
1.82 9
1.83 10
1.84 8
1.85 6
1.86 6
1.87 6
1.88 6
1.89 6
1.9 6
1.91 5
1.92 6
1.93 6
1.94 5
1.95 6
1.96 7
1.97 7
1.98 7
1.99 7
2 7
