0 910
0.0001 701
0.0002 576
0.0003 477
0.0004 429
0.0005 390
0.0006 355
0.0007 350
0.0008 331
0.0009 330
0.001 303
0.0011 312
0.0012 300
0.0013 294
0.0014 303
0.0015 316
0.0016 299
0.0017 299
0.0018 304
0.0019 309
0.002 303
0.0021 298
0.0022 286
0.0023 288
0.0024 287
0.0025 266
0.0026 249
0.0027 268
0.0028 265
0.0029 261
0.003 271
0.0031 267
0.0032 255
0.0033 254
0.0034 258
0.0035 265
0.0036 249
0.0037 249
0.0038 273
0.0039 255
0.004 260
0.0041 256
0.0042 246
0.0043 256
0.0044 265
0.0045 265
0.0046 286
0.0047 276
0.0048 261
0.0049 273
0.005 263
0.0051 266
0.0052 257
0.0053 267
0.0054 263
0.0055 237
0.0056 240
0.0057 228
0.0058 242
0.0059 242
0.006 244
0.0061 241
0.0062 232
0.0063 241
0.0064 239
0.0065 230
0.0066 216
0.0067 235
0.0068 234
0.0069 217
0.007 221
0.0071 217
0.0072 228
0.0073 253
0.0074 241
0.0075 257
0.0076 250
0.0077 260
0.0078 233
0.0079 228
0.008 241
0.0081 230
0.0082 223
0.0083 233
0.0084 234
0.0085 230
0.0086 211
0.0087 222
0.0088 206
0.0089 205
0.009 190
0.0091 198
0.0092 198
0.0093 199
0.0094 186
0.0095 189
0.0096 203
0.0097 204
0.0098 210
0.0099 218
0.01 211
0.0101 216
0.0102 193
0.0103 188
0.0104 189
0.0105 190
0.0106 178
0.0107 179
0.0108 177
0.0109 189
0.011 185
0.0111 194
0.0112 195
0.0113 190
0.0114 182
0.0115 187
0.0116 193
0.0117 204
0.0118 189
0.0119 181
0.012 189
0.0121 204
0.0122 186
0.0123 168
0.0124 174
0.0125 189
0.0126 185
0.0127 189
0.0128 190
0.0129 185
0.013 195
0.0131 207
0.0132 187
0.0133 189
0.0134 182
0.0135 186
0.0136 173
0.0137 167
0.0138 174
0.0139 179
0.014 193
0.0141 199
0.0142 185
0.0143 179
0.0144 174
0.0145 174
0.0146 166
0.0147 167
0.0148 170
0.0149 166
0.015 178
0.0151 179
0.0152 182
0.0153 186
0.0154 186
0.0155 176
0.0156 179
0.0157 171
0.0158 182
0.0159 183
0.016 176
0.0161 178
0.0162 205
0.0163 182
0.0164 194
0.0165 183
0.0166 176
0.0167 190
0.0168 167
0.0169 169
0.017 181
0.0171 185
0.0172 185
0.0173 176
0.0174 169
0.0175 148
0.0176 164
0.0177 182
0.0178 165
0.0179 159
0.018 164
0.0181 164
0.0182 159
0.0183 148
0.0184 152
0.0185 148
0.0186 158
0.0187 156
0.0188 149
0.0189 148
0.019 153
0.0191 144
0.0192 142
0.0193 157
0.0194 161
0.0195 163
0.0196 163
0.0197 160
0.0198 170
0.0199 155
0.02 156
0.0201 151
0.0202 146
0.0203 134
0.0204 129
0.0205 139
0.0206 148
0.0207 136
0.0208 154
0.0209 150
0.021 145
0.0211 148
0.0212 146
0.0213 136
0.0214 145
0.0215 137
0.0216 135
0.0217 133
0.0218 142
0.0219 139
0.022 132
0.0221 148
0.0222 135
0.0223 136
0.0224 140
0.0225 123
0.0226 114
0.0227 124
0.0228 129
0.0229 125
0.023 131
0.0231 132
0.0232 127
0.0233 135
0.0234 118
0.0235 112
0.0236 116
0.0237 106
0.0238 106
0.0239 126
0.024 122
0.0241 123
0.0242 118
0.0243 119
0.0244 109
0.0245 109
0.0246 113
0.0247 123
0.0248 111
0.0249 107
0.025 125
0.0251 133
0.0252 132
0.0253 129
0.0254 119
0.0255 118
0.0256 108
0.0257 118
0.0258 106
0.0259 115
0.026 107
0.0261 114
0.0262 120
0.0263 110
0.0264 114
0.0265 107
0.0266 116
0.0267 112
0.0268 97
0.0269 106
0.027 113
0.0271 106
0.0272 113
0.0273 110
0.0274 120
0.0275 119
0.0276 118
0.0277 113
0.0278 118
0.0279 113
0.028 118
0.0281 118
0.0282 112
0.0283 116
0.0284 114
0.0285 104
0.0286 106
0.0287 113
0.0288 122
0.0289 122
0.029 108
0.0291 105
0.0292 109
0.0293 98
0.0294 101
0.0295 110
0.0296 99
0.0297 104
0.0298 103
0.0299 104
0.03 94
0.0301 100
0.0302 100
0.0303 105
0.0304 109
0.0305 113
0.0306 106
0.0307 107
0.0308 114
0.0309 106
0.031 100
0.0311 99
0.0312 108
0.0313 95
0.0314 97
0.0315 90
0.0316 95
0.0317 98
0.0318 109
0.0319 106
0.032 101
0.0321 101
0.0322 106
0.0323 108
0.0324 106
0.0325 100
0.0326 98
0.0327 99
0.0328 100
0.0329 86
0.033 92
0.0331 89
0.0332 87
0.0333 85
0.0334 79
0.0335 91
0.0336 80
0.0337 91
0.0338 99
0.0339 98
0.034 103
0.0341 99
0.0342 90
0.0343 77
0.0344 85
0.0345 94
0.0346 85
0.0347 87
0.0348 86
0.0349 92
0.035 90
0.0351 89
0.0352 91
0.0353 93
0.0354 93
0.0355 97
0.0356 94
0.0357 86
0.0358 80
0.0359 76
0.036 87
0.0361 95
0.0362 85
0.0363 91
0.0364 73
0.0365 82
0.0366 78
0.0367 78
0.0368 80
0.0369 78
0.037 88
0.0371 100
0.0372 102
0.0373 83
0.0374 89
0.0375 72
0.0376 78
0.0377 82
0.0378 84
0.0379 85
0.038 77
0.0381 88
0.0382 89
0.0383 89
0.0384 99
0.0385 86
0.0386 82
0.0387 81
0.0388 76
0.0389 78
0.039 86
0.0391 82
0.0392 87
0.0393 93
0.0394 83
0.0395 84
0.0396 88
0.0397 80
0.0398 88
0.0399 89
0.04 80
0.0401 85
0.0402 89
0.0403 87
0.0404 83
0.0405 88
0.0406 88
0.0407 93
0.0408 98
0.0409 96
0.041 85
0.0411 94
0.0412 96
0.0413 98
0.0414 96
0.0415 95
0.0416 96
0.0417 88
0.0418 87
0.0419 83
0.042 72
0.0421 77
0.0422 74
0.0423 77
0.0424 83
0.0425 85
0.0426 79
0.0427 79
0.0428 86
0.0429 79
0.043 73
0.0431 77
0.0432 78
0.0433 91
0.0434 96
0.0435 90
0.0436 83
0.0437 80
0.0438 83
0.0439 82
0.044 83
0.0441 71
0.0442 75
0.0443 86
0.0444 82
0.0445 79
0.0446 83
0.0447 91
0.0448 91
0.0449 86
0.045 84
0.0451 83
0.0452 86
0.0453 73
0.0454 68
0.0455 75
0.0456 84
0.0457 96
0.0458 84
0.0459 80
0.046 75
0.0461 81
0.0462 95
0.0463 87
0.0464 82
0.0465 90
0.0466 86
0.0467 89
0.0468 86
0.0469 74
0.047 77
0.0471 79
0.0472 88
0.0473 79
0.0474 81
0.0475 91
0.0476 85
0.0477 74
0.0478 71
0.0479 80
0.048 85
0.0481 91
0.0482 73
0.0483 74
0.0484 84
0.0485 80
0.0486 81
0.0487 78
0.0488 78
0.0489 78
0.049 79
0.0491 71
0.0492 79
0.0493 76
0.0494 81
0.0495 74
0.0496 74
0.0497 70
0.0498 76
0.0499 78
0.05 81
0.0501 84
0.0502 75
0.0503 78
0.0504 82
0.0505 76
0.0506 59
0.0507 58
0.0508 56
0.0509 66
0.051 64
0.0511 61
0.0512 71
0.0513 74
0.0514 72
0.0515 76
0.0516 85
0.0517 85
0.0518 81
0.0519 77
0.052 70
0.0521 70
0.0522 70
0.0523 74
0.0524 75
0.0525 71
0.0526 79
0.0527 92
0.0528 87
0.0529 89
0.053 74
0.0531 70
0.0532 63
0.0533 65
0.0534 65
0.0535 64
0.0536 74
0.0537 74
0.0538 78
0.0539 74
0.054 76
0.0541 70
0.0542 76
0.0543 66
0.0544 69
0.0545 75
0.0546 75
0.0547 71
0.0548 66
0.0549 71
0.055 61
0.0551 56
0.0552 59
0.0553 68
0.0554 62
0.0555 67
0.0556 65
0.0557 62
0.0558 68
0.0559 76
0.056 67
0.0561 59
0.0562 66
0.0563 67
0.0564 58
0.0565 65
0.0566 70
0.0567 73
0.0568 75
0.0569 74
0.057 73
0.0571 78
0.0572 69
0.0573 67
0.0574 69
0.0575 69
0.0576 63
0.0577 75
0.0578 74
0.0579 73
0.058 66
0.0581 66
0.0582 64
0.0583 68
0.0584 65
0.0585 67
0.0586 55
0.0587 62
0.0588 66
0.0589 73
0.059 68
0.0591 66
0.0592 67
0.0593 73
0.0594 64
0.0595 64
0.0596 57
0.0597 57
0.0598 59
0.0599 62
0.06 68
0.0601 62
0.0602 62
0.0603 65
0.0604 60
0.0605 66
0.0606 73
0.0607 61
0.0608 57
0.0609 59
0.061 69
0.0611 72
0.0612 65
0.0613 63
0.0614 68
0.0615 67
0.0616 69
0.0617 64
0.0618 60
0.0619 63
0.062 70
0.0621 68
0.0622 66
0.0623 64
0.0624 65
0.0625 65
0.0626 59
0.0627 61
0.0628 66
0.0629 79
0.063 75
0.0631 60
0.0632 56
0.0633 53
0.0634 54
0.0635 62
0.0636 66
0.0637 71
0.0638 73
0.0639 63
0.064 57
0.0641 59
0.0642 59
0.0643 60
0.0644 59
0.0645 67
0.0646 67
0.0647 73
0.0648 64
0.0649 61
0.065 60
0.0651 59
0.0652 55
0.0653 53
0.0654 60
0.0655 59
0.0656 62
0.0657 58
0.0658 65
0.0659 67
0.066 62
0.0661 68
0.0662 71
0.0663 73
0.0664 71
0.0665 62
0.0666 60
0.0667 63
0.0668 69
0.0669 72
0.067 64
0.0671 63
0.0672 73
0.0673 70
0.0674 68
0.0675 66
0.0676 67
0.0677 68
0.0678 72
0.0679 61
0.068 65
0.0681 63
0.0682 60
0.0683 70
0.0684 73
0.0685 71
0.0686 70
0.0687 53
0.0688 62
0.0689 54
0.069 64
0.0691 61
0.0692 58
0.0693 61
0.0694 71
0.0695 67
0.0696 70
0.0697 74
0.0698 74
0.0699 79
0.07 71
0.0701 61
0.0702 53
0.0703 52
0.0704 52
0.0705 61
0.0706 59
0.0707 65
0.0708 60
0.0709 64
0.071 66
0.0711 60
0.0712 66
0.0713 67
0.0714 71
0.0715 72
0.0716 62
0.0717 54
0.0718 56
0.0719 55
0.072 55
0.0721 57
0.0722 60
0.0723 64
0.0724 61
0.0725 64
0.0726 65
0.0727 61
0.0728 59
0.0729 61
0.073 61
0.0731 58
0.0732 67
0.0733 57
0.0734 52
0.0735 49
0.0736 47
0.0737 54
0.0738 59
0.0739 49
0.074 53
0.0741 60
0.0742 53
0.0743 50
0.0744 55
0.0745 61
0.0746 58
0.0747 61
0.0748 60
0.0749 58
0.075 60
0.0751 69
0.0752 59
0.0753 67
0.0754 71
0.0755 69
0.0756 72
0.0757 69
0.0758 62
0.0759 59
0.076 58
0.0761 61
0.0762 70
0.0763 72
0.0764 66
0.0765 59
0.0766 62
0.0767 61
0.0768 59
0.0769 59
0.077 50
0.0771 54
0.0772 50
0.0773 51
0.0774 56
0.0775 57
0.0776 60
0.0777 57
0.0778 57
0.0779 61
0.078 59
0.0781 56
0.0782 53
0.0783 54
0.0784 56
0.0785 49
0.0786 48
0.0787 51
0.0788 59
0.0789 55
0.079 54
0.0791 53
0.0792 53
0.0793 52
0.0794 55
0.0795 49
0.0796 51
0.0797 53
0.0798 57
0.0799 54
0.08 51
0.0801 52
0.0802 55
0.0803 58
0.0804 57
0.0805 53
0.0806 59
0.0807 58
0.0808 61
0.0809 59
0.081 60
0.0811 59
0.0812 63
0.0813 66
0.0814 59
0.0815 59
0.0816 57
0.0817 56
0.0818 59
0.0819 61
0.082 61
0.0821 58
0.0822 63
0.0823 61
0.0824 61
0.0825 52
0.0826 57
0.0827 60
0.0828 61
0.0829 58
0.083 53
0.0831 49
0.0832 50
0.0833 59
0.0834 59
0.0835 59
0.0836 52
0.0837 56
0.0838 54
0.0839 51
0.084 47
0.0841 49
0.0842 54
0.0843 53
0.0844 47
0.0845 43
0.0846 51
0.0847 49
0.0848 48
0.0849 51
0.085 58
0.0851 54
0.0852 58
0.0853 51
0.0854 50
0.0855 59
0.0856 63
0.0857 56
0.0858 54
0.0859 55
0.086 44
0.0861 52
0.0862 49
0.0863 50
0.0864 52
0.0865 60
0.0866 58
0.0867 57
0.0868 55
0.0869 54
0.087 49
0.0871 51
0.0872 55
0.0873 50
0.0874 45
0.0875 47
0.0876 57
0.0877 53
0.0878 56
0.0879 55
0.088 59
0.0881 52
0.0882 55
0.0883 58
0.0884 57
0.0885 54
0.0886 56
0.0887 50
0.0888 53
0.0889 45
0.089 43
0.0891 48
0.0892 52
0.0893 51
0.0894 52
0.0895 43
0.0896 49
0.0897 50
0.0898 44
0.0899 44
0.09 42
0.0901 48
0.0902 51
0.0903 51
0.0904 61
0.0905 50
0.0906 44
0.0907 47
0.0908 48
0.0909 57
0.091 52
0.0911 48
0.0912 50
0.0913 54
0.0914 48
0.0915 47
0.0916 53
0.0917 53
0.0918 55
0.0919 47
0.092 43
0.0921 50
0.0922 47
0.0923 52
0.0924 46
0.0925 43
0.0926 49
0.0927 52
0.0928 48
0.0929 55
0.093 57
0.0931 49
0.0932 53
0.0933 45
0.0934 44
0.0935 42
0.0936 37
0.0937 44
0.0938 51
0.0939 55
0.094 63
0.0941 58
0.0942 64
0.0943 63
0.0944 60
0.0945 55
0.0946 52
0.0947 61
0.0948 60
0.0949 54
0.095 53
0.0951 54
0.0952 50
0.0953 48
0.0954 54
0.0955 53
0.0956 53
0.0957 53
0.0958 52
0.0959 48
0.096 52
0.0961 62
0.0962 66
0.0963 64
0.0964 64
0.0965 60
0.0966 70
0.0967 70
0.0968 64
0.0969 62
0.097 52
0.0971 49
0.0972 53
0.0973 57
0.0974 62
0.0975 61
0.0976 53
0.0977 55
0.0978 45
0.0979 47
0.098 45
0.0981 52
0.0982 58
0.0983 64
0.0984 64
0.0985 59
0.0986 64
0.0987 64
0.0988 66
0.0989 66
0.099 56
0.0991 56
0.0992 51
0.0993 57
0.0994 61
0.0995 59
0.0996 51
0.0997 49
0.0998 57
0.0999 61
0.1 55
