0 0
0.0001 0
0.0002 0
0.0003 0
0.0004 0
0.0005 1
0.0006 1
0.0007 0
0.0008 0
0.0009 0
0.001 0
0.0011 0
0.0012 0
0.0013 0
0.0014 0
0.0015 0
0.0016 0
0.0017 0
0.0018 0
0.0019 0
0.002 0
0.0021 0
0.0022 0
0.0023 0
0.0024 0
0.0025 0
0.0026 0
0.0027 0
0.0028 0
0.0029 0
0.003 0
0.0031 0
0.0032 0
0.0033 0
0.0034 0
0.0035 0
0.0036 0
0.0037 1
0.0038 1
0.0039 1
0.004 1
0.0041 1
0.0042 2
0.0043 3
0.0044 3
0.0045 3
0.0046 3
0.0047 2
0.0048 2
0.0049 2
0.005 2
0.0051 2
0.0052 2
0.0053 2
0.0054 1
0.0055 1
0.0056 1
0.0057 1
0.0058 1
0.0059 0
0.006 0
0.0061 0
0.0062 0
0.0063 0
0.0064 0
0.0065 0
0.0066 1
0.0067 1
0.0068 2
0.0069 2
0.007 2
0.0071 2
0.0072 2
0.0073 2
0.0074 2
0.0075 1
0.0076 1
0.0077 1
0.0078 2
0.0079 2
0.008 2
0.0081 2
0.0082 2
0.0083 2
0.0084 2
0.0085 2
0.0086 2
0.0087 2
0.0088 2
0.0089 2
0.009 2
0.0091 3
0.0092 3
0.0093 3
0.0094 4
0.0095 4
0.0096 5
0.0097 5
0.0098 5
0.0099 5
0.01 5
0.0101 5
0.0102 5
0.0103 5
0.0104 4
0.0105 4
0.0106 5
0.0107 6
0.0108 6
0.0109 6
0.011 6
0.0111 6
0.0112 6
0.0113 6
0.0114 6
0.0115 5
0.0116 6
0.0117 6
0.0118 6
0.0119 6
0.012 6
0.0121 6
0.0122 5
0.0123 6
0.0124 6
0.0125 6
0.0126 6
0.0127 6
0.0128 7
0.0129 8
0.013 8
0.0131 8
0.0132 7
0.0133 7
0.0134 8
0.0135 9
0.0136 9
0.0137 9
0.0138 9
0.0139 9
0.014 9
0.0141 8
0.0142 7
0.0143 6
0.0144 6
0.0145 6
0.0146 8
0.0147 8
0.0148 7
0.0149 7
0.015 5
0.0151 5
0.0152 5
0.0153 5
0.0154 4
0.0155 4
0.0156 4
0.0157 5
0.0158 5
0.0159 5
0.016 5
0.0161 5
0.0162 5
0.0163 5
0.0164 5
0.0165 5
0.0166 5
0.0167 6
0.0168 6
0.0169 6
0.017 5
0.0171 5
0.0172 5
0.0173 5
0.0174 5
0.0175 5
0.0176 6
0.0177 6
0.0178 6
0.0179 7
0.018 7
0.0181 7
0.0182 7
0.0183 8
0.0184 8
0.0185 8
0.0186 8
0.0187 8
0.0188 8
0.0189 8
0.019 8
0.0191 8
0.0192 8
0.0193 6
0.0194 6
0.0195 6
0.0196 6
0.0197 6
0.0198 6
0.0199 6
0.02 6
0.0201 7
0.0202 6
0.0203 6
0.0204 6
0.0205 6
0.0206 7
0.0207 7
0.0208 7
0.0209 7
0.021 8
0.0211 8
0.0212 8
0.0213 8
0.0214 9
0.0215 9
0.0216 9
0.0217 9
0.0218 6
0.0219 6
0.022 5
0.0221 5
0.0222 5
0.0223 6
0.0224 6
0.0225 6
0.0226 5
0.0227 5
0.0228 5
0.0229 5
0.023 6
0.0231 6
0.0232 7
0.0233 9
0.0234 10
0.0235 10
0.0236 10
0.0237 10
0.0238 10
0.0239 10
0.024 9
0.0241 9
0.0242 9
0.0243 9
0.0244 9
0.0245 9
0.0246 10
0.0247 11
0.0248 12
0.0249 11
0.025 12
0.0251 12
0.0252 12
0.0253 14
0.0254 13
0.0255 12
0.0256 11
0.0257 11
0.0258 11
0.0259 12
0.026 12
0.0261 12
0.0262 13
0.0263 14
0.0264 13
0.0265 13
0.0266 13
0.0267 13
0.0268 12
0.0269 12
0.027 12
0.0271 12
0.0272 12
0.0273 12
0.0274 12
0.0275 13
0.0276 13
0.0277 14
0.0278 14
0.0279 15
0.028 15
0.0281 15
0.0282 15
0.0283 15
0.0284 16
0.0285 17
0.0286 17
0.0287 17
0.0288 17
0.0289 16
0.029 15
0.0291 14
0.0292 14
0.0293 15
0.0294 15
0.0295 15
0.0296 15
0.0297 16
0.0298 16
0.0299 17
0.03 18
0.0301 18
0.0302 18
0.0303 18
0.0304 17
0.0305 17
0.0306 16
0.0307 15
0.0308 15
0.0309 14
0.031 13
0.0311 13
0.0312 13
0.0313 13
0.0314 14
0.0315 13
0.0316 14
0.0317 14
0.0318 15
0.0319 16
0.032 16
0.0321 16
0.0322 17
0.0323 19
0.0324 19
0.0325 19
0.0326 19
0.0327 19
0.0328 19
0.0329 19
0.033 19
0.0331 19
0.0332 20
0.0333 20
0.0334 21
0.0335 21
0.0336 22
0.0337 20
0.0338 20
0.0339 20
0.034 21
0.0341 20
0.0342 20
0.0343 20
0.0344 20
0.0345 20
0.0346 20
0.0347 19
0.0348 19
0.0349 19
0.035 19
0.0351 19
0.0352 19
0.0353 19
0.0354 20
0.0355 20
0.0356 20
0.0357 19
0.0358 19
0.0359 18
0.036 18
0.0361 18
0.0362 18
0.0363 17
0.0364 17
0.0365 17
0.0366 17
0.0367 17
0.0368 17
0.0369 17
0.037 17
0.0371 17
0.0372 17
0.0373 17
0.0374 18
0.0375 19
0.0376 19
0.0377 19
0.0378 19
0.0379 20
0.038 20
0.0381 20
0.0382 20
0.0383 21
0.0384 22
0.0385 23
0.0386 24
0.0387 23
0.0388 24
0.0389 25
0.039 27
0.0391 26
0.0392 26
0.0393 25
0.0394 25
0.0395 25
0.0396 25
0.0397 24
0.0398 24
0.0399 24
0.04 23
0.0401 23
0.0402 23
0.0403 23
0.0404 23
0.0405 23
0.0406 23
0.0407 23
0.0408 23
0.0409 23
0.041 23
0.0411 23
0.0412 22
0.0413 21
0.0414 21
0.0415 21
0.0416 21
0.0417 21
0.0418 21
0.0419 22
0.042 23
0.0421 23
0.0422 20
0.0423 21
0.0424 22
0.0425 22
0.0426 22
0.0427 22
0.0428 21
0.0429 20
0.043 21
0.0431 21
0.0432 21
0.0433 21
0.0434 21
0.0435 22
0.0436 22
0.0437 22
0.0438 21
0.0439 21
0.044 20
0.0441 19
0.0442 18
0.0443 19
0.0444 19
0.0445 19
0.0446 18
0.0447 18
0.0448 19
0.0449 19
0.045 19
0.0451 19
0.0452 21
0.0453 21
0.0454 21
0.0455 22
0.0456 21
0.0457 22
0.0458 23
0.0459 24
0.046 23
0.0461 23
0.0462 22
0.0463 22
0.0464 20
0.0465 20
0.0466 21
0.0467 21
0.0468 21
0.0469 20
0.047 20
0.0471 19
0.0472 20
0.0473 22
0.0474 22
0.0475 22
0.0476 22
0.0477 24
0.0478 23
0.0479 23
0.048 22
0.0481 22
0.0482 22
0.0483 22
0.0484 22
0.0485 22
0.0486 23
0.0487 23
0.0488 23
0.0489 24
0.049 24
0.0491 25
0.0492 25
0.0493 25
0.0494 24
0.0495 25
0.0496 25
0.0497 24
0.0498 24
0.0499 24
0.05 23
0.0501 23
0.0502 23
0.0503 23
0.0504 23
0.0505 22
0.0506 22
0.0507 22
0.0508 22
0.0509 22
0.051 22
0.0511 22
0.0512 23
0.0513 22
0.0514 21
0.0515 21
0.0516 21
0.0517 19
0.0518 19
0.0519 19
0.052 19
0.0521 17
0.0522 17
0.0523 18
0.0524 19
0.0525 18
0.0526 17
0.0527 16
0.0528 16
0.0529 14
0.053 14
0.0531 12
0.0532 12
0.0533 12
0.0534 11
0.0535 10
0.0536 10
0.0537 10
0.0538 12
0.0539 12
0.054 13
0.0541 13
0.0542 12
0.0543 12
0.0544 13
0.0545 14
0.0546 14
0.0547 14
0.0548 15
0.0549 15
0.055 16
0.0551 16
0.0552 16
0.0553 15
0.0554 15
0.0555 14
0.0556 15
0.0557 15
0.0558 15
0.0559 15
0.056 16
0.0561 16
0.0562 15
0.0563 15
0.0564 15
0.0565 15
0.0566 15
0.0567 17
0.0568 18
0.0569 18
0.057 19
0.0571 19
0.0572 19
0.0573 19
0.0574 19
0.0575 19
0.0576 19
0.0577 19
0.0578 19
0.0579 19
0.058 18
0.0581 18
0.0582 18
0.0583 18
0.0584 19
0.0585 19
0.0586 18
0.0587 18
0.0588 18
0.0589 18
0.059 18
0.0591 20
0.0592 17
0.0593 17
0.0594 17
0.0595 18
0.0596 18
0.0597 19
0.0598 19
0.0599 22
0.06 21
0.0601 21
0.0602 21
0.0603 21
0.0604 20
0.0605 20
0.0606 21
0.0607 22
0.0608 22
0.0609 21
0.061 21
0.0611 22
0.0612 22
0.0613 21
0.0614 21
0.0615 21
0.0616 22
0.0617 22
0.0618 23
0.0619 23
0.062 25
0.0621 25
0.0622 25
0.0623 25
0.0624 26
0.0625 24
0.0626 26
0.0627 25
0.0628 26
0.0629 27
0.063 28
0.0631 28
0.0632 28
0.0633 28
0.0634 28
0.0635 28
0.0636 27
0.0637 28
0.0638 28
0.0639 27
0.064 27
0.0641 26
0.0642 26
0.0643 26
0.0644 26
0.0645 26
0.0646 26
0.0647 26
0.0648 25
0.0649 25
0.065 26
0.0651 26
0.0652 27
0.0653 26
0.0654 26
0.0655 27
0.0656 27
0.0657 26
0.0658 27
0.0659 28
0.066 27
0.0661 26
0.0662 26
0.0663 26
0.0664 26
0.0665 27
0.0666 26
0.0667 26
0.0668 26
0.0669 25
0.067 24
0.0671 24
0.0672 25
0.0673 27
0.0674 27
0.0675 27
0.0676 28
0.0677 28
0.0678 28
0.0679 26
0.068 25
0.0681 25
0.0682 25
0.0683 25
0.0684 26
0.0685 25
0.0686 24
0.0687 25
0.0688 25
0.0689 25
0.069 23
0.0691 23
0.0692 24
0.0693 24
0.0694 23
0.0695 23
0.0696 23
0.0697 24
0.0698 24
0.0699 24
0.07 24
0.0701 25
0.0702 25
0.0703 27
0.0704 27
0.0705 26
0.0706 27
0.0707 27
0.0708 26
0.0709 26
0.071 27
0.0711 27
0.0712 27
0.0713 27
0.0714 28
0.0715 28
0.0716 28
0.0717 27
0.0718 27
0.0719 26
0.072 26
0.0721 27
0.0722 26
0.0723 26
0.0724 26
0.0725 26
0.0726 26
0.0727 27
0.0728 27
0.0729 28
0.073 28
0.0731 28
0.0732 28
0.0733 27
0.0734 27
0.0735 27
0.0736 27
0.0737 27
0.0738 27
0.0739 27
0.074 26
0.0741 26
0.0742 26
0.0743 27
0.0744 27
0.0745 27
0.0746 26
0.0747 27
0.0748 26
0.0749 26
0.075 28
0.0751 28
0.0752 28
0.0753 28
0.0754 28
0.0755 28
0.0756 27
0.0757 27
0.0758 27
0.0759 27
0.076 27
0.0761 27
0.0762 27
0.0763 27
0.0764 26
0.0765 25
0.0766 25
0.0767 25
0.0768 25
0.0769 26
0.077 26
0.0771 26
0.0772 26
0.0773 25
0.0774 25
0.0775 24
0.0776 24
0.0777 24
0.0778 23
0.0779 22
0.078 21
0.0781 21
0.0782 21
0.0783 22
0.0784 23
0.0785 23
0.0786 23
0.0787 22
0.0788 23
0.0789 24
0.079 24
0.0791 25
0.0792 27
0.0793 26
0.0794 25
0.0795 26
0.0796 26
0.0797 26
0.0798 27
0.0799 27
0.08 26
0.0801 26
0.0802 26
0.0803 26
0.0804 27
0.0805 28
0.0806 28
0.0807 29
0.0808 28
0.0809 28
0.081 28
0.0811 28
0.0812 27
0.0813 27
0.0814 27
0.0815 27
0.0816 27
0.0817 28
0.0818 28
0.0819 28
0.082 28
0.0821 28
0.0822 26
0.0823 26
0.0824 26
0.0825 26
0.0826 24
0.0827 25
0.0828 25
0.0829 25
0.083 25
0.0831 25
0.0832 24
0.0833 24
0.0834 25
0.0835 26
0.0836 25
0.0837 26
0.0838 26
0.0839 26
0.084 26
0.0841 27
0.0842 27
0.0843 27
0.0844 29
0.0845 29
0.0846 29
0.0847 29
0.0848 28
0.0849 28
0.085 29
0.0851 31
0.0852 33
0.0853 32
0.0854 32
0.0855 32
0.0856 30
0.0857 31
0.0858 31
0.0859 31
0.086 31
0.0861 31
0.0862 32
0.0863 31
0.0864 31
0.0865 31
0.0866 31
0.0867 31
0.0868 31
0.0869 31
0.087 31
0.0871 31
0.0872 31
0.0873 32
0.0874 31
0.0875 32
0.0876 32
0.0877 33
0.0878 34
0.0879 33
0.088 34
0.0881 34
0.0882 34
0.0883 34
0.0884 35
0.0885 35
0.0886 35
0.0887 36
0.0888 37
0.0889 37
0.089 37
0.0891 37
0.0892 37
0.0893 36
0.0894 36
0.0895 35
0.0896 35
0.0897 36
0.0898 38
0.0899 38
0.09 37
0.0901 36
0.0902 36
0.0903 36
0.0904 35
0.0905 35
0.0906 35
0.0907 35
0.0908 34
0.0909 34
0.091 35
0.0911 36
0.0912 36
0.0913 35
0.0914 36
0.0915 36
0.0916 35
0.0917 35
0.0918 36
0.0919 36
0.092 37
0.0921 36
0.0922 35
0.0923 35
0.0924 35
0.0925 35
0.0926 35
0.0927 36
0.0928 37
0.0929 36
0.093 36
0.0931 36
0.0932 37
0.0933 37
0.0934 37
0.0935 36
0.0936 37
0.0937 37
0.0938 37
0.0939 37
0.094 37
0.0941 37
0.0942 38
0.0943 37
0.0944 35
0.0945 36
0.0946 37
0.0947 36
0.0948 36
0.0949 37
0.095 37
0.0951 37
0.0952 37
0.0953 37
0.0954 37
0.0955 37
0.0956 35
0.0957 35
0.0958 35
0.0959 35
0.096 35
0.0961 35
0.0962 35
0.0963 36
0.0964 37
0.0965 34
0.0966 33
0.0967 32
0.0968 32
0.0969 30
0.097 30
0.0971 30
0.0972 30
0.0973 30
0.0974 30
0.0975 29
0.0976 29
0.0977 29
0.0978 31
0.0979 30
0.098 31
0.0981 31
0.0982 31
0.0983 31
0.0984 32
0.0985 32
0.0986 32
0.0987 31
0.0988 31
0.0989 29
0.099 29
0.0991 29
0.0992 29
0.0993 29
0.0994 29
0.0995 29
0.0996 33
0.0997 33
0.0998 33
0.0999 33
0.1 34
