0 0
0.0001 0
0.0002 0
0.0003 0
0.0004 0
0.0005 0
0.0006 0
0.0007 0
0.0008 0
0.0009 0
0.001 0
0.0011 0
0.0012 0
0.0013 0
0.0014 0
0.0015 0
0.0016 0
0.0017 0
0.0018 0
0.0019 0
0.002 0
0.0021 0
0.0022 0
0.0023 0
0.0024 0
0.0025 0
0.0026 0
0.0027 0
0.0028 0
0.0029 0
0.003 0
0.0031 0
0.0032 0
0.0033 0
0.0034 0
0.0035 0
0.0036 0
0.0037 1
0.0038 1
0.0039 0
0.004 1
0.0041 1
0.0042 0
0.0043 0
0.0044 2
0.0045 0
0.0046 1
0.0047 0
0.0048 0
0.0049 2
0.005 1
0.0051 3
0.0052 0
0.0053 0
0.0054 1
0.0055 0
0.0056 1
0.0057 0
0.0058 1
0.0059 1
0.006 0
0.0061 0
0.0062 4
0.0063 0
0.0064 1
0.0065 1
0.0066 0
0.0067 0
0.0068 0
0.0069 1
0.007 1
0.0071 3
0.0072 2
0.0073 0
0.0074 1
0.0075 1
0.0076 1
0.0077 1
0.0078 1
0.0079 0
0.008 2
0.0081 2
0.0082 2
0.0083 2
0.0084 4
0.0085 2
0.0086 1
0.0087 1
0.0088 0
0.0089 2
0.009 3
0.0091 1
0.0092 3
0.0093 4
0.0094 3
0.0095 3
0.0096 5
0.0097 2
0.0098 1
0.0099 3
0.01 2
0.0101 1
0.0102 0
0.0103 1
0.0104 1
0.0105 4
0.0106 3
0.0107 0
0.0108 3
0.0109 3
0.011 4
0.0111 2
0.0112 6
0.0113 3
0.0114 4
0.0115 4
0.0116 1
0.0117 4
0.0118 2
0.0119 5
0.012 6
0.0121 3
0.0122 2
0.0123 3
0.0124 3
0.0125 5
0.0126 2
0.0127 0
0.0128 4
0.0129 1
0.013 0
0.0131 3
0.0132 1
0.0133 3
0.0134 3
0.0135 4
0.0136 1
0.0137 2
0.0138 3
0.0139 3
0.014 5
0.0141 4
0.0142 3
0.0143 4
0.0144 3
0.0145 5
0.0146 6
0.0147 5
0.0148 3
0.0149 3
0.015 3
0.0151 1
0.0152 2
0.0153 4
0.0154 3
0.0155 7
0.0156 5
0.0157 4
0.0158 6
0.0159 9
0.016 9
0.0161 11
0.0162 3
0.0163 6
0.0164 5
0.0165 9
0.0166 6
0.0167 5
0.0168 4
0.0169 8
0.017 7
0.0171 5
0.0172 3
0.0173 10
0.0174 10
0.0175 6
0.0176 10
0.0177 9
0.0178 3
0.0179 8
0.018 8
0.0181 3
0.0182 7
0.0183 7
0.0184 6
0.0185 10
0.0186 10
0.0187 6
0.0188 9
0.0189 9
0.019 9
0.0191 10
0.0192 10
0.0193 8
0.0194 11
0.0195 13
0.0196 6
0.0197 7
0.0198 12
0.0199 11
0.02 11
0.0201 18
0.0202 11
0.0203 9
0.0204 9
0.0205 16
0.0206 16
0.0207 17
0.0208 16
0.0209 13
0.021 12
0.0211 13
0.0212 17
0.0213 16
0.0214 23
0.0215 16
0.0216 17
0.0217 16
0.0218 20
0.0219 30
0.022 13
0.0221 15
0.0222 17
0.0223 17
0.0224 17
0.0225 28
0.0226 29
0.0227 25
0.0228 28
0.0229 22
0.023 28
0.0231 35
0.0232 41
0.0233 48
0.0234 43
0.0235 42
0.0236 59
0.0237 55
0.0238 51
0.0239 58
0.024 68
0.0241 71
0.0242 69
0.0243 74
0.0244 77
0.0245 79
0.0246 69
0.0247 92
0.0248 84
0.0249 87
0.025 80
0.0251 79
0.0252 79
0.0253 63
0.0254 59
0.0255 72
0.0256 59
0.0257 56
0.0258 55
0.0259 56
0.026 53
0.0261 72
0.0262 58
0.0263 54
0.0264 64
0.0265 60
0.0266 85
0.0267 88
0.0268 82
0.0269 81
0.027 82
0.0271 85
0.0272 98
0.0273 109
0.0274 121
0.0275 120
0.0276 124
0.0277 140
0.0278 128
0.0279 124
0.028 137
0.0281 128
0.0282 126
0.0283 116
0.0284 109
0.0285 115
0.0286 101
0.0287 99
0.0288 106
0.0289 110
0.029 101
0.0291 104
0.0292 114
0.0293 120
0.0294 120
0.0295 109
0.0296 99
0.0297 97
0.0298 90
0.0299 69
0.03 63
0.0301 67
0.0302 75
0.0303 79
0.0304 77
0.0305 94
0.0306 100
0.0307 117
0.0308 125
0.0309 135
0.031 153
0.0311 164
0.0312 174
0.0313 190
0.0314 220
0.0315 236
0.0316 263
0.0317 287
0.0318 317
0.0319 360
0.032 399
0.0321 426
0.0322 452
0.0323 474
0.0324 512
0.0325 545
0.0326 584
0.0327 624
0.0328 664
0.0329 698
0.033 731
0.0331 770
0.0332 800
0.0333 823
0.0334 850
0.0335 874
0.0336 895
0.0337 907
0.0338 938
0.0339 960
0.034 986
0.0341 996
0.0342 1021
0.0343 1050
0.0344 1074
0.0345 1093
0.0346 1105
0.0347 1128
0.0348 1146
0.0349 1167
0.035 1175
0.0351 1191
0.0352 1211
0.0353 1220
0.0354 1224
0.0355 1222
0.0356 1235
0.0357 1246
0.0358 1254
0.0359 1251
0.036 1263
0.0361 1255
0.0362 1252
0.0363 1245
0.0364 1251
0.0365 1254
0.0366 1268
0.0367 1280
0.0368 1293
0.0369 1304
0.037 1309
0.0371 1309
0.0372 1316
0.0373 1327
0.0374 1325
0.0375 1315
0.0376 1288
0.0377 1291
0.0378 1282
0.0379 1287
0.038 1298
0.0381 1305
0.0382 1315
0.0383 1317
0.0384 1321
0.0385 1327
0.0386 1334
0.0387 1338
0.0388 1333
0.0389 1311
0.039 1291
0.0391 1256
0.0392 1234
0.0393 1227
0.0394 1220
0.0395 1213
0.0396 1215
0.0397 1225
0.0398 1221
0.0399 1210
0.04 1205
0.0401 1200
0.0402 1194
0.0403 1188
0.0404 1187
0.0405 1195
0.0406 1207
0.0407 1215
0.0408 1217
0.0409 1223
0.041 1227
0.0411 1235
0.0412 1233
0.0413 1239
0.0414 1239
0.0415 1238
0.0416 1238
0.0417 1235
0.0418 1228
0.0419 1232
0.042 1224
0.0421 1230
0.0422 1225
0.0423 1219
0.0424 1218
0.0425 1218
0.0426 1225
0.0427 1231
0.0428 1230
0.0429 1234
0.043 1240
0.0431 1248
0.0432 1257
0.0433 1260
0.0434 1255
0.0435 1262
0.0436 1255
0.0437 1254
0.0438 1251
0.0439 1253
0.044 1239
0.0441 1231
0.0442 1218
0.0443 1196
0.0444 1195
0.0445 1181
0.0446 1169
0.0447 1171
0.0448 1160
0.0449 1159
0.045 1161
0.0451 1171
0.0452 1166
0.0453 1164
0.0454 1147
0.0455 1138
0.0456 1113
0.0457 1086
0.0458 1066
0.0459 1067
0.046 1056
0.0461 1047
0.0462 1035
0.0463 1029
0.0464 1027
0.0465 1029
0.0466 1024
0.0467 1021
0.0468 1004
0.0469 974
0.047 940
0.0471 903
0.0472 857
0.0473 799
0.0474 773
0.0475 752
0.0476 743
0.0477 735
0.0478 742
0.0479 742
0.048 753
0.0481 769
0.0482 781
0.0483 783
0.0484 781
0.0485 785
0.0486 786
0.0487 791
0.0488 801
0.0489 806
0.049 815
0.0491 814
0.0492 809
0.0493 788
0.0494 754
0.0495 749
0.0496 738
0.0497 729
0.0498 728
0.0499 727
0.05 728
0.0501 727
0.0502 740
0.0503 744
0.0504 750
0.0505 753
0.0506 759
0.0507 757
0.0508 763
0.0509 768
0.051 770
0.0511 776
0.0512 784
0.0513 788
0.0514 800
0.0515 808
0.0516 816
0.0517 817
0.0518 827
0.0519 828
0.052 832
0.0521 843
0.0522 855
0.0523 869
0.0524 876
0.0525 877
0.0526 875
0.0527 883
0.0528 881
0.0529 878
0.053 890
0.0531 895
0.0532 896
0.0533 900
0.0534 896
0.0535 899
0.0536 898
0.0537 892
0.0538 889
0.0539 885
0.054 885
0.0541 886
0.0542 882
0.0543 884
0.0544 884
0.0545 887
0.0546 895
0.0547 895
0.0548 893
0.0549 897
0.055 899
0.0551 894
0.0552 898
0.0553 894
0.0554 892
0.0555 891
0.0556 888
0.0557 886
0.0558 886
0.0559 883
0.056 878
0.0561 877
0.0562 877
0.0563 885
0.0564 874
0.0565 873
0.0566 868
0.0567 864
0.0568 867
0.0569 868
0.057 868
0.0571 867
0.0572 875
0.0573 877
0.0574 876
0.0575 877
0.0576 872
0.0577 867
0.0578 862
0.0579 854
0.058 851
0.0581 851
0.0582 853
0.0583 848
0.0584 842
0.0585 841
0.0586 837
0.0587 836
0.0588 839
0.0589 835
0.059 835
0.0591 829
0.0592 819
0.0593 807
0.0594 784
0.0595 770
0.0596 754
0.0597 749
0.0598 744
0.0599 739
0.06 736
0.0601 727
0.0602 715
0.0603 704
0.0604 694
0.0605 689
0.0606 649
0.0607 608
0.0608 574
0.0609 535
0.061 481
0.0611 451
0.0612 421
0.0613 397
0.0614 366
0.0615 341
0.0616 334
0.0617 328
0.0618 320
0.0619 316
0.062 295
0.0621 275
0.0622 255
0.0623 248
0.0624 234
0.0625 223
0.0626 214
0.0627 193
0.0628 172
0.0629 158
0.063 127
0.0631 104
0.0632 83
0.0633 63
0.0634 56
0.0635 52
0.0636 48
0.0637 52
0.0638 44
0.0639 36
0.064 36
0.0641 40
0.0642 28
0.0643 23
0.0644 17
0.0645 20
0.0646 19
0.0647 13
0.0648 18
0.0649 13
0.065 10
0.0651 13
0.0652 18
0.0653 15
0.0654 14
0.0655 14
0.0656 8
0.0657 10
0.0658 3
0.0659 10
0.066 8
0.0661 10
0.0662 9
0.0663 6
0.0664 8
0.0665 10
0.0666 13
0.0667 13
0.0668 7
0.0669 8
0.067 10
0.0671 5
0.0672 14
0.0673 8
0.0674 7
0.0675 8
0.0676 11
0.0677 14
0.0678 11
0.0679 11
0.068 15
0.0681 6
0.0682 14
0.0683 8
0.0684 10
0.0685 14
0.0686 12
0.0687 17
0.0688 11
0.0689 11
0.069 12
0.0691 14
0.0692 11
0.0693 8
0.0694 10
0.0695 10
0.0696 10
0.0697 9
0.0698 13
0.0699 12
0.07 8
0.0701 11
0.0702 11
0.0703 5
0.0704 6
0.0705 11
0.0706 10
0.0707 6
0.0708 7
0.0709 5
0.071 6
0.0711 11
0.0712 11
0.0713 4
0.0714 11
0.0715 6
0.0716 9
0.0717 12
0.0718 11
0.0719 9
0.072 15
0.0721 15
0.0722 9
0.0723 10
0.0724 7
0.0725 14
0.0726 12
0.0727 11
0.0728 17
0.0729 14
0.073 16
0.0731 18
0.0732 16
0.0733 11
0.0734 16
0.0735 19
0.0736 21
0.0737 12
0.0738 16
0.0739 18
0.074 20
0.0741 20
0.0742 25
0.0743 17
0.0744 30
0.0745 24
0.0746 22
0.0747 17
0.0748 25
0.0749 22
0.075 29
0.0751 24
0.0752 23
0.0753 23
0.0754 23
0.0755 26
0.0756 27
0.0757 36
0.0758 42
0.0759 33
0.076 35
0.0761 54
0.0762 66
0.0763 70
0.0764 68
0.0765 76
0.0766 84
0.0767 87
0.0768 80
0.0769 70
0.077 61
0.0771 65
0.0772 72
0.0773 76
0.0774 90
0.0775 87
0.0776 92
0.0777 110
0.0778 122
0.0779 132
0.078 129
0.0781 132
0.0782 127
0.0783 138
0.0784 125
0.0785 135
0.0786 137
0.0787 122
0.0788 108
0.0789 136
0.079 128
0.0791 117
0.0792 114
0.0793 131
0.0794 126
0.0795 128
0.0796 128
0.0797 135
0.0798 127
0.0799 125
0.08 127
0.0801 137
0.0802 130
0.0803 144
0.0804 170
0.0805 171
0.0806 176
0.0807 189
0.0808 205
0.0809 208
0.081 205
0.0811 202
0.0812 184
0.0813 193
0.0814 208
0.0815 214
0.0816 231
0.0817 251
0.0818 284
0.0819 325
0.082 367
0.0821 413
0.0822 448
0.0823 491
0.0824 522
0.0825 529
0.0826 555
0.0827 579
0.0828 619
0.0829 652
0.083 688
0.0831 710
0.0832 745
0.0833 785
0.0834 804
0.0835 821
0.0836 838
0.0837 857
0.0838 868
0.0839 889
0.084 902
0.0841 912
0.0842 936
0.0843 953
0.0844 975
0.0845 996
0.0846 1019
0.0847 1047
0.0848 1065
0.0849 1076
0.085 1089
0.0851 1103
0.0852 1124
0.0853 1139
0.0854 1166
0.0855 1187
0.0856 1206
0.0857 1211
0.0858 1219
0.0859 1209
0.086 1216
0.0861 1218
0.0862 1225
0.0863 1236
0.0864 1243
0.0865 1244
0.0866 1251
0.0867 1255
0.0868 1265
0.0869 1264
0.087 1266
0.0871 1271
0.0872 1274
0.0873 1268
0.0874 1271
0.0875 1268
0.0876 1273
0.0877 1282
0.0878 1284
0.0879 1289
0.088 1294
0.0881 1296
0.0882 1305
0.0883 1323
0.0884 1327
0.0885 1324
0.0886 1327
0.0887 1335
0.0888 1330
0.0889 1334
0.089 1341
0.0891 1338
0.0892 1333
0.0893 1326
0.0894 1331
0.0895 1325
0.0896 1312
0.0897 1297
0.0898 1286
0.0899 1272
0.09 1265
0.0901 1259
0.0902 1266
0.0903 1261
0.0904 1255
0.0905 1239
0.0906 1229
0.0907 1225
0.0908 1224
0.0909 1201
0.091 1187
0.0911 1190
0.0912 1193
0.0913 1200
0.0914 1192
0.0915 1188
0.0916 1186
0.0917 1191
0.0918 1197
0.0919 1197
0.092 1199
0.0921 1212
0.0922 1216
0.0923 1219
0.0924 1213
0.0925 1208
0.0926 1201
0.0927 1193
0.0928 1187
0.0929 1187
0.093 1189
0.0931 1186
0.0932 1176
0.0933 1172
0.0934 1163
0.0935 1169
0.0936 1176
0.0937 1172
0.0938 1179
0.0939 1184
0.094 1185
0.0941 1174
0.0942 1146
0.0943 1126
0.0944 1104
0.0945 1075
0.0946 1049
0.0947 1033
0.0948 1003
0.0949 972
0.095 947
0.0951 922
0.0952 910
0.0953 901
0.0954 892
0.0955 883
0.0956 882
0.0957 877
0.0958 884
0.0959 898
0.096 909
0.0961 917
0.0962 928
0.0963 935
0.0964 938
0.0965 960
0.0966 963
0.0967 965
0.0968 974
0.0969 975
0.097 978
0.0971 983
0.0972 981
0.0973 969
0.0974 953
0.0975 923
0.0976 879
0.0977 845
0.0978 815
0.0979 772
0.098 746
0.0981 727
0.0982 707
0.0983 696
0.0984 690
0.0985 679
0.0986 676
0.0987 673
0.0988 654
0.0989 623
0.099 606
0.0991 588
0.0992 586
0.0993 580
0.0994 579
0.0995 566
0.0996 555
0.0997 532
0.0998 519
0.0999 514
0.1 510
0.1001 502
0.1002 494
0.1003 485
0.1004 483
0.1005 487
0.1006 497
0.1007 506
0.1008 508
0.1009 527
0.101 528
0.1011 545
0.1012 556
0.1013 567
0.1014 586
0.1015 600
0.1016 611
0.1017 631
0.1018 637
0.1019 648
0.102 639
0.1021 648
0.1022 656
0.1023 662
0.1024 673
0.1025 681
0.1026 678
0.1027 678
0.1028 685
0.1029 695
0.103 704
0.1031 700
0.1032 703
0.1033 713
0.1034 719
0.1035 726
0.1036 728
0.1037 735
0.1038 733
0.1039 730
0.104 743
0.1041 744
0.1042 744
0.1043 744
0.1044 743
0.1045 747
0.1046 743
0.1047 739
0.1048 743
0.1049 739
0.105 743
0.1051 744
0.1052 744
0.1053 749
0.1054 753
0.1055 759
0.1056 752
0.1057 750
0.1058 741
0.1059 704
0.106 671
0.1061 634
0.1062 599
0.1063 561
0.1064 526
0.1065 503
0.1066 446
0.1067 413
0.1068 381
0.1069 351
0.107 337
0.1071 335
0.1072 343
0.1073 347
0.1074 362
0.1075 365
0.1076 379
0.1077 388
0.1078 398
0.1079 418
0.108 435
0.1081 432
0.1082 414
0.1083 389
0.1084 367
0.1085 354
0.1086 317
0.1087 301
0.1088 271
0.1089 245
0.109 228
0.1091 201
0.1092 192
0.1093 188
0.1094 176
0.1095 161
0.1096 149
0.1097 140
0.1098 121
0.1099 109
0.11 101
0.1101 92
0.1102 82
0.1103 57
0.1104 55
0.1105 41
0.1106 31
0.1107 30
0.1108 36
0.1109 20
0.111 22
0.1111 22
0.1112 25
0.1113 24
0.1114 23
0.1115 16
0.1116 13
0.1117 13
0.1118 20
0.1119 15
0.112 16
0.1121 20
0.1122 18
0.1123 16
0.1124 18
0.1125 9
0.1126 10
0.1127 16
0.1128 23
0.1129 15
0.113 17
0.1131 15
0.1132 6
0.1133 15
0.1134 19
0.1135 15
0.1136 12
0.1137 11
0.1138 6
0.1139 13
0.114 9
0.1141 12
0.1142 8
0.1143 11
0.1144 9
0.1145 18
0.1146 8
0.1147 12
0.1148 7
0.1149 11
0.115 8
0.1151 8
0.1152 8
0.1153 11
0.1154 14
0.1155 8
0.1156 12
0.1157 15
0.1158 9
0.1159 8
0.116 9
0.1161 9
0.1162 9
0.1163 7
0.1164 9
0.1165 7
0.1166 11
0.1167 10
0.1168 9
0.1169 9
0.117 13
0.1171 13
0.1172 17
0.1173 9
0.1174 9
0.1175 13
0.1176 14
0.1177 12
0.1178 15
0.1179 9
0.118 18
0.1181 11
0.1182 5
0.1183 14
0.1184 13
0.1185 11
0.1186 12
0.1187 5
0.1188 13
0.1189 11
0.119 9
0.1191 9
0.1192 7
0.1193 13
0.1194 17
0.1195 7
0.1196 14
0.1197 17
0.1198 10
0.1199 11
0.12 15
0.1201 10
0.1202 17
0.1203 19
0.1204 9
0.1205 18
0.1206 11
0.1207 15
0.1208 21
0.1209 15
0.121 16
0.1211 14
0.1212 14
0.1213 9
0.1214 15
0.1215 13
0.1216 13
0.1217 10
0.1218 10
0.1219 12
0.122 20
0.1221 15
0.1222 20
0.1223 17
0.1224 15
0.1225 15
0.1226 14
0.1227 16
0.1228 7
0.1229 12
0.123 23
0.1231 10
0.1232 14
0.1233 21
0.1234 24
0.1235 13
0.1236 22
0.1237 12
0.1238 12
0.1239 10
0.124 13
0.1241 12
0.1242 11
0.1243 17
0.1244 18
0.1245 26
0.1246 29
0.1247 17
0.1248 20
0.1249 22
0.125 21
0.1251 20
0.1252 17
0.1253 16
0.1254 24
0.1255 25
0.1256 14
0.1257 14
0.1258 23
0.1259 22
0.126 28
0.1261 19
0.1262 25
0.1263 25
0.1264 22
0.1265 27
0.1266 29
0.1267 31
0.1268 22
0.1269 17
0.127 17
0.1271 27
0.1272 33
0.1273 26
0.1274 27
0.1275 29
0.1276 26
0.1277 24
0.1278 34
0.1279 37
0.128 40
0.1281 48
0.1282 49
0.1283 45
0.1284 36
0.1285 31
0.1286 38
0.1287 37
0.1288 34
0.1289 37
0.129 43
0.1291 33
0.1292 48
0.1293 49
0.1294 45
0.1295 57
0.1296 60
0.1297 64
0.1298 66
0.1299 77
0.13 75
0.1301 66
0.1302 57
0.1303 66
0.1304 73
0.1305 86
0.1306 90
0.1307 89
0.1308 94
0.1309 114
0.131 130
0.1311 137
0.1312 151
0.1313 175
0.1314 182
0.1315 197
0.1316 210
0.1317 237
0.1318 261
0.1319 289
0.132 319
0.1321 356
0.1322 365
0.1323 369
0.1324 361
0.1325 364
0.1326 347
0.1327 332
0.1328 337
0.1329 338
0.133 358
0.1331 399
0.1332 441
0.1333 471
0.1334 519
0.1335 547
0.1336 591
0.1337 621
0.1338 646
0.1339 678
0.134 725
0.1341 757
0.1342 793
0.1343 825
0.1344 863
0.1345 899
0.1346 938
0.1347 956
0.1348 981
0.1349 1025
0.135 1059
0.1351 1092
0.1352 1106
0.1353 1139
0.1354 1156
0.1355 1151
0.1356 1150
0.1357 1169
0.1358 1180
0.1359 1187
0.136 1201
0.1361 1208
0.1362 1226
0.1363 1234
0.1364 1249
0.1365 1273
0.1366 1294
0.1367 1322
0.1368 1332
0.1369 1338
0.137 1353
0.1371 1368
0.1372 1382
0.1373 1408
0.1374 1418
0.1375 1439
0.1376 1449
0.1377 1455
0.1378 1462
0.1379 1482
0.138 1490
0.1381 1503
0.1382 1521
0.1383 1537
0.1384 1544
0.1385 1550
0.1386 1555
0.1387 1556
0.1388 1565
0.1389 1577
0.139 1575
0.1391 1590
0.1392 1584
0.1393 1587
0.1394 1590
0.1395 1584
0.1396 1582
0.1397 1585
0.1398 1575
0.1399 1561
0.14 1562
0.1401 1563
0.1402 1566
0.1403 1569
0.1404 1579
0.1405 1589
0.1406 1590
0.1407 1590
0.1408 1599
0.1409 1611
0.141 1603
0.1411 1602
0.1412 1612
0.1413 1614
0.1414 1611
0.1415 1617
0.1416 1616
0.1417 1624
0.1418 1627
0.1419 1628
0.142 1628
0.1421 1635
0.1422 1643
0.1423 1640
0.1424 1632
0.1425 1629
0.1426 1618
0.1427 1609
0.1428 1610
0.1429 1608
0.143 1602
0.1431 1593
0.1432 1586
0.1433 1571
0.1434 1566
0.1435 1563
0.1436 1557
0.1437 1553
0.1438 1547
0.1439 1540
0.144 1544
0.1441 1539
0.1442 1535
0.1443 1533
0.1444 1541
0.1445 1538
0.1446 1536
0.1447 1528
0.1448 1523
0.1449 1517
0.145 1506
0.1451 1502
0.1452 1492
0.1453 1498
0.1454 1492
0.1455 1486
0.1456 1485
0.1457 1483
0.1458 1483
0.1459 1490
0.146 1474
0.1461 1469
0.1462 1471
0.1463 1473
0.1464 1473
0.1465 1481
0.1466 1484
0.1467 1487
0.1468 1495
0.1469 1505
0.147 1510
0.1471 1520
0.1472 1518
0.1473 1515
0.1474 1491
0.1475 1479
0.1476 1479
0.1477 1475
0.1478 1461
0.1479 1439
0.148 1438
0.1481 1432
0.1482 1430
0.1483 1417
0.1484 1412
0.1485 1407
0.1486 1398
0.1487 1399
0.1488 1394
0.1489 1383
0.149 1370
0.1491 1368
0.1492 1367
0.1493 1365
0.1494 1363
0.1495 1360
0.1496 1359
0.1497 1347
0.1498 1335
0.1499 1336
0.15 1326
0.1501 1320
0.1502 1316
0.1503 1312
0.1504 1304
0.1505 1300
0.1506 1292
0.1507 1291
0.1508 1281
0.1509 1280
0.151 1278
0.1511 1281
0.1512 1276
0.1513 1276
0.1514 1272
0.1515 1266
0.1516 1257
0.1517 1246
0.1518 1244
0.1519 1240
0.152 1240
0.1521 1230
0.1522 1224
0.1523 1222
0.1524 1216
0.1525 1209
0.1526 1206
0.1527 1196
0.1528 1186
0.1529 1182
0.153 1179
0.1531 1180
0.1532 1180
0.1533 1169
0.1534 1155
0.1535 1145
0.1536 1106
0.1537 1068
0.1538 1004
0.1539 967
0.154 924
0.1541 885
0.1542 871
0.1543 868
0.1544 867
0.1545 852
0.1546 839
0.1547 836
0.1548 835
0.1549 826
0.155 826
0.1551 831
0.1552 827
0.1553 822
0.1554 822
0.1555 819
0.1556 806
0.1557 815
0.1558 820
0.1559 818
0.156 820
0.1561 815
0.1562 809
0.1563 811
0.1564 809
0.1565 813
0.1566 809
0.1567 807
0.1568 810
0.1569 800
0.157 790
0.1571 792
0.1572 794
0.1573 795
0.1574 799
0.1575 799
0.1576 790
0.1577 789
0.1578 785
0.1579 778
0.158 779
0.1581 784
0.1582 791
0.1583 788
0.1584 792
0.1585 792
0.1586 785
0.1587 779
0.1588 767
0.1589 772
0.159 766
0.1591 767
0.1592 758
0.1593 757
0.1594 746
0.1595 748
0.1596 749
0.1597 731
0.1598 715
0.1599 702
0.16 691
0.1601 678
0.1602 682
0.1603 681
0.1604 669
0.1605 666
0.1606 661
0.1607 659
0.1608 665
0.1609 667
0.161 662
0.1611 671
0.1612 668
0.1613 670
0.1614 670
0.1615 676
0.1616 666
0.1617 674
0.1618 679
0.1619 676
0.162 676
0.1621 668
0.1622 662
0.1623 672
0.1624 678
0.1625 683
0.1626 684
0.1627 679
0.1628 683
0.1629 689
0.163 696
0.1631 695
0.1632 688
0.1633 685
0.1634 682
0.1635 681
0.1636 677
0.1637 670
0.1638 662
0.1639 660
0.164 652
0.1641 650
0.1642 648
0.1643 639
0.1644 633
0.1645 627
0.1646 622
0.1647 614
0.1648 611
0.1649 603
0.165 606
0.1651 608
0.1652 605
0.1653 595
0.1654 583
0.1655 579
0.1656 578
0.1657 565
0.1658 560
0.1659 555
0.166 551
0.1661 547
0.1662 550
0.1663 554
0.1664 561
0.1665 560
0.1666 558
0.1667 561
0.1668 564
0.1669 567
0.167 561
0.1671 559
0.1672 564
0.1673 559
0.1674 562
0.1675 547
0.1676 524
0.1677 482
0.1678 434
0.1679 397
0.168 376
0.1681 355
0.1682 330
0.1683 323
0.1684 312
0.1685 289
0.1686 281
0.1687 274
0.1688 264
0.1689 263
0.169 261
0.1691 262
0.1692 270
0.1693 281
0.1694 287
0.1695 284
0.1696 293
0.1697 298
0.1698 302
0.1699 311
0.17 317
0.1701 321
0.1702 326
0.1703 335
0.1704 345
0.1705 350
0.1706 343
0.1707 340
0.1708 330
0.1709 326
0.171 312
0.1711 299
0.1712 286
0.1713 265
0.1714 236
0.1715 215
0.1716 179
0.1717 157
0.1718 130
0.1719 114
0.172 96
0.1721 91
0.1722 87
0.1723 83
0.1724 70
0.1725 63
0.1726 50
0.1727 37
0.1728 35
0.1729 33
0.173 43
0.1731 37
0.1732 34
0.1733 34
0.1734 41
0.1735 39
0.1736 29
0.1737 42
0.1738 37
0.1739 33
0.174 34
0.1741 31
0.1742 25
0.1743 23
0.1744 26
0.1745 22
0.1746 21
0.1747 18
0.1748 16
0.1749 11
0.175 19
0.1751 15
0.1752 12
0.1753 13
0.1754 7
0.1755 8
0.1756 7
0.1757 6
0.1758 7
0.1759 10
0.176 8
0.1761 8
0.1762 6
0.1763 12
0.1764 9
0.1765 9
0.1766 6
0.1767 6
0.1768 7
0.1769 7
0.177 9
0.1771 5
0.1772 3
0.1773 12
0.1774 8
0.1775 6
0.1776 6
0.1777 7
0.1778 11
0.1779 3
0.178 4
0.1781 7
0.1782 9
0.1783 6
0.1784 5
0.1785 2
0.1786 6
0.1787 10
0.1788 6
0.1789 6
0.179 7
0.1791 10
0.1792 8
0.1793 7
0.1794 7
0.1795 8
0.1796 7
0.1797 4
0.1798 8
0.1799 10
0.18 11
0.1801 12
0.1802 4
0.1803 7
0.1804 8
0.1805 10
0.1806 4
0.1807 8
0.1808 7
0.1809 4
0.181 10
0.1811 3
0.1812 10
0.1813 8
0.1814 9
0.1815 11
0.1816 3
0.1817 5
0.1818 3
0.1819 6
0.182 5
0.1821 6
0.1822 6
0.1823 12
0.1824 5
0.1825 6
0.1826 8
0.1827 7
0.1828 10
0.1829 4
0.183 13
0.1831 13
0.1832 15
0.1833 10
0.1834 11
0.1835 5
0.1836 10
0.1837 9
0.1838 7
0.1839 13
0.184 4
0.1841 9
0.1842 10
0.1843 12
0.1844 16
0.1845 9
0.1846 10
0.1847 10
0.1848 15
0.1849 12
0.185 11
0.1851 9
0.1852 14
0.1853 10
0.1854 16
0.1855 10
0.1856 12
0.1857 12
0.1858 7
0.1859 20
0.186 13
0.1861 13
0.1862 17
0.1863 17
0.1864 13
0.1865 17
0.1866 17
0.1867 13
0.1868 16
0.1869 10
0.187 12
0.1871 13
0.1872 16
0.1873 19
0.1874 10
0.1875 19
0.1876 19
0.1877 17
0.1878 20
0.1879 23
0.188 22
0.1881 22
0.1882 22
0.1883 19
0.1884 19
0.1885 19
0.1886 28
0.1887 20
0.1888 29
0.1889 26
0.189 18
0.1891 18
0.1892 28
0.1893 30
0.1894 28
0.1895 33
0.1896 30
0.1897 29
0.1898 29
0.1899 36
0.19 39
0.1901 27
0.1902 27
0.1903 34
0.1904 33
0.1905 38
0.1906 40
0.1907 39
0.1908 38
0.1909 47
0.191 54
0.1911 51
0.1912 59
0.1913 53
0.1914 58
0.1915 62
0.1916 56
0.1917 63
0.1918 60
0.1919 54
0.192 52
0.1921 61
0.1922 56
0.1923 52
0.1924 63
0.1925 60
0.1926 60
0.1927 63
0.1928 68
0.1929 66
0.193 71
0.1931 69
0.1932 65
0.1933 61
0.1934 74
0.1935 80
0.1936 79
0.1937 101
0.1938 118
0.1939 117
0.194 121
0.1941 117
0.1942 128
0.1943 137
0.1944 158
0.1945 166
0.1946 174
0.1947 212
0.1948 233
0.1949 262
0.195 293
0.1951 330
0.1952 357
0.1953 379
0.1954 419
0.1955 441
0.1956 474
0.1957 496
0.1958 522
0.1959 546
0.196 575
0.1961 603
0.1962 628
0.1963 668
0.1964 691
0.1965 722
0.1966 753
0.1967 789
0.1968 814
0.1969 845
0.197 872
0.1971 908
0.1972 935
0.1973 957
0.1974 980
0.1975 1002
0.1976 1037
0.1977 1068
0.1978 1094
0.1979 1110
0.198 1141
0.1981 1162
0.1982 1194
0.1983 1213
0.1984 1226
0.1985 1247
0.1986 1244
0.1987 1259
0.1988 1272
0.1989 1287
0.199 1310
0.1991 1320
0.1992 1326
0.1993 1341
0.1994 1355
0.1995 1365
0.1996 1376
0.1997 1384
0.1998 1389
0.1999 1403
0.2 1416
0.2001 1429
0.2002 1441
0.2003 1445
0.2004 1444
0.2005 1448
0.2006 1451
0.2007 1459
0.2008 1462
0.2009 1475
0.201 1485
0.2011 1482
0.2012 1489
0.2013 1489
0.2014 1493
0.2015 1498
0.2016 1509
0.2017 1521
0.2018 1529
0.2019 1533
0.202 1533
0.2021 1545
0.2022 1555
0.2023 1557
0.2024 1555
0.2025 1555
0.2026 1557
0.2027 1562
0.2028 1563
0.2029 1562
0.203 1554
0.2031 1547
0.2032 1542
0.2033 1540
0.2034 1537
0.2035 1530
0.2036 1526
0.2037 1517
0.2038 1513
0.2039 1513
0.204 1510
0.2041 1507
0.2042 1508
0.2043 1495
0.2044 1495
0.2045 1491
0.2046 1473
0.2047 1463
0.2048 1444
0.2049 1435
0.205 1441
0.2051 1434
0.2052 1445
0.2053 1444
0.2054 1438
0.2055 1433
0.2056 1435
0.2057 1428
0.2058 1424
0.2059 1411
0.206 1411
0.2061 1413
0.2062 1401
0.2063 1393
0.2064 1392
0.2065 1390
0.2066 1384
0.2067 1380
0.2068 1385
0.2069 1373
0.207 1373
0.2071 1380
0.2072 1374
0.2073 1371
0.2074 1362
0.2075 1363
0.2076 1358
0.2077 1350
0.2078 1350
0.2079 1345
0.208 1339
0.2081 1334
0.2082 1333
0.2083 1323
0.2084 1323
0.2085 1318
0.2086 1319
0.2087 1319
0.2088 1320
0.2089 1323
0.209 1314
0.2091 1311
0.2092 1305
0.2093 1295
0.2094 1279
0.2095 1270
0.2096 1254
0.2097 1246
0.2098 1234
0.2099 1223
0.21 1206
0.2101 1196
0.2102 1179
0.2103 1177
0.2104 1169
0.2105 1160
0.2106 1155
0.2107 1144
0.2108 1135
0.2109 1125
0.211 1117
0.2111 1116
0.2112 1118
0.2113 1114
0.2114 1120
0.2115 1120
0.2116 1112
0.2117 1112
0.2118 1116
0.2119 1113
0.212 1116
0.2121 1119
0.2122 1119
0.2123 1123
0.2124 1117
0.2125 1113
0.2126 1105
0.2127 1099
0.2128 1087
0.2129 1078
0.213 1067
0.2131 1061
0.2132 1062
0.2133 1057
0.2134 1050
0.2135 1013
0.2136 986
0.2137 936
0.2138 881
0.2139 827
0.214 787
0.2141 769
0.2142 754
0.2143 741
0.2144 733
0.2145 721
0.2146 707
0.2147 705
0.2148 683
0.2149 677
0.215 687
0.2151 683
0.2152 681
0.2153 684
0.2154 682
0.2155 681
0.2156 689
0.2157 689
0.2158 696
0.2159 699
0.216 700
0.2161 710
0.2162 715
0.2163 721
0.2164 732
0.2165 741
0.2166 748
0.2167 753
0.2168 767
0.2169 763
0.217 774
0.2171 766
0.2172 745
0.2173 742
0.2174 733
0.2175 732
0.2176 722
0.2177 723
0.2178 722
0.2179 722
0.218 717
0.2181 719
0.2182 723
0.2183 708
0.2184 693
0.2185 661
0.2186 616
0.2187 584
0.2188 561
0.2189 536
0.219 505
0.2191 476
0.2192 448
0.2193 421
0.2194 400
0.2195 378
0.2196 351
0.2197 327
0.2198 281
0.2199 250
0.22 214
0.2201 183
0.2202 144
0.2203 129
0.2204 94
0.2205 83
0.2206 76
0.2207 64
0.2208 51
0.2209 46
0.221 35
0.2211 30
0.2212 38
0.2213 37
0.2214 30
0.2215 18
0.2216 22
0.2217 23
0.2218 14
0.2219 18
0.222 23
0.2221 22
0.2222 26
0.2223 20
0.2224 12
0.2225 10
0.2226 18
0.2227 22
0.2228 20
0.2229 28
0.223 19
0.2231 17
0.2232 15
0.2233 15
0.2234 18
0.2235 11
0.2236 9
0.2237 15
0.2238 15
0.2239 13
0.224 8
0.2241 9
0.2242 7
0.2243 9
0.2244 3
0.2245 12
0.2246 11
0.2247 8
0.2248 9
0.2249 7
0.225 12
0.2251 11
0.2252 12
0.2253 12
0.2254 9
0.2255 9
0.2256 10
0.2257 11
0.2258 8
0.2259 14
0.226 9
0.2261 10
0.2262 11
0.2263 11
0.2264 8
0.2265 10
0.2266 19
0.2267 9
0.2268 11
0.2269 9
0.227 15
0.2271 11
0.2272 13
0.2273 10
0.2274 6
0.2275 6
0.2276 10
0.2277 10
0.2278 8
0.2279 5
0.228 10
0.2281 10
0.2282 12
0.2283 9
0.2284 9
0.2285 9
0.2286 11
0.2287 9
0.2288 12
0.2289 11
0.229 9
0.2291 4
0.2292 6
0.2293 5
0.2294 13
0.2295 12
0.2296 10
0.2297 11
0.2298 11
0.2299 18
0.23 9
0.2301 10
0.2302 10
0.2303 18
0.2304 16
0.2305 14
0.2306 17
0.2307 17
0.2308 15
0.2309 12
0.231 12
0.2311 10
0.2312 16
0.2313 17
0.2314 15
0.2315 15
0.2316 16
0.2317 10
0.2318 16
0.2319 22
0.232 13
0.2321 22
0.2322 16
0.2323 16
0.2324 14
0.2325 20
0.2326 12
0.2327 8
0.2328 19
0.2329 22
0.233 13
0.2331 16
0.2332 16
0.2333 19
0.2334 18
0.2335 8
0.2336 19
0.2337 12
0.2338 15
0.2339 11
0.234 9
0.2341 9
0.2342 11
0.2343 10
0.2344 12
0.2345 20
0.2346 19
0.2347 14
0.2348 7
0.2349 11
0.235 13
0.2351 16
0.2352 15
0.2353 4
0.2354 10
0.2355 4
0.2356 15
0.2357 14
0.2358 14
0.2359 16
0.236 10
0.2361 20
0.2362 14
0.2363 18
0.2364 16
0.2365 14
0.2366 19
0.2367 13
0.2368 15
0.2369 15
0.237 17
0.2371 13
0.2372 16
0.2373 17
0.2374 24
0.2375 19
0.2376 15
0.2377 21
0.2378 15
0.2379 20
0.238 14
0.2381 17
0.2382 16
0.2383 21
0.2384 22
0.2385 27
0.2386 27
0.2387 24
0.2388 21
0.2389 16
0.239 22
0.2391 19
0.2392 18
0.2393 18
0.2394 15
0.2395 22
0.2396 17
0.2397 22
0.2398 25
0.2399 32
0.24 36
0.2401 30
0.2402 40
0.2403 38
0.2404 42
0.2405 45
0.2406 37
0.2407 32
0.2408 44
0.2409 39
0.241 47
0.2411 43
0.2412 35
0.2413 36
0.2414 32
0.2415 23
0.2416 32
0.2417 34
0.2418 45
0.2419 58
0.242 60
0.2421 65
0.2422 75
0.2423 72
0.2424 79
0.2425 89
0.2426 92
0.2427 82
0.2428 89
0.2429 104
0.243 108
0.2431 110
0.2432 126
0.2433 141
0.2434 132
0.2435 142
0.2436 136
0.2437 132
0.2438 128
0.2439 126
0.244 138
0.2441 148
0.2442 140
0.2443 153
0.2444 157
0.2445 184
0.2446 185
0.2447 201
0.2448 234
0.2449 272
0.245 309
0.2451 355
0.2452 406
0.2453 446
0.2454 487
0.2455 514
0.2456 563
0.2457 598
0.2458 634
0.2459 661
0.246 697
0.2461 736
0.2462 761
0.2463 789
0.2464 802
0.2465 806
0.2466 835
0.2467 847
0.2468 870
0.2469 899
0.247 923
0.2471 951
0.2472 982
0.2473 1015
0.2474 1032
0.2475 1059
0.2476 1091
0.2477 1110
0.2478 1149
0.2479 1169
0.248 1189
0.2481 1210
0.2482 1221
0.2483 1228
0.2484 1239
0.2485 1258
0.2486 1278
0.2487 1300
0.2488 1316
0.2489 1331
0.249 1356
0.2491 1369
0.2492 1374
0.2493 1368
0.2494 1373
0.2495 1393
0.2496 1398
0.2497 1412
0.2498 1409
0.2499 1419
0.25 1431
