0 0
0.01 42
0.02 72
0.03 85
0.04 96
0.05 97
0.06 100
0.07 107
0.08 109
0.09 103
0.1 99
0.11 95
0.12 89
0.13 99
0.14 99
0.15 96
0.16 91
0.17 86
0.18 95
0.19 93
0.2 91
0.21 94
0.22 91
0.23 90
0.24 99
0.25 92
0.26 86
0.27 85
0.28 83
0.29 85
0.3 94
0.31 88
0.32 87
0.33 88
0.34 89
0.35 89
0.36 97
0.37 92
0.38 89
0.39 86
0.4 85
0.41 84
0.42 80
0.43 80
0.44 76
0.45 68
0.46 79
0.47 72
0.48 77
0.49 79
0.5 82
0.51 84
0.52 83
0.53 84
0.54 76
0.55 72
0.56 73
0.57 73
0.58 68
0.59 70
0.6 66
0.61 66
0.62 70
0.63 70
0.64 68
0.65 68
0.66 67
0.67 67
0.68 68
0.69 66
0.7 65
0.71 61
0.72 62
0.73 62
0.74 60
0.75 53
0.76 51
0.77 58
0.78 60
0.79 62
0.8 62
0.81 66
0.82 70
0.83 69
0.84 65
0.85 60
0.86 62
0.87 67
0.88 66
0.89 67
0.9 69
0.91 70
0.92 68
0.93 67
0.94 69
0.95 70
0.96 69
0.97 66
0.98 67
0.99 64
1 59
1.01 54
1.02 52
1.03 58
1.04 65
1.05 56
1.06 59
1.07 58
1.08 63
1.09 56
1.1 59
1.11 57
1.12 55
1.13 52
1.14 51
1.15 54
1.16 51
1.17 54
1.18 55
1.19 58
1.2 64
1.21 64
1.22 64
1.23 62
1.24 56
1.25 60
1.26 57
1.27 63
1.28 65
1.29 64
1.3 69
1.31 68
1.32 61
1.33 61
1.34 61
1.35 56
1.36 58
1.37 57
1.38 53
1.39 54
1.4 52
1.41 53
1.42 57
1.43 58
1.44 59
1.45 55
1.46 56
1.47 56
1.48 61
1.49 58
1.5 59
1.51 56
1.52 56
1.53 51
1.54 55
1.55 52
1.56 54
1.57 55
1.58 58
1.59 62
1.6 61
1.61 54
1.62 55
1.63 57
1.64 59
1.65 55
1.66 55
1.67 57
1.68 55
1.69 57
1.7 56
1.71 54
1.72 56
1.73 56
1.74 56
1.75 57
1.76 60
1.77 60
1.78 59
1.79 63
1.8 66
1.81 66
1.82 57
1.83 53
1.84 58
1.85 60
1.86 57
1.87 56
1.88 56
1.89 50
1.9 51
1.91 54
1.92 60
1.93 65
1.94 66
1.95 70
1.96 68
1.97 65
1.98 64
1.99 62
2 67
