0 0
0.0001 0
0.0002 0
0.0003 0
0.0004 0
0.0005 0
0.0006 0
0.0007 0
0.0008 0
0.0009 0
0.001 0
0.0011 0
0.0012 0
0.0013 0
0.0014 0
0.0015 0
0.0016 0
0.0017 0
0.0018 0
0.0019 0
0.002 1
0.0021 1
0.0022 1
0.0023 1
0.0024 2
0.0025 3
0.0026 3
0.0027 4
0.0028 5
0.0029 6
0.003 6
0.0031 8
0.0032 11
0.0033 11
0.0034 13
0.0035 14
0.0036 18
0.0037 21
0.0038 24
0.0039 26
0.004 29
0.0041 32
0.0042 35
0.0043 37
0.0044 41
0.0045 44
0.0046 45
0.0047 49
0.0048 52
0.0049 54
0.005 57
0.0051 61
0.0052 65
0.0053 68
0.0054 71
0.0055 75
0.0056 79
0.0057 84
0.0058 87
0.0059 91
0.006 95
0.0061 101
0.0062 105
0.0063 111
0.0064 116
0.0065 122
0.0066 128
0.0067 135
0.0068 140
0.0069 146
0.007 153
0.0071 158
0.0072 162
0.0073 170
0.0074 175
0.0075 184
0.0076 190
0.0077 195
0.0078 202
0.0079 211
0.008 216
0.0081 223
0.0082 230
0.0083 238
0.0084 245
0.0085 253
0.0086 262
0.0087 268
0.0088 276
0.0089 282
0.009 290
0.0091 297
0.0092 304
0.0093 312
0.0094 319
0.0095 326
0.0096 334
0.0097 341
0.0098 349
0.0099 356
0.01 365
0.0101 373
0.0102 380
0.0103 390
0.0104 394
0.0105 404
0.0106 411
0.0107 418
0.0108 429
0.0109 433
0.011 444
0.0111 450
0.0112 458
0.0113 465
0.0114 475
0.0115 482
0.0116 488
0.0117 497
0.0118 506
0.0119 513
0.012 520
0.0121 529
0.0122 537
0.0123 545
0.0124 554
0.0125 561
0.0126 571
0.0127 579
0.0128 587
0.0129 595
0.013 603
0.0131 613
0.0132 622
0.0133 631
0.0134 638
0.0135 648
0.0136 657
0.0137 662
0.0138 674
0.0139 682
0.014 692
0.0141 702
0.0142 710
0.0143 718
0.0144 730
0.0145 737
0.0146 747
0.0147 755
0.0148 766
0.0149 776
0.015 781
0.0151 792
0.0152 803
0.0153 811
0.0154 821
0.0155 829
0.0156 834
0.0157 843
0.0158 854
0.0159 865
0.016 872
0.0161 882
0.0162 888
0.0163 900
0.0164 909
0.0165 916
0.0166 925
0.0167 932
0.0168 943
0.0169 952
0.017 961
0.0171 972
0.0172 983
0.0173 990
0.0174 1001
0.0175 1008
0.0176 1018
0.0177 1030
0.0178 1041
0.0179 1050
0.018 1058
0.0181 1070
0.0182 1078
0.0183 1089
0.0184 1100
0.0185 1110
0.0186 1120
0.0187 1128
0.0188 1137
0.0189 1147
0.019 1159
0.0191 1169
0.0192 1177
0.0193 1189
0.0194 1198
0.0195 1209
0.0196 1221
0.0197 1230
0.0198 1239
0.0199 1252
0.02 1261
0.0201 1272
0.0202 1282
0.0203 1290
0.0204 1303
0.0205 1312
0.0206 1319
0.0207 1333
0.0208 1343
0.0209 1349
0.021 1363
0.0211 1369
0.0212 1378
0.0213 1388
0.0214 1399
0.0215 1409
0.0216 1415
0.0217 1429
0.0218 1433
0.0219 1445
0.022 1455
0.0221 1466
0.0222 1474
0.0223 1483
0.0224 1494
0.0225 1502
0.0226 1509
0.0227 1518
0.0228 1523
0.0229 1536
0.023 1546
0.0231 1554
0.0232 1562
0.0233 1573
0.0234 1587
0.0235 1593
0.0236 1603
0.0237 1608
0.0238 1616
0.0239 1626
0.024 1638
0.0241 1643
0.0242 1649
0.0243 1660
0.0244 1669
0.0245 1675
0.0246 1690
0.0247 1692
0.0248 1701
0.0249 1712
0.025 1713
0.0251 1727
0.0252 1730
0.0253 1744
0.0254 1752
0.0255 1764
0.0256 1772
0.0257 1778
0.0258 1785
0.0259 1786
0.026 1804
0.0261 1808
0.0262 1809
0.0263 1823
0.0264 1826
0.0265 1838
0.0266 1841
0.0267 1856
0.0268 1858
0.0269 1865
0.027 1865
0.0271 1868
0.0272 1876
0.0273 1874
0.0274 1881
0.0275 1886
0.0276 1901
0.0277 1898
0.0278 1904
0.0279 1902
0.028 1894
0.0281 1869
0.0282 1845
0.0283 1802
0.0284 1777
0.0285 1725
0.0286 1696
0.0287 1663
0.0288 1635
0.0289 1617
0.029 1605
0.0291 1598
0.0292 1594
0.0293 1567
0.0294 1544
0.0295 1511
0.0296 1471
0.0297 1440
0.0298 1418
0.0299 1392
0.03 1377
0.0301 1347
0.0302 1327
0.0303 1296
0.0304 1269
0.0305 1240
0.0306 1213
0.0307 1188
0.0308 1158
0.0309 1126
0.031 1099
0.0311 1080
0.0312 1056
0.0313 1037
0.0314 1018
0.0315 996
0.0316 977
0.0317 952
0.0318 931
0.0319 908
0.032 885
0.0321 864
0.0322 843
0.0323 812
0.0324 803
0.0325 788
0.0326 779
0.0327 762
0.0328 752
0.0329 745
0.033 733
0.0331 714
0.0332 696
0.0333 682
0.0334 675
0.0335 663
0.0336 649
0.0337 635
0.0338 618
0.0339 609
0.034 603
0.0341 587
0.0342 569
0.0343 563
0.0344 552
0.0345 540
0.0346 529
0.0347 528
0.0348 525
0.0349 522
0.035 515
0.0351 502
0.0352 487
0.0353 484
0.0354 485
0.0355 483
0.0356 479
0.0357 474
0.0358 459
0.0359 461
0.036 452
0.0361 449
0.0362 452
0.0363 443
0.0364 427
0.0365 423
0.0366 421
0.0367 420
0.0368 418
0.0369 414
0.037 408
0.0371 406
0.0372 400
0.0373 403
0.0374 416
0.0375 418
0.0376 415
0.0377 411
0.0378 414
0.0379 407
0.038 398
0.0381 397
0.0382 399
0.0383 394
0.0384 398
0.0385 411
0.0386 412
0.0387 410
0.0388 413
0.0389 417
0.039 412
0.0391 406
0.0392 396
0.0393 394
0.0394 389
0.0395 376
0.0396 365
0.0397 360
0.0398 353
0.0399 346
0.04 337
0.0401 340
0.0402 332
0.0403 325
0.0404 325
0.0405 331
0.0406 332
0.0407 319
0.0408 321
0.0409 317
0.041 311
0.0411 299
0.0412 305
0.0413 297
0.0414 299
0.0415 299
0.0416 302
0.0417 291
0.0418 288
0.0419 288
0.042 292
0.0421 298
0.0422 292
0.0423 297
0.0424 302
0.0425 303
0.0426 303
0.0427 304
0.0428 308
0.0429 314
0.043 311
0.0431 307
0.0432 303
0.0433 297
0.0434 292
0.0435 295
0.0436 286
0.0437 281
0.0438 283
0.0439 283
0.044 282
0.0441 291
0.0442 294
0.0443 286
0.0444 292
0.0445 284
0.0446 281
0.0447 275
0.0448 273
0.0449 280
0.045 297
0.0451 309
0.0452 317
0.0453 341
0.0454 341
0.0455 352
0.0456 349
0.0457 354
0.0458 364
0.0459 364
0.046 382
0.0461 391
0.0462 400
0.0463 399
0.0464 395
0.0465 391
0.0466 390
0.0467 381
0.0468 385
0.0469 386
0.047 388
0.0471 382
0.0472 375
0.0473 373
0.0474 371
0.0475 369
0.0476 362
0.0477 363
0.0478 358
0.0479 356
0.048 350
0.0481 339
0.0482 337
0.0483 333
0.0484 333
0.0485 331
0.0486 329
0.0487 335
0.0488 334
0.0489 329
0.049 327
0.0491 324
0.0492 329
0.0493 318
0.0494 320
0.0495 314
0.0496 304
0.0497 297
0.0498 291
0.0499 290
0.05 282
0.0501 275
0.0502 273
0.0503 275
0.0504 265
0.0505 261
0.0506 264
0.0507 262
0.0508 262
0.0509 254
0.051 260
0.0511 260
0.0512 268
0.0513 273
0.0514 277
0.0515 273
0.0516 271
0.0517 274
0.0518 274
0.0519 278
0.052 277
0.0521 279
0.0522 285
0.0523 299
0.0524 308
0.0525 318
0.0526 327
0.0527 333
0.0528 337
0.0529 334
0.053 334
0.0531 341
0.0532 335
0.0533 323
0.0534 315
0.0535 307
0.0536 298
0.0537 292
0.0538 288
0.0539 283
0.054 280
0.0541 274
0.0542 273
0.0543 273
0.0544 267
0.0545 265
0.0546 264
0.0547 258
0.0548 257
0.0549 253
0.055 248
0.0551 250
0.0552 260
0.0553 270
0.0554 271
0.0555 271
0.0556 275
0.0557 268
0.0558 264
0.0559 261
0.056 261
0.0561 258
0.0562 252
0.0563 247
0.0564 239
0.0565 238
0.0566 237
0.0567 241
0.0568 242
0.0569 242
0.057 243
0.0571 244
0.0572 245
0.0573 246
0.0574 250
0.0575 245
0.0576 266
0.0577 281
0.0578 294
0.0579 308
0.058 320
0.0581 329
0.0582 333
0.0583 339
0.0584 342
0.0585 352
0.0586 348
0.0587 362
0.0588 376
0.0589 400
0.059 407
0.0591 426
0.0592 437
0.0593 437
0.0594 443
0.0595 443
0.0596 449
0.0597 446
0.0598 449
0.0599 453
0.06 469
0.0601 471
0.0602 486
0.0603 501
0.0604 529
0.0605 553
0.0606 577
0.0607 607
0.0608 641
0.0609 648
0.061 666
0.0611 667
0.0612 669
0.0613 659
0.0614 647
0.0615 638
0.0616 630
0.0617 620
0.0618 614
0.0619 609
0.062 606
0.0621 604
0.0622 618
0.0623 622
0.0624 645
0.0625 671
0.0626 689
0.0627 744
0.0628 770
0.0629 773
0.063 787
0.0631 799
0.0632 803
0.0633 803
0.0634 809
0.0635 817
0.0636 814
0.0637 813
0.0638 811
0.0639 811
0.064 799
0.0641 794
0.0642 793
0.0643 789
0.0644 776
0.0645 776
0.0646 759
0.0647 757
0.0648 736
0.0649 737
0.065 737
0.0651 752
0.0652 763
0.0653 776
0.0654 778
0.0655 796
0.0656 801
0.0657 808
0.0658 818
0.0659 822
0.066 829
0.0661 832
0.0662 835
0.0663 832
0.0664 841
0.0665 842
0.0666 852
0.0667 847
0.0668 856
0.0669 858
0.067 859
0.0671 859
0.0672 862
0.0673 867
0.0674 868
0.0675 873
0.0676 876
0.0677 877
0.0678 880
0.0679 886
0.068 891
0.0681 896
0.0682 897
0.0683 901
0.0684 906
0.0685 912
0.0686 918
0.0687 920
0.0688 925
0.0689 929
0.069 936
0.0691 940
0.0692 945
0.0693 950
0.0694 955
0.0695 959
0.0696 966
0.0697 966
0.0698 971
0.0699 980
0.07 982
0.0701 986
0.0702 993
0.0703 997
0.0704 1005
0.0705 1007
0.0706 1011
0.0707 1017
0.0708 1023
0.0709 1027
0.071 1031
0.0711 1038
0.0712 1044
0.0713 1051
0.0714 1055
0.0715 1059
0.0716 1065
0.0717 1065
0.0718 1074
0.0719 1078
0.072 1083
0.0721 1087
0.0722 1091
0.0723 1096
0.0724 1106
0.0725 1105
0.0726 1114
0.0727 1111
0.0728 1120
0.0729 1128
0.073 1126
0.0731 1133
0.0732 1143
0.0733 1145
0.0734 1151
0.0735 1157
0.0736 1160
0.0737 1166
0.0738 1171
0.0739 1177
0.074 1180
0.0741 1189
0.0742 1191
0.0743 1195
0.0744 1202
0.0745 1209
0.0746 1208
0.0747 1221
0.0748 1225
0.0749 1232
0.075 1239
0.0751 1245
0.0752 1247
0.0753 1257
0.0754 1263
0.0755 1265
0.0756 1272
0.0757 1280
0.0758 1285
0.0759 1292
0.076 1294
0.0761 1299
0.0762 1307
0.0763 1311
0.0764 1313
0.0765 1321
0.0766 1328
0.0767 1331
0.0768 1338
0.0769 1343
0.077 1346
0.0771 1353
0.0772 1358
0.0773 1362
0.0774 1366
0.0775 1372
0.0776 1378
0.0777 1385
0.0778 1387
0.0779 1393
0.078 1402
0.0781 1406
0.0782 1412
0.0783 1416
0.0784 1422
0.0785 1429
0.0786 1435
0.0787 1437
0.0788 1442
0.0789 1448
0.079 1456
0.0791 1460
0.0792 1464
0.0793 1473
0.0794 1479
0.0795 1477
0.0796 1488
0.0797 1494
0.0798 1497
0.0799 1505
0.08 1512
0.0801 1513
0.0802 1520
0.0803 1525
0.0804 1531
0.0805 1539
0.0806 1545
0.0807 1547
0.0808 1551
0.0809 1558
0.081 1563
0.0811 1569
0.0812 1576
0.0813 1579
0.0814 1582
0.0815 1591
0.0816 1596
0.0817 1599
0.0818 1608
0.0819 1613
0.082 1616
0.0821 1625
0.0822 1629
0.0823 1638
0.0824 1639
0.0825 1647
0.0826 1655
0.0827 1666
0.0828 1667
0.0829 1669
0.083 1676
0.0831 1688
0.0832 1688
0.0833 1696
0.0834 1702
0.0835 1708
0.0836 1712
0.0837 1723
0.0838 1731
0.0839 1735
0.084 1741
0.0841 1748
0.0842 1755
0.0843 1760
0.0844 1760
0.0845 1758
0.0846 1771
0.0847 1776
0.0848 1780
0.0849 1782
0.085 1788
0.0851 1794
0.0852 1807
0.0853 1806
0.0854 1811
0.0855 1815
0.0856 1820
0.0857 1828
0.0858 1833
0.0859 1830
0.086 1840
0.0861 1840
0.0862 1843
0.0863 1847
0.0864 1849
0.0865 1860
0.0866 1862
0.0867 1873
0.0868 1860
0.0869 1867
0.087 1869
0.0871 1862
0.0872 1847
0.0873 1852
0.0874 1850
0.0875 1858
0.0876 1867
0.0877 1872
0.0878 1871
0.0879 1846
0.088 1825
0.0881 1796
0.0882 1778
0.0883 1751
0.0884 1721
0.0885 1687
0.0886 1653
0.0887 1606
0.0888 1570
0.0889 1534
0.089 1507
0.0891 1473
0.0892 1445
0.0893 1404
0.0894 1380
0.0895 1354
0.0896 1323
0.0897 1298
0.0898 1268
0.0899 1249
0.09 1224
0.0901 1212
0.0902 1188
0.0903 1164
0.0904 1158
0.0905 1131
0.0906 1108
0.0907 1096
0.0908 1083
0.0909 1069
0.091 1043
0.0911 1020
0.0912 1001
0.0913 979
0.0914 960
0.0915 950
0.0916 931
0.0917 917
0.0918 898
0.0919 886
0.092 878
0.0921 854
0.0922 843
0.0923 827
0.0924 808
0.0925 791
0.0926 784
0.0927 782
0.0928 768
0.0929 751
0.093 739
0.0931 735
0.0932 716
0.0933 704
0.0934 689
0.0935 681
0.0936 670
0.0937 664
0.0938 659
0.0939 667
0.094 685
0.0941 691
0.0942 716
0.0943 714
0.0944 712
0.0945 699
0.0946 696
0.0947 691
0.0948 681
0.0949 660
0.095 646
0.0951 640
0.0952 638
0.0953 640
0.0954 635
0.0955 635
0.0956 635
0.0957 641
0.0958 656
0.0959 668
0.096 680
0.0961 674
0.0962 674
0.0963 664
0.0964 651
0.0965 644
0.0966 628
0.0967 610
0.0968 601
0.0969 587
0.097 577
0.0971 565
0.0972 557
0.0973 549
0.0974 537
0.0975 534
0.0976 530
0.0977 529
0.0978 530
0.0979 522
0.098 519
0.0981 515
0.0982 505
0.0983 494
0.0984 490
0.0985 489
0.0986 487
0.0987 480
0.0988 474
0.0989 472
0.099 475
0.0991 470
0.0992 463
0.0993 462
0.0994 455
0.0995 456
0.0996 446
0.0997 447
0.0998 439
0.0999 450
0.1 441
0.1001 431
0.1002 435
0.1003 434
0.1004 437
0.1005 429
0.1006 421
0.1007 421
0.1008 415
0.1009 406
0.101 401
0.1011 392
0.1012 386
0.1013 372
0.1014 359
0.1015 356
0.1016 349
0.1017 340
0.1018 336
0.1019 324
0.102 312
0.1021 308
0.1022 307
0.1023 307
0.1024 300
0.1025 294
0.1026 285
0.1027 287
0.1028 283
0.1029 277
0.103 277
0.1031 272
0.1032 272
0.1033 276
0.1034 273
0.1035 267
0.1036 270
0.1037 269
0.1038 282
0.1039 284
0.104 288
0.1041 289
0.1042 293
0.1043 287
0.1044 291
0.1045 299
0.1046 300
0.1047 302
0.1048 302
0.1049 309
0.105 327
0.1051 335
0.1052 330
0.1053 338
0.1054 337
0.1055 335
0.1056 335
0.1057 333
0.1058 332
0.1059 330
0.106 330
0.1061 329
0.1062 328
0.1063 322
0.1064 318
0.1065 311
0.1066 310
0.1067 310
0.1068 300
0.1069 295
0.107 278
0.1071 277
0.1072 279
0.1073 279
0.1074 277
0.1075 285
0.1076 280
0.1077 279
0.1078 283
0.1079 286
0.108 280
0.1081 282
0.1082 277
0.1083 274
0.1084 267
0.1085 257
0.1086 253
0.1087 247
0.1088 243
0.1089 235
0.109 237
0.1091 238
0.1092 234
0.1093 236
0.1094 237
0.1095 227
0.1096 226
0.1097 223
0.1098 216
0.1099 212
0.11 211
0.1101 209
0.1102 206
0.1103 210
0.1104 206
0.1105 211
0.1106 216
0.1107 221
0.1108 218
0.1109 214
0.111 213
0.1111 210
0.1112 210
0.1113 211
0.1114 212
0.1115 212
0.1116 214
0.1117 229
0.1118 232
0.1119 238
0.112 241
0.1121 245
0.1122 251
0.1123 248
0.1124 245
0.1125 246
0.1126 244
0.1127 240
0.1128 231
0.1129 234
0.113 231
0.1131 234
0.1132 233
0.1133 237
0.1134 233
0.1135 229
0.1136 227
0.1137 224
0.1138 220
0.1139 213
0.114 214
0.1141 213
0.1142 218
0.1143 215
0.1144 215
0.1145 217
0.1146 210
0.1147 209
0.1148 212
0.1149 208
0.115 212
0.1151 209
0.1152 207
0.1153 204
0.1154 206
0.1155 208
0.1156 214
0.1157 215
0.1158 227
0.1159 227
0.116 224
0.1161 224
0.1162 230
0.1163 240
0.1164 239
0.1165 243
0.1166 249
0.1167 249
0.1168 250
0.1169 253
0.117 262
0.1171 266
0.1172 265
0.1173 267
0.1174 269
0.1175 263
0.1176 261
0.1177 258
0.1178 250
0.1179 249
0.118 247
0.1181 242
0.1182 233
0.1183 228
0.1184 225
0.1185 224
0.1186 219
0.1187 221
0.1188 221
0.1189 220
0.119 221
0.1191 218
0.1192 227
0.1193 230
0.1194 233
0.1195 253
0.1196 274
0.1197 318
0.1198 349
0.1199 381
0.12 419
0.1201 451
0.1202 476
0.1203 487
0.1204 515
0.1205 555
0.1206 571
0.1207 593
0.1208 599
0.1209 600
0.121 596
0.1211 590
0.1212 580
0.1213 569
0.1214 555
0.1215 543
0.1216 527
0.1217 515
0.1218 534
0.1219 538
0.122 543
0.1221 540
0.1222 544
0.1223 536
0.1224 530
0.1225 522
0.1226 520
0.1227 521
0.1228 518
0.1229 506
0.123 493
0.1231 479
0.1232 469
0.1233 457
0.1234 448
0.1235 446
0.1236 436
0.1237 420
0.1238 408
0.1239 398
0.124 392
0.1241 382
0.1242 376
0.1243 372
0.1244 365
0.1245 354
0.1246 358
0.1247 355
0.1248 358
0.1249 355
0.125 356
0.1251 353
0.1252 353
0.1253 348
0.1254 344
0.1255 338
0.1256 339
0.1257 334
0.1258 332
0.1259 349
0.126 356
0.1261 373
0.1262 387
0.1263 398
0.1264 407
0.1265 420
0.1266 446
0.1267 472
0.1268 502
0.1269 533
0.127 564
0.1271 584
0.1272 603
0.1273 614
0.1274 618
0.1275 630
0.1276 626
0.1277 634
0.1278 627
0.1279 632
0.128 632
0.1281 634
0.1282 632
0.1283 638
0.1284 638
0.1285 640
0.1286 643
0.1287 642
0.1288 648
0.1289 650
0.129 652
0.1291 653
0.1292 657
0.1293 658
0.1294 663
0.1295 665
0.1296 669
0.1297 669
0.1298 675
0.1299 677
0.13 681
0.1301 683
0.1302 689
0.1303 692
0.1304 697
0.1305 700
0.1306 706
0.1307 710
0.1308 714
0.1309 717
0.131 720
0.1311 726
0.1312 733
0.1313 737
0.1314 742
0.1315 746
0.1316 752
0.1317 757
0.1318 764
0.1319 768
0.132 775
0.1321 780
0.1322 786
0.1323 792
0.1324 796
0.1325 800
0.1326 810
0.1327 813
0.1328 819
0.1329 827
0.133 833
0.1331 838
0.1332 846
0.1333 852
0.1334 859
0.1335 866
0.1336 874
0.1337 880
0.1338 882
0.1339 893
0.134 898
0.1341 906
0.1342 914
0.1343 919
0.1344 925
0.1345 934
0.1346 942
0.1347 950
0.1348 955
0.1349 964
0.135 971
0.1351 979
0.1352 987
0.1353 993
0.1354 1000
0.1355 1008
0.1356 1013
0.1357 1022
0.1358 1033
0.1359 1039
0.136 1048
0.1361 1055
0.1362 1063
0.1363 1072
0.1364 1082
0.1365 1092
0.1366 1096
0.1367 1103
0.1368 1113
0.1369 1124
0.137 1129
0.1371 1140
0.1372 1145
0.1373 1156
0.1374 1165
0.1375 1171
0.1376 1178
0.1377 1186
0.1378 1195
0.1379 1203
0.138 1211
0.1381 1223
0.1382 1224
0.1383 1239
0.1384 1246
0.1385 1253
0.1386 1263
0.1387 1275
0.1388 1279
0.1389 1287
0.139 1295
0.1391 1304
0.1392 1312
0.1393 1317
0.1394 1324
0.1395 1332
0.1396 1344
0.1397 1350
0.1398 1355
0.1399 1364
0.14 1371
0.1401 1383
0.1402 1390
0.1403 1398
0.1404 1399
0.1405 1412
0.1406 1413
0.1407 1428
0.1408 1435
0.1409 1444
0.141 1449
0.1411 1455
0.1412 1463
0.1413 1471
0.1414 1480
0.1415 1484
0.1416 1489
0.1417 1499
0.1418 1503
0.1419 1515
0.142 1517
0.1421 1524
0.1422 1532
0.1423 1537
0.1424 1544
0.1425 1554
0.1426 1553
0.1427 1563
0.1428 1568
0.1429 1577
0.143 1579
0.1431 1585
0.1432 1590
0.1433 1596
0.1434 1602
0.1435 1609
0.1436 1612
0.1437 1623
0.1438 1631
0.1439 1638
0.144 1642
0.1441 1648
0.1442 1655
0.1443 1661
0.1444 1668
0.1445 1674
0.1446 1684
0.1447 1690
0.1448 1695
0.1449 1703
0.145 1713
0.1451 1710
0.1452 1722
0.1453 1730
0.1454 1735
0.1455 1744
0.1456 1748
0.1457 1754
0.1458 1763
0.1459 1766
0.146 1776
0.1461 1785
0.1462 1784
0.1463 1792
0.1464 1803
0.1465 1811
0.1466 1809
0.1467 1823
0.1468 1829
0.1469 1831
0.147 1840
0.1471 1842
0.1472 1849
0.1473 1860
0.1474 1869
0.1475 1869
0.1476 1876
0.1477 1881
0.1478 1883
0.1479 1891
0.148 1900
0.1481 1904
0.1482 1903
0.1483 1915
0.1484 1915
0.1485 1922
0.1486 1918
0.1487 1926
0.1488 1928
0.1489 1929
0.149 1927
0.1491 1924
0.1492 1929
0.1493 1927
0.1494 1918
0.1495 1915
0.1496 1907
0.1497 1892
0.1498 1888
0.1499 1878
0.15 1844
0.1501 1808
0.1502 1765
0.1503 1718
0.1504 1688
0.1505 1645
0.1506 1605
0.1507 1578
0.1508 1548
0.1509 1506
0.151 1469
0.1511 1438
0.1512 1396
0.1513 1358
0.1514 1333
0.1515 1301
0.1516 1278
0.1517 1255
0.1518 1232
0.1519 1207
0.152 1169
0.1521 1130
0.1522 1107
0.1523 1094
0.1524 1068
0.1525 1049
0.1526 1024
0.1527 1002
0.1528 979
0.1529 960
0.153 932
0.1531 914
0.1532 900
0.1533 885
0.1534 869
0.1535 860
0.1536 851
0.1537 834
0.1538 827
0.1539 823
0.154 811
0.1541 798
0.1542 788
0.1543 770
0.1544 751
0.1545 726
0.1546 705
0.1547 690
0.1548 680
0.1549 674
0.155 666
0.1551 668
0.1552 671
0.1553 667
0.1554 651
0.1555 651
0.1556 636
0.1557 621
0.1558 606
0.1559 600
0.156 590
0.1561 576
0.1562 574
0.1563 568
0.1564 578
0.1565 591
0.1566 590
0.1567 587
0.1568 585
0.1569 590
0.157 589
0.1571 574
0.1572 560
0.1573 557
0.1574 562
0.1575 554
0.1576 554
0.1577 546
0.1578 544
0.1579 537
0.158 529
0.1581 531
0.1582 522
0.1583 524
0.1584 523
0.1585 523
0.1586 520
0.1587 519
0.1588 511
0.1589 505
0.159 492
0.1591 481
0.1592 474
0.1593 470
0.1594 462
0.1595 458
0.1596 448
0.1597 445
0.1598 441
0.1599 425
0.16 420
0.1601 414
0.1602 403
0.1603 397
0.1604 387
0.1605 382
0.1606 381
0.1607 382
0.1608 379
0.1609 383
0.161 387
0.1611 392
0.1612 392
0.1613 396
0.1614 394
0.1615 401
0.1616 406
0.1617 408
0.1618 414
0.1619 414
0.162 407
0.1621 416
0.1622 412
0.1623 401
0.1624 413
0.1625 414
0.1626 410
0.1627 419
0.1628 424
0.1629 428
0.163 438
0.1631 442
0.1632 446
0.1633 445
0.1634 446
0.1635 449
0.1636 457
0.1637 447
0.1638 446
0.1639 455
0.164 449
0.1641 444
0.1642 439
0.1643 440
0.1644 431
0.1645 423
0.1646 418
0.1647 421
0.1648 412
0.1649 413
0.165 411
0.1651 411
0.1652 410
0.1653 410
0.1654 408
0.1655 405
0.1656 400
0.1657 394
0.1658 386
0.1659 377
0.166 368
0.1661 357
0.1662 350
0.1663 346
0.1664 346
0.1665 340
0.1666 328
0.1667 328
0.1668 323
0.1669 320
0.167 320
0.1671 317
0.1672 311
0.1673 311
0.1674 304
0.1675 295
0.1676 289
0.1677 284
0.1678 286
0.1679 283
0.168 284
0.1681 284
0.1682 275
0.1683 266
0.1684 260
0.1685 258
0.1686 276
0.1687 292
0.1688 310
0.1689 309
0.169 309
0.1691 309
0.1692 306
0.1693 300
0.1694 296
0.1695 289
0.1696 288
0.1697 277
0.1698 277
0.1699 270
0.17 265
0.1701 264
0.1702 265
0.1703 270
0.1704 274
0.1705 279
0.1706 276
0.1707 275
0.1708 276
0.1709 269
0.171 273
0.1711 273
0.1712 280
0.1713 281
0.1714 278
0.1715 274
0.1716 271
0.1717 268
0.1718 264
0.1719 262
0.172 265
0.1721 272
0.1722 278
0.1723 278
0.1724 282
0.1725 285
0.1726 294
0.1727 288
0.1728 289
0.1729 282
0.173 287
0.1731 287
0.1732 285
0.1733 279
0.1734 280
0.1735 283
0.1736 287
0.1737 288
0.1738 293
0.1739 297
0.174 293
0.1741 290
0.1742 285
0.1743 286
0.1744 286
0.1745 286
0.1746 284
0.1747 291
0.1748 295
0.1749 296
0.175 297
0.1751 297
0.1752 303
0.1753 302
0.1754 292
0.1755 287
0.1756 279
0.1757 275
0.1758 277
0.1759 278
0.176 273
0.1761 272
0.1762 266
0.1763 267
0.1764 264
0.1765 264
0.1766 257
0.1767 256
0.1768 255
0.1769 249
0.177 249
0.1771 249
0.1772 247
0.1773 249
0.1774 245
0.1775 250
0.1776 252
0.1777 261
0.1778 263
0.1779 263
0.178 263
0.1781 257
0.1782 252
0.1783 252
0.1784 251
0.1785 251
0.1786 246
0.1787 241
0.1788 249
0.1789 257
0.179 258
0.1791 254
0.1792 262
0.1793 265
0.1794 268
0.1795 264
0.1796 256
0.1797 249
0.1798 253
0.1799 246
0.18 244
0.1801 248
0.1802 241
0.1803 244
0.1804 244
0.1805 244
0.1806 240
0.1807 241
0.1808 237
0.1809 234
0.181 232
0.1811 231
0.1812 227
0.1813 227
0.1814 229
0.1815 229
0.1816 226
0.1817 228
0.1818 229
0.1819 229
0.182 225
0.1821 239
0.1822 245
0.1823 262
0.1824 277
0.1825 303
0.1826 319
0.1827 343
0.1828 376
0.1829 419
0.183 447
0.1831 498
0.1832 533
0.1833 558
0.1834 566
0.1835 577
0.1836 602
0.1837 618
0.1838 626
0.1839 638
0.184 664
0.1841 671
0.1842 689
0.1843 688
0.1844 688
0.1845 683
0.1846 677
0.1847 674
0.1848 671
0.1849 660
0.185 650
0.1851 645
0.1852 649
0.1853 653
0.1854 658
0.1855 683
0.1856 705
0.1857 712
0.1858 705
0.1859 721
0.186 731
0.1861 738
0.1862 742
0.1863 751
0.1864 748
0.1865 751
0.1866 755
0.1867 756
0.1868 760
0.1869 765
0.187 762
0.1871 765
0.1872 766
0.1873 765
0.1874 770
0.1875 770
0.1876 769
0.1877 773
0.1878 775
0.1879 780
0.188 780
0.1881 782
0.1882 787
0.1883 788
0.1884 791
0.1885 793
0.1886 796
0.1887 800
0.1888 801
0.1889 804
0.189 805
0.1891 810
0.1892 814
0.1893 816
0.1894 814
0.1895 819
0.1896 824
0.1897 822
0.1898 829
0.1899 829
0.19 835
0.1901 835
0.1902 842
0.1903 842
0.1904 849
0.1905 849
0.1906 854
0.1907 858
0.1908 865
0.1909 863
0.191 873
0.1911 876
0.1912 877
0.1913 883
0.1914 885
0.1915 890
0.1916 899
0.1917 898
0.1918 908
0.1919 913
0.192 921
0.1921 924
0.1922 930
0.1923 936
0.1924 940
0.1925 950
0.1926 953
0.1927 959
0.1928 965
0.1929 971
0.193 974
0.1931 982
0.1932 987
0.1933 994
0.1934 999
0.1935 1006
0.1936 1010
0.1937 1015
0.1938 1023
0.1939 1029
0.194 1035
0.1941 1039
0.1942 1047
0.1943 1054
0.1944 1062
0.1945 1068
0.1946 1076
0.1947 1082
0.1948 1086
0.1949 1092
0.195 1100
0.1951 1106
0.1952 1113
0.1953 1119
0.1954 1127
0.1955 1134
0.1956 1142
0.1957 1149
0.1958 1158
0.1959 1163
0.196 1169
0.1961 1181
0.1962 1187
0.1963 1193
0.1964 1202
0.1965 1209
0.1966 1219
0.1967 1224
0.1968 1231
0.1969 1237
0.197 1245
0.1971 1255
0.1972 1258
0.1973 1266
0.1974 1279
0.1975 1285
0.1976 1293
0.1977 1300
0.1978 1306
0.1979 1317
0.198 1325
0.1981 1332
0.1982 1341
0.1983 1351
0.1984 1356
0.1985 1369
0.1986 1373
0.1987 1384
0.1988 1389
0.1989 1401
0.199 1413
0.1991 1422
0.1992 1426
0.1993 1435
0.1994 1448
0.1995 1456
0.1996 1463
0.1997 1467
0.1998 1478
0.1999 1482
0.2 1494
0.2001 1497
0.2002 1508
0.2003 1514
0.2004 1521
0.2005 1530
0.2006 1541
0.2007 1549
0.2008 1557
0.2009 1559
0.201 1577
0.2011 1582
0.2012 1592
0.2013 1600
0.2014 1604
0.2015 1615
0.2016 1624
0.2017 1634
0.2018 1643
0.2019 1652
0.202 1656
0.2021 1667
0.2022 1675
0.2023 1682
0.2024 1692
0.2025 1701
0.2026 1710
0.2027 1718
0.2028 1728
0.2029 1734
0.203 1738
0.2031 1751
0.2032 1758
0.2033 1766
0.2034 1776
0.2035 1776
0.2036 1792
0.2037 1792
0.2038 1807
0.2039 1812
0.204 1823
0.2041 1828
0.2042 1842
0.2043 1845
0.2044 1851
0.2045 1861
0.2046 1866
0.2047 1871
0.2048 1874
0.2049 1884
0.205 1888
0.2051 1890
0.2052 1897
0.2053 1898
0.2054 1903
0.2055 1927
0.2056 1920
0.2057 1935
0.2058 1939
0.2059 1939
0.206 1943
0.2061 1950
0.2062 1942
0.2063 1929
0.2064 1916
0.2065 1905
0.2066 1894
0.2067 1873
0.2068 1836
0.2069 1798
0.207 1771
0.2071 1737
0.2072 1703
0.2073 1669
0.2074 1648
0.2075 1630
0.2076 1612
0.2077 1590
0.2078 1554
0.2079 1530
0.208 1499
0.2081 1483
0.2082 1448
0.2083 1419
0.2084 1394
0.2085 1375
0.2086 1354
0.2087 1325
0.2088 1295
0.2089 1261
0.209 1229
0.2091 1203
0.2092 1177
0.2093 1153
0.2094 1139
0.2095 1113
0.2096 1094
0.2097 1075
0.2098 1062
0.2099 1045
0.21 1021
0.2101 998
0.2102 988
0.2103 966
0.2104 942
0.2105 913
0.2106 900
0.2107 885
0.2108 872
0.2109 859
0.211 862
0.2111 868
0.2112 854
0.2113 846
0.2114 833
0.2115 816
0.2116 795
0.2117 777
0.2118 765
0.2119 749
0.212 730
0.2121 717
0.2122 713
0.2123 702
0.2124 694
0.2125 697
0.2126 702
0.2127 710
0.2128 711
0.2129 704
0.213 706
0.2131 691
0.2132 682
0.2133 668
0.2134 654
0.2135 639
0.2136 632
0.2137 628
0.2138 613
0.2139 602
0.214 602
0.2141 586
0.2142 579
0.2143 559
0.2144 560
0.2145 553
0.2146 555
0.2147 553
0.2148 540
0.2149 525
0.215 518
0.2151 512
0.2152 525
0.2153 552
0.2154 579
0.2155 584
0.2156 602
0.2157 617
0.2158 612
0.2159 613
0.216 608
0.2161 596
0.2162 590
0.2163 586
0.2164 580
0.2165 570
0.2166 566
0.2167 553
0.2168 547
0.2169 542
0.217 542
0.2171 543
0.2172 533
0.2173 530
0.2174 524
0.2175 510
0.2176 501
0.2177 497
0.2178 492
0.2179 481
0.218 475
0.2181 465
0.2182 460
0.2183 458
0.2184 445
0.2185 439
0.2186 438
0.2187 436
0.2188 429
0.2189 429
0.219 423
0.2191 422
0.2192 420
0.2193 413
0.2194 409
0.2195 407
0.2196 397
0.2197 397
0.2198 394
0.2199 389
0.22 385
0.2201 388
0.2202 374
0.2203 362
0.2204 357
0.2205 354
0.2206 353
0.2207 360
0.2208 364
0.2209 368
0.221 366
0.2211 363
0.2212 357
0.2213 359
0.2214 351
0.2215 342
0.2216 343
0.2217 341
0.2218 339
0.2219 348
0.222 353
0.2221 354
0.2222 357
0.2223 361
0.2224 370
0.2225 367
0.2226 361
0.2227 361
0.2228 359
0.2229 363
0.223 377
0.2231 382
0.2232 376
0.2233 377
0.2234 390
0.2235 389
0.2236 383
0.2237 385
0.2238 388
0.2239 385
0.224 382
0.2241 390
0.2242 392
0.2243 396
0.2244 419
0.2245 438
0.2246 448
0.2247 463
0.2248 471
0.2249 479
0.225 479
0.2251 487
0.2252 490
0.2253 503
0.2254 507
0.2255 503
0.2256 499
0.2257 496
0.2258 499
0.2259 487
0.226 486
0.2261 477
0.2262 475
0.2263 467
0.2264 465
0.2265 472
0.2266 469
0.2267 460
0.2268 456
0.2269 459
0.227 463
0.2271 470
0.2272 464
0.2273 463
0.2274 459
0.2275 455
0.2276 445
0.2277 440
0.2278 430
0.2279 424
0.228 419
0.2281 414
0.2282 413
0.2283 408
0.2284 396
0.2285 394
0.2286 383
0.2287 372
0.2288 367
0.2289 360
0.229 359
0.2291 357
0.2292 352
0.2293 345
0.2294 340
0.2295 342
0.2296 341
0.2297 334
0.2298 330
0.2299 326
0.23 322
0.2301 326
0.2302 318
0.2303 311
0.2304 306
0.2305 303
0.2306 299
0.2307 293
0.2308 288
0.2309 284
0.231 280
0.2311 283
0.2312 282
0.2313 279
0.2314 275
0.2315 275
0.2316 274
0.2317 275
0.2318 278
0.2319 279
0.232 283
0.2321 291
0.2322 295
0.2323 292
0.2324 290
0.2325 284
0.2326 294
0.2327 290
0.2328 284
0.2329 279
0.233 269
0.2331 268
0.2332 268
0.2333 276
0.2334 277
0.2335 284
0.2336 287
0.2337 290
0.2338 290
0.2339 295
0.234 306
0.2341 306
0.2342 313
0.2343 313
0.2344 313
0.2345 306
0.2346 309
0.2347 304
0.2348 308
0.2349 309
0.235 317
0.2351 321
0.2352 319
0.2353 315
0.2354 313
0.2355 310
0.2356 314
0.2357 309
0.2358 311
0.2359 305
0.236 293
0.2361 285
0.2362 280
0.2363 282
0.2364 273
0.2365 275
0.2366 271
0.2367 267
0.2368 263
0.2369 262
0.237 261
0.2371 258
0.2372 253
0.2373 250
0.2374 251
0.2375 247
0.2376 243
0.2377 241
0.2378 233
0.2379 237
0.238 235
0.2381 236
0.2382 238
0.2383 240
0.2384 257
0.2385 279
0.2386 296
0.2387 310
0.2388 324
0.2389 331
0.239 375
0.2391 407
0.2392 439
0.2393 460
0.2394 485
0.2395 516
0.2396 536
0.2397 550
0.2398 561
0.2399 562
0.24 579
0.2401 580
0.2402 574
0.2403 571
0.2404 570
0.2405 560
0.2406 550
0.2407 541
0.2408 533
0.2409 523
0.241 528
0.2411 529
0.2412 523
0.2413 523
0.2414 515
0.2415 532
0.2416 545
0.2417 568
0.2418 576
0.2419 582
0.242 574
0.2421 578
0.2422 573
0.2423 561
0.2424 559
0.2425 553
0.2426 556
0.2427 545
0.2428 534
0.2429 528
0.243 532
0.2431 527
0.2432 520
0.2433 503
0.2434 499
0.2435 493
0.2436 488
0.2437 476
0.2438 468
0.2439 456
0.244 446
0.2441 440
0.2442 434
0.2443 429
0.2444 428
0.2445 416
0.2446 419
0.2447 415
0.2448 405
0.2449 405
0.245 404
0.2451 403
0.2452 397
0.2453 399
0.2454 399
0.2455 391
0.2456 391
0.2457 395
0.2458 389
0.2459 385
0.246 381
0.2461 370
0.2462 357
0.2463 355
0.2464 363
0.2465 362
0.2466 365
0.2467 369
0.2468 375
0.2469 381
0.247 381
0.2471 375
0.2472 369
0.2473 371
0.2474 370
0.2475 380
0.2476 369
0.2477 371
0.2478 364
0.2479 367
0.248 364
0.2481 362
0.2482 361
0.2483 352
0.2484 342
0.2485 344
0.2486 345
0.2487 344
0.2488 339
0.2489 331
0.249 330
0.2491 321
0.2492 317
0.2493 331
0.2494 348
0.2495 358
0.2496 366
0.2497 363
0.2498 366
0.2499 367
0.25 358
