0 0
0.0001 0
0.0002 0
0.0003 0
0.0004 0
0.0005 0
0.0006 0
0.0007 0
0.0008 0
0.0009 1
0.001 1
0.0011 1
0.0012 3
0.0013 2
0.0014 0
0.0015 0
0.0016 0
0.0017 1
0.0018 1
0.0019 1
0.002 1
0.0021 0
0.0022 0
0.0023 1
0.0024 0
0.0025 0
0.0026 0
0.0027 0
0.0028 0
0.0029 0
0.003 0
0.0031 0
0.0032 0
0.0033 1
0.0034 1
0.0035 1
0.0036 0
0.0037 1
0.0038 0
0.0039 0
0.004 0
0.0041 1
0.0042 2
0.0043 0
0.0044 0
0.0045 0
0.0046 0
0.0047 1
0.0048 1
0.0049 0
0.005 0
0.0051 1
0.0052 0
0.0053 0
0.0054 0
0.0055 1
0.0056 0
0.0057 0
0.0058 0
0.0059 0
0.006 0
0.0061 0
0.0062 1
0.0063 0
0.0064 2
0.0065 0
0.0066 0
0.0067 0
0.0068 0
0.0069 2
0.007 0
0.0071 1
0.0072 0
0.0073 1
0.0074 2
0.0075 1
0.0076 0
0.0077 0
0.0078 0
0.0079 1
0.008 0
0.0081 0
0.0082 2
0.0083 1
0.0084 2
0.0085 1
0.0086 1
0.0087 1
0.0088 1
0.0089 2
0.009 1
0.0091 0
0.0092 3
0.0093 0
0.0094 0
0.0095 1
0.0096 0
0.0097 2
0.0098 3
0.0099 3
0.01 1
0.0101 0
0.0102 3
0.0103 0
0.0104 3
0.0105 1
0.0106 2
0.0107 6
0.0108 0
0.0109 2
0.011 3
0.0111 0
0.0112 2
0.0113 3
0.0114 1
0.0115 0
0.0116 1
0.0117 1
0.0118 3
0.0119 2
0.012 1
0.0121 0
0.0122 2
0.0123 3
0.0124 6
0.0125 3
0.0126 3
0.0127 2
0.0128 2
0.0129 2
0.013 0
0.0131 0
0.0132 2
0.0133 2
0.0134 2
0.0135 0
0.0136 4
0.0137 2
0.0138 1
0.0139 2
0.014 3
0.0141 1
0.0142 2
0.0143 4
0.0144 1
0.0145 1
0.0146 4
0.0147 2
0.0148 2
0.0149 2
0.015 2
0.0151 1
0.0152 1
0.0153 2
0.0154 2
0.0155 3
0.0156 5
0.0157 6
0.0158 1
0.0159 3
0.016 3
0.0161 2
0.0162 0
0.0163 3
0.0164 7
0.0165 0
0.0166 2
0.0167 5
0.0168 4
0.0169 2
0.017 2
0.0171 2
0.0172 4
0.0173 0
0.0174 3
0.0175 8
0.0176 10
0.0177 7
0.0178 4
0.0179 6
0.018 8
0.0181 6
0.0182 6
0.0183 5
0.0184 8
0.0185 3
0.0186 8
0.0187 7
0.0188 4
0.0189 3
0.019 3
0.0191 3
0.0192 3
0.0193 8
0.0194 7
0.0195 7
0.0196 5
0.0197 4
0.0198 2
0.0199 7
0.02 13
0.0201 2
0.0202 7
0.0203 7
0.0204 6
0.0205 4
0.0206 5
0.0207 7
0.0208 6
0.0209 11
0.021 9
0.0211 7
0.0212 3
0.0213 10
0.0214 3
0.0215 10
0.0216 10
0.0217 13
0.0218 7
0.0219 7
0.022 3
0.0221 9
0.0222 11
0.0223 7
0.0224 6
0.0225 5
0.0226 6
0.0227 12
0.0228 8
0.0229 13
0.023 12
0.0231 7
0.0232 6
0.0233 12
0.0234 11
0.0235 14
0.0236 7
0.0237 11
0.0238 9
0.0239 16
0.024 7
0.0241 11
0.0242 10
0.0243 16
0.0244 14
0.0245 10
0.0246 20
0.0247 12
0.0248 13
0.0249 9
0.025 19
0.0251 22
0.0252 15
0.0253 10
0.0254 18
0.0255 16
0.0256 17
0.0257 23
0.0258 27
0.0259 27
0.026 26
0.0261 22
0.0262 20
0.0263 22
0.0264 22
0.0265 22
0.0266 20
0.0267 25
0.0268 36
0.0269 31
0.027 36
0.0271 33
0.0272 53
0.0273 56
0.0274 63
0.0275 66
0.0276 64
0.0277 80
0.0278 80
0.0279 86
0.028 98
0.0281 94
0.0282 101
0.0283 104
0.0284 97
0.0285 110
0.0286 125
0.0287 134
0.0288 131
0.0289 146
0.029 181
0.0291 196
0.0292 204
0.0293 221
0.0294 236
0.0295 259
0.0296 281
0.0297 298
0.0298 338
0.0299 376
0.03 407
0.0301 431
0.0302 463
0.0303 499
0.0304 540
0.0305 566
0.0306 593
0.0307 629
0.0308 659
0.0309 715
0.031 746
0.0311 761
0.0312 775
0.0313 798
0.0314 822
0.0315 841
0.0316 863
0.0317 884
0.0318 907
0.0319 913
0.032 933
0.0321 954
0.0322 965
0.0323 988
0.0324 996
0.0325 1026
0.0326 1056
0.0327 1075
0.0328 1088
0.0329 1102
0.033 1139
0.0331 1153
0.0332 1177
0.0333 1197
0.0334 1217
0.0335 1223
0.0336 1237
0.0337 1255
0.0338 1274
0.0339 1287
0.034 1294
0.0341 1316
0.0342 1329
0.0343 1331
0.0344 1339
0.0345 1357
0.0346 1360
0.0347 1360
0.0348 1343
0.0349 1309
0.035 1269
0.0351 1237
0.0352 1215
0.0353 1204
0.0354 1210
0.0355 1195
0.0356 1212
0.0357 1221
0.0358 1229
0.0359 1229
0.036 1238
0.0361 1237
0.0362 1248
0.0363 1250
0.0364 1259
0.0365 1268
0.0366 1279
0.0367 1291
0.0368 1302
0.0369 1303
0.037 1312
0.0371 1323
0.0372 1328
0.0373 1334
0.0374 1341
0.0375 1352
0.0376 1354
0.0377 1359
0.0378 1366
0.0379 1373
0.038 1378
0.0381 1381
0.0382 1382
0.0383 1379
0.0384 1386
0.0385 1395
0.0386 1403
0.0387 1409
0.0388 1410
0.0389 1416
0.039 1417
0.0391 1421
0.0392 1425
0.0393 1426
0.0394 1420
0.0395 1416
0.0396 1420
0.0397 1416
0.0398 1416
0.0399 1419
0.04 1410
0.0401 1415
0.0402 1411
0.0403 1405
0.0404 1408
0.0405 1404
0.0406 1394
0.0407 1377
0.0408 1373
0.0409 1370
0.041 1368
0.0411 1370
0.0412 1365
0.0413 1360
0.0414 1361
0.0415 1349
0.0416 1354
0.0417 1352
0.0418 1348
0.0419 1342
0.042 1333
0.0421 1328
0.0422 1324
0.0423 1316
0.0424 1311
0.0425 1304
0.0426 1291
0.0427 1283
0.0428 1282
0.0429 1275
0.043 1272
0.0431 1272
0.0432 1269
0.0433 1261
0.0434 1255
0.0435 1247
0.0436 1240
0.0437 1228
0.0438 1227
0.0439 1221
0.044 1226
0.0441 1225
0.0442 1222
0.0443 1218
0.0444 1214
0.0445 1206
0.0446 1210
0.0447 1205
0.0448 1197
0.0449 1188
0.045 1189
0.0451 1185
0.0452 1185
0.0453 1183
0.0454 1183
0.0455 1183
0.0456 1182
0.0457 1174
0.0458 1169
0.0459 1170
0.046 1163
0.0461 1154
0.0462 1146
0.0463 1117
0.0464 1118
0.0465 1105
0.0466 1092
0.0467 1082
0.0468 1070
0.0469 1058
0.047 1050
0.0471 1043
0.0472 1045
0.0473 1036
0.0474 1023
0.0475 1015
0.0476 1013
0.0477 997
0.0478 990
0.0479 988
0.048 983
0.0481 969
0.0482 948
0.0483 915
0.0484 873
0.0485 820
0.0486 780
0.0487 732
0.0488 703
0.0489 686
0.049 657
0.0491 631
0.0492 615
0.0493 610
0.0494 605
0.0495 606
0.0496 620
0.0497 634
0.0498 635
0.0499 642
0.05 650
0.0501 668
0.0502 673
0.0503 684
0.0504 698
0.0505 700
0.0506 689
0.0507 681
0.0508 670
0.0509 667
0.051 671
0.0511 676
0.0512 676
0.0513 673
0.0514 680
0.0515 684
0.0516 683
0.0517 682
0.0518 681
0.0519 677
0.052 675
0.0521 664
0.0522 665
0.0523 658
0.0524 641
0.0525 643
0.0526 646
0.0527 650
0.0528 650
0.0529 650
0.053 646
0.0531 656
0.0532 651
0.0533 649
0.0534 657
0.0535 658
0.0536 657
0.0537 655
0.0538 649
0.0539 630
0.054 612
0.0541 603
0.0542 596
0.0543 588
0.0544 588
0.0545 583
0.0546 564
0.0547 547
0.0548 531
0.0549 498
0.055 466
0.0551 435
0.0552 402
0.0553 386
0.0554 370
0.0555 360
0.0556 347
0.0557 348
0.0558 349
0.0559 337
0.056 326
0.0561 300
0.0562 281
0.0563 270
0.0564 248
0.0565 229
0.0566 213
0.0567 201
0.0568 179
0.0569 153
0.057 142
0.0571 124
0.0572 117
0.0573 107
0.0574 95
0.0575 87
0.0576 83
0.0577 65
0.0578 55
0.0579 62
0.058 50
0.0581 48
0.0582 41
0.0583 34
0.0584 27
0.0585 29
0.0586 17
0.0587 16
0.0588 16
0.0589 12
0.059 11
0.0591 7
0.0592 7
0.0593 7
0.0594 7
0.0595 12
0.0596 8
0.0597 11
0.0598 5
0.0599 10
0.06 8
0.0601 9
0.0602 9
0.0603 11
0.0604 9
0.0605 6
0.0606 9
0.0607 10
0.0608 12
0.0609 5
0.061 5
0.0611 9
0.0612 12
0.0613 8
0.0614 7
0.0615 6
0.0616 12
0.0617 11
0.0618 7
0.0619 7
0.062 12
0.0621 9
0.0622 5
0.0623 12
0.0624 8
0.0625 9
0.0626 9
0.0627 6
0.0628 4
0.0629 11
0.063 7
0.0631 11
0.0632 17
0.0633 14
0.0634 11
0.0635 8
0.0636 12
0.0637 13
0.0638 12
0.0639 10
0.064 8
0.0641 17
0.0642 6
0.0643 12
0.0644 12
0.0645 12
0.0646 11
0.0647 13
0.0648 6
0.0649 8
0.065 5
0.0651 9
0.0652 12
0.0653 9
0.0654 15
0.0655 10
0.0656 6
0.0657 11
0.0658 12
0.0659 9
0.066 7
0.0661 13
0.0662 8
0.0663 12
0.0664 12
0.0665 10
0.0666 10
0.0667 13
0.0668 7
0.0669 13
0.067 16
0.0671 19
0.0672 13
0.0673 15
0.0674 12
0.0675 24
0.0676 24
0.0677 14
0.0678 17
0.0679 13
0.068 14
0.0681 13
0.0682 15
0.0683 19
0.0684 23
0.0685 19
0.0686 25
0.0687 15
0.0688 20
0.0689 29
0.069 21
0.0691 24
0.0692 28
0.0693 24
0.0694 27
0.0695 30
0.0696 33
0.0697 22
0.0698 31
0.0699 31
0.07 19
0.0701 33
0.0702 36
0.0703 29
0.0704 37
0.0705 33
0.0706 25
0.0707 29
0.0708 32
0.0709 30
0.071 32
0.0711 36
0.0712 34
0.0713 44
0.0714 39
0.0715 43
0.0716 37
0.0717 36
0.0718 37
0.0719 43
0.072 51
0.0721 46
0.0722 47
0.0723 51
0.0724 50
0.0725 44
0.0726 37
0.0727 52
0.0728 59
0.0729 59
0.073 67
0.0731 62
0.0732 76
0.0733 81
0.0734 85
0.0735 92
0.0736 102
0.0737 106
0.0738 102
0.0739 99
0.074 102
0.0741 90
0.0742 104
0.0743 103
0.0744 112
0.0745 126
0.0746 126
0.0747 109
0.0748 122
0.0749 114
0.075 114
0.0751 114
0.0752 105
0.0753 98
0.0754 92
0.0755 95
0.0756 95
0.0757 83
0.0758 103
0.0759 122
0.076 120
0.0761 136
0.0762 144
0.0763 167
0.0764 192
0.0765 207
0.0766 241
0.0767 289
0.0768 344
0.0769 393
0.077 438
0.0771 487
0.0772 525
0.0773 557
0.0774 602
0.0775 641
0.0776 666
0.0777 696
0.0778 728
0.0779 755
0.078 785
0.0781 826
0.0782 858
0.0783 895
0.0784 932
0.0785 948
0.0786 962
0.0787 974
0.0788 1004
0.0789 1031
0.079 1056
0.0791 1066
0.0792 1084
0.0793 1097
0.0794 1127
0.0795 1128
0.0796 1140
0.0797 1157
0.0798 1176
0.0799 1185
0.08 1208
0.0801 1218
0.0802 1241
0.0803 1265
0.0804 1282
0.0805 1300
0.0806 1316
0.0807 1335
0.0808 1340
0.0809 1356
0.081 1360
0.0811 1366
0.0812 1383
0.0813 1386
0.0814 1379
0.0815 1385
0.0816 1395
0.0817 1408
0.0818 1420
0.0819 1428
0.082 1439
0.0821 1447
0.0822 1443
0.0823 1445
0.0824 1450
0.0825 1451
0.0826 1455
0.0827 1456
0.0828 1462
0.0829 1464
0.083 1464
0.0831 1474
0.0832 1485
0.0833 1499
0.0834 1512
0.0835 1521
0.0836 1524
0.0837 1527
0.0838 1524
0.0839 1516
0.084 1517
0.0841 1509
0.0842 1507
0.0843 1502
0.0844 1509
0.0845 1497
0.0846 1487
0.0847 1482
0.0848 1458
0.0849 1446
0.085 1437
0.0851 1443
0.0852 1437
0.0853 1434
0.0854 1425
0.0855 1415
0.0856 1418
0.0857 1423
0.0858 1430
0.0859 1428
0.086 1423
0.0861 1430
0.0862 1426
0.0863 1427
0.0864 1413
0.0865 1405
0.0866 1397
0.0867 1387
0.0868 1380
0.0869 1381
0.087 1371
0.0871 1372
0.0872 1369
0.0873 1375
0.0874 1365
0.0875 1359
0.0876 1342
0.0877 1329
0.0878 1310
0.0879 1303
0.088 1297
0.0881 1277
0.0882 1267
0.0883 1262
0.0884 1255
0.0885 1261
0.0886 1260
0.0887 1252
0.0888 1252
0.0889 1248
0.089 1240
0.0891 1243
0.0892 1244
0.0893 1249
0.0894 1249
0.0895 1247
0.0896 1242
0.0897 1240
0.0898 1233
0.0899 1230
0.09 1235
0.0901 1237
0.0902 1243
0.0903 1246
0.0904 1252
0.0905 1252
0.0906 1255
0.0907 1250
0.0908 1260
0.0909 1259
0.091 1262
0.0911 1253
0.0912 1253
0.0913 1256
0.0914 1259
0.0915 1252
0.0916 1252
0.0917 1248
0.0918 1247
0.0919 1242
0.092 1234
0.0921 1233
0.0922 1217
0.0923 1201
0.0924 1191
0.0925 1172
0.0926 1171
0.0927 1164
0.0928 1155
0.0929 1153
0.093 1145
0.0931 1151
0.0932 1154
0.0933 1155
0.0934 1149
0.0935 1129
0.0936 1125
0.0937 1119
0.0938 1121
0.0939 1126
0.094 1125
0.0941 1117
0.0942 1106
0.0943 1100
0.0944 1085
0.0945 1076
0.0946 1073
0.0947 1066
0.0948 1065
0.0949 1070
0.095 1077
0.0951 1075
0.0952 1076
0.0953 1071
0.0954 1068
0.0955 1068
0.0956 1071
0.0957 1072
0.0958 1077
0.0959 1082
0.096 1082
0.0961 1089
0.0962 1093
0.0963 1089
0.0964 1079
0.0965 1078
0.0966 1076
0.0967 1081
0.0968 1070
0.0969 1063
0.097 1067
0.0971 1064
0.0972 1067
0.0973 1070
0.0974 1067
0.0975 1071
0.0976 1065
0.0977 1065
0.0978 1051
0.0979 1032
0.098 1007
0.0981 995
0.0982 979
0.0983 964
0.0984 952
0.0985 942
0.0986 944
0.0987 939
0.0988 927
0.0989 924
0.099 918
0.0991 918
0.0992 911
0.0993 913
0.0994 907
0.0995 905
0.0996 907
0.0997 896
0.0998 894
0.0999 892
0.1 888
0.1001 883
0.1002 873
0.1003 856
0.1004 830
0.1005 817
0.1006 792
0.1007 793
0.1008 793
0.1009 787
0.101 781
0.1011 774
0.1012 761
0.1013 744
0.1014 737
0.1015 726
0.1016 724
0.1017 718
0.1018 718
0.1019 714
0.102 710
0.1021 696
0.1022 686
0.1023 668
0.1024 644
0.1025 616
0.1026 618
0.1027 608
0.1028 599
0.1029 600
0.103 593
0.1031 597
0.1032 604
0.1033 612
0.1034 616
0.1035 629
0.1036 642
0.1037 650
0.1038 654
0.1039 654
0.104 655
0.1041 652
0.1042 651
0.1043 657
0.1044 666
0.1045 668
0.1046 671
0.1047 677
0.1048 671
0.1049 665
0.105 652
0.1051 620
0.1052 594
0.1053 584
0.1054 563
0.1055 545
0.1056 539
0.1057 531
0.1058 504
0.1059 492
0.106 463
0.1061 418
0.1062 383
0.1063 354
0.1064 336
0.1065 320
0.1066 306
0.1067 301
0.1068 277
0.1069 256
0.107 249
0.1071 242
0.1072 237
0.1073 225
0.1074 221
0.1075 212
0.1076 195
0.1077 184
0.1078 156
0.1079 144
0.108 128
0.1081 104
0.1082 96
0.1083 88
0.1084 75
0.1085 72
0.1086 53
0.1087 37
0.1088 34
0.1089 36
0.109 34
0.1091 25
0.1092 27
0.1093 21
0.1094 25
0.1095 17
0.1096 18
0.1097 18
0.1098 25
0.1099 16
0.11 21
0.1101 14
0.1102 8
0.1103 10
0.1104 16
0.1105 10
0.1106 13
0.1107 7
0.1108 11
0.1109 9
0.111 9
0.1111 10
0.1112 10
0.1113 16
0.1114 16
0.1115 18
0.1116 16
0.1117 18
0.1118 10
0.1119 10
0.112 7
0.1121 9
0.1122 7
0.1123 7
0.1124 10
0.1125 11
0.1126 7
0.1127 9
0.1128 12
0.1129 17
0.113 8
0.1131 11
0.1132 14
0.1133 10
0.1134 17
0.1135 19
0.1136 8
0.1137 13
0.1138 15
0.1139 18
0.114 18
0.1141 13
0.1142 13
0.1143 19
0.1144 14
0.1145 14
0.1146 12
0.1147 13
0.1148 18
0.1149 21
0.115 22
0.1151 15
0.1152 18
0.1153 15
0.1154 21
0.1155 19
0.1156 20
0.1157 22
0.1158 32
0.1159 25
0.116 24
0.1161 30
0.1162 32
0.1163 24
0.1164 29
0.1165 29
0.1166 32
0.1167 30
0.1168 42
0.1169 37
0.117 36
0.1171 24
0.1172 25
0.1173 27
0.1174 23
0.1175 17
0.1176 20
0.1177 15
0.1178 30
0.1179 31
0.118 24
0.1181 20
0.1182 18
0.1183 22
0.1184 20
0.1185 21
0.1186 22
0.1187 26
0.1188 29
0.1189 34
0.119 33
0.1191 32
0.1192 24
0.1193 19
0.1194 26
0.1195 28
0.1196 26
0.1197 21
0.1198 22
0.1199 25
0.12 34
0.1201 29
0.1202 35
0.1203 30
0.1204 41
0.1205 44
0.1206 40
0.1207 43
0.1208 48
0.1209 49
0.121 43
0.1211 41
0.1212 50
0.1213 52
0.1214 45
0.1215 46
0.1216 57
0.1217 61
0.1218 59
0.1219 52
0.122 57
0.1221 46
0.1222 49
0.1223 41
0.1224 43
0.1225 49
0.1226 66
0.1227 43
0.1228 65
0.1229 39
0.123 40
0.1231 38
0.1232 45
0.1233 47
0.1234 35
0.1235 40
0.1236 44
0.1237 45
0.1238 54
0.1239 52
0.124 48
0.1241 52
0.1242 44
0.1243 44
0.1244 50
0.1245 52
0.1246 44
0.1247 45
0.1248 42
0.1249 51
0.125 43
0.1251 38
0.1252 35
0.1253 52
0.1254 48
0.1255 56
0.1256 54
0.1257 53
0.1258 66
0.1259 60
0.126 69
0.1261 65
0.1262 86
0.1263 85
0.1264 97
0.1265 102
0.1266 103
0.1267 101
0.1268 97
0.1269 97
0.127 91
0.1271 81
0.1272 74
0.1273 82
0.1274 82
0.1275 83
0.1276 97
0.1277 109
0.1278 111
0.1279 124
0.128 116
0.1281 121
0.1282 131
0.1283 142
0.1284 158
0.1285 176
0.1286 191
0.1287 200
0.1288 202
0.1289 211
0.129 218
0.1291 234
0.1292 251
0.1293 264
0.1294 286
0.1295 300
0.1296 302
0.1297 300
0.1298 306
0.1299 295
0.13 295
0.1301 290
0.1302 313
0.1303 329
0.1304 336
0.1305 336
0.1306 319
0.1307 300
0.1308 295
0.1309 292
0.131 281
0.1311 270
0.1312 277
0.1313 260
0.1314 267
0.1315 265
0.1316 271
0.1317 275
0.1318 274
0.1319 293
0.132 309
0.1321 321
0.1322 340
0.1323 324
0.1324 318
0.1325 321
0.1326 312
0.1327 280
0.1328 277
0.1329 270
0.133 274
0.1331 275
0.1332 265
0.1333 282
0.1334 305
0.1335 322
0.1336 324
0.1337 321
0.1338 318
0.1339 318
0.134 334
0.1341 357
0.1342 388
0.1343 395
0.1344 416
0.1345 432
0.1346 450
0.1347 456
0.1348 463
0.1349 474
0.135 480
0.1351 494
0.1352 479
0.1353 479
0.1354 485
0.1355 472
0.1356 477
0.1357 485
0.1358 509
0.1359 493
0.136 496
0.1361 492
0.1362 470
0.1363 447
0.1364 448
0.1365 431
0.1366 439
0.1367 454
0.1368 481
0.1369 508
0.137 515
0.1371 524
0.1372 508
0.1373 506
0.1374 510
0.1375 503
0.1376 509
0.1377 514
0.1378 525
0.1379 561
0.138 570
0.1381 591
0.1382 608
0.1383 621
0.1384 645
0.1385 671
0.1386 703
0.1387 740
0.1388 775
0.1389 812
0.139 836
0.1391 864
0.1392 886
0.1393 919
0.1394 939
0.1395 970
0.1396 989
0.1397 1014
0.1398 1035
0.1399 1060
0.14 1080
0.1401 1101
0.1402 1125
0.1403 1146
0.1404 1169
0.1405 1188
0.1406 1201
0.1407 1222
0.1408 1240
0.1409 1258
0.141 1282
0.1411 1292
0.1412 1304
0.1413 1314
0.1414 1327
0.1415 1347
0.1416 1363
0.1417 1377
0.1418 1400
0.1419 1402
0.142 1396
0.1421 1406
0.1422 1409
0.1423 1417
0.1424 1417
0.1425 1424
0.1426 1432
0.1427 1434
0.1428 1442
0.1429 1450
0.143 1455
0.1431 1469
0.1432 1484
0.1433 1489
0.1434 1494
0.1435 1502
0.1436 1511
0.1437 1511
0.1438 1503
0.1439 1501
0.144 1500
0.1441 1492
0.1442 1497
0.1443 1494
0.1444 1492
0.1445 1498
0.1446 1503
0.1447 1499
0.1448 1489
0.1449 1494
0.145 1500
0.1451 1503
0.1452 1504
0.1453 1497
0.1454 1495
0.1455 1500
0.1456 1489
0.1457 1477
0.1458 1475
0.1459 1468
0.146 1469
0.1461 1474
0.1462 1471
0.1463 1468
0.1464 1479
0.1465 1480
0.1466 1478
0.1467 1477
0.1468 1479
0.1469 1476
0.147 1473
0.1471 1473
0.1472 1463
0.1473 1464
0.1474 1470
0.1475 1456
0.1476 1451
0.1477 1449
0.1478 1450
0.1479 1442
0.148 1431
0.1481 1433
0.1482 1425
0.1483 1413
0.1484 1415
0.1485 1418
0.1486 1417
0.1487 1409
0.1488 1398
0.1489 1384
0.149 1372
0.1491 1345
0.1492 1315
0.1493 1295
0.1494 1288
0.1495 1274
0.1496 1265
0.1497 1250
0.1498 1257
0.1499 1259
0.15 1244
0.1501 1245
0.1502 1242
0.1503 1238
0.1504 1240
0.1505 1241
0.1506 1240
0.1507 1241
0.1508 1243
0.1509 1231
0.151 1221
0.1511 1197
0.1512 1179
0.1513 1167
0.1514 1171
0.1515 1166
0.1516 1163
0.1517 1150
0.1518 1125
0.1519 1096
0.152 1068
0.1521 1032
0.1522 1009
0.1523 996
0.1524 976
0.1525 962
0.1526 952
0.1527 942
0.1528 934
0.1529 927
0.153 925
0.1531 916
0.1532 909
0.1533 903
0.1534 896
0.1535 871
0.1536 849
0.1537 814
0.1538 803
0.1539 785
0.154 760
0.1541 746
0.1542 745
0.1543 757
0.1544 762
0.1545 768
0.1546 776
0.1547 779
0.1548 782
0.1549 792
0.155 797
0.1551 802
0.1552 806
0.1553 815
0.1554 819
0.1555 817
0.1556 816
0.1557 814
0.1558 804
0.1559 815
0.156 810
0.1561 821
0.1562 829
0.1563 825
0.1564 823
0.1565 829
0.1566 835
0.1567 838
0.1568 839
0.1569 837
0.157 840
0.1571 845
0.1572 857
0.1573 854
0.1574 863
0.1575 864
0.1576 846
0.1577 839
0.1578 829
0.1579 813
0.158 813
0.1581 813
0.1582 807
0.1583 808
0.1584 809
0.1585 813
0.1586 816
0.1587 820
0.1588 826
0.1589 830
0.159 837
0.1591 838
0.1592 839
0.1593 846
0.1594 849
0.1595 853
0.1596 850
0.1597 853
0.1598 854
0.1599 853
0.16 855
0.1601 861
0.1602 864
0.1603 865
0.1604 866
0.1605 867
0.1606 855
0.1607 847
0.1608 843
0.1609 847
0.161 846
0.1611 847
0.1612 838
0.1613 832
0.1614 831
0.1615 834
0.1616 829
0.1617 837
0.1618 844
0.1619 844
0.162 844
0.1621 842
0.1622 841
0.1623 843
0.1624 847
0.1625 843
0.1626 847
0.1627 852
0.1628 842
0.1629 834
0.163 822
0.1631 807
0.1632 795
0.1633 770
0.1634 734
0.1635 709
0.1636 675
0.1637 651
0.1638 620
0.1639 602
0.164 593
0.1641 588
0.1642 578
0.1643 568
0.1644 560
0.1645 555
0.1646 554
0.1647 557
0.1648 533
0.1649 503
0.165 463
0.1651 437
0.1652 411
0.1653 397
0.1654 392
0.1655 376
0.1656 361
0.1657 348
0.1658 329
0.1659 320
0.166 297
0.1661 275
0.1662 256
0.1663 248
0.1664 240
0.1665 219
0.1666 198
0.1667 188
0.1668 173
0.1669 171
0.167 159
0.1671 157
0.1672 132
0.1673 133
0.1674 128
0.1675 123
0.1676 115
0.1677 97
0.1678 97
0.1679 102
0.168 106
0.1681 90
0.1682 95
0.1683 85
0.1684 78
0.1685 60
0.1686 60
0.1687 60
0.1688 54
0.1689 49
0.169 46
0.1691 45
0.1692 43
0.1693 33
0.1694 25
0.1695 20
0.1696 24
0.1697 23
0.1698 17
0.1699 20
0.17 14
0.1701 19
0.1702 22
0.1703 22
0.1704 23
0.1705 13
0.1706 17
0.1707 19
0.1708 16
0.1709 12
0.171 10
0.1711 5
0.1712 10
0.1713 9
0.1714 7
0.1715 7
0.1716 8
0.1717 9
0.1718 11
0.1719 6
0.172 11
0.1721 14
0.1722 11
0.1723 12
0.1724 17
0.1725 6
0.1726 11
0.1727 8
0.1728 7
0.1729 6
0.173 10
0.1731 5
0.1732 10
0.1733 13
0.1734 10
0.1735 15
0.1736 13
0.1737 7
0.1738 12
0.1739 4
0.174 6
0.1741 7
0.1742 10
0.1743 16
0.1744 11
0.1745 9
0.1746 6
0.1747 11
0.1748 4
0.1749 9
0.175 11
0.1751 7
0.1752 4
0.1753 9
0.1754 5
0.1755 8
0.1756 7
0.1757 7
0.1758 8
0.1759 11
0.176 7
0.1761 14
0.1762 5
0.1763 8
0.1764 6
0.1765 10
0.1766 9
0.1767 10
0.1768 14
0.1769 12
0.177 5
0.1771 8
0.1772 10
0.1773 14
0.1774 12
0.1775 9
0.1776 11
0.1777 15
0.1778 8
0.1779 11
0.178 14
0.1781 7
0.1782 6
0.1783 14
0.1784 11
0.1785 18
0.1786 12
0.1787 12
0.1788 18
0.1789 21
0.179 10
0.1791 17
0.1792 20
0.1793 13
0.1794 16
0.1795 17
0.1796 18
0.1797 22
0.1798 18
0.1799 19
0.18 17
0.1801 16
0.1802 21
0.1803 15
0.1804 14
0.1805 21
0.1806 11
0.1807 21
0.1808 22
0.1809 29
0.181 20
0.1811 19
0.1812 22
0.1813 16
0.1814 27
0.1815 21
0.1816 31
0.1817 34
0.1818 35
0.1819 22
0.182 25
0.1821 21
0.1822 33
0.1823 35
0.1824 35
0.1825 37
0.1826 40
0.1827 45
0.1828 50
0.1829 45
0.183 44
0.1831 56
0.1832 52
0.1833 76
0.1834 61
0.1835 60
0.1836 64
0.1837 71
0.1838 68
0.1839 80
0.184 85
0.1841 85
0.1842 93
0.1843 85
0.1844 90
0.1845 90
0.1846 94
0.1847 94
0.1848 97
0.1849 96
0.185 86
0.1851 97
0.1852 86
0.1853 80
0.1854 82
0.1855 69
0.1856 80
0.1857 87
0.1858 89
0.1859 87
0.186 112
0.1861 115
0.1862 124
0.1863 124
0.1864 123
0.1865 118
0.1866 108
0.1867 105
0.1868 114
0.1869 123
0.187 116
0.1871 124
0.1872 128
0.1873 135
0.1874 134
0.1875 141
0.1876 143
0.1877 162
0.1878 165
0.1879 147
0.188 147
0.1881 154
0.1882 156
0.1883 153
0.1884 155
0.1885 152
0.1886 157
0.1887 161
0.1888 164
0.1889 174
0.189 184
0.1891 187
0.1892 200
0.1893 196
0.1894 189
0.1895 183
0.1896 192
0.1897 198
0.1898 202
0.1899 217
0.19 229
0.1901 231
0.1902 233
0.1903 269
0.1904 277
0.1905 273
0.1906 268
0.1907 276
0.1908 282
0.1909 296
0.191 311
0.1911 334
0.1912 361
0.1913 395
0.1914 410
0.1915 437
0.1916 475
0.1917 505
0.1918 513
0.1919 521
0.192 521
0.1921 519
0.1922 518
0.1923 516
0.1924 513
0.1925 519
0.1926 521
0.1927 527
0.1928 547
0.1929 571
0.193 586
0.1931 612
0.1932 631
0.1933 662
0.1934 685
0.1935 698
0.1936 722
0.1937 741
0.1938 767
0.1939 784
0.194 805
0.1941 824
0.1942 844
0.1943 869
0.1944 898
0.1945 929
0.1946 946
0.1947 969
0.1948 992
0.1949 997
0.195 1009
0.1951 1019
0.1952 1033
0.1953 1046
0.1954 1068
0.1955 1085
0.1956 1093
0.1957 1102
0.1958 1112
0.1959 1129
0.196 1129
0.1961 1137
0.1962 1153
0.1963 1155
0.1964 1168
0.1965 1175
0.1966 1178
0.1967 1185
0.1968 1203
0.1969 1208
0.197 1225
0.1971 1238
0.1972 1222
0.1973 1223
0.1974 1226
0.1975 1230
0.1976 1240
0.1977 1248
0.1978 1250
0.1979 1247
0.198 1257
0.1981 1260
0.1982 1267
0.1983 1272
0.1984 1282
0.1985 1291
0.1986 1288
0.1987 1292
0.1988 1284
0.1989 1285
0.199 1296
0.1991 1298
0.1992 1304
0.1993 1317
0.1994 1330
0.1995 1327
0.1996 1319
0.1997 1326
0.1998 1323
0.1999 1322
0.2 1323
0.2001 1323
0.2002 1312
0.2003 1318
0.2004 1316
0.2005 1301
0.2006 1284
0.2007 1270
0.2008 1242
0.2009 1232
0.201 1218
0.2011 1221
0.2012 1217
0.2013 1210
0.2014 1206
0.2015 1209
0.2016 1212
0.2017 1208
0.2018 1209
0.2019 1204
0.202 1189
0.2021 1180
0.2022 1164
0.2023 1138
0.2024 1115
0.2025 1105
0.2026 1090
0.2027 1058
0.2028 1027
0.2029 1009
0.203 992
0.2031 989
0.2032 991
0.2033 993
0.2034 991
0.2035 987
0.2036 982
0.2037 963
0.2038 964
0.2039 945
0.204 931
0.2041 926
0.2042 946
0.2043 951
0.2044 955
0.2045 946
0.2046 930
0.2047 920
0.2048 919
0.2049 914
0.205 899
0.2051 862
0.2052 827
0.2053 782
0.2054 767
0.2055 750
0.2056 748
0.2057 751
0.2058 751
0.2059 753
0.206 756
0.2061 768
0.2062 769
0.2063 757
0.2064 745
0.2065 733
0.2066 719
0.2067 706
0.2068 698
0.2069 699
0.207 692
0.2071 671
0.2072 662
0.2073 657
0.2074 660
0.2075 660
0.2076 663
0.2077 671
0.2078 685
0.2079 706
0.208 718
0.2081 730
0.2082 735
0.2083 742
0.2084 751
0.2085 759
0.2086 768
0.2087 774
0.2088 780
0.2089 784
0.209 788
0.2091 791
0.2092 788
0.2093 780
0.2094 776
0.2095 768
0.2096 761
0.2097 751
0.2098 738
0.2099 711
0.21 690
0.2101 652
0.2102 600
0.2103 568
0.2104 523
0.2105 479
0.2106 446
0.2107 432
0.2108 385
0.2109 355
0.211 324
0.2111 290
0.2112 279
0.2113 271
0.2114 255
0.2115 232
0.2116 218
0.2117 202
0.2118 199
0.2119 199
0.212 204
0.2121 209
0.2122 198
0.2123 212
0.2124 227
0.2125 236
0.2126 253
0.2127 255
0.2128 260
0.2129 284
0.213 293
0.2131 301
0.2132 316
0.2133 334
0.2134 352
0.2135 373
0.2136 382
0.2137 396
0.2138 415
0.2139 420
0.214 435
0.2141 453
0.2142 466
0.2143 470
0.2144 477
0.2145 490
0.2146 507
0.2147 517
0.2148 536
0.2149 550
0.215 574
0.2151 585
0.2152 610
0.2153 618
0.2154 626
0.2155 641
0.2156 657
0.2157 672
0.2158 676
0.2159 679
0.216 689
0.2161 689
0.2162 690
0.2163 697
0.2164 705
0.2165 706
0.2166 707
0.2167 706
0.2168 716
0.2169 720
0.217 733
0.2171 739
0.2172 748
0.2173 750
0.2174 749
0.2175 749
0.2176 757
0.2177 761
0.2178 758
0.2179 755
0.218 751
0.2181 751
0.2182 753
0.2183 761
0.2184 764
0.2185 762
0.2186 762
0.2187 768
0.2188 765
0.2189 758
0.219 760
0.2191 761
0.2192 762
0.2193 753
0.2194 750
0.2195 746
0.2196 746
0.2197 751
0.2198 747
0.2199 749
0.22 749
0.2201 749
0.2202 750
0.2203 751
0.2204 745
0.2205 734
0.2206 731
0.2207 734
0.2208 726
0.2209 716
0.221 712
0.2211 706
0.2212 684
0.2213 641
0.2214 602
0.2215 569
0.2216 540
0.2217 514
0.2218 492
0.2219 463
0.222 439
0.2221 416
0.2222 409
0.2223 395
0.2224 373
0.2225 357
0.2226 342
0.2227 321
0.2228 311
0.2229 290
0.223 271
0.2231 250
0.2232 217
0.2233 203
0.2234 183
0.2235 167
0.2236 157
0.2237 139
0.2238 123
0.2239 108
0.224 90
0.2241 81
0.2242 63
0.2243 66
0.2244 49
0.2245 39
0.2246 32
0.2247 25
0.2248 27
0.2249 23
0.225 28
0.2251 25
0.2252 14
0.2253 26
0.2254 27
0.2255 24
0.2256 20
0.2257 17
0.2258 16
0.2259 16
0.226 12
0.2261 10
0.2262 10
0.2263 13
0.2264 7
0.2265 7
0.2266 5
0.2267 4
0.2268 10
0.2269 12
0.227 13
0.2271 8
0.2272 13
0.2273 9
0.2274 11
0.2275 7
0.2276 10
0.2277 8
0.2278 7
0.2279 5
0.228 10
0.2281 6
0.2282 9
0.2283 8
0.2284 10
0.2285 11
0.2286 13
0.2287 11
0.2288 4
0.2289 11
0.229 9
0.2291 10
0.2292 8
0.2293 9
0.2294 8
0.2295 10
0.2296 4
0.2297 12
0.2298 7
0.2299 10
0.23 9
0.2301 10
0.2302 9
0.2303 5
0.2304 9
0.2305 5
0.2306 7
0.2307 17
0.2308 9
0.2309 16
0.231 20
0.2311 10
0.2312 20
0.2313 21
0.2314 17
0.2315 15
0.2316 18
0.2317 15
0.2318 16
0.2319 13
0.232 28
0.2321 20
0.2322 21
0.2323 13
0.2324 14
0.2325 18
0.2326 24
0.2327 24
0.2328 20
0.2329 19
0.233 18
0.2331 26
0.2332 19
0.2333 22
0.2334 15
0.2335 17
0.2336 27
0.2337 25
0.2338 19
0.2339 25
0.234 24
0.2341 31
0.2342 36
0.2343 34
0.2344 24
0.2345 15
0.2346 17
0.2347 21
0.2348 17
0.2349 14
0.235 24
0.2351 21
0.2352 30
0.2353 42
0.2354 33
0.2355 29
0.2356 34
0.2357 33
0.2358 42
0.2359 35
0.236 37
0.2361 35
0.2362 40
0.2363 51
0.2364 47
0.2365 38
0.2366 52
0.2367 43
0.2368 46
0.2369 50
0.237 52
0.2371 59
0.2372 64
0.2373 63
0.2374 78
0.2375 78
0.2376 72
0.2377 73
0.2378 71
0.2379 79
0.238 99
0.2381 106
0.2382 105
0.2383 103
0.2384 112
0.2385 114
0.2386 124
0.2387 104
0.2388 109
0.2389 112
0.239 108
0.2391 116
0.2392 109
0.2393 118
0.2394 122
0.2395 122
0.2396 133
0.2397 148
0.2398 162
0.2399 175
0.24 177
0.2401 183
0.2402 184
0.2403 206
0.2404 229
0.2405 248
0.2406 256
0.2407 279
0.2408 321
0.2409 342
0.241 369
0.2411 400
0.2412 430
0.2413 453
0.2414 474
0.2415 503
0.2416 541
0.2417 563
0.2418 589
0.2419 626
0.242 678
0.2421 706
0.2422 720
0.2423 730
0.2424 756
0.2425 783
0.2426 814
0.2427 842
0.2428 857
0.2429 864
0.243 858
0.2431 865
0.2432 867
0.2433 850
0.2434 834
0.2435 815
0.2436 774
0.2437 737
0.2438 720
0.2439 709
0.244 708
0.2441 722
0.2442 705
0.2443 718
0.2444 720
0.2445 718
0.2446 729
0.2447 750
0.2448 763
0.2449 782
0.245 796
0.2451 813
0.2452 809
0.2453 780
0.2454 765
0.2455 767
0.2456 777
0.2457 776
0.2458 761
0.2459 756
0.246 755
0.2461 741
0.2462 756
0.2463 761
0.2464 770
0.2465 796
0.2466 802
0.2467 841
0.2468 858
0.2469 891
0.247 918
0.2471 944
0.2472 949
0.2473 959
0.2474 975
0.2475 993
0.2476 1010
0.2477 1028
0.2478 1039
0.2479 1046
0.248 1055
0.2481 1070
0.2482 1072
0.2483 1088
0.2484 1097
0.2485 1112
0.2486 1131
0.2487 1149
0.2488 1157
0.2489 1168
0.249 1175
0.2491 1195
0.2492 1210
0.2493 1231
0.2494 1243
0.2495 1249
0.2496 1259
0.2497 1269
0.2498 1284
0.2499 1299
0.25 1321
