0 3755
0.01 3664
0.02 3594
0.03 3549
0.04 3496
0.05 3459
0.06 3420
0.07 3382
0.08 3347
0.09 3314
0.1 3297
0.11 3260
0.12 3243
0.13 3212
0.14 3192
0.15 3164
0.16 3150
0.17 3130
0.18 3109
0.19 3096
0.2 3074
0.21 3050
0.22 3029
0.23 3011
0.24 2996
0.25 2974
0.26 2952
0.27 2933
0.28 2923
0.29 2900
0.3 2880
0.31 2867
0.32 2855
0.33 2848
0.34 2839
0.35 2831
0.36 2817
0.37 2807
0.38 2796
0.39 2783
0.4 2773
0.41 2764
0.42 2753
0.43 2744
0.44 2733
0.45 2719
0.46 2712
0.47 2705
0.48 2695
0.49 2682
0.5 2676
0.51 2667
0.52 2662
0.53 2650
0.54 2639
0.55 2627
0.56 2623
0.57 2615
0.58 2612
0.59 2605
0.6 2598
0.61 2595
0.62 2590
0.63 2586
0.64 2584
0.65 2583
0.66 2576
0.67 2570
0.68 2565
0.69 2561
0.7 2552
0.71 2555
0.72 2552
0.73 2549
0.74 2544
0.75 2541
0.76 2539
0.77 2535
0.78 2532
0.79 2527
0.8 2524
0.81 2523
0.82 2521
0.83 2520
0.84 2519
0.85 2516
0.86 2514
0.87 2509
0.88 2507
0.89 2505
0.9 2506
0.91 2505
0.92 2503
0.93 2502
0.94 2503
0.95 2502
0.96 2500
0.97 2494
0.98 2493
0.99 2496
1 2494
1.01 2493
1.02 2489
1.03 2487
1.04 2485
1.05 2483
1.06 2482
1.07 2480
1.08 2479
1.09 2480
1.1 2480
1.11 2479
1.12 2479
1.13 2478
1.14 2479
1.15 2472
1.16 2471
1.17 2471
1.18 2471
1.19 2469
1.2 2468
1.21 2469
1.22 2471
1.23 2469
1.24 2469
1.25 2468
1.26 2470
1.27 2468
1.28 2468
1.29 2467
1.3 2468
1.31 2467
1.32 2466
1.33 2466
1.34 2466
1.35 2464
1.36 2465
1.37 2465
1.38 2465
1.39 2464
1.4 2462
1.41 2463
1.42 2464
1.43 2464
1.44 2464
1.45 2462
1.46 2462
1.47 2463
1.48 2465
1.49 2463
1.5 2461
1.51 2461
1.52 2459
1.53 2460
1.54 2458
1.55 2456
1.56 2457
1.57 2457
1.58 2459
1.59 2457
1.6 2456
1.61 2457
1.62 2458
1.63 2458
1.64 2459
1.65 2458
1.66 2458
1.67 2459
1.68 2459
1.69 2460
1.7 2458
1.71 2459
1.72 2457
1.73 2455
1.74 2453
1.75 2452
1.76 2452
1.77 2450
1.78 2450
1.79 2450
1.8 2448
1.81 2447
1.82 2446
1.83 2447
1.84 2445
1.85 2445
1.86 2448
1.87 2447
1.88 2448
1.89 2448
1.9 2446
1.91 2447
1.92 2447
1.93 2447
1.94 2446
1.95 2445
1.96 2443
1.97 2445
1.98 2448
1.99 2450
2 2451
