0 0
0.0001 200
0.0002 278
0.0003 304
0.0004 315
0.0005 318
0.0006 327
0.0007 326
0.0008 319
0.0009 320
0.001 337
0.0011 321
0.0012 316
0.0013 299
0.0014 303
0.0015 293
0.0016 284
0.0017 282
0.0018 276
0.0019 266
0.002 260
0.0021 266
0.0022 262
0.0023 283
0.0024 271
0.0025 281
0.0026 262
0.0027 261
0.0028 257
0.0029 262
0.003 241
0.0031 251
0.0032 257
0.0033 249
0.0034 248
0.0035 245
0.0036 248
0.0037 249
0.0038 242
0.0039 247
0.004 249
0.0041 249
0.0042 264
0.0043 272
0.0044 254
0.0045 259
0.0046 259
0.0047 261
0.0048 258
0.0049 259
0.005 244
0.0051 259
0.0052 257
0.0053 245
0.0054 236
0.0055 229
0.0056 247
0.0057 235
0.0058 251
0.0059 254
0.006 233
0.0061 253
0.0062 250
0.0063 251
0.0064 245
0.0065 237
0.0066 222
0.0067 214
0.0068 203
0.0069 195
0.007 216
0.0071 211
0.0072 229
0.0073 225
0.0074 215
0.0075 213
0.0076 207
0.0077 209
0.0078 204
0.0079 213
0.008 216
0.0081 236
0.0082 231
0.0083 244
0.0084 248
0.0085 235
0.0086 233
0.0087 225
0.0088 224
0.0089 217
0.009 219
0.0091 237
0.0092 220
0.0093 232
0.0094 215
0.0095 231
0.0096 229
0.0097 214
0.0098 203
0.0099 198
0.01 183
0.0101 193
0.0102 192
0.0103 207
0.0104 201
0.0105 203
0.0106 201
0.0107 181
0.0108 185
0.0109 173
0.011 187
0.0111 201
0.0112 216
0.0113 205
0.0114 194
0.0115 204
0.0116 203
0.0117 190
0.0118 202
0.0119 201
0.012 205
0.0121 206
0.0122 197
0.0123 198
0.0124 182
0.0125 193
0.0126 184
0.0127 179
0.0128 178
0.0129 181
0.013 161
0.0131 160
0.0132 188
0.0133 200
0.0134 193
0.0135 190
0.0136 186
0.0137 186
0.0138 183
0.0139 183
0.014 202
0.0141 191
0.0142 176
0.0143 170
0.0144 176
0.0145 179
0.0146 165
0.0147 171
0.0148 165
0.0149 163
0.015 155
0.0151 161
0.0152 158
0.0153 173
0.0154 168
0.0155 168
0.0156 141
0.0157 140
0.0158 158
0.0159 164
0.016 183
0.0161 160
0.0162 171
0.0163 158
0.0164 156
0.0165 146
0.0166 147
0.0167 143
0.0168 145
0.0169 148
0.017 147
0.0171 147
0.0172 153
0.0173 153
0.0174 150
0.0175 148
0.0176 149
0.0177 142
0.0178 144
0.0179 152
0.018 152
0.0181 138
0.0182 141
0.0183 137
0.0184 127
0.0185 136
0.0186 157
0.0187 158
0.0188 152
0.0189 158
0.019 171
0.0191 169
0.0192 158
0.0193 152
0.0194 137
0.0195 138
0.0196 138
0.0197 132
0.0198 143
0.0199 128
0.02 127
0.0201 133
0.0202 136
0.0203 130
0.0204 133
0.0205 126
0.0206 128
0.0207 130
0.0208 125
0.0209 131
0.021 115
0.0211 105
0.0212 103
0.0213 114
0.0214 122
0.0215 122
0.0216 125
0.0217 123
0.0218 126
0.0219 122
0.022 113
0.0221 121
0.0222 122
0.0223 122
0.0224 125
0.0225 128
0.0226 133
0.0227 138
0.0228 135
0.0229 137
0.023 141
0.0231 130
0.0232 123
0.0233 110
0.0234 115
0.0235 112
0.0236 111
0.0237 111
0.0238 101
0.0239 100
0.024 97
0.0241 102
0.0242 119
0.0243 117
0.0244 118
0.0245 118
0.0246 112
0.0247 118
0.0248 114
0.0249 110
0.025 120
0.0251 127
0.0252 120
0.0253 116
0.0254 101
0.0255 102
0.0256 99
0.0257 110
0.0258 106
0.0259 106
0.026 112
0.0261 112
0.0262 106
0.0263 108
0.0264 103
0.0265 102
0.0266 100
0.0267 106
0.0268 114
0.0269 100
0.027 97
0.0271 97
0.0272 96
0.0273 92
0.0274 83
0.0275 73
0.0276 82
0.0277 81
0.0278 88
0.0279 77
0.028 88
0.0281 93
0.0282 100
0.0283 89
0.0284 88
0.0285 84
0.0286 89
0.0287 83
0.0288 88
0.0289 90
0.029 94
0.0291 100
0.0292 101
0.0293 87
0.0294 95
0.0295 99
0.0296 111
0.0297 111
0.0298 98
0.0299 100
0.03 99
0.0301 94
0.0302 93
0.0303 94
0.0304 100
0.0305 96
0.0306 92
0.0307 89
0.0308 98
0.0309 90
0.031 98
0.0311 104
0.0312 90
0.0313 82
0.0314 87
0.0315 90
0.0316 84
0.0317 76
0.0318 88
0.0319 91
0.032 93
0.0321 86
0.0322 76
0.0323 75
0.0324 84
0.0325 83
0.0326 95
0.0327 93
0.0328 81
0.0329 80
0.033 82
0.0331 78
0.0332 79
0.0333 86
0.0334 91
0.0335 93
0.0336 89
0.0337 88
0.0338 87
0.0339 85
0.034 87
0.0341 84
0.0342 88
0.0343 89
0.0344 95
0.0345 96
0.0346 93
0.0347 103
0.0348 99
0.0349 89
0.035 90
0.0351 75
0.0352 91
0.0353 94
0.0354 95
0.0355 89
0.0356 88
0.0357 82
0.0358 90
0.0359 95
0.036 92
0.0361 82
0.0362 85
0.0363 93
0.0364 83
0.0365 92
0.0366 84
0.0367 79
0.0368 83
0.0369 82
0.037 75
0.0371 75
0.0372 75
0.0373 76
0.0374 81
0.0375 81
0.0376 82
0.0377 84
0.0378 86
0.0379 82
0.038 73
0.0381 74
0.0382 67
0.0383 77
0.0384 76
0.0385 75
0.0386 74
0.0387 81
0.0388 95
0.0389 79
0.039 69
0.0391 72
0.0392 72
0.0393 79
0.0394 78
0.0395 74
0.0396 70
0.0397 69
0.0398 77
0.0399 78
0.04 68
0.0401 69
0.0402 63
0.0403 70
0.0404 70
0.0405 65
0.0406 61
0.0407 67
0.0408 71
0.0409 73
0.041 77
0.0411 71
0.0412 77
0.0413 73
0.0414 74
0.0415 77
0.0416 76
0.0417 85
0.0418 73
0.0419 72
0.042 70
0.0421 64
0.0422 61
0.0423 73
0.0424 68
0.0425 64
0.0426 79
0.0427 81
0.0428 73
0.0429 84
0.043 88
0.0431 88
0.0432 79
0.0433 83
0.0434 82
0.0435 79
0.0436 72
0.0437 77
0.0438 74
0.0439 66
0.044 61
0.0441 61
0.0442 61
0.0443 63
0.0444 63
0.0445 64
0.0446 67
0.0447 66
0.0448 78
0.0449 81
0.045 70
0.0451 77
0.0452 76
0.0453 67
0.0454 75
0.0455 76
0.0456 81
0.0457 82
0.0458 81
0.0459 78
0.046 73
0.0461 68
0.0462 73
0.0463 74
0.0464 67
0.0465 73
0.0466 76
0.0467 73
0.0468 71
0.0469 76
0.047 75
0.0471 69
0.0472 70
0.0473 72
0.0474 70
0.0475 71
0.0476 81
0.0477 77
0.0478 78
0.0479 80
0.048 74
0.0481 78
0.0482 81
0.0483 68
0.0484 75
0.0485 84
0.0486 77
0.0487 83
0.0488 86
0.0489 85
0.049 80
0.0491 68
0.0492 68
0.0493 70
0.0494 70
0.0495 71
0.0496 85
0.0497 77
0.0498 75
0.0499 73
0.05 66
0.0501 66
0.0502 70
0.0503 68
0.0504 63
0.0505 64
0.0506 64
0.0507 67
0.0508 70
0.0509 64
0.051 69
0.0511 65
0.0512 64
0.0513 58
0.0514 52
0.0515 52
0.0516 54
0.0517 54
0.0518 62
0.0519 69
0.052 71
0.0521 72
0.0522 71
0.0523 74
0.0524 73
0.0525 68
0.0526 66
0.0527 67
0.0528 63
0.0529 60
0.053 58
0.0531 62
0.0532 58
0.0533 56
0.0534 62
0.0535 63
0.0536 61
0.0537 59
0.0538 59
0.0539 65
0.054 68
0.0541 58
0.0542 52
0.0543 49
0.0544 50
0.0545 53
0.0546 54
0.0547 58
0.0548 61
0.0549 68
0.055 75
0.0551 66
0.0552 66
0.0553 73
0.0554 75
0.0555 74
0.0556 71
0.0557 66
0.0558 72
0.0559 76
0.056 67
0.0561 66
0.0562 70
0.0563 65
0.0564 65
0.0565 61
0.0566 68
0.0567 62
0.0568 53
0.0569 63
0.057 63
0.0571 68
0.0572 61
0.0573 60
0.0574 60
0.0575 68
0.0576 69
0.0577 70
0.0578 62
0.0579 67
0.058 68
0.0581 64
0.0582 67
0.0583 61
0.0584 56
0.0585 66
0.0586 58
0.0587 54
0.0588 53
0.0589 53
0.059 55
0.0591 61
0.0592 55
0.0593 58
0.0594 51
0.0595 47
0.0596 53
0.0597 57
0.0598 57
0.0599 58
0.06 56
0.0601 64
0.0602 52
0.0603 58
0.0604 63
0.0605 62
0.0606 63
0.0607 65
0.0608 62
0.0609 61
0.061 56
0.0611 52
0.0612 46
0.0613 45
0.0614 43
0.0615 42
0.0616 56
0.0617 57
0.0618 55
0.0619 51
0.062 62
0.0621 66
0.0622 61
0.0623 60
0.0624 58
0.0625 52
0.0626 47
0.0627 52
0.0628 48
0.0629 44
0.063 46
0.0631 46
0.0632 54
0.0633 54
0.0634 51
0.0635 48
0.0636 50
0.0637 50
0.0638 55
0.0639 52
0.064 44
0.0641 43
0.0642 44
0.0643 47
0.0644 46
0.0645 43
0.0646 41
0.0647 38
0.0648 42
0.0649 39
0.065 35
0.0651 39
0.0652 41
0.0653 44
0.0654 40
0.0655 45
0.0656 44
0.0657 42
0.0658 48
0.0659 42
0.066 46
0.0661 46
0.0662 48
0.0663 50
0.0664 45
0.0665 41
0.0666 39
0.0667 41
0.0668 39
0.0669 37
0.067 42
0.0671 45
0.0672 48
0.0673 50
0.0674 47
0.0675 47
0.0676 42
0.0677 41
0.0678 36
0.0679 47
0.068 48
0.0681 46
0.0682 49
0.0683 47
0.0684 43
0.0685 47
0.0686 48
0.0687 42
0.0688 44
0.0689 48
0.069 46
0.0691 48
0.0692 41
0.0693 47
0.0694 44
0.0695 40
0.0696 42
0.0697 43
0.0698 41
0.0699 43
0.07 38
0.0701 44
0.0702 45
0.0703 41
0.0704 43
0.0705 50
0.0706 49
0.0707 45
0.0708 47
0.0709 49
0.071 43
0.0711 45
0.0712 42
0.0713 34
0.0714 38
0.0715 46
0.0716 47
0.0717 50
0.0718 46
0.0719 45
0.072 42
0.0721 49
0.0722 43
0.0723 43
0.0724 45
0.0725 45
0.0726 54
0.0727 50
0.0728 48
0.0729 50
0.073 43
0.0731 46
0.0732 48
0.0733 42
0.0734 41
0.0735 46
0.0736 56
0.0737 51
0.0738 46
0.0739 48
0.074 50
0.0741 47
0.0742 53
0.0743 53
0.0744 54
0.0745 49
0.0746 46
0.0747 50
0.0748 46
0.0749 50
0.075 43
0.0751 51
0.0752 50
0.0753 49
0.0754 51
0.0755 51
0.0756 52
0.0757 45
0.0758 43
0.0759 42
0.076 43
0.0761 45
0.0762 49
0.0763 46
0.0764 48
0.0765 51
0.0766 44
0.0767 37
0.0768 38
0.0769 42
0.077 48
0.0771 47
0.0772 46
0.0773 46
0.0774 49
0.0775 48
0.0776 47
0.0777 49
0.0778 47
0.0779 45
0.078 49
0.0781 43
0.0782 43
0.0783 39
0.0784 42
0.0785 44
0.0786 53
0.0787 50
0.0788 43
0.0789 39
0.079 44
0.0791 52
0.0792 49
0.0793 56
0.0794 49
0.0795 52
0.0796 47
0.0797 46
0.0798 47
0.0799 48
0.08 45
0.0801 44
0.0802 46
0.0803 48
0.0804 47
0.0805 49
0.0806 47
0.0807 45
0.0808 47
0.0809 48
0.081 49
0.0811 47
0.0812 49
0.0813 47
0.0814 36
0.0815 42
0.0816 37
0.0817 36
0.0818 38
0.0819 38
0.082 37
0.0821 42
0.0822 45
0.0823 36
0.0824 41
0.0825 39
0.0826 41
0.0827 37
0.0828 42
0.0829 37
0.083 43
0.0831 48
0.0832 34
0.0833 32
0.0834 36
0.0835 35
0.0836 40
0.0837 44
0.0838 47
0.0839 43
0.084 43
0.0841 45
0.0842 44
0.0843 48
0.0844 53
0.0845 56
0.0846 56
0.0847 47
0.0848 45
0.0849 37
0.085 44
0.0851 41
0.0852 36
0.0853 37
0.0854 41
0.0855 42
0.0856 48
0.0857 48
0.0858 45
0.0859 34
0.086 48
0.0861 51
0.0862 45
0.0863 48
0.0864 54
0.0865 51
0.0866 47
0.0867 45
0.0868 48
0.0869 40
0.087 37
0.0871 41
0.0872 43
0.0873 37
0.0874 51
0.0875 52
0.0876 46
0.0877 51
0.0878 48
0.0879 55
0.088 52
0.0881 51
0.0882 52
0.0883 48
0.0884 46
0.0885 49
0.0886 51
0.0887 49
0.0888 41
0.0889 43
0.089 43
0.0891 46
0.0892 56
0.0893 51
0.0894 47
0.0895 41
0.0896 37
0.0897 40
0.0898 37
0.0899 41
0.09 46
0.0901 43
0.0902 44
0.0903 45
0.0904 43
0.0905 44
0.0906 42
0.0907 41
0.0908 35
0.0909 40
0.091 39
0.0911 36
0.0912 35
0.0913 38
0.0914 40
0.0915 44
0.0916 47
0.0917 45
0.0918 38
0.0919 41
0.092 44
0.0921 46
0.0922 45
0.0923 42
0.0924 43
0.0925 34
0.0926 32
0.0927 35
0.0928 34
0.0929 38
0.093 45
0.0931 38
0.0932 40
0.0933 38
0.0934 40
0.0935 37
0.0936 40
0.0937 44
0.0938 45
0.0939 43
0.094 49
0.0941 43
0.0942 40
0.0943 38
0.0944 34
0.0945 34
0.0946 38
0.0947 39
0.0948 33
0.0949 29
0.095 33
0.0951 39
0.0952 37
0.0953 35
0.0954 35
0.0955 36
0.0956 38
0.0957 35
0.0958 43
0.0959 41
0.096 36
0.0961 47
0.0962 44
0.0963 45
0.0964 42
0.0965 42
0.0966 50
0.0967 41
0.0968 31
0.0969 36
0.097 39
0.0971 36
0.0972 40
0.0973 32
0.0974 39
0.0975 40
0.0976 42
0.0977 36
0.0978 39
0.0979 37
0.098 35
0.0981 44
0.0982 48
0.0983 46
0.0984 45
0.0985 44
0.0986 38
0.0987 32
0.0988 44
0.0989 47
0.099 46
0.0991 50
0.0992 46
0.0993 46
0.0994 54
0.0995 51
0.0996 46
0.0997 45
0.0998 43
0.0999 50
0.1 47
