0 0
0.0001 0
0.0002 0
0.0003 0
0.0004 0
0.0005 0
0.0006 0
0.0007 0
0.0008 0
0.0009 0
0.001 0
0.0011 0
0.0012 0
0.0013 0
0.0014 0
0.0015 0
0.0016 0
0.0017 0
0.0018 0
0.0019 0
0.002 1
0.0021 2
0.0022 2
0.0023 2
0.0024 2
0.0025 2
0.0026 2
0.0027 2
0.0028 2
0.0029 1
0.003 1
0.0031 1
0.0032 2
0.0033 2
0.0034 2
0.0035 2
0.0036 2
0.0037 2
0.0038 3
0.0039 3
0.004 3
0.0041 3
0.0042 3
0.0043 3
0.0044 2
0.0045 2
0.0046 2
0.0047 2
0.0048 2
0.0049 2
0.005 2
0.0051 2
0.0052 2
0.0053 2
0.0054 2
0.0055 2
0.0056 2
0.0057 2
0.0058 2
0.0059 2
0.006 2
0.0061 1
0.0062 1
0.0063 1
0.0064 1
0.0065 2
0.0066 2
0.0067 2
0.0068 2
0.0069 3
0.007 3
0.0071 3
0.0072 3
0.0073 3
0.0074 3
0.0075 3
0.0076 4
0.0077 5
0.0078 5
0.0079 5
0.008 5
0.0081 6
0.0082 6
0.0083 6
0.0084 6
0.0085 4
0.0086 3
0.0087 3
0.0088 3
0.0089 3
0.009 3
0.0091 4
0.0092 4
0.0093 4
0.0094 4
0.0095 4
0.0096 5
0.0097 5
0.0098 5
0.0099 6
0.01 6
0.0101 6
0.0102 6
0.0103 6
0.0104 6
0.0105 6
0.0106 6
0.0107 6
0.0108 6
0.0109 6
0.011 6
0.0111 6
0.0112 6
0.0113 6
0.0114 6
0.0115 6
0.0116 6
0.0117 6
0.0118 7
0.0119 7
0.012 6
0.0121 5
0.0122 5
0.0123 5
0.0124 5
0.0125 6
0.0126 5
0.0127 6
0.0128 6
0.0129 6
0.013 6
0.0131 6
0.0132 6
0.0133 6
0.0134 6
0.0135 6
0.0136 6
0.0137 6
0.0138 6
0.0139 5
0.014 5
0.0141 5
0.0142 5
0.0143 5
0.0144 5
0.0145 4
0.0146 4
0.0147 4
0.0148 4
0.0149 4
0.015 4
0.0151 4
0.0152 4
0.0153 4
0.0154 4
0.0155 5
0.0156 5
0.0157 5
0.0158 5
0.0159 6
0.016 6
0.0161 6
0.0162 6
0.0163 6
0.0164 6
0.0165 6
0.0166 6
0.0167 5
0.0168 5
0.0169 5
0.017 5
0.0171 5
0.0172 5
0.0173 5
0.0174 5
0.0175 5
0.0176 5
0.0177 5
0.0178 5
0.0179 5
0.018 5
0.0181 5
0.0182 5
0.0183 5
0.0184 5
0.0185 5
0.0186 5
0.0187 5
0.0188 5
0.0189 5
0.019 6
0.0191 6
0.0192 6
0.0193 7
0.0194 7
0.0195 7
0.0196 7
0.0197 7
0.0198 7
0.0199 7
0.02 7
0.0201 7
0.0202 7
0.0203 7
0.0204 7
0.0205 8
0.0206 8
0.0207 8
0.0208 8
0.0209 8
0.021 8
0.0211 8
0.0212 8
0.0213 9
0.0214 9
0.0215 9
0.0216 8
0.0217 8
0.0218 8
0.0219 8
0.022 8
0.0221 7
0.0222 7
0.0223 7
0.0224 7
0.0225 7
0.0226 7
0.0227 6
0.0228 6
0.0229 7
0.023 7
0.0231 7
0.0232 6
0.0233 6
0.0234 6
0.0235 6
0.0236 6
0.0237 6
0.0238 6
0.0239 6
0.024 6
0.0241 6
0.0242 6
0.0243 6
0.0244 6
0.0245 6
0.0246 6
0.0247 5
0.0248 5
0.0249 5
0.025 5
0.0251 4
0.0252 4
0.0253 4
0.0254 4
0.0255 4
0.0256 4
0.0257 4
0.0258 4
0.0259 4
0.026 4
0.0261 4
0.0262 4
0.0263 4
0.0264 4
0.0265 4
0.0266 4
0.0267 4
0.0268 4
0.0269 4
0.027 4
0.0271 4
0.0272 5
0.0273 5
0.0274 5
0.0275 6
0.0276 6
0.0277 5
0.0278 5
0.0279 5
0.028 5
0.0281 5
0.0282 5
0.0283 5
0.0284 5
0.0285 5
0.0286 5
0.0287 6
0.0288 6
0.0289 6
0.029 6
0.0291 5
0.0292 5
0.0293 5
0.0294 5
0.0295 5
0.0296 5
0.0297 5
0.0298 5
0.0299 5
0.03 5
0.0301 5
0.0302 4
0.0303 4
0.0304 4
0.0305 4
0.0306 4
0.0307 4
0.0308 4
0.0309 4
0.031 4
0.0311 4
0.0312 4
0.0313 4
0.0314 4
0.0315 4
0.0316 4
0.0317 4
0.0318 4
0.0319 4
0.032 4
0.0321 5
0.0322 5
0.0323 5
0.0324 5
0.0325 5
0.0326 4
0.0327 4
0.0328 4
0.0329 4
0.033 5
0.0331 5
0.0332 4
0.0333 4
0.0334 4
0.0335 4
0.0336 4
0.0337 4
0.0338 3
0.0339 3
0.034 3
0.0341 3
0.0342 3
0.0343 3
0.0344 3
0.0345 3
0.0346 3
0.0347 3
0.0348 3
0.0349 3
0.035 3
0.0351 3
0.0352 3
0.0353 3
0.0354 3
0.0355 3
0.0356 3
0.0357 3
0.0358 3
0.0359 3
0.036 3
0.0361 3
0.0362 3
0.0363 3
0.0364 3
0.0365 3
0.0366 3
0.0367 3
0.0368 3
0.0369 3
0.037 3
0.0371 3
0.0372 3
0.0373 3
0.0374 3
0.0375 3
0.0376 3
0.0377 3
0.0378 3
0.0379 3
0.038 3
0.0381 3
0.0382 3
0.0383 3
0.0384 3
0.0385 3
0.0386 3
0.0387 3
0.0388 3
0.0389 3
0.039 3
0.0391 3
0.0392 3
0.0393 3
0.0394 3
0.0395 3
0.0396 3
0.0397 5
0.0398 5
0.0399 5
0.04 6
0.0401 6
0.0402 6
0.0403 6
0.0404 6
0.0405 6
0.0406 6
0.0407 6
0.0408 6
0.0409 6
0.041 6
0.0411 6
0.0412 6
0.0413 6
0.0414 6
0.0415 6
0.0416 6
0.0417 6
0.0418 6
0.0419 6
0.042 6
0.0421 6
0.0422 5
0.0423 5
0.0424 5
0.0425 5
0.0426 4
0.0427 4
0.0428 4
0.0429 4
0.043 4
0.0431 4
0.0432 4
0.0433 4
0.0434 4
0.0435 4
0.0436 4
0.0437 4
0.0438 4
0.0439 4
0.044 4
0.0441 5
0.0442 5
0.0443 5
0.0444 5
0.0445 5
0.0446 5
0.0447 5
0.0448 5
0.0449 5
0.045 5
0.0451 5
0.0452 4
0.0453 4
0.0454 4
0.0455 3
0.0456 3
0.0457 3
0.0458 3
0.0459 3
0.046 3
0.0461 3
0.0462 3
0.0463 3
0.0464 3
0.0465 3
0.0466 4
0.0467 4
0.0468 4
0.0469 4
0.047 4
0.0471 4
0.0472 4
0.0473 4
0.0474 4
0.0475 4
0.0476 5
0.0477 5
0.0478 5
0.0479 5
0.048 5
0.0481 5
0.0482 5
0.0483 5
0.0484 5
0.0485 5
0.0486 5
0.0487 5
0.0488 5
0.0489 5
0.049 5
0.0491 5
0.0492 5
0.0493 5
0.0494 5
0.0495 5
0.0496 5
0.0497 5
0.0498 5
0.0499 5
0.05 5
0.0501 5
0.0502 5
0.0503 5
0.0504 5
0.0505 5
0.0506 5
0.0507 5
0.0508 5
0.0509 5
0.051 5
0.0511 5
0.0512 5
0.0513 5
0.0514 5
0.0515 5
0.0516 5
0.0517 5
0.0518 5
0.0519 5
0.052 5
0.0521 5
0.0522 5
0.0523 5
0.0524 5
0.0525 6
0.0526 6
0.0527 6
0.0528 6
0.0529 6
0.053 6
0.0531 6
0.0532 6
0.0533 6
0.0534 6
0.0535 6
0.0536 6
0.0537 6
0.0538 6
0.0539 6
0.054 6
0.0541 6
0.0542 6
0.0543 7
0.0544 7
0.0545 7
0.0546 7
0.0547 7
0.0548 7
0.0549 6
0.055 6
0.0551 6
0.0552 6
0.0553 6
0.0554 6
0.0555 7
0.0556 7
0.0557 7
0.0558 7
0.0559 7
0.056 7
0.0561 7
0.0562 7
0.0563 6
0.0564 6
0.0565 6
0.0566 6
0.0567 6
0.0568 6
0.0569 6
0.057 6
0.0571 6
0.0572 6
0.0573 6
0.0574 7
0.0575 7
0.0576 7
0.0577 7
0.0578 7
0.0579 7
0.058 7
0.0581 7
0.0582 8
0.0583 8
0.0584 8
0.0585 8
0.0586 8
0.0587 8
0.0588 8
0.0589 8
0.059 8
0.0591 8
0.0592 7
0.0593 7
0.0594 7
0.0595 7
0.0596 7
0.0597 7
0.0598 7
0.0599 7
0.06 7
0.0601 7
0.0602 7
0.0603 7
0.0604 7
0.0605 7
0.0606 7
0.0607 7
0.0608 7
0.0609 7
0.061 7
0.0611 7
0.0612 7
0.0613 7
0.0614 7
0.0615 7
0.0616 7
0.0617 7
0.0618 7
0.0619 7
0.062 7
0.0621 7
0.0622 7
0.0623 7
0.0624 7
0.0625 7
0.0626 7
0.0627 7
0.0628 7
0.0629 7
0.063 7
0.0631 8
0.0632 8
0.0633 8
0.0634 8
0.0635 8
0.0636 8
0.0637 8
0.0638 8
0.0639 8
0.064 9
0.0641 9
0.0642 9
0.0643 9
0.0644 9
0.0645 9
0.0646 9
0.0647 8
0.0648 8
0.0649 8
0.065 8
0.0651 8
0.0652 7
0.0653 7
0.0654 7
0.0655 6
0.0656 6
0.0657 6
0.0658 6
0.0659 6
0.066 6
0.0661 6
0.0662 6
0.0663 6
0.0664 6
0.0665 6
0.0666 6
0.0667 5
0.0668 5
0.0669 5
0.067 5
0.0671 5
0.0672 5
0.0673 5
0.0674 5
0.0675 5
0.0676 5
0.0677 5
0.0678 5
0.0679 5
0.068 5
0.0681 5
0.0682 5
0.0683 5
0.0684 5
0.0685 5
0.0686 5
0.0687 5
0.0688 5
0.0689 5
0.069 5
0.0691 3
0.0692 3
0.0693 3
0.0694 4
0.0695 4
0.0696 5
0.0697 5
0.0698 5
0.0699 5
0.07 5
0.0701 5
0.0702 5
0.0703 5
0.0704 5
0.0705 5
0.0706 5
0.0707 5
0.0708 5
0.0709 5
0.071 5
0.0711 5
0.0712 5
0.0713 5
0.0714 5
0.0715 6
0.0716 6
0.0717 6
0.0718 5
0.0719 5
0.072 5
0.0721 5
0.0722 5
0.0723 5
0.0724 5
0.0725 5
0.0726 5
0.0727 5
0.0728 5
0.0729 5
0.073 5
0.0731 6
0.0732 6
0.0733 6
0.0734 6
0.0735 6
0.0736 6
0.0737 6
0.0738 6
0.0739 6
0.074 6
0.0741 6
0.0742 6
0.0743 6
0.0744 6
0.0745 6
0.0746 6
0.0747 6
0.0748 6
0.0749 6
0.075 6
0.0751 6
0.0752 6
0.0753 6
0.0754 6
0.0755 6
0.0756 6
0.0757 6
0.0758 6
0.0759 6
0.076 6
0.0761 6
0.0762 6
0.0763 6
0.0764 7
0.0765 7
0.0766 7
0.0767 7
0.0768 7
0.0769 8
0.077 8
0.0771 8
0.0772 8
0.0773 8
0.0774 8
0.0775 8
0.0776 8
0.0777 8
0.0778 8
0.0779 8
0.078 8
0.0781 8
0.0782 8
0.0783 9
0.0784 9
0.0785 9
0.0786 8
0.0787 8
0.0788 8
0.0789 8
0.079 8
0.0791 8
0.0792 8
0.0793 8
0.0794 8
0.0795 8
0.0796 8
0.0797 9
0.0798 9
0.0799 9
0.08 9
0.0801 9
0.0802 9
0.0803 9
0.0804 9
0.0805 10
0.0806 10
0.0807 10
0.0808 10
0.0809 11
0.081 11
0.0811 11
0.0812 11
0.0813 11
0.0814 11
0.0815 11
0.0816 11
0.0817 11
0.0818 11
0.0819 10
0.082 10
0.0821 10
0.0822 10
0.0823 10
0.0824 10
0.0825 10
0.0826 10
0.0827 10
0.0828 10
0.0829 10
0.083 10
0.0831 10
0.0832 10
0.0833 10
0.0834 10
0.0835 10
0.0836 10
0.0837 10
0.0838 10
0.0839 10
0.084 10
0.0841 10
0.0842 10
0.0843 10
0.0844 9
0.0845 10
0.0846 10
0.0847 10
0.0848 10
0.0849 10
0.085 10
0.0851 10
0.0852 10
0.0853 10
0.0854 10
0.0855 10
0.0856 10
0.0857 10
0.0858 10
0.0859 10
0.086 9
0.0861 9
0.0862 9
0.0863 9
0.0864 9
0.0865 9
0.0866 9
0.0867 9
0.0868 8
0.0869 8
0.087 8
0.0871 9
0.0872 9
0.0873 9
0.0874 10
0.0875 10
0.0876 10
0.0877 10
0.0878 10
0.0879 10
0.088 10
0.0881 10
0.0882 10
0.0883 10
0.0884 10
0.0885 9
0.0886 9
0.0887 9
0.0888 9
0.0889 9
0.089 9
0.0891 9
0.0892 9
0.0893 9
0.0894 9
0.0895 9
0.0896 9
0.0897 9
0.0898 9
0.0899 9
0.09 8
0.0901 8
0.0902 8
0.0903 7
0.0904 7
0.0905 7
0.0906 7
0.0907 7
0.0908 7
0.0909 7
0.091 7
0.0911 7
0.0912 7
0.0913 7
0.0914 7
0.0915 7
0.0916 7
0.0917 7
0.0918 7
0.0919 7
0.092 7
0.0921 7
0.0922 7
0.0923 8
0.0924 8
0.0925 8
0.0926 8
0.0927 8
0.0928 8
0.0929 8
0.093 8
0.0931 8
0.0932 8
0.0933 8
0.0934 8
0.0935 8
0.0936 8
0.0937 8
0.0938 8
0.0939 8
0.094 8
0.0941 8
0.0942 8
0.0943 7
0.0944 7
0.0945 7
0.0946 7
0.0947 7
0.0948 7
0.0949 7
0.095 7
0.0951 7
0.0952 7
0.0953 7
0.0954 7
0.0955 7
0.0956 7
0.0957 7
0.0958 7
0.0959 7
0.096 7
0.0961 7
0.0962 7
0.0963 7
0.0964 7
0.0965 7
0.0966 7
0.0967 7
0.0968 7
0.0969 7
0.097 7
0.0971 7
0.0972 7
0.0973 7
0.0974 7
0.0975 7
0.0976 7
0.0977 7
0.0978 7
0.0979 7
0.098 7
0.0981 7
0.0982 7
0.0983 7
0.0984 7
0.0985 7
0.0986 7
0.0987 7
0.0988 7
0.0989 7
0.099 7
0.0991 7
0.0992 8
0.0993 8
0.0994 8
0.0995 8
0.0996 8
0.0997 8
0.0998 8
0.0999 8
0.1 8
