0 0
0.0001 0
0.0002 0
0.0003 0
0.0004 0
0.0005 0
0.0006 0
0.0007 0
0.0008 0
0.0009 0
0.001 0
0.0011 0
0.0012 0
0.0013 0
0.0014 0
0.0015 0
0.0016 0
0.0017 0
0.0018 1
0.0019 0
0.002 0
0.0021 0
0.0022 0
0.0023 0
0.0024 0
0.0025 0
0.0026 0
0.0027 0
0.0028 0
0.0029 0
0.003 1
0.0031 0
0.0032 4
0.0033 0
0.0034 0
0.0035 0
0.0036 0
0.0037 0
0.0038 0
0.0039 1
0.004 0
0.0041 0
0.0042 0
0.0043 0
0.0044 0
0.0045 0
0.0046 0
0.0047 0
0.0048 1
0.0049 0
0.005 1
0.0051 1
0.0052 0
0.0053 0
0.0054 1
0.0055 1
0.0056 0
0.0057 0
0.0058 0
0.0059 1
0.006 0
0.0061 1
0.0062 0
0.0063 0
0.0064 0
0.0065 0
0.0066 1
0.0067 0
0.0068 1
0.0069 0
0.007 0
0.0071 0
0.0072 1
0.0073 0
0.0074 2
0.0075 0
0.0076 1
0.0077 1
0.0078 1
0.0079 0
0.008 0
0.0081 0
0.0082 0
0.0083 0
0.0084 0
0.0085 0
0.0086 1
0.0087 2
0.0088 0
0.0089 0
0.009 0
0.0091 2
0.0092 0
0.0093 0
0.0094 0
0.0095 1
0.0096 1
0.0097 1
0.0098 0
0.0099 2
0.01 1
0.0101 0
0.0102 0
0.0103 1
0.0104 2
0.0105 1
0.0106 0
0.0107 1
0.0108 1
0.0109 0
0.011 2
0.0111 0
0.0112 2
0.0113 0
0.0114 0
0.0115 1
0.0116 0
0.0117 1
0.0118 1
0.0119 0
0.012 1
0.0121 0
0.0122 2
0.0123 3
0.0124 0
0.0125 1
0.0126 2
0.0127 3
0.0128 1
0.0129 2
0.013 1
0.0131 0
0.0132 3
0.0133 0
0.0134 1
0.0135 1
0.0136 2
0.0137 1
0.0138 2
0.0139 2
0.014 0
0.0141 2
0.0142 1
0.0143 0
0.0144 0
0.0145 0
0.0146 2
0.0147 1
0.0148 1
0.0149 0
0.015 0
0.0151 2
0.0152 3
0.0153 2
0.0154 0
0.0155 1
0.0156 2
0.0157 2
0.0158 0
0.0159 1
0.016 1
0.0161 2
0.0162 2
0.0163 0
0.0164 1
0.0165 1
0.0166 1
0.0167 3
0.0168 2
0.0169 0
0.017 1
0.0171 3
0.0172 3
0.0173 2
0.0174 1
0.0175 1
0.0176 1
0.0177 0
0.0178 2
0.0179 3
0.018 2
0.0181 0
0.0182 5
0.0183 2
0.0184 2
0.0185 1
0.0186 1
0.0187 0
0.0188 2
0.0189 3
0.019 2
0.0191 4
0.0192 3
0.0193 4
0.0194 4
0.0195 2
0.0196 2
0.0197 3
0.0198 4
0.0199 1
0.02 1
0.0201 1
0.0202 1
0.0203 2
0.0204 8
0.0205 3
0.0206 5
0.0207 6
0.0208 6
0.0209 4
0.021 2
0.0211 2
0.0212 4
0.0213 3
0.0214 3
0.0215 4
0.0216 8
0.0217 4
0.0218 2
0.0219 3
0.022 10
0.0221 4
0.0222 6
0.0223 1
0.0224 5
0.0225 6
0.0226 6
0.0227 1
0.0228 5
0.0229 2
0.023 6
0.0231 3
0.0232 6
0.0233 0
0.0234 4
0.0235 3
0.0236 4
0.0237 6
0.0238 3
0.0239 4
0.024 6
0.0241 3
0.0242 6
0.0243 2
0.0244 7
0.0245 5
0.0246 4
0.0247 8
0.0248 7
0.0249 8
0.025 5
0.0251 3
0.0252 5
0.0253 5
0.0254 7
0.0255 6
0.0256 8
0.0257 9
0.0258 5
0.0259 5
0.026 5
0.0261 1
0.0262 7
0.0263 9
0.0264 8
0.0265 11
0.0266 6
0.0267 4
0.0268 1
0.0269 9
0.027 8
0.0271 8
0.0272 8
0.0273 12
0.0274 14
0.0275 10
0.0276 13
0.0277 17
0.0278 7
0.0279 9
0.028 10
0.0281 14
0.0282 15
0.0283 12
0.0284 15
0.0285 15
0.0286 25
0.0287 23
0.0288 29
0.0289 46
0.029 42
0.0291 59
0.0292 63
0.0293 87
0.0294 114
0.0295 151
0.0296 196
0.0297 242
0.0298 266
0.0299 300
0.03 356
0.0301 389
0.0302 433
0.0303 460
0.0304 495
0.0305 518
0.0306 550
0.0307 582
0.0308 611
0.0309 640
0.031 666
0.0311 685
0.0312 711
0.0313 734
0.0314 763
0.0315 804
0.0316 825
0.0317 840
0.0318 859
0.0319 878
0.032 901
0.0321 922
0.0322 943
0.0323 946
0.0324 966
0.0325 990
0.0326 1009
0.0327 1023
0.0328 1037
0.0329 1053
0.033 1079
0.0331 1088
0.0332 1100
0.0333 1126
0.0334 1133
0.0335 1151
0.0336 1161
0.0337 1170
0.0338 1178
0.0339 1177
0.034 1180
0.0341 1189
0.0342 1206
0.0343 1221
0.0344 1238
0.0345 1251
0.0346 1262
0.0347 1275
0.0348 1283
0.0349 1301
0.035 1311
0.0351 1312
0.0352 1314
0.0353 1319
0.0354 1323
0.0355 1330
0.0356 1336
0.0357 1337
0.0358 1333
0.0359 1330
0.036 1318
0.0361 1320
0.0362 1321
0.0363 1321
0.0364 1317
0.0365 1323
0.0366 1322
0.0367 1326
0.0368 1325
0.0369 1324
0.037 1320
0.0371 1331
0.0372 1334
0.0373 1339
0.0374 1343
0.0375 1349
0.0376 1347
0.0377 1338
0.0378 1343
0.0379 1337
0.038 1339
0.0381 1328
0.0382 1324
0.0383 1321
0.0384 1321
0.0385 1323
0.0386 1323
0.0387 1324
0.0388 1327
0.0389 1319
0.039 1311
0.0391 1314
0.0392 1315
0.0393 1317
0.0394 1324
0.0395 1321
0.0396 1322
0.0397 1314
0.0398 1305
0.0399 1299
0.04 1288
0.0401 1284
0.0402 1283
0.0403 1282
0.0404 1279
0.0405 1278
0.0406 1280
0.0407 1278
0.0408 1272
0.0409 1267
0.041 1257
0.0411 1237
0.0412 1230
0.0413 1218
0.0414 1214
0.0415 1214
0.0416 1215
0.0417 1212
0.0418 1215
0.0419 1215
0.042 1215
0.0421 1210
0.0422 1207
0.0423 1197
0.0424 1193
0.0425 1186
0.0426 1176
0.0427 1179
0.0428 1178
0.0429 1177
0.043 1165
0.0431 1153
0.0432 1147
0.0433 1149
0.0434 1142
0.0435 1138
0.0436 1141
0.0437 1140
0.0438 1130
0.0439 1129
0.044 1127
0.0441 1123
0.0442 1113
0.0443 1111
0.0444 1112
0.0445 1114
0.0446 1105
0.0447 1102
0.0448 1099
0.0449 1101
0.045 1097
0.0451 1090
0.0452 1090
0.0453 1089
0.0454 1083
0.0455 1081
0.0456 1077
0.0457 1072
0.0458 1069
0.0459 1063
0.046 1054
0.0461 1049
0.0462 1032
0.0463 1015
0.0464 1005
0.0465 993
0.0466 988
0.0467 988
0.0468 985
0.0469 983
0.047 974
0.0471 970
0.0472 971
0.0473 977
0.0474 972
0.0475 964
0.0476 963
0.0477 963
0.0478 963
0.0479 963
0.048 958
0.0481 950
0.0482 942
0.0483 939
0.0484 931
0.0485 918
0.0486 913
0.0487 911
0.0488 904
0.0489 904
0.049 904
0.0491 897
0.0492 888
0.0493 887
0.0494 879
0.0495 860
0.0496 846
0.0497 834
0.0498 812
0.0499 792
0.05 777
0.0501 755
0.0502 737
0.0503 718
0.0504 697
0.0505 683
0.0506 679
0.0507 666
0.0508 666
0.0509 655
0.051 652
0.0511 653
0.0512 650
0.0513 649
0.0514 639
0.0515 638
0.0516 644
0.0517 640
0.0518 639
0.0519 644
0.052 646
0.0521 642
0.0522 634
0.0523 632
0.0524 622
0.0525 617
0.0526 615
0.0527 614
0.0528 607
0.0529 599
0.053 592
0.0531 593
0.0532 595
0.0533 593
0.0534 594
0.0535 592
0.0536 591
0.0537 594
0.0538 596
0.0539 610
0.054 619
0.0541 621
0.0542 624
0.0543 620
0.0544 613
0.0545 606
0.0546 615
0.0547 604
0.0548 599
0.0549 589
0.055 575
0.0551 568
0.0552 565
0.0553 557
0.0554 555
0.0555 558
0.0556 556
0.0557 550
0.0558 542
0.0559 530
0.056 523
0.0561 525
0.0562 526
0.0563 525
0.0564 522
0.0565 525
0.0566 527
0.0567 529
0.0568 532
0.0569 535
0.057 539
0.0571 539
0.0572 545
0.0573 542
0.0574 537
0.0575 543
0.0576 546
0.0577 549
0.0578 550
0.0579 551
0.058 553
0.0581 557
0.0582 556
0.0583 556
0.0584 556
0.0585 558
0.0586 558
0.0587 563
0.0588 568
0.0589 570
0.059 573
0.0591 575
0.0592 576
0.0593 575
0.0594 576
0.0595 571
0.0596 568
0.0597 567
0.0598 568
0.0599 557
0.06 549
0.0601 543
0.0602 540
0.0603 531
0.0604 519
0.0605 514
0.0606 510
0.0607 505
0.0608 508
0.0609 499
0.061 498
0.0611 498
0.0612 502
0.0613 494
0.0614 494
0.0615 491
0.0616 488
0.0617 475
0.0618 474
0.0619 471
0.062 460
0.0621 441
0.0622 440
0.0623 437
0.0624 433
0.0625 428
0.0626 418
0.0627 403
0.0628 402
0.0629 391
0.063 387
0.0631 382
0.0632 379
0.0633 377
0.0634 379
0.0635 375
0.0636 386
0.0637 382
0.0638 391
0.0639 391
0.064 388
0.0641 393
0.0642 400
0.0643 405
0.0644 414
0.0645 419
0.0646 416
0.0647 411
0.0648 416
0.0649 418
0.065 414
0.0651 413
0.0652 414
0.0653 417
0.0654 422
0.0655 425
0.0656 426
0.0657 423
0.0658 422
0.0659 423
0.066 425
0.0661 422
0.0662 416
0.0663 414
0.0664 413
0.0665 411
0.0666 411
0.0667 413
0.0668 411
0.0669 417
0.067 409
0.0671 410
0.0672 399
0.0673 394
0.0674 389
0.0675 388
0.0676 378
0.0677 374
0.0678 374
0.0679 372
0.068 372
0.0681 373
0.0682 371
0.0683 371
0.0684 370
0.0685 369
0.0686 358
0.0687 352
0.0688 351
0.0689 348
0.069 349
0.0691 337
0.0692 336
0.0693 336
0.0694 330
0.0695 326
0.0696 329
0.0697 327
0.0698 324
0.0699 322
0.07 317
0.0701 318
0.0702 322
0.0703 325
0.0704 316
0.0705 314
0.0706 309
0.0707 297
0.0708 290
0.0709 274
0.071 263
0.0711 257
0.0712 250
0.0713 243
0.0714 241
0.0715 236
0.0716 232
0.0717 231
0.0718 229
0.0719 224
0.072 225
0.0721 221
0.0722 218
0.0723 220
0.0724 216
0.0725 215
0.0726 221
0.0727 215
0.0728 218
0.0729 217
0.073 211
0.0731 201
0.0732 193
0.0733 187
0.0734 190
0.0735 190
0.0736 185
0.0737 192
0.0738 200
0.0739 200
0.074 203
0.0741 208
0.0742 211
0.0743 210
0.0744 217
0.0745 219
0.0746 211
0.0747 205
0.0748 202
0.0749 203
0.075 201
0.0751 201
0.0752 201
0.0753 196
0.0754 196
0.0755 199
0.0756 192
0.0757 188
0.0758 188
0.0759 184
0.076 181
0.0761 177
0.0762 175
0.0763 179
0.0764 181
0.0765 182
0.0766 180
0.0767 187
0.0768 190
0.0769 188
0.077 187
0.0771 194
0.0772 196
0.0773 191
0.0774 188
0.0775 192
0.0776 189
0.0777 188
0.0778 182
0.0779 187
0.078 182
0.0781 177
0.0782 169
0.0783 154
0.0784 147
0.0785 149
0.0786 148
0.0787 153
0.0788 150
0.0789 145
0.079 138
0.0791 132
0.0792 131
0.0793 124
0.0794 119
0.0795 123
0.0796 114
0.0797 116
0.0798 114
0.0799 114
0.08 109
0.0801 103
0.0802 101
0.0803 98
0.0804 93
0.0805 89
0.0806 90
0.0807 86
0.0808 82
0.0809 87
0.081 83
0.0811 72
0.0812 68
0.0813 65
0.0814 64
0.0815 67
0.0816 73
0.0817 76
0.0818 75
0.0819 75
0.082 76
0.0821 84
0.0822 76
0.0823 69
0.0824 61
0.0825 55
0.0826 47
0.0827 37
0.0828 32
0.0829 19
0.083 18
0.0831 28
0.0832 16
0.0833 19
0.0834 18
0.0835 20
0.0836 21
0.0837 17
0.0838 19
0.0839 22
0.084 28
0.0841 28
0.0842 31
0.0843 41
0.0844 42
0.0845 36
0.0846 40
0.0847 43
0.0848 47
0.0849 45
0.085 50
0.0851 49
0.0852 49
0.0853 46
0.0854 45
0.0855 58
0.0856 55
0.0857 48
0.0858 45
0.0859 39
0.086 32
0.0861 36
0.0862 35
0.0863 35
0.0864 37
0.0865 37
0.0866 43
0.0867 42
0.0868 42
0.0869 46
0.087 47
0.0871 42
0.0872 38
0.0873 43
0.0874 49
0.0875 55
0.0876 62
0.0877 64
0.0878 57
0.0879 63
0.088 46
0.0881 30
0.0882 29
0.0883 32
0.0884 20
0.0885 28
0.0886 25
0.0887 25
0.0888 33
0.0889 29
0.089 35
0.0891 35
0.0892 31
0.0893 33
0.0894 37
0.0895 32
0.0896 24
0.0897 13
0.0898 16
0.0899 14
0.09 9
0.0901 3
0.0902 7
0.0903 9
0.0904 10
0.0905 13
0.0906 8
0.0907 7
0.0908 6
0.0909 7
0.091 7
0.0911 11
0.0912 8
0.0913 10
0.0914 7
0.0915 6
0.0916 3
0.0917 3
0.0918 3
0.0919 2
0.092 3
0.0921 7
0.0922 1
0.0923 4
0.0924 2
0.0925 0
0.0926 3
0.0927 1
0.0928 3
0.0929 2
0.093 1
0.0931 1
0.0932 1
0.0933 0
0.0934 1
0.0935 4
0.0936 1
0.0937 2
0.0938 2
0.0939 2
0.094 0
0.0941 0
0.0942 1
0.0943 0
0.0944 1
0.0945 2
0.0946 0
0.0947 0
0.0948 0
0.0949 1
0.095 0
0.0951 1
0.0952 0
0.0953 2
0.0954 3
0.0955 1
0.0956 0
0.0957 0
0.0958 2
0.0959 1
0.096 2
0.0961 1
0.0962 2
0.0963 2
0.0964 0
0.0965 3
0.0966 1
0.0967 1
0.0968 1
0.0969 1
0.097 1
0.0971 2
0.0972 4
0.0973 1
0.0974 2
0.0975 2
0.0976 2
0.0977 3
0.0978 2
0.0979 1
0.098 1
0.0981 1
0.0982 0
0.0983 3
0.0984 1
0.0985 0
0.0986 5
0.0987 2
0.0988 1
0.0989 2
0.099 2
0.0991 1
0.0992 4
0.0993 2
0.0994 0
0.0995 1
0.0996 2
0.0997 2
0.0998 2
0.0999 4
0.1 2
0.1001 2
0.1002 2
0.1003 1
0.1004 0
0.1005 2
0.1006 1
0.1007 3
0.1008 0
0.1009 3
0.101 3
0.1011 1
0.1012 1
0.1013 0
0.1014 4
0.1015 1
0.1016 2
0.1017 6
0.1018 3
0.1019 3
0.102 5
0.1021 2
0.1022 1
0.1023 3
0.1024 2
0.1025 4
0.1026 4
0.1027 2
0.1028 3
0.1029 0
0.103 2
0.1031 0
0.1032 4
0.1033 4
0.1034 6
0.1035 2
0.1036 4
0.1037 6
0.1038 1
0.1039 6
0.104 7
0.1041 4
0.1042 3
0.1043 3
0.1044 2
0.1045 5
0.1046 4
0.1047 2
0.1048 3
0.1049 2
0.105 2
0.1051 6
0.1052 0
0.1053 6
0.1054 5
0.1055 4
0.1056 6
0.1057 4
0.1058 9
0.1059 2
0.106 6
0.1061 6
0.1062 5
0.1063 9
0.1064 2
0.1065 8
0.1066 3
0.1067 3
0.1068 6
0.1069 4
0.107 6
0.1071 0
0.1072 15
0.1073 8
0.1074 4
0.1075 5
0.1076 7
0.1077 9
0.1078 8
0.1079 6
0.108 4
0.1081 6
0.1082 11
0.1083 7
0.1084 3
0.1085 6
0.1086 7
0.1087 12
0.1088 11
0.1089 8
0.109 7
0.1091 8
0.1092 16
0.1093 6
0.1094 13
0.1095 10
0.1096 10
0.1097 18
0.1098 8
0.1099 13
0.11 14
0.1101 11
0.1102 8
0.1103 10
0.1104 8
0.1105 4
0.1106 4
0.1107 6
0.1108 11
0.1109 11
0.111 15
0.1111 15
0.1112 17
0.1113 15
0.1114 21
0.1115 11
0.1116 16
0.1117 23
0.1118 37
0.1119 21
0.112 35
0.1121 38
0.1122 49
0.1123 46
0.1124 62
0.1125 80
0.1126 96
0.1127 101
0.1128 114
0.1129 123
0.113 141
0.1131 177
0.1132 205
0.1133 244
0.1134 294
0.1135 325
0.1136 378
0.1137 415
0.1138 446
0.1139 477
0.114 517
0.1141 560
0.1142 587
0.1143 620
0.1144 650
0.1145 687
0.1146 719
0.1147 740
0.1148 762
0.1149 795
0.115 821
0.1151 846
0.1152 887
0.1153 907
0.1154 935
0.1155 963
0.1156 979
0.1157 1002
0.1158 1033
0.1159 1058
0.116 1077
0.1161 1094
0.1162 1111
0.1163 1134
0.1164 1157
0.1165 1168
0.1166 1192
0.1167 1194
0.1168 1206
0.1169 1214
0.117 1227
0.1171 1229
0.1172 1241
0.1173 1252
0.1174 1252
0.1175 1261
0.1176 1267
0.1177 1264
0.1178 1270
0.1179 1294
0.118 1307
0.1181 1313
0.1182 1323
0.1183 1326
0.1184 1327
0.1185 1338
0.1186 1340
0.1187 1351
0.1188 1355
0.1189 1366
0.119 1374
0.1191 1383
0.1192 1393
0.1193 1402
0.1194 1397
0.1195 1396
0.1196 1390
0.1197 1394
0.1198 1404
0.1199 1404
0.12 1406
0.1201 1413
0.1202 1414
0.1203 1412
0.1204 1421
0.1205 1427
0.1206 1432
0.1207 1434
0.1208 1430
0.1209 1430
0.121 1435
0.1211 1436
0.1212 1435
0.1213 1439
0.1214 1438
0.1215 1437
0.1216 1443
0.1217 1442
0.1218 1437
0.1219 1439
0.122 1433
0.1221 1438
0.1222 1429
0.1223 1434
0.1224 1423
0.1225 1423
0.1226 1412
0.1227 1411
0.1228 1409
0.1229 1403
0.123 1399
0.1231 1403
0.1232 1405
0.1233 1413
0.1234 1403
0.1235 1405
0.1236 1408
0.1237 1397
0.1238 1391
0.1239 1383
0.124 1383
0.1241 1380
0.1242 1364
0.1243 1361
0.1244 1346
0.1245 1342
0.1246 1330
0.1247 1324
0.1248 1333
0.1249 1329
0.125 1316
0.1251 1308
0.1252 1292
0.1253 1283
0.1254 1282
0.1255 1277
0.1256 1270
0.1257 1267
0.1258 1251
0.1259 1240
0.126 1228
0.1261 1231
0.1262 1230
0.1263 1231
0.1264 1229
0.1265 1229
0.1266 1232
0.1267 1235
0.1268 1234
0.1269 1234
0.127 1228
0.1271 1229
0.1272 1228
0.1273 1224
0.1274 1226
0.1275 1211
0.1276 1209
0.1277 1209
0.1278 1206
0.1279 1200
0.128 1192
0.1281 1187
0.1282 1183
0.1283 1169
0.1284 1157
0.1285 1150
0.1286 1147
0.1287 1143
0.1288 1140
0.1289 1141
0.129 1133
0.1291 1126
0.1292 1122
0.1293 1127
0.1294 1124
0.1295 1120
0.1296 1120
0.1297 1115
0.1298 1109
0.1299 1101
0.13 1104
0.1301 1099
0.1302 1090
0.1303 1091
0.1304 1079
0.1305 1069
0.1306 1056
0.1307 1061
0.1308 1053
0.1309 1044
0.131 1041
0.1311 1042
0.1312 1037
0.1313 1030
0.1314 1030
0.1315 1021
0.1316 1009
0.1317 1006
0.1318 996
0.1319 990
0.132 987
0.1321 981
0.1322 972
0.1323 969
0.1324 961
0.1325 959
0.1326 953
0.1327 946
0.1328 946
0.1329 937
0.133 932
0.1331 922
0.1332 927
0.1333 929
0.1334 930
0.1335 928
0.1336 918
0.1337 908
0.1338 907
0.1339 875
0.134 835
0.1341 805
0.1342 795
0.1343 777
0.1344 767
0.1345 758
0.1346 749
0.1347 752
0.1348 747
0.1349 746
0.135 751
0.1351 758
0.1352 763
0.1353 764
0.1354 769
0.1355 768
0.1356 768
0.1357 771
0.1358 773
0.1359 765
0.136 763
0.1361 757
0.1362 752
0.1363 751
0.1364 740
0.1365 731
0.1366 725
0.1367 726
0.1368 723
0.1369 717
0.137 715
0.1371 707
0.1372 693
0.1373 692
0.1374 684
0.1375 680
0.1376 677
0.1377 672
0.1378 668
0.1379 667
0.138 669
0.1381 661
0.1382 665
0.1383 662
0.1384 664
0.1385 669
0.1386 674
0.1387 676
0.1388 679
0.1389 676
0.139 679
0.1391 677
0.1392 677
0.1393 675
0.1394 677
0.1395 676
0.1396 683
0.1397 678
0.1398 676
0.1399 676
0.14 677
0.1401 676
0.1402 682
0.1403 682
0.1404 681
0.1405 684
0.1406 687
0.1407 685
0.1408 681
0.1409 683
0.141 673
0.1411 676
0.1412 679
0.1413 667
0.1414 659
0.1415 650
0.1416 642
0.1417 642
0.1418 638
0.1419 643
0.142 639
0.1421 638
0.1422 643
0.1423 641
0.1424 642
0.1425 640
0.1426 640
0.1427 641
0.1428 633
0.1429 631
0.143 624
0.1431 604
0.1432 600
0.1433 598
0.1434 591
0.1435 587
0.1436 585
0.1437 581
0.1438 574
0.1439 568
0.144 570
0.1441 558
0.1442 561
0.1443 563
0.1444 564
0.1445 554
0.1446 549
0.1447 550
0.1448 545
0.1449 550
0.145 553
0.1451 551
0.1452 545
0.1453 543
0.1454 542
0.1455 540
0.1456 541
0.1457 542
0.1458 538
0.1459 537
0.146 532
0.1461 535
0.1462 532
0.1463 534
0.1464 538
0.1465 537
0.1466 539
0.1467 541
0.1468 540
0.1469 531
0.147 532
0.1471 532
0.1472 524
0.1473 521
0.1474 522
0.1475 518
0.1476 518
0.1477 516
0.1478 512
0.1479 510
0.148 504
0.1481 502
0.1482 499
0.1483 494
0.1484 489
0.1485 486
0.1486 488
0.1487 492
0.1488 492
0.1489 491
0.149 490
0.1491 492
0.1492 488
0.1493 483
0.1494 478
0.1495 478
0.1496 481
0.1497 483
0.1498 481
0.1499 477
0.15 474
0.1501 471
0.1502 465
0.1503 468
0.1504 468
0.1505 467
0.1506 463
0.1507 464
0.1508 459
0.1509 455
0.151 442
0.1511 441
0.1512 434
0.1513 429
0.1514 425
0.1515 426
0.1516 427
0.1517 429
0.1518 430
0.1519 432
0.152 431
0.1521 424
0.1522 427
0.1523 428
0.1524 431
0.1525 439
0.1526 439
0.1527 437
0.1528 439
0.1529 436
0.153 437
0.1531 438
0.1532 439
0.1533 437
0.1534 434
0.1535 434
0.1536 431
0.1537 429
0.1538 426
0.1539 420
0.154 418
0.1541 417
0.1542 415
0.1543 415
0.1544 412
0.1545 416
0.1546 411
0.1547 413
0.1548 409
0.1549 404
0.155 400
0.1551 399
0.1552 397
0.1553 399
0.1554 390
0.1555 384
0.1556 379
0.1557 378
0.1558 378
0.1559 377
0.156 376
0.1561 377
0.1562 371
0.1563 372
0.1564 368
0.1565 363
0.1566 364
0.1567 361
0.1568 358
0.1569 359
0.157 359
0.1571 351
0.1572 342
0.1573 340
0.1574 334
0.1575 333
0.1576 327
0.1577 324
0.1578 312
0.1579 304
0.158 304
0.1581 303
0.1582 299
0.1583 299
0.1584 296
0.1585 290
0.1586 280
0.1587 275
0.1588 273
0.1589 258
0.159 255
0.1591 255
0.1592 257
0.1593 255
0.1594 250
0.1595 250
0.1596 249
0.1597 241
0.1598 243
0.1599 238
0.16 234
0.1601 231
0.1602 234
0.1603 234
0.1604 236
0.1605 237
0.1606 241
0.1607 235
0.1608 237
0.1609 238
0.161 242
0.1611 243
0.1612 248
0.1613 244
0.1614 241
0.1615 240
0.1616 233
0.1617 235
0.1618 238
0.1619 238
0.162 236
0.1621 234
0.1622 240
0.1623 240
0.1624 235
0.1625 229
0.1626 215
0.1627 225
0.1628 226
0.1629 225
0.163 224
0.1631 220
0.1632 220
0.1633 223
0.1634 225
0.1635 227
0.1636 231
0.1637 229
0.1638 231
0.1639 231
0.164 229
0.1641 223
0.1642 215
0.1643 200
0.1644 188
0.1645 172
0.1646 168
0.1647 172
0.1648 169
0.1649 163
0.165 160
0.1651 160
0.1652 163
0.1653 163
0.1654 167
0.1655 168
0.1656 173
0.1657 171
0.1658 175
0.1659 169
0.166 164
0.1661 164
0.1662 158
0.1663 155
0.1664 152
0.1665 150
0.1666 155
0.1667 147
0.1668 137
0.1669 129
0.167 126
0.1671 127
0.1672 126
0.1673 126
0.1674 123
0.1675 127
0.1676 134
0.1677 143
0.1678 145
0.1679 147
0.168 153
0.1681 154
0.1682 153
0.1683 159
0.1684 162
0.1685 159
0.1686 159
0.1687 150
0.1688 151
0.1689 146
0.169 140
0.1691 139
0.1692 146
0.1693 148
0.1694 143
0.1695 144
0.1696 143
0.1697 138
0.1698 137
0.1699 138
0.17 140
0.1701 142
0.1702 136
0.1703 119
0.1704 106
0.1705 104
0.1706 100
0.1707 100
0.1708 108
0.1709 110
0.171 112
0.1711 111
0.1712 108
0.1713 110
0.1714 111
0.1715 107
0.1716 103
0.1717 99
0.1718 100
0.1719 104
0.172 100
0.1721 103
0.1722 103
0.1723 105
0.1724 98
0.1725 101
0.1726 101
0.1727 100
0.1728 110
0.1729 113
0.173 123
0.1731 126
0.1732 130
0.1733 135
0.1734 136
0.1735 133
0.1736 134
0.1737 138
0.1738 140
0.1739 142
0.174 144
0.1741 144
0.1742 143
0.1743 144
0.1744 153
0.1745 152
0.1746 147
0.1747 153
0.1748 156
0.1749 150
0.175 146
0.1751 145
0.1752 145
0.1753 148
0.1754 148
0.1755 154
0.1756 155
0.1757 152
0.1758 153
0.1759 160
0.176 161
0.1761 163
0.1762 158
0.1763 159
0.1764 159
0.1765 159
0.1766 158
0.1767 147
0.1768 140
0.1769 132
0.177 127
0.1771 123
0.1772 123
0.1773 127
0.1774 131
0.1775 133
0.1776 136
0.1777 139
0.1778 139
0.1779 134
0.178 133
0.1781 139
0.1782 140
0.1783 141
0.1784 145
0.1785 150
0.1786 154
0.1787 152
0.1788 156
0.1789 147
0.179 144
0.1791 138
0.1792 134
0.1793 137
0.1794 136
0.1795 133
0.1796 132
0.1797 131
0.1798 131
0.1799 129
0.18 128
0.1801 129
0.1802 125
0.1803 112
0.1804 105
0.1805 96
0.1806 86
0.1807 66
0.1808 56
0.1809 44
0.181 26
0.1811 14
0.1812 10
0.1813 6
0.1814 5
0.1815 8
0.1816 6
0.1817 3
0.1818 4
0.1819 6
0.182 4
0.1821 3
0.1822 3
0.1823 3
0.1824 3
0.1825 2
0.1826 2
0.1827 3
0.1828 3
0.1829 1
0.183 2
0.1831 2
0.1832 0
0.1833 0
0.1834 2
0.1835 2
0.1836 0
0.1837 1
0.1838 0
0.1839 0
0.184 0
0.1841 1
0.1842 0
0.1843 1
0.1844 1
0.1845 0
0.1846 1
0.1847 1
0.1848 1
0.1849 0
0.185 0
0.1851 1
0.1852 1
0.1853 2
0.1854 0
0.1855 0
0.1856 3
0.1857 3
0.1858 0
0.1859 1
0.186 1
0.1861 1
0.1862 0
0.1863 1
0.1864 1
0.1865 3
0.1866 1
0.1867 1
0.1868 1
0.1869 3
0.187 1
0.1871 2
0.1872 2
0.1873 0
0.1874 0
0.1875 1
0.1876 2
0.1877 1
0.1878 1
0.1879 0
0.188 2
0.1881 2
0.1882 2
0.1883 0
0.1884 2
0.1885 0
0.1886 0
0.1887 0
0.1888 0
0.1889 1
0.189 2
0.1891 0
0.1892 0
0.1893 2
0.1894 2
0.1895 2
0.1896 2
0.1897 3
0.1898 0
0.1899 0
0.19 1
0.1901 5
0.1902 0
0.1903 2
0.1904 1
0.1905 2
0.1906 2
0.1907 4
0.1908 1
0.1909 1
0.191 3
0.1911 1
0.1912 2
0.1913 1
0.1914 1
0.1915 1
0.1916 2
0.1917 0
0.1918 0
0.1919 3
0.192 2
0.1921 1
0.1922 3
0.1923 4
0.1924 4
0.1925 1
0.1926 2
0.1927 3
0.1928 1
0.1929 0
0.193 3
0.1931 1
0.1932 2
0.1933 0
0.1934 1
0.1935 2
0.1936 4
0.1937 5
0.1938 3
0.1939 4
0.194 4
0.1941 3
0.1942 1
0.1943 0
0.1944 2
0.1945 3
0.1946 1
0.1947 1
0.1948 2
0.1949 1
0.195 0
0.1951 5
0.1952 2
0.1953 3
0.1954 2
0.1955 4
0.1956 1
0.1957 4
0.1958 1
0.1959 4
0.196 4
0.1961 1
0.1962 2
0.1963 4
0.1964 3
0.1965 2
0.1966 2
0.1967 1
0.1968 2
0.1969 3
0.197 1
0.1971 3
0.1972 3
0.1973 4
0.1974 4
0.1975 3
0.1976 6
0.1977 3
0.1978 2
0.1979 7
0.198 3
0.1981 3
0.1982 1
0.1983 2
0.1984 3
0.1985 3
0.1986 6
0.1987 6
0.1988 4
0.1989 5
0.199 2
0.1991 4
0.1992 5
0.1993 5
0.1994 4
0.1995 5
0.1996 7
0.1997 4
0.1998 4
0.1999 2
0.2 7
0.2001 6
0.2002 4
0.2003 4
0.2004 3
0.2005 3
0.2006 3
0.2007 8
0.2008 2
0.2009 2
0.201 5
0.2011 9
0.2012 8
0.2013 8
0.2014 4
0.2015 5
0.2016 7
0.2017 8
0.2018 9
0.2019 3
0.202 4
0.2021 8
0.2022 7
0.2023 8
0.2024 12
0.2025 5
0.2026 9
0.2027 8
0.2028 11
0.2029 9
0.203 10
0.2031 11
0.2032 10
0.2033 19
0.2034 16
0.2035 15
0.2036 10
0.2037 13
0.2038 14
0.2039 11
0.204 16
0.2041 33
0.2042 19
0.2043 27
0.2044 26
0.2045 37
0.2046 34
0.2047 36
0.2048 48
0.2049 57
0.205 89
0.2051 127
0.2052 151
0.2053 181
0.2054 206
0.2055 250
0.2056 296
0.2057 342
0.2058 372
0.2059 407
0.206 451
0.2061 484
0.2062 523
0.2063 545
0.2064 573
0.2065 608
0.2066 634
0.2067 649
0.2068 676
0.2069 705
0.207 718
0.2071 745
0.2072 771
0.2073 800
0.2074 835
0.2075 859
0.2076 879
0.2077 897
0.2078 913
0.2079 936
0.208 944
0.2081 952
0.2082 968
0.2083 997
0.2084 1015
0.2085 1032
0.2086 1048
0.2087 1069
0.2088 1085
0.2089 1094
0.209 1102
0.2091 1109
0.2092 1111
0.2093 1115
0.2094 1130
0.2095 1139
0.2096 1142
0.2097 1151
0.2098 1166
0.2099 1181
0.21 1184
0.2101 1193
0.2102 1205
0.2103 1213
0.2104 1229
0.2105 1230
0.2106 1244
0.2107 1255
0.2108 1261
0.2109 1270
0.211 1275
0.2111 1277
0.2112 1269
0.2113 1278
0.2114 1276
0.2115 1268
0.2116 1277
0.2117 1276
0.2118 1278
0.2119 1282
0.212 1290
0.2121 1299
0.2122 1303
0.2123 1305
0.2124 1305
0.2125 1305
0.2126 1301
0.2127 1304
0.2128 1308
0.2129 1315
0.213 1317
0.2131 1301
0.2132 1293
0.2133 1293
0.2134 1293
0.2135 1300
0.2136 1301
0.2137 1302
0.2138 1318
0.2139 1329
0.214 1327
0.2141 1331
0.2142 1329
0.2143 1324
0.2144 1324
0.2145 1323
0.2146 1316
0.2147 1315
0.2148 1306
0.2149 1302
0.215 1296
0.2151 1297
0.2152 1290
0.2153 1279
0.2154 1277
0.2155 1280
0.2156 1280
0.2157 1287
0.2158 1274
0.2159 1271
0.216 1268
0.2161 1261
0.2162 1263
0.2163 1258
0.2164 1253
0.2165 1244
0.2166 1245
0.2167 1237
0.2168 1236
0.2169 1228
0.217 1233
0.2171 1223
0.2172 1215
0.2173 1203
0.2174 1204
0.2175 1204
0.2176 1200
0.2177 1200
0.2178 1194
0.2179 1180
0.218 1178
0.2181 1173
0.2182 1168
0.2183 1165
0.2184 1171
0.2185 1167
0.2186 1167
0.2187 1160
0.2188 1160
0.2189 1144
0.219 1137
0.2191 1130
0.2192 1121
0.2193 1108
0.2194 1093
0.2195 1086
0.2196 1074
0.2197 1056
0.2198 1048
0.2199 1044
0.22 1041
0.2201 1041
0.2202 1037
0.2203 1030
0.2204 1028
0.2205 1028
0.2206 1027
0.2207 1019
0.2208 1013
0.2209 999
0.221 994
0.2211 988
0.2212 983
0.2213 974
0.2214 967
0.2215 957
0.2216 952
0.2217 947
0.2218 943
0.2219 935
0.222 930
0.2221 927
0.2222 915
0.2223 910
0.2224 904
0.2225 900
0.2226 897
0.2227 901
0.2228 900
0.2229 898
0.223 888
0.2231 885
0.2232 876
0.2233 877
0.2234 879
0.2235 882
0.2236 890
0.2237 891
0.2238 892
0.2239 897
0.224 895
0.2241 887
0.2242 875
0.2243 872
0.2244 867
0.2245 865
0.2246 858
0.2247 852
0.2248 846
0.2249 840
0.225 838
0.2251 834
0.2252 836
0.2253 832
0.2254 823
0.2255 827
0.2256 825
0.2257 823
0.2258 824
0.2259 813
0.226 811
0.2261 798
0.2262 794
0.2263 792
0.2264 787
0.2265 777
0.2266 770
0.2267 758
0.2268 758
0.2269 757
0.227 744
0.2271 739
0.2272 727
0.2273 714
0.2274 704
0.2275 705
0.2276 695
0.2277 684
0.2278 684
0.2279 679
0.228 670
0.2281 661
0.2282 664
0.2283 660
0.2284 652
0.2285 653
0.2286 649
0.2287 640
0.2288 634
0.2289 636
0.229 641
0.2291 646
0.2292 655
0.2293 654
0.2294 643
0.2295 626
0.2296 619
0.2297 610
0.2298 600
0.2299 594
0.23 590
0.2301 585
0.2302 589
0.2303 580
0.2304 578
0.2305 574
0.2306 566
0.2307 567
0.2308 570
0.2309 571
0.231 572
0.2311 565
0.2312 563
0.2313 565
0.2314 569
0.2315 571
0.2316 571
0.2317 571
0.2318 563
0.2319 556
0.232 549
0.2321 544
0.2322 548
0.2323 545
0.2324 545
0.2325 545
0.2326 538
0.2327 542
0.2328 543
0.2329 542
0.233 532
0.2331 535
0.2332 545
0.2333 548
0.2334 552
0.2335 545
0.2336 541
0.2337 535
0.2338 532
0.2339 518
0.234 511
0.2341 513
0.2342 510
0.2343 494
0.2344 484
0.2345 483
0.2346 475
0.2347 465
0.2348 456
0.2349 450
0.235 452
0.2351 448
0.2352 452
0.2353 454
0.2354 454
0.2355 454
0.2356 442
0.2357 440
0.2358 447
0.2359 445
0.236 442
0.2361 446
0.2362 442
0.2363 437
0.2364 439
0.2365 436
0.2366 429
0.2367 428
0.2368 428
0.2369 427
0.237 436
0.2371 433
0.2372 440
0.2373 441
0.2374 446
0.2375 457
0.2376 456
0.2377 460
0.2378 463
0.2379 461
0.238 457
0.2381 454
0.2382 449
0.2383 454
0.2384 449
0.2385 451
0.2386 453
0.2387 453
0.2388 452
0.2389 454
0.239 462
0.2391 462
0.2392 454
0.2393 446
0.2394 443
0.2395 439
0.2396 432
0.2397 428
0.2398 421
0.2399 415
0.24 407
0.2401 405
0.2402 398
0.2403 392
0.2404 392
0.2405 391
0.2406 394
0.2407 398
0.2408 406
0.2409 412
0.241 420
0.2411 418
0.2412 415
0.2413 416
0.2414 404
0.2415 409
0.2416 404
0.2417 405
0.2418 401
0.2419 394
0.242 396
0.2421 395
0.2422 395
0.2423 393
0.2424 390
0.2425 385
0.2426 391
0.2427 389
0.2428 381
0.2429 373
0.243 370
0.2431 372
0.2432 371
0.2433 374
0.2434 375
0.2435 375
0.2436 374
0.2437 372
0.2438 376
0.2439 378
0.244 375
0.2441 374
0.2442 370
0.2443 372
0.2444 377
0.2445 373
0.2446 380
0.2447 385
0.2448 389
0.2449 390
0.245 395
0.2451 396
0.2452 395
0.2453 389
0.2454 386
0.2455 386
0.2456 384
0.2457 383
0.2458 386
0.2459 394
0.246 397
0.2461 397
0.2462 398
0.2463 396
0.2464 391
0.2465 391
0.2466 391
0.2467 391
0.2468 387
0.2469 386
0.247 386
0.2471 381
0.2472 381
0.2473 375
0.2474 375
0.2475 368
0.2476 364
0.2477 354
0.2478 350
0.2479 343
0.248 344
0.2481 341
0.2482 341
0.2483 337
0.2484 332
0.2485 329
0.2486 327
0.2487 325
0.2488 323
0.2489 322
0.249 322
0.2491 321
0.2492 324
0.2493 319
0.2494 309
0.2495 307
0.2496 306
0.2497 309
0.2498 304
0.2499 296
0.25 302
