0 0
0.01 2
0.02 7
0.03 20
0.04 39
0.05 56
0.06 72
0.07 84
0.08 98
0.09 119
0.1 135
0.11 154
0.12 172
0.13 182
0.14 193
0.15 205
0.16 220
0.17 236
0.18 241
0.19 256
0.2 264
0.21 274
0.22 285
0.23 299
0.24 314
0.25 323
0.26 329
0.27 334
0.28 338
0.29 340
0.3 347
0.31 350
0.32 358
0.33 369
0.34 381
0.35 393
0.36 400
0.37 410
0.38 417
0.39 419
0.4 428
0.41 429
0.42 434
0.43 445
0.44 451
0.45 456
0.46 468
0.47 466
0.48 464
0.49 466
0.5 467
0.51 472
0.52 477
0.53 481
0.54 489
0.55 492
0.56 496
0.57 501
0.58 502
0.59 501
0.6 511
0.61 510
0.62 516
0.63 521
0.64 520
0.65 530
0.66 528
0.67 533
0.68 538
0.69 536
0.7 540
0.71 539
0.72 537
0.73 541
0.74 541
0.75 547
0.76 549
0.77 549
0.78 552
0.79 551
0.8 550
0.81 550
0.82 553
0.83 548
0.84 551
0.85 556
0.86 558
0.87 564
0.88 567
0.89 570
0.9 567
0.91 568
0.92 568
0.93 573
0.94 572
0.95 571
0.96 572
0.97 568
0.98 571
0.99 575
1 570
1.01 573
1.02 577
1.03 583
1.04 581
1.05 583
1.06 589
1.07 580
1.08 582
1.09 588
1.1 584
1.11 582
1.12 576
1.13 577
1.14 577
1.15 579
1.16 576
1.17 585
1.18 589
1.19 585
1.2 588
1.21 585
1.22 586
1.23 589
1.24 593
1.25 590
1.26 592
1.27 593
1.28 597
1.29 592
1.3 588
1.31 588
1.32 589
1.33 587
1.34 593
1.35 593
1.36 592
1.37 587
1.38 581
1.39 587
1.4 590
1.41 587
1.42 591
1.43 593
1.44 595
1.45 593
1.46 595
1.47 597
1.48 599
1.49 596
1.5 598
1.51 603
1.52 604
1.53 600
1.54 597
1.55 598
1.56 599
1.57 599
1.58 600
1.59 602
1.6 602
1.61 600
1.62 601
1.63 599
1.64 602
1.65 601
1.66 603
1.67 603
1.68 601
1.69 599
1.7 596
1.71 591
1.72 593
1.73 597
1.74 589
1.75 592
1.76 589
1.77 585
1.78 589
1.79 595
1.8 594
1.81 591
1.82 596
1.83 594
1.84 599
1.85 603
1.86 599
1.87 597
1.88 600
1.89 601
1.9 602
1.91 604
1.92 604
1.93 600
1.94 592
1.95 591
1.96 598
1.97 602
1.98 604
1.99 599
2 596
