0 0
0.0001 174
0.0002 250
0.0003 305
0.0004 303
0.0005 316
0.0006 294
0.0007 293
0.0008 304
0.0009 281
0.001 280
0.0011 285
0.0012 272
0.0013 272
0.0014 285
0.0015 269
0.0016 274
0.0017 274
0.0018 288
0.0019 258
0.002 243
0.0021 243
0.0022 255
0.0023 243
0.0024 261
0.0025 263
0.0026 249
0.0027 270
0.0028 263
0.0029 249
0.003 254
0.0031 244
0.0032 241
0.0033 231
0.0034 243
0.0035 244
0.0036 221
0.0037 226
0.0038 237
0.0039 237
0.004 253
0.0041 238
0.0042 235
0.0043 238
0.0044 245
0.0045 249
0.0046 252
0.0047 261
0.0048 238
0.0049 250
0.005 235
0.0051 229
0.0052 221
0.0053 214
0.0054 229
0.0055 220
0.0056 218
0.0057 217
0.0058 237
0.0059 239
0.006 231
0.0061 220
0.0062 223
0.0063 231
0.0064 227
0.0065 239
0.0066 220
0.0067 222
0.0068 223
0.0069 217
0.007 214
0.0071 211
0.0072 209
0.0073 205
0.0074 200
0.0075 191
0.0076 192
0.0077 193
0.0078 197
0.0079 203
0.008 198
0.0081 202
0.0082 204
0.0083 212
0.0084 209
0.0085 213
0.0086 201
0.0087 182
0.0088 200
0.0089 201
0.009 199
0.0091 194
0.0092 198
0.0093 188
0.0094 203
0.0095 207
0.0096 216
0.0097 210
0.0098 215
0.0099 200
0.01 202
0.0101 213
0.0102 194
0.0103 196
0.0104 191
0.0105 190
0.0106 187
0.0107 188
0.0108 177
0.0109 172
0.011 189
0.0111 189
0.0112 187
0.0113 204
0.0114 189
0.0115 193
0.0116 195
0.0117 192
0.0118 190
0.0119 182
0.012 184
0.0121 188
0.0122 174
0.0123 157
0.0124 156
0.0125 159
0.0126 159
0.0127 162
0.0128 163
0.0129 169
0.013 169
0.0131 174
0.0132 176
0.0133 173
0.0134 182
0.0135 176
0.0136 166
0.0137 158
0.0138 161
0.0139 165
0.014 185
0.0141 178
0.0142 175
0.0143 165
0.0144 168
0.0145 164
0.0146 156
0.0147 147
0.0148 141
0.0149 168
0.015 167
0.0151 153
0.0152 144
0.0153 165
0.0154 177
0.0155 184
0.0156 183
0.0157 182
0.0158 182
0.0159 172
0.016 178
0.0161 186
0.0162 173
0.0163 159
0.0164 167
0.0165 167
0.0166 156
0.0167 152
0.0168 144
0.0169 140
0.017 136
0.0171 131
0.0172 147
0.0173 161
0.0174 159
0.0175 140
0.0176 136
0.0177 136
0.0178 129
0.0179 135
0.018 129
0.0181 130
0.0182 142
0.0183 144
0.0184 149
0.0185 133
0.0186 130
0.0187 137
0.0188 143
0.0189 134
0.019 129
0.0191 138
0.0192 144
0.0193 142
0.0194 146
0.0195 155
0.0196 147
0.0197 141
0.0198 130
0.0199 132
0.02 124
0.0201 139
0.0202 139
0.0203 136
0.0204 141
0.0205 122
0.0206 122
0.0207 114
0.0208 120
0.0209 130
0.021 130
0.0211 136
0.0212 135
0.0213 133
0.0214 139
0.0215 131
0.0216 128
0.0217 135
0.0218 126
0.0219 122
0.022 121
0.0221 137
0.0222 124
0.0223 129
0.0224 135
0.0225 123
0.0226 126
0.0227 122
0.0228 123
0.0229 130
0.023 131
0.0231 129
0.0232 135
0.0233 138
0.0234 124
0.0235 132
0.0236 129
0.0237 126
0.0238 132
0.0239 133
0.024 139
0.0241 138
0.0242 141
0.0243 139
0.0244 125
0.0245 126
0.0246 124
0.0247 113
0.0248 120
0.0249 110
0.025 109
0.0251 115
0.0252 111
0.0253 119
0.0254 115
0.0255 102
0.0256 104
0.0257 116
0.0258 111
0.0259 115
0.026 106
0.0261 113
0.0262 114
0.0263 96
0.0264 98
0.0265 112
0.0266 113
0.0267 112
0.0268 101
0.0269 107
0.027 99
0.0271 97
0.0272 91
0.0273 94
0.0274 96
0.0275 90
0.0276 95
0.0277 96
0.0278 95
0.0279 100
0.028 96
0.0281 102
0.0282 102
0.0283 96
0.0284 100
0.0285 109
0.0286 112
0.0287 108
0.0288 102
0.0289 92
0.029 99
0.0291 87
0.0292 91
0.0293 91
0.0294 94
0.0295 86
0.0296 90
0.0297 96
0.0298 98
0.0299 95
0.03 93
0.0301 102
0.0302 97
0.0303 91
0.0304 79
0.0305 91
0.0306 87
0.0307 96
0.0308 90
0.0309 92
0.031 85
0.0311 87
0.0312 90
0.0313 89
0.0314 87
0.0315 87
0.0316 91
0.0317 91
0.0318 89
0.0319 90
0.032 73
0.0321 70
0.0322 73
0.0323 73
0.0324 73
0.0325 80
0.0326 79
0.0327 79
0.0328 77
0.0329 73
0.033 75
0.0331 83
0.0332 79
0.0333 76
0.0334 85
0.0335 76
0.0336 81
0.0337 74
0.0338 71
0.0339 86
0.034 86
0.0341 84
0.0342 88
0.0343 93
0.0344 88
0.0345 84
0.0346 87
0.0347 88
0.0348 86
0.0349 90
0.035 99
0.0351 98
0.0352 99
0.0353 97
0.0354 95
0.0355 95
0.0356 91
0.0357 86
0.0358 80
0.0359 75
0.036 67
0.0361 76
0.0362 78
0.0363 88
0.0364 86
0.0365 82
0.0366 79
0.0367 80
0.0368 75
0.0369 82
0.037 76
0.0371 69
0.0372 84
0.0373 80
0.0374 76
0.0375 83
0.0376 83
0.0377 91
0.0378 90
0.0379 76
0.038 71
0.0381 72
0.0382 77
0.0383 77
0.0384 72
0.0385 73
0.0386 77
0.0387 80
0.0388 80
0.0389 76
0.039 77
0.0391 79
0.0392 81
0.0393 74
0.0394 80
0.0395 74
0.0396 63
0.0397 72
0.0398 75
0.0399 76
0.04 81
0.0401 84
0.0402 90
0.0403 96
0.0404 105
0.0405 97
0.0406 87
0.0407 77
0.0408 82
0.0409 82
0.041 87
0.0411 81
0.0412 71
0.0413 68
0.0414 73
0.0415 72
0.0416 72
0.0417 67
0.0418 71
0.0419 76
0.042 77
0.0421 78
0.0422 76
0.0423 67
0.0424 73
0.0425 71
0.0426 74
0.0427 70
0.0428 74
0.0429 74
0.043 76
0.0431 84
0.0432 84
0.0433 77
0.0434 75
0.0435 64
0.0436 69
0.0437 67
0.0438 75
0.0439 78
0.044 73
0.0441 85
0.0442 81
0.0443 83
0.0444 89
0.0445 82
0.0446 86
0.0447 85
0.0448 84
0.0449 72
0.045 75
0.0451 69
0.0452 70
0.0453 72
0.0454 81
0.0455 71
0.0456 61
0.0457 63
0.0458 61
0.0459 68
0.046 75
0.0461 74
0.0462 67
0.0463 79
0.0464 68
0.0465 73
0.0466 77
0.0467 81
0.0468 83
0.0469 76
0.047 69
0.0471 66
0.0472 67
0.0473 70
0.0474 70
0.0475 58
0.0476 67
0.0477 77
0.0478 68
0.0479 70
0.048 65
0.0481 68
0.0482 74
0.0483 79
0.0484 75
0.0485 66
0.0486 67
0.0487 69
0.0488 71
0.0489 75
0.049 74
0.0491 73
0.0492 74
0.0493 73
0.0494 64
0.0495 59
0.0496 64
0.0497 60
0.0498 60
0.0499 63
0.05 70
0.0501 66
0.0502 61
0.0503 68
0.0504 69
0.0505 75
0.0506 78
0.0507 75
0.0508 76
0.0509 69
0.051 71
0.0511 66
0.0512 70
0.0513 80
0.0514 78
0.0515 68
0.0516 69
0.0517 70
0.0518 74
0.0519 71
0.052 77
0.0521 79
0.0522 69
0.0523 68
0.0524 75
0.0525 72
0.0526 71
0.0527 66
0.0528 62
0.0529 68
0.053 68
0.0531 69
0.0532 67
0.0533 63
0.0534 60
0.0535 62
0.0536 66
0.0537 64
0.0538 66
0.0539 60
0.054 62
0.0541 54
0.0542 47
0.0543 53
0.0544 55
0.0545 58
0.0546 62
0.0547 68
0.0548 70
0.0549 63
0.055 65
0.0551 66
0.0552 65
0.0553 63
0.0554 56
0.0555 59
0.0556 55
0.0557 58
0.0558 57
0.0559 61
0.056 60
0.0561 64
0.0562 56
0.0563 52
0.0564 54
0.0565 51
0.0566 56
0.0567 58
0.0568 49
0.0569 52
0.057 54
0.0571 55
0.0572 54
0.0573 59
0.0574 62
0.0575 57
0.0576 56
0.0577 54
0.0578 57
0.0579 61
0.058 59
0.0581 59
0.0582 58
0.0583 55
0.0584 54
0.0585 60
0.0586 57
0.0587 57
0.0588 60
0.0589 56
0.059 59
0.0591 60
0.0592 59
0.0593 59
0.0594 55
0.0595 50
0.0596 56
0.0597 59
0.0598 57
0.0599 57
0.06 58
0.0601 65
0.0602 55
0.0603 53
0.0604 55
0.0605 54
0.0606 47
0.0607 47
0.0608 55
0.0609 67
0.061 60
0.0611 59
0.0612 57
0.0613 62
0.0614 59
0.0615 58
0.0616 54
0.0617 57
0.0618 53
0.0619 58
0.062 57
0.0621 48
0.0622 48
0.0623 44
0.0624 51
0.0625 52
0.0626 48
0.0627 51
0.0628 51
0.0629 51
0.063 48
0.0631 44
0.0632 55
0.0633 54
0.0634 52
0.0635 50
0.0636 57
0.0637 62
0.0638 55
0.0639 58
0.064 61
0.0641 62
0.0642 60
0.0643 64
0.0644 72
0.0645 60
0.0646 60
0.0647 58
0.0648 58
0.0649 54
0.065 49
0.0651 55
0.0652 57
0.0653 66
0.0654 57
0.0655 59
0.0656 57
0.0657 58
0.0658 60
0.0659 66
0.066 63
0.0661 58
0.0662 58
0.0663 61
0.0664 57
0.0665 47
0.0666 47
0.0667 45
0.0668 45
0.0669 50
0.067 51
0.0671 45
0.0672 47
0.0673 48
0.0674 44
0.0675 45
0.0676 45
0.0677 51
0.0678 51
0.0679 49
0.068 51
0.0681 53
0.0682 57
0.0683 59
0.0684 54
0.0685 55
0.0686 57
0.0687 61
0.0688 60
0.0689 57
0.069 54
0.0691 50
0.0692 52
0.0693 54
0.0694 57
0.0695 51
0.0696 51
0.0697 60
0.0698 57
0.0699 57
0.07 54
0.0701 58
0.0702 60
0.0703 58
0.0704 52
0.0705 57
0.0706 59
0.0707 55
0.0708 50
0.0709 49
0.071 56
0.0711 54
0.0712 51
0.0713 53
0.0714 60
0.0715 64
0.0716 57
0.0717 53
0.0718 57
0.0719 58
0.072 54
0.0721 56
0.0722 49
0.0723 54
0.0724 54
0.0725 52
0.0726 51
0.0727 54
0.0728 49
0.0729 44
0.073 41
0.0731 43
0.0732 43
0.0733 45
0.0734 46
0.0735 48
0.0736 52
0.0737 60
0.0738 60
0.0739 57
0.074 48
0.0741 41
0.0742 41
0.0743 40
0.0744 44
0.0745 47
0.0746 43
0.0747 50
0.0748 46
0.0749 44
0.075 46
0.0751 42
0.0752 53
0.0753 53
0.0754 55
0.0755 52
0.0756 53
0.0757 50
0.0758 52
0.0759 43
0.076 48
0.0761 53
0.0762 55
0.0763 46
0.0764 49
0.0765 51
0.0766 54
0.0767 52
0.0768 57
0.0769 54
0.077 51
0.0771 47
0.0772 45
0.0773 50
0.0774 54
0.0775 56
0.0776 51
0.0777 59
0.0778 58
0.0779 60
0.078 65
0.0781 59
0.0782 47
0.0783 43
0.0784 53
0.0785 52
0.0786 48
0.0787 51
0.0788 54
0.0789 49
0.079 48
0.0791 47
0.0792 44
0.0793 42
0.0794 44
0.0795 48
0.0796 46
0.0797 47
0.0798 42
0.0799 40
0.08 37
0.0801 34
0.0802 45
0.0803 44
0.0804 46
0.0805 41
0.0806 44
0.0807 54
0.0808 55
0.0809 59
0.081 47
0.0811 48
0.0812 49
0.0813 51
0.0814 55
0.0815 53
0.0816 59
0.0817 58
0.0818 56
0.0819 54
0.082 54
0.0821 52
0.0822 51
0.0823 48
0.0824 53
0.0825 52
0.0826 57
0.0827 57
0.0828 50
0.0829 54
0.083 52
0.0831 52
0.0832 51
0.0833 52
0.0834 47
0.0835 46
0.0836 47
0.0837 45
0.0838 56
0.0839 54
0.084 52
0.0841 46
0.0842 43
0.0843 50
0.0844 47
0.0845 47
0.0846 49
0.0847 48
0.0848 42
0.0849 41
0.085 43
0.0851 49
0.0852 44
0.0853 43
0.0854 48
0.0855 44
0.0856 45
0.0857 46
0.0858 43
0.0859 50
0.086 53
0.0861 54
0.0862 50
0.0863 50
0.0864 53
0.0865 50
0.0866 53
0.0867 59
0.0868 55
0.0869 46
0.087 47
0.0871 52
0.0872 56
0.0873 53
0.0874 49
0.0875 41
0.0876 40
0.0877 36
0.0878 35
0.0879 37
0.088 36
0.0881 40
0.0882 32
0.0883 36
0.0884 41
0.0885 35
0.0886 39
0.0887 44
0.0888 42
0.0889 42
0.089 41
0.0891 38
0.0892 41
0.0893 39
0.0894 45
0.0895 43
0.0896 33
0.0897 32
0.0898 35
0.0899 43
0.09 47
0.0901 44
0.0902 40
0.0903 39
0.0904 32
0.0905 37
0.0906 33
0.0907 40
0.0908 35
0.0909 34
0.091 33
0.0911 29
0.0912 33
0.0913 31
0.0914 34
0.0915 31
0.0916 32
0.0917 38
0.0918 28
0.0919 34
0.092 35
0.0921 32
0.0922 35
0.0923 37
0.0924 40
0.0925 40
0.0926 41
0.0927 41
0.0928 32
0.0929 35
0.093 40
0.0931 44
0.0932 40
0.0933 41
0.0934 39
0.0935 39
0.0936 37
0.0937 37
0.0938 37
0.0939 36
0.094 33
0.0941 36
0.0942 44
0.0943 42
0.0944 41
0.0945 41
0.0946 43
0.0947 39
0.0948 39
0.0949 34
0.095 41
0.0951 41
0.0952 43
0.0953 38
0.0954 41
0.0955 39
0.0956 43
0.0957 36
0.0958 36
0.0959 37
0.096 38
0.0961 39
0.0962 47
0.0963 47
0.0964 46
0.0965 46
0.0966 40
0.0967 41
0.0968 41
0.0969 41
0.097 35
0.0971 37
0.0972 36
0.0973 40
0.0974 40
0.0975 37
0.0976 43
0.0977 39
0.0978 41
0.0979 41
0.098 40
0.0981 39
0.0982 44
0.0983 46
0.0984 40
0.0985 34
0.0986 38
0.0987 43
0.0988 36
0.0989 39
0.099 42
0.0991 40
0.0992 34
0.0993 37
0.0994 45
0.0995 42
0.0996 45
0.0997 50
0.0998 53
0.0999 51
0.1 52
