0 0
0.0001 0
0.0002 0
0.0003 0
0.0004 0
0.0005 0
0.0006 0
0.0007 0
0.0008 0
0.0009 0
0.001 0
0.0011 0
0.0012 0
0.0013 0
0.0014 0
0.0015 0
0.0016 0
0.0017 0
0.0018 0
0.0019 0
0.002 0
0.0021 0
0.0022 0
0.0023 0
0.0024 0
0.0025 0
0.0026 0
0.0027 0
0.0028 0
0.0029 0
0.003 0
0.0031 0
0.0032 0
0.0033 0
0.0034 1
0.0035 1
0.0036 1
0.0037 1
0.0038 1
0.0039 1
0.004 1
0.0041 1
0.0042 1
0.0043 1
0.0044 1
0.0045 0
0.0046 0
0.0047 0
0.0048 0
0.0049 0
0.005 0
0.0051 0
0.0052 0
0.0053 1
0.0054 1
0.0055 1
0.0056 1
0.0057 1
0.0058 1
0.0059 2
0.006 2
0.0061 2
0.0062 1
0.0063 1
0.0064 1
0.0065 1
0.0066 1
0.0067 1
0.0068 1
0.0069 1
0.007 1
0.0071 1
0.0072 1
0.0073 1
0.0074 1
0.0075 1
0.0076 1
0.0077 1
0.0078 1
0.0079 1
0.008 1
0.0081 1
0.0082 1
0.0083 1
0.0084 1
0.0085 1
0.0086 1
0.0087 1
0.0088 1
0.0089 1
0.009 1
0.0091 1
0.0092 2
0.0093 2
0.0094 2
0.0095 2
0.0096 2
0.0097 3
0.0098 4
0.0099 4
0.01 4
0.0101 4
0.0102 4
0.0103 4
0.0104 3
0.0105 3
0.0106 3
0.0107 2
0.0108 3
0.0109 3
0.011 3
0.0111 4
0.0112 5
0.0113 5
0.0114 5
0.0115 4
0.0116 4
0.0117 4
0.0118 4
0.0119 4
0.012 4
0.0121 4
0.0122 3
0.0123 3
0.0124 3
0.0125 3
0.0126 3
0.0127 3
0.0128 3
0.0129 4
0.013 4
0.0131 4
0.0132 5
0.0133 5
0.0134 5
0.0135 5
0.0136 5
0.0137 5
0.0138 5
0.0139 5
0.014 5
0.0141 5
0.0142 5
0.0143 4
0.0144 4
0.0145 4
0.0146 4
0.0147 4
0.0148 4
0.0149 4
0.015 4
0.0151 4
0.0152 4
0.0153 4
0.0154 4
0.0155 4
0.0156 4
0.0157 6
0.0158 6
0.0159 6
0.016 6
0.0161 6
0.0162 6
0.0163 6
0.0164 6
0.0165 6
0.0166 8
0.0167 8
0.0168 8
0.0169 7
0.017 7
0.0171 7
0.0172 7
0.0173 7
0.0174 7
0.0175 7
0.0176 8
0.0177 8
0.0178 9
0.0179 10
0.018 10
0.0181 10
0.0182 10
0.0183 10
0.0184 8
0.0185 7
0.0186 7
0.0187 7
0.0188 5
0.0189 4
0.019 3
0.0191 3
0.0192 3
0.0193 3
0.0194 3
0.0195 3
0.0196 3
0.0197 3
0.0198 3
0.0199 3
0.02 3
0.0201 3
0.0202 3
0.0203 4
0.0204 4
0.0205 4
0.0206 5
0.0207 5
0.0208 4
0.0209 5
0.021 5
0.0211 5
0.0212 6
0.0213 6
0.0214 6
0.0215 5
0.0216 6
0.0217 6
0.0218 6
0.0219 5
0.022 6
0.0221 6
0.0222 6
0.0223 6
0.0224 6
0.0225 5
0.0226 4
0.0227 4
0.0228 4
0.0229 4
0.023 4
0.0231 5
0.0232 5
0.0233 5
0.0234 5
0.0235 5
0.0236 5
0.0237 5
0.0238 6
0.0239 6
0.024 5
0.0241 5
0.0242 5
0.0243 5
0.0244 5
0.0245 4
0.0246 4
0.0247 4
0.0248 4
0.0249 3
0.025 3
0.0251 3
0.0252 3
0.0253 3
0.0254 3
0.0255 3
0.0256 3
0.0257 2
0.0258 3
0.0259 3
0.026 3
0.0261 3
0.0262 3
0.0263 3
0.0264 3
0.0265 3
0.0266 3
0.0267 3
0.0268 3
0.0269 3
0.027 3
0.0271 3
0.0272 3
0.0273 3
0.0274 3
0.0275 3
0.0276 3
0.0277 4
0.0278 4
0.0279 4
0.028 4
0.0281 4
0.0282 4
0.0283 4
0.0284 4
0.0285 5
0.0286 7
0.0287 7
0.0288 7
0.0289 6
0.029 6
0.0291 6
0.0292 5
0.0293 5
0.0294 5
0.0295 5
0.0296 6
0.0297 6
0.0298 6
0.0299 6
0.03 6
0.0301 6
0.0302 7
0.0303 7
0.0304 8
0.0305 7
0.0306 6
0.0307 6
0.0308 6
0.0309 6
0.031 6
0.0311 6
0.0312 5
0.0313 5
0.0314 5
0.0315 6
0.0316 6
0.0317 6
0.0318 6
0.0319 6
0.032 6
0.0321 6
0.0322 6
0.0323 6
0.0324 6
0.0325 7
0.0326 8
0.0327 9
0.0328 8
0.0329 8
0.033 9
0.0331 9
0.0332 9
0.0333 10
0.0334 10
0.0335 10
0.0336 10
0.0337 10
0.0338 10
0.0339 10
0.034 10
0.0341 10
0.0342 9
0.0343 10
0.0344 10
0.0345 10
0.0346 10
0.0347 10
0.0348 12
0.0349 12
0.035 13
0.0351 13
0.0352 13
0.0353 14
0.0354 14
0.0355 15
0.0356 16
0.0357 17
0.0358 17
0.0359 17
0.036 17
0.0361 16
0.0362 16
0.0363 16
0.0364 16
0.0365 16
0.0366 15
0.0367 15
0.0368 15
0.0369 15
0.037 14
0.0371 13
0.0372 13
0.0373 12
0.0374 12
0.0375 12
0.0376 13
0.0377 14
0.0378 15
0.0379 15
0.038 16
0.0381 16
0.0382 16
0.0383 17
0.0384 17
0.0385 17
0.0386 16
0.0387 16
0.0388 16
0.0389 16
0.039 16
0.0391 16
0.0392 15
0.0393 16
0.0394 15
0.0395 15
0.0396 16
0.0397 16
0.0398 16
0.0399 15
0.04 15
0.0401 15
0.0402 15
0.0403 15
0.0404 15
0.0405 15
0.0406 15
0.0407 15
0.0408 15
0.0409 15
0.041 15
0.0411 16
0.0412 14
0.0413 13
0.0414 13
0.0415 12
0.0416 12
0.0417 12
0.0418 13
0.0419 13
0.042 13
0.0421 13
0.0422 13
0.0423 14
0.0424 14
0.0425 14
0.0426 14
0.0427 14
0.0428 14
0.0429 15
0.043 15
0.0431 15
0.0432 15
0.0433 15
0.0434 14
0.0435 14
0.0436 14
0.0437 15
0.0438 16
0.0439 15
0.044 14
0.0441 14
0.0442 14
0.0443 13
0.0444 15
0.0445 16
0.0446 17
0.0447 17
0.0448 17
0.0449 17
0.045 17
0.0451 16
0.0452 16
0.0453 15
0.0454 15
0.0455 15
0.0456 15
0.0457 16
0.0458 17
0.0459 17
0.046 18
0.0461 19
0.0462 19
0.0463 18
0.0464 19
0.0465 19
0.0466 19
0.0467 19
0.0468 19
0.0469 21
0.047 20
0.0471 20
0.0472 20
0.0473 20
0.0474 20
0.0475 20
0.0476 20
0.0477 22
0.0478 22
0.0479 23
0.048 23
0.0481 23
0.0482 23
0.0483 23
0.0484 23
0.0485 24
0.0486 24
0.0487 25
0.0488 27
0.0489 27
0.049 27
0.0491 27
0.0492 27
0.0493 27
0.0494 27
0.0495 26
0.0496 26
0.0497 26
0.0498 26
0.0499 26
0.05 26
0.0501 26
0.0502 26
0.0503 26
0.0504 26
0.0505 26
0.0506 25
0.0507 25
0.0508 25
0.0509 25
0.051 26
0.0511 26
0.0512 26
0.0513 25
0.0514 25
0.0515 25
0.0516 25
0.0517 25
0.0518 25
0.0519 25
0.052 25
0.0521 26
0.0522 27
0.0523 25
0.0524 26
0.0525 26
0.0526 27
0.0527 26
0.0528 26
0.0529 26
0.053 26
0.0531 27
0.0532 27
0.0533 27
0.0534 27
0.0535 27
0.0536 27
0.0537 28
0.0538 28
0.0539 28
0.054 30
0.0541 30
0.0542 31
0.0543 31
0.0544 31
0.0545 31
0.0546 31
0.0547 31
0.0548 31
0.0549 30
0.055 30
0.0551 30
0.0552 29
0.0553 29
0.0554 28
0.0555 28
0.0556 28
0.0557 28
0.0558 28
0.0559 28
0.056 27
0.0561 27
0.0562 28
0.0563 28
0.0564 28
0.0565 27
0.0566 27
0.0567 26
0.0568 27
0.0569 26
0.057 25
0.0571 25
0.0572 26
0.0573 26
0.0574 26
0.0575 26
0.0576 25
0.0577 26
0.0578 26
0.0579 26
0.058 26
0.0581 27
0.0582 27
0.0583 27
0.0584 27
0.0585 27
0.0586 27
0.0587 26
0.0588 26
0.0589 26
0.059 26
0.0591 27
0.0592 27
0.0593 26
0.0594 25
0.0595 25
0.0596 25
0.0597 28
0.0598 28
0.0599 28
0.06 28
0.0601 29
0.0602 30
0.0603 29
0.0604 29
0.0605 29
0.0606 29
0.0607 29
0.0608 30
0.0609 31
0.061 30
0.0611 32
0.0612 32
0.0613 32
0.0614 32
0.0615 32
0.0616 32
0.0617 32
0.0618 31
0.0619 31
0.062 31
0.0621 31
0.0622 30
0.0623 30
0.0624 32
0.0625 32
0.0626 32
0.0627 32
0.0628 32
0.0629 32
0.063 31
0.0631 30
0.0632 30
0.0633 30
0.0634 31
0.0635 31
0.0636 31
0.0637 31
0.0638 30
0.0639 29
0.064 29
0.0641 29
0.0642 29
0.0643 29
0.0644 29
0.0645 30
0.0646 32
0.0647 31
0.0648 31
0.0649 30
0.065 30
0.0651 30
0.0652 30
0.0653 31
0.0654 32
0.0655 32
0.0656 33
0.0657 33
0.0658 33
0.0659 33
0.066 33
0.0661 32
0.0662 32
0.0663 31
0.0664 33
0.0665 35
0.0666 35
0.0667 35
0.0668 35
0.0669 35
0.067 35
0.0671 36
0.0672 35
0.0673 36
0.0674 36
0.0675 36
0.0676 36
0.0677 36
0.0678 36
0.0679 36
0.068 36
0.0681 36
0.0682 38
0.0683 38
0.0684 38
0.0685 38
0.0686 38
0.0687 38
0.0688 37
0.0689 37
0.069 37
0.0691 35
0.0692 35
0.0693 36
0.0694 35
0.0695 35
0.0696 35
0.0697 35
0.0698 35
0.0699 35
0.07 35
0.0701 35
0.0702 34
0.0703 34
0.0704 34
0.0705 34
0.0706 34
0.0707 34
0.0708 33
0.0709 33
0.071 33
0.0711 34
0.0712 34
0.0713 34
0.0714 34
0.0715 34
0.0716 34
0.0717 34
0.0718 33
0.0719 33
0.072 35
0.0721 35
0.0722 36
0.0723 36
0.0724 36
0.0725 36
0.0726 36
0.0727 36
0.0728 36
0.0729 37
0.073 37
0.0731 37
0.0732 36
0.0733 36
0.0734 37
0.0735 37
0.0736 37
0.0737 37
0.0738 36
0.0739 37
0.074 37
0.0741 37
0.0742 38
0.0743 38
0.0744 38
0.0745 38
0.0746 38
0.0747 38
0.0748 39
0.0749 39
0.075 37
0.0751 37
0.0752 38
0.0753 40
0.0754 40
0.0755 40
0.0756 40
0.0757 40
0.0758 40
0.0759 42
0.076 42
0.0761 42
0.0762 41
0.0763 42
0.0764 43
0.0765 43
0.0766 43
0.0767 44
0.0768 43
0.0769 45
0.077 46
0.0771 46
0.0772 45
0.0773 45
0.0774 46
0.0775 45
0.0776 43
0.0777 43
0.0778 43
0.0779 42
0.078 40
0.0781 41
0.0782 40
0.0783 40
0.0784 41
0.0785 40
0.0786 39
0.0787 41
0.0788 40
0.0789 38
0.079 38
0.0791 38
0.0792 38
0.0793 39
0.0794 39
0.0795 40
0.0796 40
0.0797 39
0.0798 38
0.0799 38
0.08 39
0.0801 39
0.0802 39
0.0803 39
0.0804 39
0.0805 39
0.0806 39
0.0807 38
0.0808 38
0.0809 39
0.081 39
0.0811 38
0.0812 40
0.0813 41
0.0814 41
0.0815 40
0.0816 40
0.0817 40
0.0818 40
0.0819 40
0.082 41
0.0821 40
0.0822 40
0.0823 40
0.0824 41
0.0825 41
0.0826 41
0.0827 42
0.0828 42
0.0829 42
0.083 42
0.0831 42
0.0832 42
0.0833 43
0.0834 44
0.0835 44
0.0836 43
0.0837 40
0.0838 41
0.0839 41
0.084 42
0.0841 40
0.0842 41
0.0843 42
0.0844 42
0.0845 40
0.0846 41
0.0847 41
0.0848 42
0.0849 41
0.085 41
0.0851 41
0.0852 42
0.0853 43
0.0854 43
0.0855 42
0.0856 42
0.0857 43
0.0858 43
0.0859 43
0.086 43
0.0861 43
0.0862 43
0.0863 42
0.0864 41
0.0865 41
0.0866 41
0.0867 42
0.0868 42
0.0869 43
0.087 42
0.0871 41
0.0872 41
0.0873 41
0.0874 41
0.0875 42
0.0876 43
0.0877 43
0.0878 42
0.0879 42
0.088 43
0.0881 43
0.0882 43
0.0883 42
0.0884 42
0.0885 42
0.0886 42
0.0887 43
0.0888 43
0.0889 43
0.089 44
0.0891 44
0.0892 45
0.0893 45
0.0894 45
0.0895 46
0.0896 47
0.0897 48
0.0898 48
0.0899 47
0.09 46
0.0901 46
0.0902 46
0.0903 45
0.0904 45
0.0905 47
0.0906 46
0.0907 46
0.0908 47
0.0909 46
0.091 44
0.0911 45
0.0912 45
0.0913 45
0.0914 46
0.0915 46
0.0916 46
0.0917 46
0.0918 47
0.0919 48
0.092 48
0.0921 48
0.0922 48
0.0923 49
0.0924 49
0.0925 49
0.0926 49
0.0927 48
0.0928 49
0.0929 49
0.093 46
0.0931 47
0.0932 47
0.0933 49
0.0934 49
0.0935 49
0.0936 49
0.0937 49
0.0938 50
0.0939 50
0.094 50
0.0941 52
0.0942 53
0.0943 49
0.0944 49
0.0945 51
0.0946 51
0.0947 52
0.0948 51
0.0949 51
0.095 51
0.0951 51
0.0952 51
0.0953 51
0.0954 51
0.0955 53
0.0956 53
0.0957 53
0.0958 52
0.0959 53
0.096 54
0.0961 54
0.0962 55
0.0963 55
0.0964 55
0.0965 55
0.0966 53
0.0967 53
0.0968 53
0.0969 54
0.097 54
0.0971 55
0.0972 54
0.0973 54
0.0974 55
0.0975 55
0.0976 56
0.0977 56
0.0978 55
0.0979 55
0.098 55
0.0981 56
0.0982 55
0.0983 55
0.0984 53
0.0985 53
0.0986 56
0.0987 56
0.0988 55
0.0989 55
0.099 54
0.0991 55
0.0992 56
0.0993 55
0.0994 55
0.0995 55
0.0996 55
0.0997 55
0.0998 56
0.0999 57
0.1 57
