0 0
0.0001 0
0.0002 0
0.0003 0
0.0004 0
0.0005 0
0.0006 0
0.0007 0
0.0008 0
0.0009 0
0.001 0
0.0011 0
0.0012 0
0.0013 0
0.0014 0
0.0015 0
0.0016 0
0.0017 1
0.0018 1
0.0019 1
0.002 1
0.0021 1
0.0022 1
0.0023 1
0.0024 1
0.0025 2
0.0026 2
0.0027 2
0.0028 2
0.0029 2
0.003 2
0.0031 2
0.0032 2
0.0033 2
0.0034 2
0.0035 3
0.0036 3
0.0037 3
0.0038 3
0.0039 3
0.004 3
0.0041 3
0.0042 3
0.0043 3
0.0044 3
0.0045 4
0.0046 4
0.0047 4
0.0048 4
0.0049 4
0.005 4
0.0051 4
0.0052 4
0.0053 4
0.0054 4
0.0055 4
0.0056 4
0.0057 5
0.0058 5
0.0059 5
0.006 5
0.0061 5
0.0062 5
0.0063 5
0.0064 5
0.0065 5
0.0066 6
0.0067 6
0.0068 6
0.0069 6
0.007 5
0.0071 5
0.0072 5
0.0073 5
0.0074 5
0.0075 5
0.0076 5
0.0077 5
0.0078 5
0.0079 5
0.008 5
0.0081 5
0.0082 5
0.0083 5
0.0084 5
0.0085 5
0.0086 5
0.0087 5
0.0088 5
0.0089 5
0.009 5
0.0091 5
0.0092 5
0.0093 5
0.0094 6
0.0095 6
0.0096 6
0.0097 6
0.0098 7
0.0099 7
0.01 6
0.0101 6
0.0102 7
0.0103 7
0.0104 7
0.0105 6
0.0106 6
0.0107 6
0.0108 6
0.0109 6
0.011 5
0.0111 5
0.0112 5
0.0113 4
0.0114 4
0.0115 4
0.0116 4
0.0117 4
0.0118 4
0.0119 4
0.012 4
0.0121 4
0.0122 4
0.0123 4
0.0124 4
0.0125 4
0.0126 4
0.0127 4
0.0128 4
0.0129 4
0.013 4
0.0131 4
0.0132 4
0.0133 4
0.0134 4
0.0135 5
0.0136 5
0.0137 5
0.0138 5
0.0139 5
0.014 5
0.0141 5
0.0142 5
0.0143 5
0.0144 5
0.0145 5
0.0146 5
0.0147 5
0.0148 5
0.0149 5
0.015 5
0.0151 5
0.0152 4
0.0153 4
0.0154 4
0.0155 4
0.0156 4
0.0157 4
0.0158 4
0.0159 4
0.016 4
0.0161 4
0.0162 4
0.0163 4
0.0164 4
0.0165 4
0.0166 4
0.0167 4
0.0168 4
0.0169 4
0.017 4
0.0171 4
0.0172 4
0.0173 4
0.0174 4
0.0175 4
0.0176 4
0.0177 4
0.0178 4
0.0179 4
0.018 4
0.0181 4
0.0182 4
0.0183 4
0.0184 4
0.0185 4
0.0186 4
0.0187 4
0.0188 4
0.0189 4
0.019 4
0.0191 4
0.0192 4
0.0193 4
0.0194 4
0.0195 4
0.0196 4
0.0197 4
0.0198 4
0.0199 4
0.02 4
0.0201 4
0.0202 4
0.0203 4
0.0204 3
0.0205 3
0.0206 3
0.0207 3
0.0208 3
0.0209 5
0.021 5
0.0211 5
0.0212 5
0.0213 4
0.0214 4
0.0215 5
0.0216 5
0.0217 5
0.0218 6
0.0219 6
0.022 6
0.0221 6
0.0222 6
0.0223 6
0.0224 6
0.0225 5
0.0226 5
0.0227 5
0.0228 5
0.0229 5
0.023 5
0.0231 5
0.0232 5
0.0233 5
0.0234 5
0.0235 5
0.0236 5
0.0237 5
0.0238 6
0.0239 6
0.024 6
0.0241 6
0.0242 6
0.0243 7
0.0244 8
0.0245 8
0.0246 8
0.0247 8
0.0248 8
0.0249 8
0.025 8
0.0251 8
0.0252 8
0.0253 8
0.0254 8
0.0255 8
0.0256 8
0.0257 8
0.0258 8
0.0259 9
0.026 9
0.0261 9
0.0262 9
0.0263 9
0.0264 9
0.0265 9
0.0266 9
0.0267 8
0.0268 7
0.0269 7
0.027 7
0.0271 7
0.0272 7
0.0273 7
0.0274 7
0.0275 7
0.0276 7
0.0277 7
0.0278 7
0.0279 7
0.028 7
0.0281 7
0.0282 7
0.0283 7
0.0284 7
0.0285 7
0.0286 7
0.0287 7
0.0288 7
0.0289 7
0.029 7
0.0291 8
0.0292 8
0.0293 8
0.0294 8
0.0295 8
0.0296 8
0.0297 9
0.0298 9
0.0299 9
0.03 9
0.0301 9
0.0302 9
0.0303 9
0.0304 9
0.0305 9
0.0306 9
0.0307 9
0.0308 9
0.0309 8
0.031 8
0.0311 8
0.0312 9
0.0313 9
0.0314 9
0.0315 9
0.0316 9
0.0317 8
0.0318 8
0.0319 8
0.032 8
0.0321 8
0.0322 9
0.0323 9
0.0324 9
0.0325 9
0.0326 9
0.0327 10
0.0328 9
0.0329 9
0.033 9
0.0331 9
0.0332 9
0.0333 9
0.0334 9
0.0335 9
0.0336 9
0.0337 9
0.0338 9
0.0339 9
0.034 9
0.0341 9
0.0342 9
0.0343 9
0.0344 9
0.0345 9
0.0346 9
0.0347 9
0.0348 9
0.0349 9
0.035 9
0.0351 9
0.0352 9
0.0353 9
0.0354 9
0.0355 9
0.0356 8
0.0357 8
0.0358 8
0.0359 8
0.036 7
0.0361 7
0.0362 7
0.0363 7
0.0364 6
0.0365 6
0.0366 7
0.0367 7
0.0368 7
0.0369 7
0.037 7
0.0371 7
0.0372 7
0.0373 7
0.0374 7
0.0375 7
0.0376 7
0.0377 7
0.0378 7
0.0379 7
0.038 6
0.0381 6
0.0382 6
0.0383 6
0.0384 6
0.0385 6
0.0386 6
0.0387 6
0.0388 6
0.0389 6
0.039 6
0.0391 5
0.0392 5
0.0393 5
0.0394 5
0.0395 5
0.0396 5
0.0397 5
0.0398 5
0.0399 5
0.04 5
0.0401 5
0.0402 5
0.0403 5
0.0404 5
0.0405 5
0.0406 5
0.0407 5
0.0408 5
0.0409 5
0.041 5
0.0411 5
0.0412 5
0.0413 5
0.0414 5
0.0415 5
0.0416 7
0.0417 7
0.0418 7
0.0419 7
0.042 7
0.0421 7
0.0422 7
0.0423 7
0.0424 7
0.0425 7
0.0426 7
0.0427 7
0.0428 7
0.0429 7
0.043 7
0.0431 7
0.0432 7
0.0433 7
0.0434 7
0.0435 7
0.0436 7
0.0437 7
0.0438 7
0.0439 7
0.044 7
0.0441 7
0.0442 7
0.0443 7
0.0444 7
0.0445 7
0.0446 7
0.0447 7
0.0448 7
0.0449 7
0.045 7
0.0451 7
0.0452 7
0.0453 6
0.0454 6
0.0455 6
0.0456 6
0.0457 6
0.0458 6
0.0459 6
0.046 6
0.0461 6
0.0462 6
0.0463 6
0.0464 6
0.0465 6
0.0466 6
0.0467 6
0.0468 6
0.0469 5
0.047 5
0.0471 5
0.0472 5
0.0473 5
0.0474 5
0.0475 5
0.0476 4
0.0477 4
0.0478 6
0.0479 6
0.048 6
0.0481 6
0.0482 6
0.0483 6
0.0484 6
0.0485 6
0.0486 6
0.0487 6
0.0488 6
0.0489 6
0.049 6
0.0491 6
0.0492 6
0.0493 6
0.0494 6
0.0495 6
0.0496 6
0.0497 6
0.0498 6
0.0499 6
0.05 6
0.0501 6
0.0502 6
0.0503 6
0.0504 6
0.0505 6
0.0506 6
0.0507 6
0.0508 5
0.0509 5
0.051 5
0.0511 4
0.0512 4
0.0513 3
0.0514 3
0.0515 3
0.0516 3
0.0517 3
0.0518 3
0.0519 3
0.052 3
0.0521 3
0.0522 3
0.0523 3
0.0524 3
0.0525 3
0.0526 3
0.0527 3
0.0528 3
0.0529 3
0.053 3
0.0531 3
0.0532 3
0.0533 3
0.0534 3
0.0535 3
0.0536 3
0.0537 3
0.0538 3
0.0539 3
0.054 3
0.0541 2
0.0542 2
0.0543 2
0.0544 2
0.0545 2
0.0546 2
0.0547 2
0.0548 2
0.0549 2
0.055 2
0.0551 2
0.0552 1
0.0553 1
0.0554 1
0.0555 1
0.0556 1
0.0557 2
0.0558 2
0.0559 2
0.056 2
0.0561 2
0.0562 2
0.0563 2
0.0564 2
0.0565 3
0.0566 3
0.0567 3
0.0568 4
0.0569 4
0.057 4
0.0571 4
0.0572 4
0.0573 4
0.0574 4
0.0575 4
0.0576 4
0.0577 4
0.0578 4
0.0579 4
0.058 5
0.0581 5
0.0582 5
0.0583 5
0.0584 5
0.0585 5
0.0586 5
0.0587 5
0.0588 5
0.0589 6
0.059 6
0.0591 6
0.0592 6
0.0593 6
0.0594 6
0.0595 6
0.0596 6
0.0597 6
0.0598 6
0.0599 6
0.06 6
0.0601 5
0.0602 5
0.0603 6
0.0604 7
0.0605 8
0.0606 7
0.0607 7
0.0608 7
0.0609 7
0.061 7
0.0611 7
0.0612 7
0.0613 7
0.0614 7
0.0615 7
0.0616 7
0.0617 7
0.0618 8
0.0619 8
0.062 8
0.0621 8
0.0622 8
0.0623 8
0.0624 8
0.0625 8
0.0626 8
0.0627 8
0.0628 8
0.0629 7
0.063 7
0.0631 7
0.0632 7
0.0633 7
0.0634 7
0.0635 7
0.0636 7
0.0637 7
0.0638 8
0.0639 8
0.064 8
0.0641 8
0.0642 8
0.0643 8
0.0644 8
0.0645 8
0.0646 8
0.0647 8
0.0648 8
0.0649 8
0.065 8
0.0651 8
0.0652 8
0.0653 8
0.0654 8
0.0655 8
0.0656 8
0.0657 8
0.0658 8
0.0659 8
0.066 8
0.0661 8
0.0662 8
0.0663 8
0.0664 8
0.0665 7
0.0666 7
0.0667 7
0.0668 7
0.0669 7
0.067 7
0.0671 7
0.0672 7
0.0673 7
0.0674 7
0.0675 7
0.0676 7
0.0677 7
0.0678 7
0.0679 7
0.068 7
0.0681 7
0.0682 7
0.0683 7
0.0684 7
0.0685 7
0.0686 7
0.0687 7
0.0688 7
0.0689 7
0.069 7
0.0691 7
0.0692 7
0.0693 7
0.0694 7
0.0695 7
0.0696 6
0.0697 6
0.0698 6
0.0699 6
0.07 6
0.0701 6
0.0702 6
0.0703 7
0.0704 7
0.0705 7
0.0706 7
0.0707 7
0.0708 7
0.0709 7
0.071 7
0.0711 7
0.0712 7
0.0713 7
0.0714 7
0.0715 7
0.0716 7
0.0717 7
0.0718 7
0.0719 7
0.072 7
0.0721 7
0.0722 7
0.0723 7
0.0724 7
0.0725 7
0.0726 7
0.0727 7
0.0728 7
0.0729 7
0.073 7
0.0731 7
0.0732 7
0.0733 7
0.0734 7
0.0735 7
0.0736 7
0.0737 7
0.0738 7
0.0739 7
0.074 7
0.0741 7
0.0742 7
0.0743 7
0.0744 7
0.0745 7
0.0746 7
0.0747 7
0.0748 7
0.0749 7
0.075 7
0.0751 7
0.0752 7
0.0753 8
0.0754 8
0.0755 8
0.0756 8
0.0757 8
0.0758 8
0.0759 8
0.076 8
0.0761 8
0.0762 7
0.0763 7
0.0764 7
0.0765 7
0.0766 7
0.0767 7
0.0768 7
0.0769 7
0.077 7
0.0771 7
0.0772 7
0.0773 7
0.0774 7
0.0775 7
0.0776 7
0.0777 5
0.0778 5
0.0779 5
0.078 6
0.0781 6
0.0782 6
0.0783 6
0.0784 6
0.0785 6
0.0786 6
0.0787 6
0.0788 6
0.0789 6
0.079 6
0.0791 6
0.0792 6
0.0793 6
0.0794 6
0.0795 6
0.0796 6
0.0797 6
0.0798 6
0.0799 6
0.08 6
0.0801 6
0.0802 6
0.0803 7
0.0804 7
0.0805 7
0.0806 7
0.0807 7
0.0808 7
0.0809 7
0.081 7
0.0811 7
0.0812 7
0.0813 7
0.0814 7
0.0815 7
0.0816 7
0.0817 7
0.0818 7
0.0819 7
0.082 7
0.0821 7
0.0822 7
0.0823 7
0.0824 7
0.0825 7
0.0826 7
0.0827 7
0.0828 7
0.0829 7
0.083 7
0.0831 7
0.0832 7
0.0833 7
0.0834 7
0.0835 7
0.0836 7
0.0837 7
0.0838 7
0.0839 7
0.084 7
0.0841 7
0.0842 7
0.0843 7
0.0844 7
0.0845 7
0.0846 7
0.0847 7
0.0848 7
0.0849 7
0.085 7
0.0851 7
0.0852 7
0.0853 7
0.0854 7
0.0855 7
0.0856 7
0.0857 7
0.0858 7
0.0859 7
0.086 7
0.0861 7
0.0862 7
0.0863 7
0.0864 7
0.0865 7
0.0866 7
0.0867 7
0.0868 7
0.0869 7
0.087 7
0.0871 7
0.0872 8
0.0873 8
0.0874 8
0.0875 8
0.0876 8
0.0877 8
0.0878 8
0.0879 8
0.088 8
0.0881 8
0.0882 8
0.0883 8
0.0884 8
0.0885 8
0.0886 8
0.0887 8
0.0888 8
0.0889 8
0.089 8
0.0891 8
0.0892 9
0.0893 9
0.0894 9
0.0895 9
0.0896 9
0.0897 9
0.0898 9
0.0899 9
0.09 9
0.0901 9
0.0902 9
0.0903 9
0.0904 9
0.0905 9
0.0906 9
0.0907 9
0.0908 8
0.0909 8
0.091 8
0.0911 8
0.0912 8
0.0913 8
0.0914 8
0.0915 8
0.0916 8
0.0917 8
0.0918 8
0.0919 7
0.092 7
0.0921 7
0.0922 6
0.0923 6
0.0924 5
0.0925 5
0.0926 5
0.0927 5
0.0928 5
0.0929 5
0.093 5
0.0931 5
0.0932 5
0.0933 5
0.0934 5
0.0935 5
0.0936 5
0.0937 5
0.0938 5
0.0939 5
0.094 5
0.0941 5
0.0942 5
0.0943 5
0.0944 5
0.0945 4
0.0946 4
0.0947 4
0.0948 4
0.0949 4
0.095 4
0.0951 4
0.0952 4
0.0953 4
0.0954 4
0.0955 4
0.0956 4
0.0957 4
0.0958 4
0.0959 4
0.096 4
0.0961 4
0.0962 4
0.0963 4
0.0964 4
0.0965 4
0.0966 4
0.0967 4
0.0968 4
0.0969 4
0.097 4
0.0971 4
0.0972 4
0.0973 4
0.0974 4
0.0975 4
0.0976 4
0.0977 4
0.0978 4
0.0979 4
0.098 4
0.0981 4
0.0982 4
0.0983 4
0.0984 4
0.0985 4
0.0986 4
0.0987 4
0.0988 4
0.0989 4
0.099 4
0.0991 4
0.0992 4
0.0993 4
0.0994 4
0.0995 4
0.0996 4
0.0997 4
0.0998 4
0.0999 4
0.1 4
