0 665
0.01 632
0.02 597
0.03 574
0.04 550
0.05 525
0.06 508
0.07 486
0.08 471
0.09 456
0.1 443
0.11 428
0.12 413
0.13 398
0.14 385
0.15 368
0.16 354
0.17 343
0.18 329
0.19 320
0.2 308
0.21 302
0.22 289
0.23 286
0.24 278
0.25 273
0.26 268
0.27 258
0.28 251
0.29 241
0.3 231
0.31 218
0.32 210
0.33 201
0.34 192
0.35 184
0.36 179
0.37 173
0.38 167
0.39 159
0.4 153
0.41 151
0.42 146
0.43 141
0.44 140
0.45 140
0.46 137
0.47 132
0.48 129
0.49 124
0.5 120
0.51 117
0.52 117
0.53 115
0.54 112
0.55 105
0.56 103
0.57 99
0.58 98
0.59 96
0.6 94
0.61 94
0.62 92
0.63 88
0.64 85
0.65 83
0.66 78
0.67 78
0.68 74
0.69 75
0.7 72
0.71 69
0.72 70
0.73 67
0.74 65
0.75 61
0.76 59
0.77 58
0.78 56
0.79 55
0.8 53
0.81 51
0.82 48
0.83 45
0.84 44
0.85 44
0.86 42
0.87 44
0.88 43
0.89 42
0.9 39
0.91 38
0.92 36
0.93 36
0.94 37
0.95 35
0.96 32
0.97 31
0.98 32
0.99 32
1 30
1.01 30
1.02 28
1.03 28
1.04 26
1.05 24
1.06 25
1.07 25
1.08 25
1.09 26
1.1 24
1.11 25
1.12 24
1.13 23
1.14 23
1.15 20
1.16 20
1.17 19
1.18 19
1.19 19
1.2 18
1.21 18
1.22 18
1.23 18
1.24 17
1.25 18
1.26 18
1.27 17
1.28 17
1.29 17
1.3 17
1.31 17
1.32 17
1.33 17
1.34 17
1.35 17
1.36 17
1.37 18
1.38 18
1.39 18
1.4 17
1.41 16
1.42 16
1.43 15
1.44 15
1.45 15
1.46 15
1.47 16
1.48 15
1.49 15
1.5 17
1.51 14
1.52 14
1.53 12
1.54 12
1.55 11
1.56 13
1.57 13
1.58 13
1.59 13
1.6 13
1.61 13
1.62 12
1.63 12
1.64 14
1.65 13
1.66 13
1.67 13
1.68 13
1.69 13
1.7 13
1.71 14
1.72 13
1.73 13
1.74 13
1.75 11
1.76 10
1.77 10
1.78 11
1.79 12
1.8 11
1.81 10
1.82 12
1.83 12
1.84 13
1.85 12
1.86 12
1.87 12
1.88 13
1.89 14
1.9 15
1.91 14
1.92 13
1.93 12
1.94 12
1.95 12
1.96 12
1.97 13
1.98 13
1.99 13
2 12
