0 0
0.0001 0
0.0002 0
0.0003 0
0.0004 0
0.0005 0
0.0006 0
0.0007 0
0.0008 0
0.0009 0
0.001 1
0.0011 1
0.0012 1
0.0013 1
0.0014 1
0.0015 1
0.0016 1
0.0017 1
0.0018 1
0.0019 2
0.002 2
0.0021 2
0.0022 2
0.0023 2
0.0024 2
0.0025 2
0.0026 2
0.0027 3
0.0028 3
0.0029 3
0.003 3
0.0031 3
0.0032 2
0.0033 2
0.0034 2
0.0035 2
0.0036 2
0.0037 2
0.0038 2
0.0039 2
0.004 2
0.0041 2
0.0042 2
0.0043 2
0.0044 3
0.0045 3
0.0046 3
0.0047 3
0.0048 3
0.0049 4
0.005 4
0.0051 4
0.0052 4
0.0053 4
0.0054 4
0.0055 4
0.0056 4
0.0057 4
0.0058 4
0.0059 4
0.006 5
0.0061 5
0.0062 5
0.0063 5
0.0064 5
0.0065 5
0.0066 5
0.0067 5
0.0068 5
0.0069 6
0.007 6
0.0071 5
0.0072 5
0.0073 5
0.0074 5
0.0075 5
0.0076 5
0.0077 5
0.0078 5
0.0079 5
0.008 5
0.0081 5
0.0082 4
0.0083 4
0.0084 4
0.0085 4
0.0086 4
0.0087 4
0.0088 4
0.0089 4
0.009 4
0.0091 5
0.0092 5
0.0093 5
0.0094 5
0.0095 5
0.0096 5
0.0097 4
0.0098 5
0.0099 5
0.01 6
0.0101 6
0.0102 6
0.0103 6
0.0104 6
0.0105 5
0.0106 6
0.0107 6
0.0108 6
0.0109 6
0.011 6
0.0111 6
0.0112 6
0.0113 6
0.0114 6
0.0115 6
0.0116 6
0.0117 6
0.0118 6
0.0119 5
0.012 5
0.0121 5
0.0122 5
0.0123 5
0.0124 6
0.0125 6
0.0126 6
0.0127 6
0.0128 6
0.0129 6
0.013 6
0.0131 7
0.0132 7
0.0133 7
0.0134 7
0.0135 7
0.0136 8
0.0137 8
0.0138 8
0.0139 8
0.014 7
0.0141 7
0.0142 7
0.0143 7
0.0144 7
0.0145 6
0.0146 7
0.0147 6
0.0148 6
0.0149 6
0.015 7
0.0151 7
0.0152 7
0.0153 7
0.0154 7
0.0155 6
0.0156 6
0.0157 6
0.0158 6
0.0159 6
0.016 7
0.0161 7
0.0162 6
0.0163 7
0.0164 7
0.0165 7
0.0166 7
0.0167 7
0.0168 7
0.0169 7
0.017 7
0.0171 7
0.0172 7
0.0173 7
0.0174 7
0.0175 8
0.0176 7
0.0177 8
0.0178 8
0.0179 8
0.018 8
0.0181 8
0.0182 8
0.0183 8
0.0184 8
0.0185 9
0.0186 9
0.0187 9
0.0188 9
0.0189 9
0.019 9
0.0191 9
0.0192 9
0.0193 10
0.0194 10
0.0195 11
0.0196 11
0.0197 12
0.0198 12
0.0199 11
0.02 11
0.0201 11
0.0202 10
0.0203 10
0.0204 10
0.0205 10
0.0206 10
0.0207 10
0.0208 10
0.0209 10
0.021 10
0.0211 10
0.0212 10
0.0213 9
0.0214 9
0.0215 9
0.0216 9
0.0217 9
0.0218 9
0.0219 9
0.022 9
0.0221 9
0.0222 9
0.0223 9
0.0224 9
0.0225 9
0.0226 9
0.0227 9
0.0228 11
0.0229 10
0.023 10
0.0231 9
0.0232 9
0.0233 9
0.0234 9
0.0235 9
0.0236 9
0.0237 9
0.0238 9
0.0239 9
0.024 9
0.0241 9
0.0242 9
0.0243 9
0.0244 9
0.0245 9
0.0246 9
0.0247 9
0.0248 9
0.0249 9
0.025 9
0.0251 9
0.0252 9
0.0253 10
0.0254 10
0.0255 9
0.0256 10
0.0257 10
0.0258 10
0.0259 10
0.026 10
0.0261 10
0.0262 9
0.0263 9
0.0264 9
0.0265 9
0.0266 9
0.0267 9
0.0268 9
0.0269 9
0.027 9
0.0271 9
0.0272 9
0.0273 9
0.0274 9
0.0275 9
0.0276 9
0.0277 10
0.0278 11
0.0279 11
0.028 11
0.0281 11
0.0282 11
0.0283 11
0.0284 11
0.0285 10
0.0286 10
0.0287 11
0.0288 11
0.0289 11
0.029 11
0.0291 11
0.0292 10
0.0293 10
0.0294 10
0.0295 11
0.0296 11
0.0297 11
0.0298 11
0.0299 11
0.03 11
0.0301 11
0.0302 11
0.0303 11
0.0304 11
0.0305 11
0.0306 11
0.0307 11
0.0308 11
0.0309 11
0.031 11
0.0311 11
0.0312 11
0.0313 12
0.0314 13
0.0315 13
0.0316 13
0.0317 13
0.0318 12
0.0319 12
0.032 12
0.0321 12
0.0322 12
0.0323 11
0.0324 12
0.0325 12
0.0326 14
0.0327 14
0.0328 13
0.0329 12
0.033 12
0.0331 12
0.0332 13
0.0333 13
0.0334 13
0.0335 13
0.0336 13
0.0337 12
0.0338 12
0.0339 12
0.034 13
0.0341 13
0.0342 13
0.0343 11
0.0344 10
0.0345 10
0.0346 10
0.0347 10
0.0348 11
0.0349 10
0.035 10
0.0351 11
0.0352 11
0.0353 11
0.0354 12
0.0355 11
0.0356 11
0.0357 11
0.0358 11
0.0359 11
0.036 11
0.0361 11
0.0362 11
0.0363 10
0.0364 9
0.0365 10
0.0366 11
0.0367 11
0.0368 11
0.0369 10
0.037 10
0.0371 10
0.0372 10
0.0373 10
0.0374 9
0.0375 9
0.0376 9
0.0377 9
0.0378 9
0.0379 9
0.038 9
0.0381 9
0.0382 10
0.0383 10
0.0384 10
0.0385 11
0.0386 11
0.0387 11
0.0388 11
0.0389 11
0.039 11
0.0391 11
0.0392 11
0.0393 11
0.0394 11
0.0395 11
0.0396 11
0.0397 11
0.0398 11
0.0399 11
0.04 11
0.0401 11
0.0402 11
0.0403 11
0.0404 11
0.0405 11
0.0406 11
0.0407 11
0.0408 11
0.0409 11
0.041 11
0.0411 12
0.0412 12
0.0413 12
0.0414 12
0.0415 12
0.0416 12
0.0417 12
0.0418 11
0.0419 11
0.042 11
0.0421 11
0.0422 11
0.0423 11
0.0424 11
0.0425 12
0.0426 12
0.0427 12
0.0428 12
0.0429 12
0.043 12
0.0431 12
0.0432 12
0.0433 12
0.0434 12
0.0435 11
0.0436 11
0.0437 11
0.0438 11
0.0439 11
0.044 11
0.0441 12
0.0442 13
0.0443 13
0.0444 13
0.0445 13
0.0446 13
0.0447 13
0.0448 13
0.0449 14
0.045 14
0.0451 14
0.0452 14
0.0453 14
0.0454 14
0.0455 14
0.0456 14
0.0457 14
0.0458 14
0.0459 14
0.046 15
0.0461 15
0.0462 15
0.0463 15
0.0464 15
0.0465 14
0.0466 14
0.0467 14
0.0468 14
0.0469 14
0.047 13
0.0471 12
0.0472 12
0.0473 12
0.0474 12
0.0475 12
0.0476 12
0.0477 12
0.0478 12
0.0479 12
0.048 12
0.0481 12
0.0482 12
0.0483 12
0.0484 12
0.0485 12
0.0486 11
0.0487 11
0.0488 11
0.0489 12
0.049 12
0.0491 11
0.0492 11
0.0493 11
0.0494 11
0.0495 11
0.0496 12
0.0497 12
0.0498 12
0.0499 12
0.05 12
0.0501 12
0.0502 12
0.0503 12
0.0504 12
0.0505 12
0.0506 12
0.0507 12
0.0508 12
0.0509 12
0.051 12
0.0511 13
0.0512 13
0.0513 13
0.0514 13
0.0515 13
0.0516 13
0.0517 12
0.0518 11
0.0519 11
0.052 11
0.0521 11
0.0522 11
0.0523 11
0.0524 11
0.0525 11
0.0526 11
0.0527 11
0.0528 11
0.0529 11
0.053 10
0.0531 10
0.0532 10
0.0533 11
0.0534 11
0.0535 11
0.0536 11
0.0537 11
0.0538 10
0.0539 10
0.054 11
0.0541 11
0.0542 11
0.0543 11
0.0544 11
0.0545 11
0.0546 11
0.0547 11
0.0548 11
0.0549 11
0.055 11
0.0551 11
0.0552 11
0.0553 9
0.0554 9
0.0555 9
0.0556 10
0.0557 10
0.0558 10
0.0559 11
0.056 10
0.0561 8
0.0562 8
0.0563 8
0.0564 8
0.0565 8
0.0566 8
0.0567 8
0.0568 8
0.0569 8
0.057 8
0.0571 7
0.0572 7
0.0573 7
0.0574 7
0.0575 7
0.0576 7
0.0577 7
0.0578 6
0.0579 6
0.058 6
0.0581 6
0.0582 6
0.0583 6
0.0584 6
0.0585 6
0.0586 6
0.0587 6
0.0588 6
0.0589 6
0.059 6
0.0591 6
0.0592 7
0.0593 7
0.0594 7
0.0595 7
0.0596 7
0.0597 7
0.0598 7
0.0599 7
0.06 7
0.0601 7
0.0602 7
0.0603 7
0.0604 7
0.0605 7
0.0606 7
0.0607 6
0.0608 6
0.0609 6
0.061 6
0.0611 6
0.0612 6
0.0613 6
0.0614 6
0.0615 6
0.0616 6
0.0617 6
0.0618 6
0.0619 6
0.062 6
0.0621 6
0.0622 6
0.0623 6
0.0624 6
0.0625 6
0.0626 6
0.0627 5
0.0628 5
0.0629 5
0.063 5
0.0631 4
0.0632 4
0.0633 5
0.0634 5
0.0635 5
0.0636 5
0.0637 5
0.0638 5
0.0639 5
0.064 5
0.0641 5
0.0642 5
0.0643 4
0.0644 4
0.0645 4
0.0646 4
0.0647 4
0.0648 4
0.0649 4
0.065 4
0.0651 4
0.0652 4
0.0653 4
0.0654 4
0.0655 4
0.0656 4
0.0657 4
0.0658 4
0.0659 4
0.066 4
0.0661 4
0.0662 4
0.0663 4
0.0664 4
0.0665 4
0.0666 4
0.0667 4
0.0668 4
0.0669 4
0.067 4
0.0671 4
0.0672 4
0.0673 4
0.0674 3
0.0675 3
0.0676 3
0.0677 3
0.0678 3
0.0679 3
0.068 3
0.0681 3
0.0682 4
0.0683 3
0.0684 4
0.0685 4
0.0686 4
0.0687 4
0.0688 5
0.0689 5
0.069 5
0.0691 5
0.0692 5
0.0693 5
0.0694 5
0.0695 4
0.0696 4
0.0697 5
0.0698 5
0.0699 5
0.07 5
0.0701 5
0.0702 5
0.0703 5
0.0704 5
0.0705 5
0.0706 5
0.0707 5
0.0708 5
0.0709 5
0.071 4
0.0711 4
0.0712 4
0.0713 4
0.0714 4
0.0715 4
0.0716 4
0.0717 4
0.0718 4
0.0719 4
0.072 4
0.0721 4
0.0722 4
0.0723 4
0.0724 5
0.0725 5
0.0726 4
0.0727 4
0.0728 4
0.0729 4
0.073 5
0.0731 5
0.0732 5
0.0733 5
0.0734 5
0.0735 5
0.0736 5
0.0737 5
0.0738 5
0.0739 5
0.074 5
0.0741 5
0.0742 5
0.0743 5
0.0744 5
0.0745 5
0.0746 6
0.0747 6
0.0748 6
0.0749 6
0.075 6
0.0751 6
0.0752 5
0.0753 4
0.0754 4
0.0755 4
0.0756 4
0.0757 4
0.0758 4
0.0759 4
0.076 4
0.0761 4
0.0762 4
0.0763 4
0.0764 4
0.0765 4
0.0766 4
0.0767 4
0.0768 4
0.0769 4
0.077 4
0.0771 4
0.0772 4
0.0773 4
0.0774 4
0.0775 4
0.0776 4
0.0777 3
0.0778 3
0.0779 3
0.078 3
0.0781 3
0.0782 3
0.0783 3
0.0784 3
0.0785 3
0.0786 3
0.0787 3
0.0788 3
0.0789 4
0.079 3
0.0791 3
0.0792 3
0.0793 3
0.0794 3
0.0795 3
0.0796 3
0.0797 3
0.0798 3
0.0799 3
0.08 3
0.0801 3
0.0802 3
0.0803 3
0.0804 3
0.0805 3
0.0806 3
0.0807 3
0.0808 3
0.0809 3
0.081 3
0.0811 3
0.0812 3
0.0813 3
0.0814 3
0.0815 3
0.0816 3
0.0817 3
0.0818 4
0.0819 4
0.082 4
0.0821 4
0.0822 4
0.0823 4
0.0824 4
0.0825 4
0.0826 4
0.0827 4
0.0828 4
0.0829 4
0.083 4
0.0831 4
0.0832 4
0.0833 4
0.0834 4
0.0835 4
0.0836 3
0.0837 3
0.0838 3
0.0839 3
0.084 3
0.0841 3
0.0842 3
0.0843 3
0.0844 3
0.0845 3
0.0846 3
0.0847 3
0.0848 3
0.0849 3
0.085 3
0.0851 3
0.0852 3
0.0853 3
0.0854 3
0.0855 3
0.0856 3
0.0857 3
0.0858 3
0.0859 3
0.086 3
0.0861 3
0.0862 3
0.0863 3
0.0864 3
0.0865 3
0.0866 3
0.0867 3
0.0868 3
0.0869 3
0.087 3
0.0871 3
0.0872 3
0.0873 3
0.0874 3
0.0875 3
0.0876 3
0.0877 3
0.0878 2
0.0879 2
0.088 2
0.0881 2
0.0882 2
0.0883 2
0.0884 2
0.0885 2
0.0886 2
0.0887 2
0.0888 2
0.0889 2
0.089 2
0.0891 2
0.0892 2
0.0893 2
0.0894 2
0.0895 2
0.0896 2
0.0897 2
0.0898 2
0.0899 2
0.09 2
0.0901 2
0.0902 2
0.0903 2
0.0904 2
0.0905 3
0.0906 3
0.0907 3
0.0908 3
0.0909 3
0.091 3
0.0911 3
0.0912 3
0.0913 3
0.0914 3
0.0915 3
0.0916 3
0.0917 3
0.0918 3
0.0919 3
0.092 3
0.0921 3
0.0922 3
0.0923 3
0.0924 3
0.0925 3
0.0926 3
0.0927 3
0.0928 3
0.0929 3
0.093 2
0.0931 2
0.0932 2
0.0933 2
0.0934 2
0.0935 2
0.0936 2
0.0937 2
0.0938 2
0.0939 2
0.094 2
0.0941 2
0.0942 2
0.0943 2
0.0944 2
0.0945 2
0.0946 2
0.0947 2
0.0948 2
0.0949 2
0.095 2
0.0951 2
0.0952 2
0.0953 2
0.0954 2
0.0955 2
0.0956 2
0.0957 2
0.0958 2
0.0959 2
0.096 2
0.0961 2
0.0962 2
0.0963 2
0.0964 2
0.0965 2
0.0966 2
0.0967 2
0.0968 2
0.0969 2
0.097 2
0.0971 3
0.0972 3
0.0973 3
0.0974 3
0.0975 3
0.0976 3
0.0977 3
0.0978 3
0.0979 3
0.098 3
0.0981 3
0.0982 3
0.0983 3
0.0984 3
0.0985 3
0.0986 3
0.0987 3
0.0988 3
0.0989 3
0.099 3
0.0991 3
0.0992 3
0.0993 3
0.0994 2
0.0995 2
0.0996 2
0.0997 2
0.0998 2
0.0999 2
0.1 2
