0 3755
0.01 3679
0.02 3617
0.03 3562
0.04 3518
0.05 3473
0.06 3444
0.07 3398
0.08 3355
0.09 3319
0.1 3273
0.11 3237
0.12 3217
0.13 3191
0.14 3159
0.15 3134
0.16 3109
0.17 3083
0.18 3056
0.19 3035
0.2 3025
0.21 3002
0.22 2988
0.23 2970
0.24 2946
0.25 2930
0.26 2911
0.27 2887
0.28 2868
0.29 2851
0.3 2833
0.31 2821
0.32 2809
0.33 2798
0.34 2780
0.35 2773
0.36 2763
0.37 2754
0.38 2739
0.39 2730
0.4 2722
0.41 2712
0.42 2707
0.43 2702
0.44 2685
0.45 2673
0.46 2669
0.47 2663
0.48 2654
0.49 2644
0.5 2638
0.51 2628
0.52 2620
0.53 2614
0.54 2611
0.55 2606
0.56 2601
0.57 2597
0.58 2593
0.59 2590
0.6 2586
0.61 2587
0.62 2584
0.63 2578
0.64 2575
0.65 2569
0.66 2565
0.67 2560
0.68 2556
0.69 2558
0.7 2554
0.71 2555
0.72 2550
0.73 2545
0.74 2542
0.75 2538
0.76 2533
0.77 2529
0.78 2527
0.79 2525
0.8 2524
0.81 2521
0.82 2520
0.83 2519
0.84 2518
0.85 2513
0.86 2512
0.87 2509
0.88 2507
0.89 2504
0.9 2505
0.91 2506
0.92 2506
0.93 2506
0.94 2504
0.95 2497
0.96 2496
0.97 2494
0.98 2494
0.99 2490
1 2489
1.01 2489
1.02 2490
1.03 2485
1.04 2485
1.05 2485
1.06 2483
1.07 2485
1.08 2483
1.09 2479
1.1 2480
1.11 2481
1.12 2480
1.13 2476
1.14 2474
1.15 2473
1.16 2473
1.17 2473
1.18 2474
1.19 2475
1.2 2475
1.21 2474
1.22 2474
1.23 2473
1.24 2470
1.25 2467
1.26 2466
1.27 2461
1.28 2462
1.29 2462
1.3 2464
1.31 2465
1.32 2465
1.33 2465
1.34 2462
1.35 2463
1.36 2462
1.37 2462
1.38 2464
1.39 2462
1.4 2461
1.41 2460
1.42 2461
1.43 2461
1.44 2460
1.45 2461
1.46 2457
1.47 2455
1.48 2455
1.49 2455
1.5 2454
1.51 2454
1.52 2453
1.53 2452
1.54 2452
1.55 2454
1.56 2450
1.57 2451
1.58 2449
1.59 2448
1.6 2448
1.61 2448
1.62 2447
1.63 2446
1.64 2447
1.65 2446
1.66 2445
1.67 2443
1.68 2443
1.69 2442
1.7 2442
1.71 2440
1.72 2443
1.73 2443
1.74 2441
1.75 2441
1.76 2443
1.77 2443
1.78 2443
1.79 2442
1.8 2442
1.81 2444
1.82 2444
1.83 2443
1.84 2441
1.85 2441
1.86 2442
1.87 2443
1.88 2443
1.89 2442
1.9 2443
1.91 2442
1.92 2441
1.93 2442
1.94 2443
1.95 2441
1.96 2443
1.97 2443
1.98 2443
1.99 2442
2 2441
