0 3755
0.01 3661
0.02 3587
0.03 3528
0.04 3488
0.05 3452
0.06 3414
0.07 3372
0.08 3338
0.09 3306
0.1 3285
0.11 3257
0.12 3224
0.13 3193
0.14 3161
0.15 3143
0.16 3122
0.17 3092
0.18 3068
0.19 3045
0.2 3021
0.21 3006
0.22 2988
0.23 2976
0.24 2957
0.25 2938
0.26 2920
0.27 2901
0.28 2891
0.29 2878
0.3 2864
0.31 2851
0.32 2843
0.33 2831
0.34 2821
0.35 2812
0.36 2796
0.37 2782
0.38 2769
0.39 2764
0.4 2752
0.41 2743
0.42 2729
0.43 2721
0.44 2712
0.45 2702
0.46 2702
0.47 2693
0.48 2679
0.49 2668
0.5 2658
0.51 2652
0.52 2644
0.53 2639
0.54 2634
0.55 2624
0.56 2621
0.57 2616
0.58 2612
0.59 2607
0.6 2601
0.61 2595
0.62 2588
0.63 2583
0.64 2577
0.65 2573
0.66 2568
0.67 2561
0.68 2557
0.69 2556
0.7 2552
0.71 2546
0.72 2543
0.73 2542
0.74 2538
0.75 2538
0.76 2536
0.77 2531
0.78 2527
0.79 2523
0.8 2522
0.81 2519
0.82 2517
0.83 2517
0.84 2517
0.85 2517
0.86 2510
0.87 2511
0.88 2513
0.89 2507
0.9 2507
0.91 2507
0.92 2505
0.93 2506
0.94 2503
0.95 2500
0.96 2496
0.97 2493
0.98 2492
0.99 2490
1 2490
1.01 2489
1.02 2488
1.03 2480
1.04 2480
1.05 2479
1.06 2479
1.07 2480
1.08 2477
1.09 2476
1.1 2476
1.11 2474
1.12 2473
1.13 2469
1.14 2467
1.15 2466
1.16 2464
1.17 2463
1.18 2464
1.19 2464
1.2 2463
1.21 2459
1.22 2460
1.23 2459
1.24 2458
1.25 2458
1.26 2457
1.27 2457
1.28 2457
1.29 2458
1.3 2457
1.31 2455
1.32 2454
1.33 2454
1.34 2455
1.35 2453
1.36 2451
1.37 2452
1.38 2451
1.39 2450
1.4 2450
1.41 2448
1.42 2448
1.43 2447
1.44 2449
1.45 2449
1.46 2447
1.47 2446
1.48 2446
1.49 2446
1.5 2445
1.51 2445
1.52 2444
1.53 2444
1.54 2445
1.55 2445
1.56 2444
1.57 2444
1.58 2448
1.59 2447
1.6 2446
1.61 2447
1.62 2447
1.63 2447
1.64 2445
1.65 2446
1.66 2444
1.67 2442
1.68 2443
1.69 2443
1.7 2444
1.71 2443
1.72 2443
1.73 2444
1.74 2444
1.75 2446
1.76 2445
1.77 2444
1.78 2445
1.79 2445
1.8 2445
1.81 2445
1.82 2443
1.83 2443
1.84 2443
1.85 2443
1.86 2443
1.87 2443
1.88 2446
1.89 2446
1.9 2444
1.91 2443
1.92 2443
1.93 2443
1.94 2445
1.95 2444
1.96 2444
1.97 2444
1.98 2444
1.99 2443
2 2446
