0 0
0.0001 0
0.0002 0
0.0003 1
0.0004 1
0.0005 1
0.0006 2
0.0007 2
0.0008 2
0.0009 2
0.001 2
0.0011 2
0.0012 2
0.0013 2
0.0014 2
0.0015 2
0.0016 2
0.0017 3
0.0018 3
0.0019 3
0.002 3
0.0021 3
0.0022 3
0.0023 3
0.0024 3
0.0025 3
0.0026 3
0.0027 3
0.0028 3
0.0029 3
0.003 3
0.0031 4
0.0032 4
0.0033 4
0.0034 4
0.0035 4
0.0036 5
0.0037 6
0.0038 6
0.0039 6
0.004 6
0.0041 6
0.0042 6
0.0043 6
0.0044 6
0.0045 5
0.0046 5
0.0047 4
0.0048 4
0.0049 4
0.005 4
0.0051 5
0.0052 5
0.0053 5
0.0054 8
0.0055 8
0.0056 8
0.0057 8
0.0058 8
0.0059 7
0.006 8
0.0061 8
0.0062 8
0.0063 8
0.0064 8
0.0065 8
0.0066 8
0.0067 7
0.0068 7
0.0069 7
0.007 7
0.0071 6
0.0072 7
0.0073 7
0.0074 7
0.0075 7
0.0076 7
0.0077 6
0.0078 5
0.0079 4
0.008 4
0.0081 4
0.0082 4
0.0083 4
0.0084 4
0.0085 4
0.0086 4
0.0087 4
0.0088 4
0.0089 4
0.009 4
0.0091 4
0.0092 5
0.0093 5
0.0094 5
0.0095 5
0.0096 6
0.0097 6
0.0098 6
0.0099 7
0.01 7
0.0101 7
0.0102 6
0.0103 6
0.0104 6
0.0105 6
0.0106 6
0.0107 6
0.0108 6
0.0109 6
0.011 6
0.0111 6
0.0112 6
0.0113 6
0.0114 6
0.0115 6
0.0116 6
0.0117 6
0.0118 6
0.0119 6
0.012 6
0.0121 6
0.0122 6
0.0123 6
0.0124 6
0.0125 6
0.0126 6
0.0127 5
0.0128 5
0.0129 5
0.013 6
0.0131 6
0.0132 6
0.0133 6
0.0134 6
0.0135 6
0.0136 6
0.0137 6
0.0138 5
0.0139 5
0.014 5
0.0141 5
0.0142 5
0.0143 6
0.0144 5
0.0145 5
0.0146 5
0.0147 5
0.0148 5
0.0149 5
0.015 5
0.0151 5
0.0152 5
0.0153 5
0.0154 5
0.0155 5
0.0156 5
0.0157 6
0.0158 6
0.0159 6
0.016 6
0.0161 6
0.0162 6
0.0163 6
0.0164 6
0.0165 6
0.0166 6
0.0167 6
0.0168 6
0.0169 6
0.017 6
0.0171 5
0.0172 5
0.0173 5
0.0174 5
0.0175 5
0.0176 5
0.0177 5
0.0178 5
0.0179 5
0.018 5
0.0181 5
0.0182 5
0.0183 5
0.0184 5
0.0185 5
0.0186 5
0.0187 5
0.0188 4
0.0189 4
0.019 4
0.0191 4
0.0192 4
0.0193 4
0.0194 4
0.0195 4
0.0196 4
0.0197 4
0.0198 4
0.0199 4
0.02 4
0.0201 4
0.0202 4
0.0203 5
0.0204 5
0.0205 5
0.0206 5
0.0207 5
0.0208 5
0.0209 5
0.021 5
0.0211 5
0.0212 5
0.0213 5
0.0214 5
0.0215 5
0.0216 5
0.0217 5
0.0218 5
0.0219 5
0.022 5
0.0221 5
0.0222 5
0.0223 6
0.0224 5
0.0225 5
0.0226 5
0.0227 5
0.0228 5
0.0229 5
0.023 5
0.0231 5
0.0232 5
0.0233 4
0.0234 4
0.0235 4
0.0236 4
0.0237 4
0.0238 4
0.0239 3
0.024 3
0.0241 3
0.0242 3
0.0243 3
0.0244 3
0.0245 3
0.0246 3
0.0247 3
0.0248 3
0.0249 3
0.025 3
0.0251 3
0.0252 3
0.0253 3
0.0254 3
0.0255 3
0.0256 3
0.0257 3
0.0258 2
0.0259 4
0.026 4
0.0261 4
0.0262 3
0.0263 3
0.0264 3
0.0265 3
0.0266 3
0.0267 3
0.0268 3
0.0269 4
0.027 4
0.0271 4
0.0272 4
0.0273 4
0.0274 4
0.0275 4
0.0276 4
0.0277 4
0.0278 4
0.0279 4
0.028 4
0.0281 5
0.0282 5
0.0283 5
0.0284 5
0.0285 5
0.0286 5
0.0287 5
0.0288 5
0.0289 5
0.029 5
0.0291 5
0.0292 5
0.0293 5
0.0294 5
0.0295 5
0.0296 5
0.0297 5
0.0298 5
0.0299 5
0.03 5
0.0301 5
0.0302 5
0.0303 5
0.0304 5
0.0305 5
0.0306 5
0.0307 5
0.0308 7
0.0309 6
0.031 6
0.0311 6
0.0312 6
0.0313 6
0.0314 7
0.0315 7
0.0316 7
0.0317 8
0.0318 8
0.0319 8
0.032 8
0.0321 8
0.0322 8
0.0323 8
0.0324 8
0.0325 8
0.0326 8
0.0327 8
0.0328 8
0.0329 8
0.033 8
0.0331 8
0.0332 8
0.0333 8
0.0334 8
0.0335 8
0.0336 8
0.0337 8
0.0338 8
0.0339 8
0.034 8
0.0341 8
0.0342 8
0.0343 8
0.0344 8
0.0345 8
0.0346 8
0.0347 8
0.0348 8
0.0349 8
0.035 8
0.0351 8
0.0352 8
0.0353 8
0.0354 8
0.0355 7
0.0356 6
0.0357 6
0.0358 6
0.0359 6
0.036 6
0.0361 5
0.0362 5
0.0363 5
0.0364 5
0.0365 5
0.0366 5
0.0367 5
0.0368 4
0.0369 5
0.037 5
0.0371 5
0.0372 5
0.0373 5
0.0374 5
0.0375 6
0.0376 7
0.0377 7
0.0378 7
0.0379 7
0.038 7
0.0381 7
0.0382 7
0.0383 7
0.0384 7
0.0385 8
0.0386 8
0.0387 8
0.0388 8
0.0389 8
0.039 8
0.0391 8
0.0392 8
0.0393 8
0.0394 8
0.0395 8
0.0396 8
0.0397 8
0.0398 8
0.0399 7
0.04 7
0.0401 7
0.0402 8
0.0403 8
0.0404 8
0.0405 8
0.0406 8
0.0407 7
0.0408 7
0.0409 7
0.041 7
0.0411 7
0.0412 7
0.0413 6
0.0414 6
0.0415 7
0.0416 7
0.0417 7
0.0418 7
0.0419 7
0.042 7
0.0421 7
0.0422 7
0.0423 7
0.0424 7
0.0425 7
0.0426 7
0.0427 7
0.0428 7
0.0429 7
0.043 7
0.0431 7
0.0432 7
0.0433 7
0.0434 6
0.0435 6
0.0436 6
0.0437 6
0.0438 6
0.0439 6
0.044 6
0.0441 6
0.0442 6
0.0443 5
0.0444 5
0.0445 5
0.0446 6
0.0447 6
0.0448 6
0.0449 5
0.045 5
0.0451 5
0.0452 5
0.0453 5
0.0454 5
0.0455 6
0.0456 6
0.0457 6
0.0458 6
0.0459 6
0.046 7
0.0461 7
0.0462 7
0.0463 7
0.0464 7
0.0465 7
0.0466 6
0.0467 6
0.0468 7
0.0469 7
0.047 7
0.0471 7
0.0472 7
0.0473 7
0.0474 7
0.0475 7
0.0476 7
0.0477 7
0.0478 7
0.0479 7
0.048 7
0.0481 7
0.0482 7
0.0483 7
0.0484 7
0.0485 7
0.0486 7
0.0487 7
0.0488 7
0.0489 7
0.049 7
0.0491 7
0.0492 7
0.0493 7
0.0494 7
0.0495 7
0.0496 7
0.0497 7
0.0498 7
0.0499 7
0.05 7
0.0501 7
0.0502 7
0.0503 7
0.0504 7
0.0505 7
0.0506 7
0.0507 7
0.0508 7
0.0509 7
0.051 7
0.0511 6
0.0512 6
0.0513 6
0.0514 6
0.0515 6
0.0516 6
0.0517 6
0.0518 6
0.0519 6
0.052 6
0.0521 6
0.0522 6
0.0523 6
0.0524 6
0.0525 6
0.0526 6
0.0527 6
0.0528 6
0.0529 6
0.053 6
0.0531 7
0.0532 6
0.0533 6
0.0534 6
0.0535 6
0.0536 6
0.0537 6
0.0538 6
0.0539 6
0.054 6
0.0541 6
0.0542 6
0.0543 6
0.0544 6
0.0545 6
0.0546 6
0.0547 6
0.0548 6
0.0549 6
0.055 6
0.0551 6
0.0552 6
0.0553 6
0.0554 6
0.0555 6
0.0556 6
0.0557 6
0.0558 6
0.0559 6
0.056 6
0.0561 6
0.0562 6
0.0563 6
0.0564 5
0.0565 5
0.0566 5
0.0567 5
0.0568 5
0.0569 5
0.057 5
0.0571 5
0.0572 5
0.0573 5
0.0574 5
0.0575 5
0.0576 5
0.0577 5
0.0578 5
0.0579 5
0.058 5
0.0581 5
0.0582 5
0.0583 5
0.0584 5
0.0585 5
0.0586 5
0.0587 5
0.0588 5
0.0589 5
0.059 5
0.0591 5
0.0592 5
0.0593 5
0.0594 5
0.0595 5
0.0596 5
0.0597 5
0.0598 6
0.0599 6
0.06 6
0.0601 6
0.0602 6
0.0603 6
0.0604 6
0.0605 6
0.0606 6
0.0607 6
0.0608 6
0.0609 7
0.061 7
0.0611 7
0.0612 7
0.0613 7
0.0614 7
0.0615 7
0.0616 7
0.0617 7
0.0618 7
0.0619 7
0.062 7
0.0621 7
0.0622 7
0.0623 7
0.0624 7
0.0625 7
0.0626 7
0.0627 7
0.0628 7
0.0629 7
0.063 7
0.0631 7
0.0632 7
0.0633 7
0.0634 7
0.0635 7
0.0636 7
0.0637 7
0.0638 7
0.0639 7
0.064 7
0.0641 7
0.0642 7
0.0643 7
0.0644 6
0.0645 6
0.0646 6
0.0647 6
0.0648 6
0.0649 6
0.065 6
0.0651 6
0.0652 5
0.0653 5
0.0654 5
0.0655 5
0.0656 5
0.0657 5
0.0658 5
0.0659 5
0.066 5
0.0661 5
0.0662 5
0.0663 5
0.0664 5
0.0665 5
0.0666 5
0.0667 5
0.0668 6
0.0669 6
0.067 6
0.0671 6
0.0672 6
0.0673 6
0.0674 6
0.0675 6
0.0676 6
0.0677 6
0.0678 6
0.0679 6
0.068 6
0.0681 6
0.0682 6
0.0683 6
0.0684 6
0.0685 6
0.0686 6
0.0687 6
0.0688 6
0.0689 6
0.069 7
0.0691 7
0.0692 7
0.0693 7
0.0694 7
0.0695 7
0.0696 7
0.0697 7
0.0698 7
0.0699 8
0.07 8
0.0701 8
0.0702 8
0.0703 8
0.0704 8
0.0705 8
0.0706 8
0.0707 8
0.0708 8
0.0709 8
0.071 8
0.0711 8
0.0712 8
0.0713 8
0.0714 8
0.0715 8
0.0716 8
0.0717 8
0.0718 8
0.0719 8
0.072 8
0.0721 8
0.0722 7
0.0723 7
0.0724 7
0.0725 7
0.0726 7
0.0727 7
0.0728 6
0.0729 6
0.073 6
0.0731 6
0.0732 6
0.0733 6
0.0734 6
0.0735 6
0.0736 6
0.0737 6
0.0738 6
0.0739 6
0.074 5
0.0741 5
0.0742 5
0.0743 5
0.0744 5
0.0745 5
0.0746 5
0.0747 5
0.0748 5
0.0749 5
0.075 5
0.0751 5
0.0752 5
0.0753 5
0.0754 5
0.0755 5
0.0756 5
0.0757 4
0.0758 4
0.0759 4
0.076 4
0.0761 4
0.0762 4
0.0763 4
0.0764 5
0.0765 5
0.0766 5
0.0767 5
0.0768 5
0.0769 5
0.077 5
0.0771 6
0.0772 6
0.0773 6
0.0774 6
0.0775 6
0.0776 6
0.0777 6
0.0778 6
0.0779 6
0.078 6
0.0781 6
0.0782 6
0.0783 5
0.0784 5
0.0785 5
0.0786 5
0.0787 5
0.0788 5
0.0789 5
0.079 5
0.0791 5
0.0792 5
0.0793 5
0.0794 5
0.0795 5
0.0796 4
0.0797 4
0.0798 4
0.0799 4
0.08 4
0.0801 4
0.0802 4
0.0803 4
0.0804 4
0.0805 4
0.0806 4
0.0807 4
0.0808 4
0.0809 5
0.081 5
0.0811 5
0.0812 5
0.0813 5
0.0814 5
0.0815 5
0.0816 5
0.0817 5
0.0818 5
0.0819 5
0.082 5
0.0821 5
0.0822 5
0.0823 5
0.0824 5
0.0825 5
0.0826 5
0.0827 5
0.0828 5
0.0829 5
0.083 5
0.0831 5
0.0832 5
0.0833 5
0.0834 5
0.0835 5
0.0836 5
0.0837 5
0.0838 5
0.0839 5
0.084 5
0.0841 5
0.0842 5
0.0843 5
0.0844 5
0.0845 5
0.0846 5
0.0847 5
0.0848 4
0.0849 4
0.085 4
0.0851 4
0.0852 3
0.0853 3
0.0854 2
0.0855 2
0.0856 2
0.0857 2
0.0858 2
0.0859 2
0.086 2
0.0861 2
0.0862 2
0.0863 2
0.0864 2
0.0865 2
0.0866 2
0.0867 2
0.0868 2
0.0869 2
0.087 2
0.0871 3
0.0872 3
0.0873 3
0.0874 3
0.0875 3
0.0876 3
0.0877 3
0.0878 3
0.0879 3
0.088 3
0.0881 3
0.0882 3
0.0883 3
0.0884 3
0.0885 4
0.0886 5
0.0887 5
0.0888 5
0.0889 5
0.089 5
0.0891 5
0.0892 5
0.0893 5
0.0894 5
0.0895 5
0.0896 5
0.0897 5
0.0898 5
0.0899 5
0.09 4
0.0901 4
0.0902 4
0.0903 4
0.0904 4
0.0905 4
0.0906 4
0.0907 4
0.0908 4
0.0909 4
0.091 4
0.0911 4
0.0912 3
0.0913 3
0.0914 3
0.0915 3
0.0916 3
0.0917 3
0.0918 3
0.0919 3
0.092 3
0.0921 3
0.0922 3
0.0923 3
0.0924 3
0.0925 3
0.0926 4
0.0927 4
0.0928 4
0.0929 4
0.093 4
0.0931 4
0.0932 4
0.0933 4
0.0934 4
0.0935 4
0.0936 4
0.0937 4
0.0938 4
0.0939 4
0.094 4
0.0941 4
0.0942 4
0.0943 4
0.0944 4
0.0945 4
0.0946 4
0.0947 5
0.0948 5
0.0949 5
0.095 5
0.0951 5
0.0952 5
0.0953 5
0.0954 5
0.0955 5
0.0956 5
0.0957 6
0.0958 6
0.0959 6
0.096 6
0.0961 6
0.0962 6
0.0963 6
0.0964 6
0.0965 6
0.0966 6
0.0967 6
0.0968 6
0.0969 5
0.097 5
0.0971 5
0.0972 5
0.0973 5
0.0974 5
0.0975 5
0.0976 5
0.0977 5
0.0978 5
0.0979 5
0.098 5
0.0981 5
0.0982 6
0.0983 6
0.0984 6
0.0985 6
0.0986 6
0.0987 6
0.0988 6
0.0989 6
0.099 5
0.0991 5
0.0992 5
0.0993 5
0.0994 5
0.0995 5
0.0996 5
0.0997 5
0.0998 5
0.0999 5
0.1 6
