0 0
0.01 44
0.02 67
0.03 84
0.04 95
0.05 96
0.06 93
0.07 95
0.08 98
0.09 98
0.1 102
0.11 93
0.12 92
0.13 97
0.14 95
0.15 93
0.16 94
0.17 95
0.18 94
0.19 91
0.2 90
0.21 82
0.22 82
0.23 81
0.24 89
0.25 81
0.26 83
0.27 81
0.28 87
0.29 81
0.3 80
0.31 81
0.32 82
0.33 82
0.34 80
0.35 81
0.36 85
0.37 85
0.38 82
0.39 79
0.4 78
0.41 84
0.42 86
0.43 78
0.44 69
0.45 74
0.46 76
0.47 79
0.48 80
0.49 72
0.5 75
0.51 72
0.52 65
0.53 69
0.54 67
0.55 65
0.56 68
0.57 71
0.58 70
0.59 67
0.6 67
0.61 62
0.62 62
0.63 62
0.64 63
0.65 66
0.66 65
0.67 63
0.68 67
0.69 72
0.7 69
0.71 65
0.72 67
0.73 65
0.74 56
0.75 55
0.76 54
0.77 51
0.78 52
0.79 56
0.8 54
0.81 53
0.82 60
0.83 60
0.84 60
0.85 67
0.86 63
0.87 60
0.88 58
0.89 59
0.9 57
0.91 59
0.92 60
0.93 57
0.94 58
0.95 51
0.96 53
0.97 52
0.98 53
0.99 51
1 58
1.01 58
1.02 55
1.03 54
1.04 58
1.05 59
1.06 64
1.07 63
1.08 62
1.09 63
1.1 68
1.11 71
1.12 67
1.13 62
1.14 59
1.15 55
1.16 54
1.17 57
1.18 58
1.19 62
1.2 66
1.21 68
1.22 66
1.23 65
1.24 65
1.25 63
1.26 64
1.27 62
1.28 63
1.29 68
1.3 67
1.31 68
1.32 70
1.33 69
1.34 72
1.35 67
1.36 70
1.37 69
1.38 63
1.39 65
1.4 57
1.41 57
1.42 54
1.43 53
1.44 51
1.45 54
1.46 54
1.47 56
1.48 55
1.49 54
1.5 54
1.51 51
1.52 48
1.53 51
1.54 52
1.55 47
1.56 53
1.57 55
1.58 58
1.59 55
1.6 58
1.61 58
1.62 57
1.63 62
1.64 63
1.65 65
1.66 62
1.67 63
1.68 64
1.69 62
1.7 58
1.71 55
1.72 53
1.73 55
1.74 55
1.75 56
1.76 58
1.77 60
1.78 57
1.79 63
1.8 63
1.81 62
1.82 60
1.83 63
1.84 53
1.85 55
1.86 59
1.87 59
1.88 64
1.89 65
1.9 59
1.91 60
1.92 65
1.93 62
1.94 64
1.95 60
1.96 59
1.97 56
1.98 55
1.99 56
2 64
