0 0
0.01 53
0.02 88
0.03 100
0.04 104
0.05 115
0.06 110
0.07 104
0.08 103
0.09 109
0.1 105
0.11 106
0.12 111
0.13 106
0.14 109
0.15 116
0.16 107
0.17 102
0.18 110
0.19 105
0.2 114
0.21 110
0.22 109
0.23 103
0.24 98
0.25 95
0.26 87
0.27 85
0.28 85
0.29 79
0.3 76
0.31 86
0.32 81
0.33 77
0.34 71
0.35 71
0.36 71
0.37 70
0.38 74
0.39 71
0.4 76
0.41 74
0.42 75
0.43 76
0.44 73
0.45 77
0.46 80
0.47 83
0.48 85
0.49 83
0.5 85
0.51 77
0.52 73
0.53 75
0.54 74
0.55 76
0.56 80
0.57 77
0.58 74
0.59 71
0.6 73
0.61 77
0.62 78
0.63 77
0.64 76
0.65 76
0.66 75
0.67 76
0.68 64
0.69 66
0.7 67
0.71 67
0.72 69
0.73 71
0.74 67
0.75 67
0.76 64
0.77 59
0.78 55
0.79 52
0.8 51
0.81 51
0.82 55
0.83 54
0.84 57
0.85 49
0.86 52
0.87 55
0.88 56
0.89 58
0.9 65
0.91 64
0.92 63
0.93 61
0.94 66
0.95 66
0.96 60
0.97 57
0.98 61
0.99 64
1 69
1.01 68
1.02 69
1.03 66
1.04 65
1.05 60
1.06 60
1.07 65
1.08 64
1.09 57
1.1 57
1.11 57
1.12 56
1.13 57
1.14 52
1.15 55
1.16 58
1.17 61
1.18 49
1.19 43
1.2 43
1.21 40
1.22 44
1.23 43
1.24 42
1.25 39
1.26 45
1.27 45
1.28 51
1.29 55
1.3 57
1.31 62
1.32 63
1.33 61
1.34 57
1.35 59
1.36 59
1.37 60
1.38 60
1.39 57
1.4 56
1.41 53
1.42 58
1.43 60
1.44 58
1.45 54
1.46 60
1.47 59
1.48 58
1.49 53
1.5 57
1.51 57
1.52 55
1.53 52
1.54 52
1.55 53
1.56 55
1.57 58
1.58 60
1.59 60
1.6 53
1.61 53
1.62 56
1.63 53
1.64 59
1.65 64
1.66 58
1.67 60
1.68 57
1.69 56
1.7 56
1.71 50
1.72 50
1.73 53
1.74 54
1.75 52
1.76 46
1.77 54
1.78 48
1.79 47
1.8 46
1.81 45
1.82 43
1.83 52
1.84 51
1.85 51
1.86 47
1.87 53
1.88 56
1.89 60
1.9 60
1.91 60
1.92 65
1.93 63
1.94 65
1.95 67
1.96 64
1.97 63
1.98 60
1.99 61
2 58
