0 0
0.0001 0
0.0002 0
0.0003 0
0.0004 0
0.0005 0
0.0006 0
0.0007 0
0.0008 0
0.0009 0
0.001 0
0.0011 0
0.0012 0
0.0013 0
0.0014 0
0.0015 0
0.0016 0
0.0017 0
0.0018 0
0.0019 0
0.002 0
0.0021 0
0.0022 0
0.0023 2
0.0024 2
0.0025 4
0.0026 4
0.0027 5
0.0028 8
0.0029 9
0.003 9
0.0031 12
0.0032 13
0.0033 13
0.0034 15
0.0035 18
0.0036 22
0.0037 22
0.0038 23
0.0039 24
0.004 27
0.0041 29
0.0042 30
0.0043 32
0.0044 34
0.0045 34
0.0046 35
0.0047 37
0.0048 40
0.0049 43
0.005 44
0.0051 46
0.0052 46
0.0053 51
0.0054 54
0.0055 56
0.0056 57
0.0057 60
0.0058 62
0.0059 65
0.006 67
0.0061 71
0.0062 79
0.0063 82
0.0064 88
0.0065 95
0.0066 102
0.0067 106
0.0068 108
0.0069 107
0.007 111
0.0071 114
0.0072 119
0.0073 121
0.0074 126
0.0075 129
0.0076 130
0.0077 133
0.0078 135
0.0079 137
0.008 142
0.0081 146
0.0082 151
0.0083 158
0.0084 160
0.0085 166
0.0086 170
0.0087 173
0.0088 179
0.0089 181
0.009 185
0.0091 187
0.0092 193
0.0093 201
0.0094 205
0.0095 210
0.0096 214
0.0097 218
0.0098 226
0.0099 231
0.01 234
0.0101 241
0.0102 247
0.0103 251
0.0104 258
0.0105 265
0.0106 276
0.0107 279
0.0108 286
0.0109 294
0.011 301
0.0111 305
0.0112 312
0.0113 321
0.0114 330
0.0115 334
0.0116 343
0.0117 348
0.0118 360
0.0119 368
0.012 378
0.0121 380
0.0122 386
0.0123 391
0.0124 397
0.0125 402
0.0126 410
0.0127 415
0.0128 423
0.0129 428
0.013 436
0.0131 446
0.0132 457
0.0133 461
0.0134 471
0.0135 476
0.0136 478
0.0137 488
0.0138 500
0.0139 502
0.014 511
0.0141 521
0.0142 526
0.0143 533
0.0144 539
0.0145 549
0.0146 554
0.0147 567
0.0148 578
0.0149 584
0.015 593
0.0151 595
0.0152 599
0.0153 604
0.0154 615
0.0155 622
0.0156 630
0.0157 641
0.0158 649
0.0159 656
0.016 663
0.0161 672
0.0162 680
0.0163 687
0.0164 695
0.0165 701
0.0166 710
0.0167 722
0.0168 729
0.0169 738
0.017 745
0.0171 751
0.0172 758
0.0173 766
0.0174 774
0.0175 782
0.0176 794
0.0177 803
0.0178 817
0.0179 830
0.018 837
0.0181 851
0.0182 861
0.0183 866
0.0184 871
0.0185 877
0.0186 880
0.0187 884
0.0188 887
0.0189 896
0.019 901
0.0191 904
0.0192 914
0.0193 920
0.0194 928
0.0195 940
0.0196 943
0.0197 946
0.0198 955
0.0199 966
0.02 977
0.0201 990
0.0202 996
0.0203 1004
0.0204 1014
0.0205 1019
0.0206 1027
0.0207 1042
0.0208 1047
0.0209 1055
0.021 1064
0.0211 1072
0.0212 1079
0.0213 1087
0.0214 1101
0.0215 1110
0.0216 1130
0.0217 1140
0.0218 1149
0.0219 1156
0.022 1166
0.0221 1176
0.0222 1189
0.0223 1200
0.0224 1214
0.0225 1223
0.0226 1228
0.0227 1240
0.0228 1246
0.0229 1265
0.023 1274
0.0231 1283
0.0232 1289
0.0233 1300
0.0234 1307
0.0235 1318
0.0236 1326
0.0237 1339
0.0238 1344
0.0239 1357
0.024 1367
0.0241 1380
0.0242 1386
0.0243 1395
0.0244 1411
0.0245 1418
0.0246 1427
0.0247 1432
0.0248 1434
0.0249 1444
0.025 1454
0.0251 1461
0.0252 1471
0.0253 1480
0.0254 1486
0.0255 1500
0.0256 1504
0.0257 1505
0.0258 1509
0.0259 1501
0.026 1488
0.0261 1499
0.0262 1481
0.0263 1467
0.0264 1437
0.0265 1426
0.0266 1385
0.0267 1349
0.0268 1319
0.0269 1292
0.027 1259
0.0271 1230
0.0272 1193
0.0273 1179
0.0274 1163
0.0275 1148
0.0276 1132
0.0277 1127
0.0278 1113
0.0279 1097
0.028 1073
0.0281 1058
0.0282 1040
0.0283 1019
0.0284 1000
0.0285 989
0.0286 963
0.0287 941
0.0288 922
0.0289 896
0.029 880
0.0291 859
0.0292 843
0.0293 826
0.0294 823
0.0295 808
0.0296 795
0.0297 787
0.0298 768
0.0299 743
0.03 739
0.0301 723
0.0302 723
0.0303 712
0.0304 696
0.0305 681
0.0306 672
0.0307 655
0.0308 645
0.0309 641
0.031 642
0.0311 630
0.0312 628
0.0313 624
0.0314 619
0.0315 614
0.0316 600
0.0317 593
0.0318 577
0.0319 572
0.032 574
0.0321 572
0.0322 560
0.0323 551
0.0324 544
0.0325 532
0.0326 521
0.0327 521
0.0328 513
0.0329 503
0.033 495
0.0331 481
0.0332 465
0.0333 455
0.0334 450
0.0335 439
0.0336 434
0.0337 429
0.0338 424
0.0339 414
0.034 414
0.0341 416
0.0342 414
0.0343 416
0.0344 412
0.0345 407
0.0346 396
0.0347 395
0.0348 388
0.0349 372
0.035 377
0.0351 377
0.0352 378
0.0353 372
0.0354 365
0.0355 360
0.0356 359
0.0357 352
0.0358 355
0.0359 352
0.036 349
0.0361 354
0.0362 350
0.0363 343
0.0364 345
0.0365 337
0.0366 334
0.0367 328
0.0368 330
0.0369 323
0.037 316
0.0371 305
0.0372 305
0.0373 302
0.0374 297
0.0375 292
0.0376 287
0.0377 276
0.0378 269
0.0379 267
0.038 265
0.0381 259
0.0382 263
0.0383 259
0.0384 257
0.0385 247
0.0386 247
0.0387 247
0.0388 252
0.0389 253
0.039 248
0.0391 254
0.0392 264
0.0393 263
0.0394 263
0.0395 269
0.0396 267
0.0397 263
0.0398 257
0.0399 254
0.04 251
0.0401 249
0.0402 254
0.0403 255
0.0404 252
0.0405 255
0.0406 268
0.0407 274
0.0408 271
0.0409 271
0.041 269
0.0411 266
0.0412 266
0.0413 272
0.0414 278
0.0415 282
0.0416 285
0.0417 280
0.0418 274
0.0419 272
0.042 267
0.0421 257
0.0422 254
0.0423 246
0.0424 239
0.0425 235
0.0426 231
0.0427 229
0.0428 221
0.0429 223
0.043 220
0.0431 219
0.0432 217
0.0433 221
0.0434 225
0.0435 230
0.0436 235
0.0437 236
0.0438 235
0.0439 242
0.044 250
0.0441 253
0.0442 250
0.0443 241
0.0444 240
0.0445 241
0.0446 240
0.0447 238
0.0448 241
0.0449 233
0.045 230
0.0451 227
0.0452 225
0.0453 224
0.0454 231
0.0455 233
0.0456 234
0.0457 234
0.0458 232
0.0459 228
0.046 221
0.0461 218
0.0462 220
0.0463 225
0.0464 229
0.0465 235
0.0466 248
0.0467 260
0.0468 264
0.0469 268
0.047 280
0.0471 298
0.0472 305
0.0473 305
0.0474 309
0.0475 303
0.0476 305
0.0477 304
0.0478 305
0.0479 301
0.048 299
0.0481 296
0.0482 292
0.0483 293
0.0484 303
0.0485 304
0.0486 301
0.0487 299
0.0488 291
0.0489 289
0.049 291
0.0491 289
0.0492 295
0.0493 298
0.0494 297
0.0495 292
0.0496 285
0.0497 276
0.0498 271
0.0499 268
0.05 260
0.0501 257
0.0502 259
0.0503 255
0.0504 256
0.0505 257
0.0506 257
0.0507 257
0.0508 261
0.0509 257
0.051 259
0.0511 265
0.0512 266
0.0513 267
0.0514 262
0.0515 250
0.0516 247
0.0517 248
0.0518 250
0.0519 245
0.052 241
0.0521 244
0.0522 243
0.0523 241
0.0524 235
0.0525 238
0.0526 237
0.0527 237
0.0528 233
0.0529 229
0.053 226
0.0531 222
0.0532 218
0.0533 221
0.0534 220
0.0535 221
0.0536 218
0.0537 218
0.0538 218
0.0539 219
0.054 225
0.0541 234
0.0542 235
0.0543 238
0.0544 243
0.0545 234
0.0546 237
0.0547 241
0.0548 250
0.0549 244
0.055 237
0.0551 231
0.0552 227
0.0553 228
0.0554 234
0.0555 235
0.0556 239
0.0557 241
0.0558 233
0.0559 228
0.056 230
0.0561 238
0.0562 247
0.0563 246
0.0564 244
0.0565 247
0.0566 246
0.0567 243
0.0568 249
0.0569 246
0.057 250
0.0571 251
0.0572 255
0.0573 256
0.0574 265
0.0575 271
0.0576 271
0.0577 267
0.0578 263
0.0579 265
0.058 265
0.0581 260
0.0582 259
0.0583 259
0.0584 264
0.0585 265
0.0586 263
0.0587 257
0.0588 252
0.0589 250
0.059 244
0.0591 242
0.0592 248
0.0593 252
0.0594 254
0.0595 260
0.0596 266
0.0597 263
0.0598 267
0.0599 274
0.06 272
0.0601 279
0.0602 288
0.0603 289
0.0604 300
0.0605 302
0.0606 293
0.0607 290
0.0608 289
0.0609 287
0.061 287
0.0611 290
0.0612 282
0.0613 287
0.0614 282
0.0615 275
0.0616 271
0.0617 274
0.0618 281
0.0619 283
0.062 279
0.0621 268
0.0622 264
0.0623 270
0.0624 275
0.0625 281
0.0626 276
0.0627 278
0.0628 280
0.0629 283
0.063 280
0.0631 274
0.0632 271
0.0633 269
0.0634 272
0.0635 267
0.0636 268
0.0637 258
0.0638 253
0.0639 252
0.064 254
0.0641 253
0.0642 247
0.0643 246
0.0644 241
0.0645 238
0.0646 239
0.0647 239
0.0648 240
0.0649 236
0.065 234
0.0651 234
0.0652 232
0.0653 236
0.0654 236
0.0655 231
0.0656 230
0.0657 226
0.0658 224
0.0659 225
0.066 218
0.0661 217
0.0662 219
0.0663 222
0.0664 228
0.0665 218
0.0666 225
0.0667 226
0.0668 227
0.0669 229
0.067 232
0.0671 231
0.0672 238
0.0673 238
0.0674 242
0.0675 241
0.0676 240
0.0677 238
0.0678 243
0.0679 238
0.068 243
0.0681 245
0.0682 242
0.0683 241
0.0684 239
0.0685 235
0.0686 239
0.0687 239
0.0688 238
0.0689 236
0.069 240
0.0691 241
0.0692 246
0.0693 244
0.0694 248
0.0695 244
0.0696 251
0.0697 255
0.0698 257
0.0699 261
0.07 261
0.0701 266
0.0702 270
0.0703 272
0.0704 271
0.0705 285
0.0706 290
0.0707 292
0.0708 289
0.0709 285
0.071 275
0.0711 273
0.0712 266
0.0713 259
0.0714 258
0.0715 261
0.0716 259
0.0717 254
0.0718 255
0.0719 250
0.072 246
0.0721 249
0.0722 247
0.0723 244
0.0724 244
0.0725 244
0.0726 242
0.0727 238
0.0728 239
0.0729 239
0.073 235
0.0731 233
0.0732 232
0.0733 230
0.0734 226
0.0735 221
0.0736 221
0.0737 222
0.0738 227
0.0739 222
0.074 224
0.0741 223
0.0742 226
0.0743 230
0.0744 226
0.0745 226
0.0746 223
0.0747 217
0.0748 220
0.0749 223
0.075 230
0.0751 232
0.0752 238
0.0753 243
0.0754 240
0.0755 255
0.0756 260
0.0757 266
0.0758 268
0.0759 270
0.076 264
0.0761 265
0.0762 260
0.0763 256
0.0764 261
0.0765 261
0.0766 247
0.0767 246
0.0768 236
0.0769 240
0.077 242
0.0771 239
0.0772 246
0.0773 247
0.0774 245
0.0775 247
0.0776 245
0.0777 245
0.0778 245
0.0779 242
0.078 234
0.0781 228
0.0782 223
0.0783 219
0.0784 224
0.0785 222
0.0786 221
0.0787 219
0.0788 216
0.0789 213
0.079 216
0.0791 217
0.0792 220
0.0793 219
0.0794 213
0.0795 210
0.0796 205
0.0797 201
0.0798 192
0.0799 190
0.08 189
0.0801 184
0.0802 189
0.0803 193
0.0804 193
0.0805 185
0.0806 185
0.0807 185
0.0808 184
0.0809 183
0.081 183
0.0811 185
0.0812 191
0.0813 193
0.0814 194
0.0815 198
0.0816 206
0.0817 203
0.0818 206
0.0819 198
0.082 192
0.0821 196
0.0822 202
0.0823 207
0.0824 213
0.0825 217
0.0826 218
0.0827 211
0.0828 215
0.0829 218
0.083 221
0.0831 220
0.0832 218
0.0833 217
0.0834 221
0.0835 221
0.0836 223
0.0837 223
0.0838 217
0.0839 215
0.084 214
0.0841 206
0.0842 204
0.0843 203
0.0844 206
0.0845 212
0.0846 214
0.0847 212
0.0848 209
0.0849 215
0.085 214
0.0851 216
0.0852 217
0.0853 215
0.0854 212
0.0855 213
0.0856 217
0.0857 218
0.0858 221
0.0859 229
0.086 232
0.0861 235
0.0862 242
0.0863 248
0.0864 253
0.0865 256
0.0866 255
0.0867 259
0.0868 260
0.0869 256
0.087 260
0.0871 257
0.0872 257
0.0873 254
0.0874 252
0.0875 251
0.0876 251
0.0877 251
0.0878 256
0.0879 262
0.088 263
0.0881 264
0.0882 262
0.0883 258
0.0884 259
0.0885 256
0.0886 257
0.0887 260
0.0888 267
0.0889 268
0.089 270
0.0891 281
0.0892 285
0.0893 292
0.0894 294
0.0895 298
0.0896 304
0.0897 304
0.0898 303
0.0899 296
0.09 294
0.0901 288
0.0902 284
0.0903 283
0.0904 277
0.0905 271
0.0906 265
0.0907 265
0.0908 265
0.0909 260
0.091 257
0.0911 251
0.0912 252
0.0913 252
0.0914 255
0.0915 260
0.0916 266
0.0917 272
0.0918 271
0.0919 271
0.092 276
0.0921 275
0.0922 278
0.0923 275
0.0924 273
0.0925 271
0.0926 272
0.0927 268
0.0928 274
0.0929 276
0.093 273
0.0931 272
0.0932 271
0.0933 267
0.0934 265
0.0935 266
0.0936 259
0.0937 257
0.0938 252
0.0939 245
0.094 240
0.0941 235
0.0942 234
0.0943 233
0.0944 234
0.0945 229
0.0946 231
0.0947 225
0.0948 223
0.0949 219
0.095 210
0.0951 212
0.0952 209
0.0953 203
0.0954 205
0.0955 207
0.0956 205
0.0957 209
0.0958 214
0.0959 215
0.096 216
0.0961 211
0.0962 212
0.0963 210
0.0964 214
0.0965 217
0.0966 218
0.0967 215
0.0968 218
0.0969 217
0.097 219
0.0971 220
0.0972 220
0.0973 222
0.0974 223
0.0975 222
0.0976 228
0.0977 230
0.0978 231
0.0979 230
0.098 221
0.0981 222
0.0982 221
0.0983 220
0.0984 225
0.0985 229
0.0986 232
0.0987 231
0.0988 234
0.0989 237
0.099 238
0.0991 237
0.0992 237
0.0993 229
0.0994 226
0.0995 223
0.0996 219
0.0997 217
0.0998 217
0.0999 216
0.1 215
0.1001 217
0.1002 224
0.1003 225
0.1004 229
0.1005 236
0.1006 246
0.1007 242
0.1008 252
0.1009 255
0.101 245
0.1011 259
0.1012 262
0.1013 261
0.1014 261
0.1015 263
0.1016 262
0.1017 263
0.1018 261
0.1019 264
0.102 263
0.1021 258
0.1022 262
0.1023 259
0.1024 260
0.1025 256
0.1026 255
0.1027 256
0.1028 253
0.1029 252
0.103 254
0.1031 255
0.1032 260
0.1033 268
0.1034 274
0.1035 287
0.1036 291
0.1037 288
0.1038 289
0.1039 292
0.104 290
0.1041 291
0.1042 287
0.1043 290
0.1044 295
0.1045 295
0.1046 293
0.1047 295
0.1048 296
0.1049 298
0.105 307
0.1051 312
0.1052 313
0.1053 312
0.1054 313
0.1055 316
0.1056 314
0.1057 320
0.1058 318
0.1059 325
0.106 324
0.1061 328
0.1062 328
0.1063 336
0.1064 338
0.1065 344
0.1066 346
0.1067 348
0.1068 348
0.1069 350
0.107 356
0.1071 357
0.1072 357
0.1073 359
0.1074 365
0.1075 369
0.1076 370
0.1077 373
0.1078 378
0.1079 383
0.108 388
0.1081 394
0.1082 394
0.1083 394
0.1084 396
0.1085 402
0.1086 404
0.1087 408
0.1088 410
0.1089 413
0.109 418
0.1091 420
0.1092 423
0.1093 428
0.1094 431
0.1095 433
0.1096 437
0.1097 442
0.1098 447
0.1099 446
0.11 450
0.1101 452
0.1102 455
0.1103 461
0.1104 463
0.1105 470
0.1106 475
0.1107 476
0.1108 480
0.1109 484
0.111 491
0.1111 495
0.1112 500
0.1113 504
0.1114 508
0.1115 512
0.1116 520
0.1117 529
0.1118 531
0.1119 538
0.112 548
0.1121 552
0.1122 560
0.1123 564
0.1124 571
0.1125 576
0.1126 583
0.1127 586
0.1128 588
0.1129 597
0.113 605
0.1131 610
0.1132 613
0.1133 618
0.1134 617
0.1135 627
0.1136 632
0.1137 636
0.1138 639
0.1139 648
0.114 655
0.1141 664
0.1142 672
0.1143 678
0.1144 682
0.1145 687
0.1146 696
0.1147 701
0.1148 705
0.1149 707
0.115 714
0.1151 717
0.1152 727
0.1153 734
0.1154 740
0.1155 745
0.1156 750
0.1157 757
0.1158 766
0.1159 774
0.116 782
0.1161 794
0.1162 797
0.1163 807
0.1164 806
0.1165 816
0.1166 821
0.1167 824
0.1168 832
0.1169 843
0.117 848
0.1171 853
0.1172 858
0.1173 865
0.1174 874
0.1175 882
0.1176 893
0.1177 900
0.1178 908
0.1179 911
0.118 918
0.1181 923
0.1182 937
0.1183 943
0.1184 954
0.1185 970
0.1186 979
0.1187 992
0.1188 1001
0.1189 1012
0.119 1012
0.1191 1029
0.1192 1042
0.1193 1050
0.1194 1061
0.1195 1069
0.1196 1080
0.1197 1089
0.1198 1111
0.1199 1124
0.12 1137
0.1201 1146
0.1202 1152
0.1203 1165
0.1204 1174
0.1205 1180
0.1206 1188
0.1207 1196
0.1208 1205
0.1209 1215
0.121 1225
0.1211 1235
0.1212 1246
0.1213 1258
0.1214 1265
0.1215 1275
0.1216 1287
0.1217 1294
0.1218 1302
0.1219 1313
0.122 1318
0.1221 1327
0.1222 1338
0.1223 1344
0.1224 1359
0.1225 1362
0.1226 1376
0.1227 1389
0.1228 1400
0.1229 1410
0.123 1412
0.1231 1426
0.1232 1431
0.1233 1441
0.1234 1455
0.1235 1459
0.1236 1472
0.1237 1471
0.1238 1489
0.1239 1492
0.124 1495
0.1241 1512
0.1242 1516
0.1243 1535
0.1244 1538
0.1245 1544
0.1246 1553
0.1247 1561
0.1248 1580
0.1249 1575
0.125 1590
0.1251 1584
0.1252 1600
0.1253 1610
0.1254 1602
0.1255 1597
0.1256 1602
0.1257 1590
0.1258 1575
0.1259 1538
0.126 1509
0.1261 1481
0.1262 1450
0.1263 1422
0.1264 1388
0.1265 1362
0.1266 1334
0.1267 1318
0.1268 1301
0.1269 1272
0.127 1258
0.1271 1220
0.1272 1201
0.1273 1175
0.1274 1144
0.1275 1115
0.1276 1079
0.1277 1056
0.1278 1029
0.1279 1007
0.128 996
0.1281 976
0.1282 953
0.1283 942
0.1284 925
0.1285 915
0.1286 897
0.1287 879
0.1288 855
0.1289 844
0.129 828
0.1291 808
0.1292 801
0.1293 783
0.1294 765
0.1295 748
0.1296 736
0.1297 722
0.1298 710
0.1299 693
0.13 682
0.1301 670
0.1302 663
0.1303 644
0.1304 629
0.1305 623
0.1306 620
0.1307 614
0.1308 611
0.1309 613
0.131 615
0.1311 601
0.1312 587
0.1313 579
0.1314 570
0.1315 563
0.1316 561
0.1317 560
0.1318 552
0.1319 547
0.132 542
0.1321 535
0.1322 527
0.1323 523
0.1324 516
0.1325 504
0.1326 503
0.1327 492
0.1328 486
0.1329 478
0.133 471
0.1331 468
0.1332 472
0.1333 476
0.1334 472
0.1335 470
0.1336 472
0.1337 473
0.1338 470
0.1339 471
0.134 459
0.1341 451
0.1342 445
0.1343 434
0.1344 436
0.1345 419
0.1346 412
0.1347 415
0.1348 409
0.1349 407
0.135 402
0.1351 398
0.1352 395
0.1353 396
0.1354 395
0.1355 384
0.1356 380
0.1357 377
0.1358 383
0.1359 381
0.136 377
0.1361 378
0.1362 373
0.1363 374
0.1364 370
0.1365 369
0.1366 370
0.1367 374
0.1368 374
0.1369 368
0.137 366
0.1371 362
0.1372 353
0.1373 349
0.1374 343
0.1375 341
0.1376 339
0.1377 341
0.1378 348
0.1379 354
0.138 353
0.1381 348
0.1382 345
0.1383 338
0.1384 334
0.1385 339
0.1386 334
0.1387 331
0.1388 330
0.1389 321
0.139 318
0.1391 324
0.1392 318
0.1393 319
0.1394 317
0.1395 314
0.1396 322
0.1397 317
0.1398 315
0.1399 310
0.14 313
0.1401 312
0.1402 310
0.1403 308
0.1404 308
0.1405 305
0.1406 300
0.1407 299
0.1408 294
0.1409 293
0.141 294
0.1411 293
0.1412 287
0.1413 287
0.1414 292
0.1415 290
0.1416 290
0.1417 294
0.1418 299
0.1419 296
0.142 297
0.1421 295
0.1422 294
0.1423 289
0.1424 283
0.1425 281
0.1426 281
0.1427 274
0.1428 269
0.1429 266
0.143 265
0.1431 265
0.1432 256
0.1433 258
0.1434 255
0.1435 260
0.1436 258
0.1437 255
0.1438 254
0.1439 254
0.144 258
0.1441 261
0.1442 259
0.1443 259
0.1444 252
0.1445 254
0.1446 255
0.1447 254
0.1448 252
0.1449 253
0.145 254
0.1451 262
0.1452 271
0.1453 283
0.1454 286
0.1455 293
0.1456 302
0.1457 301
0.1458 303
0.1459 299
0.146 306
0.1461 307
0.1462 308
0.1463 316
0.1464 328
0.1465 336
0.1466 341
0.1467 343
0.1468 345
0.1469 341
0.147 337
0.1471 332
0.1472 339
0.1473 342
0.1474 344
0.1475 348
0.1476 349
0.1477 347
0.1478 351
0.1479 345
0.148 342
0.1481 341
0.1482 335
0.1483 333
0.1484 331
0.1485 333
0.1486 333
0.1487 341
0.1488 344
0.1489 349
0.149 346
0.1491 347
0.1492 345
0.1493 353
0.1494 351
0.1495 354
0.1496 352
0.1497 352
0.1498 341
0.1499 341
0.15 346
0.1501 336
0.1502 333
0.1503 334
0.1504 330
0.1505 321
0.1506 317
0.1507 315
0.1508 317
0.1509 314
0.151 316
0.1511 316
0.1512 307
0.1513 305
0.1514 306
0.1515 309
0.1516 313
0.1517 313
0.1518 313
0.1519 314
0.152 309
0.1521 305
0.1522 304
0.1523 309
0.1524 304
0.1525 305
0.1526 306
0.1527 298
0.1528 289
0.1529 279
0.153 273
0.1531 269
0.1532 265
0.1533 261
0.1534 265
0.1535 269
0.1536 267
0.1537 267
0.1538 261
0.1539 261
0.154 261
0.1541 256
0.1542 261
0.1543 259
0.1544 266
0.1545 270
0.1546 270
0.1547 274
0.1548 274
0.1549 273
0.155 267
0.1551 267
0.1552 268
0.1553 270
0.1554 267
0.1555 262
0.1556 258
0.1557 252
0.1558 245
0.1559 237
0.156 237
0.1561 237
0.1562 234
0.1563 230
0.1564 231
0.1565 236
0.1566 228
0.1567 230
0.1568 231
0.1569 238
0.157 242
0.1571 250
0.1572 249
0.1573 252
0.1574 253
0.1575 254
0.1576 253
0.1577 251
0.1578 249
0.1579 245
0.158 244
0.1581 236
0.1582 230
0.1583 228
0.1584 226
0.1585 227
0.1586 220
0.1587 219
0.1588 218
0.1589 220
0.159 221
0.1591 213
0.1592 211
0.1593 214
0.1594 214
0.1595 211
0.1596 214
0.1597 212
0.1598 210
0.1599 213
0.16 217
0.1601 217
0.1602 218
0.1603 216
0.1604 214
0.1605 210
0.1606 216
0.1607 216
0.1608 219
0.1609 223
0.161 220
0.1611 214
0.1612 212
0.1613 211
0.1614 217
0.1615 222
0.1616 221
0.1617 216
0.1618 217
0.1619 212
0.162 214
0.1621 212
0.1622 210
0.1623 212
0.1624 208
0.1625 206
0.1626 210
0.1627 211
0.1628 212
0.1629 223
0.163 229
0.1631 229
0.1632 230
0.1633 226
0.1634 223
0.1635 222
0.1636 222
0.1637 222
0.1638 225
0.1639 225
0.164 225
0.1641 227
0.1642 225
0.1643 229
0.1644 229
0.1645 225
0.1646 217
0.1647 215
0.1648 217
0.1649 214
0.165 215
0.1651 213
0.1652 215
0.1653 217
0.1654 222
0.1655 226
0.1656 233
0.1657 235
0.1658 236
0.1659 236
0.166 239
0.1661 248
0.1662 248
0.1663 255
0.1664 260
0.1665 265
0.1666 271
0.1667 272
0.1668 279
0.1669 285
0.167 289
0.1671 294
0.1672 295
0.1673 298
0.1674 298
0.1675 297
0.1676 292
0.1677 289
0.1678 290
0.1679 289
0.168 311
0.1681 319
0.1682 320
0.1683 322
0.1684 321
0.1685 327
0.1686 329
0.1687 325
0.1688 328
0.1689 334
0.169 332
0.1691 331
0.1692 331
0.1693 328
0.1694 339
0.1695 341
0.1696 351
0.1697 354
0.1698 351
0.1699 351
0.17 350
0.1701 348
0.1702 346
0.1703 343
0.1704 340
0.1705 337
0.1706 331
0.1707 329
0.1708 330
0.1709 330
0.171 324
0.1711 320
0.1712 313
0.1713 306
0.1714 298
0.1715 294
0.1716 295
0.1717 293
0.1718 299
0.1719 300
0.172 301
0.1721 301
0.1722 292
0.1723 286
0.1724 280
0.1725 266
0.1726 259
0.1727 257
0.1728 250
0.1729 242
0.173 236
0.1731 232
0.1732 227
0.1733 221
0.1734 216
0.1735 218
0.1736 219
0.1737 217
0.1738 212
0.1739 210
0.174 209
0.1741 209
0.1742 205
0.1743 205
0.1744 209
0.1745 214
0.1746 210
0.1747 212
0.1748 216
0.1749 215
0.175 217
0.1751 221
0.1752 227
0.1753 226
0.1754 232
0.1755 232
0.1756 235
0.1757 230
0.1758 243
0.1759 252
0.176 254
0.1761 259
0.1762 261
0.1763 265
0.1764 285
0.1765 290
0.1766 299
0.1767 303
0.1768 304
0.1769 307
0.177 323
0.1771 334
0.1772 342
0.1773 349
0.1774 358
0.1775 367
0.1776 363
0.1777 354
0.1778 349
0.1779 348
0.178 346
0.1781 348
0.1782 349
0.1783 357
0.1784 355
0.1785 357
0.1786 353
0.1787 354
0.1788 365
0.1789 370
0.179 370
0.1791 378
0.1792 380
0.1793 380
0.1794 380
0.1795 388
0.1796 383
0.1797 389
0.1798 382
0.1799 381
0.18 384
0.1801 390
0.1802 393
0.1803 387
0.1804 385
0.1805 376
0.1806 367
0.1807 366
0.1808 365
0.1809 356
0.181 357
0.1811 358
0.1812 354
0.1813 360
0.1814 366
0.1815 357
0.1816 361
0.1817 366
0.1818 366
0.1819 366
0.182 365
0.1821 368
0.1822 366
0.1823 366
0.1824 367
0.1825 368
0.1826 368
0.1827 376
0.1828 367
0.1829 365
0.183 364
0.1831 360
0.1832 359
0.1833 360
0.1834 356
0.1835 355
0.1836 349
0.1837 349
0.1838 348
0.1839 335
0.184 329
0.1841 327
0.1842 325
0.1843 322
0.1844 306
0.1845 309
0.1846 304
0.1847 304
0.1848 300
0.1849 300
0.185 292
0.1851 293
0.1852 287
0.1853 285
0.1854 281
0.1855 276
0.1856 272
0.1857 274
0.1858 265
0.1859 267
0.186 269
0.1861 267
0.1862 269
0.1863 267
0.1864 273
0.1865 270
0.1866 267
0.1867 262
0.1868 255
0.1869 253
0.187 251
0.1871 242
0.1872 243
0.1873 242
0.1874 237
0.1875 236
0.1876 236
0.1877 230
0.1878 225
0.1879 217
0.188 211
0.1881 215
0.1882 217
0.1883 216
0.1884 223
0.1885 221
0.1886 223
0.1887 227
0.1888 233
0.1889 234
0.189 232
0.1891 224
0.1892 222
0.1893 217
0.1894 216
0.1895 215
0.1896 219
0.1897 222
0.1898 216
0.1899 221
0.19 211
0.1901 208
0.1902 205
0.1903 202
0.1904 202
0.1905 206
0.1906 204
0.1907 207
0.1908 210
0.1909 216
0.191 219
0.1911 217
0.1912 216
0.1913 211
0.1914 207
0.1915 206
0.1916 201
0.1917 201
0.1918 210
0.1919 209
0.192 211
0.1921 212
0.1922 213
0.1923 216
0.1924 218
0.1925 216
0.1926 214
0.1927 212
0.1928 212
0.1929 206
0.193 202
0.1931 202
0.1932 200
0.1933 199
0.1934 195
0.1935 196
0.1936 206
0.1937 210
0.1938 209
0.1939 219
0.194 220
0.1941 220
0.1942 226
0.1943 234
0.1944 252
0.1945 261
0.1946 272
0.1947 281
0.1948 287
0.1949 289
0.195 297
0.1951 298
0.1952 299
0.1953 302
0.1954 304
0.1955 315
0.1956 318
0.1957 322
0.1958 329
0.1959 321
0.196 331
0.1961 331
0.1962 331
0.1963 331
0.1964 333
0.1965 334
0.1966 332
0.1967 337
0.1968 334
0.1969 332
0.197 333
0.1971 335
0.1972 337
0.1973 340
0.1974 339
0.1975 339
0.1976 343
0.1977 345
0.1978 341
0.1979 343
0.198 346
0.1981 344
0.1982 349
0.1983 349
0.1984 346
0.1985 348
0.1986 355
0.1987 352
0.1988 356
0.1989 355
0.199 358
0.1991 360
0.1992 361
0.1993 360
0.1994 363
0.1995 366
0.1996 368
0.1997 369
0.1998 372
0.1999 374
0.2 377
0.2001 381
0.2002 380
0.2003 384
0.2004 386
0.2005 389
0.2006 395
0.2007 398
0.2008 402
0.2009 404
0.201 410
0.2011 412
0.2012 416
0.2013 417
0.2014 421
0.2015 423
0.2016 422
0.2017 428
0.2018 432
0.2019 434
0.202 436
0.2021 442
0.2022 446
0.2023 448
0.2024 449
0.2025 452
0.2026 452
0.2027 456
0.2028 459
0.2029 460
0.203 464
0.2031 469
0.2032 472
0.2033 474
0.2034 475
0.2035 478
0.2036 482
0.2037 482
0.2038 486
0.2039 490
0.204 490
0.2041 495
0.2042 497
0.2043 508
0.2044 517
0.2045 520
0.2046 523
0.2047 525
0.2048 527
0.2049 529
0.205 533
0.2051 541
0.2052 550
0.2053 553
0.2054 560
0.2055 563
0.2056 570
0.2057 574
0.2058 575
0.2059 580
0.206 582
0.2061 587
0.2062 593
0.2063 599
0.2064 604
0.2065 607
0.2066 619
0.2067 621
0.2068 628
0.2069 632
0.207 638
0.2071 643
0.2072 652
0.2073 657
0.2074 663
0.2075 670
0.2076 678
0.2077 680
0.2078 685
0.2079 692
0.208 697
0.2081 704
0.2082 708
0.2083 716
0.2084 720
0.2085 724
0.2086 733
0.2087 740
0.2088 750
0.2089 755
0.209 761
0.2091 764
0.2092 771
0.2093 779
0.2094 784
0.2095 790
0.2096 793
0.2097 801
0.2098 809
0.2099 819
0.21 831
0.2101 836
0.2102 841
0.2103 848
0.2104 855
0.2105 860
0.2106 867
0.2107 873
0.2108 879
0.2109 885
0.211 895
0.2111 903
0.2112 907
0.2113 910
0.2114 923
0.2115 932
0.2116 936
0.2117 940
0.2118 946
0.2119 954
0.212 959
0.2121 971
0.2122 978
0.2123 985
0.2124 988
0.2125 995
0.2126 1000
0.2127 1001
0.2128 1008
0.2129 1009
0.213 1018
0.2131 1024
0.2132 1027
0.2133 1036
0.2134 1049
0.2135 1055
0.2136 1059
0.2137 1065
0.2138 1075
0.2139 1082
0.214 1088
0.2141 1094
0.2142 1107
0.2143 1112
0.2144 1119
0.2145 1126
0.2146 1141
0.2147 1151
0.2148 1152
0.2149 1157
0.215 1164
0.2151 1172
0.2152 1184
0.2153 1189
0.2154 1195
0.2155 1199
0.2156 1208
0.2157 1210
0.2158 1221
0.2159 1226
0.216 1230
0.2161 1235
0.2162 1245
0.2163 1254
0.2164 1260
0.2165 1262
0.2166 1271
0.2167 1279
0.2168 1287
0.2169 1294
0.217 1300
0.2171 1309
0.2172 1311
0.2173 1323
0.2174 1327
0.2175 1342
0.2176 1348
0.2177 1359
0.2178 1368
0.2179 1375
0.218 1383
0.2181 1385
0.2182 1391
0.2183 1405
0.2184 1411
0.2185 1415
0.2186 1424
0.2187 1433
0.2188 1449
0.2189 1462
0.219 1470
0.2191 1480
0.2192 1493
0.2193 1494
0.2194 1508
0.2195 1515
0.2196 1524
0.2197 1538
0.2198 1544
0.2199 1557
0.22 1561
0.2201 1562
0.2202 1576
0.2203 1574
0.2204 1581
0.2205 1591
0.2206 1604
0.2207 1607
0.2208 1616
0.2209 1619
0.221 1622
0.2211 1636
0.2212 1641
0.2213 1649
0.2214 1655
0.2215 1655
0.2216 1663
0.2217 1672
0.2218 1675
0.2219 1674
0.222 1674
0.2221 1658
0.2222 1655
0.2223 1630
0.2224 1609
0.2225 1572
0.2226 1545
0.2227 1516
0.2228 1485
0.2229 1466
0.223 1437
0.2231 1414
0.2232 1380
0.2233 1348
0.2234 1321
0.2235 1294
0.2236 1257
0.2237 1230
0.2238 1205
0.2239 1177
0.224 1151
0.2241 1129
0.2242 1102
0.2243 1071
0.2244 1047
0.2245 1023
0.2246 1000
0.2247 974
0.2248 956
0.2249 932
0.225 912
0.2251 906
0.2252 894
0.2253 882
0.2254 862
0.2255 840
0.2256 823
0.2257 811
0.2258 803
0.2259 786
0.226 772
0.2261 762
0.2262 761
0.2263 750
0.2264 737
0.2265 723
0.2266 705
0.2267 687
0.2268 676
0.2269 667
0.227 659
0.2271 647
0.2272 633
0.2273 626
0.2274 616
0.2275 616
0.2276 611
0.2277 603
0.2278 596
0.2279 587
0.228 574
0.2281 561
0.2282 541
0.2283 528
0.2284 516
0.2285 515
0.2286 508
0.2287 498
0.2288 491
0.2289 494
0.229 499
0.2291 498
0.2292 492
0.2293 478
0.2294 467
0.2295 460
0.2296 450
0.2297 445
0.2298 439
0.2299 442
0.23 444
0.2301 439
0.2302 435
0.2303 437
0.2304 435
0.2305 430
0.2306 422
0.2307 413
0.2308 413
0.2309 405
0.231 397
0.2311 387
0.2312 379
0.2313 372
0.2314 367
0.2315 364
0.2316 364
0.2317 353
0.2318 352
0.2319 350
0.232 351
0.2321 347
0.2322 337
0.2323 330
0.2324 317
0.2325 323
0.2326 321
0.2327 312
0.2328 312
0.2329 310
0.233 310
0.2331 300
0.2332 294
0.2333 293
0.2334 289
0.2335 286
0.2336 290
0.2337 286
0.2338 288
0.2339 291
0.234 294
0.2341 297
0.2342 290
0.2343 285
0.2344 285
0.2345 285
0.2346 288
0.2347 292
0.2348 295
0.2349 291
0.235 298
0.2351 297
0.2352 296
0.2353 300
0.2354 306
0.2355 309
0.2356 304
0.2357 310
0.2358 312
0.2359 308
0.236 307
0.2361 304
0.2362 297
0.2363 293
0.2364 288
0.2365 289
0.2366 292
0.2367 292
0.2368 284
0.2369 280
0.237 274
0.2371 282
0.2372 295
0.2373 295
0.2374 298
0.2375 301
0.2376 305
0.2377 305
0.2378 304
0.2379 307
0.238 311
0.2381 305
0.2382 303
0.2383 300
0.2384 287
0.2385 279
0.2386 272
0.2387 272
0.2388 271
0.2389 265
0.239 261
0.2391 256
0.2392 250
0.2393 248
0.2394 241
0.2395 234
0.2396 231
0.2397 228
0.2398 225
0.2399 228
0.24 227
0.2401 230
0.2402 233
0.2403 246
0.2404 251
0.2405 249
0.2406 252
0.2407 254
0.2408 257
0.2409 252
0.241 257
0.2411 265
0.2412 266
0.2413 275
0.2414 275
0.2415 274
0.2416 270
0.2417 272
0.2418 278
0.2419 283
0.242 287
0.2421 283
0.2422 281
0.2423 277
0.2424 271
0.2425 267
0.2426 269
0.2427 268
0.2428 259
0.2429 258
0.243 259
0.2431 261
0.2432 263
0.2433 268
0.2434 267
0.2435 274
0.2436 275
0.2437 279
0.2438 274
0.2439 272
0.244 266
0.2441 264
0.2442 264
0.2443 271
0.2444 276
0.2445 270
0.2446 271
0.2447 273
0.2448 271
0.2449 273
0.245 272
0.2451 271
0.2452 266
0.2453 263
0.2454 260
0.2455 251
0.2456 245
0.2457 247
0.2458 244
0.2459 237
0.246 240
0.2461 243
0.2462 245
0.2463 253
0.2464 256
0.2465 254
0.2466 252
0.2467 252
0.2468 242
0.2469 239
0.247 238
0.2471 235
0.2472 236
0.2473 236
0.2474 236
0.2475 236
0.2476 241
0.2477 243
0.2478 242
0.2479 241
0.248 237
0.2481 239
0.2482 238
0.2483 236
0.2484 233
0.2485 237
0.2486 238
0.2487 238
0.2488 233
0.2489 233
0.249 234
0.2491 234
0.2492 236
0.2493 238
0.2494 242
0.2495 253
0.2496 251
0.2497 253
0.2498 255
0.2499 251
0.25 246
