0 0
0.01 46
0.02 67
0.03 80
0.04 99
0.05 92
0.06 106
0.07 119
0.08 115
0.09 120
0.1 123
0.11 114
0.12 108
0.13 105
0.14 98
0.15 97
0.16 95
0.17 95
0.18 93
0.19 96
0.2 98
0.21 93
0.22 82
0.23 81
0.24 78
0.25 75
0.26 66
0.27 71
0.28 77
0.29 78
0.3 74
0.31 68
0.32 66
0.33 70
0.34 65
0.35 70
0.36 64
0.37 60
0.38 56
0.39 64
0.4 62
0.41 62
0.42 63
0.43 68
0.44 62
0.45 69
0.46 74
0.47 65
0.48 63
0.49 63
0.5 66
0.51 62
0.52 65
0.53 67
0.54 68
0.55 66
0.56 62
0.57 66
0.58 64
0.59 67
0.6 69
0.61 60
0.62 60
0.63 60
0.64 53
0.65 59
0.66 60
0.67 60
0.68 60
0.69 56
0.7 46
0.71 51
0.72 53
0.73 58
0.74 59
0.75 57
0.76 67
0.77 72
0.78 75
0.79 76
0.8 76
0.81 75
0.82 70
0.83 68
0.84 67
0.85 68
0.86 67
0.87 59
0.88 58
0.89 67
0.9 61
0.91 59
0.92 59
0.93 56
0.94 62
0.95 63
0.96 68
0.97 61
0.98 62
0.99 63
1 61
1.01 61
1.02 58
1.03 61
1.04 58
1.05 56
1.06 59
1.07 59
1.08 57
1.09 56
1.1 58
1.11 61
1.12 58
1.13 54
1.14 56
1.15 55
1.16 54
1.17 58
1.18 61
1.19 59
1.2 65
1.21 68
1.22 66
1.23 65
1.24 56
1.25 59
1.26 55
1.27 55
1.28 59
1.29 61
1.3 54
1.31 55
1.32 51
1.33 49
1.34 47
1.35 46
1.36 49
1.37 47
1.38 51
1.39 53
1.4 52
1.41 52
1.42 56
1.43 53
1.44 54
1.45 59
1.46 61
1.47 68
1.48 68
1.49 65
1.5 59
1.51 55
1.52 56
1.53 53
1.54 50
1.55 54
1.56 52
1.57 57
1.58 66
1.59 59
1.6 58
1.61 56
1.62 48
1.63 46
1.64 49
1.65 48
1.66 58
1.67 62
1.68 53
1.69 51
1.7 50
1.71 50
1.72 52
1.73 62
1.74 58
1.75 56
1.76 52
1.77 48
1.78 44
1.79 41
1.8 48
1.81 49
1.82 58
1.83 57
1.84 55
1.85 56
1.86 56
1.87 56
1.88 59
1.89 63
1.9 61
1.91 55
1.92 53
1.93 49
1.94 45
1.95 45
1.96 51
1.97 55
1.98 56
1.99 59
2 59
