0 0
0.0001 0
0.0002 0
0.0003 2
0.0004 2
0.0005 2
0.0006 3
0.0007 4
0.0008 4
0.0009 5
0.001 5
0.0011 5
0.0012 5
0.0013 6
0.0014 7
0.0015 7
0.0016 8
0.0017 8
0.0018 8
0.0019 8
0.002 8
0.0021 8
0.0022 8
0.0023 8
0.0024 9
0.0025 9
0.0026 10
0.0027 10
0.0028 10
0.0029 10
0.003 10
0.0031 10
0.0032 11
0.0033 11
0.0034 11
0.0035 12
0.0036 12
0.0037 12
0.0038 12
0.0039 13
0.004 13
0.0041 14
0.0042 16
0.0043 16
0.0044 16
0.0045 16
0.0046 16
0.0047 16
0.0048 17
0.0049 17
0.005 17
0.0051 19
0.0052 20
0.0053 22
0.0054 23
0.0055 23
0.0056 23
0.0057 23
0.0058 23
0.0059 25
0.006 25
0.0061 26
0.0062 26
0.0063 26
0.0064 26
0.0065 26
0.0066 27
0.0067 27
0.0068 28
0.0069 28
0.007 28
0.0071 28
0.0072 28
0.0073 29
0.0074 29
0.0075 29
0.0076 29
0.0077 29
0.0078 30
0.0079 30
0.008 30
0.0081 30
0.0082 30
0.0083 30
0.0084 31
0.0085 33
0.0086 33
0.0087 33
0.0088 33
0.0089 36
0.009 36
0.0091 36
0.0092 36
0.0093 36
0.0094 36
0.0095 36
0.0096 36
0.0097 36
0.0098 38
0.0099 39
0.01 39
0.0101 40
0.0102 40
0.0103 41
0.0104 42
0.0105 43
0.0106 43
0.0107 45
0.0108 46
0.0109 47
0.011 49
0.0111 49
0.0112 50
0.0113 50
0.0114 49
0.0115 49
0.0116 49
0.0117 49
0.0118 50
0.0119 50
0.012 50
0.0121 50
0.0122 51
0.0123 51
0.0124 52
0.0125 52
0.0126 52
0.0127 52
0.0128 52
0.0129 52
0.013 53
0.0131 54
0.0132 54
0.0133 56
0.0134 57
0.0135 57
0.0136 58
0.0137 58
0.0138 59
0.0139 59
0.014 59
0.0141 59
0.0142 62
0.0143 63
0.0144 65
0.0145 66
0.0146 66
0.0147 66
0.0148 67
0.0149 67
0.015 67
0.0151 68
0.0152 69
0.0153 69
0.0154 69
0.0155 69
0.0156 69
0.0157 69
0.0158 71
0.0159 72
0.016 73
0.0161 73
0.0162 74
0.0163 75
0.0164 76
0.0165 76
0.0166 76
0.0167 76
0.0168 76
0.0169 76
0.017 76
0.0171 77
0.0172 78
0.0173 78
0.0174 78
0.0175 78
0.0176 78
0.0177 78
0.0178 79
0.0179 82
0.018 82
0.0181 82
0.0182 82
0.0183 82
0.0184 83
0.0185 83
0.0186 84
0.0187 85
0.0188 86
0.0189 86
0.019 86
0.0191 86
0.0192 86
0.0193 89
0.0194 90
0.0195 90
0.0196 91
0.0197 91
0.0198 91
0.0199 92
0.02 92
0.0201 92
0.0202 92
0.0203 93
0.0204 93
0.0205 95
0.0206 96
0.0207 96
0.0208 96
0.0209 96
0.021 96
0.0211 96
0.0212 97
0.0213 99
0.0214 99
0.0215 100
0.0216 101
0.0217 104
0.0218 104
0.0219 105
0.022 107
0.0221 106
0.0222 106
0.0223 106
0.0224 107
0.0225 107
0.0226 108
0.0227 109
0.0228 110
0.0229 111
0.023 111
0.0231 113
0.0232 114
0.0233 114
0.0234 114
0.0235 115
0.0236 116
0.0237 116
0.0238 117
0.0239 117
0.024 118
0.0241 118
0.0242 119
0.0243 119
0.0244 119
0.0245 120
0.0246 120
0.0247 122
0.0248 123
0.0249 123
0.025 123
0.0251 123
0.0252 125
0.0253 125
0.0254 125
0.0255 125
0.0256 126
0.0257 126
0.0258 126
0.0259 126
0.026 128
0.0261 128
0.0262 129
0.0263 129
0.0264 129
0.0265 129
0.0266 129
0.0267 130
0.0268 130
0.0269 131
0.027 133
0.0271 134
0.0272 134
0.0273 133
0.0274 134
0.0275 135
0.0276 136
0.0277 136
0.0278 137
0.0279 138
0.028 138
0.0281 138
0.0282 139
0.0283 140
0.0284 140
0.0285 140
0.0286 140
0.0287 139
0.0288 140
0.0289 140
0.029 141
0.0291 141
0.0292 141
0.0293 141
0.0294 141
0.0295 141
0.0296 141
0.0297 142
0.0298 142
0.0299 142
0.03 143
0.0301 143
0.0302 143
0.0303 144
0.0304 144
0.0305 147
0.0306 148
0.0307 149
0.0308 149
0.0309 149
0.031 150
0.0311 151
0.0312 152
0.0313 152
0.0314 153
0.0315 154
0.0316 156
0.0317 156
0.0318 156
0.0319 156
0.032 156
0.0321 157
0.0322 158
0.0323 158
0.0324 158
0.0325 159
0.0326 159
0.0327 159
0.0328 158
0.0329 158
0.033 159
0.0331 159
0.0332 159
0.0333 159
0.0334 159
0.0335 159
0.0336 159
0.0337 159
0.0338 160
0.0339 160
0.034 162
0.0341 162
0.0342 163
0.0343 164
0.0344 164
0.0345 164
0.0346 165
0.0347 165
0.0348 166
0.0349 166
0.035 168
0.0351 170
0.0352 170
0.0353 170
0.0354 171
0.0355 171
0.0356 171
0.0357 171
0.0358 171
0.0359 173
0.036 173
0.0361 173
0.0362 174
0.0363 175
0.0364 175
0.0365 176
0.0366 176
0.0367 176
0.0368 176
0.0369 176
0.037 177
0.0371 177
0.0372 178
0.0373 179
0.0374 178
0.0375 179
0.0376 179
0.0377 179
0.0378 180
0.0379 180
0.038 179
0.0381 179
0.0382 179
0.0383 180
0.0384 180
0.0385 180
0.0386 180
0.0387 180
0.0388 180
0.0389 180
0.039 180
0.0391 180
0.0392 182
0.0393 182
0.0394 184
0.0395 185
0.0396 185
0.0397 185
0.0398 186
0.0399 187
0.04 187
0.0401 186
0.0402 186
0.0403 187
0.0404 187
0.0405 188
0.0406 188
0.0407 190
0.0408 190
0.0409 190
0.041 190
0.0411 190
0.0412 192
0.0413 192
0.0414 193
0.0415 193
0.0416 193
0.0417 194
0.0418 195
0.0419 195
0.042 196
0.0421 196
0.0422 196
0.0423 197
0.0424 197
0.0425 197
0.0426 198
0.0427 198
0.0428 198
0.0429 198
0.043 198
0.0431 198
0.0432 198
0.0433 199
0.0434 199
0.0435 199
0.0436 200
0.0437 200
0.0438 201
0.0439 202
0.044 203
0.0441 203
0.0442 203
0.0443 204
0.0444 206
0.0445 206
0.0446 206
0.0447 208
0.0448 208
0.0449 211
0.045 210
0.0451 211
0.0452 211
0.0453 213
0.0454 213
0.0455 213
0.0456 213
0.0457 214
0.0458 214
0.0459 214
0.046 215
0.0461 215
0.0462 215
0.0463 215
0.0464 215
0.0465 216
0.0466 218
0.0467 219
0.0468 220
0.0469 222
0.047 223
0.0471 222
0.0472 223
0.0473 222
0.0474 222
0.0475 223
0.0476 223
0.0477 224
0.0478 224
0.0479 224
0.048 225
0.0481 225
0.0482 225
0.0483 226
0.0484 227
0.0485 227
0.0486 227
0.0487 228
0.0488 228
0.0489 228
0.049 229
0.0491 230
0.0492 230
0.0493 231
0.0494 232
0.0495 233
0.0496 233
0.0497 233
0.0498 233
0.0499 233
0.05 233
0.0501 234
0.0502 234
0.0503 234
0.0504 234
0.0505 234
0.0506 234
0.0507 234
0.0508 235
0.0509 235
0.051 235
0.0511 235
0.0512 236
0.0513 236
0.0514 236
0.0515 236
0.0516 236
0.0517 236
0.0518 236
0.0519 237
0.052 237
0.0521 237
0.0522 237
0.0523 237
0.0524 237
0.0525 237
0.0526 237
0.0527 237
0.0528 237
0.0529 238
0.053 240
0.0531 240
0.0532 240
0.0533 240
0.0534 241
0.0535 242
0.0536 242
0.0537 242
0.0538 241
0.0539 241
0.054 242
0.0541 244
0.0542 244
0.0543 244
0.0544 244
0.0545 245
0.0546 245
0.0547 245
0.0548 246
0.0549 247
0.055 247
0.0551 247
0.0552 247
0.0553 248
0.0554 248
0.0555 249
0.0556 249
0.0557 249
0.0558 249
0.0559 249
0.056 249
0.0561 249
0.0562 250
0.0563 250
0.0564 250
0.0565 250
0.0566 249
0.0567 250
0.0568 250
0.0569 250
0.057 250
0.0571 250
0.0572 251
0.0573 251
0.0574 251
0.0575 252
0.0576 253
0.0577 253
0.0578 254
0.0579 255
0.058 255
0.0581 256
0.0582 257
0.0583 257
0.0584 257
0.0585 257
0.0586 257
0.0587 257
0.0588 257
0.0589 257
0.059 258
0.0591 260
0.0592 261
0.0593 260
0.0594 261
0.0595 261
0.0596 260
0.0597 261
0.0598 261
0.0599 260
0.06 259
0.0601 259
0.0602 259
0.0603 259
0.0604 259
0.0605 259
0.0606 259
0.0607 258
0.0608 258
0.0609 259
0.061 259
0.0611 261
0.0612 262
0.0613 262
0.0614 263
0.0615 263
0.0616 264
0.0617 264
0.0618 264
0.0619 264
0.062 264
0.0621 265
0.0622 265
0.0623 265
0.0624 265
0.0625 265
0.0626 265
0.0627 266
0.0628 266
0.0629 266
0.063 266
0.0631 266
0.0632 266
0.0633 267
0.0634 268
0.0635 268
0.0636 268
0.0637 268
0.0638 268
0.0639 268
0.064 269
0.0641 270
0.0642 268
0.0643 269
0.0644 269
0.0645 270
0.0646 270
0.0647 269
0.0648 269
0.0649 269
0.065 269
0.0651 270
0.0652 270
0.0653 271
0.0654 272
0.0655 273
0.0656 273
0.0657 273
0.0658 272
0.0659 272
0.066 273
0.0661 273
0.0662 273
0.0663 274
0.0664 275
0.0665 275
0.0666 275
0.0667 275
0.0668 275
0.0669 275
0.067 275
0.0671 275
0.0672 274
0.0673 274
0.0674 273
0.0675 273
0.0676 273
0.0677 273
0.0678 274
0.0679 274
0.068 274
0.0681 274
0.0682 275
0.0683 275
0.0684 275
0.0685 275
0.0686 276
0.0687 275
0.0688 275
0.0689 276
0.069 276
0.0691 276
0.0692 276
0.0693 277
0.0694 277
0.0695 277
0.0696 277
0.0697 277
0.0698 276
0.0699 276
0.07 275
0.0701 276
0.0702 277
0.0703 278
0.0704 277
0.0705 277
0.0706 277
0.0707 277
0.0708 278
0.0709 278
0.071 278
0.0711 278
0.0712 279
0.0713 280
0.0714 281
0.0715 280
0.0716 280
0.0717 280
0.0718 280
0.0719 281
0.072 281
0.0721 281
0.0722 281
0.0723 282
0.0724 282
0.0725 282
0.0726 281
0.0727 282
0.0728 282
0.0729 282
0.073 282
0.0731 282
0.0732 282
0.0733 283
0.0734 283
0.0735 285
0.0736 285
0.0737 285
0.0738 285
0.0739 285
0.074 285
0.0741 285
0.0742 286
0.0743 286
0.0744 286
0.0745 286
0.0746 289
0.0747 290
0.0748 290
0.0749 290
0.075 290
0.0751 291
0.0752 291
0.0753 290
0.0754 291
0.0755 291
0.0756 291
0.0757 292
0.0758 292
0.0759 292
0.076 292
0.0761 292
0.0762 292
0.0763 292
0.0764 291
0.0765 291
0.0766 292
0.0767 292
0.0768 293
0.0769 293
0.077 292
0.0771 292
0.0772 292
0.0773 292
0.0774 291
0.0775 291
0.0776 290
0.0777 290
0.0778 290
0.0779 290
0.078 292
0.0781 292
0.0782 292
0.0783 293
0.0784 294
0.0785 294
0.0786 295
0.0787 296
0.0788 296
0.0789 299
0.079 300
0.0791 300
0.0792 302
0.0793 302
0.0794 303
0.0795 302
0.0796 302
0.0797 302
0.0798 303
0.0799 303
0.08 304
0.0801 304
0.0802 305
0.0803 306
0.0804 305
0.0805 305
0.0806 305
0.0807 305
0.0808 305
0.0809 305
0.081 304
0.0811 305
0.0812 305
0.0813 305
0.0814 305
0.0815 305
0.0816 305
0.0817 305
0.0818 304
0.0819 304
0.082 304
0.0821 304
0.0822 304
0.0823 304
0.0824 304
0.0825 303
0.0826 305
0.0827 305
0.0828 305
0.0829 305
0.083 306
0.0831 306
0.0832 306
0.0833 307
0.0834 307
0.0835 307
0.0836 307
0.0837 307
0.0838 308
0.0839 308
0.084 308
0.0841 309
0.0842 309
0.0843 309
0.0844 309
0.0845 309
0.0846 309
0.0847 310
0.0848 310
0.0849 309
0.085 309
0.0851 309
0.0852 309
0.0853 309
0.0854 309
0.0855 310
0.0856 309
0.0857 310
0.0858 311
0.0859 311
0.086 311
0.0861 311
0.0862 311
0.0863 311
0.0864 310
0.0865 310
0.0866 312
0.0867 312
0.0868 312
0.0869 312
0.087 312
0.0871 311
0.0872 311
0.0873 311
0.0874 311
0.0875 311
0.0876 312
0.0877 312
0.0878 312
0.0879 312
0.088 312
0.0881 311
0.0882 311
0.0883 311
0.0884 311
0.0885 311
0.0886 311
0.0887 311
0.0888 311
0.0889 312
0.089 313
0.0891 313
0.0892 313
0.0893 312
0.0894 312
0.0895 313
0.0896 313
0.0897 313
0.0898 313
0.0899 313
0.09 313
0.0901 313
0.0902 315
0.0903 315
0.0904 315
0.0905 315
0.0906 316
0.0907 316
0.0908 316
0.0909 317
0.091 316
0.0911 315
0.0912 315
0.0913 316
0.0914 318
0.0915 319
0.0916 319
0.0917 319
0.0918 320
0.0919 320
0.092 320
0.0921 320
0.0922 320
0.0923 320
0.0924 320
0.0925 320
0.0926 320
0.0927 320
0.0928 320
0.0929 320
0.093 320
0.0931 320
0.0932 320
0.0933 320
0.0934 320
0.0935 319
0.0936 319
0.0937 319
0.0938 320
0.0939 321
0.094 321
0.0941 321
0.0942 321
0.0943 321
0.0944 321
0.0945 321
0.0946 322
0.0947 322
0.0948 321
0.0949 321
0.095 320
0.0951 320
0.0952 321
0.0953 322
0.0954 322
0.0955 322
0.0956 323
0.0957 324
0.0958 324
0.0959 324
0.096 324
0.0961 326
0.0962 326
0.0963 328
0.0964 328
0.0965 328
0.0966 329
0.0967 329
0.0968 330
0.0969 330
0.097 330
0.0971 329
0.0972 329
0.0973 330
0.0974 330
0.0975 329
0.0976 329
0.0977 329
0.0978 329
0.0979 330
0.098 330
0.0981 330
0.0982 331
0.0983 330
0.0984 331
0.0985 332
0.0986 332
0.0987 332
0.0988 332
0.0989 333
0.099 333
0.0991 333
0.0992 333
0.0993 332
0.0994 332
0.0995 333
0.0996 334
0.0997 334
0.0998 334
0.0999 334
0.1 333
