0 0
0.0001 0
0.0002 0
0.0003 0
0.0004 0
0.0005 0
0.0006 0
0.0007 0
0.0008 0
0.0009 0
0.001 0
0.0011 0
0.0012 0
0.0013 0
0.0014 0
0.0015 1
0.0016 0
0.0017 0
0.0018 1
0.0019 0
0.002 0
0.0021 0
0.0022 0
0.0023 1
0.0024 0
0.0025 0
0.0026 0
0.0027 1
0.0028 0
0.0029 0
0.003 0
0.0031 0
0.0032 0
0.0033 0
0.0034 0
0.0035 0
0.0036 0
0.0037 0
0.0038 0
0.0039 0
0.004 1
0.0041 0
0.0042 1
0.0043 0
0.0044 0
0.0045 1
0.0046 1
0.0047 0
0.0048 1
0.0049 0
0.005 0
0.0051 1
0.0052 1
0.0053 0
0.0054 0
0.0055 0
0.0056 0
0.0057 0
0.0058 0
0.0059 2
0.006 0
0.0061 0
0.0062 0
0.0063 0
0.0064 0
0.0065 1
0.0066 1
0.0067 0
0.0068 0
0.0069 0
0.007 0
0.0071 0
0.0072 0
0.0073 0
0.0074 0
0.0075 0
0.0076 1
0.0077 0
0.0078 0
0.0079 0
0.008 1
0.0081 1
0.0082 0
0.0083 0
0.0084 1
0.0085 0
0.0086 0
0.0087 0
0.0088 1
0.0089 1
0.009 0
0.0091 1
0.0092 0
0.0093 2
0.0094 0
0.0095 0
0.0096 2
0.0097 0
0.0098 1
0.0099 1
0.01 1
0.0101 3
0.0102 1
0.0103 0
0.0104 3
0.0105 1
0.0106 0
0.0107 1
0.0108 0
0.0109 1
0.011 1
0.0111 0
0.0112 0
0.0113 2
0.0114 0
0.0115 2
0.0116 1
0.0117 1
0.0118 0
0.0119 0
0.012 0
0.0121 1
0.0122 0
0.0123 3
0.0124 1
0.0125 0
0.0126 0
0.0127 1
0.0128 1
0.0129 1
0.013 0
0.0131 0
0.0132 0
0.0133 2
0.0134 0
0.0135 1
0.0136 3
0.0137 1
0.0138 1
0.0139 1
0.014 1
0.0141 0
0.0142 1
0.0143 2
0.0144 1
0.0145 3
0.0146 2
0.0147 0
0.0148 0
0.0149 4
0.015 1
0.0151 1
0.0152 1
0.0153 1
0.0154 2
0.0155 3
0.0156 1
0.0157 3
0.0158 1
0.0159 4
0.016 2
0.0161 5
0.0162 1
0.0163 5
0.0164 0
0.0165 1
0.0166 2
0.0167 1
0.0168 1
0.0169 3
0.017 1
0.0171 2
0.0172 1
0.0173 2
0.0174 1
0.0175 1
0.0176 2
0.0177 0
0.0178 1
0.0179 1
0.018 1
0.0181 5
0.0182 1
0.0183 1
0.0184 0
0.0185 2
0.0186 1
0.0187 2
0.0188 3
0.0189 5
0.019 0
0.0191 2
0.0192 2
0.0193 3
0.0194 4
0.0195 2
0.0196 1
0.0197 5
0.0198 3
0.0199 3
0.02 2
0.0201 3
0.0202 3
0.0203 2
0.0204 2
0.0205 2
0.0206 1
0.0207 3
0.0208 2
0.0209 4
0.021 3
0.0211 4
0.0212 1
0.0213 5
0.0214 3
0.0215 3
0.0216 3
0.0217 1
0.0218 4
0.0219 2
0.022 1
0.0221 3
0.0222 2
0.0223 3
0.0224 4
0.0225 1
0.0226 6
0.0227 3
0.0228 6
0.0229 2
0.023 5
0.0231 7
0.0232 7
0.0233 5
0.0234 2
0.0235 6
0.0236 3
0.0237 2
0.0238 4
0.0239 11
0.024 4
0.0241 3
0.0242 7
0.0243 3
0.0244 2
0.0245 7
0.0246 7
0.0247 1
0.0248 12
0.0249 6
0.025 6
0.0251 6
0.0252 8
0.0253 5
0.0254 10
0.0255 6
0.0256 4
0.0257 6
0.0258 3
0.0259 7
0.026 11
0.0261 7
0.0262 15
0.0263 8
0.0264 18
0.0265 19
0.0266 28
0.0267 19
0.0268 32
0.0269 37
0.027 38
0.0271 50
0.0272 69
0.0273 89
0.0274 100
0.0275 126
0.0276 150
0.0277 168
0.0278 192
0.0279 218
0.028 247
0.0281 275
0.0282 309
0.0283 342
0.0284 372
0.0285 395
0.0286 432
0.0287 465
0.0288 501
0.0289 528
0.029 560
0.0291 583
0.0292 618
0.0293 638
0.0294 654
0.0295 688
0.0296 726
0.0297 746
0.0298 752
0.0299 759
0.03 769
0.0301 777
0.0302 796
0.0303 822
0.0304 841
0.0305 848
0.0306 846
0.0307 857
0.0308 873
0.0309 880
0.031 887
0.0311 889
0.0312 906
0.0313 928
0.0314 940
0.0315 946
0.0316 957
0.0317 966
0.0318 976
0.0319 984
0.032 991
0.0321 989
0.0322 990
0.0323 994
0.0324 1007
0.0325 1018
0.0326 1032
0.0327 1050
0.0328 1052
0.0329 1064
0.033 1065
0.0331 1069
0.0332 1081
0.0333 1085
0.0334 1098
0.0335 1113
0.0336 1117
0.0337 1114
0.0338 1118
0.0339 1125
0.034 1121
0.0341 1120
0.0342 1114
0.0343 1108
0.0344 1114
0.0345 1112
0.0346 1119
0.0347 1123
0.0348 1123
0.0349 1138
0.035 1141
0.0351 1137
0.0352 1139
0.0353 1137
0.0354 1137
0.0355 1140
0.0356 1143
0.0357 1149
0.0358 1151
0.0359 1153
0.036 1151
0.0361 1157
0.0362 1165
0.0363 1164
0.0364 1164
0.0365 1160
0.0366 1141
0.0367 1136
0.0368 1134
0.0369 1136
0.037 1144
0.0371 1151
0.0372 1151
0.0373 1153
0.0374 1152
0.0375 1152
0.0376 1146
0.0377 1151
0.0378 1140
0.0379 1139
0.038 1134
0.0381 1130
0.0382 1127
0.0383 1127
0.0384 1137
0.0385 1128
0.0386 1112
0.0387 1102
0.0388 1097
0.0389 1098
0.039 1095
0.0391 1078
0.0392 1065
0.0393 1062
0.0394 1061
0.0395 1064
0.0396 1068
0.0397 1068
0.0398 1067
0.0399 1065
0.04 1061
0.0401 1059
0.0402 1065
0.0403 1068
0.0404 1072
0.0405 1069
0.0406 1067
0.0407 1062
0.0408 1064
0.0409 1063
0.041 1060
0.0411 1045
0.0412 1048
0.0413 1045
0.0414 1050
0.0415 1049
0.0416 1049
0.0417 1040
0.0418 1028
0.0419 1031
0.042 1027
0.0421 1024
0.0422 1012
0.0423 1006
0.0424 993
0.0425 984
0.0426 980
0.0427 982
0.0428 977
0.0429 974
0.043 966
0.0431 960
0.0432 952
0.0433 947
0.0434 946
0.0435 945
0.0436 936
0.0437 937
0.0438 936
0.0439 936
0.044 941
0.0441 942
0.0442 939
0.0443 941
0.0444 938
0.0445 933
0.0446 940
0.0447 932
0.0448 930
0.0449 922
0.045 918
0.0451 913
0.0452 906
0.0453 897
0.0454 883
0.0455 884
0.0456 873
0.0457 872
0.0458 872
0.0459 869
0.046 866
0.0461 858
0.0462 859
0.0463 855
0.0464 853
0.0465 854
0.0466 860
0.0467 858
0.0468 858
0.0469 861
0.047 852
0.0471 849
0.0472 845
0.0473 847
0.0474 836
0.0475 820
0.0476 817
0.0477 814
0.0478 817
0.0479 817
0.048 814
0.0481 802
0.0482 799
0.0483 799
0.0484 795
0.0485 791
0.0486 784
0.0487 783
0.0488 778
0.0489 787
0.049 788
0.0491 777
0.0492 763
0.0493 756
0.0494 754
0.0495 751
0.0496 738
0.0497 741
0.0498 735
0.0499 728
0.05 720
0.0501 719
0.0502 728
0.0503 723
0.0504 720
0.0505 714
0.0506 704
0.0507 700
0.0508 696
0.0509 686
0.051 685
0.0511 680
0.0512 674
0.0513 673
0.0514 672
0.0515 670
0.0516 672
0.0517 670
0.0518 667
0.0519 663
0.052 662
0.0521 665
0.0522 667
0.0523 670
0.0524 667
0.0525 665
0.0526 663
0.0527 660
0.0528 658
0.0529 653
0.053 646
0.0531 636
0.0532 627
0.0533 614
0.0534 611
0.0535 601
0.0536 596
0.0537 595
0.0538 589
0.0539 586
0.054 580
0.0541 576
0.0542 570
0.0543 565
0.0544 561
0.0545 563
0.0546 559
0.0547 558
0.0548 554
0.0549 560
0.055 555
0.0551 558
0.0552 563
0.0553 562
0.0554 563
0.0555 565
0.0556 562
0.0557 558
0.0558 552
0.0559 543
0.056 537
0.0561 541
0.0562 538
0.0563 525
0.0564 517
0.0565 504
0.0566 506
0.0567 497
0.0568 493
0.0569 488
0.057 483
0.0571 477
0.0572 469
0.0573 466
0.0574 459
0.0575 458
0.0576 452
0.0577 450
0.0578 449
0.0579 453
0.058 459
0.0581 461
0.0582 463
0.0583 466
0.0584 462
0.0585 456
0.0586 457
0.0587 455
0.0588 452
0.0589 437
0.059 428
0.0591 427
0.0592 426
0.0593 425
0.0594 421
0.0595 418
0.0596 413
0.0597 412
0.0598 398
0.0599 392
0.06 390
0.0601 392
0.0602 387
0.0603 390
0.0604 388
0.0605 386
0.0606 379
0.0607 376
0.0608 374
0.0609 370
0.061 373
0.0611 373
0.0612 368
0.0613 367
0.0614 365
0.0615 360
0.0616 351
0.0617 347
0.0618 349
0.0619 356
0.062 358
0.0621 350
0.0622 346
0.0623 336
0.0624 323
0.0625 313
0.0626 306
0.0627 308
0.0628 312
0.0629 315
0.063 314
0.0631 312
0.0632 316
0.0633 318
0.0634 312
0.0635 309
0.0636 312
0.0637 307
0.0638 308
0.0639 310
0.064 304
0.0641 298
0.0642 297
0.0643 286
0.0644 289
0.0645 287
0.0646 296
0.0647 285
0.0648 285
0.0649 278
0.065 278
0.0651 280
0.0652 279
0.0653 280
0.0654 284
0.0655 282
0.0656 286
0.0657 284
0.0658 285
0.0659 287
0.066 285
0.0661 286
0.0662 289
0.0663 293
0.0664 292
0.0665 299
0.0666 294
0.0667 289
0.0668 279
0.0669 274
0.067 273
0.0671 268
0.0672 267
0.0673 265
0.0674 267
0.0675 262
0.0676 261
0.0677 262
0.0678 247
0.0679 247
0.068 242
0.0681 241
0.0682 243
0.0683 238
0.0684 231
0.0685 228
0.0686 231
0.0687 230
0.0688 224
0.0689 227
0.069 226
0.0691 221
0.0692 226
0.0693 227
0.0694 225
0.0695 227
0.0696 226
0.0697 231
0.0698 223
0.0699 223
0.07 219
0.0701 214
0.0702 207
0.0703 205
0.0704 204
0.0705 208
0.0706 215
0.0707 210
0.0708 209
0.0709 206
0.071 210
0.0711 209
0.0712 209
0.0713 208
0.0714 207
0.0715 210
0.0716 210
0.0717 210
0.0718 209
0.0719 206
0.072 207
0.0721 211
0.0722 210
0.0723 216
0.0724 218
0.0725 216
0.0726 217
0.0727 215
0.0728 216
0.0729 212
0.073 214
0.0731 218
0.0732 215
0.0733 217
0.0734 216
0.0735 218
0.0736 218
0.0737 213
0.0738 211
0.0739 206
0.074 201
0.0741 199
0.0742 199
0.0743 205
0.0744 209
0.0745 213
0.0746 211
0.0747 213
0.0748 216
0.0749 215
0.075 215
0.0751 211
0.0752 211
0.0753 201
0.0754 201
0.0755 203
0.0756 200
0.0757 198
0.0758 186
0.0759 180
0.076 174
0.0761 170
0.0762 172
0.0763 172
0.0764 163
0.0765 160
0.0766 160
0.0767 158
0.0768 155
0.0769 149
0.077 143
0.0771 142
0.0772 129
0.0773 126
0.0774 123
0.0775 115
0.0776 111
0.0777 110
0.0778 111
0.0779 119
0.078 118
0.0781 126
0.0782 134
0.0783 137
0.0784 138
0.0785 145
0.0786 144
0.0787 152
0.0788 156
0.0789 159
0.079 161
0.0791 167
0.0792 169
0.0793 168
0.0794 175
0.0795 182
0.0796 185
0.0797 187
0.0798 190
0.0799 188
0.08 187
0.0801 186
0.0802 185
0.0803 184
0.0804 178
0.0805 176
0.0806 175
0.0807 176
0.0808 178
0.0809 184
0.081 187
0.0811 187
0.0812 188
0.0813 186
0.0814 185
0.0815 183
0.0816 184
0.0817 185
0.0818 180
0.0819 178
0.082 175
0.0821 175
0.0822 173
0.0823 176
0.0824 172
0.0825 170
0.0826 171
0.0827 176
0.0828 176
0.0829 172
0.083 167
0.0831 160
0.0832 156
0.0833 154
0.0834 153
0.0835 153
0.0836 150
0.0837 148
0.0838 148
0.0839 145
0.084 148
0.0841 144
0.0842 138
0.0843 132
0.0844 128
0.0845 118
0.0846 118
0.0847 119
0.0848 118
0.0849 121
0.085 124
0.0851 123
0.0852 123
0.0853 120
0.0854 115
0.0855 112
0.0856 111
0.0857 111
0.0858 107
0.0859 107
0.086 104
0.0861 104
0.0862 100
0.0863 101
0.0864 95
0.0865 94
0.0866 91
0.0867 91
0.0868 87
0.0869 79
0.087 73
0.0871 69
0.0872 63
0.0873 69
0.0874 63
0.0875 49
0.0876 29
0.0877 19
0.0878 13
0.0879 14
0.088 14
0.0881 13
0.0882 10
0.0883 16
0.0884 12
0.0885 14
0.0886 18
0.0887 15
0.0888 10
0.0889 4
0.089 8
0.0891 9
0.0892 7
0.0893 14
0.0894 4
0.0895 2
0.0896 4
0.0897 4
0.0898 6
0.0899 6
0.09 4
0.0901 2
0.0902 2
0.0903 4
0.0904 4
0.0905 4
0.0906 3
0.0907 3
0.0908 5
0.0909 3
0.091 1
0.0911 2
0.0912 2
0.0913 3
0.0914 2
0.0915 2
0.0916 2
0.0917 3
0.0918 2
0.0919 1
0.092 5
0.0921 5
0.0922 1
0.0923 0
0.0924 1
0.0925 3
0.0926 3
0.0927 0
0.0928 3
0.0929 3
0.093 4
0.0931 2
0.0932 2
0.0933 4
0.0934 2
0.0935 2
0.0936 2
0.0937 1
0.0938 3
0.0939 2
0.094 2
0.0941 1
0.0942 1
0.0943 3
0.0944 1
0.0945 0
0.0946 2
0.0947 2
0.0948 2
0.0949 1
0.095 2
0.0951 1
0.0952 1
0.0953 1
0.0954 1
0.0955 1
0.0956 1
0.0957 1
0.0958 1
0.0959 2
0.096 0
0.0961 1
0.0962 1
0.0963 2
0.0964 4
0.0965 1
0.0966 1
0.0967 2
0.0968 0
0.0969 1
0.097 5
0.0971 0
0.0972 1
0.0973 0
0.0974 3
0.0975 1
0.0976 1
0.0977 1
0.0978 1
0.0979 1
0.098 7
0.0981 3
0.0982 4
0.0983 4
0.0984 2
0.0985 1
0.0986 1
0.0987 0
0.0988 0
0.0989 2
0.099 2
0.0991 2
0.0992 1
0.0993 1
0.0994 2
0.0995 2
0.0996 2
0.0997 1
0.0998 1
0.0999 3
0.1 2
0.1001 1
0.1002 3
0.1003 1
0.1004 4
0.1005 2
0.1006 0
0.1007 1
0.1008 1
0.1009 2
0.101 8
0.1011 1
0.1012 3
0.1013 0
0.1014 1
0.1015 2
0.1016 2
0.1017 5
0.1018 1
0.1019 5
0.102 7
0.1021 4
0.1022 4
0.1023 1
0.1024 3
0.1025 6
0.1026 1
0.1027 3
0.1028 2
0.1029 3
0.103 4
0.1031 3
0.1032 1
0.1033 2
0.1034 1
0.1035 3
0.1036 4
0.1037 1
0.1038 2
0.1039 2
0.104 0
0.1041 5
0.1042 3
0.1043 3
0.1044 4
0.1045 2
0.1046 4
0.1047 3
0.1048 1
0.1049 5
0.105 4
0.1051 5
0.1052 4
0.1053 4
0.1054 4
0.1055 6
0.1056 2
0.1057 0
0.1058 3
0.1059 6
0.106 5
0.1061 3
0.1062 4
0.1063 6
0.1064 1
0.1065 2
0.1066 2
0.1067 9
0.1068 5
0.1069 6
0.107 4
0.1071 6
0.1072 5
0.1073 7
0.1074 7
0.1075 2
0.1076 5
0.1077 3
0.1078 7
0.1079 5
0.108 7
0.1081 6
0.1082 6
0.1083 8
0.1084 4
0.1085 5
0.1086 6
0.1087 7
0.1088 6
0.1089 12
0.109 3
0.1091 9
0.1092 5
0.1093 3
0.1094 8
0.1095 3
0.1096 7
0.1097 4
0.1098 3
0.1099 6
0.11 4
0.1101 6
0.1102 6
0.1103 8
0.1104 2
0.1105 6
0.1106 4
0.1107 3
0.1108 6
0.1109 5
0.111 7
0.1111 6
0.1112 6
0.1113 7
0.1114 4
0.1115 5
0.1116 8
0.1117 10
0.1118 11
0.1119 8
0.112 10
0.1121 6
0.1122 9
0.1123 4
0.1124 10
0.1125 11
0.1126 12
0.1127 9
0.1128 10
0.1129 8
0.113 11
0.1131 9
0.1132 11
0.1133 12
0.1134 14
0.1135 17
0.1136 15
0.1137 9
0.1138 18
0.1139 10
0.114 17
0.1141 6
0.1142 12
0.1143 19
0.1144 21
0.1145 11
0.1146 13
0.1147 15
0.1148 21
0.1149 35
0.115 31
0.1151 42
0.1152 56
0.1153 66
0.1154 94
0.1155 138
0.1156 174
0.1157 220
0.1158 258
0.1159 293
0.116 327
0.1161 367
0.1162 408
0.1163 453
0.1164 474
0.1165 500
0.1166 538
0.1167 569
0.1168 615
0.1169 644
0.117 676
0.1171 711
0.1172 739
0.1173 759
0.1174 786
0.1175 828
0.1176 872
0.1177 903
0.1178 930
0.1179 961
0.118 968
0.1181 987
0.1182 1002
0.1183 1029
0.1184 1040
0.1185 1048
0.1186 1056
0.1187 1074
0.1188 1096
0.1189 1105
0.119 1115
0.1191 1121
0.1192 1141
0.1193 1161
0.1194 1179
0.1195 1190
0.1196 1208
0.1197 1208
0.1198 1214
0.1199 1218
0.12 1222
0.1201 1229
0.1202 1241
0.1203 1254
0.1204 1262
0.1205 1279
0.1206 1288
0.1207 1293
0.1208 1303
0.1209 1306
0.121 1311
0.1211 1321
0.1212 1328
0.1213 1336
0.1214 1342
0.1215 1346
0.1216 1351
0.1217 1357
0.1218 1362
0.1219 1368
0.122 1364
0.1221 1365
0.1222 1360
0.1223 1361
0.1224 1358
0.1225 1351
0.1226 1351
0.1227 1352
0.1228 1352
0.1229 1348
0.123 1347
0.1231 1344
0.1232 1336
0.1233 1336
0.1234 1342
0.1235 1354
0.1236 1354
0.1237 1355
0.1238 1351
0.1239 1346
0.124 1337
0.1241 1316
0.1242 1321
0.1243 1321
0.1244 1324
0.1245 1325
0.1246 1304
0.1247 1303
0.1248 1300
0.1249 1302
0.125 1305
0.1251 1298
0.1252 1285
0.1253 1281
0.1254 1277
0.1255 1269
0.1256 1270
0.1257 1268
0.1258 1271
0.1259 1266
0.126 1264
0.1261 1258
0.1262 1252
0.1263 1252
0.1264 1249
0.1265 1230
0.1266 1225
0.1267 1220
0.1268 1216
0.1269 1212
0.127 1218
0.1271 1218
0.1272 1213
0.1273 1209
0.1274 1204
0.1275 1205
0.1276 1196
0.1277 1196
0.1278 1191
0.1279 1188
0.128 1187
0.1281 1186
0.1282 1182
0.1283 1179
0.1284 1174
0.1285 1169
0.1286 1168
0.1287 1165
0.1288 1171
0.1289 1170
0.129 1165
0.1291 1155
0.1292 1144
0.1293 1140
0.1294 1138
0.1295 1140
0.1296 1145
0.1297 1149
0.1298 1139
0.1299 1136
0.13 1122
0.1301 1119
0.1302 1115
0.1303 1099
0.1304 1083
0.1305 1080
0.1306 1066
0.1307 1046
0.1308 1033
0.1309 1026
0.131 1025
0.1311 1020
0.1312 1008
0.1313 1011
0.1314 1008
0.1315 1004
0.1316 1006
0.1317 997
0.1318 992
0.1319 982
0.132 988
0.1321 982
0.1322 965
0.1323 955
0.1324 953
0.1325 946
0.1326 943
0.1327 942
0.1328 939
0.1329 933
0.133 927
0.1331 927
0.1332 925
0.1333 924
0.1334 931
0.1335 927
0.1336 926
0.1337 916
0.1338 917
0.1339 914
0.134 912
0.1341 912
0.1342 902
0.1343 899
0.1344 889
0.1345 890
0.1346 884
0.1347 877
0.1348 876
0.1349 871
0.135 866
0.1351 864
0.1352 859
0.1353 838
0.1354 833
0.1355 828
0.1356 819
0.1357 826
0.1358 827
0.1359 821
0.136 826
0.1361 829
0.1362 835
0.1363 839
0.1364 835
0.1365 833
0.1366 830
0.1367 831
0.1368 828
0.1369 826
0.137 821
0.1371 815
0.1372 814
0.1373 809
0.1374 806
0.1375 803
0.1376 807
0.1377 813
0.1378 808
0.1379 801
0.138 799
0.1381 792
0.1382 790
0.1383 791
0.1384 790
0.1385 785
0.1386 782
0.1387 774
0.1388 773
0.1389 770
0.139 771
0.1391 772
0.1392 772
0.1393 775
0.1394 769
0.1395 766
0.1396 763
0.1397 754
0.1398 748
0.1399 738
0.14 740
0.1401 735
0.1402 731
0.1403 720
0.1404 710
0.1405 709
0.1406 708
0.1407 705
0.1408 709
0.1409 698
0.141 689
0.1411 681
0.1412 661
0.1413 643
0.1414 629
0.1415 620
0.1416 608
0.1417 601
0.1418 592
0.1419 588
0.142 576
0.1421 575
0.1422 562
0.1423 566
0.1424 552
0.1425 542
0.1426 535
0.1427 538
0.1428 537
0.1429 535
0.143 540
0.1431 542
0.1432 542
0.1433 544
0.1434 542
0.1435 548
0.1436 546
0.1437 545
0.1438 537
0.1439 531
0.144 529
0.1441 524
0.1442 516
0.1443 515
0.1444 508
0.1445 501
0.1446 492
0.1447 495
0.1448 502
0.1449 504
0.145 510
0.1451 509
0.1452 506
0.1453 509
0.1454 505
0.1455 494
0.1456 492
0.1457 493
0.1458 490
0.1459 485
0.146 478
0.1461 478
0.1462 475
0.1463 475
0.1464 476
0.1465 472
0.1466 472
0.1467 463
0.1468 464
0.1469 469
0.147 466
0.1471 461
0.1472 466
0.1473 465
0.1474 469
0.1475 474
0.1476 477
0.1477 482
0.1478 485
0.1479 492
0.148 501
0.1481 502
0.1482 500
0.1483 503
0.1484 503
0.1485 496
0.1486 489
0.1487 483
0.1488 486
0.1489 483
0.149 476
0.1491 471
0.1492 476
0.1493 479
0.1494 475
0.1495 474
0.1496 463
0.1497 452
0.1498 448
0.1499 445
0.15 442
0.1501 445
0.1502 445
0.1503 443
0.1504 441
0.1505 445
0.1506 435
0.1507 436
0.1508 432
0.1509 426
0.151 425
0.1511 419
0.1512 412
0.1513 405
0.1514 407
0.1515 401
0.1516 397
0.1517 396
0.1518 395
0.1519 393
0.152 389
0.1521 394
0.1522 397
0.1523 394
0.1524 391
0.1525 391
0.1526 395
0.1527 393
0.1528 396
0.1529 388
0.153 385
0.1531 386
0.1532 384
0.1533 386
0.1534 387
0.1535 386
0.1536 380
0.1537 370
0.1538 369
0.1539 370
0.154 369
0.1541 369
0.1542 367
0.1543 358
0.1544 363
0.1545 359
0.1546 360
0.1547 362
0.1548 368
0.1549 359
0.155 360
0.1551 357
0.1552 358
0.1553 357
0.1554 363
0.1555 358
0.1556 356
0.1557 363
0.1558 366
0.1559 361
0.156 358
0.1561 360
0.1562 356
0.1563 354
0.1564 354
0.1565 351
0.1566 349
0.1567 337
0.1568 332
0.1569 335
0.157 329
0.1571 324
0.1572 320
0.1573 306
0.1574 300
0.1575 290
0.1576 292
0.1577 297
0.1578 298
0.1579 291
0.158 285
0.1581 282
0.1582 275
0.1583 268
0.1584 263
0.1585 258
0.1586 259
0.1587 254
0.1588 255
0.1589 258
0.159 249
0.1591 249
0.1592 241
0.1593 237
0.1594 227
0.1595 219
0.1596 222
0.1597 224
0.1598 225
0.1599 221
0.16 218
0.1601 213
0.1602 208
0.1603 206
0.1604 203
0.1605 208
0.1606 208
0.1607 205
0.1608 200
0.1609 198
0.161 198
0.1611 196
0.1612 196
0.1613 203
0.1614 204
0.1615 204
0.1616 205
0.1617 205
0.1618 203
0.1619 199
0.162 210
0.1621 208
0.1622 210
0.1623 217
0.1624 210
0.1625 210
0.1626 211
0.1627 213
0.1628 204
0.1629 204
0.163 203
0.1631 205
0.1632 197
0.1633 195
0.1634 195
0.1635 193
0.1636 195
0.1637 191
0.1638 190
0.1639 195
0.164 196
0.1641 198
0.1642 206
0.1643 211
0.1644 208
0.1645 199
0.1646 179
0.1647 162
0.1648 146
0.1649 139
0.165 124
0.1651 122
0.1652 121
0.1653 108
0.1654 109
0.1655 102
0.1656 92
0.1657 81
0.1658 80
0.1659 76
0.166 81
0.1661 79
0.1662 81
0.1663 91
0.1664 88
0.1665 90
0.1666 88
0.1667 87
0.1668 89
0.1669 93
0.167 92
0.1671 96
0.1672 94
0.1673 96
0.1674 97
0.1675 99
0.1676 101
0.1677 105
0.1678 115
0.1679 117
0.168 120
0.1681 117
0.1682 115
0.1683 107
0.1684 97
0.1685 90
0.1686 94
0.1687 97
0.1688 83
0.1689 77
0.169 74
0.1691 64
0.1692 61
0.1693 67
0.1694 66
0.1695 75
0.1696 72
0.1697 74
0.1698 68
0.1699 54
0.17 39
0.1701 32
0.1702 30
0.1703 26
0.1704 26
0.1705 32
0.1706 27
0.1707 21
0.1708 11
0.1709 6
0.171 7
0.1711 6
0.1712 7
0.1713 8
0.1714 3
0.1715 6
0.1716 5
0.1717 5
0.1718 3
0.1719 9
0.172 0
0.1721 5
0.1722 1
0.1723 3
0.1724 2
0.1725 2
0.1726 1
0.1727 1
0.1728 2
0.1729 0
0.173 1
0.1731 1
0.1732 4
0.1733 0
0.1734 1
0.1735 2
0.1736 1
0.1737 0
0.1738 3
0.1739 3
0.174 1
0.1741 1
0.1742 1
0.1743 0
0.1744 0
0.1745 3
0.1746 1
0.1747 0
0.1748 3
0.1749 1
0.175 0
0.1751 1
0.1752 0
0.1753 4
0.1754 1
0.1755 2
0.1756 0
0.1757 2
0.1758 0
0.1759 2
0.176 3
0.1761 2
0.1762 0
0.1763 1
0.1764 1
0.1765 0
0.1766 1
0.1767 1
0.1768 3
0.1769 2
0.177 2
0.1771 1
0.1772 1
0.1773 1
0.1774 1
0.1775 0
0.1776 0
0.1777 1
0.1778 3
0.1779 1
0.178 1
0.1781 0
0.1782 2
0.1783 1
0.1784 2
0.1785 0
0.1786 3
0.1787 1
0.1788 1
0.1789 2
0.179 0
0.1791 3
0.1792 1
0.1793 3
0.1794 3
0.1795 4
0.1796 3
0.1797 1
0.1798 1
0.1799 3
0.18 1
0.1801 2
0.1802 1
0.1803 5
0.1804 1
0.1805 1
0.1806 0
0.1807 1
0.1808 2
0.1809 4
0.181 2
0.1811 2
0.1812 1
0.1813 0
0.1814 3
0.1815 3
0.1816 0
0.1817 3
0.1818 0
0.1819 1
0.182 1
0.1821 1
0.1822 4
0.1823 2
0.1824 0
0.1825 3
0.1826 5
0.1827 2
0.1828 2
0.1829 1
0.183 5
0.1831 5
0.1832 4
0.1833 3
0.1834 5
0.1835 2
0.1836 2
0.1837 3
0.1838 4
0.1839 5
0.184 1
0.1841 1
0.1842 4
0.1843 4
0.1844 3
0.1845 4
0.1846 2
0.1847 2
0.1848 5
0.1849 3
0.185 3
0.1851 1
0.1852 2
0.1853 1
0.1854 5
0.1855 4
0.1856 5
0.1857 1
0.1858 3
0.1859 1
0.186 4
0.1861 4
0.1862 2
0.1863 2
0.1864 1
0.1865 2
0.1866 2
0.1867 5
0.1868 5
0.1869 7
0.187 2
0.1871 4
0.1872 5
0.1873 2
0.1874 1
0.1875 4
0.1876 4
0.1877 7
0.1878 2
0.1879 1
0.188 9
0.1881 5
0.1882 2
0.1883 6
0.1884 4
0.1885 4
0.1886 4
0.1887 3
0.1888 6
0.1889 5
0.189 5
0.1891 3
0.1892 5
0.1893 6
0.1894 2
0.1895 6
0.1896 6
0.1897 7
0.1898 3
0.1899 5
0.19 7
0.1901 6
0.1902 3
0.1903 4
0.1904 3
0.1905 4
0.1906 7
0.1907 5
0.1908 5
0.1909 8
0.191 3
0.1911 7
0.1912 8
0.1913 4
0.1914 9
0.1915 8
0.1916 9
0.1917 11
0.1918 12
0.1919 11
0.192 9
0.1921 14
0.1922 10
0.1923 11
0.1924 15
0.1925 21
0.1926 23
0.1927 30
0.1928 26
0.1929 31
0.193 29
0.1931 35
0.1932 50
0.1933 63
0.1934 76
0.1935 100
0.1936 104
0.1937 113
0.1938 109
0.1939 124
0.194 151
0.1941 166
0.1942 191
0.1943 220
0.1944 246
0.1945 270
0.1946 299
0.1947 336
0.1948 376
0.1949 408
0.195 443
0.1951 471
0.1952 503
0.1953 528
0.1954 545
0.1955 577
0.1956 600
0.1957 622
0.1958 643
0.1959 668
0.196 680
0.1961 697
0.1962 716
0.1963 738
0.1964 761
0.1965 771
0.1966 785
0.1967 808
0.1968 821
0.1969 842
0.197 862
0.1971 881
0.1972 908
0.1973 922
0.1974 934
0.1975 949
0.1976 960
0.1977 966
0.1978 974
0.1979 983
0.198 991
0.1981 1000
0.1982 1002
0.1983 1010
0.1984 1018
0.1985 1027
0.1986 1027
0.1987 1041
0.1988 1041
0.1989 1048
0.199 1044
0.1991 1040
0.1992 1028
0.1993 1029
0.1994 1038
0.1995 1052
0.1996 1051
0.1997 1055
0.1998 1065
0.1999 1077
0.2 1082
0.2001 1084
0.2002 1093
0.2003 1107
0.2004 1122
0.2005 1125
0.2006 1134
0.2007 1138
0.2008 1141
0.2009 1141
0.201 1143
0.2011 1153
0.2012 1152
0.2013 1152
0.2014 1157
0.2015 1159
0.2016 1159
0.2017 1159
0.2018 1161
0.2019 1163
0.202 1173
0.2021 1173
0.2022 1167
0.2023 1162
0.2024 1159
0.2025 1152
0.2026 1150
0.2027 1148
0.2028 1150
0.2029 1145
0.203 1139
0.2031 1138
0.2032 1140
0.2033 1143
0.2034 1143
0.2035 1138
0.2036 1129
0.2037 1124
0.2038 1112
0.2039 1109
0.204 1106
0.2041 1097
0.2042 1094
0.2043 1090
0.2044 1089
0.2045 1077
0.2046 1070
0.2047 1055
0.2048 1049
0.2049 1037
0.205 1032
0.2051 1032
0.2052 1026
0.2053 1022
0.2054 1012
0.2055 1011
0.2056 1012
0.2057 1008
0.2058 1001
0.2059 987
0.206 979
0.2061 981
0.2062 979
0.2063 978
0.2064 979
0.2065 977
0.2066 977
0.2067 972
0.2068 967
0.2069 969
0.207 961
0.2071 955
0.2072 961
0.2073 950
0.2074 941
0.2075 933
0.2076 931
0.2077 929
0.2078 920
0.2079 914
0.208 913
0.2081 907
0.2082 912
0.2083 914
0.2084 914
0.2085 916
0.2086 915
0.2087 913
0.2088 907
0.2089 903
0.209 897
0.2091 896
0.2092 890
0.2093 878
0.2094 877
0.2095 882
0.2096 879
0.2097 876
0.2098 874
0.2099 882
0.21 887
0.2101 887
0.2102 888
0.2103 880
0.2104 876
0.2105 871
0.2106 864
0.2107 857
0.2108 854
0.2109 853
0.211 851
0.2111 842
0.2112 841
0.2113 850
0.2114 851
0.2115 856
0.2116 861
0.2117 863
0.2118 859
0.2119 853
0.212 843
0.2121 833
0.2122 828
0.2123 832
0.2124 825
0.2125 818
0.2126 805
0.2127 801
0.2128 792
0.2129 782
0.213 769
0.2131 743
0.2132 734
0.2133 716
0.2134 705
0.2135 704
0.2136 700
0.2137 702
0.2138 693
0.2139 696
0.214 693
0.2141 689
0.2142 684
0.2143 670
0.2144 660
0.2145 646
0.2146 652
0.2147 652
0.2148 653
0.2149 654
0.215 650
0.2151 646
0.2152 643
0.2153 637
0.2154 636
0.2155 639
0.2156 640
0.2157 642
0.2158 647
0.2159 650
0.216 657
0.2161 663
0.2162 663
0.2163 663
0.2164 658
0.2165 654
0.2166 648
0.2167 652
0.2168 654
0.2169 652
0.217 659
0.2171 649
0.2172 647
0.2173 653
0.2174 651
0.2175 645
0.2176 643
0.2177 638
0.2178 640
0.2179 643
0.218 639
0.2181 640
0.2182 646
0.2183 650
0.2184 647
0.2185 644
0.2186 646
0.2187 647
0.2188 645
0.2189 651
0.219 658
0.2191 662
0.2192 665
0.2193 665
0.2194 672
0.2195 669
0.2196 671
0.2197 667
0.2198 658
0.2199 653
0.22 646
0.2201 647
0.2202 643
0.2203 643
0.2204 632
0.2205 625
0.2206 623
0.2207 618
0.2208 616
0.2209 610
0.221 601
0.2211 602
0.2212 603
0.2213 600
0.2214 601
0.2215 595
0.2216 594
0.2217 593
0.2218 589
0.2219 592
0.222 592
0.2221 585
0.2222 585
0.2223 587
0.2224 585
0.2225 575
0.2226 569
0.2227 564
0.2228 558
0.2229 554
0.223 549
0.2231 542
0.2232 541
0.2233 545
0.2234 549
0.2235 551
0.2236 553
0.2237 553
0.2238 549
0.2239 549
0.224 544
0.2241 540
0.2242 536
0.2243 528
0.2244 525
0.2245 521
0.2246 524
0.2247 518
0.2248 506
0.2249 505
0.225 496
0.2251 502
0.2252 495
0.2253 493
0.2254 484
0.2255 482
0.2256 481
0.2257 475
0.2258 477
0.2259 473
0.226 467
0.2261 452
0.2262 454
0.2263 457
0.2264 450
0.2265 447
0.2266 442
0.2267 429
0.2268 422
0.2269 415
0.227 403
0.2271 385
0.2272 379
0.2273 370
0.2274 368
0.2275 364
0.2276 364
0.2277 363
0.2278 358
0.2279 353
0.228 349
0.2281 345
0.2282 347
0.2283 350
0.2284 345
0.2285 337
0.2286 332
0.2287 323
0.2288 325
0.2289 327
0.229 333
0.2291 332
0.2292 328
0.2293 330
0.2294 324
0.2295 317
0.2296 318
0.2297 316
0.2298 318
0.2299 318
0.23 315
0.2301 313
0.2302 308
0.2303 311
0.2304 307
0.2305 295
0.2306 298
0.2307 289
0.2308 290
0.2309 281
0.231 270
0.2311 265
0.2312 265
0.2313 253
0.2314 255
0.2315 261
0.2316 268
0.2317 270
0.2318 275
0.2319 274
0.232 278
0.2321 279
0.2322 279
0.2323 280
0.2324 275
0.2325 278
0.2326 286
0.2327 277
0.2328 268
0.2329 264
0.233 252
0.2331 259
0.2332 247
0.2333 240
0.2334 237
0.2335 235
0.2336 234
0.2337 229
0.2338 232
0.2339 240
0.234 235
0.2341 233
0.2342 224
0.2343 221
0.2344 222
0.2345 224
0.2346 225
0.2347 225
0.2348 230
0.2349 215
0.235 207
0.2351 206
0.2352 201
0.2353 203
0.2354 207
0.2355 205
0.2356 206
0.2357 207
0.2358 201
0.2359 192
0.236 198
0.2361 203
0.2362 208
0.2363 206
0.2364 216
0.2365 205
0.2366 213
0.2367 208
0.2368 203
0.2369 200
0.237 201
0.2371 198
0.2372 191
0.2373 190
0.2374 184
0.2375 183
0.2376 180
0.2377 179
0.2378 169
0.2379 160
0.238 147
0.2381 146
0.2382 148
0.2383 154
0.2384 146
0.2385 152
0.2386 149
0.2387 144
0.2388 152
0.2389 156
0.239 149
0.2391 145
0.2392 151
0.2393 150
0.2394 152
0.2395 150
0.2396 145
0.2397 145
0.2398 152
0.2399 151
0.24 154
0.2401 156
0.2402 153
0.2403 153
0.2404 153
0.2405 159
0.2406 162
0.2407 165
0.2408 172
0.2409 178
0.241 184
0.2411 191
0.2412 191
0.2413 196
0.2414 196
0.2415 201
0.2416 206
0.2417 202
0.2418 205
0.2419 210
0.242 216
0.2421 205
0.2422 211
0.2423 215
0.2424 216
0.2425 218
0.2426 218
0.2427 220
0.2428 224
0.2429 229
0.243 228
0.2431 214
0.2432 214
0.2433 211
0.2434 207
0.2435 203
0.2436 194
0.2437 197
0.2438 198
0.2439 199
0.244 201
0.2441 196
0.2442 187
0.2443 183
0.2444 186
0.2445 187
0.2446 178
0.2447 182
0.2448 182
0.2449 190
0.245 192
0.2451 199
0.2452 201
0.2453 202
0.2454 200
0.2455 198
0.2456 202
0.2457 205
0.2458 213
0.2459 214
0.246 219
0.2461 222
0.2462 232
0.2463 235
0.2464 237
0.2465 243
0.2466 246
0.2467 251
0.2468 251
0.2469 245
0.247 242
0.2471 243
0.2472 246
0.2473 248
0.2474 253
0.2475 254
0.2476 264
0.2477 270
0.2478 269
0.2479 266
0.248 264
0.2481 261
0.2482 253
0.2483 247
0.2484 248
0.2485 250
0.2486 251
0.2487 246
0.2488 235
0.2489 241
0.249 243
0.2491 244
0.2492 246
0.2493 246
0.2494 241
0.2495 243
0.2496 233
0.2497 230
0.2498 228
0.2499 225
0.25 214
