0 0
0.01 37
0.02 70
0.03 82
0.04 102
0.05 108
0.06 101
0.07 107
0.08 112
0.09 116
0.1 112
0.11 109
0.12 104
0.13 102
0.14 110
0.15 110
0.16 100
0.17 94
0.18 92
0.19 93
0.2 99
0.21 115
0.22 106
0.23 101
0.24 100
0.25 102
0.26 95
0.27 96
0.28 90
0.29 88
0.3 92
0.31 86
0.32 87
0.33 85
0.34 90
0.35 89
0.36 83
0.37 83
0.38 83
0.39 75
0.4 76
0.41 81
0.42 69
0.43 61
0.44 66
0.45 66
0.46 70
0.47 73
0.48 76
0.49 69
0.5 70
0.51 71
0.52 76
0.53 76
0.54 75
0.55 72
0.56 79
0.57 75
0.58 74
0.59 79
0.6 71
0.61 73
0.62 75
0.63 70
0.64 66
0.65 66
0.66 60
0.67 61
0.68 60
0.69 62
0.7 66
0.71 65
0.72 58
0.73 57
0.74 58
0.75 65
0.76 66
0.77 65
0.78 65
0.79 66
0.8 68
0.81 68
0.82 68
0.83 71
0.84 68
0.85 67
0.86 61
0.87 65
0.88 67
0.89 72
0.9 71
0.91 65
0.92 64
0.93 59
0.94 61
0.95 64
0.96 66
0.97 65
0.98 65
0.99 69
1 71
1.01 69
1.02 74
1.03 81
1.04 74
1.05 70
1.06 73
1.07 69
1.08 73
1.09 74
1.1 71
1.11 67
1.12 73
1.13 69
1.14 65
1.15 65
1.16 60
1.17 54
1.18 62
1.19 61
1.2 63
1.21 61
1.22 60
1.23 60
1.24 58
1.25 62
1.26 59
1.27 59
1.28 65
1.29 64
1.3 69
1.31 69
1.32 69
1.33 67
1.34 63
1.35 68
1.36 63
1.37 66
1.38 69
1.39 68
1.4 64
1.41 62
1.42 60
1.43 61
1.44 61
1.45 53
1.46 49
1.47 52
1.48 56
1.49 56
1.5 59
1.51 63
1.52 64
1.53 61
1.54 64
1.55 66
1.56 67
1.57 67
1.58 62
1.59 65
1.6 67
1.61 65
1.62 68
1.63 71
1.64 66
1.65 61
1.66 64
1.67 68
1.68 63
1.69 62
1.7 65
1.71 63
1.72 61
1.73 62
1.74 59
1.75 63
1.76 61
1.77 68
1.78 66
1.79 65
1.8 60
1.81 63
1.82 65
1.83 56
1.84 52
1.85 52
1.86 50
1.87 52
1.88 49
1.89 49
1.9 49
1.91 49
1.92 49
1.93 49
1.94 48
1.95 50
1.96 47
1.97 49
1.98 52
1.99 49
2 50
