0 0
0.0001 0
0.0002 0
0.0003 0
0.0004 0
0.0005 0
0.0006 0
0.0007 0
0.0008 0
0.0009 0
0.001 0
0.0011 0
0.0012 0
0.0013 0
0.0014 0
0.0015 0
0.0016 0
0.0017 0
0.0018 0
0.0019 0
0.002 1
0.0021 1
0.0022 1
0.0023 1
0.0024 1
0.0025 1
0.0026 1
0.0027 1
0.0028 1
0.0029 1
0.003 1
0.0031 1
0.0032 1
0.0033 1
0.0034 2
0.0035 2
0.0036 1
0.0037 1
0.0038 1
0.0039 1
0.004 1
0.0041 1
0.0042 2
0.0043 2
0.0044 2
0.0045 2
0.0046 2
0.0047 2
0.0048 2
0.0049 2
0.005 1
0.0051 1
0.0052 1
0.0053 1
0.0054 2
0.0055 1
0.0056 1
0.0057 1
0.0058 1
0.0059 1
0.006 1
0.0061 1
0.0062 1
0.0063 1
0.0064 1
0.0065 1
0.0066 0
0.0067 0
0.0068 0
0.0069 0
0.007 0
0.0071 0
0.0072 1
0.0073 1
0.0074 3
0.0075 3
0.0076 3
0.0077 2
0.0078 2
0.0079 2
0.008 2
0.0081 2
0.0082 2
0.0083 2
0.0084 2
0.0085 2
0.0086 2
0.0087 2
0.0088 2
0.0089 3
0.009 3
0.0091 3
0.0092 3
0.0093 3
0.0094 4
0.0095 3
0.0096 3
0.0097 3
0.0098 3
0.0099 3
0.01 4
0.0101 4
0.0102 3
0.0103 3
0.0104 2
0.0105 3
0.0106 3
0.0107 3
0.0108 3
0.0109 3
0.011 3
0.0111 3
0.0112 3
0.0113 3
0.0114 3
0.0115 4
0.0116 4
0.0117 4
0.0118 4
0.0119 4
0.012 5
0.0121 5
0.0122 5
0.0123 3
0.0124 3
0.0125 2
0.0126 2
0.0127 2
0.0128 2
0.0129 2
0.013 2
0.0131 3
0.0132 4
0.0133 4
0.0134 4
0.0135 4
0.0136 3
0.0137 3
0.0138 3
0.0139 3
0.014 3
0.0141 3
0.0142 3
0.0143 3
0.0144 3
0.0145 4
0.0146 6
0.0147 6
0.0148 6
0.0149 6
0.015 5
0.0151 5
0.0152 5
0.0153 5
0.0154 5
0.0155 6
0.0156 6
0.0157 4
0.0158 5
0.0159 5
0.016 4
0.0161 5
0.0162 6
0.0163 6
0.0164 6
0.0165 6
0.0166 5
0.0167 5
0.0168 4
0.0169 4
0.017 5
0.0171 5
0.0172 4
0.0173 4
0.0174 4
0.0175 3
0.0176 3
0.0177 3
0.0178 3
0.0179 3
0.018 3
0.0181 3
0.0182 3
0.0183 3
0.0184 3
0.0185 3
0.0186 3
0.0187 3
0.0188 3
0.0189 3
0.019 3
0.0191 3
0.0192 3
0.0193 3
0.0194 2
0.0195 2
0.0196 2
0.0197 3
0.0198 3
0.0199 3
0.02 3
0.0201 3
0.0202 3
0.0203 3
0.0204 3
0.0205 3
0.0206 4
0.0207 5
0.0208 6
0.0209 5
0.021 4
0.0211 4
0.0212 3
0.0213 3
0.0214 3
0.0215 3
0.0216 3
0.0217 5
0.0218 2
0.0219 2
0.022 2
0.0221 3
0.0222 2
0.0223 2
0.0224 3
0.0225 3
0.0226 3
0.0227 3
0.0228 3
0.0229 3
0.023 3
0.0231 3
0.0232 3
0.0233 2
0.0234 2
0.0235 4
0.0236 3
0.0237 3
0.0238 4
0.0239 4
0.024 4
0.0241 5
0.0242 5
0.0243 4
0.0244 4
0.0245 3
0.0246 3
0.0247 3
0.0248 3
0.0249 4
0.025 5
0.0251 5
0.0252 5
0.0253 5
0.0254 5
0.0255 5
0.0256 4
0.0257 4
0.0258 4
0.0259 4
0.026 4
0.0261 4
0.0262 4
0.0263 4
0.0264 4
0.0265 5
0.0266 5
0.0267 6
0.0268 6
0.0269 6
0.027 6
0.0271 6
0.0272 6
0.0273 6
0.0274 5
0.0275 5
0.0276 5
0.0277 5
0.0278 4
0.0279 4
0.028 4
0.0281 4
0.0282 3
0.0283 3
0.0284 3
0.0285 4
0.0286 4
0.0287 4
0.0288 4
0.0289 4
0.029 5
0.0291 6
0.0292 5
0.0293 6
0.0294 7
0.0295 8
0.0296 9
0.0297 9
0.0298 8
0.0299 8
0.03 8
0.0301 8
0.0302 8
0.0303 7
0.0304 8
0.0305 8
0.0306 8
0.0307 8
0.0308 8
0.0309 8
0.031 7
0.0311 7
0.0312 4
0.0313 5
0.0314 5
0.0315 5
0.0316 5
0.0317 6
0.0318 6
0.0319 6
0.032 6
0.0321 7
0.0322 7
0.0323 6
0.0324 7
0.0325 9
0.0326 8
0.0327 8
0.0328 8
0.0329 7
0.033 6
0.0331 6
0.0332 6
0.0333 5
0.0334 5
0.0335 5
0.0336 5
0.0337 5
0.0338 5
0.0339 5
0.034 5
0.0341 5
0.0342 6
0.0343 6
0.0344 6
0.0345 6
0.0346 5
0.0347 5
0.0348 5
0.0349 6
0.035 6
0.0351 5
0.0352 4
0.0353 4
0.0354 4
0.0355 4
0.0356 4
0.0357 5
0.0358 4
0.0359 4
0.036 4
0.0361 4
0.0362 4
0.0363 4
0.0364 3
0.0365 3
0.0366 3
0.0367 3
0.0368 4
0.0369 3
0.037 3
0.0371 2
0.0372 2
0.0373 2
0.0374 2
0.0375 2
0.0376 2
0.0377 2
0.0378 3
0.0379 3
0.038 3
0.0381 3
0.0382 3
0.0383 3
0.0384 3
0.0385 2
0.0386 2
0.0387 2
0.0388 2
0.0389 2
0.039 2
0.0391 2
0.0392 2
0.0393 2
0.0394 1
0.0395 1
0.0396 1
0.0397 1
0.0398 1
0.0399 1
0.04 2
0.0401 2
0.0402 2
0.0403 1
0.0404 1
0.0405 1
0.0406 1
0.0407 1
0.0408 2
0.0409 2
0.041 2
0.0411 2
0.0412 2
0.0413 2
0.0414 2
0.0415 2
0.0416 2
0.0417 2
0.0418 2
0.0419 2
0.042 2
0.0421 2
0.0422 2
0.0423 0
0.0424 0
0.0425 0
0.0426 0
0.0427 1
0.0428 1
0.0429 1
0.043 1
0.0431 1
0.0432 1
0.0433 1
0.0434 1
0.0435 1
0.0436 1
0.0437 1
0.0438 1
0.0439 1
0.044 1
0.0441 1
0.0442 1
0.0443 1
0.0444 1
0.0445 1
0.0446 1
0.0447 1
0.0448 1
0.0449 1
0.045 2
0.0451 2
0.0452 2
0.0453 3
0.0454 3
0.0455 3
0.0456 4
0.0457 3
0.0458 3
0.0459 3
0.046 3
0.0461 3
0.0462 3
0.0463 3
0.0464 3
0.0465 4
0.0466 4
0.0467 4
0.0468 4
0.0469 4
0.047 4
0.0471 4
0.0472 4
0.0473 5
0.0474 5
0.0475 5
0.0476 5
0.0477 5
0.0478 5
0.0479 5
0.048 6
0.0481 6
0.0482 6
0.0483 7
0.0484 7
0.0485 6
0.0486 7
0.0487 8
0.0488 7
0.0489 7
0.049 8
0.0491 7
0.0492 7
0.0493 7
0.0494 7
0.0495 6
0.0496 6
0.0497 6
0.0498 6
0.0499 6
0.05 6
0.0501 6
0.0502 6
0.0503 5
0.0504 4
0.0505 5
0.0506 4
0.0507 4
0.0508 4
0.0509 3
0.051 3
0.0511 3
0.0512 3
0.0513 3
0.0514 3
0.0515 3
0.0516 3
0.0517 3
0.0518 3
0.0519 3
0.052 3
0.0521 3
0.0522 3
0.0523 3
0.0524 4
0.0525 4
0.0526 4
0.0527 4
0.0528 4
0.0529 4
0.053 5
0.0531 3
0.0532 3
0.0533 3
0.0534 3
0.0535 3
0.0536 4
0.0537 3
0.0538 3
0.0539 3
0.054 4
0.0541 4
0.0542 4
0.0543 4
0.0544 4
0.0545 5
0.0546 5
0.0547 5
0.0548 5
0.0549 5
0.055 5
0.0551 5
0.0552 5
0.0553 5
0.0554 5
0.0555 4
0.0556 5
0.0557 5
0.0558 4
0.0559 4
0.056 4
0.0561 4
0.0562 4
0.0563 4
0.0564 3
0.0565 3
0.0566 3
0.0567 2
0.0568 3
0.0569 3
0.057 3
0.0571 3
0.0572 3
0.0573 3
0.0574 4
0.0575 5
0.0576 3
0.0577 3
0.0578 2
0.0579 2
0.058 2
0.0581 2
0.0582 4
0.0583 4
0.0584 3
0.0585 4
0.0586 4
0.0587 4
0.0588 5
0.0589 5
0.059 5
0.0591 5
0.0592 4
0.0593 4
0.0594 4
0.0595 4
0.0596 4
0.0597 4
0.0598 4
0.0599 4
0.06 3
0.0601 3
0.0602 2
0.0603 2
0.0604 2
0.0605 2
0.0606 2
0.0607 2
0.0608 2
0.0609 2
0.061 2
0.0611 2
0.0612 3
0.0613 3
0.0614 4
0.0615 5
0.0616 4
0.0617 4
0.0618 4
0.0619 5
0.062 5
0.0621 5
0.0622 5
0.0623 5
0.0624 5
0.0625 4
0.0626 4
0.0627 4
0.0628 4
0.0629 4
0.063 5
0.0631 5
0.0632 5
0.0633 6
0.0634 6
0.0635 6
0.0636 4
0.0637 4
0.0638 4
0.0639 4
0.064 2
0.0641 2
0.0642 2
0.0643 2
0.0644 1
0.0645 1
0.0646 1
0.0647 1
0.0648 1
0.0649 1
0.065 1
0.0651 1
0.0652 2
0.0653 2
0.0654 3
0.0655 3
0.0656 3
0.0657 3
0.0658 3
0.0659 3
0.066 3
0.0661 3
0.0662 4
0.0663 4
0.0664 4
0.0665 4
0.0666 3
0.0667 3
0.0668 4
0.0669 4
0.067 3
0.0671 3
0.0672 3
0.0673 3
0.0674 3
0.0675 3
0.0676 4
0.0677 5
0.0678 6
0.0679 5
0.068 4
0.0681 5
0.0682 5
0.0683 5
0.0684 5
0.0685 5
0.0686 4
0.0687 4
0.0688 4
0.0689 4
0.069 5
0.0691 6
0.0692 6
0.0693 6
0.0694 6
0.0695 6
0.0696 6
0.0697 7
0.0698 8
0.0699 7
0.07 7
0.0701 7
0.0702 7
0.0703 7
0.0704 7
0.0705 6
0.0706 6
0.0707 6
0.0708 6
0.0709 6
0.071 5
0.0711 5
0.0712 4
0.0713 4
0.0714 3
0.0715 3
0.0716 3
0.0717 3
0.0718 4
0.0719 4
0.072 4
0.0721 4
0.0722 3
0.0723 3
0.0724 5
0.0725 3
0.0726 4
0.0727 4
0.0728 5
0.0729 5
0.073 6
0.0731 6
0.0732 6
0.0733 6
0.0734 6
0.0735 6
0.0736 5
0.0737 5
0.0738 5
0.0739 5
0.074 5
0.0741 5
0.0742 5
0.0743 5
0.0744 5
0.0745 5
0.0746 5
0.0747 5
0.0748 5
0.0749 5
0.075 5
0.0751 6
0.0752 7
0.0753 7
0.0754 7
0.0755 7
0.0756 7
0.0757 8
0.0758 7
0.0759 6
0.076 6
0.0761 6
0.0762 5
0.0763 4
0.0764 4
0.0765 3
0.0766 3
0.0767 4
0.0768 4
0.0769 4
0.077 5
0.0771 5
0.0772 5
0.0773 5
0.0774 5
0.0775 5
0.0776 6
0.0777 6
0.0778 6
0.0779 7
0.078 6
0.0781 6
0.0782 6
0.0783 6
0.0784 5
0.0785 5
0.0786 5
0.0787 5
0.0788 5
0.0789 4
0.079 5
0.0791 5
0.0792 5
0.0793 5
0.0794 6
0.0795 6
0.0796 6
0.0797 6
0.0798 5
0.0799 5
0.08 5
0.0801 5
0.0802 5
0.0803 5
0.0804 4
0.0805 6
0.0806 6
0.0807 6
0.0808 7
0.0809 7
0.081 7
0.0811 7
0.0812 7
0.0813 7
0.0814 7
0.0815 7
0.0816 7
0.0817 7
0.0818 8
0.0819 7
0.082 7
0.0821 8
0.0822 7
0.0823 7
0.0824 6
0.0825 7
0.0826 7
0.0827 7
0.0828 7
0.0829 8
0.083 8
0.0831 8
0.0832 8
0.0833 6
0.0834 6
0.0835 6
0.0836 6
0.0837 6
0.0838 6
0.0839 6
0.084 6
0.0841 6
0.0842 6
0.0843 6
0.0844 6
0.0845 7
0.0846 7
0.0847 8
0.0848 9
0.0849 8
0.085 8
0.0851 7
0.0852 6
0.0853 5
0.0854 6
0.0855 6
0.0856 4
0.0857 3
0.0858 3
0.0859 4
0.086 4
0.0861 5
0.0862 6
0.0863 6
0.0864 5
0.0865 6
0.0866 6
0.0867 6
0.0868 6
0.0869 6
0.087 5
0.0871 5
0.0872 5
0.0873 5
0.0874 5
0.0875 5
0.0876 5
0.0877 5
0.0878 5
0.0879 6
0.088 6
0.0881 5
0.0882 4
0.0883 4
0.0884 4
0.0885 5
0.0886 5
0.0887 5
0.0888 5
0.0889 5
0.089 5
0.0891 5
0.0892 5
0.0893 5
0.0894 5
0.0895 5
0.0896 4
0.0897 5
0.0898 5
0.0899 5
0.09 5
0.0901 5
0.0902 6
0.0903 6
0.0904 7
0.0905 6
0.0906 6
0.0907 5
0.0908 5
0.0909 5
0.091 5
0.0911 5
0.0912 5
0.0913 5
0.0914 5
0.0915 5
0.0916 5
0.0917 5
0.0918 6
0.0919 6
0.092 6
0.0921 5
0.0922 5
0.0923 5
0.0924 4
0.0925 4
0.0926 4
0.0927 4
0.0928 4
0.0929 4
0.093 4
0.0931 4
0.0932 4
0.0933 4
0.0934 4
0.0935 5
0.0936 5
0.0937 5
0.0938 5
0.0939 4
0.094 4
0.0941 4
0.0942 4
0.0943 4
0.0944 4
0.0945 4
0.0946 4
0.0947 3
0.0948 3
0.0949 3
0.095 3
0.0951 3
0.0952 3
0.0953 3
0.0954 4
0.0955 4
0.0956 4
0.0957 4
0.0958 4
0.0959 4
0.096 4
0.0961 3
0.0962 3
0.0963 3
0.0964 3
0.0965 3
0.0966 4
0.0967 4
0.0968 4
0.0969 4
0.097 4
0.0971 4
0.0972 4
0.0973 5
0.0974 5
0.0975 5
0.0976 4
0.0977 4
0.0978 4
0.0979 4
0.098 4
0.0981 5
0.0982 5
0.0983 6
0.0984 6
0.0985 7
0.0986 6
0.0987 5
0.0988 4
0.0989 4
0.099 4
0.0991 4
0.0992 3
0.0993 3
0.0994 3
0.0995 3
0.0996 4
0.0997 4
0.0998 4
0.0999 4
0.1 5
