0 0
0.0001 0
0.0002 0
0.0003 0
0.0004 0
0.0005 0
0.0006 0
0.0007 0
0.0008 0
0.0009 0
0.001 0
0.0011 0
0.0012 0
0.0013 0
0.0014 0
0.0015 0
0.0016 0
0.0017 0
0.0018 0
0.0019 0
0.002 0
0.0021 0
0.0022 0
0.0023 0
0.0024 0
0.0025 0
0.0026 0
0.0027 0
0.0028 1
0.0029 1
0.003 1
0.0031 1
0.0032 1
0.0033 1
0.0034 1
0.0035 1
0.0036 2
0.0037 2
0.0038 1
0.0039 1
0.004 1
0.0041 1
0.0042 2
0.0043 2
0.0044 2
0.0045 3
0.0046 3
0.0047 3
0.0048 3
0.0049 3
0.005 3
0.0051 3
0.0052 3
0.0053 3
0.0054 3
0.0055 3
0.0056 3
0.0057 3
0.0058 2
0.0059 2
0.006 2
0.0061 2
0.0062 2
0.0063 2
0.0064 2
0.0065 2
0.0066 2
0.0067 2
0.0068 2
0.0069 2
0.007 2
0.0071 2
0.0072 1
0.0073 0
0.0074 0
0.0075 0
0.0076 0
0.0077 0
0.0078 0
0.0079 0
0.008 0
0.0081 0
0.0082 0
0.0083 0
0.0084 0
0.0085 0
0.0086 0
0.0087 0
0.0088 0
0.0089 0
0.009 0
0.0091 0
0.0092 0
0.0093 0
0.0094 0
0.0095 0
0.0096 0
0.0097 0
0.0098 0
0.0099 0
0.01 2
0.0101 2
0.0102 2
0.0103 2
0.0104 2
0.0105 2
0.0106 2
0.0107 3
0.0108 5
0.0109 5
0.011 4
0.0111 4
0.0112 4
0.0113 4
0.0114 4
0.0115 4
0.0116 4
0.0117 4
0.0118 4
0.0119 4
0.012 4
0.0121 4
0.0122 4
0.0123 3
0.0124 4
0.0125 6
0.0126 6
0.0127 6
0.0128 6
0.0129 9
0.013 10
0.0131 10
0.0132 11
0.0133 11
0.0134 11
0.0135 11
0.0136 11
0.0137 11
0.0138 11
0.0139 11
0.014 11
0.0141 13
0.0142 14
0.0143 14
0.0144 15
0.0145 14
0.0146 15
0.0147 17
0.0148 17
0.0149 16
0.015 16
0.0151 15
0.0152 16
0.0153 16
0.0154 16
0.0155 18
0.0156 18
0.0157 19
0.0158 19
0.0159 20
0.016 20
0.0161 21
0.0162 21
0.0163 21
0.0164 20
0.0165 19
0.0166 19
0.0167 19
0.0168 19
0.0169 19
0.017 21
0.0171 20
0.0172 19
0.0173 19
0.0174 18
0.0175 18
0.0176 18
0.0177 17
0.0178 18
0.0179 19
0.018 21
0.0181 20
0.0182 21
0.0183 21
0.0184 20
0.0185 20
0.0186 20
0.0187 20
0.0188 19
0.0189 20
0.019 20
0.0191 20
0.0192 20
0.0193 21
0.0194 21
0.0195 20
0.0196 20
0.0197 21
0.0198 23
0.0199 24
0.02 24
0.0201 24
0.0202 24
0.0203 23
0.0204 24
0.0205 24
0.0206 23
0.0207 24
0.0208 24
0.0209 23
0.021 23
0.0211 22
0.0212 24
0.0213 25
0.0214 25
0.0215 25
0.0216 24
0.0217 24
0.0218 24
0.0219 25
0.022 25
0.0221 24
0.0222 24
0.0223 21
0.0224 21
0.0225 21
0.0226 21
0.0227 21
0.0228 23
0.0229 23
0.023 23
0.0231 24
0.0232 25
0.0233 25
0.0234 26
0.0235 27
0.0236 28
0.0237 28
0.0238 28
0.0239 30
0.024 31
0.0241 31
0.0242 32
0.0243 31
0.0244 32
0.0245 32
0.0246 33
0.0247 33
0.0248 34
0.0249 34
0.025 36
0.0251 36
0.0252 36
0.0253 37
0.0254 37
0.0255 39
0.0256 39
0.0257 40
0.0258 40
0.0259 41
0.026 41
0.0261 43
0.0262 42
0.0263 42
0.0264 42
0.0265 41
0.0266 41
0.0267 43
0.0268 44
0.0269 44
0.027 45
0.0271 45
0.0272 48
0.0273 47
0.0274 46
0.0275 45
0.0276 45
0.0277 45
0.0278 45
0.0279 45
0.028 46
0.0281 43
0.0282 43
0.0283 43
0.0284 43
0.0285 43
0.0286 42
0.0287 42
0.0288 43
0.0289 43
0.029 43
0.0291 44
0.0292 44
0.0293 45
0.0294 45
0.0295 46
0.0296 45
0.0297 45
0.0298 44
0.0299 44
0.03 45
0.0301 46
0.0302 46
0.0303 47
0.0304 47
0.0305 46
0.0306 45
0.0307 44
0.0308 47
0.0309 46
0.031 46
0.0311 48
0.0312 48
0.0313 48
0.0314 48
0.0315 47
0.0316 47
0.0317 47
0.0318 47
0.0319 47
0.032 46
0.0321 46
0.0322 47
0.0323 50
0.0324 50
0.0325 51
0.0326 51
0.0327 51
0.0328 51
0.0329 51
0.033 52
0.0331 51
0.0332 51
0.0333 53
0.0334 54
0.0335 57
0.0336 56
0.0337 57
0.0338 58
0.0339 58
0.034 56
0.0341 56
0.0342 57
0.0343 57
0.0344 57
0.0345 57
0.0346 60
0.0347 60
0.0348 60
0.0349 59
0.035 60
0.0351 60
0.0352 59
0.0353 60
0.0354 60
0.0355 60
0.0356 61
0.0357 62
0.0358 62
0.0359 61
0.036 60
0.0361 61
0.0362 62
0.0363 62
0.0364 60
0.0365 60
0.0366 61
0.0367 61
0.0368 61
0.0369 62
0.037 63
0.0371 63
0.0372 63
0.0373 63
0.0374 64
0.0375 66
0.0376 66
0.0377 66
0.0378 66
0.0379 66
0.038 66
0.0381 66
0.0382 67
0.0383 66
0.0384 67
0.0385 67
0.0386 67
0.0387 68
0.0388 67
0.0389 68
0.039 68
0.0391 66
0.0392 65
0.0393 64
0.0394 64
0.0395 66
0.0396 65
0.0397 64
0.0398 64
0.0399 65
0.04 64
0.0401 65
0.0402 65
0.0403 66
0.0404 67
0.0405 66
0.0406 66
0.0407 65
0.0408 64
0.0409 64
0.041 67
0.0411 68
0.0412 69
0.0413 69
0.0414 69
0.0415 68
0.0416 68
0.0417 68
0.0418 70
0.0419 71
0.042 71
0.0421 73
0.0422 75
0.0423 76
0.0424 77
0.0425 78
0.0426 80
0.0427 80
0.0428 80
0.0429 81
0.043 80
0.0431 80
0.0432 80
0.0433 82
0.0434 84
0.0435 85
0.0436 84
0.0437 84
0.0438 83
0.0439 84
0.044 84
0.0441 85
0.0442 84
0.0443 85
0.0444 87
0.0445 87
0.0446 87
0.0447 89
0.0448 89
0.0449 90
0.045 90
0.0451 91
0.0452 91
0.0453 90
0.0454 89
0.0455 88
0.0456 87
0.0457 87
0.0458 87
0.0459 87
0.046 86
0.0461 86
0.0462 88
0.0463 89
0.0464 90
0.0465 90
0.0466 91
0.0467 90
0.0468 86
0.0469 85
0.047 86
0.0471 87
0.0472 85
0.0473 87
0.0474 88
0.0475 89
0.0476 89
0.0477 90
0.0478 90
0.0479 91
0.048 93
0.0481 95
0.0482 94
0.0483 96
0.0484 97
0.0485 97
0.0486 98
0.0487 96
0.0488 97
0.0489 97
0.049 98
0.0491 98
0.0492 97
0.0493 97
0.0494 97
0.0495 100
0.0496 101
0.0497 102
0.0498 102
0.0499 104
0.05 104
0.0501 103
0.0502 103
0.0503 103
0.0504 105
0.0505 106
0.0506 105
0.0507 105
0.0508 104
0.0509 106
0.051 106
0.0511 104
0.0512 105
0.0513 104
0.0514 101
0.0515 101
0.0516 102
0.0517 104
0.0518 103
0.0519 104
0.052 104
0.0521 105
0.0522 105
0.0523 109
0.0524 108
0.0525 106
0.0526 106
0.0527 106
0.0528 107
0.0529 104
0.053 104
0.0531 105
0.0532 106
0.0533 109
0.0534 109
0.0535 112
0.0536 112
0.0537 113
0.0538 112
0.0539 112
0.054 112
0.0541 111
0.0542 110
0.0543 111
0.0544 114
0.0545 116
0.0546 117
0.0547 116
0.0548 116
0.0549 118
0.055 121
0.0551 120
0.0552 120
0.0553 120
0.0554 118
0.0555 118
0.0556 119
0.0557 120
0.0558 120
0.0559 121
0.056 121
0.0561 120
0.0562 121
0.0563 122
0.0564 122
0.0565 123
0.0566 122
0.0567 121
0.0568 122
0.0569 124
0.057 124
0.0571 124
0.0572 123
0.0573 123
0.0574 124
0.0575 124
0.0576 124
0.0577 125
0.0578 123
0.0579 123
0.058 122
0.0581 123
0.0582 122
0.0583 122
0.0584 119
0.0585 121
0.0586 124
0.0587 123
0.0588 122
0.0589 121
0.059 122
0.0591 123
0.0592 123
0.0593 124
0.0594 125
0.0595 124
0.0596 125
0.0597 127
0.0598 126
0.0599 125
0.06 125
0.0601 123
0.0602 123
0.0603 123
0.0604 122
0.0605 121
0.0606 121
0.0607 122
0.0608 124
0.0609 124
0.061 124
0.0611 123
0.0612 124
0.0613 123
0.0614 126
0.0615 128
0.0616 128
0.0617 132
0.0618 132
0.0619 132
0.062 130
0.0621 131
0.0622 129
0.0623 129
0.0624 130
0.0625 127
0.0626 128
0.0627 129
0.0628 130
0.0629 131
0.063 130
0.0631 131
0.0632 132
0.0633 133
0.0634 133
0.0635 131
0.0636 132
0.0637 134
0.0638 133
0.0639 133
0.064 133
0.0641 133
0.0642 133
0.0643 133
0.0644 134
0.0645 132
0.0646 131
0.0647 132
0.0648 129
0.0649 128
0.065 129
0.0651 131
0.0652 132
0.0653 133
0.0654 132
0.0655 131
0.0656 134
0.0657 135
0.0658 135
0.0659 134
0.066 135
0.0661 138
0.0662 138
0.0663 138
0.0664 140
0.0665 140
0.0666 139
0.0667 138
0.0668 138
0.0669 138
0.067 138
0.0671 139
0.0672 139
0.0673 140
0.0674 140
0.0675 141
0.0676 144
0.0677 143
0.0678 144
0.0679 143
0.068 143
0.0681 141
0.0682 140
0.0683 143
0.0684 143
0.0685 143
0.0686 144
0.0687 145
0.0688 145
0.0689 148
0.069 145
0.0691 144
0.0692 143
0.0693 142
0.0694 139
0.0695 139
0.0696 137
0.0697 137
0.0698 135
0.0699 134
0.07 135
0.0701 135
0.0702 135
0.0703 135
0.0704 134
0.0705 134
0.0706 134
0.0707 137
0.0708 138
0.0709 138
0.071 138
0.0711 139
0.0712 140
0.0713 140
0.0714 140
0.0715 141
0.0716 142
0.0717 144
0.0718 142
0.0719 142
0.072 144
0.0721 145
0.0722 143
0.0723 142
0.0724 142
0.0725 142
0.0726 143
0.0727 144
0.0728 144
0.0729 145
0.073 145
0.0731 145
0.0732 145
0.0733 146
0.0734 146
0.0735 144
0.0736 144
0.0737 144
0.0738 146
0.0739 142
0.074 144
0.0741 143
0.0742 144
0.0743 141
0.0744 142
0.0745 143
0.0746 142
0.0747 141
0.0748 142
0.0749 144
0.075 142
0.0751 144
0.0752 142
0.0753 142
0.0754 141
0.0755 140
0.0756 139
0.0757 140
0.0758 139
0.0759 137
0.076 137
0.0761 137
0.0762 140
0.0763 141
0.0764 142
0.0765 140
0.0766 141
0.0767 139
0.0768 138
0.0769 138
0.077 139
0.0771 138
0.0772 143
0.0773 143
0.0774 142
0.0775 142
0.0776 141
0.0777 141
0.0778 142
0.0779 141
0.078 141
0.0781 142
0.0782 142
0.0783 143
0.0784 141
0.0785 142
0.0786 144
0.0787 143
0.0788 143
0.0789 143
0.079 144
0.0791 145
0.0792 144
0.0793 148
0.0794 146
0.0795 145
0.0796 145
0.0797 146
0.0798 146
0.0799 145
0.08 146
0.0801 148
0.0802 147
0.0803 148
0.0804 148
0.0805 148
0.0806 148
0.0807 147
0.0808 146
0.0809 146
0.081 147
0.0811 145
0.0812 144
0.0813 145
0.0814 146
0.0815 145
0.0816 146
0.0817 145
0.0818 147
0.0819 149
0.082 149
0.0821 150
0.0822 150
0.0823 149
0.0824 150
0.0825 149
0.0826 145
0.0827 144
0.0828 144
0.0829 147
0.083 147
0.0831 147
0.0832 148
0.0833 146
0.0834 148
0.0835 147
0.0836 147
0.0837 148
0.0838 146
0.0839 148
0.084 147
0.0841 148
0.0842 149
0.0843 148
0.0844 148
0.0845 148
0.0846 149
0.0847 149
0.0848 148
0.0849 147
0.085 146
0.0851 149
0.0852 147
0.0853 147
0.0854 147
0.0855 147
0.0856 146
0.0857 147
0.0858 148
0.0859 149
0.086 150
0.0861 153
0.0862 152
0.0863 154
0.0864 154
0.0865 155
0.0866 155
0.0867 155
0.0868 151
0.0869 149
0.087 149
0.0871 150
0.0872 150
0.0873 150
0.0874 150
0.0875 150
0.0876 152
0.0877 156
0.0878 155
0.0879 154
0.088 154
0.0881 151
0.0882 152
0.0883 153
0.0884 154
0.0885 155
0.0886 157
0.0887 156
0.0888 156
0.0889 156
0.089 159
0.0891 161
0.0892 160
0.0893 159
0.0894 159
0.0895 160
0.0896 161
0.0897 162
0.0898 161
0.0899 160
0.09 160
0.0901 163
0.0902 165
0.0903 167
0.0904 166
0.0905 167
0.0906 166
0.0907 167
0.0908 168
0.0909 168
0.091 169
0.0911 169
0.0912 169
0.0913 169
0.0914 167
0.0915 168
0.0916 167
0.0917 168
0.0918 166
0.0919 166
0.092 164
0.0921 161
0.0922 163
0.0923 165
0.0924 166
0.0925 165
0.0926 164
0.0927 164
0.0928 163
0.0929 162
0.093 163
0.0931 163
0.0932 163
0.0933 163
0.0934 162
0.0935 164
0.0936 163
0.0937 166
0.0938 166
0.0939 166
0.094 164
0.0941 165
0.0942 165
0.0943 167
0.0944 168
0.0945 171
0.0946 172
0.0947 171
0.0948 167
0.0949 167
0.095 169
0.0951 170
0.0952 168
0.0953 168
0.0954 169
0.0955 168
0.0956 167
0.0957 166
0.0958 170
0.0959 171
0.096 171
0.0961 170
0.0962 168
0.0963 165
0.0964 165
0.0965 165
0.0966 165
0.0967 167
0.0968 168
0.0969 168
0.097 167
0.0971 168
0.0972 170
0.0973 168
0.0974 168
0.0975 170
0.0976 170
0.0977 172
0.0978 172
0.0979 170
0.098 171
0.0981 171
0.0982 171
0.0983 170
0.0984 169
0.0985 171
0.0986 171
0.0987 173
0.0988 172
0.0989 171
0.099 172
0.0991 174
0.0992 174
0.0993 170
0.0994 171
0.0995 171
0.0996 171
0.0997 171
0.0998 170
0.0999 170
0.1 168
