0 0
0.0001 0
0.0002 0
0.0003 0
0.0004 0
0.0005 0
0.0006 0
0.0007 0
0.0008 0
0.0009 0
0.001 1
0.0011 1
0.0012 2
0.0013 2
0.0014 2
0.0015 2
0.0016 2
0.0017 2
0.0018 2
0.0019 2
0.002 2
0.0021 2
0.0022 2
0.0023 2
0.0024 2
0.0025 2
0.0026 1
0.0027 1
0.0028 2
0.0029 2
0.003 1
0.0031 1
0.0032 1
0.0033 1
0.0034 1
0.0035 2
0.0036 3
0.0037 3
0.0038 3
0.0039 3
0.004 3
0.0041 3
0.0042 3
0.0043 3
0.0044 3
0.0045 3
0.0046 3
0.0047 3
0.0048 2
0.0049 2
0.005 2
0.0051 1
0.0052 1
0.0053 1
0.0054 1
0.0055 1
0.0056 1
0.0057 1
0.0058 1
0.0059 1
0.006 1
0.0061 1
0.0062 1
0.0063 1
0.0064 2
0.0065 2
0.0066 2
0.0067 2
0.0068 3
0.0069 3
0.007 3
0.0071 2
0.0072 1
0.0073 1
0.0074 1
0.0075 1
0.0076 1
0.0077 0
0.0078 0
0.0079 0
0.008 1
0.0081 2
0.0082 2
0.0083 2
0.0084 1
0.0085 2
0.0086 3
0.0087 3
0.0088 3
0.0089 3
0.009 3
0.0091 3
0.0092 3
0.0093 3
0.0094 3
0.0095 4
0.0096 4
0.0097 5
0.0098 5
0.0099 5
0.01 4
0.0101 5
0.0102 5
0.0103 5
0.0104 5
0.0105 5
0.0106 5
0.0107 5
0.0108 5
0.0109 5
0.011 5
0.0111 5
0.0112 5
0.0113 5
0.0114 5
0.0115 5
0.0116 4
0.0117 4
0.0118 5
0.0119 6
0.012 6
0.0121 5
0.0122 5
0.0123 5
0.0124 5
0.0125 5
0.0126 5
0.0127 5
0.0128 5
0.0129 5
0.013 5
0.0131 5
0.0132 5
0.0133 5
0.0134 5
0.0135 6
0.0136 6
0.0137 6
0.0138 6
0.0139 6
0.014 7
0.0141 6
0.0142 6
0.0143 6
0.0144 6
0.0145 6
0.0146 6
0.0147 6
0.0148 6
0.0149 6
0.015 5
0.0151 5
0.0152 5
0.0153 5
0.0154 5
0.0155 5
0.0156 5
0.0157 5
0.0158 5
0.0159 5
0.016 4
0.0161 4
0.0162 4
0.0163 4
0.0164 4
0.0165 5
0.0166 4
0.0167 4
0.0168 3
0.0169 3
0.017 3
0.0171 3
0.0172 3
0.0173 3
0.0174 3
0.0175 3
0.0176 3
0.0177 4
0.0178 4
0.0179 4
0.018 4
0.0181 5
0.0182 5
0.0183 5
0.0184 5
0.0185 6
0.0186 6
0.0187 6
0.0188 6
0.0189 6
0.019 6
0.0191 6
0.0192 7
0.0193 7
0.0194 6
0.0195 6
0.0196 7
0.0197 8
0.0198 8
0.0199 8
0.02 8
0.0201 8
0.0202 8
0.0203 8
0.0204 9
0.0205 9
0.0206 9
0.0207 9
0.0208 9
0.0209 9
0.021 9
0.0211 9
0.0212 9
0.0213 9
0.0214 9
0.0215 9
0.0216 10
0.0217 10
0.0218 10
0.0219 10
0.022 10
0.0221 10
0.0222 10
0.0223 10
0.0224 10
0.0225 10
0.0226 9
0.0227 9
0.0228 9
0.0229 9
0.023 9
0.0231 9
0.0232 9
0.0233 7
0.0234 7
0.0235 7
0.0236 7
0.0237 7
0.0238 7
0.0239 8
0.024 8
0.0241 8
0.0242 8
0.0243 8
0.0244 8
0.0245 8
0.0246 8
0.0247 9
0.0248 10
0.0249 10
0.025 11
0.0251 11
0.0252 11
0.0253 11
0.0254 10
0.0255 10
0.0256 10
0.0257 10
0.0258 10
0.0259 11
0.026 10
0.0261 10
0.0262 10
0.0263 10
0.0264 10
0.0265 10
0.0266 10
0.0267 10
0.0268 10
0.0269 10
0.027 9
0.0271 9
0.0272 9
0.0273 9
0.0274 9
0.0275 10
0.0276 10
0.0277 10
0.0278 12
0.0279 12
0.028 12
0.0281 12
0.0282 12
0.0283 12
0.0284 12
0.0285 11
0.0286 11
0.0287 11
0.0288 12
0.0289 13
0.029 13
0.0291 14
0.0292 15
0.0293 16
0.0294 17
0.0295 18
0.0296 18
0.0297 18
0.0298 18
0.0299 18
0.03 18
0.0301 17
0.0302 17
0.0303 17
0.0304 17
0.0305 17
0.0306 15
0.0307 15
0.0308 15
0.0309 15
0.031 15
0.0311 15
0.0312 15
0.0313 15
0.0314 15
0.0315 15
0.0316 15
0.0317 15
0.0318 15
0.0319 14
0.032 15
0.0321 15
0.0322 15
0.0323 15
0.0324 15
0.0325 16
0.0326 16
0.0327 18
0.0328 18
0.0329 18
0.033 18
0.0331 18
0.0332 18
0.0333 18
0.0334 18
0.0335 18
0.0336 18
0.0337 19
0.0338 19
0.0339 18
0.034 19
0.0341 19
0.0342 19
0.0343 20
0.0344 20
0.0345 20
0.0346 20
0.0347 21
0.0348 22
0.0349 22
0.035 22
0.0351 21
0.0352 21
0.0353 20
0.0354 20
0.0355 19
0.0356 21
0.0357 20
0.0358 21
0.0359 22
0.036 22
0.0361 21
0.0362 21
0.0363 21
0.0364 20
0.0365 20
0.0366 20
0.0367 20
0.0368 20
0.0369 19
0.037 17
0.0371 18
0.0372 18
0.0373 19
0.0374 19
0.0375 19
0.0376 18
0.0377 18
0.0378 18
0.0379 18
0.038 18
0.0381 18
0.0382 18
0.0383 18
0.0384 18
0.0385 18
0.0386 19
0.0387 19
0.0388 18
0.0389 18
0.039 18
0.0391 18
0.0392 18
0.0393 19
0.0394 19
0.0395 19
0.0396 18
0.0397 19
0.0398 20
0.0399 20
0.04 20
0.0401 20
0.0402 19
0.0403 19
0.0404 19
0.0405 19
0.0406 18
0.0407 19
0.0408 19
0.0409 19
0.041 19
0.0411 19
0.0412 18
0.0413 18
0.0414 18
0.0415 17
0.0416 18
0.0417 18
0.0418 18
0.0419 18
0.042 18
0.0421 18
0.0422 18
0.0423 18
0.0424 19
0.0425 19
0.0426 20
0.0427 20
0.0428 20
0.0429 20
0.043 20
0.0431 20
0.0432 18
0.0433 18
0.0434 18
0.0435 18
0.0436 18
0.0437 18
0.0438 17
0.0439 17
0.044 17
0.0441 17
0.0442 17
0.0443 17
0.0444 18
0.0445 18
0.0446 19
0.0447 19
0.0448 19
0.0449 20
0.045 20
0.0451 20
0.0452 20
0.0453 20
0.0454 20
0.0455 20
0.0456 20
0.0457 19
0.0458 19
0.0459 19
0.046 19
0.0461 20
0.0462 20
0.0463 19
0.0464 19
0.0465 19
0.0466 19
0.0467 19
0.0468 19
0.0469 20
0.047 20
0.0471 21
0.0472 21
0.0473 22
0.0474 22
0.0475 22
0.0476 22
0.0477 22
0.0478 22
0.0479 22
0.048 22
0.0481 22
0.0482 24
0.0483 24
0.0484 24
0.0485 24
0.0486 24
0.0487 24
0.0488 23
0.0489 24
0.049 24
0.0491 24
0.0492 24
0.0493 24
0.0494 24
0.0495 23
0.0496 23
0.0497 24
0.0498 22
0.0499 22
0.05 22
0.0501 21
0.0502 21
0.0503 21
0.0504 21
0.0505 21
0.0506 21
0.0507 21
0.0508 20
0.0509 20
0.051 19
0.0511 20
0.0512 20
0.0513 20
0.0514 21
0.0515 22
0.0516 22
0.0517 22
0.0518 23
0.0519 22
0.052 23
0.0521 23
0.0522 22
0.0523 22
0.0524 22
0.0525 23
0.0526 23
0.0527 23
0.0528 23
0.0529 23
0.053 23
0.0531 23
0.0532 23
0.0533 23
0.0534 23
0.0535 23
0.0536 23
0.0537 24
0.0538 24
0.0539 24
0.054 24
0.0541 24
0.0542 24
0.0543 24
0.0544 24
0.0545 24
0.0546 24
0.0547 25
0.0548 24
0.0549 24
0.055 24
0.0551 24
0.0552 25
0.0553 24
0.0554 25
0.0555 25
0.0556 24
0.0557 24
0.0558 24
0.0559 24
0.056 25
0.0561 25
0.0562 27
0.0563 27
0.0564 27
0.0565 27
0.0566 28
0.0567 28
0.0568 27
0.0569 26
0.057 26
0.0571 26
0.0572 26
0.0573 27
0.0574 27
0.0575 26
0.0576 26
0.0577 24
0.0578 24
0.0579 23
0.058 23
0.0581 22
0.0582 21
0.0583 22
0.0584 20
0.0585 21
0.0586 21
0.0587 21
0.0588 21
0.0589 21
0.059 21
0.0591 21
0.0592 21
0.0593 21
0.0594 20
0.0595 21
0.0596 21
0.0597 20
0.0598 19
0.0599 19
0.06 19
0.0601 19
0.0602 19
0.0603 19
0.0604 19
0.0605 19
0.0606 20
0.0607 20
0.0608 21
0.0609 19
0.061 19
0.0611 18
0.0612 18
0.0613 17
0.0614 18
0.0615 18
0.0616 18
0.0617 17
0.0618 18
0.0619 19
0.062 18
0.0621 19
0.0622 22
0.0623 22
0.0624 23
0.0625 21
0.0626 21
0.0627 21
0.0628 21
0.0629 22
0.063 22
0.0631 21
0.0632 21
0.0633 22
0.0634 23
0.0635 23
0.0636 23
0.0637 23
0.0638 23
0.0639 24
0.064 24
0.0641 24
0.0642 24
0.0643 24
0.0644 25
0.0645 25
0.0646 24
0.0647 24
0.0648 23
0.0649 23
0.065 22
0.0651 23
0.0652 22
0.0653 22
0.0654 22
0.0655 22
0.0656 21
0.0657 22
0.0658 22
0.0659 22
0.066 22
0.0661 23
0.0662 22
0.0663 23
0.0664 24
0.0665 24
0.0666 24
0.0667 25
0.0668 25
0.0669 24
0.067 24
0.0671 24
0.0672 24
0.0673 24
0.0674 25
0.0675 24
0.0676 24
0.0677 25
0.0678 25
0.0679 26
0.068 25
0.0681 25
0.0682 25
0.0683 25
0.0684 26
0.0685 25
0.0686 25
0.0687 26
0.0688 26
0.0689 26
0.069 25
0.0691 25
0.0692 25
0.0693 25
0.0694 24
0.0695 24
0.0696 24
0.0697 24
0.0698 24
0.0699 24
0.07 24
0.0701 24
0.0702 24
0.0703 24
0.0704 23
0.0705 22
0.0706 22
0.0707 22
0.0708 22
0.0709 22
0.071 22
0.0711 22
0.0712 22
0.0713 23
0.0714 23
0.0715 23
0.0716 24
0.0717 24
0.0718 25
0.0719 26
0.072 25
0.0721 25
0.0722 25
0.0723 25
0.0724 25
0.0725 26
0.0726 27
0.0727 26
0.0728 25
0.0729 25
0.073 25
0.0731 25
0.0732 25
0.0733 25
0.0734 26
0.0735 26
0.0736 27
0.0737 27
0.0738 27
0.0739 27
0.074 27
0.0741 26
0.0742 26
0.0743 26
0.0744 27
0.0745 27
0.0746 27
0.0747 27
0.0748 27
0.0749 26
0.075 25
0.0751 25
0.0752 25
0.0753 25
0.0754 25
0.0755 25
0.0756 25
0.0757 25
0.0758 26
0.0759 28
0.076 27
0.0761 27
0.0762 25
0.0763 24
0.0764 24
0.0765 23
0.0766 23
0.0767 23
0.0768 23
0.0769 23
0.077 23
0.0771 23
0.0772 23
0.0773 23
0.0774 24
0.0775 25
0.0776 23
0.0777 23
0.0778 24
0.0779 24
0.078 24
0.0781 24
0.0782 24
0.0783 25
0.0784 24
0.0785 24
0.0786 23
0.0787 23
0.0788 23
0.0789 23
0.079 22
0.0791 22
0.0792 22
0.0793 22
0.0794 22
0.0795 22
0.0796 22
0.0797 24
0.0798 25
0.0799 26
0.08 26
0.0801 26
0.0802 26
0.0803 26
0.0804 26
0.0805 24
0.0806 25
0.0807 25
0.0808 25
0.0809 25
0.081 25
0.0811 26
0.0812 24
0.0813 24
0.0814 25
0.0815 25
0.0816 26
0.0817 26
0.0818 26
0.0819 26
0.082 26
0.0821 26
0.0822 25
0.0823 25
0.0824 25
0.0825 24
0.0826 25
0.0827 24
0.0828 24
0.0829 25
0.083 25
0.0831 25
0.0832 25
0.0833 26
0.0834 27
0.0835 27
0.0836 27
0.0837 28
0.0838 28
0.0839 29
0.084 29
0.0841 29
0.0842 29
0.0843 29
0.0844 31
0.0845 31
0.0846 30
0.0847 31
0.0848 30
0.0849 30
0.085 30
0.0851 30
0.0852 29
0.0853 29
0.0854 29
0.0855 29
0.0856 29
0.0857 29
0.0858 29
0.0859 29
0.086 29
0.0861 29
0.0862 29
0.0863 29
0.0864 29
0.0865 29
0.0866 29
0.0867 29
0.0868 30
0.0869 29
0.087 29
0.0871 28
0.0872 28
0.0873 28
0.0874 28
0.0875 28
0.0876 28
0.0877 28
0.0878 29
0.0879 29
0.088 29
0.0881 28
0.0882 29
0.0883 29
0.0884 28
0.0885 27
0.0886 27
0.0887 27
0.0888 27
0.0889 27
0.089 28
0.0891 29
0.0892 29
0.0893 29
0.0894 29
0.0895 29
0.0896 30
0.0897 30
0.0898 30
0.0899 31
0.09 31
0.0901 31
0.0902 32
0.0903 32
0.0904 30
0.0905 29
0.0906 30
0.0907 30
0.0908 29
0.0909 29
0.091 29
0.0911 29
0.0912 29
0.0913 28
0.0914 28
0.0915 28
0.0916 28
0.0917 28
0.0918 28
0.0919 28
0.092 27
0.0921 27
0.0922 27
0.0923 28
0.0924 27
0.0925 27
0.0926 27
0.0927 27
0.0928 26
0.0929 27
0.093 27
0.0931 27
0.0932 27
0.0933 27
0.0934 27
0.0935 27
0.0936 27
0.0937 27
0.0938 27
0.0939 27
0.094 27
0.0941 27
0.0942 27
0.0943 27
0.0944 29
0.0945 28
0.0946 28
0.0947 28
0.0948 28
0.0949 28
0.095 28
0.0951 27
0.0952 27
0.0953 28
0.0954 28
0.0955 28
0.0956 31
0.0957 31
0.0958 31
0.0959 33
0.096 33
0.0961 33
0.0962 33
0.0963 35
0.0964 36
0.0965 36
0.0966 36
0.0967 35
0.0968 36
0.0969 36
0.097 36
0.0971 36
0.0972 35
0.0973 35
0.0974 34
0.0975 31
0.0976 31
0.0977 31
0.0978 30
0.0979 30
0.098 30
0.0981 30
0.0982 29
0.0983 28
0.0984 28
0.0985 29
0.0986 30
0.0987 31
0.0988 32
0.0989 32
0.099 32
0.0991 32
0.0992 30
0.0993 30
0.0994 30
0.0995 31
0.0996 31
0.0997 31
0.0998 32
0.0999 31
0.1 31
