0 0
0.0001 172
0.0002 271
0.0003 305
0.0004 328
0.0005 340
0.0006 343
0.0007 351
0.0008 335
0.0009 326
0.001 313
0.0011 288
0.0012 280
0.0013 284
0.0014 264
0.0015 270
0.0016 283
0.0017 303
0.0018 288
0.0019 284
0.002 297
0.0021 299
0.0022 292
0.0023 269
0.0024 269
0.0025 267
0.0026 260
0.0027 266
0.0028 271
0.0029 257
0.003 240
0.0031 250
0.0032 252
0.0033 259
0.0034 241
0.0035 245
0.0036 244
0.0037 235
0.0038 237
0.0039 247
0.004 244
0.0041 253
0.0042 253
0.0043 249
0.0044 250
0.0045 268
0.0046 271
0.0047 246
0.0048 257
0.0049 250
0.005 251
0.0051 232
0.0052 228
0.0053 235
0.0054 238
0.0055 249
0.0056 236
0.0057 233
0.0058 231
0.0059 230
0.006 217
0.0061 229
0.0062 222
0.0063 209
0.0064 194
0.0065 196
0.0066 202
0.0067 208
0.0068 197
0.0069 200
0.007 206
0.0071 220
0.0072 203
0.0073 197
0.0074 196
0.0075 201
0.0076 211
0.0077 200
0.0078 203
0.0079 196
0.008 198
0.0081 212
0.0082 207
0.0083 207
0.0084 199
0.0085 193
0.0086 200
0.0087 196
0.0088 212
0.0089 221
0.009 208
0.0091 197
0.0092 196
0.0093 190
0.0094 185
0.0095 180
0.0096 190
0.0097 196
0.0098 191
0.0099 179
0.01 180
0.0101 198
0.0102 193
0.0103 202
0.0104 198
0.0105 191
0.0106 177
0.0107 176
0.0108 196
0.0109 195
0.011 184
0.0111 182
0.0112 188
0.0113 189
0.0114 185
0.0115 194
0.0116 210
0.0117 209
0.0118 209
0.0119 190
0.012 174
0.0121 184
0.0122 185
0.0123 171
0.0124 172
0.0125 183
0.0126 185
0.0127 177
0.0128 177
0.0129 181
0.013 180
0.0131 167
0.0132 162
0.0133 166
0.0134 157
0.0135 147
0.0136 145
0.0137 165
0.0138 173
0.0139 164
0.014 159
0.0141 159
0.0142 167
0.0143 168
0.0144 153
0.0145 159
0.0146 166
0.0147 152
0.0148 171
0.0149 156
0.015 164
0.0151 162
0.0152 154
0.0153 163
0.0154 155
0.0155 161
0.0156 159
0.0157 147
0.0158 158
0.0159 168
0.016 152
0.0161 154
0.0162 158
0.0163 162
0.0164 165
0.0165 166
0.0166 159
0.0167 155
0.0168 143
0.0169 146
0.017 143
0.0171 148
0.0172 135
0.0173 148
0.0174 143
0.0175 137
0.0176 133
0.0177 128
0.0178 136
0.0179 146
0.018 150
0.0181 153
0.0182 143
0.0183 150
0.0184 146
0.0185 157
0.0186 145
0.0187 143
0.0188 141
0.0189 141
0.019 122
0.0191 124
0.0192 131
0.0193 153
0.0194 137
0.0195 136
0.0196 152
0.0197 166
0.0198 156
0.0199 159
0.02 155
0.0201 150
0.0202 146
0.0203 140
0.0204 138
0.0205 131
0.0206 127
0.0207 126
0.0208 139
0.0209 129
0.021 141
0.0211 148
0.0212 147
0.0213 148
0.0214 153
0.0215 147
0.0216 132
0.0217 128
0.0218 131
0.0219 127
0.022 122
0.0221 124
0.0222 124
0.0223 120
0.0224 124
0.0225 130
0.0226 120
0.0227 121
0.0228 123
0.0229 133
0.023 132
0.0231 128
0.0232 127
0.0233 131
0.0234 115
0.0235 110
0.0236 109
0.0237 118
0.0238 120
0.0239 123
0.024 133
0.0241 128
0.0242 111
0.0243 115
0.0244 117
0.0245 100
0.0246 109
0.0247 119
0.0248 121
0.0249 132
0.025 119
0.0251 120
0.0252 115
0.0253 122
0.0254 117
0.0255 110
0.0256 109
0.0257 110
0.0258 103
0.0259 97
0.026 104
0.0261 115
0.0262 106
0.0263 114
0.0264 108
0.0265 111
0.0266 116
0.0267 115
0.0268 117
0.0269 124
0.027 120
0.0271 115
0.0272 112
0.0273 106
0.0274 108
0.0275 111
0.0276 120
0.0277 127
0.0278 111
0.0279 105
0.028 104
0.0281 110
0.0282 110
0.0283 109
0.0284 108
0.0285 104
0.0286 104
0.0287 114
0.0288 113
0.0289 101
0.029 96
0.0291 98
0.0292 105
0.0293 101
0.0294 102
0.0295 94
0.0296 98
0.0297 100
0.0298 95
0.0299 99
0.03 99
0.0301 84
0.0302 87
0.0303 89
0.0304 90
0.0305 89
0.0306 87
0.0307 81
0.0308 79
0.0309 87
0.031 95
0.0311 85
0.0312 82
0.0313 93
0.0314 85
0.0315 77
0.0316 89
0.0317 92
0.0318 85
0.0319 80
0.032 85
0.0321 86
0.0322 97
0.0323 93
0.0324 99
0.0325 99
0.0326 92
0.0327 104
0.0328 103
0.0329 94
0.033 98
0.0331 93
0.0332 82
0.0333 81
0.0334 76
0.0335 74
0.0336 81
0.0337 74
0.0338 65
0.0339 63
0.034 71
0.0341 74
0.0342 79
0.0343 79
0.0344 81
0.0345 78
0.0346 80
0.0347 78
0.0348 78
0.0349 76
0.035 75
0.0351 83
0.0352 78
0.0353 83
0.0354 79
0.0355 78
0.0356 82
0.0357 96
0.0358 68
0.0359 72
0.036 81
0.0361 87
0.0362 84
0.0363 86
0.0364 90
0.0365 90
0.0366 83
0.0367 90
0.0368 90
0.0369 88
0.037 100
0.0371 102
0.0372 106
0.0373 109
0.0374 109
0.0375 110
0.0376 100
0.0377 86
0.0378 83
0.0379 90
0.038 83
0.0381 76
0.0382 82
0.0383 79
0.0384 85
0.0385 83
0.0386 86
0.0387 92
0.0388 88
0.0389 80
0.039 90
0.0391 89
0.0392 88
0.0393 85
0.0394 84
0.0395 82
0.0396 94
0.0397 80
0.0398 82
0.0399 82
0.04 76
0.0401 73
0.0402 84
0.0403 89
0.0404 85
0.0405 84
0.0406 92
0.0407 86
0.0408 88
0.0409 80
0.041 84
0.0411 75
0.0412 72
0.0413 91
0.0414 87
0.0415 81
0.0416 82
0.0417 93
0.0418 88
0.0419 85
0.042 95
0.0421 94
0.0422 87
0.0423 88
0.0424 90
0.0425 99
0.0426 89
0.0427 88
0.0428 95
0.0429 95
0.043 82
0.0431 82
0.0432 82
0.0433 84
0.0434 79
0.0435 76
0.0436 78
0.0437 74
0.0438 76
0.0439 73
0.044 79
0.0441 86
0.0442 83
0.0443 79
0.0444 81
0.0445 76
0.0446 83
0.0447 79
0.0448 77
0.0449 72
0.045 78
0.0451 74
0.0452 82
0.0453 78
0.0454 90
0.0455 81
0.0456 77
0.0457 73
0.0458 71
0.0459 73
0.046 72
0.0461 74
0.0462 69
0.0463 54
0.0464 72
0.0465 68
0.0466 77
0.0467 72
0.0468 67
0.0469 67
0.047 67
0.0471 78
0.0472 69
0.0473 67
0.0474 65
0.0475 72
0.0476 72
0.0477 75
0.0478 75
0.0479 75
0.048 78
0.0481 77
0.0482 67
0.0483 61
0.0484 62
0.0485 71
0.0486 74
0.0487 69
0.0488 59
0.0489 62
0.049 68
0.0491 71
0.0492 76
0.0493 72
0.0494 73
0.0495 77
0.0496 83
0.0497 83
0.0498 78
0.0499 79
0.05 77
0.0501 83
0.0502 77
0.0503 77
0.0504 82
0.0505 67
0.0506 67
0.0507 78
0.0508 69
0.0509 61
0.051 65
0.0511 63
0.0512 59
0.0513 69
0.0514 70
0.0515 67
0.0516 63
0.0517 58
0.0518 61
0.0519 52
0.052 60
0.0521 67
0.0522 70
0.0523 79
0.0524 76
0.0525 80
0.0526 80
0.0527 80
0.0528 79
0.0529 69
0.053 68
0.0531 63
0.0532 71
0.0533 58
0.0534 59
0.0535 65
0.0536 60
0.0537 58
0.0538 64
0.0539 62
0.054 60
0.0541 56
0.0542 55
0.0543 66
0.0544 63
0.0545 62
0.0546 67
0.0547 69
0.0548 68
0.0549 62
0.055 53
0.0551 51
0.0552 50
0.0553 52
0.0554 60
0.0555 61
0.0556 60
0.0557 60
0.0558 52
0.0559 56
0.056 56
0.0561 60
0.0562 60
0.0563 62
0.0564 65
0.0565 63
0.0566 66
0.0567 73
0.0568 67
0.0569 67
0.057 77
0.0571 75
0.0572 70
0.0573 64
0.0574 65
0.0575 70
0.0576 66
0.0577 72
0.0578 69
0.0579 67
0.058 76
0.0581 67
0.0582 66
0.0583 69
0.0584 57
0.0585 63
0.0586 70
0.0587 71
0.0588 69
0.0589 70
0.059 71
0.0591 75
0.0592 75
0.0593 72
0.0594 65
0.0595 65
0.0596 63
0.0597 57
0.0598 62
0.0599 66
0.06 67
0.0601 63
0.0602 66
0.0603 61
0.0604 60
0.0605 59
0.0606 55
0.0607 60
0.0608 54
0.0609 53
0.061 49
0.0611 52
0.0612 59
0.0613 65
0.0614 63
0.0615 63
0.0616 63
0.0617 67
0.0618 63
0.0619 62
0.062 60
0.0621 58
0.0622 55
0.0623 61
0.0624 65
0.0625 53
0.0626 55
0.0627 54
0.0628 55
0.0629 59
0.063 52
0.0631 54
0.0632 54
0.0633 64
0.0634 60
0.0635 58
0.0636 60
0.0637 60
0.0638 55
0.0639 55
0.064 55
0.0641 58
0.0642 59
0.0643 60
0.0644 60
0.0645 56
0.0646 56
0.0647 58
0.0648 56
0.0649 60
0.065 50
0.0651 54
0.0652 59
0.0653 56
0.0654 57
0.0655 63
0.0656 58
0.0657 55
0.0658 49
0.0659 53
0.066 50
0.0661 47
0.0662 48
0.0663 49
0.0664 59
0.0665 50
0.0666 58
0.0667 60
0.0668 68
0.0669 59
0.067 54
0.0671 48
0.0672 55
0.0673 50
0.0674 52
0.0675 51
0.0676 55
0.0677 55
0.0678 56
0.0679 48
0.068 44
0.0681 51
0.0682 54
0.0683 55
0.0684 54
0.0685 49
0.0686 55
0.0687 57
0.0688 56
0.0689 61
0.069 62
0.0691 54
0.0692 59
0.0693 68
0.0694 58
0.0695 64
0.0696 64
0.0697 61
0.0698 58
0.0699 61
0.07 63
0.0701 65
0.0702 62
0.0703 57
0.0704 57
0.0705 60
0.0706 61
0.0707 57
0.0708 58
0.0709 58
0.071 56
0.0711 58
0.0712 66
0.0713 63
0.0714 67
0.0715 76
0.0716 72
0.0717 72
0.0718 76
0.0719 74
0.072 70
0.0721 79
0.0722 73
0.0723 61
0.0724 60
0.0725 58
0.0726 61
0.0727 64
0.0728 65
0.0729 67
0.073 60
0.0731 66
0.0732 66
0.0733 68
0.0734 71
0.0735 65
0.0736 58
0.0737 67
0.0738 65
0.0739 60
0.074 65
0.0741 62
0.0742 61
0.0743 61
0.0744 55
0.0745 56
0.0746 59
0.0747 49
0.0748 56
0.0749 61
0.075 64
0.0751 61
0.0752 61
0.0753 55
0.0754 56
0.0755 52
0.0756 44
0.0757 47
0.0758 52
0.0759 55
0.076 52
0.0761 55
0.0762 53
0.0763 62
0.0764 64
0.0765 63
0.0766 60
0.0767 58
0.0768 64
0.0769 59
0.077 52
0.0771 55
0.0772 55
0.0773 60
0.0774 54
0.0775 57
0.0776 48
0.0777 39
0.0778 42
0.0779 39
0.078 42
0.0781 46
0.0782 50
0.0783 52
0.0784 51
0.0785 51
0.0786 51
0.0787 48
0.0788 47
0.0789 43
0.079 51
0.0791 57
0.0792 57
0.0793 53
0.0794 56
0.0795 58
0.0796 58
0.0797 58
0.0798 56
0.0799 56
0.08 52
0.0801 44
0.0802 49
0.0803 43
0.0804 54
0.0805 59
0.0806 47
0.0807 47
0.0808 46
0.0809 53
0.081 53
0.0811 56
0.0812 53
0.0813 52
0.0814 45
0.0815 47
0.0816 48
0.0817 53
0.0818 52
0.0819 55
0.082 55
0.0821 57
0.0822 52
0.0823 49
0.0824 57
0.0825 65
0.0826 60
0.0827 52
0.0828 49
0.0829 47
0.083 44
0.0831 47
0.0832 46
0.0833 47
0.0834 47
0.0835 46
0.0836 46
0.0837 42
0.0838 42
0.0839 47
0.084 51
0.0841 61
0.0842 68
0.0843 63
0.0844 59
0.0845 53
0.0846 42
0.0847 45
0.0848 52
0.0849 51
0.085 48
0.0851 35
0.0852 44
0.0853 53
0.0854 55
0.0855 56
0.0856 51
0.0857 60
0.0858 54
0.0859 56
0.086 60
0.0861 51
0.0862 49
0.0863 52
0.0864 55
0.0865 58
0.0866 55
0.0867 62
0.0868 61
0.0869 64
0.087 59
0.0871 53
0.0872 49
0.0873 48
0.0874 43
0.0875 44
0.0876 45
0.0877 52
0.0878 65
0.0879 56
0.088 54
0.0881 40
0.0882 33
0.0883 39
0.0884 44
0.0885 47
0.0886 43
0.0887 47
0.0888 53
0.0889 56
0.089 56
0.0891 60
0.0892 56
0.0893 54
0.0894 52
0.0895 56
0.0896 55
0.0897 50
0.0898 47
0.0899 41
0.09 41
0.0901 48
0.0902 47
0.0903 54
0.0904 50
0.0905 48
0.0906 50
0.0907 51
0.0908 44
0.0909 36
0.091 34
0.0911 35
0.0912 40
0.0913 42
0.0914 47
0.0915 52
0.0916 48
0.0917 46
0.0918 46
0.0919 44
0.092 48
0.0921 56
0.0922 58
0.0923 50
0.0924 42
0.0925 47
0.0926 44
0.0927 46
0.0928 51
0.0929 56
0.093 55
0.0931 54
0.0932 56
0.0933 51
0.0934 53
0.0935 45
0.0936 41
0.0937 43
0.0938 44
0.0939 53
0.094 49
0.0941 51
0.0942 47
0.0943 48
0.0944 51
0.0945 48
0.0946 45
0.0947 47
0.0948 47
0.0949 51
0.095 58
0.0951 55
0.0952 56
0.0953 53
0.0954 52
0.0955 43
0.0956 44
0.0957 42
0.0958 49
0.0959 56
0.096 54
0.0961 54
0.0962 49
0.0963 48
0.0964 51
0.0965 49
0.0966 51
0.0967 49
0.0968 53
0.0969 50
0.097 46
0.0971 43
0.0972 43
0.0973 37
0.0974 39
0.0975 40
0.0976 40
0.0977 42
0.0978 39
0.0979 47
0.098 49
0.0981 48
0.0982 54
0.0983 51
0.0984 46
0.0985 48
0.0986 47
0.0987 46
0.0988 43
0.0989 51
0.099 51
0.0991 39
0.0992 43
0.0993 47
0.0994 44
0.0995 49
0.0996 46
0.0997 47
0.0998 43
0.0999 52
0.1 51
