0 0
0.0001 0
0.0002 0
0.0003 0
0.0004 0
0.0005 0
0.0006 0
0.0007 0
0.0008 0
0.0009 1
0.001 1
0.0011 1
0.0012 1
0.0013 1
0.0014 1
0.0015 2
0.0016 2
0.0017 2
0.0018 0
0.0019 0
0.002 0
0.0021 0
0.0022 0
0.0023 0
0.0024 0
0.0025 0
0.0026 0
0.0027 0
0.0028 2
0.0029 0
0.003 0
0.0031 0
0.0032 1
0.0033 1
0.0034 0
0.0035 0
0.0036 0
0.0037 0
0.0038 0
0.0039 0
0.004 0
0.0041 0
0.0042 0
0.0043 0
0.0044 0
0.0045 1
0.0046 1
0.0047 0
0.0048 0
0.0049 1
0.005 0
0.0051 0
0.0052 1
0.0053 0
0.0054 1
0.0055 1
0.0056 0
0.0057 0
0.0058 0
0.0059 0
0.006 0
0.0061 1
0.0062 0
0.0063 0
0.0064 0
0.0065 0
0.0066 0
0.0067 0
0.0068 0
0.0069 0
0.007 0
0.0071 0
0.0072 3
0.0073 0
0.0074 0
0.0075 0
0.0076 2
0.0077 0
0.0078 2
0.0079 1
0.008 1
0.0081 0
0.0082 0
0.0083 0
0.0084 1
0.0085 0
0.0086 0
0.0087 0
0.0088 0
0.0089 1
0.009 0
0.0091 0
0.0092 0
0.0093 0
0.0094 1
0.0095 1
0.0096 2
0.0097 1
0.0098 0
0.0099 0
0.01 1
0.0101 0
0.0102 1
0.0103 0
0.0104 0
0.0105 1
0.0106 0
0.0107 0
0.0108 1
0.0109 1
0.011 1
0.0111 0
0.0112 0
0.0113 0
0.0114 2
0.0115 0
0.0116 1
0.0117 1
0.0118 1
0.0119 0
0.012 0
0.0121 1
0.0122 0
0.0123 1
0.0124 1
0.0125 1
0.0126 0
0.0127 1
0.0128 1
0.0129 1
0.013 2
0.0131 0
0.0132 0
0.0133 3
0.0134 2
0.0135 0
0.0136 0
0.0137 0
0.0138 0
0.0139 0
0.014 0
0.0141 0
0.0142 0
0.0143 0
0.0144 1
0.0145 0
0.0146 2
0.0147 0
0.0148 3
0.0149 1
0.015 0
0.0151 0
0.0152 2
0.0153 0
0.0154 3
0.0155 1
0.0156 1
0.0157 1
0.0158 3
0.0159 1
0.016 0
0.0161 0
0.0162 2
0.0163 1
0.0164 2
0.0165 0
0.0166 1
0.0167 1
0.0168 4
0.0169 0
0.017 2
0.0171 3
0.0172 3
0.0173 0
0.0174 3
0.0175 4
0.0176 2
0.0177 0
0.0178 1
0.0179 2
0.018 3
0.0181 2
0.0182 1
0.0183 1
0.0184 1
0.0185 2
0.0186 0
0.0187 0
0.0188 3
0.0189 1
0.019 2
0.0191 1
0.0192 0
0.0193 1
0.0194 1
0.0195 6
0.0196 3
0.0197 2
0.0198 1
0.0199 0
0.02 1
0.0201 2
0.0202 3
0.0203 2
0.0204 2
0.0205 2
0.0206 1
0.0207 1
0.0208 2
0.0209 4
0.021 1
0.0211 5
0.0212 4
0.0213 4
0.0214 2
0.0215 3
0.0216 1
0.0217 2
0.0218 3
0.0219 0
0.022 2
0.0221 2
0.0222 3
0.0223 3
0.0224 2
0.0225 2
0.0226 3
0.0227 1
0.0228 6
0.0229 4
0.023 8
0.0231 1
0.0232 6
0.0233 2
0.0234 1
0.0235 4
0.0236 3
0.0237 0
0.0238 4
0.0239 4
0.024 5
0.0241 8
0.0242 2
0.0243 6
0.0244 3
0.0245 4
0.0246 1
0.0247 8
0.0248 4
0.0249 3
0.025 6
0.0251 4
0.0252 7
0.0253 7
0.0254 6
0.0255 5
0.0256 8
0.0257 5
0.0258 10
0.0259 3
0.026 5
0.0261 12
0.0262 9
0.0263 5
0.0264 4
0.0265 4
0.0266 7
0.0267 6
0.0268 5
0.0269 6
0.027 7
0.0271 10
0.0272 4
0.0273 6
0.0274 7
0.0275 9
0.0276 7
0.0277 10
0.0278 14
0.0279 7
0.028 4
0.0281 11
0.0282 13
0.0283 10
0.0284 8
0.0285 12
0.0286 12
0.0287 11
0.0288 13
0.0289 8
0.029 18
0.0291 16
0.0292 26
0.0293 21
0.0294 23
0.0295 27
0.0296 34
0.0297 29
0.0298 43
0.0299 41
0.03 46
0.0301 51
0.0302 75
0.0303 104
0.0304 136
0.0305 178
0.0306 223
0.0307 260
0.0308 301
0.0309 344
0.031 394
0.0311 438
0.0312 471
0.0313 517
0.0314 542
0.0315 584
0.0316 619
0.0317 643
0.0318 662
0.0319 690
0.032 722
0.0321 746
0.0322 769
0.0323 796
0.0324 825
0.0325 853
0.0326 894
0.0327 910
0.0328 921
0.0329 944
0.033 973
0.0331 1002
0.0332 1018
0.0333 1030
0.0334 1053
0.0335 1069
0.0336 1080
0.0337 1096
0.0338 1112
0.0339 1109
0.034 1100
0.0341 1108
0.0342 1113
0.0343 1135
0.0344 1153
0.0345 1164
0.0346 1187
0.0347 1198
0.0348 1224
0.0349 1230
0.035 1233
0.0351 1254
0.0352 1255
0.0353 1264
0.0354 1275
0.0355 1287
0.0356 1289
0.0357 1276
0.0358 1282
0.0359 1275
0.036 1283
0.0361 1296
0.0362 1310
0.0363 1315
0.0364 1315
0.0365 1313
0.0366 1314
0.0367 1329
0.0368 1347
0.0369 1363
0.037 1364
0.0371 1369
0.0372 1377
0.0373 1382
0.0374 1374
0.0375 1364
0.0376 1368
0.0377 1366
0.0378 1368
0.0379 1364
0.038 1363
0.0381 1363
0.0382 1365
0.0383 1372
0.0384 1365
0.0385 1362
0.0386 1364
0.0387 1369
0.0388 1365
0.0389 1361
0.039 1358
0.0391 1341
0.0392 1322
0.0393 1314
0.0394 1312
0.0395 1311
0.0396 1309
0.0397 1317
0.0398 1320
0.0399 1324
0.04 1324
0.0401 1327
0.0402 1322
0.0403 1318
0.0404 1331
0.0405 1331
0.0406 1326
0.0407 1317
0.0408 1310
0.0409 1302
0.041 1307
0.0411 1295
0.0412 1285
0.0413 1280
0.0414 1276
0.0415 1270
0.0416 1270
0.0417 1263
0.0418 1266
0.0419 1273
0.042 1278
0.0421 1269
0.0422 1265
0.0423 1264
0.0424 1258
0.0425 1254
0.0426 1250
0.0427 1238
0.0428 1238
0.0429 1229
0.043 1228
0.0431 1231
0.0432 1235
0.0433 1241
0.0434 1246
0.0435 1248
0.0436 1253
0.0437 1253
0.0438 1241
0.0439 1234
0.044 1227
0.0441 1222
0.0442 1215
0.0443 1214
0.0444 1217
0.0445 1217
0.0446 1210
0.0447 1197
0.0448 1191
0.0449 1193
0.045 1198
0.0451 1196
0.0452 1197
0.0453 1194
0.0454 1190
0.0455 1193
0.0456 1195
0.0457 1198
0.0458 1203
0.0459 1207
0.046 1209
0.0461 1212
0.0462 1209
0.0463 1214
0.0464 1221
0.0465 1220
0.0466 1212
0.0467 1207
0.0468 1195
0.0469 1185
0.047 1177
0.0471 1182
0.0472 1184
0.0473 1180
0.0474 1172
0.0475 1176
0.0476 1171
0.0477 1162
0.0478 1160
0.0479 1162
0.048 1157
0.0481 1155
0.0482 1149
0.0483 1143
0.0484 1131
0.0485 1119
0.0486 1112
0.0487 1107
0.0488 1104
0.0489 1095
0.049 1094
0.0491 1093
0.0492 1094
0.0493 1090
0.0494 1079
0.0495 1077
0.0496 1064
0.0497 1061
0.0498 1064
0.0499 1064
0.05 1064
0.0501 1058
0.0502 1052
0.0503 1045
0.0504 1045
0.0505 1042
0.0506 1037
0.0507 1037
0.0508 1019
0.0509 1003
0.051 998
0.0511 993
0.0512 985
0.0513 984
0.0514 978
0.0515 978
0.0516 972
0.0517 962
0.0518 952
0.0519 938
0.052 924
0.0521 912
0.0522 902
0.0523 894
0.0524 889
0.0525 870
0.0526 858
0.0527 858
0.0528 854
0.0529 845
0.053 840
0.0531 837
0.0532 833
0.0533 825
0.0534 819
0.0535 808
0.0536 804
0.0537 798
0.0538 799
0.0539 801
0.054 807
0.0541 817
0.0542 821
0.0543 821
0.0544 822
0.0545 825
0.0546 818
0.0547 815
0.0548 815
0.0549 815
0.055 818
0.0551 823
0.0552 836
0.0553 843
0.0554 849
0.0555 843
0.0556 841
0.0557 834
0.0558 833
0.0559 823
0.056 815
0.0561 811
0.0562 810
0.0563 806
0.0564 797
0.0565 788
0.0566 782
0.0567 777
0.0568 768
0.0569 762
0.057 760
0.0571 761
0.0572 752
0.0573 749
0.0574 738
0.0575 730
0.0576 729
0.0577 723
0.0578 714
0.0579 710
0.058 709
0.0581 706
0.0582 706
0.0583 710
0.0584 704
0.0585 699
0.0586 695
0.0587 689
0.0588 686
0.0589 684
0.059 677
0.0591 677
0.0592 680
0.0593 678
0.0594 677
0.0595 674
0.0596 672
0.0597 670
0.0598 672
0.0599 677
0.06 674
0.0601 666
0.0602 660
0.0603 654
0.0604 657
0.0605 656
0.0606 652
0.0607 651
0.0608 645
0.0609 638
0.061 636
0.0611 633
0.0612 628
0.0613 624
0.0614 617
0.0615 615
0.0616 608
0.0617 608
0.0618 608
0.0619 605
0.062 602
0.0621 596
0.0622 592
0.0623 589
0.0624 581
0.0625 572
0.0626 558
0.0627 547
0.0628 544
0.0629 545
0.063 542
0.0631 543
0.0632 541
0.0633 539
0.0634 544
0.0635 538
0.0636 540
0.0637 534
0.0638 535
0.0639 534
0.064 526
0.0641 517
0.0642 501
0.0643 493
0.0644 486
0.0645 471
0.0646 458
0.0647 448
0.0648 441
0.0649 442
0.065 436
0.0651 431
0.0652 431
0.0653 436
0.0654 430
0.0655 428
0.0656 425
0.0657 418
0.0658 415
0.0659 407
0.066 404
0.0661 395
0.0662 390
0.0663 385
0.0664 377
0.0665 374
0.0666 374
0.0667 375
0.0668 380
0.0669 377
0.067 375
0.0671 372
0.0672 372
0.0673 369
0.0674 368
0.0675 367
0.0676 363
0.0677 364
0.0678 356
0.0679 358
0.068 354
0.0681 355
0.0682 361
0.0683 357
0.0684 349
0.0685 345
0.0686 347
0.0687 343
0.0688 343
0.0689 336
0.069 334
0.0691 334
0.0692 337
0.0693 343
0.0694 345
0.0695 345
0.0696 348
0.0697 349
0.0698 344
0.0699 342
0.07 341
0.0701 343
0.0702 342
0.0703 342
0.0704 336
0.0705 339
0.0706 340
0.0707 340
0.0708 335
0.0709 334
0.071 331
0.0711 334
0.0712 338
0.0713 346
0.0714 346
0.0715 340
0.0716 336
0.0717 335
0.0718 338
0.0719 340
0.072 343
0.0721 349
0.0722 349
0.0723 350
0.0724 345
0.0725 342
0.0726 343
0.0727 333
0.0728 331
0.0729 336
0.073 342
0.0731 343
0.0732 342
0.0733 336
0.0734 323
0.0735 321
0.0736 320
0.0737 322
0.0738 321
0.0739 321
0.074 319
0.0741 312
0.0742 304
0.0743 294
0.0744 284
0.0745 276
0.0746 270
0.0747 272
0.0748 272
0.0749 274
0.075 275
0.0751 272
0.0752 268
0.0753 271
0.0754 272
0.0755 271
0.0756 270
0.0757 268
0.0758 258
0.0759 250
0.076 243
0.0761 239
0.0762 229
0.0763 230
0.0764 239
0.0765 234
0.0766 233
0.0767 232
0.0768 232
0.0769 235
0.077 238
0.0771 241
0.0772 246
0.0773 235
0.0774 228
0.0775 223
0.0776 226
0.0777 224
0.0778 227
0.0779 229
0.078 225
0.0781 224
0.0782 201
0.0783 177
0.0784 144
0.0785 110
0.0786 78
0.0787 58
0.0788 48
0.0789 32
0.079 29
0.0791 32
0.0792 21
0.0793 15
0.0794 13
0.0795 15
0.0796 7
0.0797 12
0.0798 10
0.0799 10
0.08 9
0.0801 10
0.0802 15
0.0803 9
0.0804 7
0.0805 2
0.0806 8
0.0807 6
0.0808 6
0.0809 6
0.081 3
0.0811 5
0.0812 4
0.0813 6
0.0814 5
0.0815 5
0.0816 6
0.0817 3
0.0818 7
0.0819 5
0.082 7
0.0821 3
0.0822 8
0.0823 4
0.0824 5
0.0825 1
0.0826 1
0.0827 4
0.0828 6
0.0829 3
0.083 2
0.0831 4
0.0832 5
0.0833 12
0.0834 5
0.0835 2
0.0836 3
0.0837 2
0.0838 3
0.0839 3
0.084 4
0.0841 5
0.0842 5
0.0843 7
0.0844 2
0.0845 4
0.0846 2
0.0847 2
0.0848 0
0.0849 2
0.085 0
0.0851 3
0.0852 2
0.0853 6
0.0854 0
0.0855 2
0.0856 0
0.0857 1
0.0858 2
0.0859 4
0.086 3
0.0861 3
0.0862 2
0.0863 4
0.0864 3
0.0865 3
0.0866 3
0.0867 5
0.0868 2
0.0869 3
0.087 3
0.0871 3
0.0872 2
0.0873 2
0.0874 3
0.0875 2
0.0876 2
0.0877 5
0.0878 1
0.0879 3
0.088 3
0.0881 0
0.0882 0
0.0883 1
0.0884 2
0.0885 3
0.0886 1
0.0887 4
0.0888 3
0.0889 5
0.089 0
0.0891 0
0.0892 2
0.0893 1
0.0894 2
0.0895 3
0.0896 1
0.0897 5
0.0898 2
0.0899 2
0.09 2
0.0901 4
0.0902 2
0.0903 2
0.0904 3
0.0905 4
0.0906 4
0.0907 4
0.0908 5
0.0909 1
0.091 4
0.0911 3
0.0912 1
0.0913 5
0.0914 2
0.0915 5
0.0916 5
0.0917 2
0.0918 2
0.0919 1
0.092 2
0.0921 3
0.0922 0
0.0923 3
0.0924 1
0.0925 5
0.0926 2
0.0927 1
0.0928 4
0.0929 4
0.093 1
0.0931 4
0.0932 2
0.0933 2
0.0934 5
0.0935 1
0.0936 2
0.0937 4
0.0938 5
0.0939 1
0.094 0
0.0941 3
0.0942 4
0.0943 2
0.0944 2
0.0945 4
0.0946 5
0.0947 3
0.0948 5
0.0949 5
0.095 3
0.0951 6
0.0952 3
0.0953 3
0.0954 4
0.0955 2
0.0956 5
0.0957 7
0.0958 6
0.0959 7
0.096 6
0.0961 6
0.0962 3
0.0963 7
0.0964 7
0.0965 6
0.0966 9
0.0967 4
0.0968 7
0.0969 7
0.097 5
0.0971 7
0.0972 3
0.0973 5
0.0974 8
0.0975 9
0.0976 12
0.0977 13
0.0978 11
0.0979 8
0.098 5
0.0981 11
0.0982 11
0.0983 16
0.0984 11
0.0985 10
0.0986 10
0.0987 13
0.0988 18
0.0989 12
0.099 15
0.0991 16
0.0992 12
0.0993 13
0.0994 11
0.0995 18
0.0996 17
0.0997 10
0.0998 15
0.0999 13
0.1 15
0.1001 10
0.1002 13
0.1003 20
0.1004 15
0.1005 25
0.1006 23
0.1007 25
0.1008 24
0.1009 26
0.101 25
0.1011 31
0.1012 48
0.1013 50
0.1014 74
0.1015 82
0.1016 97
0.1017 123
0.1018 146
0.1019 162
0.102 188
0.1021 217
0.1022 253
0.1023 281
0.1024 326
0.1025 356
0.1026 386
0.1027 425
0.1028 462
0.1029 488
0.103 525
0.1031 558
0.1032 579
0.1033 607
0.1034 632
0.1035 659
0.1036 691
0.1037 726
0.1038 740
0.1039 756
0.104 763
0.1041 787
0.1042 810
0.1043 831
0.1044 862
0.1045 879
0.1046 893
0.1047 903
0.1048 925
0.1049 942
0.105 961
0.1051 976
0.1052 990
0.1053 1001
0.1054 1011
0.1055 1013
0.1056 1034
0.1057 1049
0.1058 1054
0.1059 1064
0.106 1078
0.1061 1085
0.1062 1093
0.1063 1100
0.1064 1110
0.1065 1122
0.1066 1132
0.1067 1137
0.1068 1155
0.1069 1165
0.107 1181
0.1071 1186
0.1072 1192
0.1073 1195
0.1074 1199
0.1075 1207
0.1076 1215
0.1077 1217
0.1078 1224
0.1079 1220
0.108 1229
0.1081 1225
0.1082 1220
0.1083 1224
0.1084 1230
0.1085 1233
0.1086 1232
0.1087 1219
0.1088 1221
0.1089 1219
0.109 1216
0.1091 1223
0.1092 1213
0.1093 1210
0.1094 1207
0.1095 1194
0.1096 1186
0.1097 1179
0.1098 1180
0.1099 1198
0.11 1202
0.1101 1198
0.1102 1199
0.1103 1191
0.1104 1191
0.1105 1187
0.1106 1188
0.1107 1191
0.1108 1187
0.1109 1177
0.111 1174
0.1111 1154
0.1112 1141
0.1113 1131
0.1114 1129
0.1115 1130
0.1116 1126
0.1117 1118
0.1118 1119
0.1119 1113
0.112 1107
0.1121 1112
0.1122 1113
0.1123 1117
0.1124 1126
0.1125 1125
0.1126 1131
0.1127 1130
0.1128 1126
0.1129 1128
0.113 1128
0.1131 1128
0.1132 1127
0.1133 1130
0.1134 1131
0.1135 1125
0.1136 1121
0.1137 1108
0.1138 1094
0.1139 1085
0.114 1075
0.1141 1078
0.1142 1078
0.1143 1071
0.1144 1071
0.1145 1070
0.1146 1071
0.1147 1070
0.1148 1057
0.1149 1051
0.115 1047
0.1151 1050
0.1152 1047
0.1153 1046
0.1154 1039
0.1155 1041
0.1156 1045
0.1157 1047
0.1158 1042
0.1159 1036
0.116 1035
0.1161 1030
0.1162 1019
0.1163 1014
0.1164 1017
0.1165 1018
0.1166 1015
0.1167 1010
0.1168 1004
0.1169 993
0.117 991
0.1171 989
0.1172 986
0.1173 981
0.1174 974
0.1175 965
0.1176 958
0.1177 960
0.1178 960
0.1179 953
0.118 946
0.1181 942
0.1182 941
0.1183 943
0.1184 938
0.1185 932
0.1186 926
0.1187 930
0.1188 923
0.1189 914
0.119 909
0.1191 900
0.1192 903
0.1193 908
0.1194 910
0.1195 906
0.1196 900
0.1197 897
0.1198 894
0.1199 888
0.12 887
0.1201 891
0.1202 884
0.1203 872
0.1204 867
0.1205 861
0.1206 856
0.1207 850
0.1208 839
0.1209 831
0.121 831
0.1211 830
0.1212 831
0.1213 824
0.1214 827
0.1215 824
0.1216 815
0.1217 811
0.1218 806
0.1219 803
0.122 802
0.1221 805
0.1222 797
0.1223 799
0.1224 788
0.1225 777
0.1226 776
0.1227 763
0.1228 758
0.1229 758
0.123 748
0.1231 748
0.1232 746
0.1233 738
0.1234 735
0.1235 721
0.1236 715
0.1237 704
0.1238 699
0.1239 701
0.124 691
0.1241 679
0.1242 677
0.1243 674
0.1244 679
0.1245 676
0.1246 672
0.1247 676
0.1248 679
0.1249 683
0.125 679
0.1251 679
0.1252 677
0.1253 674
0.1254 670
0.1255 665
0.1256 663
0.1257 664
0.1258 657
0.1259 654
0.126 649
0.1261 658
0.1262 662
0.1263 655
0.1264 649
0.1265 643
0.1266 639
0.1267 636
0.1268 634
0.1269 634
0.127 633
0.1271 635
0.1272 630
0.1273 631
0.1274 633
0.1275 626
0.1276 619
0.1277 616
0.1278 609
0.1279 605
0.128 604
0.1281 604
0.1282 609
0.1283 601
0.1284 590
0.1285 587
0.1286 584
0.1287 578
0.1288 576
0.1289 574
0.129 566
0.1291 564
0.1292 563
0.1293 559
0.1294 547
0.1295 538
0.1296 521
0.1297 511
0.1298 516
0.1299 508
0.13 510
0.1301 511
0.1302 510
0.1303 509
0.1304 507
0.1305 502
0.1306 501
0.1307 504
0.1308 495
0.1309 498
0.131 493
0.1311 502
0.1312 506
0.1313 505
0.1314 507
0.1315 506
0.1316 506
0.1317 505
0.1318 505
0.1319 498
0.132 493
0.1321 487
0.1322 474
0.1323 474
0.1324 476
0.1325 482
0.1326 480
0.1327 478
0.1328 476
0.1329 471
0.133 472
0.1331 472
0.1332 475
0.1333 471
0.1334 469
0.1335 471
0.1336 476
0.1337 478
0.1338 477
0.1339 473
0.134 474
0.1341 481
0.1342 478
0.1343 471
0.1344 466
0.1345 466
0.1346 467
0.1347 461
0.1348 452
0.1349 444
0.135 441
0.1351 440
0.1352 441
0.1353 441
0.1354 440
0.1355 440
0.1356 447
0.1357 446
0.1358 449
0.1359 452
0.136 449
0.1361 442
0.1362 440
0.1363 429
0.1364 424
0.1365 419
0.1366 416
0.1367 410
0.1368 407
0.1369 396
0.137 395
0.1371 394
0.1372 395
0.1373 397
0.1374 392
0.1375 386
0.1376 387
0.1377 389
0.1378 391
0.1379 390
0.138 393
0.1381 392
0.1382 389
0.1383 384
0.1384 377
0.1385 373
0.1386 365
0.1387 351
0.1388 345
0.1389 338
0.139 340
0.1391 338
0.1392 341
0.1393 346
0.1394 345
0.1395 343
0.1396 345
0.1397 344
0.1398 342
0.1399 337
0.14 326
0.1401 328
0.1402 326
0.1403 314
0.1404 313
0.1405 305
0.1406 292
0.1407 282
0.1408 282
0.1409 278
0.141 278
0.1411 269
0.1412 270
0.1413 267
0.1414 254
0.1415 253
0.1416 247
0.1417 245
0.1418 251
0.1419 248
0.142 248
0.1421 242
0.1422 224
0.1423 228
0.1424 231
0.1425 228
0.1426 232
0.1427 233
0.1428 232
0.1429 223
0.143 221
0.1431 221
0.1432 222
0.1433 220
0.1434 215
0.1435 217
0.1436 214
0.1437 220
0.1438 224
0.1439 226
0.144 227
0.1441 229
0.1442 232
0.1443 236
0.1444 240
0.1445 246
0.1446 243
0.1447 239
0.1448 236
0.1449 233
0.145 234
0.1451 227
0.1452 230
0.1453 231
0.1454 229
0.1455 236
0.1456 237
0.1457 233
0.1458 233
0.1459 230
0.146 223
0.1461 213
0.1462 204
0.1463 205
0.1464 202
0.1465 203
0.1466 207
0.1467 208
0.1468 207
0.1469 204
0.147 203
0.1471 203
0.1472 205
0.1473 206
0.1474 203
0.1475 207
0.1476 208
0.1477 214
0.1478 223
0.1479 232
0.148 232
0.1481 225
0.1482 226
0.1483 224
0.1484 214
0.1485 211
0.1486 206
0.1487 212
0.1488 207
0.1489 193
0.149 195
0.1491 202
0.1492 206
0.1493 212
0.1494 213
0.1495 218
0.1496 218
0.1497 226
0.1498 232
0.1499 234
0.15 232
0.1501 236
0.1502 238
0.1503 232
0.1504 220
0.1505 219
0.1506 222
0.1507 223
0.1508 224
0.1509 223
0.151 218
0.1511 221
0.1512 222
0.1513 211
0.1514 213
0.1515 203
0.1516 201
0.1517 198
0.1518 198
0.1519 197
0.152 199
0.1521 195
0.1522 185
0.1523 183
0.1524 184
0.1525 181
0.1526 178
0.1527 174
0.1528 175
0.1529 177
0.153 173
0.1531 172
0.1532 177
0.1533 180
0.1534 182
0.1535 186
0.1536 185
0.1537 184
0.1538 184
0.1539 174
0.154 169
0.1541 164
0.1542 162
0.1543 160
0.1544 159
0.1545 160
0.1546 155
0.1547 150
0.1548 141
0.1549 137
0.155 129
0.1551 129
0.1552 117
0.1553 113
0.1554 108
0.1555 104
0.1556 102
0.1557 100
0.1558 100
0.1559 96
0.156 98
0.1561 101
0.1562 106
0.1563 115
0.1564 116
0.1565 114
0.1566 119
0.1567 119
0.1568 124
0.1569 128
0.157 131
0.1571 138
0.1572 140
0.1573 142
0.1574 143
0.1575 147
0.1576 150
0.1577 155
0.1578 159
0.1579 165
0.158 168
0.1581 170
0.1582 171
0.1583 167
0.1584 166
0.1585 165
0.1586 161
0.1587 158
0.1588 164
0.1589 167
0.159 168
0.1591 174
0.1592 177
0.1593 178
0.1594 182
0.1595 185
0.1596 187
0.1597 194
0.1598 194
0.1599 194
0.16 200
0.1601 201
0.1602 196
0.1603 193
0.1604 193
0.1605 189
0.1606 189
0.1607 188
0.1608 184
0.1609 186
0.161 190
0.1611 196
0.1612 199
0.1613 193
0.1614 191
0.1615 184
0.1616 184
0.1617 182
0.1618 177
0.1619 179
0.162 176
0.1621 181
0.1622 180
0.1623 176
0.1624 175
0.1625 170
0.1626 164
0.1627 163
0.1628 158
0.1629 162
0.163 165
0.1631 161
0.1632 159
0.1633 159
0.1634 156
0.1635 151
0.1636 139
0.1637 131
0.1638 123
0.1639 122
0.164 123
0.1641 123
0.1642 118
0.1643 115
0.1644 110
0.1645 107
0.1646 105
0.1647 105
0.1648 104
0.1649 112
0.165 112
0.1651 117
0.1652 115
0.1653 115
0.1654 110
0.1655 108
0.1656 101
0.1657 102
0.1658 93
0.1659 84
0.166 74
0.1661 66
0.1662 60
0.1663 54
0.1664 51
0.1665 48
0.1666 52
0.1667 50
0.1668 52
0.1669 47
0.167 52
0.1671 54
0.1672 55
0.1673 50
0.1674 45
0.1675 43
0.1676 41
0.1677 26
0.1678 20
0.1679 18
0.168 18
0.1681 16
0.1682 16
0.1683 14
0.1684 16
0.1685 3
0.1686 2
0.1687 1
0.1688 3
0.1689 4
0.169 4
0.1691 3
0.1692 1
0.1693 1
0.1694 1
0.1695 2
0.1696 2
0.1697 1
0.1698 2
0.1699 4
0.17 1
0.1701 2
0.1702 0
0.1703 2
0.1704 0
0.1705 0
0.1706 1
0.1707 2
0.1708 1
0.1709 3
0.171 1
0.1711 1
0.1712 0
0.1713 2
0.1714 2
0.1715 1
0.1716 0
0.1717 0
0.1718 2
0.1719 2
0.172 3
0.1721 0
0.1722 2
0.1723 3
0.1724 0
0.1725 0
0.1726 0
0.1727 0
0.1728 2
0.1729 1
0.173 0
0.1731 1
0.1732 2
0.1733 0
0.1734 1
0.1735 0
0.1736 0
0.1737 1
0.1738 4
0.1739 1
0.174 1
0.1741 4
0.1742 1
0.1743 1
0.1744 4
0.1745 0
0.1746 0
0.1747 2
0.1748 2
0.1749 2
0.175 2
0.1751 1
0.1752 0
0.1753 5
0.1754 2
0.1755 1
0.1756 1
0.1757 0
0.1758 1
0.1759 1
0.176 0
0.1761 1
0.1762 2
0.1763 2
0.1764 1
0.1765 0
0.1766 1
0.1767 1
0.1768 1
0.1769 2
0.177 2
0.1771 2
0.1772 3
0.1773 0
0.1774 3
0.1775 1
0.1776 1
0.1777 0
0.1778 0
0.1779 0
0.178 0
0.1781 0
0.1782 2
0.1783 2
0.1784 2
0.1785 1
0.1786 0
0.1787 2
0.1788 1
0.1789 0
0.179 1
0.1791 1
0.1792 0
0.1793 1
0.1794 4
0.1795 1
0.1796 3
0.1797 3
0.1798 1
0.1799 2
0.18 3
0.1801 3
0.1802 3
0.1803 3
0.1804 3
0.1805 1
0.1806 1
0.1807 3
0.1808 1
0.1809 3
0.181 1
0.1811 1
0.1812 1
0.1813 1
0.1814 2
0.1815 2
0.1816 0
0.1817 1
0.1818 2
0.1819 2
0.182 4
0.1821 0
0.1822 4
0.1823 4
0.1824 1
0.1825 3
0.1826 0
0.1827 5
0.1828 0
0.1829 0
0.183 2
0.1831 2
0.1832 4
0.1833 1
0.1834 0
0.1835 3
0.1836 0
0.1837 4
0.1838 1
0.1839 3
0.184 3
0.1841 4
0.1842 1
0.1843 1
0.1844 0
0.1845 2
0.1846 0
0.1847 1
0.1848 1
0.1849 2
0.185 2
0.1851 2
0.1852 1
0.1853 4
0.1854 0
0.1855 0
0.1856 1
0.1857 3
0.1858 2
0.1859 2
0.186 7
0.1861 1
0.1862 1
0.1863 2
0.1864 4
0.1865 1
0.1866 1
0.1867 2
0.1868 5
0.1869 2
0.187 2
0.1871 4
0.1872 3
0.1873 2
0.1874 3
0.1875 3
0.1876 3
0.1877 3
0.1878 1
0.1879 5
0.188 6
0.1881 1
0.1882 5
0.1883 3
0.1884 5
0.1885 1
0.1886 2
0.1887 3
0.1888 1
0.1889 1
0.189 2
0.1891 4
0.1892 1
0.1893 3
0.1894 3
0.1895 4
0.1896 3
0.1897 4
0.1898 4
0.1899 3
0.19 5
0.1901 1
0.1902 1
0.1903 3
0.1904 7
0.1905 5
0.1906 4
0.1907 3
0.1908 5
0.1909 3
0.191 4
0.1911 2
0.1912 5
0.1913 3
0.1914 5
0.1915 3
0.1916 4
0.1917 5
0.1918 7
0.1919 4
0.192 1
0.1921 3
0.1922 3
0.1923 2
0.1924 7
0.1925 4
0.1926 2
0.1927 5
0.1928 7
0.1929 7
0.193 3
0.1931 6
0.1932 2
0.1933 5
0.1934 9
0.1935 7
0.1936 7
0.1937 9
0.1938 4
0.1939 6
0.194 4
0.1941 8
0.1942 2
0.1943 5
0.1944 7
0.1945 8
0.1946 6
0.1947 5
0.1948 10
0.1949 6
0.195 7
0.1951 7
0.1952 6
0.1953 2
0.1954 10
0.1955 6
0.1956 11
0.1957 5
0.1958 9
0.1959 2
0.196 7
0.1961 3
0.1962 6
0.1963 5
0.1964 6
0.1965 13
0.1966 9
0.1967 9
0.1968 15
0.1969 9
0.197 12
0.1971 15
0.1972 16
0.1973 17
0.1974 14
0.1975 13
0.1976 11
0.1977 14
0.1978 16
0.1979 17
0.198 26
0.1981 17
0.1982 18
0.1983 24
0.1984 26
0.1985 24
0.1986 32
0.1987 32
0.1988 37
0.1989 44
0.199 56
0.1991 70
0.1992 71
0.1993 79
0.1994 88
0.1995 95
0.1996 118
0.1997 127
0.1998 155
0.1999 173
0.2 168
0.2001 201
0.2002 237
0.2003 260
0.2004 291
0.2005 311
0.2006 361
0.2007 394
0.2008 443
0.2009 483
0.201 522
0.2011 558
0.2012 589
0.2013 609
0.2014 637
0.2015 675
0.2016 711
0.2017 739
0.2018 762
0.2019 789
0.202 812
0.2021 838
0.2022 864
0.2023 896
0.2024 918
0.2025 930
0.2026 959
0.2027 990
0.2028 1004
0.2029 1026
0.203 1040
0.2031 1061
0.2032 1071
0.2033 1082
0.2034 1102
0.2035 1114
0.2036 1123
0.2037 1136
0.2038 1149
0.2039 1158
0.204 1175
0.2041 1180
0.2042 1189
0.2043 1200
0.2044 1213
0.2045 1223
0.2046 1238
0.2047 1253
0.2048 1263
0.2049 1266
0.205 1262
0.2051 1257
0.2052 1264
0.2053 1274
0.2054 1287
0.2055 1292
0.2056 1297
0.2057 1309
0.2058 1320
0.2059 1334
0.206 1330
0.2061 1322
0.2062 1317
0.2063 1309
0.2064 1303
0.2065 1307
0.2066 1309
0.2067 1310
0.2068 1309
0.2069 1314
0.207 1316
0.2071 1318
0.2072 1324
0.2073 1322
0.2074 1314
0.2075 1313
0.2076 1315
0.2077 1313
0.2078 1295
0.2079 1297
0.208 1297
0.2081 1290
0.2082 1289
0.2083 1294
0.2084 1296
0.2085 1293
0.2086 1296
0.2087 1295
0.2088 1295
0.2089 1307
0.209 1315
0.2091 1307
0.2092 1305
0.2093 1309
0.2094 1312
0.2095 1321
0.2096 1320
0.2097 1318
0.2098 1312
0.2099 1309
0.21 1315
0.2101 1308
0.2102 1303
0.2103 1314
0.2104 1310
0.2105 1301
0.2106 1294
0.2107 1301
0.2108 1305
0.2109 1306
0.211 1308
0.2111 1308
0.2112 1308
0.2113 1312
0.2114 1320
0.2115 1313
0.2116 1307
0.2117 1302
0.2118 1294
0.2119 1289
0.212 1290
0.2121 1295
0.2122 1289
0.2123 1292
0.2124 1291
0.2125 1290
0.2126 1280
0.2127 1276
0.2128 1270
0.2129 1269
0.213 1266
0.2131 1261
0.2132 1256
0.2133 1256
0.2134 1247
0.2135 1237
0.2136 1233
0.2137 1227
0.2138 1222
0.2139 1222
0.214 1214
0.2141 1205
0.2142 1202
0.2143 1190
0.2144 1177
0.2145 1161
0.2146 1156
0.2147 1155
0.2148 1148
0.2149 1128
0.215 1119
0.2151 1106
0.2152 1097
0.2153 1087
0.2154 1075
0.2155 1065
0.2156 1051
0.2157 1049
0.2158 1042
0.2159 1038
0.216 1031
0.2161 1027
0.2162 1019
0.2163 1020
0.2164 1022
0.2165 1022
0.2166 1022
0.2167 1018
0.2168 1016
0.2169 1010
0.217 1000
0.2171 999
0.2172 993
0.2173 997
0.2174 1000
0.2175 1002
0.2176 1001
0.2177 999
0.2178 994
0.2179 992
0.218 995
0.2181 990
0.2182 982
0.2183 979
0.2184 971
0.2185 966
0.2186 956
0.2187 954
0.2188 940
0.2189 931
0.219 921
0.2191 920
0.2192 915
0.2193 910
0.2194 915
0.2195 922
0.2196 919
0.2197 916
0.2198 914
0.2199 914
0.22 912
0.2201 915
0.2202 911
0.2203 912
0.2204 909
0.2205 905
0.2206 901
0.2207 900
0.2208 900
0.2209 893
0.221 894
0.2211 897
0.2212 885
0.2213 890
0.2214 886
0.2215 884
0.2216 879
0.2217 878
0.2218 879
0.2219 881
0.222 878
0.2221 876
0.2222 869
0.2223 862
0.2224 857
0.2225 852
0.2226 846
0.2227 841
0.2228 829
0.2229 821
0.223 815
0.2231 804
0.2232 799
0.2233 796
0.2234 793
0.2235 788
0.2236 787
0.2237 774
0.2238 765
0.2239 744
0.224 739
0.2241 731
0.2242 719
0.2243 717
0.2244 720
0.2245 715
0.2246 718
0.2247 718
0.2248 719
0.2249 716
0.225 712
0.2251 717
0.2252 714
0.2253 700
0.2254 696
0.2255 689
0.2256 689
0.2257 679
0.2258 690
0.2259 687
0.226 684
0.2261 684
0.2262 685
0.2263 688
0.2264 683
0.2265 681
0.2266 679
0.2267 673
0.2268 663
0.2269 649
0.227 647
0.2271 647
0.2272 640
0.2273 630
0.2274 628
0.2275 624
0.2276 621
0.2277 623
0.2278 624
0.2279 619
0.228 619
0.2281 621
0.2282 612
0.2283 602
0.2284 602
0.2285 593
0.2286 588
0.2287 583
0.2288 578
0.2289 565
0.229 549
0.2291 546
0.2292 542
0.2293 534
0.2294 523
0.2295 511
0.2296 508
0.2297 506
0.2298 504
0.2299 496
0.23 482
0.2301 472
0.2302 466
0.2303 465
0.2304 470
0.2305 466
0.2306 464
0.2307 463
0.2308 454
0.2309 454
0.231 448
0.2311 458
0.2312 456
0.2313 453
0.2314 453
0.2315 454
0.2316 454
0.2317 448
0.2318 446
0.2319 445
0.232 447
0.2321 436
0.2322 436
0.2323 430
0.2324 434
0.2325 434
0.2326 438
0.2327 440
0.2328 437
0.2329 440
0.233 445
0.2331 446
0.2332 448
0.2333 448
0.2334 444
0.2335 445
0.2336 442
0.2337 438
0.2338 419
0.2339 406
0.234 403
0.2341 401
0.2342 399
0.2343 403
0.2344 400
0.2345 397
0.2346 395
0.2347 390
0.2348 390
0.2349 388
0.235 379
0.2351 377
0.2352 374
0.2353 374
0.2354 382
0.2355 375
0.2356 362
0.2357 359
0.2358 356
0.2359 347
0.236 347
0.2361 349
0.2362 350
0.2363 345
0.2364 347
0.2365 350
0.2366 345
0.2367 346
0.2368 350
0.2369 350
0.237 343
0.2371 342
0.2372 338
0.2373 337
0.2374 339
0.2375 347
0.2376 341
0.2377 348
0.2378 350
0.2379 348
0.238 345
0.2381 336
0.2382 330
0.2383 327
0.2384 317
0.2385 302
0.2386 301
0.2387 301
0.2388 296
0.2389 295
0.239 298
0.2391 301
0.2392 303
0.2393 300
0.2394 297
0.2395 294
0.2396 291
0.2397 285
0.2398 279
0.2399 271
0.24 274
0.2401 276
0.2402 276
0.2403 285
0.2404 281
0.2405 274
0.2406 271
0.2407 265
0.2408 264
0.2409 260
0.241 260
0.2411 257
0.2412 252
0.2413 248
0.2414 254
0.2415 247
0.2416 242
0.2417 237
0.2418 239
0.2419 237
0.242 235
0.2421 224
0.2422 218
0.2423 214
0.2424 210
0.2425 206
0.2426 209
0.2427 215
0.2428 218
0.2429 225
0.243 226
0.2431 228
0.2432 231
0.2433 234
0.2434 238
0.2435 226
0.2436 226
0.2437 217
0.2438 215
0.2439 210
0.244 211
0.2441 214
0.2442 219
0.2443 220
0.2444 215
0.2445 217
0.2446 210
0.2447 213
0.2448 213
0.2449 213
0.245 215
0.2451 217
0.2452 215
0.2453 210
0.2454 210
0.2455 204
0.2456 211
0.2457 209
0.2458 208
0.2459 212
0.246 211
0.2461 214
0.2462 210
0.2463 197
0.2464 194
0.2465 191
0.2466 188
0.2467 181
0.2468 172
0.2469 172
0.247 170
0.2471 170
0.2472 164
0.2473 167
0.2474 162
0.2475 150
0.2476 140
0.2477 131
0.2478 131
0.2479 132
0.248 129
0.2481 136
0.2482 137
0.2483 137
0.2484 141
0.2485 144
0.2486 139
0.2487 125
0.2488 112
0.2489 101
0.249 84
0.2491 70
0.2492 55
0.2493 43
0.2494 41
0.2495 39
0.2496 40
0.2497 39
0.2498 28
0.2499 27
0.25 24
