0 665
0.01 613
0.02 583
0.03 547
0.04 531
0.05 500
0.06 484
0.07 467
0.08 451
0.09 437
0.1 426
0.11 420
0.12 402
0.13 389
0.14 382
0.15 372
0.16 362
0.17 348
0.18 336
0.19 330
0.2 321
0.21 306
0.22 292
0.23 283
0.24 271
0.25 262
0.26 252
0.27 247
0.28 241
0.29 236
0.3 228
0.31 217
0.32 209
0.33 200
0.34 194
0.35 187
0.36 183
0.37 180
0.38 176
0.39 172
0.4 163
0.41 162
0.42 157
0.43 154
0.44 149
0.45 147
0.46 141
0.47 138
0.48 131
0.49 126
0.5 123
0.51 118
0.52 117
0.53 114
0.54 109
0.55 106
0.56 102
0.57 97
0.58 97
0.59 94
0.6 94
0.61 91
0.62 90
0.63 85
0.64 80
0.65 78
0.66 77
0.67 76
0.68 73
0.69 71
0.7 68
0.71 68
0.72 66
0.73 58
0.74 54
0.75 53
0.76 53
0.77 49
0.78 47
0.79 47
0.8 47
0.81 44
0.82 44
0.83 42
0.84 41
0.85 42
0.86 40
0.87 38
0.88 36
0.89 34
0.9 34
0.91 34
0.92 33
0.93 33
0.94 32
0.95 32
0.96 32
0.97 33
0.98 34
0.99 34
1 33
1.01 33
1.02 34
1.03 34
1.04 32
1.05 30
1.06 29
1.07 27
1.08 26
1.09 26
1.1 27
1.11 24
1.12 26
1.13 26
1.14 24
1.15 23
1.16 23
1.17 24
1.18 22
1.19 20
1.2 20
1.21 20
1.22 20
1.23 20
1.24 20
1.25 21
1.26 22
1.27 21
1.28 21
1.29 19
1.3 19
1.31 18
1.32 18
1.33 17
1.34 16
1.35 17
1.36 19
1.37 19
1.38 21
1.39 20
1.4 18
1.41 17
1.42 17
1.43 17
1.44 17
1.45 18
1.46 19
1.47 20
1.48 19
1.49 18
1.5 17
1.51 17
1.52 17
1.53 16
1.54 16
1.55 17
1.56 17
1.57 18
1.58 20
1.59 21
1.6 20
1.61 20
1.62 19
1.63 19
1.64 18
1.65 18
1.66 16
1.67 14
1.68 13
1.69 13
1.7 12
1.71 12
1.72 13
1.73 11
1.74 11
1.75 10
1.76 12
1.77 12
1.78 11
1.79 10
1.8 11
1.81 9
1.82 9
1.83 8
1.84 8
1.85 8
1.86 10
1.87 10
1.88 8
1.89 9
1.9 8
1.91 9
1.92 7
1.93 7
1.94 8
1.95 7
1.96 8
1.97 8
1.98 8
1.99 8
2 8
