0 0
0.0001 0
0.0002 0
0.0003 0
0.0004 0
0.0005 0
0.0006 0
0.0007 0
0.0008 0
0.0009 0
0.001 0
0.0011 0
0.0012 1
0.0013 0
0.0014 1
0.0015 1
0.0016 3
0.0017 2
0.0018 3
0.0019 0
0.002 1
0.0021 1
0.0022 0
0.0023 3
0.0024 2
0.0025 0
0.0026 0
0.0027 0
0.0028 0
0.0029 1
0.003 1
0.0031 1
0.0032 0
0.0033 1
0.0034 2
0.0035 0
0.0036 0
0.0037 0
0.0038 2
0.0039 1
0.004 2
0.0041 1
0.0042 1
0.0043 1
0.0044 2
0.0045 0
0.0046 0
0.0047 1
0.0048 0
0.0049 1
0.005 0
0.0051 1
0.0052 2
0.0053 0
0.0054 2
0.0055 0
0.0056 1
0.0057 0
0.0058 1
0.0059 0
0.006 1
0.0061 1
0.0062 1
0.0063 3
0.0064 1
0.0065 3
0.0066 1
0.0067 0
0.0068 0
0.0069 1
0.007 3
0.0071 1
0.0072 1
0.0073 5
0.0074 1
0.0075 3
0.0076 2
0.0077 3
0.0078 4
0.0079 0
0.008 2
0.0081 2
0.0082 0
0.0083 0
0.0084 0
0.0085 0
0.0086 1
0.0087 4
0.0088 2
0.0089 3
0.009 1
0.0091 2
0.0092 0
0.0093 1
0.0094 3
0.0095 3
0.0096 6
0.0097 4
0.0098 0
0.0099 0
0.01 3
0.0101 2
0.0102 1
0.0103 3
0.0104 0
0.0105 1
0.0106 1
0.0107 1
0.0108 2
0.0109 0
0.011 2
0.0111 4
0.0112 2
0.0113 2
0.0114 4
0.0115 1
0.0116 4
0.0117 3
0.0118 1
0.0119 3
0.012 2
0.0121 3
0.0122 2
0.0123 2
0.0124 4
0.0125 2
0.0126 4
0.0127 5
0.0128 2
0.0129 0
0.013 3
0.0131 1
0.0132 1
0.0133 5
0.0134 3
0.0135 5
0.0136 4
0.0137 2
0.0138 2
0.0139 2
0.014 2
0.0141 3
0.0142 4
0.0143 2
0.0144 4
0.0145 2
0.0146 7
0.0147 5
0.0148 1
0.0149 2
0.015 5
0.0151 3
0.0152 4
0.0153 5
0.0154 3
0.0155 1
0.0156 5
0.0157 3
0.0158 5
0.0159 5
0.016 3
0.0161 1
0.0162 10
0.0163 5
0.0164 2
0.0165 8
0.0166 6
0.0167 4
0.0168 7
0.0169 4
0.017 6
0.0171 11
0.0172 3
0.0173 5
0.0174 4
0.0175 7
0.0176 4
0.0177 6
0.0178 3
0.0179 6
0.018 6
0.0181 6
0.0182 5
0.0183 3
0.0184 8
0.0185 6
0.0186 5
0.0187 9
0.0188 10
0.0189 11
0.019 6
0.0191 5
0.0192 8
0.0193 10
0.0194 6
0.0195 6
0.0196 8
0.0197 7
0.0198 7
0.0199 10
0.02 11
0.0201 10
0.0202 8
0.0203 16
0.0204 4
0.0205 10
0.0206 7
0.0207 10
0.0208 13
0.0209 8
0.021 7
0.0211 11
0.0212 9
0.0213 8
0.0214 12
0.0215 10
0.0216 15
0.0217 8
0.0218 10
0.0219 8
0.022 18
0.0221 9
0.0222 9
0.0223 15
0.0224 15
0.0225 10
0.0226 10
0.0227 16
0.0228 15
0.0229 12
0.023 13
0.0231 22
0.0232 21
0.0233 24
0.0234 17
0.0235 29
0.0236 37
0.0237 31
0.0238 37
0.0239 38
0.024 37
0.0241 29
0.0242 36
0.0243 20
0.0244 24
0.0245 21
0.0246 28
0.0247 31
0.0248 28
0.0249 28
0.025 23
0.0251 24
0.0252 33
0.0253 26
0.0254 25
0.0255 27
0.0256 29
0.0257 34
0.0258 33
0.0259 29
0.026 33
0.0261 31
0.0262 37
0.0263 39
0.0264 38
0.0265 49
0.0266 46
0.0267 49
0.0268 56
0.0269 59
0.027 70
0.0271 64
0.0272 78
0.0273 85
0.0274 89
0.0275 101
0.0276 134
0.0277 147
0.0278 177
0.0279 220
0.028 250
0.0281 291
0.0282 335
0.0283 374
0.0284 397
0.0285 432
0.0286 450
0.0287 488
0.0288 540
0.0289 554
0.029 574
0.0291 574
0.0292 576
0.0293 565
0.0294 560
0.0295 556
0.0296 555
0.0297 573
0.0298 588
0.0299 616
0.03 654
0.0301 709
0.0302 739
0.0303 777
0.0304 824
0.0305 860
0.0306 885
0.0307 901
0.0308 927
0.0309 948
0.031 977
0.0311 979
0.0312 986
0.0313 1007
0.0314 1020
0.0315 1020
0.0316 1020
0.0317 1003
0.0318 1014
0.0319 1027
0.032 1034
0.0321 1040
0.0322 1055
0.0323 1068
0.0324 1083
0.0325 1090
0.0326 1108
0.0327 1133
0.0328 1152
0.0329 1178
0.033 1189
0.0331 1197
0.0332 1203
0.0333 1214
0.0334 1226
0.0335 1239
0.0336 1256
0.0337 1270
0.0338 1282
0.0339 1309
0.034 1313
0.0341 1334
0.0342 1333
0.0343 1341
0.0344 1351
0.0345 1361
0.0346 1368
0.0347 1384
0.0348 1398
0.0349 1396
0.035 1377
0.0351 1362
0.0352 1328
0.0353 1288
0.0354 1270
0.0355 1266
0.0356 1271
0.0357 1275
0.0358 1275
0.0359 1280
0.036 1281
0.0361 1293
0.0362 1295
0.0363 1306
0.0364 1318
0.0365 1333
0.0366 1322
0.0367 1328
0.0368 1327
0.0369 1328
0.037 1333
0.0371 1334
0.0372 1345
0.0373 1344
0.0374 1346
0.0375 1342
0.0376 1340
0.0377 1347
0.0378 1352
0.0379 1360
0.038 1364
0.0381 1370
0.0382 1370
0.0383 1380
0.0384 1388
0.0385 1389
0.0386 1398
0.0387 1402
0.0388 1404
0.0389 1412
0.039 1424
0.0391 1427
0.0392 1429
0.0393 1430
0.0394 1418
0.0395 1416
0.0396 1416
0.0397 1418
0.0398 1406
0.0399 1406
0.04 1409
0.0401 1415
0.0402 1414
0.0403 1415
0.0404 1414
0.0405 1416
0.0406 1405
0.0407 1408
0.0408 1407
0.0409 1414
0.041 1412
0.0411 1406
0.0412 1406
0.0413 1407
0.0414 1403
0.0415 1405
0.0416 1404
0.0417 1403
0.0418 1397
0.0419 1394
0.042 1384
0.0421 1381
0.0422 1382
0.0423 1378
0.0424 1369
0.0425 1366
0.0426 1358
0.0427 1358
0.0428 1360
0.0429 1357
0.043 1360
0.0431 1351
0.0432 1351
0.0433 1341
0.0434 1341
0.0435 1334
0.0436 1333
0.0437 1325
0.0438 1320
0.0439 1316
0.044 1319
0.0441 1322
0.0442 1324
0.0443 1324
0.0444 1320
0.0445 1318
0.0446 1299
0.0447 1295
0.0448 1294
0.0449 1289
0.045 1292
0.0451 1286
0.0452 1280
0.0453 1279
0.0454 1273
0.0455 1271
0.0456 1271
0.0457 1267
0.0458 1260
0.0459 1245
0.046 1242
0.0461 1230
0.0462 1230
0.0463 1230
0.0464 1230
0.0465 1224
0.0466 1220
0.0467 1213
0.0468 1206
0.0469 1198
0.047 1192
0.0471 1189
0.0472 1180
0.0473 1175
0.0474 1176
0.0475 1175
0.0476 1171
0.0477 1167
0.0478 1162
0.0479 1167
0.048 1160
0.0481 1155
0.0482 1151
0.0483 1146
0.0484 1138
0.0485 1136
0.0486 1131
0.0487 1128
0.0488 1120
0.0489 1117
0.049 1113
0.0491 1116
0.0492 1112
0.0493 1109
0.0494 1111
0.0495 1102
0.0496 1096
0.0497 1090
0.0498 1088
0.0499 1073
0.05 1066
0.0501 1065
0.0502 1066
0.0503 1064
0.0504 1056
0.0505 1051
0.0506 1048
0.0507 1045
0.0508 1036
0.0509 1036
0.051 1039
0.0511 1036
0.0512 1033
0.0513 1024
0.0514 996
0.0515 949
0.0516 907
0.0517 863
0.0518 834
0.0519 816
0.052 799
0.0521 785
0.0522 782
0.0523 786
0.0524 778
0.0525 779
0.0526 771
0.0527 772
0.0528 759
0.0529 756
0.053 759
0.0531 754
0.0532 751
0.0533 755
0.0534 759
0.0535 763
0.0536 766
0.0537 774
0.0538 782
0.0539 781
0.054 784
0.0541 780
0.0542 783
0.0543 777
0.0544 772
0.0545 773
0.0546 779
0.0547 777
0.0548 781
0.0549 780
0.055 789
0.0551 791
0.0552 793
0.0553 790
0.0554 790
0.0555 785
0.0556 784
0.0557 768
0.0558 754
0.0559 722
0.056 697
0.0561 665
0.0562 643
0.0563 598
0.0564 574
0.0565 559
0.0566 544
0.0567 528
0.0568 518
0.0569 518
0.057 513
0.0571 515
0.0572 503
0.0573 510
0.0574 511
0.0575 498
0.0576 506
0.0577 500
0.0578 505
0.0579 502
0.058 509
0.0581 514
0.0582 522
0.0583 526
0.0584 526
0.0585 537
0.0586 549
0.0587 560
0.0588 572
0.0589 572
0.059 573
0.0591 578
0.0592 584
0.0593 588
0.0594 588
0.0595 588
0.0596 587
0.0597 591
0.0598 578
0.0599 562
0.06 539
0.0601 501
0.0602 463
0.0603 441
0.0604 427
0.0605 418
0.0606 409
0.0607 407
0.0608 405
0.0609 398
0.061 402
0.0611 404
0.0612 408
0.0613 416
0.0614 424
0.0615 427
0.0616 427
0.0617 430
0.0618 431
0.0619 440
0.062 446
0.0621 449
0.0622 448
0.0623 451
0.0624 458
0.0625 461
0.0626 460
0.0627 443
0.0628 430
0.0629 405
0.063 395
0.0631 375
0.0632 363
0.0633 354
0.0634 354
0.0635 359
0.0636 356
0.0637 346
0.0638 352
0.0639 358
0.064 362
0.0641 368
0.0642 376
0.0643 377
0.0644 375
0.0645 379
0.0646 385
0.0647 389
0.0648 391
0.0649 390
0.065 390
0.0651 399
0.0652 403
0.0653 401
0.0654 413
0.0655 418
0.0656 429
0.0657 439
0.0658 443
0.0659 450
0.066 451
0.0661 445
0.0662 437
0.0663 407
0.0664 378
0.0665 356
0.0666 338
0.0667 322
0.0668 317
0.0669 305
0.067 294
0.0671 276
0.0672 267
0.0673 245
0.0674 220
0.0675 203
0.0676 193
0.0677 177
0.0678 171
0.0679 162
0.068 163
0.0681 163
0.0682 161
0.0683 164
0.0684 160
0.0685 169
0.0686 175
0.0687 181
0.0688 193
0.0689 202
0.069 208
0.0691 215
0.0692 223
0.0693 239
0.0694 246
0.0695 243
0.0696 233
0.0697 229
0.0698 209
0.0699 211
0.07 197
0.0701 180
0.0702 157
0.0703 145
0.0704 135
0.0705 122
0.0706 99
0.0707 86
0.0708 75
0.0709 75
0.071 67
0.0711 54
0.0712 53
0.0713 39
0.0714 32
0.0715 37
0.0716 35
0.0717 24
0.0718 24
0.0719 17
0.072 15
0.0721 13
0.0722 14
0.0723 12
0.0724 17
0.0725 15
0.0726 16
0.0727 16
0.0728 18
0.0729 11
0.073 11
0.0731 17
0.0732 14
0.0733 20
0.0734 16
0.0735 8
0.0736 13
0.0737 11
0.0738 9
0.0739 11
0.074 13
0.0741 6
0.0742 5
0.0743 8
0.0744 7
0.0745 9
0.0746 7
0.0747 8
0.0748 10
0.0749 11
0.075 6
0.0751 10
0.0752 5
0.0753 10
0.0754 5
0.0755 3
0.0756 8
0.0757 6
0.0758 6
0.0759 4
0.076 2
0.0761 2
0.0762 5
0.0763 5
0.0764 6
0.0765 4
0.0766 3
0.0767 8
0.0768 6
0.0769 1
0.077 7
0.0771 6
0.0772 7
0.0773 6
0.0774 5
0.0775 4
0.0776 5
0.0777 2
0.0778 5
0.0779 4
0.078 9
0.0781 11
0.0782 8
0.0783 8
0.0784 5
0.0785 5
0.0786 11
0.0787 11
0.0788 4
0.0789 5
0.079 9
0.0791 8
0.0792 7
0.0793 12
0.0794 8
0.0795 5
0.0796 4
0.0797 10
0.0798 10
0.0799 7
0.08 8
0.0801 6
0.0802 3
0.0803 7
0.0804 11
0.0805 10
0.0806 9
0.0807 9
0.0808 12
0.0809 13
0.081 9
0.0811 12
0.0812 15
0.0813 9
0.0814 8
0.0815 6
0.0816 11
0.0817 9
0.0818 16
0.0819 9
0.082 8
0.0821 16
0.0822 18
0.0823 15
0.0824 6
0.0825 12
0.0826 12
0.0827 14
0.0828 11
0.0829 16
0.083 10
0.0831 9
0.0832 11
0.0833 16
0.0834 18
0.0835 21
0.0836 23
0.0837 18
0.0838 13
0.0839 21
0.084 10
0.0841 13
0.0842 17
0.0843 19
0.0844 8
0.0845 12
0.0846 9
0.0847 8
0.0848 9
0.0849 12
0.085 6
0.0851 5
0.0852 17
0.0853 22
0.0854 24
0.0855 19
0.0856 12
0.0857 18
0.0858 22
0.0859 14
0.086 15
0.0861 17
0.0862 7
0.0863 7
0.0864 12
0.0865 10
0.0866 20
0.0867 18
0.0868 13
0.0869 17
0.087 19
0.0871 21
0.0872 22
0.0873 19
0.0874 23
0.0875 21
0.0876 20
0.0877 20
0.0878 34
0.0879 37
0.088 24
0.0881 26
0.0882 30
0.0883 20
0.0884 21
0.0885 28
0.0886 21
0.0887 18
0.0888 22
0.0889 17
0.089 25
0.0891 17
0.0892 22
0.0893 28
0.0894 33
0.0895 28
0.0896 26
0.0897 19
0.0898 28
0.0899 30
0.09 27
0.0901 30
0.0902 34
0.0903 41
0.0904 30
0.0905 43
0.0906 37
0.0907 44
0.0908 35
0.0909 47
0.091 48
0.0911 41
0.0912 41
0.0913 46
0.0914 42
0.0915 41
0.0916 55
0.0917 67
0.0918 62
0.0919 65
0.092 66
0.0921 60
0.0922 61
0.0923 61
0.0924 80
0.0925 75
0.0926 73
0.0927 70
0.0928 73
0.0929 76
0.093 88
0.0931 100
0.0932 121
0.0933 123
0.0934 125
0.0935 138
0.0936 138
0.0937 151
0.0938 149
0.0939 153
0.094 161
0.0941 157
0.0942 168
0.0943 180
0.0944 189
0.0945 186
0.0946 207
0.0947 208
0.0948 205
0.0949 212
0.095 205
0.0951 209
0.0952 210
0.0953 202
0.0954 203
0.0955 213
0.0956 229
0.0957 251
0.0958 284
0.0959 316
0.096 349
0.0961 394
0.0962 440
0.0963 478
0.0964 539
0.0965 585
0.0966 617
0.0967 655
0.0968 702
0.0969 751
0.097 803
0.0971 834
0.0972 881
0.0973 928
0.0974 968
0.0975 1003
0.0976 1027
0.0977 1052
0.0978 1077
0.0979 1109
0.098 1142
0.0981 1173
0.0982 1197
0.0983 1223
0.0984 1239
0.0985 1260
0.0986 1278
0.0987 1295
0.0988 1311
0.0989 1333
0.099 1364
0.0991 1386
0.0992 1393
0.0993 1418
0.0994 1433
0.0995 1448
0.0996 1472
0.0997 1483
0.0998 1491
0.0999 1505
0.1 1521
0.1001 1529
0.1002 1545
0.1003 1556
0.1004 1566
0.1005 1574
0.1006 1585
0.1007 1598
0.1008 1614
0.1009 1619
0.101 1628
0.1011 1638
0.1012 1636
0.1013 1651
0.1014 1662
0.1015 1668
0.1016 1677
0.1017 1670
0.1018 1680
0.1019 1674
0.102 1675
0.1021 1683
0.1022 1677
0.1023 1682
0.1024 1674
0.1025 1679
0.1026 1674
0.1027 1680
0.1028 1680
0.1029 1681
0.103 1685
0.1031 1673
0.1032 1678
0.1033 1676
0.1034 1673
0.1035 1675
0.1036 1671
0.1037 1662
0.1038 1672
0.1039 1666
0.104 1651
0.1041 1650
0.1042 1647
0.1043 1648
0.1044 1661
0.1045 1655
0.1046 1664
0.1047 1661
0.1048 1657
0.1049 1638
0.105 1633
0.1051 1625
0.1052 1633
0.1053 1627
0.1054 1626
0.1055 1628
0.1056 1629
0.1057 1622
0.1058 1628
0.1059 1622
0.106 1618
0.1061 1620
0.1062 1621
0.1063 1621
0.1064 1604
0.1065 1589
0.1066 1577
0.1067 1571
0.1068 1553
0.1069 1547
0.107 1535
0.1071 1523
0.1072 1518
0.1073 1497
0.1074 1488
0.1075 1482
0.1076 1468
0.1077 1448
0.1078 1429
0.1079 1416
0.108 1423
0.1081 1413
0.1082 1404
0.1083 1394
0.1084 1396
0.1085 1392
0.1086 1382
0.1087 1368
0.1088 1358
0.1089 1355
0.109 1340
0.1091 1325
0.1092 1321
0.1093 1317
0.1094 1309
0.1095 1308
0.1096 1307
0.1097 1305
0.1098 1302
0.1099 1296
0.11 1294
0.1101 1291
0.1102 1278
0.1103 1277
0.1104 1270
0.1105 1252
0.1106 1237
0.1107 1208
0.1108 1169
0.1109 1131
0.111 1098
0.1111 1075
0.1112 1059
0.1113 1045
0.1114 1031
0.1115 1009
0.1116 1005
0.1117 1003
0.1118 992
0.1119 995
0.112 992
0.1121 995
0.1122 997
0.1123 1005
0.1124 1015
0.1125 1019
0.1126 1026
0.1127 1024
0.1128 1030
0.1129 1039
0.113 1043
0.1131 1040
0.1132 1039
0.1133 1038
0.1134 1028
0.1135 1025
0.1136 1002
0.1137 1000
0.1138 993
0.1139 987
0.114 983
0.1141 984
0.1142 986
0.1143 981
0.1144 962
0.1145 940
0.1146 912
0.1147 870
0.1148 829
0.1149 801
0.115 772
0.1151 754
0.1152 753
0.1153 751
0.1154 755
0.1155 746
0.1156 754
0.1157 754
0.1158 758
0.1159 764
0.116 776
0.1161 782
0.1162 791
0.1163 800
0.1164 806
0.1165 813
0.1166 823
0.1167 826
0.1168 833
0.1169 835
0.117 839
0.1171 846
0.1172 849
0.1173 842
0.1174 840
0.1175 839
0.1176 842
0.1177 850
0.1178 842
0.1179 847
0.118 856
0.1181 853
0.1182 846
0.1183 839
0.1184 838
0.1185 836
0.1186 835
0.1187 841
0.1188 838
0.1189 838
0.119 833
0.1191 831
0.1192 834
0.1193 838
0.1194 839
0.1195 843
0.1196 846
0.1197 839
0.1198 834
0.1199 822
0.12 806
0.1201 796
0.1202 794
0.1203 775
0.1204 749
0.1205 718
0.1206 696
0.1207 671
0.1208 634
0.1209 620
0.121 605
0.1211 606
0.1212 602
0.1213 597
0.1214 593
0.1215 593
0.1216 601
0.1217 602
0.1218 608
0.1219 619
0.122 625
0.1221 636
0.1222 643
0.1223 651
0.1224 648
0.1225 651
0.1226 652
0.1227 657
0.1228 653
0.1229 652
0.123 650
0.1231 651
0.1232 650
0.1233 646
0.1234 647
0.1235 656
0.1236 657
0.1237 659
0.1238 657
0.1239 658
0.124 661
0.1241 666
0.1242 668
0.1243 671
0.1244 677
0.1245 680
0.1246 684
0.1247 680
0.1248 657
0.1249 621
0.125 602
0.1251 580
0.1252 566
0.1253 553
0.1254 544
0.1255 532
0.1256 526
0.1257 528
0.1258 524
0.1259 522
0.126 515
0.1261 511
0.1262 505
0.1263 503
0.1264 505
0.1265 501
0.1266 510
0.1267 510
0.1268 510
0.1269 513
0.127 504
0.1271 508
0.1272 511
0.1273 513
0.1274 506
0.1275 502
0.1276 499
0.1277 497
0.1278 497
0.1279 487
0.128 482
0.1281 464
0.1282 450
0.1283 421
0.1284 396
0.1285 370
0.1286 356
0.1287 338
0.1288 308
0.1289 266
0.129 237
0.1291 208
0.1292 189
0.1293 179
0.1294 162
0.1295 152
0.1296 134
0.1297 125
0.1298 129
0.1299 120
0.13 123
0.1301 119
0.1302 112
0.1303 116
0.1304 113
0.1305 104
0.1306 94
0.1307 77
0.1308 65
0.1309 61
0.131 56
0.1311 44
0.1312 38
0.1313 36
0.1314 23
0.1315 27
0.1316 25
0.1317 24
0.1318 17
0.1319 16
0.132 14
0.1321 10
0.1322 10
0.1323 11
0.1324 13
0.1325 16
0.1326 11
0.1327 13
0.1328 7
0.1329 10
0.133 8
0.1331 12
0.1332 5
0.1333 5
0.1334 8
0.1335 9
0.1336 8
0.1337 7
0.1338 9
0.1339 13
0.134 13
0.1341 13
0.1342 7
0.1343 6
0.1344 11
0.1345 7
0.1346 6
0.1347 5
0.1348 10
0.1349 6
0.135 10
0.1351 5
0.1352 8
0.1353 11
0.1354 4
0.1355 8
0.1356 10
0.1357 8
0.1358 8
0.1359 10
0.136 14
0.1361 14
0.1362 11
0.1363 8
0.1364 14
0.1365 9
0.1366 10
0.1367 10
0.1368 5
0.1369 9
0.137 12
0.1371 10
0.1372 9
0.1373 6
0.1374 8
0.1375 9
0.1376 9
0.1377 8
0.1378 9
0.1379 8
0.138 14
0.1381 10
0.1382 8
0.1383 10
0.1384 9
0.1385 14
0.1386 4
0.1387 13
0.1388 6
0.1389 9
0.139 12
0.1391 12
0.1392 12
0.1393 12
0.1394 13
0.1395 9
0.1396 5
0.1397 15
0.1398 7
0.1399 12
0.14 12
0.1401 10
0.1402 15
0.1403 10
0.1404 13
0.1405 12
0.1406 13
0.1407 15
0.1408 18
0.1409 14
0.141 21
0.1411 22
0.1412 13
0.1413 18
0.1414 10
0.1415 17
0.1416 17
0.1417 18
0.1418 21
0.1419 16
0.142 17
0.1421 18
0.1422 18
0.1423 13
0.1424 23
0.1425 13
0.1426 20
0.1427 13
0.1428 14
0.1429 9
0.143 18
0.1431 20
0.1432 20
0.1433 24
0.1434 27
0.1435 30
0.1436 33
0.1437 36
0.1438 43
0.1439 38
0.144 34
0.1441 44
0.1442 61
0.1443 69
0.1444 66
0.1445 68
0.1446 79
0.1447 82
0.1448 90
0.1449 97
0.145 104
0.1451 112
0.1452 138
0.1453 144
0.1454 151
0.1455 174
0.1456 187
0.1457 199
0.1458 197
0.1459 207
0.146 217
0.1461 225
0.1462 240
0.1463 247
0.1464 244
0.1465 262
0.1466 279
0.1467 310
0.1468 327
0.1469 337
0.147 343
0.1471 362
0.1472 362
0.1473 384
0.1474 390
0.1475 393
0.1476 396
0.1477 401
0.1478 414
0.1479 444
0.148 445
0.1481 456
0.1482 460
0.1483 453
0.1484 450
0.1485 435
0.1486 403
0.1487 401
0.1488 399
0.1489 386
0.149 386
0.1491 402
0.1492 426
0.1493 438
0.1494 476
0.1495 491
0.1496 518
0.1497 529
0.1498 530
0.1499 519
0.15 509
0.1501 509
0.1502 503
0.1503 506
0.1504 510
0.1505 503
0.1506 510
0.1507 522
0.1508 527
0.1509 520
0.151 511
0.1511 496
0.1512 464
0.1513 440
0.1514 439
0.1515 422
0.1516 434
0.1517 433
0.1518 440
0.1519 429
0.152 426
0.1521 442
0.1522 444
0.1523 452
0.1524 465
0.1525 487
0.1526 516
0.1527 554
0.1528 583
0.1529 622
0.153 647
0.1531 655
0.1532 665
0.1533 661
0.1534 642
0.1535 639
0.1536 629
0.1537 649
0.1538 660
0.1539 670
0.154 680
0.1541 698
0.1542 715
0.1543 744
0.1544 764
0.1545 781
0.1546 797
0.1547 813
0.1548 826
0.1549 816
0.155 797
0.1551 770
0.1552 742
0.1553 735
0.1554 739
0.1555 733
0.1556 732
0.1557 749
0.1558 764
0.1559 775
0.156 785
0.1561 792
0.1562 815
0.1563 834
0.1564 850
0.1565 867
0.1566 887
0.1567 905
0.1568 925
0.1569 933
0.157 947
0.1571 960
0.1572 984
0.1573 999
0.1574 1012
0.1575 1025
0.1576 1039
0.1577 1047
0.1578 1051
0.1579 1055
0.158 1067
0.1581 1082
0.1582 1091
0.1583 1095
0.1584 1093
0.1585 1097
0.1586 1093
0.1587 1092
0.1588 1105
0.1589 1102
0.159 1107
0.1591 1104
0.1592 1105
0.1593 1123
0.1594 1133
0.1595 1141
0.1596 1149
0.1597 1157
0.1598 1169
0.1599 1176
0.16 1190
0.1601 1191
0.1602 1202
0.1603 1194
0.1604 1193
0.1605 1194
0.1606 1194
0.1607 1201
0.1608 1205
0.1609 1213
0.161 1217
0.1611 1213
0.1612 1207
0.1613 1206
0.1614 1211
0.1615 1215
0.1616 1217
0.1617 1214
0.1618 1221
0.1619 1221
0.162 1214
0.1621 1219
0.1622 1211
0.1623 1209
0.1624 1208
0.1625 1206
0.1626 1202
0.1627 1198
0.1628 1197
0.1629 1202
0.163 1207
0.1631 1205
0.1632 1196
0.1633 1204
0.1634 1194
0.1635 1187
0.1636 1179
0.1637 1164
0.1638 1167
0.1639 1156
0.164 1153
0.1641 1155
0.1642 1148
0.1643 1148
0.1644 1146
0.1645 1141
0.1646 1139
0.1647 1138
0.1648 1130
0.1649 1122
0.165 1120
0.1651 1118
0.1652 1118
0.1653 1109
0.1654 1102
0.1655 1093
0.1656 1100
0.1657 1102
0.1658 1102
0.1659 1097
0.166 1094
0.1661 1087
0.1662 1085
0.1663 1080
0.1664 1079
0.1665 1088
0.1666 1094
0.1667 1093
0.1668 1087
0.1669 1084
0.167 1071
0.1671 1068
0.1672 1067
0.1673 1057
0.1674 1052
0.1675 1037
0.1676 1028
0.1677 1017
0.1678 1013
0.1679 1007
0.168 1004
0.1681 1001
0.1682 995
0.1683 985
0.1684 984
0.1685 980
0.1686 982
0.1687 974
0.1688 949
0.1689 916
0.169 863
0.1691 821
0.1692 788
0.1693 762
0.1694 738
0.1695 717
0.1696 712
0.1697 712
0.1698 707
0.1699 703
0.17 711
0.1701 718
0.1702 726
0.1703 729
0.1704 735
0.1705 743
0.1706 747
0.1707 757
0.1708 763
0.1709 768
0.171 773
0.1711 776
0.1712 772
0.1713 762
0.1714 742
0.1715 726
0.1716 720
0.1717 707
0.1718 675
0.1719 666
0.172 636
0.1721 635
0.1722 629
0.1723 637
0.1724 638
0.1725 640
0.1726 634
0.1727 619
0.1728 587
0.1729 558
0.173 516
0.1731 489
0.1732 465
0.1733 439
0.1734 426
0.1735 423
0.1736 428
0.1737 416
0.1738 428
0.1739 432
0.174 445
0.1741 464
0.1742 467
0.1743 478
0.1744 468
0.1745 446
0.1746 454
0.1747 453
0.1748 459
0.1749 460
0.175 465
0.1751 471
0.1752 477
0.1753 482
0.1754 491
0.1755 492
0.1756 505
0.1757 507
0.1758 509
0.1759 518
0.176 523
0.1761 510
0.1762 496
0.1763 479
0.1764 463
0.1765 451
0.1766 434
0.1767 427
0.1768 423
0.1769 413
0.177 398
0.1771 393
0.1772 376
0.1773 356
0.1774 342
0.1775 324
0.1776 314
0.1777 300
0.1778 299
0.1779 289
0.178 280
0.1781 279
0.1782 270
0.1783 260
0.1784 243
0.1785 221
0.1786 210
0.1787 190
0.1788 184
0.1789 162
0.179 156
0.1791 152
0.1792 135
0.1793 134
0.1794 109
0.1795 108
0.1796 102
0.1797 77
0.1798 72
0.1799 73
0.18 64
0.1801 44
0.1802 49
0.1803 38
0.1804 39
0.1805 27
0.1806 26
0.1807 30
0.1808 32
0.1809 19
0.181 20
0.1811 19
0.1812 19
0.1813 24
0.1814 18
0.1815 14
0.1816 12
0.1817 14
0.1818 19
0.1819 13
0.182 12
0.1821 7
0.1822 15
0.1823 12
0.1824 6
0.1825 8
0.1826 11
0.1827 8
0.1828 4
0.1829 18
0.183 13
0.1831 8
0.1832 9
0.1833 11
0.1834 10
0.1835 10
0.1836 10
0.1837 15
0.1838 14
0.1839 13
0.184 6
0.1841 9
0.1842 16
0.1843 13
0.1844 12
0.1845 8
0.1846 11
0.1847 9
0.1848 14
0.1849 12
0.185 7
0.1851 19
0.1852 9
0.1853 9
0.1854 12
0.1855 13
0.1856 12
0.1857 11
0.1858 7
0.1859 12
0.186 26
0.1861 6
0.1862 12
0.1863 15
0.1864 8
0.1865 9
0.1866 15
0.1867 8
0.1868 14
0.1869 16
0.187 14
0.1871 11
0.1872 17
0.1873 12
0.1874 10
0.1875 9
0.1876 20
0.1877 11
0.1878 15
0.1879 9
0.188 9
0.1881 15
0.1882 7
0.1883 16
0.1884 19
0.1885 13
0.1886 11
0.1887 13
0.1888 17
0.1889 14
0.189 12
0.1891 10
0.1892 13
0.1893 18
0.1894 17
0.1895 18
0.1896 21
0.1897 14
0.1898 18
0.1899 19
0.19 19
0.1901 19
0.1902 27
0.1903 12
0.1904 24
0.1905 25
0.1906 18
0.1907 25
0.1908 30
0.1909 20
0.191 23
0.1911 26
0.1912 32
0.1913 26
0.1914 27
0.1915 28
0.1916 28
0.1917 36
0.1918 49
0.1919 38
0.192 34
0.1921 32
0.1922 29
0.1923 38
0.1924 36
0.1925 35
0.1926 34
0.1927 34
0.1928 36
0.1929 38
0.193 48
0.1931 52
0.1932 47
0.1933 43
0.1934 48
0.1935 53
0.1936 54
0.1937 59
0.1938 62
0.1939 83
0.194 90
0.1941 89
0.1942 79
0.1943 91
0.1944 96
0.1945 114
0.1946 100
0.1947 105
0.1948 116
0.1949 116
0.195 125
0.1951 126
0.1952 136
0.1953 145
0.1954 166
0.1955 177
0.1956 202
0.1957 228
0.1958 256
0.1959 274
0.196 305
0.1961 342
0.1962 375
0.1963 426
0.1964 464
0.1965 500
0.1966 529
0.1967 555
0.1968 604
0.1969 630
0.197 656
0.1971 691
0.1972 723
0.1973 739
0.1974 774
0.1975 796
0.1976 813
0.1977 841
0.1978 862
0.1979 885
0.198 912
0.1981 926
0.1982 955
0.1983 975
0.1984 982
0.1985 1001
0.1986 1007
0.1987 1011
0.1988 1026
0.1989 1059
0.199 1078
0.1991 1097
0.1992 1112
0.1993 1119
0.1994 1130
0.1995 1140
0.1996 1146
0.1997 1150
0.1998 1135
0.1999 1101
0.2 1076
0.2001 1059
0.2002 1042
0.2003 1041
0.2004 1050
0.2005 1059
0.2006 1071
0.2007 1094
0.2008 1105
0.2009 1113
0.201 1113
0.2011 1109
0.2012 1087
0.2013 1060
0.2014 1040
0.2015 1017
0.2016 998
0.2017 962
0.2018 963
0.2019 950
0.202 962
0.2021 959
0.2022 960
0.2023 965
0.2024 965
0.2025 968
0.2026 959
0.2027 948
0.2028 946
0.2029 937
0.203 924
0.2031 937
0.2032 943
0.2033 938
0.2034 934
0.2035 940
0.2036 945
0.2037 955
0.2038 973
0.2039 989
0.204 1005
0.2041 1013
0.2042 1020
0.2043 1025
0.2044 1032
0.2045 1033
0.2046 1044
0.2047 1057
0.2048 1067
0.2049 1079
0.205 1081
0.2051 1090
0.2052 1094
0.2053 1088
0.2054 1078
0.2055 1073
0.2056 1066
0.2057 1060
0.2058 1018
0.2059 988
0.206 963
0.2061 938
0.2062 935
0.2063 932
0.2064 939
0.2065 950
0.2066 963
0.2067 977
0.2068 983
0.2069 1001
0.207 1005
0.2071 1009
0.2072 1018
0.2073 1024
0.2074 1030
0.2075 1040
0.2076 1041
0.2077 1032
0.2078 1033
0.2079 1022
0.208 1016
0.2081 1013
0.2082 1009
0.2083 1012
0.2084 1016
0.2085 1014
0.2086 1017
0.2087 1020
0.2088 1029
0.2089 1030
0.209 1038
0.2091 1043
0.2092 1042
0.2093 1042
0.2094 1052
0.2095 1050
0.2096 1042
0.2097 1037
0.2098 1050
0.2099 1046
0.21 1052
0.2101 1052
0.2102 1051
0.2103 1059
0.2104 1058
0.2105 1049
0.2106 1051
0.2107 1056
0.2108 1053
0.2109 1059
0.211 1066
0.2111 1069
0.2112 1074
0.2113 1077
0.2114 1071
0.2115 1056
0.2116 1039
0.2117 1029
0.2118 1027
0.2119 1020
0.212 1023
0.2121 1024
0.2122 1028
0.2123 1017
0.2124 1008
0.2125 1013
0.2126 1018
0.2127 1018
0.2128 1019
0.2129 1018
0.213 1020
0.2131 1020
0.2132 1017
0.2133 1018
0.2134 1026
0.2135 1020
0.2136 1017
0.2137 1017
0.2138 1017
0.2139 1013
0.214 1011
0.2141 1017
0.2142 1018
0.2143 1011
0.2144 1010
0.2145 1012
0.2146 1014
0.2147 1015
0.2148 1013
0.2149 1011
0.215 1014
0.2151 1014
0.2152 1011
0.2153 1009
0.2154 1003
0.2155 1001
0.2156 1001
0.2157 1003
0.2158 1005
0.2159 999
0.216 998
0.2161 995
0.2162 983
0.2163 983
0.2164 982
0.2165 984
0.2166 982
0.2167 977
0.2168 968
0.2169 962
0.217 950
0.2171 941
0.2172 938
0.2173 935
0.2174 921
0.2175 921
0.2176 911
0.2177 905
0.2178 900
0.2179 900
0.218 887
0.2181 875
0.2182 876
0.2183 879
0.2184 871
0.2185 856
0.2186 856
0.2187 850
0.2188 844
0.2189 838
0.219 831
0.2191 829
0.2192 826
0.2193 817
0.2194 799
0.2195 784
0.2196 749
0.2197 737
0.2198 724
0.2199 720
0.22 715
0.2201 717
0.2202 717
0.2203 710
0.2204 690
0.2205 676
0.2206 660
0.2207 650
0.2208 645
0.2209 639
0.221 625
0.2211 614
0.2212 613
0.2213 618
0.2214 624
0.2215 628
0.2216 629
0.2217 643
0.2218 646
0.2219 643
0.222 644
0.2221 635
0.2222 634
0.2223 635
0.2224 632
0.2225 629
0.2226 620
0.2227 624
0.2228 624
0.2229 628
0.223 629
0.2231 634
0.2232 638
0.2233 644
0.2234 648
0.2235 646
0.2236 637
0.2237 631
0.2238 625
0.2239 624
0.224 623
0.2241 633
0.2242 632
0.2243 634
0.2244 638
0.2245 637
0.2246 640
0.2247 643
0.2248 642
0.2249 649
0.225 653
0.2251 656
0.2252 652
0.2253 653
0.2254 660
0.2255 659
0.2256 663
0.2257 668
0.2258 666
0.2259 662
0.226 665
0.2261 652
0.2262 644
0.2263 639
0.2264 627
0.2265 608
0.2266 582
0.2267 539
0.2268 507
0.2269 477
0.227 444
0.2271 405
0.2272 379
0.2273 358
0.2274 346
0.2275 351
0.2276 345
0.2277 341
0.2278 346
0.2279 326
0.228 313
0.2281 294
0.2282 273
0.2283 249
0.2284 230
0.2285 217
0.2286 190
0.2287 168
0.2288 150
0.2289 131
0.229 107
0.2291 81
0.2292 48
0.2293 31
0.2294 31
0.2295 21
0.2296 21
0.2297 18
0.2298 14
0.2299 11
0.23 9
0.2301 7
0.2302 13
0.2303 15
0.2304 14
0.2305 15
0.2306 13
0.2307 15
0.2308 9
0.2309 9
0.231 13
0.2311 15
0.2312 13
0.2313 11
0.2314 18
0.2315 10
0.2316 13
0.2317 10
0.2318 12
0.2319 12
0.232 11
0.2321 15
0.2322 6
0.2323 19
0.2324 11
0.2325 9
0.2326 10
0.2327 9
0.2328 12
0.2329 7
0.233 12
0.2331 7
0.2332 12
0.2333 9
0.2334 10
0.2335 11
0.2336 10
0.2337 9
0.2338 4
0.2339 11
0.234 13
0.2341 10
0.2342 9
0.2343 11
0.2344 5
0.2345 14
0.2346 9
0.2347 17
0.2348 14
0.2349 9
0.235 12
0.2351 19
0.2352 19
0.2353 18
0.2354 12
0.2355 12
0.2356 11
0.2357 15
0.2358 16
0.2359 11
0.236 7
0.2361 20
0.2362 12
0.2363 14
0.2364 8
0.2365 8
0.2366 5
0.2367 9
0.2368 10
0.2369 14
0.237 10
0.2371 10
0.2372 13
0.2373 7
0.2374 7
0.2375 9
0.2376 15
0.2377 13
0.2378 14
0.2379 13
0.238 12
0.2381 12
0.2382 17
0.2383 11
0.2384 19
0.2385 20
0.2386 13
0.2387 14
0.2388 14
0.2389 16
0.239 17
0.2391 20
0.2392 15
0.2393 13
0.2394 18
0.2395 10
0.2396 9
0.2397 10
0.2398 13
0.2399 10
0.24 11
0.2401 11
0.2402 8
0.2403 14
0.2404 12
0.2405 15
0.2406 12
0.2407 11
0.2408 16
0.2409 16
0.241 6
0.2411 9
0.2412 15
0.2413 13
0.2414 8
0.2415 14
0.2416 20
0.2417 18
0.2418 20
0.2419 12
0.242 24
0.2421 19
0.2422 16
0.2423 16
0.2424 9
0.2425 16
0.2426 14
0.2427 9
0.2428 13
0.2429 13
0.243 16
0.2431 20
0.2432 16
0.2433 11
0.2434 11
0.2435 13
0.2436 16
0.2437 19
0.2438 14
0.2439 11
0.244 13
0.2441 8
0.2442 10
0.2443 9
0.2444 10
0.2445 8
0.2446 13
0.2447 21
0.2448 23
0.2449 19
0.245 19
0.2451 19
0.2452 24
0.2453 15
0.2454 14
0.2455 26
0.2456 24
0.2457 19
0.2458 26
0.2459 22
0.246 26
0.2461 18
0.2462 23
0.2463 28
0.2464 33
0.2465 29
0.2466 23
0.2467 18
0.2468 33
0.2469 33
0.247 36
0.2471 30
0.2472 41
0.2473 46
0.2474 47
0.2475 56
0.2476 49
0.2477 58
0.2478 64
0.2479 62
0.248 56
0.2481 63
0.2482 58
0.2483 59
0.2484 54
0.2485 52
0.2486 57
0.2487 62
0.2488 74
0.2489 70
0.249 82
0.2491 77
0.2492 83
0.2493 94
0.2494 94
0.2495 100
0.2496 103
0.2497 112
0.2498 123
0.2499 120
0.25 113
