0 910
0.0001 696
0.0002 556
0.0003 467
0.0004 407
0.0005 381
0.0006 361
0.0007 344
0.0008 345
0.0009 331
0.001 323
0.0011 331
0.0012 319
0.0013 326
0.0014 317
0.0015 329
0.0016 326
0.0017 303
0.0018 293
0.0019 303
0.002 291
0.0021 291
0.0022 299
0.0023 302
0.0024 311
0.0025 313
0.0026 285
0.0027 296
0.0028 289
0.0029 282
0.003 270
0.0031 269
0.0032 265
0.0033 265
0.0034 265
0.0035 272
0.0036 268
0.0037 257
0.0038 263
0.0039 277
0.004 275
0.0041 280
0.0042 270
0.0043 268
0.0044 271
0.0045 259
0.0046 264
0.0047 257
0.0048 260
0.0049 254
0.005 261
0.0051 270
0.0052 263
0.0053 267
0.0054 272
0.0055 263
0.0056 249
0.0057 257
0.0058 263
0.0059 253
0.006 258
0.0061 272
0.0062 281
0.0063 268
0.0064 283
0.0065 271
0.0066 264
0.0067 254
0.0068 247
0.0069 240
0.007 219
0.0071 228
0.0072 228
0.0073 256
0.0074 242
0.0075 230
0.0076 244
0.0077 234
0.0078 219
0.0079 229
0.008 213
0.0081 226
0.0082 224
0.0083 221
0.0084 236
0.0085 233
0.0086 226
0.0087 222
0.0088 211
0.0089 209
0.009 223
0.0091 217
0.0092 207
0.0093 203
0.0094 216
0.0095 194
0.0096 202
0.0097 203
0.0098 198
0.0099 204
0.01 201
0.0101 216
0.0102 209
0.0103 210
0.0104 213
0.0105 198
0.0106 209
0.0107 210
0.0108 205
0.0109 211
0.011 208
0.0111 188
0.0112 192
0.0113 189
0.0114 200
0.0115 200
0.0116 198
0.0117 204
0.0118 199
0.0119 188
0.012 199
0.0121 194
0.0122 202
0.0123 181
0.0124 184
0.0125 179
0.0126 178
0.0127 189
0.0128 184
0.0129 178
0.013 178
0.0131 183
0.0132 179
0.0133 177
0.0134 174
0.0135 178
0.0136 197
0.0137 199
0.0138 190
0.0139 174
0.014 184
0.0141 185
0.0142 186
0.0143 188
0.0144 176
0.0145 174
0.0146 177
0.0147 175
0.0148 183
0.0149 187
0.015 169
0.0151 168
0.0152 174
0.0153 170
0.0154 168
0.0155 159
0.0156 178
0.0157 164
0.0158 164
0.0159 164
0.016 173
0.0161 179
0.0162 174
0.0163 168
0.0164 166
0.0165 162
0.0166 168
0.0167 159
0.0168 160
0.0169 148
0.017 150
0.0171 161
0.0172 178
0.0173 154
0.0174 148
0.0175 148
0.0176 163
0.0177 164
0.0178 178
0.0179 182
0.018 169
0.0181 157
0.0182 145
0.0183 145
0.0184 159
0.0185 157
0.0186 151
0.0187 151
0.0188 159
0.0189 151
0.019 150
0.0191 147
0.0192 155
0.0193 160
0.0194 160
0.0195 158
0.0196 144
0.0197 140
0.0198 146
0.0199 147
0.02 144
0.0201 135
0.0202 140
0.0203 150
0.0204 138
0.0205 130
0.0206 140
0.0207 135
0.0208 139
0.0209 156
0.021 159
0.0211 157
0.0212 145
0.0213 140
0.0214 144
0.0215 143
0.0216 136
0.0217 132
0.0218 130
0.0219 144
0.022 152
0.0221 147
0.0222 146
0.0223 148
0.0224 132
0.0225 127
0.0226 122
0.0227 131
0.0228 142
0.0229 149
0.023 147
0.0231 146
0.0232 137
0.0233 130
0.0234 122
0.0235 118
0.0236 125
0.0237 128
0.0238 124
0.0239 133
0.024 127
0.0241 108
0.0242 123
0.0243 132
0.0244 137
0.0245 136
0.0246 120
0.0247 125
0.0248 135
0.0249 138
0.025 131
0.0251 129
0.0252 127
0.0253 132
0.0254 138
0.0255 139
0.0256 140
0.0257 139
0.0258 143
0.0259 149
0.026 134
0.0261 142
0.0262 134
0.0263 131
0.0264 128
0.0265 122
0.0266 118
0.0267 122
0.0268 119
0.0269 123
0.027 138
0.0271 131
0.0272 132
0.0273 123
0.0274 132
0.0275 130
0.0276 128
0.0277 125
0.0278 119
0.0279 136
0.028 123
0.0281 129
0.0282 127
0.0283 128
0.0284 127
0.0285 123
0.0286 121
0.0287 132
0.0288 114
0.0289 122
0.029 130
0.0291 134
0.0292 130
0.0293 129
0.0294 125
0.0295 132
0.0296 123
0.0297 124
0.0298 112
0.0299 114
0.03 111
0.0301 108
0.0302 110
0.0303 109
0.0304 116
0.0305 112
0.0306 113
0.0307 104
0.0308 99
0.0309 99
0.031 104
0.0311 101
0.0312 101
0.0313 98
0.0314 88
0.0315 94
0.0316 85
0.0317 102
0.0318 110
0.0319 102
0.032 107
0.0321 104
0.0322 113
0.0323 111
0.0324 113
0.0325 111
0.0326 118
0.0327 102
0.0328 103
0.0329 89
0.033 92
0.0331 92
0.0332 100
0.0333 107
0.0334 95
0.0335 99
0.0336 101
0.0337 88
0.0338 100
0.0339 97
0.034 91
0.0341 85
0.0342 97
0.0343 96
0.0344 91
0.0345 83
0.0346 90
0.0347 94
0.0348 95
0.0349 99
0.035 104
0.0351 112
0.0352 104
0.0353 106
0.0354 103
0.0355 103
0.0356 96
0.0357 89
0.0358 92
0.0359 89
0.036 83
0.0361 85
0.0362 93
0.0363 102
0.0364 111
0.0365 104
0.0366 110
0.0367 115
0.0368 100
0.0369 103
0.037 100
0.0371 93
0.0372 88
0.0373 84
0.0374 90
0.0375 91
0.0376 81
0.0377 82
0.0378 83
0.0379 77
0.038 71
0.0381 74
0.0382 71
0.0383 78
0.0384 82
0.0385 85
0.0386 71
0.0387 76
0.0388 73
0.0389 83
0.039 89
0.0391 94
0.0392 91
0.0393 90
0.0394 89
0.0395 86
0.0396 84
0.0397 83
0.0398 94
0.0399 94
0.04 97
0.0401 86
0.0402 94
0.0403 88
0.0404 80
0.0405 77
0.0406 81
0.0407 82
0.0408 83
0.0409 77
0.041 75
0.0411 86
0.0412 83
0.0413 80
0.0414 77
0.0415 68
0.0416 73
0.0417 76
0.0418 74
0.0419 76
0.042 67
0.0421 69
0.0422 68
0.0423 69
0.0424 73
0.0425 76
0.0426 70
0.0427 68
0.0428 54
0.0429 58
0.043 63
0.0431 81
0.0432 82
0.0433 84
0.0434 81
0.0435 75
0.0436 73
0.0437 71
0.0438 67
0.0439 68
0.044 65
0.0441 71
0.0442 69
0.0443 72
0.0444 84
0.0445 80
0.0446 82
0.0447 74
0.0448 83
0.0449 83
0.045 78
0.0451 80
0.0452 74
0.0453 79
0.0454 77
0.0455 74
0.0456 78
0.0457 78
0.0458 90
0.0459 95
0.046 85
0.0461 76
0.0462 82
0.0463 81
0.0464 72
0.0465 76
0.0466 73
0.0467 80
0.0468 72
0.0469 90
0.047 94
0.0471 82
0.0472 78
0.0473 73
0.0474 75
0.0475 82
0.0476 78
0.0477 77
0.0478 79
0.0479 73
0.048 75
0.0481 78
0.0482 79
0.0483 77
0.0484 78
0.0485 86
0.0486 88
0.0487 74
0.0488 80
0.0489 79
0.049 77
0.0491 83
0.0492 70
0.0493 72
0.0494 74
0.0495 78
0.0496 74
0.0497 75
0.0498 72
0.0499 81
0.05 74
0.0501 74
0.0502 84
0.0503 75
0.0504 75
0.0505 74
0.0506 70
0.0507 72
0.0508 59
0.0509 64
0.051 71
0.0511 72
0.0512 75
0.0513 69
0.0514 71
0.0515 75
0.0516 86
0.0517 69
0.0518 73
0.0519 68
0.052 67
0.0521 69
0.0522 68
0.0523 62
0.0524 67
0.0525 66
0.0526 68
0.0527 60
0.0528 68
0.0529 58
0.053 60
0.0531 57
0.0532 54
0.0533 66
0.0534 66
0.0535 63
0.0536 73
0.0537 76
0.0538 65
0.0539 64
0.054 63
0.0541 77
0.0542 80
0.0543 71
0.0544 75
0.0545 70
0.0546 71
0.0547 80
0.0548 87
0.0549 80
0.055 84
0.0551 89
0.0552 81
0.0553 79
0.0554 74
0.0555 77
0.0556 74
0.0557 71
0.0558 70
0.0559 63
0.056 57
0.0561 55
0.0562 57
0.0563 58
0.0564 49
0.0565 50
0.0566 51
0.0567 62
0.0568 64
0.0569 63
0.057 68
0.0571 67
0.0572 67
0.0573 64
0.0574 65
0.0575 63
0.0576 62
0.0577 65
0.0578 59
0.0579 57
0.058 63
0.0581 64
0.0582 61
0.0583 71
0.0584 74
0.0585 72
0.0586 68
0.0587 62
0.0588 54
0.0589 55
0.059 50
0.0591 63
0.0592 58
0.0593 64
0.0594 65
0.0595 62
0.0596 71
0.0597 62
0.0598 52
0.0599 55
0.06 66
0.0601 65
0.0602 64
0.0603 64
0.0604 65
0.0605 70
0.0606 79
0.0607 76
0.0608 67
0.0609 69
0.061 65
0.0611 71
0.0612 67
0.0613 63
0.0614 57
0.0615 65
0.0616 56
0.0617 65
0.0618 64
0.0619 65
0.062 52
0.0621 43
0.0622 59
0.0623 62
0.0624 58
0.0625 60
0.0626 61
0.0627 62
0.0628 56
0.0629 58
0.063 61
0.0631 68
0.0632 64
0.0633 53
0.0634 61
0.0635 56
0.0636 63
0.0637 55
0.0638 62
0.0639 63
0.064 67
0.0641 53
0.0642 56
0.0643 61
0.0644 57
0.0645 65
0.0646 58
0.0647 62
0.0648 67
0.0649 62
0.065 62
0.0651 61
0.0652 61
0.0653 57
0.0654 68
0.0655 58
0.0656 66
0.0657 62
0.0658 65
0.0659 68
0.066 71
0.0661 65
0.0662 60
0.0663 52
0.0664 57
0.0665 59
0.0666 64
0.0667 59
0.0668 53
0.0669 58
0.067 56
0.0671 58
0.0672 60
0.0673 58
0.0674 59
0.0675 59
0.0676 49
0.0677 59
0.0678 57
0.0679 52
0.068 53
0.0681 59
0.0682 60
0.0683 56
0.0684 53
0.0685 53
0.0686 47
0.0687 54
0.0688 54
0.0689 57
0.069 62
0.0691 58
0.0692 60
0.0693 60
0.0694 51
0.0695 52
0.0696 58
0.0697 59
0.0698 65
0.0699 61
0.07 58
0.0701 60
0.0702 58
0.0703 57
0.0704 57
0.0705 64
0.0706 63
0.0707 59
0.0708 63
0.0709 70
0.071 65
0.0711 66
0.0712 62
0.0713 63
0.0714 66
0.0715 62
0.0716 59
0.0717 61
0.0718 57
0.0719 66
0.072 75
0.0721 66
0.0722 66
0.0723 63
0.0724 59
0.0725 57
0.0726 57
0.0727 57
0.0728 56
0.0729 58
0.073 58
0.0731 62
0.0732 62
0.0733 57
0.0734 61
0.0735 58
0.0736 57
0.0737 50
0.0738 50
0.0739 50
0.074 59
0.0741 58
0.0742 54
0.0743 56
0.0744 56
0.0745 54
0.0746 54
0.0747 64
0.0748 59
0.0749 58
0.075 53
0.0751 52
0.0752 52
0.0753 52
0.0754 54
0.0755 63
0.0756 56
0.0757 53
0.0758 50
0.0759 47
0.076 46
0.0761 43
0.0762 47
0.0763 51
0.0764 50
0.0765 40
0.0766 49
0.0767 48
0.0768 51
0.0769 45
0.077 46
0.0771 42
0.0772 41
0.0773 46
0.0774 44
0.0775 36
0.0776 41
0.0777 48
0.0778 48
0.0779 52
0.078 49
0.0781 50
0.0782 44
0.0783 41
0.0784 46
0.0785 49
0.0786 43
0.0787 50
0.0788 45
0.0789 44
0.079 47
0.0791 51
0.0792 52
0.0793 53
0.0794 59
0.0795 59
0.0796 45
0.0797 47
0.0798 48
0.0799 46
0.08 45
0.0801 46
0.0802 47
0.0803 48
0.0804 46
0.0805 46
0.0806 45
0.0807 48
0.0808 49
0.0809 46
0.081 51
0.0811 48
0.0812 49
0.0813 53
0.0814 60
0.0815 61
0.0816 56
0.0817 60
0.0818 55
0.0819 60
0.082 61
0.0821 49
0.0822 51
0.0823 50
0.0824 58
0.0825 61
0.0826 62
0.0827 57
0.0828 55
0.0829 63
0.083 57
0.0831 51
0.0832 56
0.0833 59
0.0834 54
0.0835 55
0.0836 52
0.0837 46
0.0838 52
0.0839 54
0.084 53
0.0841 59
0.0842 57
0.0843 56
0.0844 54
0.0845 51
0.0846 50
0.0847 57
0.0848 60
0.0849 52
0.085 60
0.0851 54
0.0852 59
0.0853 66
0.0854 61
0.0855 53
0.0856 52
0.0857 57
0.0858 60
0.0859 59
0.086 55
0.0861 50
0.0862 44
0.0863 60
0.0864 62
0.0865 52
0.0866 57
0.0867 61
0.0868 50
0.0869 46
0.087 42
0.0871 50
0.0872 49
0.0873 47
0.0874 53
0.0875 51
0.0876 46
0.0877 46
0.0878 45
0.0879 43
0.088 53
0.0881 55
0.0882 53
0.0883 50
0.0884 54
0.0885 54
0.0886 61
0.0887 58
0.0888 58
0.0889 52
0.089 54
0.0891 53
0.0892 50
0.0893 50
0.0894 50
0.0895 48
0.0896 47
0.0897 54
0.0898 52
0.0899 62
0.09 52
0.0901 37
0.0902 40
0.0903 47
0.0904 43
0.0905 45
0.0906 49
0.0907 45
0.0908 44
0.0909 47
0.091 49
0.0911 51
0.0912 43
0.0913 38
0.0914 32
0.0915 38
0.0916 43
0.0917 45
0.0918 38
0.0919 48
0.092 44
0.0921 41
0.0922 42
0.0923 44
0.0924 44
0.0925 30
0.0926 34
0.0927 44
0.0928 41
0.0929 40
0.093 41
0.0931 45
0.0932 41
0.0933 44
0.0934 51
0.0935 49
0.0936 49
0.0937 47
0.0938 52
0.0939 48
0.094 56
0.0941 57
0.0942 55
0.0943 48
0.0944 48
0.0945 54
0.0946 53
0.0947 58
0.0948 51
0.0949 50
0.095 40
0.0951 45
0.0952 46
0.0953 42
0.0954 48
0.0955 49
0.0956 47
0.0957 37
0.0958 41
0.0959 44
0.096 50
0.0961 48
0.0962 54
0.0963 53
0.0964 44
0.0965 42
0.0966 37
0.0967 41
0.0968 39
0.0969 39
0.097 47
0.0971 49
0.0972 44
0.0973 50
0.0974 51
0.0975 51
0.0976 51
0.0977 42
0.0978 43
0.0979 40
0.098 43
0.0981 45
0.0982 40
0.0983 46
0.0984 49
0.0985 43
0.0986 39
0.0987 40
0.0988 46
0.0989 47
0.099 49
0.0991 42
0.0992 42
0.0993 46
0.0994 47
0.0995 51
0.0996 50
0.0997 50
0.0998 46
0.0999 56
0.1 54
