0 0
0.0001 191
0.0002 278
0.0003 304
0.0004 334
0.0005 321
0.0006 320
0.0007 322
0.0008 293
0.0009 300
0.001 294
0.0011 286
0.0012 292
0.0013 278
0.0014 273
0.0015 265
0.0016 269
0.0017 277
0.0018 300
0.0019 290
0.002 277
0.0021 279
0.0022 267
0.0023 254
0.0024 237
0.0025 238
0.0026 249
0.0027 240
0.0028 265
0.0029 252
0.003 272
0.0031 274
0.0032 271
0.0033 274
0.0034 280
0.0035 275
0.0036 268
0.0037 275
0.0038 260
0.0039 254
0.004 255
0.0041 256
0.0042 259
0.0043 266
0.0044 257
0.0045 245
0.0046 253
0.0047 258
0.0048 255
0.0049 254
0.005 243
0.0051 230
0.0052 237
0.0053 234
0.0054 219
0.0055 226
0.0056 250
0.0057 241
0.0058 223
0.0059 216
0.006 221
0.0061 220
0.0062 209
0.0063 211
0.0064 202
0.0065 220
0.0066 219
0.0067 213
0.0068 209
0.0069 225
0.007 247
0.0071 235
0.0072 232
0.0073 221
0.0074 223
0.0075 229
0.0076 224
0.0077 210
0.0078 225
0.0079 218
0.008 238
0.0081 219
0.0082 215
0.0083 222
0.0084 211
0.0085 214
0.0086 220
0.0087 219
0.0088 211
0.0089 207
0.009 202
0.0091 209
0.0092 214
0.0093 216
0.0094 199
0.0095 215
0.0096 206
0.0097 206
0.0098 204
0.0099 193
0.01 191
0.0101 179
0.0102 186
0.0103 181
0.0104 181
0.0105 197
0.0106 173
0.0107 170
0.0108 179
0.0109 173
0.011 181
0.0111 188
0.0112 190
0.0113 189
0.0114 175
0.0115 181
0.0116 175
0.0117 174
0.0118 170
0.0119 182
0.012 175
0.0121 173
0.0122 156
0.0123 175
0.0124 172
0.0125 175
0.0126 182
0.0127 191
0.0128 195
0.0129 205
0.013 190
0.0131 173
0.0132 175
0.0133 178
0.0134 174
0.0135 168
0.0136 165
0.0137 179
0.0138 183
0.0139 182
0.014 166
0.0141 168
0.0142 172
0.0143 155
0.0144 167
0.0145 175
0.0146 179
0.0147 174
0.0148 154
0.0149 148
0.015 147
0.0151 147
0.0152 145
0.0153 145
0.0154 152
0.0155 167
0.0156 154
0.0157 162
0.0158 167
0.0159 173
0.016 161
0.0161 160
0.0162 169
0.0163 167
0.0164 179
0.0165 176
0.0166 168
0.0167 168
0.0168 166
0.0169 164
0.017 163
0.0171 158
0.0172 141
0.0173 164
0.0174 156
0.0175 155
0.0176 140
0.0177 137
0.0178 128
0.0179 133
0.018 139
0.0181 139
0.0182 151
0.0183 150
0.0184 144
0.0185 145
0.0186 149
0.0187 143
0.0188 138
0.0189 147
0.019 136
0.0191 147
0.0192 148
0.0193 137
0.0194 136
0.0195 136
0.0196 148
0.0197 146
0.0198 142
0.0199 145
0.02 162
0.0201 162
0.0202 149
0.0203 139
0.0204 142
0.0205 142
0.0206 143
0.0207 140
0.0208 138
0.0209 125
0.021 129
0.0211 135
0.0212 147
0.0213 142
0.0214 134
0.0215 129
0.0216 127
0.0217 129
0.0218 128
0.0219 121
0.022 108
0.0221 121
0.0222 114
0.0223 118
0.0224 123
0.0225 131
0.0226 135
0.0227 132
0.0228 125
0.0229 123
0.023 127
0.0231 122
0.0232 138
0.0233 132
0.0234 135
0.0235 138
0.0236 133
0.0237 120
0.0238 124
0.0239 116
0.024 123
0.0241 134
0.0242 121
0.0243 119
0.0244 121
0.0245 116
0.0246 125
0.0247 134
0.0248 126
0.0249 120
0.025 121
0.0251 116
0.0252 124
0.0253 122
0.0254 112
0.0255 111
0.0256 117
0.0257 116
0.0258 111
0.0259 107
0.026 119
0.0261 115
0.0262 120
0.0263 120
0.0264 123
0.0265 124
0.0266 125
0.0267 118
0.0268 120
0.0269 111
0.027 113
0.0271 121
0.0272 115
0.0273 121
0.0274 125
0.0275 122
0.0276 120
0.0277 119
0.0278 117
0.0279 107
0.028 124
0.0281 117
0.0282 120
0.0283 117
0.0284 116
0.0285 119
0.0286 121
0.0287 118
0.0288 136
0.0289 123
0.029 115
0.0291 110
0.0292 110
0.0293 108
0.0294 106
0.0295 98
0.0296 96
0.0297 97
0.0298 104
0.0299 105
0.03 105
0.0301 115
0.0302 112
0.0303 111
0.0304 105
0.0305 107
0.0306 103
0.0307 107
0.0308 112
0.0309 115
0.031 110
0.0311 111
0.0312 110
0.0313 112
0.0314 113
0.0315 106
0.0316 109
0.0317 108
0.0318 102
0.0319 107
0.032 107
0.0321 110
0.0322 101
0.0323 97
0.0324 95
0.0325 96
0.0326 94
0.0327 106
0.0328 100
0.0329 114
0.033 112
0.0331 111
0.0332 97
0.0333 90
0.0334 91
0.0335 84
0.0336 91
0.0337 96
0.0338 88
0.0339 82
0.034 84
0.0341 92
0.0342 81
0.0343 80
0.0344 86
0.0345 92
0.0346 91
0.0347 93
0.0348 83
0.0349 78
0.035 78
0.0351 72
0.0352 80
0.0353 76
0.0354 86
0.0355 86
0.0356 96
0.0357 102
0.0358 104
0.0359 101
0.036 108
0.0361 102
0.0362 101
0.0363 89
0.0364 86
0.0365 90
0.0366 80
0.0367 71
0.0368 84
0.0369 77
0.037 75
0.0371 79
0.0372 87
0.0373 88
0.0374 83
0.0375 79
0.0376 84
0.0377 84
0.0378 86
0.0379 85
0.038 86
0.0381 85
0.0382 90
0.0383 88
0.0384 83
0.0385 82
0.0386 93
0.0387 95
0.0388 96
0.0389 84
0.039 79
0.0391 76
0.0392 74
0.0393 78
0.0394 76
0.0395 82
0.0396 86
0.0397 77
0.0398 69
0.0399 68
0.04 63
0.0401 73
0.0402 69
0.0403 70
0.0404 75
0.0405 71
0.0406 70
0.0407 72
0.0408 70
0.0409 71
0.041 77
0.0411 66
0.0412 68
0.0413 77
0.0414 75
0.0415 83
0.0416 76
0.0417 70
0.0418 72
0.0419 74
0.042 75
0.0421 75
0.0422 71
0.0423 66
0.0424 70
0.0425 64
0.0426 75
0.0427 76
0.0428 86
0.0429 81
0.043 80
0.0431 66
0.0432 66
0.0433 65
0.0434 68
0.0435 74
0.0436 74
0.0437 76
0.0438 79
0.0439 75
0.044 75
0.0441 71
0.0442 71
0.0443 70
0.0444 66
0.0445 69
0.0446 64
0.0447 72
0.0448 64
0.0449 67
0.045 72
0.0451 69
0.0452 69
0.0453 63
0.0454 67
0.0455 72
0.0456 67
0.0457 70
0.0458 61
0.0459 57
0.046 64
0.0461 68
0.0462 67
0.0463 71
0.0464 79
0.0465 74
0.0466 70
0.0467 68
0.0468 75
0.0469 61
0.047 57
0.0471 65
0.0472 67
0.0473 71
0.0474 69
0.0475 69
0.0476 69
0.0477 70
0.0478 69
0.0479 75
0.048 73
0.0481 65
0.0482 69
0.0483 70
0.0484 67
0.0485 60
0.0486 61
0.0487 73
0.0488 68
0.0489 64
0.049 70
0.0491 64
0.0492 76
0.0493 73
0.0494 69
0.0495 67
0.0496 63
0.0497 62
0.0498 72
0.0499 63
0.05 70
0.0501 69
0.0502 57
0.0503 57
0.0504 56
0.0505 61
0.0506 64
0.0507 59
0.0508 71
0.0509 75
0.051 68
0.0511 71
0.0512 71
0.0513 73
0.0514 69
0.0515 64
0.0516 54
0.0517 66
0.0518 61
0.0519 67
0.052 67
0.0521 69
0.0522 66
0.0523 66
0.0524 59
0.0525 59
0.0526 54
0.0527 61
0.0528 57
0.0529 64
0.053 57
0.0531 63
0.0532 65
0.0533 61
0.0534 61
0.0535 57
0.0536 51
0.0537 52
0.0538 62
0.0539 62
0.054 66
0.0541 57
0.0542 57
0.0543 66
0.0544 58
0.0545 55
0.0546 57
0.0547 56
0.0548 47
0.0549 54
0.055 49
0.0551 46
0.0552 56
0.0553 58
0.0554 55
0.0555 51
0.0556 54
0.0557 55
0.0558 56
0.0559 61
0.056 69
0.0561 73
0.0562 73
0.0563 67
0.0564 71
0.0565 72
0.0566 74
0.0567 67
0.0568 67
0.0569 70
0.057 65
0.0571 64
0.0572 61
0.0573 58
0.0574 64
0.0575 68
0.0576 71
0.0577 69
0.0578 72
0.0579 72
0.058 68
0.0581 64
0.0582 65
0.0583 57
0.0584 56
0.0585 54
0.0586 59
0.0587 59
0.0588 65
0.0589 63
0.059 64
0.0591 62
0.0592 66
0.0593 62
0.0594 62
0.0595 65
0.0596 54
0.0597 62
0.0598 72
0.0599 68
0.06 63
0.0601 65
0.0602 67
0.0603 64
0.0604 65
0.0605 62
0.0606 56
0.0607 61
0.0608 57
0.0609 57
0.061 60
0.0611 63
0.0612 67
0.0613 69
0.0614 72
0.0615 68
0.0616 77
0.0617 66
0.0618 66
0.0619 60
0.062 68
0.0621 70
0.0622 55
0.0623 51
0.0624 51
0.0625 50
0.0626 47
0.0627 48
0.0628 55
0.0629 56
0.063 54
0.0631 49
0.0632 52
0.0633 59
0.0634 53
0.0635 57
0.0636 48
0.0637 51
0.0638 47
0.0639 47
0.064 45
0.0641 62
0.0642 59
0.0643 54
0.0644 57
0.0645 54
0.0646 55
0.0647 51
0.0648 46
0.0649 50
0.065 54
0.0651 59
0.0652 52
0.0653 54
0.0654 49
0.0655 54
0.0656 50
0.0657 45
0.0658 46
0.0659 47
0.066 46
0.0661 51
0.0662 56
0.0663 62
0.0664 52
0.0665 55
0.0666 52
0.0667 56
0.0668 56
0.0669 53
0.067 53
0.0671 46
0.0672 51
0.0673 54
0.0674 51
0.0675 46
0.0676 51
0.0677 44
0.0678 44
0.0679 49
0.068 53
0.0681 50
0.0682 45
0.0683 50
0.0684 52
0.0685 56
0.0686 59
0.0687 54
0.0688 52
0.0689 55
0.069 47
0.0691 50
0.0692 45
0.0693 47
0.0694 57
0.0695 53
0.0696 51
0.0697 51
0.0698 46
0.0699 47
0.07 50
0.0701 49
0.0702 55
0.0703 57
0.0704 56
0.0705 52
0.0706 51
0.0707 51
0.0708 52
0.0709 49
0.071 57
0.0711 58
0.0712 58
0.0713 57
0.0714 53
0.0715 53
0.0716 61
0.0717 56
0.0718 59
0.0719 50
0.072 43
0.0721 51
0.0722 51
0.0723 53
0.0724 51
0.0725 51
0.0726 51
0.0727 54
0.0728 54
0.0729 50
0.073 49
0.0731 48
0.0732 47
0.0733 53
0.0734 54
0.0735 58
0.0736 57
0.0737 62
0.0738 59
0.0739 58
0.074 51
0.0741 49
0.0742 50
0.0743 47
0.0744 52
0.0745 50
0.0746 51
0.0747 43
0.0748 44
0.0749 48
0.075 49
0.0751 50
0.0752 48
0.0753 52
0.0754 51
0.0755 37
0.0756 42
0.0757 39
0.0758 38
0.0759 43
0.076 48
0.0761 50
0.0762 44
0.0763 40
0.0764 41
0.0765 46
0.0766 40
0.0767 46
0.0768 48
0.0769 48
0.077 46
0.0771 50
0.0772 53
0.0773 51
0.0774 48
0.0775 56
0.0776 53
0.0777 47
0.0778 48
0.0779 44
0.078 49
0.0781 45
0.0782 45
0.0783 46
0.0784 41
0.0785 39
0.0786 46
0.0787 42
0.0788 44
0.0789 50
0.079 51
0.0791 51
0.0792 48
0.0793 48
0.0794 43
0.0795 41
0.0796 56
0.0797 50
0.0798 48
0.0799 50
0.08 49
0.0801 51
0.0802 49
0.0803 48
0.0804 50
0.0805 50
0.0806 51
0.0807 50
0.0808 52
0.0809 56
0.081 54
0.0811 56
0.0812 55
0.0813 55
0.0814 47
0.0815 49
0.0816 57
0.0817 52
0.0818 56
0.0819 48
0.082 50
0.0821 59
0.0822 59
0.0823 58
0.0824 54
0.0825 55
0.0826 54
0.0827 59
0.0828 58
0.0829 49
0.083 55
0.0831 59
0.0832 56
0.0833 52
0.0834 53
0.0835 53
0.0836 59
0.0837 62
0.0838 57
0.0839 50
0.084 44
0.0841 39
0.0842 46
0.0843 45
0.0844 47
0.0845 56
0.0846 56
0.0847 48
0.0848 44
0.0849 48
0.085 42
0.0851 47
0.0852 43
0.0853 41
0.0854 48
0.0855 54
0.0856 46
0.0857 39
0.0858 39
0.0859 36
0.086 42
0.0861 50
0.0862 57
0.0863 46
0.0864 45
0.0865 50
0.0866 45
0.0867 42
0.0868 51
0.0869 58
0.087 61
0.0871 53
0.0872 54
0.0873 58
0.0874 49
0.0875 47
0.0876 50
0.0877 48
0.0878 48
0.0879 49
0.088 40
0.0881 42
0.0882 45
0.0883 46
0.0884 42
0.0885 42
0.0886 35
0.0887 39
0.0888 36
0.0889 42
0.089 41
0.0891 41
0.0892 47
0.0893 46
0.0894 43
0.0895 45
0.0896 45
0.0897 36
0.0898 43
0.0899 36
0.09 46
0.0901 52
0.0902 49
0.0903 49
0.0904 50
0.0905 45
0.0906 45
0.0907 47
0.0908 46
0.0909 41
0.091 39
0.0911 34
0.0912 42
0.0913 44
0.0914 49
0.0915 45
0.0916 41
0.0917 41
0.0918 44
0.0919 36
0.092 41
0.0921 39
0.0922 39
0.0923 39
0.0924 37
0.0925 49
0.0926 46
0.0927 36
0.0928 37
0.0929 37
0.093 36
0.0931 31
0.0932 36
0.0933 35
0.0934 31
0.0935 35
0.0936 35
0.0937 39
0.0938 38
0.0939 40
0.094 34
0.0941 31
0.0942 34
0.0943 41
0.0944 39
0.0945 36
0.0946 36
0.0947 34
0.0948 42
0.0949 41
0.095 48
0.0951 46
0.0952 46
0.0953 47
0.0954 41
0.0955 41
0.0956 44
0.0957 52
0.0958 48
0.0959 42
0.096 36
0.0961 40
0.0962 35
0.0963 33
0.0964 38
0.0965 42
0.0966 44
0.0967 43
0.0968 40
0.0969 41
0.097 39
0.0971 36
0.0972 40
0.0973 38
0.0974 44
0.0975 45
0.0976 43
0.0977 48
0.0978 46
0.0979 46
0.098 42
0.0981 38
0.0982 42
0.0983 40
0.0984 36
0.0985 41
0.0986 45
0.0987 42
0.0988 39
0.0989 43
0.099 40
0.0991 46
0.0992 50
0.0993 47
0.0994 43
0.0995 42
0.0996 45
0.0997 45
0.0998 46
0.0999 38
0.1 37
