0 7284
0.0001 7284
0.0002 7284
0.0003 7284
0.0004 7284
0.0005 7284
0.0006 7284
0.0007 7284
0.0008 7283
0.0009 7283
0.001 7283
0.0011 7283
0.0012 7283
0.0013 7283
0.0014 7283
0.0015 7283
0.0016 7281
0.0017 7281
0.0018 7281
0.0019 7281
0.002 7280
0.0021 7280
0.0022 7280
0.0023 7280
0.0024 7279
0.0025 7278
0.0026 7276
0.0027 7275
0.0028 7275
0.0029 7274
0.003 7274
0.0031 7274
0.0032 7274
0.0033 7274
0.0034 7274
0.0035 7274
0.0036 7274
0.0037 7273
0.0038 7273
0.0039 7272
0.004 7272
0.0041 7270
0.0042 7269
0.0043 7269
0.0044 7269
0.0045 7269
0.0046 7268
0.0047 7268
0.0048 7268
0.0049 7268
0.005 7268
0.0051 7268
0.0052 7268
0.0053 7268
0.0054 7268
0.0055 7267
0.0056 7266
0.0057 7265
0.0058 7264
0.0059 7264
0.006 7264
0.0061 7264
0.0062 7264
0.0063 7262
0.0064 7262
0.0065 7261
0.0066 7261
0.0067 7261
0.0068 7261
0.0069 7260
0.007 7260
0.0071 7259
0.0072 7257
0.0073 7257
0.0074 7256
0.0075 7253
0.0076 7253
0.0077 7252
0.0078 7251
0.0079 7250
0.008 7250
0.0081 7250
0.0082 7250
0.0083 7249
0.0084 7249
0.0085 7248
0.0086 7248
0.0087 7248
0.0088 7247
0.0089 7247
0.009 7247
0.0091 7246
0.0092 7246
0.0093 7245
0.0094 7244
0.0095 7243
0.0096 7242
0.0097 7241
0.0098 7241
0.0099 7241
0.01 7240
0.0101 7240
0.0102 7240
0.0103 7239
0.0104 7239
0.0105 7239
0.0106 7239
0.0107 7238
0.0108 7238
0.0109 7238
0.011 7238
0.0111 7236
0.0112 7234
0.0113 7234
0.0114 7232
0.0115 7232
0.0116 7232
0.0117 7229
0.0118 7229
0.0119 7229
0.012 7228
0.0121 7228
0.0122 7227
0.0123 7227
0.0124 7226
0.0125 7226
0.0126 7225
0.0127 7225
0.0128 7223
0.0129 7223
0.013 7223
0.0131 7223
0.0132 7220
0.0133 7220
0.0134 7217
0.0135 7214
0.0136 7214
0.0137 7214
0.0138 7214
0.0139 7212
0.014 7212
0.0141 7212
0.0142 7212
0.0143 7212
0.0144 7212
0.0145 7212
0.0146 7212
0.0147 7212
0.0148 7211
0.0149 7211
0.015 7209
0.0151 7208
0.0152 7207
0.0153 7206
0.0154 7206
0.0155 7205
0.0156 7205
0.0157 7205
0.0158 7205
0.0159 7205
0.016 7205
0.0161 7204
0.0162 7202
0.0163 7202
0.0164 7201
0.0165 7201
0.0166 7200
0.0167 7200
0.0168 7200
0.0169 7199
0.017 7199
0.0171 7199
0.0172 7199
0.0173 7199
0.0174 7199
0.0175 7199
0.0176 7199
0.0177 7199
0.0178 7196
0.0179 7196
0.018 7196
0.0181 7196
0.0182 7196
0.0183 7196
0.0184 7196
0.0185 7196
0.0186 7196
0.0187 7196
0.0188 7196
0.0189 7196
0.019 7195
0.0191 7195
0.0192 7194
0.0193 7193
0.0194 7193
0.0195 7192
0.0196 7190
0.0197 7190
0.0198 7190
0.0199 7188
0.02 7188
0.0201 7187
0.0202 7186
0.0203 7184
0.0204 7183
0.0205 7184
0.0206 7183
0.0207 7183
0.0208 7183
0.0209 7183
0.021 7181
0.0211 7182
0.0212 7182
0.0213 7181
0.0214 7180
0.0215 7180
0.0216 7180
0.0217 7180
0.0218 7180
0.0219 7179
0.022 7179
0.0221 7179
0.0222 7178
0.0223 7177
0.0224 7177
0.0225 7176
0.0226 7176
0.0227 7175
0.0228 7175
0.0229 7175
0.023 7174
0.0231 7174
0.0232 7174
0.0233 7175
0.0234 7174
0.0235 7174
0.0236 7173
0.0237 7173
0.0238 7173
0.0239 7172
0.024 7171
0.0241 7171
0.0242 7171
0.0243 7170
0.0244 7170
0.0245 7171
0.0246 7171
0.0247 7169
0.0248 7169
0.0249 7169
0.025 7169
0.0251 7168
0.0252 7168
0.0253 7168
0.0254 7167
0.0255 7167
0.0256 7166
0.0257 7165
0.0258 7165
0.0259 7164
0.026 7163
0.0261 7162
0.0262 7160
0.0263 7159
0.0264 7157
0.0265 7157
0.0266 7156
0.0267 7154
0.0268 7153
0.0269 7153
0.027 7152
0.0271 7150
0.0272 7148
0.0273 7147
0.0274 7146
0.0275 7146
0.0276 7145
0.0277 7145
0.0278 7141
0.0279 7140
0.028 7140
0.0281 7140
0.0282 7139
0.0283 7139
0.0284 7138
0.0285 7138
0.0286 7135
0.0287 7135
0.0288 7135
0.0289 7133
0.029 7134
0.0291 7134
0.0292 7134
0.0293 7134
0.0294 7132
0.0295 7131
0.0296 7131
0.0297 7131
0.0298 7132
0.0299 7131
0.03 7132
0.0301 7131
0.0302 7131
0.0303 7129
0.0304 7128
0.0305 7128
0.0306 7128
0.0307 7127
0.0308 7127
0.0309 7127
0.031 7124
0.0311 7124
0.0312 7123
0.0313 7122
0.0314 7122
0.0315 7122
0.0316 7121
0.0317 7121
0.0318 7121
0.0319 7122
0.032 7122
0.0321 7121
0.0322 7121
0.0323 7121
0.0324 7122
0.0325 7121
0.0326 7121
0.0327 7121
0.0328 7121
0.0329 7119
0.033 7119
0.0331 7119
0.0332 7119
0.0333 7119
0.0334 7119
0.0335 7119
0.0336 7119
0.0337 7118
0.0338 7118
0.0339 7117
0.034 7116
0.0341 7115
0.0342 7114
0.0343 7112
0.0344 7110
0.0345 7110
0.0346 7110
0.0347 7111
0.0348 7111
0.0349 7111
0.035 7109
0.0351 7109
0.0352 7109
0.0353 7109
0.0354 7109
0.0355 7109
0.0356 7109
0.0357 7109
0.0358 7105
0.0359 7105
0.036 7104
0.0361 7104
0.0362 7104
0.0363 7104
0.0364 7104
0.0365 7104
0.0366 7104
0.0367 7104
0.0368 7104
0.0369 7103
0.037 7103
0.0371 7103
0.0372 7101
0.0373 7101
0.0374 7101
0.0375 7102
0.0376 7101
0.0377 7101
0.0378 7101
0.0379 7099
0.038 7098
0.0381 7097
0.0382 7097
0.0383 7096
0.0384 7096
0.0385 7095
0.0386 7093
0.0387 7093
0.0388 7093
0.0389 7091
0.039 7090
0.0391 7090
0.0392 7091
0.0393 7091
0.0394 7091
0.0395 7090
0.0396 7089
0.0397 7089
0.0398 7089
0.0399 7088
0.04 7088
0.0401 7088
0.0402 7088
0.0403 7088
0.0404 7088
0.0405 7088
0.0406 7088
0.0407 7088
0.0408 7088
0.0409 7087
0.041 7086
0.0411 7087
0.0412 7086
0.0413 7086
0.0414 7086
0.0415 7086
0.0416 7086
0.0417 7086
0.0418 7087
0.0419 7084
0.042 7083
0.0421 7083
0.0422 7083
0.0423 7083
0.0424 7082
0.0425 7083
0.0426 7082
0.0427 7080
0.0428 7080
0.0429 7080
0.043 7079
0.0431 7078
0.0432 7078
0.0433 7076
0.0434 7074
0.0435 7074
0.0436 7074
0.0437 7075
0.0438 7075
0.0439 7075
0.044 7075
0.0441 7074
0.0442 7074
0.0443 7074
0.0444 7073
0.0445 7072
0.0446 7072
0.0447 7072
0.0448 7072
0.0449 7072
0.045 7071
0.0451 7071
0.0452 7071
0.0453 7070
0.0454 7070
0.0455 7071
0.0456 7071
0.0457 7070
0.0458 7070
0.0459 7070
0.046 7070
0.0461 7070
0.0462 7070
0.0463 7070
0.0464 7068
0.0465 7068
0.0466 7068
0.0467 7067
0.0468 7066
0.0469 7066
0.047 7066
0.0471 7067
0.0472 7068
0.0473 7068
0.0474 7068
0.0475 7068
0.0476 7068
0.0477 7068
0.0478 7068
0.0479 7067
0.048 7067
0.0481 7067
0.0482 7067
0.0483 7066
0.0484 7064
0.0485 7064
0.0486 7065
0.0487 7065
0.0488 7065
0.0489 7065
0.049 7065
0.0491 7065
0.0492 7065
0.0493 7064
0.0494 7064
0.0495 7064
0.0496 7064
0.0497 7064
0.0498 7064
0.0499 7063
0.05 7063
0.0501 7063
0.0502 7062
0.0503 7061
0.0504 7061
0.0505 7061
0.0506 7061
0.0507 7061
0.0508 7059
0.0509 7058
0.051 7058
0.0511 7057
0.0512 7057
0.0513 7056
0.0514 7056
0.0515 7055
0.0516 7055
0.0517 7054
0.0518 7054
0.0519 7053
0.052 7052
0.0521 7052
0.0522 7052
0.0523 7052
0.0524 7050
0.0525 7050
0.0526 7050
0.0527 7051
0.0528 7051
0.0529 7051
0.053 7051
0.0531 7051
0.0532 7051
0.0533 7051
0.0534 7050
0.0535 7050
0.0536 7050
0.0537 7049
0.0538 7050
0.0539 7049
0.054 7050
0.0541 7050
0.0542 7049
0.0543 7049
0.0544 7049
0.0545 7049
0.0546 7049
0.0547 7049
0.0548 7049
0.0549 7050
0.055 7050
0.0551 7049
0.0552 7049
0.0553 7049
0.0554 7049
0.0555 7049
0.0556 7048
0.0557 7048
0.0558 7048
0.0559 7047
0.056 7047
0.0561 7048
0.0562 7048
0.0563 7048
0.0564 7047
0.0565 7047
0.0566 7047
0.0567 7047
0.0568 7047
0.0569 7046
0.057 7046
0.0571 7046
0.0572 7046
0.0573 7045
0.0574 7046
0.0575 7046
0.0576 7046
0.0577 7046
0.0578 7045
0.0579 7045
0.058 7045
0.0581 7045
0.0582 7045
0.0583 7045
0.0584 7045
0.0585 7045
0.0586 7045
0.0587 7045
0.0588 7045
0.0589 7046
0.059 7045
0.0591 7045
0.0592 7046
0.0593 7046
0.0594 7046
0.0595 7046
0.0596 7043
0.0597 7043
0.0598 7043
0.0599 7043
0.06 7043
0.0601 7043
0.0602 7043
0.0603 7044
0.0604 7043
0.0605 7043
0.0606 7042
0.0607 7042
0.0608 7042
0.0609 7040
0.061 7040
0.0611 7038
0.0612 7038
0.0613 7037
0.0614 7036
0.0615 7036
0.0616 7035
0.0617 7035
0.0618 7035
0.0619 7035
0.062 7035
0.0621 7034
0.0622 7034
0.0623 7034
0.0624 7034
0.0625 7034
0.0626 7034
0.0627 7034
0.0628 7034
0.0629 7034
0.063 7035
0.0631 7035
0.0632 7035
0.0633 7035
0.0634 7035
0.0635 7035
0.0636 7035
0.0637 7035
0.0638 7035
0.0639 7035
0.064 7034
0.0641 7034
0.0642 7033
0.0643 7033
0.0644 7033
0.0645 7033
0.0646 7033
0.0647 7033
0.0648 7034
0.0649 7034
0.065 7034
0.0651 7034
0.0652 7034
0.0653 7034
0.0654 7034
0.0655 7033
0.0656 7033
0.0657 7034
0.0658 7035
0.0659 7035
0.066 7035
0.0661 7035
0.0662 7035
0.0663 7035
0.0664 7035
0.0665 7035
0.0666 7035
0.0667 7034
0.0668 7033
0.0669 7035
0.067 7036
0.0671 7036
0.0672 7035
0.0673 7034
0.0674 7034
0.0675 7032
0.0676 7032
0.0677 7032
0.0678 7032
0.0679 7031
0.068 7030
0.0681 7030
0.0682 7030
0.0683 7030
0.0684 7030
0.0685 7030
0.0686 7029
0.0687 7028
0.0688 7027
0.0689 7028
0.069 7028
0.0691 7028
0.0692 7028
0.0693 7029
0.0694 7029
0.0695 7029
0.0696 7028
0.0697 7028
0.0698 7028
0.0699 7028
0.07 7028
0.0701 7028
0.0702 7028
0.0703 7027
0.0704 7026
0.0705 7025
0.0706 7025
0.0707 7025
0.0708 7025
0.0709 7025
0.071 7023
0.0711 7023
0.0712 7023
0.0713 7023
0.0714 7023
0.0715 7022
0.0716 7022
0.0717 7020
0.0718 7020
0.0719 7021
0.072 7020
0.0721 7019
0.0722 7019
0.0723 7019
0.0724 7018
0.0725 7017
0.0726 7017
0.0727 7017
0.0728 7017
0.0729 7016
0.073 7017
0.0731 7016
0.0732 7016
0.0733 7014
0.0734 7013
0.0735 7013
0.0736 7013
0.0737 7013
0.0738 7012
0.0739 7012
0.074 7012
0.0741 7011
0.0742 7011
0.0743 7012
0.0744 7010
0.0745 7010
0.0746 7010
0.0747 7010
0.0748 7010
0.0749 7010
0.075 7010
0.0751 7010
0.0752 7010
0.0753 7010
0.0754 7010
0.0755 7010
0.0756 7009
0.0757 7009
0.0758 7008
0.0759 7009
0.076 7010
0.0761 7010
0.0762 7010
0.0763 7009
0.0764 7009
0.0765 7009
0.0766 7008
0.0767 7008
0.0768 7008
0.0769 7009
0.077 7009
0.0771 7009
0.0772 7009
0.0773 7009
0.0774 7010
0.0775 7010
0.0776 7009
0.0777 7009
0.0778 7009
0.0779 7009
0.078 7009
0.0781 7009
0.0782 7010
0.0783 7011
0.0784 7010
0.0785 7010
0.0786 7009
0.0787 7010
0.0788 7010
0.0789 7009
0.079 7009
0.0791 7009
0.0792 7008
0.0793 7007
0.0794 7007
0.0795 7007
0.0796 7007
0.0797 7007
0.0798 7007
0.0799 7007
0.08 7007
0.0801 7007
0.0802 7007
0.0803 7007
0.0804 7008
0.0805 7008
0.0806 7008
0.0807 7008
0.0808 7008
0.0809 7007
0.081 7007
0.0811 7007
0.0812 7008
0.0813 7008
0.0814 7006
0.0815 7004
0.0816 7005
0.0817 7005
0.0818 7005
0.0819 7005
0.082 7006
0.0821 7006
0.0822 7006
0.0823 7005
0.0824 7005
0.0825 7005
0.0826 7004
0.0827 7004
0.0828 7004
0.0829 7003
0.083 7003
0.0831 7003
0.0832 7003
0.0833 7004
0.0834 7004
0.0835 7004
0.0836 7003
0.0837 7003
0.0838 7003
0.0839 7004
0.084 7004
0.0841 7003
0.0842 7002
0.0843 7002
0.0844 7002
0.0845 7002
0.0846 7003
0.0847 7003
0.0848 7003
0.0849 7002
0.085 7001
0.0851 7000
0.0852 7000
0.0853 6999
0.0854 7000
0.0855 7000
0.0856 7000
0.0857 7000
0.0858 7000
0.0859 7000
0.086 6999
0.0861 6999
0.0862 6999
0.0863 6998
0.0864 6998
0.0865 6998
0.0866 6997
0.0867 6998
0.0868 6998
0.0869 6997
0.087 6998
0.0871 6998
0.0872 6998
0.0873 6997
0.0874 6997
0.0875 6997
0.0876 6997
0.0877 6997
0.0878 6997
0.0879 6996
0.088 6996
0.0881 6996
0.0882 6996
0.0883 6995
0.0884 6995
0.0885 6994
0.0886 6993
0.0887 6994
0.0888 6994
0.0889 6994
0.089 6993
0.0891 6993
0.0892 6993
0.0893 6992
0.0894 6992
0.0895 6992
0.0896 6992
0.0897 6991
0.0898 6991
0.0899 6991
0.09 6991
0.0901 6991
0.0902 6992
0.0903 6992
0.0904 6992
0.0905 6992
0.0906 6992
0.0907 6992
0.0908 6992
0.0909 6991
0.091 6991
0.0911 6989
0.0912 6989
0.0913 6989
0.0914 6990
0.0915 6990
0.0916 6990
0.0917 6990
0.0918 6990
0.0919 6990
0.092 6990
0.0921 6989
0.0922 6988
0.0923 6988
0.0924 6989
0.0925 6988
0.0926 6988
0.0927 6988
0.0928 6988
0.0929 6988
0.093 6988
0.0931 6988
0.0932 6988
0.0933 6988
0.0934 6987
0.0935 6987
0.0936 6987
0.0937 6987
0.0938 6988
0.0939 6986
0.094 6986
0.0941 6986
0.0942 6986
0.0943 6986
0.0944 6985
0.0945 6985
0.0946 6985
0.0947 6985
0.0948 6983
0.0949 6984
0.095 6985
0.0951 6985
0.0952 6985
0.0953 6985
0.0954 6985
0.0955 6985
0.0956 6984
0.0957 6985
0.0958 6985
0.0959 6985
0.096 6985
0.0961 6986
0.0962 6986
0.0963 6986
0.0964 6985
0.0965 6984
0.0966 6984
0.0967 6984
0.0968 6984
0.0969 6983
0.097 6983
0.0971 6983
0.0972 6983
0.0973 6984
0.0974 6985
0.0975 6984
0.0976 6984
0.0977 6985
0.0978 6985
0.0979 6985
0.098 6984
0.0981 6984
0.0982 6983
0.0983 6983
0.0984 6983
0.0985 6982
0.0986 6982
0.0987 6982
0.0988 6982
0.0989 6982
0.099 6982
0.0991 6982
0.0992 6982
0.0993 6982
0.0994 6981
0.0995 6981
0.0996 6981
0.0997 6981
0.0998 6981
0.0999 6981
0.1 6981
