0 0
0.0001 0
0.0002 0
0.0003 0
0.0004 0
0.0005 0
0.0006 0
0.0007 0
0.0008 0
0.0009 0
0.001 0
0.0011 0
0.0012 0
0.0013 0
0.0014 0
0.0015 0
0.0016 0
0.0017 1
0.0018 1
0.0019 1
0.002 1
0.0021 1
0.0022 3
0.0023 3
0.0024 3
0.0025 3
0.0026 3
0.0027 2
0.0028 2
0.0029 2
0.003 2
0.0031 2
0.0032 2
0.0033 2
0.0034 3
0.0035 4
0.0036 4
0.0037 3
0.0038 3
0.0039 4
0.004 5
0.0041 5
0.0042 5
0.0043 5
0.0044 6
0.0045 7
0.0046 7
0.0047 7
0.0048 7
0.0049 7
0.005 7
0.0051 9
0.0052 9
0.0053 8
0.0054 9
0.0055 8
0.0056 9
0.0057 9
0.0058 10
0.0059 11
0.006 11
0.0061 12
0.0062 12
0.0063 12
0.0064 12
0.0065 12
0.0066 13
0.0067 13
0.0068 13
0.0069 12
0.007 11
0.0071 12
0.0072 10
0.0073 11
0.0074 11
0.0075 12
0.0076 12
0.0077 13
0.0078 12
0.0079 12
0.008 10
0.0081 11
0.0082 10
0.0083 12
0.0084 11
0.0085 11
0.0086 11
0.0087 11
0.0088 12
0.0089 12
0.009 13
0.0091 13
0.0092 14
0.0093 16
0.0094 17
0.0095 17
0.0096 18
0.0097 19
0.0098 21
0.0099 20
0.01 21
0.0101 22
0.0102 22
0.0103 22
0.0104 23
0.0105 23
0.0106 24
0.0107 25
0.0108 25
0.0109 26
0.011 27
0.0111 25
0.0112 25
0.0113 25
0.0114 25
0.0115 24
0.0116 23
0.0117 25
0.0118 25
0.0119 24
0.012 25
0.0121 25
0.0122 27
0.0123 28
0.0124 27
0.0125 28
0.0126 28
0.0127 28
0.0128 28
0.0129 26
0.013 27
0.0131 29
0.0132 29
0.0133 28
0.0134 27
0.0135 27
0.0136 26
0.0137 25
0.0138 24
0.0139 24
0.014 24
0.0141 22
0.0142 24
0.0143 24
0.0144 25
0.0145 25
0.0146 26
0.0147 25
0.0148 23
0.0149 25
0.015 26
0.0151 27
0.0152 28
0.0153 28
0.0154 27
0.0155 27
0.0156 29
0.0157 29
0.0158 29
0.0159 27
0.016 29
0.0161 29
0.0162 31
0.0163 32
0.0164 32
0.0165 31
0.0166 35
0.0167 36
0.0168 33
0.0169 33
0.017 34
0.0171 35
0.0172 33
0.0173 33
0.0174 32
0.0175 35
0.0176 33
0.0177 32
0.0178 34
0.0179 35
0.018 35
0.0181 35
0.0182 36
0.0183 32
0.0184 34
0.0185 35
0.0186 34
0.0187 34
0.0188 33
0.0189 32
0.019 32
0.0191 32
0.0192 33
0.0193 33
0.0194 32
0.0195 33
0.0196 33
0.0197 31
0.0198 31
0.0199 29
0.02 30
0.0201 30
0.0202 28
0.0203 30
0.0204 31
0.0205 32
0.0206 31
0.0207 32
0.0208 32
0.0209 33
0.021 32
0.0211 32
0.0212 33
0.0213 31
0.0214 31
0.0215 31
0.0216 30
0.0217 30
0.0218 31
0.0219 30
0.022 29
0.0221 30
0.0222 30
0.0223 32
0.0224 32
0.0225 33
0.0226 31
0.0227 31
0.0228 34
0.0229 34
0.023 35
0.0231 35
0.0232 36
0.0233 34
0.0234 33
0.0235 33
0.0236 33
0.0237 33
0.0238 31
0.0239 32
0.024 33
0.0241 33
0.0242 32
0.0243 29
0.0244 30
0.0245 31
0.0246 31
0.0247 29
0.0248 29
0.0249 29
0.025 29
0.0251 28
0.0252 30
0.0253 30
0.0254 30
0.0255 30
0.0256 30
0.0257 29
0.0258 27
0.0259 27
0.026 26
0.0261 30
0.0262 29
0.0263 30
0.0264 30
0.0265 31
0.0266 31
0.0267 31
0.0268 32
0.0269 33
0.027 33
0.0271 33
0.0272 33
0.0273 31
0.0274 31
0.0275 30
0.0276 28
0.0277 29
0.0278 31
0.0279 31
0.028 32
0.0281 31
0.0282 31
0.0283 31
0.0284 31
0.0285 31
0.0286 31
0.0287 30
0.0288 31
0.0289 31
0.029 30
0.0291 28
0.0292 28
0.0293 28
0.0294 29
0.0295 29
0.0296 28
0.0297 28
0.0298 29
0.0299 29
0.03 30
0.0301 31
0.0302 31
0.0303 31
0.0304 34
0.0305 34
0.0306 35
0.0307 34
0.0308 35
0.0309 35
0.031 35
0.0311 35
0.0312 35
0.0313 33
0.0314 33
0.0315 34
0.0316 33
0.0317 34
0.0318 32
0.0319 31
0.032 30
0.0321 30
0.0322 29
0.0323 29
0.0324 28
0.0325 30
0.0326 30
0.0327 30
0.0328 29
0.0329 29
0.033 30
0.0331 30
0.0332 32
0.0333 31
0.0334 31
0.0335 31
0.0336 32
0.0337 33
0.0338 33
0.0339 33
0.034 30
0.0341 30
0.0342 30
0.0343 30
0.0344 31
0.0345 32
0.0346 31
0.0347 30
0.0348 28
0.0349 28
0.035 28
0.0351 28
0.0352 28
0.0353 29
0.0354 30
0.0355 32
0.0356 31
0.0357 32
0.0358 32
0.0359 32
0.036 32
0.0361 31
0.0362 31
0.0363 31
0.0364 30
0.0365 29
0.0366 29
0.0367 29
0.0368 27
0.0369 27
0.037 27
0.0371 27
0.0372 28
0.0373 28
0.0374 26
0.0375 26
0.0376 26
0.0377 26
0.0378 26
0.0379 25
0.038 27
0.0381 27
0.0382 26
0.0383 26
0.0384 26
0.0385 26
0.0386 26
0.0387 25
0.0388 25
0.0389 25
0.039 25
0.0391 26
0.0392 26
0.0393 26
0.0394 26
0.0395 26
0.0396 26
0.0397 28
0.0398 28
0.0399 27
0.04 28
0.0401 27
0.0402 29
0.0403 28
0.0404 28
0.0405 29
0.0406 29
0.0407 30
0.0408 31
0.0409 30
0.041 29
0.0411 28
0.0412 28
0.0413 30
0.0414 31
0.0415 30
0.0416 31
0.0417 30
0.0418 30
0.0419 30
0.042 31
0.0421 30
0.0422 30
0.0423 29
0.0424 29
0.0425 30
0.0426 30
0.0427 30
0.0428 31
0.0429 30
0.043 31
0.0431 31
0.0432 31
0.0433 31
0.0434 32
0.0435 32
0.0436 32
0.0437 34
0.0438 33
0.0439 32
0.044 33
0.0441 33
0.0442 33
0.0443 33
0.0444 34
0.0445 33
0.0446 32
0.0447 31
0.0448 30
0.0449 30
0.045 30
0.0451 31
0.0452 32
0.0453 32
0.0454 32
0.0455 32
0.0456 33
0.0457 31
0.0458 31
0.0459 30
0.046 31
0.0461 30
0.0462 31
0.0463 31
0.0464 32
0.0465 32
0.0466 32
0.0467 33
0.0468 33
0.0469 33
0.047 33
0.0471 32
0.0472 32
0.0473 34
0.0474 35
0.0475 35
0.0476 34
0.0477 33
0.0478 33
0.0479 33
0.048 33
0.0481 33
0.0482 32
0.0483 32
0.0484 31
0.0485 31
0.0486 30
0.0487 30
0.0488 29
0.0489 29
0.049 28
0.0491 28
0.0492 28
0.0493 29
0.0494 29
0.0495 29
0.0496 29
0.0497 29
0.0498 29
0.0499 30
0.05 29
0.0501 29
0.0502 29
0.0503 29
0.0504 28
0.0505 29
0.0506 29
0.0507 28
0.0508 30
0.0509 29
0.051 30
0.0511 30
0.0512 30
0.0513 30
0.0514 30
0.0515 30
0.0516 30
0.0517 30
0.0518 30
0.0519 30
0.052 30
0.0521 29
0.0522 29
0.0523 29
0.0524 28
0.0525 27
0.0526 28
0.0527 29
0.0528 29
0.0529 30
0.053 30
0.0531 30
0.0532 30
0.0533 30
0.0534 29
0.0535 29
0.0536 29
0.0537 29
0.0538 29
0.0539 29
0.054 28
0.0541 25
0.0542 25
0.0543 26
0.0544 26
0.0545 26
0.0546 27
0.0547 27
0.0548 27
0.0549 27
0.055 27
0.0551 27
0.0552 26
0.0553 25
0.0554 25
0.0555 25
0.0556 26
0.0557 27
0.0558 27
0.0559 26
0.056 25
0.0561 24
0.0562 23
0.0563 22
0.0564 21
0.0565 20
0.0566 20
0.0567 20
0.0568 21
0.0569 24
0.057 24
0.0571 24
0.0572 24
0.0573 24
0.0574 25
0.0575 24
0.0576 24
0.0577 24
0.0578 24
0.0579 24
0.058 24
0.0581 25
0.0582 24
0.0583 23
0.0584 23
0.0585 23
0.0586 24
0.0587 23
0.0588 23
0.0589 24
0.059 23
0.0591 22
0.0592 24
0.0593 24
0.0594 23
0.0595 23
0.0596 23
0.0597 22
0.0598 20
0.0599 22
0.06 22
0.0601 21
0.0602 22
0.0603 22
0.0604 22
0.0605 22
0.0606 21
0.0607 21
0.0608 22
0.0609 23
0.061 23
0.0611 23
0.0612 23
0.0613 24
0.0614 22
0.0615 22
0.0616 22
0.0617 21
0.0618 20
0.0619 20
0.062 20
0.0621 20
0.0622 21
0.0623 21
0.0624 21
0.0625 21
0.0626 21
0.0627 19
0.0628 19
0.0629 20
0.063 20
0.0631 20
0.0632 19
0.0633 19
0.0634 19
0.0635 19
0.0636 19
0.0637 21
0.0638 21
0.0639 19
0.064 19
0.0641 20
0.0642 20
0.0643 19
0.0644 20
0.0645 20
0.0646 20
0.0647 20
0.0648 20
0.0649 20
0.065 21
0.0651 20
0.0652 20
0.0653 20
0.0654 20
0.0655 20
0.0656 20
0.0657 20
0.0658 20
0.0659 20
0.066 19
0.0661 19
0.0662 19
0.0663 19
0.0664 19
0.0665 19
0.0666 19
0.0667 19
0.0668 20
0.0669 20
0.067 20
0.0671 20
0.0672 20
0.0673 22
0.0674 22
0.0675 21
0.0676 21
0.0677 21
0.0678 22
0.0679 22
0.068 22
0.0681 22
0.0682 21
0.0683 20
0.0684 22
0.0685 22
0.0686 22
0.0687 21
0.0688 21
0.0689 22
0.069 23
0.0691 24
0.0692 23
0.0693 23
0.0694 23
0.0695 23
0.0696 22
0.0697 23
0.0698 24
0.0699 24
0.07 22
0.0701 22
0.0702 22
0.0703 23
0.0704 23
0.0705 23
0.0706 23
0.0707 22
0.0708 22
0.0709 21
0.071 21
0.0711 21
0.0712 22
0.0713 21
0.0714 21
0.0715 21
0.0716 21
0.0717 21
0.0718 21
0.0719 20
0.072 20
0.0721 19
0.0722 19
0.0723 19
0.0724 19
0.0725 19
0.0726 19
0.0727 19
0.0728 19
0.0729 19
0.073 19
0.0731 19
0.0732 20
0.0733 20
0.0734 20
0.0735 20
0.0736 20
0.0737 20
0.0738 20
0.0739 21
0.074 21
0.0741 21
0.0742 21
0.0743 21
0.0744 21
0.0745 21
0.0746 21
0.0747 21
0.0748 19
0.0749 20
0.075 21
0.0751 21
0.0752 22
0.0753 22
0.0754 22
0.0755 22
0.0756 22
0.0757 22
0.0758 22
0.0759 22
0.076 22
0.0761 22
0.0762 22
0.0763 20
0.0764 20
0.0765 20
0.0766 18
0.0767 19
0.0768 20
0.0769 19
0.077 20
0.0771 20
0.0772 19
0.0773 19
0.0774 19
0.0775 19
0.0776 19
0.0777 19
0.0778 19
0.0779 19
0.078 19
0.0781 18
0.0782 20
0.0783 20
0.0784 19
0.0785 19
0.0786 18
0.0787 18
0.0788 18
0.0789 18
0.079 17
0.0791 17
0.0792 17
0.0793 17
0.0794 17
0.0795 17
0.0796 17
0.0797 17
0.0798 16
0.0799 16
0.08 16
0.0801 17
0.0802 17
0.0803 17
0.0804 18
0.0805 17
0.0806 17
0.0807 17
0.0808 16
0.0809 16
0.081 15
0.0811 16
0.0812 15
0.0813 16
0.0814 16
0.0815 16
0.0816 15
0.0817 15
0.0818 15
0.0819 15
0.082 15
0.0821 15
0.0822 15
0.0823 15
0.0824 15
0.0825 15
0.0826 15
0.0827 15
0.0828 15
0.0829 14
0.083 15
0.0831 15
0.0832 16
0.0833 16
0.0834 16
0.0835 15
0.0836 16
0.0837 16
0.0838 15
0.0839 15
0.084 15
0.0841 15
0.0842 15
0.0843 15
0.0844 15
0.0845 15
0.0846 16
0.0847 15
0.0848 14
0.0849 14
0.085 14
0.0851 15
0.0852 15
0.0853 15
0.0854 16
0.0855 16
0.0856 16
0.0857 15
0.0858 15
0.0859 16
0.086 16
0.0861 17
0.0862 16
0.0863 16
0.0864 16
0.0865 15
0.0866 16
0.0867 14
0.0868 15
0.0869 15
0.087 15
0.0871 15
0.0872 15
0.0873 17
0.0874 17
0.0875 17
0.0876 17
0.0877 17
0.0878 17
0.0879 17
0.088 17
0.0881 17
0.0882 18
0.0883 17
0.0884 17
0.0885 17
0.0886 17
0.0887 17
0.0888 16
0.0889 16
0.089 17
0.0891 17
0.0892 17
0.0893 17
0.0894 17
0.0895 16
0.0896 16
0.0897 16
0.0898 16
0.0899 15
0.09 15
0.0901 15
0.0902 15
0.0903 16
0.0904 16
0.0905 16
0.0906 16
0.0907 16
0.0908 16
0.0909 15
0.091 15
0.0911 15
0.0912 15
0.0913 14
0.0914 14
0.0915 13
0.0916 13
0.0917 13
0.0918 13
0.0919 13
0.092 13
0.0921 14
0.0922 14
0.0923 14
0.0924 14
0.0925 14
0.0926 14
0.0927 13
0.0928 13
0.0929 13
0.093 13
0.0931 12
0.0932 12
0.0933 12
0.0934 12
0.0935 12
0.0936 11
0.0937 12
0.0938 12
0.0939 13
0.094 14
0.0941 14
0.0942 14
0.0943 16
0.0944 16
0.0945 16
0.0946 16
0.0947 16
0.0948 16
0.0949 16
0.095 15
0.0951 16
0.0952 16
0.0953 16
0.0954 18
0.0955 18
0.0956 18
0.0957 16
0.0958 17
0.0959 18
0.096 18
0.0961 17
0.0962 17
0.0963 16
0.0964 16
0.0965 17
0.0966 17
0.0967 17
0.0968 17
0.0969 17
0.097 18
0.0971 18
0.0972 18
0.0973 17
0.0974 17
0.0975 16
0.0976 15
0.0977 15
0.0978 14
0.0979 14
0.098 13
0.0981 13
0.0982 14
0.0983 13
0.0984 13
0.0985 13
0.0986 13
0.0987 12
0.0988 13
0.0989 14
0.099 14
0.0991 14
0.0992 15
0.0993 15
0.0994 15
0.0995 16
0.0996 16
0.0997 18
0.0998 18
0.0999 18
0.1 18
