0 0
0.0001 0
0.0002 0
0.0003 0
0.0004 0
0.0005 0
0.0006 0
0.0007 0
0.0008 0
0.0009 0
0.001 0
0.0011 0
0.0012 0
0.0013 0
0.0014 1
0.0015 1
0.0016 2
0.0017 2
0.0018 2
0.0019 1
0.002 2
0.0021 2
0.0022 2
0.0023 2
0.0024 4
0.0025 5
0.0026 8
0.0027 8
0.0028 9
0.0029 11
0.003 10
0.0031 12
0.0032 15
0.0033 17
0.0034 18
0.0035 18
0.0036 19
0.0037 21
0.0038 22
0.0039 24
0.004 27
0.0041 28
0.0042 32
0.0043 35
0.0044 37
0.0045 40
0.0046 42
0.0047 45
0.0048 48
0.0049 47
0.005 54
0.0051 55
0.0052 57
0.0053 58
0.0054 66
0.0055 69
0.0056 74
0.0057 78
0.0058 82
0.0059 85
0.006 89
0.0061 94
0.0062 103
0.0063 111
0.0064 115
0.0065 116
0.0066 122
0.0067 126
0.0068 134
0.0069 141
0.007 149
0.0071 155
0.0072 165
0.0073 170
0.0074 177
0.0075 188
0.0076 191
0.0077 192
0.0078 202
0.0079 205
0.008 213
0.0081 216
0.0082 218
0.0083 222
0.0084 226
0.0085 234
0.0086 240
0.0087 247
0.0088 253
0.0089 263
0.009 271
0.0091 275
0.0092 280
0.0093 289
0.0094 292
0.0095 302
0.0096 307
0.0097 312
0.0098 321
0.0099 328
0.01 338
0.0101 344
0.0102 349
0.0103 354
0.0104 356
0.0105 367
0.0106 379
0.0107 385
0.0108 391
0.0109 405
0.011 413
0.0111 419
0.0112 431
0.0113 436
0.0114 445
0.0115 450
0.0116 457
0.0117 470
0.0118 476
0.0119 481
0.012 500
0.0121 511
0.0122 517
0.0123 525
0.0124 533
0.0125 550
0.0126 563
0.0127 570
0.0128 577
0.0129 588
0.013 598
0.0131 604
0.0132 618
0.0133 627
0.0134 635
0.0135 646
0.0136 659
0.0137 667
0.0138 674
0.0139 683
0.014 695
0.0141 700
0.0142 708
0.0143 721
0.0144 727
0.0145 736
0.0146 742
0.0147 759
0.0148 764
0.0149 774
0.015 775
0.0151 787
0.0152 793
0.0153 804
0.0154 818
0.0155 833
0.0156 834
0.0157 851
0.0158 864
0.0159 876
0.016 882
0.0161 897
0.0162 905
0.0163 912
0.0164 927
0.0165 936
0.0166 943
0.0167 954
0.0168 958
0.0169 971
0.017 980
0.0171 988
0.0172 995
0.0173 1005
0.0174 1013
0.0175 1029
0.0176 1035
0.0177 1045
0.0178 1048
0.0179 1064
0.018 1076
0.0181 1081
0.0182 1092
0.0183 1093
0.0184 1104
0.0185 1112
0.0186 1123
0.0187 1127
0.0188 1147
0.0189 1161
0.019 1167
0.0191 1176
0.0192 1192
0.0193 1203
0.0194 1215
0.0195 1219
0.0196 1230
0.0197 1248
0.0198 1261
0.0199 1268
0.02 1282
0.0201 1290
0.0202 1307
0.0203 1315
0.0204 1324
0.0205 1339
0.0206 1351
0.0207 1355
0.0208 1364
0.0209 1381
0.021 1387
0.0211 1398
0.0212 1413
0.0213 1416
0.0214 1427
0.0215 1439
0.0216 1444
0.0217 1457
0.0218 1467
0.0219 1467
0.022 1465
0.0221 1479
0.0222 1494
0.0223 1495
0.0224 1505
0.0225 1517
0.0226 1531
0.0227 1534
0.0228 1536
0.0229 1548
0.023 1552
0.0231 1555
0.0232 1572
0.0233 1576
0.0234 1594
0.0235 1594
0.0236 1611
0.0237 1618
0.0238 1629
0.0239 1630
0.024 1635
0.0241 1640
0.0242 1657
0.0243 1663
0.0244 1662
0.0245 1668
0.0246 1678
0.0247 1693
0.0248 1702
0.0249 1708
0.025 1714
0.0251 1729
0.0252 1735
0.0253 1742
0.0254 1749
0.0255 1755
0.0256 1769
0.0257 1782
0.0258 1790
0.0259 1790
0.026 1782
0.0261 1802
0.0262 1793
0.0263 1795
0.0264 1811
0.0265 1820
0.0266 1820
0.0267 1817
0.0268 1824
0.0269 1834
0.027 1838
0.0271 1835
0.0272 1848
0.0273 1856
0.0274 1871
0.0275 1884
0.0276 1892
0.0277 1902
0.0278 1914
0.0279 1927
0.028 1932
0.0281 1930
0.0282 1937
0.0283 1941
0.0284 1958
0.0285 1953
0.0286 1967
0.0287 1975
0.0288 1990
0.0289 1991
0.029 1997
0.0291 2005
0.0292 2004
0.0293 1997
0.0294 2006
0.0295 2011
0.0296 2010
0.0297 2032
0.0298 2025
0.0299 2033
0.03 2011
0.0301 2016
0.0302 2035
0.0303 2052
0.0304 2051
0.0305 2060
0.0306 2059
0.0307 2065
0.0308 2064
0.0309 2072
0.031 2081
0.0311 2081
0.0312 2094
0.0313 2097
0.0314 2102
0.0315 2115
0.0316 2140
0.0317 2153
0.0318 2152
0.0319 2154
0.032 2144
0.0321 2157
0.0322 2168
0.0323 2152
0.0324 2154
0.0325 2173
0.0326 2172
0.0327 2161
0.0328 2169
0.0329 2166
0.033 2165
0.0331 2140
0.0332 2147
0.0333 2122
0.0334 2103
0.0335 2104
0.0336 2076
0.0337 2054
0.0338 2031
0.0339 2029
0.034 2025
0.0341 2014
0.0342 2012
0.0343 2000
0.0344 1996
0.0345 1987
0.0346 2008
0.0347 2001
0.0348 1992
0.0349 1975
0.035 1951
0.0351 1927
0.0352 1890
0.0353 1860
0.0354 1841
0.0355 1831
0.0356 1823
0.0357 1819
0.0358 1836
0.0359 1857
0.036 1877
0.0361 1882
0.0362 1899
0.0363 1914
0.0364 1936
0.0365 1939
0.0366 1924
0.0367 1914
0.0368 1895
0.0369 1861
0.037 1818
0.0371 1781
0.0372 1752
0.0373 1710
0.0374 1681
0.0375 1650
0.0376 1630
0.0377 1627
0.0378 1613
0.0379 1582
0.038 1574
0.0381 1568
0.0382 1566
0.0383 1567
0.0384 1578
0.0385 1589
0.0386 1593
0.0387 1610
0.0388 1615
0.0389 1640
0.039 1634
0.0391 1630
0.0392 1620
0.0393 1609
0.0394 1606
0.0395 1624
0.0396 1626
0.0397 1607
0.0398 1599
0.0399 1591
0.04 1578
0.0401 1550
0.0402 1541
0.0403 1547
0.0404 1562
0.0405 1562
0.0406 1558
0.0407 1548
0.0408 1557
0.0409 1543
0.041 1554
0.0411 1527
0.0412 1510
0.0413 1507
0.0414 1513
0.0415 1506
0.0416 1520
0.0417 1525
0.0418 1519
0.0419 1490
0.042 1456
0.0421 1430
0.0422 1409
0.0423 1376
0.0424 1351
0.0425 1325
0.0426 1309
0.0427 1282
0.0428 1261
0.0429 1239
0.043 1213
0.0431 1193
0.0432 1170
0.0433 1151
0.0434 1127
0.0435 1122
0.0436 1094
0.0437 1076
0.0438 1059
0.0439 1066
0.044 1069
0.0441 1080
0.0442 1082
0.0443 1080
0.0444 1086
0.0445 1079
0.0446 1081
0.0447 1065
0.0448 1050
0.0449 1026
0.045 1007
0.0451 987
0.0452 964
0.0453 949
0.0454 917
0.0455 896
0.0456 879
0.0457 860
0.0458 843
0.0459 827
0.046 814
0.0461 797
0.0462 784
0.0463 762
0.0464 740
0.0465 722
0.0466 709
0.0467 691
0.0468 679
0.0469 668
0.047 658
0.0471 650
0.0472 650
0.0473 646
0.0474 641
0.0475 629
0.0476 631
0.0477 639
0.0478 660
0.0479 678
0.048 705
0.0481 719
0.0482 726
0.0483 728
0.0484 731
0.0485 729
0.0486 710
0.0487 703
0.0488 690
0.0489 676
0.049 663
0.0491 675
0.0492 705
0.0493 712
0.0494 728
0.0495 741
0.0496 769
0.0497 802
0.0498 835
0.0499 858
0.05 900
0.0501 929
0.0502 948
0.0503 965
0.0504 977
0.0505 979
0.0506 994
0.0507 996
0.0508 990
0.0509 987
0.051 978
0.0511 980
0.0512 973
0.0513 954
0.0514 928
0.0515 910
0.0516 903
0.0517 868
0.0518 855
0.0519 843
0.052 833
0.0521 819
0.0522 797
0.0523 789
0.0524 773
0.0525 753
0.0526 737
0.0527 727
0.0528 716
0.0529 706
0.053 696
0.0531 693
0.0532 682
0.0533 679
0.0534 673
0.0535 656
0.0536 643
0.0537 632
0.0538 627
0.0539 619
0.054 619
0.0541 608
0.0542 588
0.0543 583
0.0544 565
0.0545 555
0.0546 543
0.0547 525
0.0548 518
0.0549 511
0.055 503
0.0551 490
0.0552 493
0.0553 480
0.0554 471
0.0555 468
0.0556 463
0.0557 461
0.0558 454
0.0559 448
0.056 446
0.0561 446
0.0562 445
0.0563 448
0.0564 435
0.0565 431
0.0566 425
0.0567 420
0.0568 410
0.0569 410
0.057 408
0.0571 405
0.0572 393
0.0573 382
0.0574 375
0.0575 374
0.0576 365
0.0577 366
0.0578 355
0.0579 352
0.058 348
0.0581 343
0.0582 335
0.0583 333
0.0584 334
0.0585 332
0.0586 345
0.0587 343
0.0588 339
0.0589 341
0.059 343
0.0591 339
0.0592 342
0.0593 341
0.0594 338
0.0595 334
0.0596 328
0.0597 334
0.0598 335
0.0599 332
0.06 325
0.0601 322
0.0602 326
0.0603 325
0.0604 323
0.0605 318
0.0606 313
0.0607 308
0.0608 302
0.0609 304
0.061 294
0.0611 284
0.0612 282
0.0613 283
0.0614 273
0.0615 275
0.0616 269
0.0617 266
0.0618 274
0.0619 276
0.062 276
0.0621 286
0.0622 284
0.0623 287
0.0624 290
0.0625 291
0.0626 292
0.0627 291
0.0628 293
0.0629 292
0.063 290
0.0631 295
0.0632 294
0.0633 298
0.0634 305
0.0635 311
0.0636 321
0.0637 333
0.0638 348
0.0639 371
0.064 393
0.0641 422
0.0642 438
0.0643 452
0.0644 460
0.0645 464
0.0646 465
0.0647 465
0.0648 465
0.0649 452
0.065 441
0.0651 434
0.0652 438
0.0653 436
0.0654 427
0.0655 423
0.0656 417
0.0657 412
0.0658 404
0.0659 400
0.066 402
0.0661 387
0.0662 379
0.0663 372
0.0664 371
0.0665 372
0.0666 364
0.0667 355
0.0668 351
0.0669 353
0.067 346
0.0671 334
0.0672 333
0.0673 328
0.0674 330
0.0675 331
0.0676 336
0.0677 341
0.0678 340
0.0679 331
0.068 326
0.0681 326
0.0682 332
0.0683 333
0.0684 340
0.0685 339
0.0686 342
0.0687 353
0.0688 351
0.0689 358
0.069 383
0.0691 401
0.0692 410
0.0693 417
0.0694 410
0.0695 406
0.0696 407
0.0697 402
0.0698 396
0.0699 392
0.07 391
0.0701 390
0.0702 384
0.0703 381
0.0704 376
0.0705 378
0.0706 388
0.0707 402
0.0708 418
0.0709 435
0.071 454
0.0711 477
0.0712 503
0.0713 520
0.0714 533
0.0715 536
0.0716 541
0.0717 540
0.0718 535
0.0719 546
0.072 548
0.0721 549
0.0722 548
0.0723 552
0.0724 558
0.0725 576
0.0726 597
0.0727 609
0.0728 618
0.0729 627
0.073 628
0.0731 620
0.0732 616
0.0733 608
0.0734 605
0.0735 601
0.0736 593
0.0737 584
0.0738 579
0.0739 574
0.074 561
0.0741 542
0.0742 537
0.0743 532
0.0744 531
0.0745 527
0.0746 524
0.0747 524
0.0748 521
0.0749 518
0.075 512
0.0751 505
0.0752 499
0.0753 504
0.0754 493
0.0755 494
0.0756 495
0.0757 498
0.0758 510
0.0759 522
0.076 522
0.0761 522
0.0762 519
0.0763 510
0.0764 502
0.0765 506
0.0766 535
0.0767 546
0.0768 566
0.0769 586
0.077 621
0.0771 650
0.0772 676
0.0773 687
0.0774 719
0.0775 755
0.0776 763
0.0777 774
0.0778 783
0.0779 782
0.078 776
0.0781 762
0.0782 782
0.0783 795
0.0784 797
0.0785 805
0.0786 811
0.0787 822
0.0788 835
0.0789 844
0.079 866
0.0791 877
0.0792 882
0.0793 885
0.0794 892
0.0795 888
0.0796 891
0.0797 893
0.0798 910
0.0799 901
0.08 901
0.0801 898
0.0802 906
0.0803 911
0.0804 916
0.0805 919
0.0806 923
0.0807 930
0.0808 938
0.0809 948
0.081 948
0.0811 952
0.0812 949
0.0813 951
0.0814 954
0.0815 955
0.0816 962
0.0817 963
0.0818 968
0.0819 965
0.082 971
0.0821 978
0.0822 978
0.0823 982
0.0824 983
0.0825 994
0.0826 995
0.0827 1000
0.0828 998
0.0829 1001
0.083 999
0.0831 1007
0.0832 1014
0.0833 1022
0.0834 1022
0.0835 1030
0.0836 1036
0.0837 1037
0.0838 1046
0.0839 1051
0.084 1054
0.0841 1061
0.0842 1069
0.0843 1074
0.0844 1086
0.0845 1094
0.0846 1097
0.0847 1099
0.0848 1102
0.0849 1112
0.085 1114
0.0851 1112
0.0852 1133
0.0853 1130
0.0854 1135
0.0855 1144
0.0856 1144
0.0857 1156
0.0858 1155
0.0859 1167
0.086 1171
0.0861 1180
0.0862 1184
0.0863 1190
0.0864 1202
0.0865 1208
0.0866 1215
0.0867 1227
0.0868 1239
0.0869 1239
0.087 1249
0.0871 1258
0.0872 1263
0.0873 1274
0.0874 1277
0.0875 1296
0.0876 1294
0.0877 1305
0.0878 1315
0.0879 1325
0.088 1332
0.0881 1338
0.0882 1344
0.0883 1347
0.0884 1359
0.0885 1367
0.0886 1377
0.0887 1390
0.0888 1398
0.0889 1406
0.089 1423
0.0891 1422
0.0892 1425
0.0893 1434
0.0894 1441
0.0895 1451
0.0896 1455
0.0897 1459
0.0898 1470
0.0899 1491
0.09 1501
0.0901 1518
0.0902 1522
0.0903 1529
0.0904 1538
0.0905 1557
0.0906 1556
0.0907 1569
0.0908 1579
0.0909 1584
0.091 1593
0.0911 1599
0.0912 1602
0.0913 1602
0.0914 1609
0.0915 1619
0.0916 1628
0.0917 1628
0.0918 1638
0.0919 1641
0.092 1657
0.0921 1650
0.0922 1660
0.0923 1670
0.0924 1675
0.0925 1679
0.0926 1693
0.0927 1697
0.0928 1714
0.0929 1724
0.093 1731
0.0931 1740
0.0932 1745
0.0933 1757
0.0934 1772
0.0935 1782
0.0936 1799
0.0937 1795
0.0938 1798
0.0939 1811
0.094 1812
0.0941 1813
0.0942 1824
0.0943 1822
0.0944 1837
0.0945 1841
0.0946 1840
0.0947 1856
0.0948 1858
0.0949 1862
0.095 1876
0.0951 1892
0.0952 1900
0.0953 1907
0.0954 1913
0.0955 1926
0.0956 1945
0.0957 1956
0.0958 1948
0.0959 1958
0.096 1961
0.0961 1970
0.0962 1973
0.0963 1974
0.0964 1983
0.0965 1982
0.0966 1991
0.0967 1997
0.0968 1996
0.0969 1997
0.097 1999
0.0971 1998
0.0972 1988
0.0973 1977
0.0974 1973
0.0975 1968
0.0976 1968
0.0977 1973
0.0978 1981
0.0979 1965
0.098 1940
0.0981 1919
0.0982 1894
0.0983 1873
0.0984 1856
0.0985 1833
0.0986 1790
0.0987 1770
0.0988 1752
0.0989 1720
0.099 1698
0.0991 1659
0.0992 1617
0.0993 1578
0.0994 1541
0.0995 1502
0.0996 1466
0.0997 1435
0.0998 1411
0.0999 1385
0.1 1355
0.1001 1328
0.1002 1302
0.1003 1281
0.1004 1274
0.1005 1285
0.1006 1283
0.1007 1283
0.1008 1286
0.1009 1272
0.101 1261
0.1011 1233
0.1012 1218
0.1013 1200
0.1014 1186
0.1015 1167
0.1016 1141
0.1017 1119
0.1018 1095
0.1019 1075
0.102 1053
0.1021 1025
0.1022 993
0.1023 971
0.1024 944
0.1025 930
0.1026 910
0.1027 911
0.1028 920
0.1029 917
0.103 902
0.1031 897
0.1032 887
0.1033 888
0.1034 896
0.1035 906
0.1036 928
0.1037 947
0.1038 958
0.1039 971
0.104 975
0.1041 991
0.1042 996
0.1043 997
0.1044 991
0.1045 986
0.1046 973
0.1047 957
0.1048 941
0.1049 913
0.105 897
0.1051 888
0.1052 866
0.1053 852
0.1054 845
0.1055 836
0.1056 822
0.1057 815
0.1058 798
0.1059 787
0.106 774
0.1061 766
0.1062 756
0.1063 738
0.1064 738
0.1065 733
0.1066 731
0.1067 719
0.1068 714
0.1069 696
0.107 684
0.1071 671
0.1072 675
0.1073 664
0.1074 653
0.1075 645
0.1076 648
0.1077 643
0.1078 623
0.1079 617
0.108 616
0.1081 613
0.1082 604
0.1083 600
0.1084 593
0.1085 590
0.1086 595
0.1087 589
0.1088 577
0.1089 578
0.109 581
0.1091 608
0.1092 614
0.1093 611
0.1094 605
0.1095 600
0.1096 599
0.1097 594
0.1098 603
0.1099 600
0.11 593
0.1101 585
0.1102 583
0.1103 576
0.1104 569
0.1105 559
0.1106 556
0.1107 555
0.1108 556
0.1109 555
0.111 540
0.1111 521
0.1112 511
0.1113 500
0.1114 493
0.1115 484
0.1116 474
0.1117 477
0.1118 468
0.1119 465
0.112 452
0.1121 447
0.1122 437
0.1123 434
0.1124 433
0.1125 435
0.1126 437
0.1127 439
0.1128 446
0.1129 454
0.113 441
0.1131 442
0.1132 439
0.1133 441
0.1134 434
0.1135 420
0.1136 412
0.1137 406
0.1138 399
0.1139 399
0.114 394
0.1141 392
0.1142 389
0.1143 384
0.1144 384
0.1145 381
0.1146 373
0.1147 378
0.1148 374
0.1149 368
0.115 367
0.1151 363
0.1152 356
0.1153 360
0.1154 363
0.1155 361
0.1156 361
0.1157 364
0.1158 349
0.1159 348
0.116 339
0.1161 337
0.1162 338
0.1163 335
0.1164 324
0.1165 320
0.1166 316
0.1167 309
0.1168 305
0.1169 296
0.117 294
0.1171 292
0.1172 295
0.1173 293
0.1174 293
0.1175 294
0.1176 295
0.1177 289
0.1178 296
0.1179 299
0.118 299
0.1181 291
0.1182 295
0.1183 294
0.1184 296
0.1185 304
0.1186 303
0.1187 292
0.1188 287
0.1189 283
0.119 277
0.1191 277
0.1192 271
0.1193 266
0.1194 257
0.1195 255
0.1196 255
0.1197 266
0.1198 289
0.1199 305
0.12 314
0.1201 320
0.1202 317
0.1203 324
0.1204 323
0.1205 312
0.1206 310
0.1207 316
0.1208 333
0.1209 353
0.121 364
0.1211 376
0.1212 378
0.1213 380
0.1214 379
0.1215 385
0.1216 383
0.1217 387
0.1218 383
0.1219 386
0.122 389
0.1221 407
0.1222 416
0.1223 421
0.1224 430
0.1225 432
0.1226 430
0.1227 431
0.1228 426
0.1229 419
0.123 410
0.1231 412
0.1232 408
0.1233 401
0.1234 398
0.1235 398
0.1236 419
0.1237 449
0.1238 457
0.1239 468
0.124 467
0.1241 467
0.1242 472
0.1243 471
0.1244 466
0.1245 461
0.1246 465
0.1247 459
0.1248 449
0.1249 435
0.125 419
0.1251 413
0.1252 404
0.1253 399
0.1254 389
0.1255 396
0.1256 422
0.1257 444
0.1258 466
0.1259 504
0.126 527
0.1261 537
0.1262 558
0.1263 563
0.1264 569
0.1265 569
0.1266 563
0.1267 559
0.1268 551
0.1269 542
0.127 540
0.1271 537
0.1272 531
0.1273 532
0.1274 530
0.1275 524
0.1276 530
0.1277 540
0.1278 564
0.1279 574
0.128 573
0.1281 562
0.1282 564
0.1283 577
0.1284 592
0.1285 603
0.1286 626
0.1287 653
0.1288 695
0.1289 715
0.129 736
0.1291 741
0.1292 756
0.1293 765
0.1294 785
0.1295 796
0.1296 802
0.1297 814
0.1298 833
0.1299 837
0.13 844
0.1301 848
0.1302 848
0.1303 859
0.1304 857
0.1305 855
0.1306 853
0.1307 850
0.1308 861
0.1309 862
0.131 867
0.1311 870
0.1312 875
0.1313 881
0.1314 897
0.1315 910
0.1316 912
0.1317 909
0.1318 920
0.1319 927
0.132 935
0.1321 945
0.1322 952
0.1323 946
0.1324 950
0.1325 947
0.1326 956
0.1327 960
0.1328 959
0.1329 967
0.133 969
0.1331 973
0.1332 972
0.1333 979
0.1334 977
0.1335 983
0.1336 978
0.1337 982
0.1338 977
0.1339 982
0.134 986
0.1341 987
0.1342 993
0.1343 999
0.1344 1008
0.1345 1004
0.1346 1015
0.1347 1019
0.1348 1023
0.1349 1023
0.135 1024
0.1351 1025
0.1352 1032
0.1353 1037
0.1354 1040
0.1355 1039
0.1356 1046
0.1357 1048
0.1358 1054
0.1359 1058
0.136 1061
0.1361 1073
0.1362 1072
0.1363 1074
0.1364 1080
0.1365 1072
0.1366 1081
0.1367 1084
0.1368 1085
0.1369 1085
0.137 1093
0.1371 1092
0.1372 1100
0.1373 1098
0.1374 1104
0.1375 1110
0.1376 1111
0.1377 1110
0.1378 1116
0.1379 1118
0.138 1127
0.1381 1128
0.1382 1134
0.1383 1143
0.1384 1143
0.1385 1153
0.1386 1162
0.1387 1169
0.1388 1176
0.1389 1183
0.139 1192
0.1391 1191
0.1392 1197
0.1393 1202
0.1394 1211
0.1395 1222
0.1396 1234
0.1397 1239
0.1398 1240
0.1399 1253
0.14 1260
0.1401 1267
0.1402 1278
0.1403 1284
0.1404 1288
0.1405 1288
0.1406 1300
0.1407 1314
0.1408 1312
0.1409 1319
0.141 1324
0.1411 1334
0.1412 1336
0.1413 1354
0.1414 1362
0.1415 1373
0.1416 1382
0.1417 1397
0.1418 1398
0.1419 1400
0.142 1412
0.1421 1418
0.1422 1433
0.1423 1444
0.1424 1442
0.1425 1454
0.1426 1466
0.1427 1469
0.1428 1482
0.1429 1494
0.143 1500
0.1431 1505
0.1432 1514
0.1433 1521
0.1434 1532
0.1435 1536
0.1436 1545
0.1437 1553
0.1438 1563
0.1439 1563
0.144 1578
0.1441 1576
0.1442 1581
0.1443 1583
0.1444 1594
0.1445 1595
0.1446 1594
0.1447 1600
0.1448 1611
0.1449 1621
0.145 1615
0.1451 1612
0.1452 1612
0.1453 1618
0.1454 1616
0.1455 1616
0.1456 1624
0.1457 1626
0.1458 1633
0.1459 1633
0.146 1631
0.1461 1629
0.1462 1638
0.1463 1655
0.1464 1654
0.1465 1665
0.1466 1683
0.1467 1701
0.1468 1693
0.1469 1699
0.147 1705
0.1471 1706
0.1472 1708
0.1473 1706
0.1474 1714
0.1475 1717
0.1476 1708
0.1477 1725
0.1478 1725
0.1479 1725
0.148 1723
0.1481 1738
0.1482 1732
0.1483 1734
0.1484 1746
0.1485 1749
0.1486 1754
0.1487 1760
0.1488 1766
0.1489 1783
0.149 1784
0.1491 1793
0.1492 1787
0.1493 1789
0.1494 1778
0.1495 1767
0.1496 1734
0.1497 1722
0.1498 1694
0.1499 1666
0.15 1634
0.1501 1609
0.1502 1583
0.1503 1546
0.1504 1519
0.1505 1496
0.1506 1468
0.1507 1435
0.1508 1402
0.1509 1361
0.151 1335
0.1511 1308
0.1512 1278
0.1513 1267
0.1514 1235
0.1515 1220
0.1516 1199
0.1517 1177
0.1518 1151
0.1519 1120
0.152 1100
0.1521 1078
0.1522 1051
0.1523 1027
0.1524 994
0.1525 978
0.1526 962
0.1527 947
0.1528 931
0.1529 938
0.153 945
0.1531 962
0.1532 990
0.1533 1033
0.1534 1066
0.1535 1076
0.1536 1089
0.1537 1109
0.1538 1106
0.1539 1116
0.154 1097
0.1541 1073
0.1542 1042
0.1543 1028
0.1544 1026
0.1545 1030
0.1546 1027
0.1547 1035
0.1548 1047
0.1549 1081
0.155 1088
0.1551 1105
0.1552 1132
0.1553 1144
0.1554 1178
0.1555 1203
0.1556 1210
0.1557 1224
0.1558 1210
0.1559 1202
0.156 1195
0.1561 1179
0.1562 1160
0.1563 1147
0.1564 1116
0.1565 1094
0.1566 1079
0.1567 1064
0.1568 1045
0.1569 1026
0.157 998
0.1571 980
0.1572 968
0.1573 951
0.1574 932
0.1575 928
0.1576 906
0.1577 878
0.1578 870
0.1579 849
0.158 821
0.1581 804
0.1582 789
0.1583 767
0.1584 757
0.1585 747
0.1586 742
0.1587 746
0.1588 739
0.1589 726
0.159 713
0.1591 705
0.1592 689
0.1593 674
0.1594 657
0.1595 641
0.1596 637
0.1597 633
0.1598 631
0.1599 624
0.16 614
0.1601 609
0.1602 603
0.1603 597
0.1604 591
0.1605 583
0.1606 575
0.1607 566
0.1608 566
0.1609 557
0.161 558
0.1611 547
0.1612 535
0.1613 520
0.1614 507
0.1615 503
0.1616 503
0.1617 498
0.1618 499
0.1619 503
0.162 503
0.1621 494
0.1622 494
0.1623 495
0.1624 496
0.1625 495
0.1626 497
0.1627 491
0.1628 480
0.1629 480
0.163 470
0.1631 459
0.1632 455
0.1633 447
0.1634 433
0.1635 425
0.1636 429
0.1637 419
0.1638 415
0.1639 408
0.164 400
0.1641 398
0.1642 394
0.1643 390
0.1644 388
0.1645 400
0.1646 417
0.1647 418
0.1648 421
0.1649 423
0.165 431
0.1651 421
0.1652 411
0.1653 406
0.1654 403
0.1655 398
0.1656 387
0.1657 380
0.1658 377
0.1659 375
0.166 366
0.1661 359
0.1662 356
0.1663 352
0.1664 349
0.1665 350
0.1666 352
0.1667 354
0.1668 347
0.1669 337
0.167 333
0.1671 326
0.1672 323
0.1673 323
0.1674 316
0.1675 310
0.1676 304
0.1677 306
0.1678 310
0.1679 305
0.168 301
0.1681 299
0.1682 293
0.1683 285
0.1684 275
0.1685 268
0.1686 267
0.1687 266
0.1688 263
0.1689 259
0.169 260
0.1691 278
0.1692 290
0.1693 291
0.1694 300
0.1695 309
0.1696 317
0.1697 329
0.1698 357
0.1699 381
0.17 405
0.1701 440
0.1702 461
0.1703 471
0.1704 471
0.1705 467
0.1706 477
0.1707 479
0.1708 479
0.1709 479
0.171 478
0.1711 472
0.1712 462
0.1713 460
0.1714 450
0.1715 440
0.1716 438
0.1717 436
0.1718 434
0.1719 420
0.172 412
0.1721 414
0.1722 412
0.1723 406
0.1724 406
0.1725 406
0.1726 405
0.1727 399
0.1728 395
0.1729 386
0.173 386
0.1731 386
0.1732 388
0.1733 389
0.1734 411
0.1735 431
0.1736 458
0.1737 485
0.1738 484
0.1739 497
0.174 503
0.1741 504
0.1742 508
0.1743 503
0.1744 501
0.1745 501
0.1746 493
0.1747 491
0.1748 487
0.1749 480
0.175 472
0.1751 466
0.1752 467
0.1753 465
0.1754 456
0.1755 461
0.1756 463
0.1757 449
0.1758 447
0.1759 447
0.176 436
0.1761 425
0.1762 414
0.1763 408
0.1764 400
0.1765 391
0.1766 386
0.1767 383
0.1768 376
0.1769 369
0.177 365
0.1771 356
0.1772 344
0.1773 345
0.1774 347
0.1775 346
0.1776 346
0.1777 352
0.1778 350
0.1779 345
0.178 343
0.1781 328
0.1782 324
0.1783 314
0.1784 307
0.1785 299
0.1786 294
0.1787 290
0.1788 296
0.1789 305
0.179 330
0.1791 367
0.1792 378
0.1793 411
0.1794 428
0.1795 435
0.1796 442
0.1797 452
0.1798 458
0.1799 469
0.18 470
0.1801 464
0.1802 467
0.1803 472
0.1804 468
0.1805 464
0.1806 456
0.1807 455
0.1808 446
0.1809 429
0.181 424
0.1811 423
0.1812 417
0.1813 416
0.1814 417
0.1815 414
0.1816 407
0.1817 409
0.1818 400
0.1819 390
0.182 388
0.1821 391
0.1822 391
0.1823 383
0.1824 381
0.1825 376
0.1826 375
0.1827 372
0.1828 386
0.1829 408
0.183 435
0.1831 461
0.1832 481
0.1833 510
0.1834 556
0.1835 583
0.1836 617
0.1837 651
0.1838 683
0.1839 706
0.184 729
0.1841 745
0.1842 753
0.1843 769
0.1844 782
0.1845 805
0.1846 814
0.1847 827
0.1848 836
0.1849 845
0.185 850
0.1851 857
0.1852 868
0.1853 855
0.1854 873
0.1855 879
0.1856 885
0.1857 874
0.1858 888
0.1859 893
0.186 905
0.1861 906
0.1862 914
0.1863 911
0.1864 921
0.1865 923
0.1866 928
0.1867 934
0.1868 929
0.1869 945
0.187 946
0.1871 951
0.1872 948
0.1873 952
0.1874 953
0.1875 961
0.1876 959
0.1877 966
0.1878 969
0.1879 976
0.188 977
0.1881 979
0.1882 982
0.1883 989
0.1884 994
0.1885 998
0.1886 998
0.1887 1009
0.1888 1012
0.1889 1011
0.189 1021
0.1891 1023
0.1892 1025
0.1893 1034
0.1894 1040
0.1895 1040
0.1896 1050
0.1897 1053
0.1898 1066
0.1899 1071
0.19 1083
0.1901 1086
0.1902 1081
0.1903 1099
0.1904 1105
0.1905 1110
0.1906 1123
0.1907 1127
0.1908 1143
0.1909 1151
0.191 1158
0.1911 1170
0.1912 1175
0.1913 1183
0.1914 1186
0.1915 1190
0.1916 1207
0.1917 1218
0.1918 1223
0.1919 1234
0.192 1241
0.1921 1247
0.1922 1267
0.1923 1276
0.1924 1281
0.1925 1294
0.1926 1297
0.1927 1301
0.1928 1312
0.1929 1315
0.193 1319
0.1931 1325
0.1932 1332
0.1933 1340
0.1934 1339
0.1935 1352
0.1936 1352
0.1937 1365
0.1938 1363
0.1939 1368
0.194 1371
0.1941 1384
0.1942 1390
0.1943 1393
0.1944 1402
0.1945 1404
0.1946 1402
0.1947 1418
0.1948 1426
0.1949 1430
0.195 1433
0.1951 1441
0.1952 1449
0.1953 1454
0.1954 1459
0.1955 1465
0.1956 1472
0.1957 1476
0.1958 1482
0.1959 1483
0.196 1493
0.1961 1499
0.1962 1502
0.1963 1498
0.1964 1511
0.1965 1531
0.1966 1533
0.1967 1543
0.1968 1549
0.1969 1553
0.197 1556
0.1971 1559
0.1972 1568
0.1973 1575
0.1974 1583
0.1975 1588
0.1976 1593
0.1977 1598
0.1978 1609
0.1979 1625
0.198 1633
0.1981 1649
0.1982 1651
0.1983 1659
0.1984 1669
0.1985 1675
0.1986 1677
0.1987 1685
0.1988 1695
0.1989 1694
0.199 1696
0.1991 1702
0.1992 1709
0.1993 1718
0.1994 1725
0.1995 1717
0.1996 1717
0.1997 1723
0.1998 1731
0.1999 1742
0.2 1744
0.2001 1740
0.2002 1746
0.2003 1743
0.2004 1737
0.2005 1742
0.2006 1741
0.2007 1747
0.2008 1747
0.2009 1745
0.201 1750
0.2011 1744
0.2012 1758
0.2013 1759
0.2014 1757
0.2015 1762
0.2016 1776
0.2017 1772
0.2018 1778
0.2019 1764
0.202 1751
0.2021 1729
0.2022 1711
0.2023 1678
0.2024 1658
0.2025 1624
0.2026 1602
0.2027 1592
0.2028 1558
0.2029 1539
0.203 1513
0.2031 1495
0.2032 1470
0.2033 1437
0.2034 1419
0.2035 1399
0.2036 1382
0.2037 1374
0.2038 1372
0.2039 1378
0.204 1388
0.2041 1388
0.2042 1378
0.2043 1367
0.2044 1348
0.2045 1334
0.2046 1302
0.2047 1282
0.2048 1264
0.2049 1243
0.205 1210
0.2051 1183
0.2052 1160
0.2053 1130
0.2054 1108
0.2055 1096
0.2056 1085
0.2057 1080
0.2058 1058
0.2059 1049
0.206 1031
0.2061 1013
0.2062 1006
0.2063 992
0.2064 974
0.2065 960
0.2066 934
0.2067 920
0.2068 895
0.2069 887
0.207 873
0.2071 852
0.2072 838
0.2073 839
0.2074 828
0.2075 830
0.2076 853
0.2077 860
0.2078 880
0.2079 883
0.208 888
0.2081 884
0.2082 882
0.2083 860
0.2084 849
0.2085 853
0.2086 845
0.2087 831
0.2088 820
0.2089 797
0.209 778
0.2091 761
0.2092 752
0.2093 746
0.2094 733
0.2095 734
0.2096 732
0.2097 723
0.2098 718
0.2099 708
0.21 695
0.2101 686
0.2102 678
0.2103 679
0.2104 673
0.2105 658
0.2106 649
0.2107 640
0.2108 624
0.2109 610
0.211 590
0.2111 576
0.2112 560
0.2113 552
0.2114 549
0.2115 546
0.2116 530
0.2117 520
0.2118 517
0.2119 518
0.212 510
0.2121 510
0.2122 505
0.2123 496
0.2124 489
0.2125 494
0.2126 502
0.2127 497
0.2128 497
0.2129 485
0.213 481
0.2131 471
0.2132 467
0.2133 475
0.2134 473
0.2135 487
0.2136 486
0.2137 480
0.2138 473
0.2139 473
0.214 468
0.2141 479
0.2142 485
0.2143 489
0.2144 493
0.2145 489
0.2146 493
0.2147 495
0.2148 488
0.2149 485
0.215 477
0.2151 487
0.2152 482
0.2153 490
0.2154 492
0.2155 496
0.2156 485
0.2157 490
0.2158 499
0.2159 505
0.216 494
0.2161 493
0.2162 484
0.2163 474
0.2164 465
0.2165 454
0.2166 446
0.2167 440
0.2168 441
0.2169 440
0.217 449
0.2171 449
0.2172 438
0.2173 440
0.2174 440
0.2175 435
0.2176 419
0.2177 419
0.2178 411
0.2179 404
0.218 390
0.2181 393
0.2182 384
0.2183 379
0.2184 374
0.2185 376
0.2186 376
0.2187 376
0.2188 377
0.2189 368
0.219 363
0.2191 362
0.2192 361
0.2193 365
0.2194 366
0.2195 369
0.2196 372
0.2197 371
0.2198 365
0.2199 365
0.22 365
0.2201 362
0.2202 368
0.2203 372
0.2204 374
0.2205 366
0.2206 379
0.2207 399
0.2208 410
0.2209 425
0.221 441
0.2211 462
0.2212 471
0.2213 468
0.2214 479
0.2215 494
0.2216 512
0.2217 538
0.2218 564
0.2219 597
0.222 623
0.2221 640
0.2222 648
0.2223 667
0.2224 671
0.2225 672
0.2226 668
0.2227 666
0.2228 662
0.2229 659
0.223 654
0.2231 652
0.2232 634
0.2233 617
0.2234 613
0.2235 603
0.2236 591
0.2237 583
0.2238 592
0.2239 603
0.224 624
0.2241 656
0.2242 680
0.2243 696
0.2244 706
0.2245 697
0.2246 691
0.2247 679
0.2248 658
0.2249 650
0.225 636
0.2251 628
0.2252 611
0.2253 605
0.2254 599
0.2255 591
0.2256 578
0.2257 563
0.2258 550
0.2259 540
0.226 532
0.2261 520
0.2262 516
0.2263 502
0.2264 494
0.2265 492
0.2266 482
0.2267 477
0.2268 467
0.2269 459
0.227 447
0.2271 444
0.2272 433
0.2273 423
0.2274 409
0.2275 399
0.2276 390
0.2277 389
0.2278 380
0.2279 375
0.228 359
0.2281 346
0.2282 342
0.2283 330
0.2284 318
0.2285 320
0.2286 328
0.2287 325
0.2288 330
0.2289 336
0.229 339
0.2291 342
0.2292 336
0.2293 324
0.2294 325
0.2295 323
0.2296 320
0.2297 315
0.2298 310
0.2299 306
0.23 307
0.2301 318
0.2302 318
0.2303 320
0.2304 319
0.2305 325
0.2306 329
0.2307 328
0.2308 330
0.2309 325
0.231 331
0.2311 337
0.2312 334
0.2313 334
0.2314 344
0.2315 350
0.2316 355
0.2317 360
0.2318 361
0.2319 361
0.232 355
0.2321 350
0.2322 353
0.2323 354
0.2324 359
0.2325 383
0.2326 393
0.2327 403
0.2328 415
0.2329 419
0.233 420
0.2331 427
0.2332 435
0.2333 434
0.2334 443
0.2335 441
0.2336 446
0.2337 457
0.2338 469
0.2339 489
0.234 501
0.2341 517
0.2342 524
0.2343 541
0.2344 545
0.2345 558
0.2346 584
0.2347 610
0.2348 624
0.2349 648
0.235 665
0.2351 673
0.2352 699
0.2353 704
0.2354 711
0.2355 738
0.2356 760
0.2357 770
0.2358 775
0.2359 801
0.236 813
0.2361 824
0.2362 832
0.2363 843
0.2364 844
0.2365 850
0.2366 854
0.2367 859
0.2368 871
0.2369 872
0.237 871
0.2371 877
0.2372 879
0.2373 873
0.2374 879
0.2375 881
0.2376 880
0.2377 881
0.2378 882
0.2379 883
0.238 885
0.2381 887
0.2382 882
0.2383 878
0.2384 889
0.2385 889
0.2386 889
0.2387 896
0.2388 897
0.2389 896
0.239 895
0.2391 901
0.2392 902
0.2393 904
0.2394 906
0.2395 906
0.2396 914
0.2397 916
0.2398 922
0.2399 922
0.24 925
0.2401 929
0.2402 930
0.2403 934
0.2404 932
0.2405 928
0.2406 937
0.2407 940
0.2408 951
0.2409 946
0.241 958
0.2411 957
0.2412 958
0.2413 965
0.2414 973
0.2415 975
0.2416 978
0.2417 979
0.2418 990
0.2419 985
0.242 998
0.2421 997
0.2422 999
0.2423 1004
0.2424 1010
0.2425 1008
0.2426 1016
0.2427 1028
0.2428 1021
0.2429 1030
0.243 1039
0.2431 1044
0.2432 1046
0.2433 1048
0.2434 1058
0.2435 1060
0.2436 1065
0.2437 1076
0.2438 1079
0.2439 1083
0.244 1088
0.2441 1088
0.2442 1100
0.2443 1106
0.2444 1115
0.2445 1117
0.2446 1123
0.2447 1130
0.2448 1125
0.2449 1143
0.245 1152
0.2451 1151
0.2452 1162
0.2453 1168
0.2454 1171
0.2455 1175
0.2456 1180
0.2457 1178
0.2458 1187
0.2459 1197
0.246 1203
0.2461 1213
0.2462 1212
0.2463 1222
0.2464 1219
0.2465 1228
0.2466 1242
0.2467 1243
0.2468 1249
0.2469 1258
0.247 1258
0.2471 1271
0.2472 1276
0.2473 1286
0.2474 1291
0.2475 1296
0.2476 1302
0.2477 1308
0.2478 1315
0.2479 1322
0.248 1323
0.2481 1330
0.2482 1335
0.2483 1349
0.2484 1360
0.2485 1363
0.2486 1366
0.2487 1377
0.2488 1381
0.2489 1388
0.249 1386
0.2491 1404
0.2492 1405
0.2493 1406
0.2494 1425
0.2495 1423
0.2496 1428
0.2497 1443
0.2498 1446
0.2499 1462
0.25 1458
