0 0
0.0001 0
0.0002 0
0.0003 0
0.0004 0
0.0005 0
0.0006 0
0.0007 0
0.0008 0
0.0009 0
0.001 0
0.0011 0
0.0012 0
0.0013 0
0.0014 0
0.0015 0
0.0016 1
0.0017 2
0.0018 3
0.0019 4
0.002 5
0.0021 4
0.0022 6
0.0023 6
0.0024 6
0.0025 7
0.0026 8
0.0027 10
0.0028 11
0.0029 11
0.003 12
0.0031 15
0.0032 15
0.0033 17
0.0034 17
0.0035 17
0.0036 17
0.0037 19
0.0038 20
0.0039 21
0.004 24
0.0041 28
0.0042 30
0.0043 33
0.0044 36
0.0045 40
0.0046 45
0.0047 50
0.0048 56
0.0049 58
0.005 59
0.0051 64
0.0052 65
0.0053 67
0.0054 71
0.0055 73
0.0056 75
0.0057 78
0.0058 82
0.0059 86
0.006 87
0.0061 93
0.0062 97
0.0063 101
0.0064 105
0.0065 107
0.0066 114
0.0067 118
0.0068 126
0.0069 132
0.007 139
0.0071 145
0.0072 156
0.0073 163
0.0074 165
0.0075 168
0.0076 171
0.0077 179
0.0078 185
0.0079 191
0.008 200
0.0081 208
0.0082 212
0.0083 215
0.0084 220
0.0085 229
0.0086 237
0.0087 241
0.0088 243
0.0089 252
0.009 259
0.0091 267
0.0092 272
0.0093 284
0.0094 293
0.0095 298
0.0096 305
0.0097 317
0.0098 326
0.0099 336
0.01 340
0.0101 348
0.0102 354
0.0103 367
0.0104 371
0.0105 381
0.0106 397
0.0107 407
0.0108 416
0.0109 419
0.011 427
0.0111 439
0.0112 442
0.0113 448
0.0114 459
0.0115 470
0.0116 477
0.0117 485
0.0118 493
0.0119 506
0.012 514
0.0121 520
0.0122 530
0.0123 538
0.0124 548
0.0125 560
0.0126 563
0.0127 567
0.0128 579
0.0129 585
0.013 588
0.0131 598
0.0132 602
0.0133 615
0.0134 629
0.0135 632
0.0136 644
0.0137 658
0.0138 663
0.0139 673
0.014 675
0.0141 681
0.0142 685
0.0143 696
0.0144 706
0.0145 713
0.0146 726
0.0147 731
0.0148 736
0.0149 747
0.015 753
0.0151 760
0.0152 764
0.0153 779
0.0154 788
0.0155 801
0.0156 805
0.0157 813
0.0158 822
0.0159 832
0.016 841
0.0161 852
0.0162 864
0.0163 865
0.0164 872
0.0165 884
0.0166 897
0.0167 910
0.0168 921
0.0169 927
0.017 940
0.0171 951
0.0172 959
0.0173 971
0.0174 974
0.0175 986
0.0176 990
0.0177 999
0.0178 1009
0.0179 1019
0.018 1026
0.0181 1034
0.0182 1047
0.0183 1052
0.0184 1060
0.0185 1068
0.0186 1075
0.0187 1092
0.0188 1100
0.0189 1104
0.019 1118
0.0191 1126
0.0192 1133
0.0193 1140
0.0194 1146
0.0195 1158
0.0196 1170
0.0197 1181
0.0198 1194
0.0199 1204
0.02 1213
0.0201 1217
0.0202 1231
0.0203 1239
0.0204 1247
0.0205 1256
0.0206 1261
0.0207 1276
0.0208 1282
0.0209 1289
0.021 1300
0.0211 1304
0.0212 1315
0.0213 1323
0.0214 1334
0.0215 1337
0.0216 1353
0.0217 1367
0.0218 1377
0.0219 1383
0.022 1397
0.0221 1404
0.0222 1409
0.0223 1426
0.0224 1434
0.0225 1444
0.0226 1458
0.0227 1467
0.0228 1480
0.0229 1485
0.023 1487
0.0231 1494
0.0232 1512
0.0233 1523
0.0234 1524
0.0235 1527
0.0236 1542
0.0237 1556
0.0238 1565
0.0239 1577
0.024 1580
0.0241 1590
0.0242 1602
0.0243 1606
0.0244 1619
0.0245 1627
0.0246 1639
0.0247 1652
0.0248 1661
0.0249 1661
0.025 1675
0.0251 1682
0.0252 1689
0.0253 1699
0.0254 1698
0.0255 1713
0.0256 1727
0.0257 1728
0.0258 1742
0.0259 1745
0.026 1753
0.0261 1764
0.0262 1771
0.0263 1775
0.0264 1780
0.0265 1776
0.0266 1780
0.0267 1776
0.0268 1764
0.0269 1755
0.027 1740
0.0271 1732
0.0272 1715
0.0273 1700
0.0274 1668
0.0275 1648
0.0276 1622
0.0277 1601
0.0278 1577
0.0279 1533
0.028 1519
0.0281 1490
0.0282 1476
0.0283 1433
0.0284 1401
0.0285 1370
0.0286 1336
0.0287 1301
0.0288 1274
0.0289 1238
0.029 1221
0.0291 1209
0.0292 1185
0.0293 1163
0.0294 1141
0.0295 1111
0.0296 1079
0.0297 1056
0.0298 1043
0.0299 1010
0.03 985
0.0301 966
0.0302 951
0.0303 936
0.0304 916
0.0305 906
0.0306 893
0.0307 881
0.0308 864
0.0309 862
0.031 858
0.0311 846
0.0312 822
0.0313 804
0.0314 779
0.0315 764
0.0316 751
0.0317 741
0.0318 740
0.0319 721
0.032 707
0.0321 692
0.0322 683
0.0323 659
0.0324 649
0.0325 637
0.0326 630
0.0327 630
0.0328 611
0.0329 595
0.033 591
0.0331 585
0.0332 562
0.0333 554
0.0334 541
0.0335 527
0.0336 523
0.0337 509
0.0338 501
0.0339 492
0.034 488
0.0341 484
0.0342 481
0.0343 471
0.0344 459
0.0345 451
0.0346 450
0.0347 448
0.0348 444
0.0349 449
0.035 444
0.0351 435
0.0352 425
0.0353 422
0.0354 421
0.0355 421
0.0356 417
0.0357 415
0.0358 412
0.0359 405
0.036 399
0.0361 400
0.0362 395
0.0363 391
0.0364 388
0.0365 379
0.0366 370
0.0367 368
0.0368 372
0.0369 380
0.037 400
0.0371 407
0.0372 430
0.0373 434
0.0374 430
0.0375 435
0.0376 435
0.0377 429
0.0378 425
0.0379 423
0.038 419
0.0381 416
0.0382 408
0.0383 401
0.0384 404
0.0385 399
0.0386 403
0.0387 400
0.0388 396
0.0389 396
0.039 389
0.0391 384
0.0392 377
0.0393 375
0.0394 380
0.0395 368
0.0396 368
0.0397 357
0.0398 340
0.0399 329
0.04 324
0.0401 319
0.0402 313
0.0403 302
0.0404 299
0.0405 298
0.0406 299
0.0407 300
0.0408 295
0.0409 295
0.041 300
0.0411 302
0.0412 303
0.0413 299
0.0414 299
0.0415 298
0.0416 305
0.0417 307
0.0418 309
0.0419 309
0.042 304
0.0421 315
0.0422 306
0.0423 300
0.0424 297
0.0425 292
0.0426 295
0.0427 295
0.0428 293
0.0429 293
0.043 296
0.0431 296
0.0432 288
0.0433 285
0.0434 281
0.0435 275
0.0436 270
0.0437 270
0.0438 271
0.0439 269
0.044 271
0.0441 276
0.0442 268
0.0443 269
0.0444 271
0.0445 271
0.0446 266
0.0447 262
0.0448 262
0.0449 265
0.045 264
0.0451 258
0.0452 254
0.0453 251
0.0454 244
0.0455 239
0.0456 230
0.0457 229
0.0458 225
0.0459 218
0.046 216
0.0461 214
0.0462 210
0.0463 215
0.0464 219
0.0465 214
0.0466 208
0.0467 208
0.0468 207
0.0469 206
0.047 207
0.0471 208
0.0472 204
0.0473 202
0.0474 197
0.0475 190
0.0476 187
0.0477 184
0.0478 179
0.0479 187
0.048 188
0.0481 197
0.0482 198
0.0483 193
0.0484 192
0.0485 188
0.0486 190
0.0487 190
0.0488 187
0.0489 181
0.049 184
0.0491 184
0.0492 176
0.0493 174
0.0494 165
0.0495 165
0.0496 167
0.0497 166
0.0498 169
0.0499 168
0.05 168
0.0501 171
0.0502 168
0.0503 168
0.0504 168
0.0505 169
0.0506 173
0.0507 175
0.0508 169
0.0509 167
0.051 167
0.0511 162
0.0512 160
0.0513 165
0.0514 168
0.0515 167
0.0516 168
0.0517 170
0.0518 171
0.0519 174
0.052 184
0.0521 194
0.0522 194
0.0523 194
0.0524 195
0.0525 194
0.0526 196
0.0527 193
0.0528 191
0.0529 190
0.053 195
0.0531 193
0.0532 192
0.0533 187
0.0534 192
0.0535 191
0.0536 187
0.0537 185
0.0538 185
0.0539 179
0.054 172
0.0541 171
0.0542 170
0.0543 168
0.0544 168
0.0545 164
0.0546 160
0.0547 158
0.0548 159
0.0549 161
0.055 162
0.0551 158
0.0552 157
0.0553 152
0.0554 147
0.0555 144
0.0556 147
0.0557 153
0.0558 154
0.0559 164
0.056 164
0.0561 164
0.0562 164
0.0563 157
0.0564 155
0.0565 146
0.0566 150
0.0567 151
0.0568 153
0.0569 153
0.057 149
0.0571 148
0.0572 148
0.0573 148
0.0574 147
0.0575 148
0.0576 151
0.0577 150
0.0578 157
0.0579 164
0.058 172
0.0581 180
0.0582 184
0.0583 185
0.0584 186
0.0585 176
0.0586 176
0.0587 175
0.0588 180
0.0589 178
0.059 179
0.0591 181
0.0592 178
0.0593 179
0.0594 180
0.0595 176
0.0596 173
0.0597 166
0.0598 162
0.0599 163
0.06 160
0.0601 166
0.0602 169
0.0603 174
0.0604 173
0.0605 172
0.0606 174
0.0607 176
0.0608 177
0.0609 177
0.061 176
0.0611 177
0.0612 174
0.0613 181
0.0614 188
0.0615 194
0.0616 212
0.0617 212
0.0618 215
0.0619 218
0.062 219
0.0621 221
0.0622 219
0.0623 220
0.0624 217
0.0625 217
0.0626 218
0.0627 218
0.0628 218
0.0629 221
0.063 224
0.0631 231
0.0632 235
0.0633 237
0.0634 240
0.0635 245
0.0636 246
0.0637 245
0.0638 245
0.0639 241
0.064 240
0.0641 236
0.0642 226
0.0643 228
0.0644 219
0.0645 224
0.0646 225
0.0647 229
0.0648 228
0.0649 234
0.065 239
0.0651 253
0.0652 258
0.0653 271
0.0654 279
0.0655 282
0.0656 286
0.0657 280
0.0658 287
0.0659 287
0.066 293
0.0661 296
0.0662 292
0.0663 292
0.0664 291
0.0665 287
0.0666 287
0.0667 279
0.0668 274
0.0669 275
0.067 266
0.0671 268
0.0672 261
0.0673 260
0.0674 259
0.0675 261
0.0676 260
0.0677 260
0.0678 257
0.0679 263
0.068 266
0.0681 263
0.0682 257
0.0683 253
0.0684 255
0.0685 263
0.0686 266
0.0687 267
0.0688 267
0.0689 267
0.069 261
0.0691 253
0.0692 252
0.0693 250
0.0694 250
0.0695 247
0.0696 245
0.0697 249
0.0698 247
0.0699 245
0.07 243
0.0701 248
0.0702 253
0.0703 250
0.0704 256
0.0705 256
0.0706 260
0.0707 270
0.0708 280
0.0709 294
0.071 301
0.0711 311
0.0712 310
0.0713 316
0.0714 307
0.0715 312
0.0716 314
0.0717 311
0.0718 313
0.0719 313
0.072 305
0.0721 303
0.0722 303
0.0723 301
0.0724 304
0.0725 305
0.0726 297
0.0727 294
0.0728 294
0.0729 292
0.073 282
0.0731 277
0.0732 268
0.0733 265
0.0734 273
0.0735 276
0.0736 275
0.0737 274
0.0738 271
0.0739 272
0.074 277
0.0741 286
0.0742 280
0.0743 278
0.0744 273
0.0745 274
0.0746 268
0.0747 265
0.0748 259
0.0749 256
0.075 251
0.0751 254
0.0752 252
0.0753 247
0.0754 244
0.0755 235
0.0756 230
0.0757 230
0.0758 232
0.0759 236
0.076 234
0.0761 237
0.0762 251
0.0763 254
0.0764 257
0.0765 254
0.0766 252
0.0767 257
0.0768 260
0.0769 263
0.077 263
0.0771 266
0.0772 270
0.0773 267
0.0774 260
0.0775 256
0.0776 254
0.0777 253
0.0778 253
0.0779 262
0.078 256
0.0781 257
0.0782 253
0.0783 251
0.0784 251
0.0785 250
0.0786 245
0.0787 244
0.0788 240
0.0789 239
0.079 236
0.0791 238
0.0792 241
0.0793 243
0.0794 242
0.0795 237
0.0796 234
0.0797 234
0.0798 242
0.0799 238
0.08 233
0.0801 235
0.0802 239
0.0803 241
0.0804 238
0.0805 234
0.0806 230
0.0807 231
0.0808 227
0.0809 227
0.081 226
0.0811 233
0.0812 235
0.0813 243
0.0814 240
0.0815 240
0.0816 243
0.0817 240
0.0818 237
0.0819 232
0.082 228
0.0821 223
0.0822 219
0.0823 220
0.0824 224
0.0825 224
0.0826 222
0.0827 222
0.0828 221
0.0829 226
0.083 229
0.0831 238
0.0832 238
0.0833 243
0.0834 244
0.0835 248
0.0836 258
0.0837 256
0.0838 253
0.0839 254
0.084 256
0.0841 263
0.0842 262
0.0843 258
0.0844 257
0.0845 260
0.0846 261
0.0847 261
0.0848 260
0.0849 259
0.085 268
0.0851 271
0.0852 276
0.0853 283
0.0854 280
0.0855 275
0.0856 276
0.0857 281
0.0858 291
0.0859 295
0.086 292
0.0861 288
0.0862 288
0.0863 290
0.0864 283
0.0865 279
0.0866 278
0.0867 277
0.0868 272
0.0869 276
0.087 275
0.0871 273
0.0872 275
0.0873 278
0.0874 278
0.0875 272
0.0876 275
0.0877 278
0.0878 272
0.0879 271
0.088 274
0.0881 281
0.0882 274
0.0883 275
0.0884 271
0.0885 270
0.0886 267
0.0887 264
0.0888 267
0.0889 268
0.089 265
0.0891 266
0.0892 262
0.0893 259
0.0894 262
0.0895 257
0.0896 253
0.0897 245
0.0898 253
0.0899 256
0.09 259
0.0901 254
0.0902 257
0.0903 259
0.0904 267
0.0905 269
0.0906 269
0.0907 269
0.0908 270
0.0909 268
0.091 266
0.0911 267
0.0912 269
0.0913 260
0.0914 261
0.0915 265
0.0916 260
0.0917 263
0.0918 265
0.0919 267
0.092 266
0.0921 266
0.0922 265
0.0923 266
0.0924 265
0.0925 258
0.0926 262
0.0927 258
0.0928 251
0.0929 251
0.093 253
0.0931 253
0.0932 260
0.0933 267
0.0934 274
0.0935 268
0.0936 267
0.0937 263
0.0938 263
0.0939 260
0.094 259
0.0941 254
0.0942 254
0.0943 254
0.0944 251
0.0945 247
0.0946 246
0.0947 241
0.0948 233
0.0949 226
0.095 222
0.0951 219
0.0952 223
0.0953 225
0.0954 221
0.0955 220
0.0956 212
0.0957 209
0.0958 206
0.0959 201
0.096 201
0.0961 194
0.0962 199
0.0963 200
0.0964 192
0.0965 192
0.0966 191
0.0967 191
0.0968 190
0.0969 200
0.097 194
0.0971 198
0.0972 203
0.0973 204
0.0974 212
0.0975 214
0.0976 222
0.0977 226
0.0978 228
0.0979 229
0.098 229
0.0981 229
0.0982 229
0.0983 238
0.0984 236
0.0985 234
0.0986 234
0.0987 235
0.0988 234
0.0989 239
0.099 244
0.0991 243
0.0992 243
0.0993 241
0.0994 237
0.0995 237
0.0996 243
0.0997 239
0.0998 243
0.0999 244
0.1 245
0.1001 246
0.1002 247
0.1003 249
0.1004 254
0.1005 261
0.1006 271
0.1007 283
0.1008 294
0.1009 289
0.101 291
0.1011 295
0.1012 299
0.1013 296
0.1014 298
0.1015 294
0.1016 298
0.1017 298
0.1018 300
0.1019 301
0.102 299
0.1021 301
0.1022 304
0.1023 302
0.1024 300
0.1025 305
0.1026 304
0.1027 306
0.1028 307
0.1029 306
0.103 304
0.1031 308
0.1032 304
0.1033 305
0.1034 306
0.1035 306
0.1036 307
0.1037 309
0.1038 312
0.1039 310
0.104 311
0.1041 312
0.1042 315
0.1043 315
0.1044 318
0.1045 320
0.1046 318
0.1047 319
0.1048 323
0.1049 323
0.105 326
0.1051 329
0.1052 331
0.1053 332
0.1054 332
0.1055 332
0.1056 334
0.1057 338
0.1058 342
0.1059 346
0.106 349
0.1061 350
0.1062 350
0.1063 354
0.1064 356
0.1065 358
0.1066 361
0.1067 362
0.1068 364
0.1069 367
0.107 374
0.1071 374
0.1072 377
0.1073 382
0.1074 384
0.1075 386
0.1076 387
0.1077 388
0.1078 393
0.1079 398
0.108 403
0.1081 409
0.1082 412
0.1083 416
0.1084 418
0.1085 423
0.1086 423
0.1087 425
0.1088 428
0.1089 429
0.109 435
0.1091 437
0.1092 443
0.1093 448
0.1094 449
0.1095 453
0.1096 454
0.1097 460
0.1098 463
0.1099 467
0.11 467
0.1101 478
0.1102 482
0.1103 487
0.1104 490
0.1105 496
0.1106 500
0.1107 505
0.1108 507
0.1109 511
0.111 518
0.1111 525
0.1112 534
0.1113 539
0.1114 547
0.1115 547
0.1116 553
0.1117 560
0.1118 570
0.1119 574
0.112 580
0.1121 585
0.1122 594
0.1123 600
0.1124 607
0.1125 612
0.1126 618
0.1127 624
0.1128 629
0.1129 633
0.113 638
0.1131 640
0.1132 643
0.1133 650
0.1134 659
0.1135 664
0.1136 672
0.1137 679
0.1138 689
0.1139 694
0.114 699
0.1141 711
0.1142 712
0.1143 718
0.1144 722
0.1145 727
0.1146 737
0.1147 745
0.1148 752
0.1149 760
0.115 761
0.1151 769
0.1152 772
0.1153 783
0.1154 786
0.1155 798
0.1156 801
0.1157 806
0.1158 815
0.1159 822
0.116 828
0.1161 836
0.1162 839
0.1163 848
0.1164 851
0.1165 861
0.1166 869
0.1167 877
0.1168 893
0.1169 899
0.117 903
0.1171 908
0.1172 917
0.1173 924
0.1174 935
0.1175 944
0.1176 946
0.1177 956
0.1178 965
0.1179 970
0.118 968
0.1181 981
0.1182 987
0.1183 993
0.1184 1000
0.1185 1008
0.1186 1017
0.1187 1024
0.1188 1037
0.1189 1048
0.119 1051
0.1191 1057
0.1192 1058
0.1193 1068
0.1194 1078
0.1195 1083
0.1196 1088
0.1197 1094
0.1198 1102
0.1199 1111
0.12 1122
0.1201 1126
0.1202 1133
0.1203 1141
0.1204 1149
0.1205 1156
0.1206 1161
0.1207 1172
0.1208 1178
0.1209 1186
0.121 1185
0.1211 1198
0.1212 1208
0.1213 1216
0.1214 1232
0.1215 1240
0.1216 1254
0.1217 1260
0.1218 1269
0.1219 1275
0.122 1285
0.1221 1292
0.1222 1300
0.1223 1309
0.1224 1326
0.1225 1340
0.1226 1349
0.1227 1354
0.1228 1364
0.1229 1369
0.123 1376
0.1231 1390
0.1232 1399
0.1233 1410
0.1234 1413
0.1235 1416
0.1236 1427
0.1237 1434
0.1238 1442
0.1239 1452
0.124 1464
0.1241 1475
0.1242 1479
0.1243 1492
0.1244 1505
0.1245 1509
0.1246 1517
0.1247 1525
0.1248 1535
0.1249 1539
0.125 1551
0.1251 1553
0.1252 1561
0.1253 1578
0.1254 1592
0.1255 1602
0.1256 1616
0.1257 1620
0.1258 1629
0.1259 1643
0.126 1646
0.1261 1657
0.1262 1658
0.1263 1677
0.1264 1683
0.1265 1701
0.1266 1703
0.1267 1706
0.1268 1722
0.1269 1732
0.127 1731
0.1271 1746
0.1272 1750
0.1273 1750
0.1274 1764
0.1275 1779
0.1276 1777
0.1277 1777
0.1278 1785
0.1279 1795
0.128 1804
0.1281 1818
0.1282 1809
0.1283 1811
0.1284 1809
0.1285 1797
0.1286 1806
0.1287 1781
0.1288 1784
0.1289 1792
0.129 1787
0.1291 1759
0.1292 1740
0.1293 1713
0.1294 1679
0.1295 1651
0.1296 1619
0.1297 1581
0.1298 1531
0.1299 1505
0.13 1464
0.1301 1426
0.1302 1389
0.1303 1345
0.1304 1306
0.1305 1278
0.1306 1250
0.1307 1217
0.1308 1202
0.1309 1180
0.131 1147
0.1311 1124
0.1312 1105
0.1313 1074
0.1314 1055
0.1315 1037
0.1316 1020
0.1317 999
0.1318 985
0.1319 971
0.132 946
0.1321 934
0.1322 911
0.1323 890
0.1324 872
0.1325 858
0.1326 845
0.1327 828
0.1328 806
0.1329 797
0.133 786
0.1331 768
0.1332 762
0.1333 747
0.1334 738
0.1335 724
0.1336 707
0.1337 696
0.1338 674
0.1339 652
0.134 642
0.1341 637
0.1342 622
0.1343 604
0.1344 591
0.1345 578
0.1346 573
0.1347 569
0.1348 559
0.1349 553
0.135 543
0.1351 542
0.1352 526
0.1353 509
0.1354 496
0.1355 489
0.1356 481
0.1357 472
0.1358 458
0.1359 452
0.136 450
0.1361 445
0.1362 436
0.1363 431
0.1364 422
0.1365 412
0.1366 409
0.1367 401
0.1368 394
0.1369 386
0.137 378
0.1371 372
0.1372 364
0.1373 365
0.1374 355
0.1375 350
0.1376 347
0.1377 344
0.1378 345
0.1379 339
0.138 341
0.1381 340
0.1382 336
0.1383 342
0.1384 341
0.1385 334
0.1386 332
0.1387 337
0.1388 334
0.1389 335
0.139 329
0.1391 326
0.1392 324
0.1393 322
0.1394 324
0.1395 324
0.1396 328
0.1397 329
0.1398 330
0.1399 336
0.14 332
0.1401 333
0.1402 329
0.1403 328
0.1404 325
0.1405 324
0.1406 316
0.1407 315
0.1408 307
0.1409 298
0.141 294
0.1411 284
0.1412 282
0.1413 282
0.1414 279
0.1415 271
0.1416 268
0.1417 262
0.1418 261
0.1419 265
0.142 256
0.1421 252
0.1422 255
0.1423 255
0.1424 253
0.1425 250
0.1426 245
0.1427 241
0.1428 236
0.1429 233
0.143 230
0.1431 230
0.1432 231
0.1433 228
0.1434 225
0.1435 223
0.1436 218
0.1437 215
0.1438 216
0.1439 214
0.144 219
0.1441 220
0.1442 219
0.1443 220
0.1444 212
0.1445 215
0.1446 210
0.1447 211
0.1448 204
0.1449 203
0.145 204
0.1451 198
0.1452 199
0.1453 204
0.1454 200
0.1455 196
0.1456 194
0.1457 189
0.1458 186
0.1459 183
0.146 186
0.1461 182
0.1462 178
0.1463 180
0.1464 180
0.1465 181
0.1466 186
0.1467 189
0.1468 182
0.1469 180
0.147 177
0.1471 186
0.1472 192
0.1473 190
0.1474 192
0.1475 189
0.1476 189
0.1477 188
0.1478 182
0.1479 175
0.148 176
0.1481 173
0.1482 169
0.1483 172
0.1484 170
0.1485 172
0.1486 171
0.1487 176
0.1488 181
0.1489 183
0.149 186
0.1491 199
0.1492 207
0.1493 212
0.1494 211
0.1495 204
0.1496 203
0.1497 202
0.1498 197
0.1499 190
0.15 190
0.1501 192
0.1502 189
0.1503 189
0.1504 184
0.1505 185
0.1506 185
0.1507 187
0.1508 186
0.1509 184
0.151 186
0.1511 185
0.1512 180
0.1513 177
0.1514 181
0.1515 180
0.1516 186
0.1517 192
0.1518 198
0.1519 205
0.152 209
0.1521 210
0.1522 209
0.1523 204
0.1524 205
0.1525 200
0.1526 199
0.1527 202
0.1528 200
0.1529 202
0.153 199
0.1531 197
0.1532 196
0.1533 200
0.1534 201
0.1535 206
0.1536 201
0.1537 202
0.1538 209
0.1539 215
0.154 209
0.1541 205
0.1542 198
0.1543 199
0.1544 195
0.1545 189
0.1546 191
0.1547 198
0.1548 202
0.1549 202
0.155 196
0.1551 199
0.1552 199
0.1553 201
0.1554 203
0.1555 198
0.1556 201
0.1557 207
0.1558 220
0.1559 227
0.156 231
0.1561 232
0.1562 228
0.1563 230
0.1564 230
0.1565 225
0.1566 225
0.1567 227
0.1568 220
0.1569 219
0.157 223
0.1571 229
0.1572 232
0.1573 232
0.1574 235
0.1575 233
0.1576 232
0.1577 228
0.1578 222
0.1579 224
0.158 225
0.1581 222
0.1582 216
0.1583 211
0.1584 204
0.1585 205
0.1586 198
0.1587 201
0.1588 198
0.1589 197
0.159 203
0.1591 200
0.1592 200
0.1593 200
0.1594 204
0.1595 203
0.1596 201
0.1597 200
0.1598 200
0.1599 195
0.16 197
0.1601 196
0.1602 199
0.1603 204
0.1604 206
0.1605 217
0.1606 222
0.1607 229
0.1608 237
0.1609 246
0.161 252
0.1611 247
0.1612 252
0.1613 253
0.1614 255
0.1615 247
0.1616 242
0.1617 244
0.1618 247
0.1619 241
0.162 242
0.1621 245
0.1622 253
0.1623 248
0.1624 241
0.1625 241
0.1626 242
0.1627 239
0.1628 237
0.1629 234
0.163 235
0.1631 236
0.1632 239
0.1633 244
0.1634 251
0.1635 246
0.1636 246
0.1637 246
0.1638 242
0.1639 246
0.164 243
0.1641 253
0.1642 251
0.1643 256
0.1644 256
0.1645 260
0.1646 259
0.1647 253
0.1648 257
0.1649 257
0.165 256
0.1651 254
0.1652 255
0.1653 256
0.1654 258
0.1655 258
0.1656 257
0.1657 260
0.1658 263
0.1659 263
0.166 268
0.1661 270
0.1662 275
0.1663 275
0.1664 274
0.1665 272
0.1666 265
0.1667 264
0.1668 264
0.1669 264
0.167 266
0.1671 259
0.1672 247
0.1673 246
0.1674 249
0.1675 249
0.1676 248
0.1677 247
0.1678 244
0.1679 242
0.168 241
0.1681 237
0.1682 241
0.1683 241
0.1684 241
0.1685 239
0.1686 237
0.1687 236
0.1688 236
0.1689 231
0.169 231
0.1691 221
0.1692 222
0.1693 221
0.1694 221
0.1695 224
0.1696 228
0.1697 226
0.1698 228
0.1699 231
0.17 235
0.1701 238
0.1702 247
0.1703 244
0.1704 240
0.1705 240
0.1706 242
0.1707 237
0.1708 231
0.1709 230
0.171 225
0.1711 224
0.1712 226
0.1713 221
0.1714 223
0.1715 232
0.1716 250
0.1717 261
0.1718 271
0.1719 267
0.172 272
0.1721 268
0.1722 274
0.1723 274
0.1724 277
0.1725 277
0.1726 282
0.1727 284
0.1728 283
0.1729 293
0.173 294
0.1731 295
0.1732 294
0.1733 294
0.1734 295
0.1735 297
0.1736 306
0.1737 312
0.1738 326
0.1739 325
0.174 330
0.1741 328
0.1742 341
0.1743 342
0.1744 347
0.1745 343
0.1746 349
0.1747 348
0.1748 341
0.1749 336
0.175 336
0.1751 329
0.1752 320
0.1753 310
0.1754 307
0.1755 297
0.1756 291
0.1757 283
0.1758 281
0.1759 281
0.176 284
0.1761 278
0.1762 273
0.1763 274
0.1764 274
0.1765 272
0.1766 269
0.1767 266
0.1768 263
0.1769 261
0.177 257
0.1771 251
0.1772 248
0.1773 239
0.1774 233
0.1775 231
0.1776 228
0.1777 224
0.1778 227
0.1779 228
0.178 230
0.1781 233
0.1782 237
0.1783 242
0.1784 242
0.1785 251
0.1786 253
0.1787 250
0.1788 246
0.1789 247
0.179 244
0.1791 240
0.1792 238
0.1793 242
0.1794 242
0.1795 240
0.1796 235
0.1797 235
0.1798 235
0.1799 230
0.18 231
0.1801 234
0.1802 231
0.1803 229
0.1804 226
0.1805 224
0.1806 221
0.1807 208
0.1808 203
0.1809 196
0.181 194
0.1811 189
0.1812 186
0.1813 175
0.1814 174
0.1815 175
0.1816 171
0.1817 172
0.1818 176
0.1819 179
0.182 178
0.1821 179
0.1822 179
0.1823 179
0.1824 182
0.1825 182
0.1826 178
0.1827 179
0.1828 179
0.1829 185
0.183 187
0.1831 185
0.1832 185
0.1833 181
0.1834 184
0.1835 182
0.1836 182
0.1837 182
0.1838 184
0.1839 187
0.184 193
0.1841 187
0.1842 186
0.1843 186
0.1844 190
0.1845 190
0.1846 203
0.1847 205
0.1848 208
0.1849 213
0.185 228
0.1851 256
0.1852 278
0.1853 301
0.1854 322
0.1855 332
0.1856 342
0.1857 343
0.1858 348
0.1859 349
0.186 353
0.1861 349
0.1862 352
0.1863 358
0.1864 355
0.1865 356
0.1866 358
0.1867 364
0.1868 358
0.1869 361
0.187 361
0.1871 365
0.1872 361
0.1873 366
0.1874 364
0.1875 363
0.1876 370
0.1877 370
0.1878 372
0.1879 368
0.188 372
0.1881 372
0.1882 375
0.1883 378
0.1884 378
0.1885 376
0.1886 377
0.1887 378
0.1888 376
0.1889 378
0.189 373
0.1891 378
0.1892 382
0.1893 384
0.1894 384
0.1895 386
0.1896 389
0.1897 388
0.1898 390
0.1899 390
0.19 395
0.1901 396
0.1902 397
0.1903 399
0.1904 402
0.1905 404
0.1906 406
0.1907 409
0.1908 412
0.1909 415
0.191 414
0.1911 418
0.1912 417
0.1913 420
0.1914 423
0.1915 428
0.1916 434
0.1917 440
0.1918 445
0.1919 446
0.192 451
0.1921 454
0.1922 462
0.1923 466
0.1924 471
0.1925 473
0.1926 474
0.1927 482
0.1928 486
0.1929 488
0.193 491
0.1931 502
0.1932 503
0.1933 507
0.1934 512
0.1935 519
0.1936 524
0.1937 532
0.1938 537
0.1939 547
0.194 557
0.1941 565
0.1942 570
0.1943 574
0.1944 575
0.1945 579
0.1946 584
0.1947 596
0.1948 601
0.1949 603
0.195 610
0.1951 620
0.1952 630
0.1953 633
0.1954 644
0.1955 650
0.1956 653
0.1957 670
0.1958 676
0.1959 683
0.196 687
0.1961 693
0.1962 697
0.1963 704
0.1964 710
0.1965 719
0.1966 726
0.1967 735
0.1968 741
0.1969 749
0.197 753
0.1971 762
0.1972 769
0.1973 775
0.1974 790
0.1975 804
0.1976 811
0.1977 818
0.1978 833
0.1979 842
0.198 848
0.1981 864
0.1982 871
0.1983 884
0.1984 896
0.1985 906
0.1986 908
0.1987 915
0.1988 923
0.1989 932
0.199 940
0.1991 951
0.1992 957
0.1993 966
0.1994 975
0.1995 985
0.1996 989
0.1997 995
0.1998 1005
0.1999 1014
0.2 1022
0.2001 1026
0.2002 1039
0.2003 1050
0.2004 1060
0.2005 1073
0.2006 1083
0.2007 1091
0.2008 1101
0.2009 1105
0.201 1115
0.2011 1130
0.2012 1133
0.2013 1145
0.2014 1155
0.2015 1164
0.2016 1170
0.2017 1179
0.2018 1189
0.2019 1194
0.202 1208
0.2021 1215
0.2022 1220
0.2023 1223
0.2024 1232
0.2025 1236
0.2026 1243
0.2027 1244
0.2028 1248
0.2029 1258
0.203 1269
0.2031 1278
0.2032 1275
0.2033 1288
0.2034 1293
0.2035 1301
0.2036 1309
0.2037 1319
0.2038 1328
0.2039 1337
0.204 1340
0.2041 1347
0.2042 1355
0.2043 1359
0.2044 1361
0.2045 1366
0.2046 1377
0.2047 1379
0.2048 1390
0.2049 1392
0.205 1400
0.2051 1401
0.2052 1407
0.2053 1412
0.2054 1417
0.2055 1426
0.2056 1439
0.2057 1439
0.2058 1439
0.2059 1449
0.206 1460
0.2061 1465
0.2062 1471
0.2063 1468
0.2064 1477
0.2065 1490
0.2066 1501
0.2067 1504
0.2068 1510
0.2069 1505
0.207 1515
0.2071 1519
0.2072 1530
0.2073 1529
0.2074 1534
0.2075 1540
0.2076 1544
0.2077 1548
0.2078 1559
0.2079 1561
0.208 1569
0.2081 1567
0.2082 1583
0.2083 1577
0.2084 1582
0.2085 1581
0.2086 1589
0.2087 1597
0.2088 1592
0.2089 1598
0.209 1605
0.2091 1609
0.2092 1615
0.2093 1621
0.2094 1630
0.2095 1629
0.2096 1632
0.2097 1643
0.2098 1640
0.2099 1631
0.21 1650
0.2101 1663
0.2102 1677
0.2103 1673
0.2104 1666
0.2105 1683
0.2106 1687
0.2107 1684
0.2108 1685
0.2109 1684
0.211 1672
0.2111 1672
0.2112 1662
0.2113 1640
0.2114 1610
0.2115 1567
0.2116 1534
0.2117 1517
0.2118 1483
0.2119 1459
0.212 1429
0.2121 1399
0.2122 1368
0.2123 1336
0.2124 1317
0.2125 1295
0.2126 1272
0.2127 1250
0.2128 1223
0.2129 1200
0.213 1176
0.2131 1160
0.2132 1139
0.2133 1124
0.2134 1106
0.2135 1096
0.2136 1075
0.2137 1074
0.2138 1053
0.2139 1040
0.214 1026
0.2141 1019
0.2142 1005
0.2143 995
0.2144 987
0.2145 973
0.2146 954
0.2147 932
0.2148 914
0.2149 901
0.215 879
0.2151 865
0.2152 843
0.2153 831
0.2154 815
0.2155 807
0.2156 791
0.2157 782
0.2158 779
0.2159 772
0.216 755
0.2161 738
0.2162 725
0.2163 712
0.2164 698
0.2165 692
0.2166 677
0.2167 670
0.2168 654
0.2169 638
0.217 626
0.2171 615
0.2172 605
0.2173 606
0.2174 613
0.2175 602
0.2176 597
0.2177 592
0.2178 576
0.2179 562
0.218 555
0.2181 549
0.2182 547
0.2183 528
0.2184 516
0.2185 510
0.2186 498
0.2187 485
0.2188 480
0.2189 475
0.219 455
0.2191 443
0.2192 439
0.2193 441
0.2194 440
0.2195 437
0.2196 434
0.2197 427
0.2198 418
0.2199 413
0.22 412
0.2201 403
0.2202 398
0.2203 391
0.2204 385
0.2205 380
0.2206 376
0.2207 367
0.2208 363
0.2209 364
0.221 365
0.2211 360
0.2212 363
0.2213 369
0.2214 374
0.2215 373
0.2216 369
0.2217 371
0.2218 371
0.2219 374
0.222 371
0.2221 363
0.2222 362
0.2223 357
0.2224 348
0.2225 341
0.2226 338
0.2227 338
0.2228 330
0.2229 325
0.223 320
0.2231 312
0.2232 311
0.2233 306
0.2234 301
0.2235 294
0.2236 294
0.2237 288
0.2238 282
0.2239 273
0.224 273
0.2241 271
0.2242 266
0.2243 265
0.2244 261
0.2245 254
0.2246 255
0.2247 255
0.2248 248
0.2249 251
0.225 254
0.2251 257
0.2252 258
0.2253 266
0.2254 262
0.2255 264
0.2256 262
0.2257 259
0.2258 252
0.2259 256
0.226 249
0.2261 250
0.2262 251
0.2263 257
0.2264 252
0.2265 255
0.2266 249
0.2267 243
0.2268 243
0.2269 238
0.227 232
0.2271 228
0.2272 222
0.2273 219
0.2274 219
0.2275 217
0.2276 216
0.2277 216
0.2278 224
0.2279 227
0.228 223
0.2281 226
0.2282 225
0.2283 231
0.2284 227
0.2285 226
0.2286 227
0.2287 226
0.2288 232
0.2289 248
0.229 252
0.2291 254
0.2292 255
0.2293 263
0.2294 266
0.2295 266
0.2296 265
0.2297 269
0.2298 262
0.2299 259
0.23 258
0.2301 262
0.2302 266
0.2303 270
0.2304 271
0.2305 277
0.2306 273
0.2307 279
0.2308 277
0.2309 276
0.231 279
0.2311 288
0.2312 295
0.2313 300
0.2314 308
0.2315 307
0.2316 307
0.2317 302
0.2318 294
0.2319 284
0.232 275
0.2321 270
0.2322 267
0.2323 260
0.2324 257
0.2325 253
0.2326 251
0.2327 251
0.2328 244
0.2329 240
0.233 240
0.2331 236
0.2332 229
0.2333 227
0.2334 223
0.2335 222
0.2336 222
0.2337 219
0.2338 216
0.2339 218
0.234 218
0.2341 231
0.2342 241
0.2343 239
0.2344 246
0.2345 248
0.2346 250
0.2347 253
0.2348 259
0.2349 253
0.235 248
0.2351 252
0.2352 251
0.2353 247
0.2354 245
0.2355 240
0.2356 242
0.2357 242
0.2358 241
0.2359 240
0.236 239
0.2361 231
0.2362 225
0.2363 228
0.2364 226
0.2365 231
0.2366 230
0.2367 227
0.2368 230
0.2369 232
0.237 235
0.2371 240
0.2372 245
0.2373 248
0.2374 247
0.2375 243
0.2376 241
0.2377 244
0.2378 243
0.2379 236
0.238 237
0.2381 233
0.2382 234
0.2383 237
0.2384 234
0.2385 231
0.2386 229
0.2387 229
0.2388 227
0.2389 225
0.239 221
0.2391 231
0.2392 232
0.2393 235
0.2394 234
0.2395 233
0.2396 239
0.2397 237
0.2398 240
0.2399 241
0.24 245
0.2401 247
0.2402 251
0.2403 252
0.2404 252
0.2405 262
0.2406 259
0.2407 256
0.2408 246
0.2409 247
0.241 251
0.2411 249
0.2412 257
0.2413 257
0.2414 265
0.2415 275
0.2416 278
0.2417 288
0.2418 287
0.2419 289
0.242 290
0.2421 293
0.2422 293
0.2423 301
0.2424 303
0.2425 303
0.2426 302
0.2427 300
0.2428 294
0.2429 288
0.243 281
0.2431 278
0.2432 284
0.2433 283
0.2434 291
0.2435 300
0.2436 295
0.2437 295
0.2438 295
0.2439 304
0.244 311
0.2441 313
0.2442 317
0.2443 315
0.2444 311
0.2445 312
0.2446 313
0.2447 308
0.2448 299
0.2449 297
0.245 290
0.2451 284
0.2452 280
0.2453 277
0.2454 274
0.2455 267
0.2456 269
0.2457 269
0.2458 269
0.2459 270
0.246 267
0.2461 273
0.2462 268
0.2463 272
0.2464 272
0.2465 265
0.2466 267
0.2467 273
0.2468 267
0.2469 268
0.247 269
0.2471 271
0.2472 277
0.2473 283
0.2474 280
0.2475 276
0.2476 277
0.2477 282
0.2478 285
0.2479 280
0.248 286
0.2481 288
0.2482 283
0.2483 280
0.2484 274
0.2485 271
0.2486 267
0.2487 263
0.2488 255
0.2489 257
0.249 261
0.2491 266
0.2492 261
0.2493 268
0.2494 271
0.2495 278
0.2496 291
0.2497 292
0.2498 303
0.2499 303
0.25 314
