0 0
0.0001 0
0.0002 0
0.0003 0
0.0004 0
0.0005 0
0.0006 0
0.0007 0
0.0008 0
0.0009 1
0.001 1
0.0011 2
0.0012 2
0.0013 2
0.0014 3
0.0015 3
0.0016 3
0.0017 3
0.0018 3
0.0019 3
0.002 3
0.0021 3
0.0022 3
0.0023 2
0.0024 2
0.0025 1
0.0026 1
0.0027 1
0.0028 2
0.0029 4
0.003 4
0.0031 5
0.0032 4
0.0033 5
0.0034 5
0.0035 5
0.0036 5
0.0037 5
0.0038 5
0.0039 5
0.004 5
0.0041 6
0.0042 6
0.0043 6
0.0044 6
0.0045 9
0.0046 7
0.0047 9
0.0048 9
0.0049 9
0.005 9
0.0051 9
0.0052 9
0.0053 9
0.0054 8
0.0055 8
0.0056 9
0.0057 8
0.0058 8
0.0059 8
0.006 8
0.0061 7
0.0062 8
0.0063 8
0.0064 8
0.0065 9
0.0066 9
0.0067 9
0.0068 9
0.0069 10
0.007 10
0.0071 12
0.0072 12
0.0073 13
0.0074 12
0.0075 12
0.0076 12
0.0077 12
0.0078 13
0.0079 14
0.008 16
0.0081 16
0.0082 15
0.0083 14
0.0084 14
0.0085 14
0.0086 14
0.0087 14
0.0088 14
0.0089 13
0.009 13
0.0091 13
0.0092 14
0.0093 14
0.0094 14
0.0095 14
0.0096 14
0.0097 14
0.0098 15
0.0099 14
0.01 16
0.0101 14
0.0102 15
0.0103 15
0.0104 15
0.0105 14
0.0106 15
0.0107 17
0.0108 18
0.0109 19
0.011 19
0.0111 17
0.0112 17
0.0113 19
0.0114 17
0.0115 16
0.0116 16
0.0117 15
0.0118 16
0.0119 15
0.012 15
0.0121 16
0.0122 16
0.0123 16
0.0124 18
0.0125 18
0.0126 15
0.0127 16
0.0128 18
0.0129 19
0.013 18
0.0131 17
0.0132 16
0.0133 16
0.0134 16
0.0135 18
0.0136 19
0.0137 22
0.0138 21
0.0139 23
0.014 23
0.0141 23
0.0142 23
0.0143 23
0.0144 22
0.0145 22
0.0146 22
0.0147 23
0.0148 23
0.0149 24
0.015 24
0.0151 21
0.0152 20
0.0153 21
0.0154 23
0.0155 24
0.0156 26
0.0157 24
0.0158 25
0.0159 28
0.016 30
0.0161 31
0.0162 30
0.0163 30
0.0164 30
0.0165 31
0.0166 30
0.0167 29
0.0168 29
0.0169 28
0.017 29
0.0171 28
0.0172 28
0.0173 28
0.0174 29
0.0175 28
0.0176 27
0.0177 28
0.0178 29
0.0179 30
0.018 31
0.0181 31
0.0182 32
0.0183 28
0.0184 30
0.0185 30
0.0186 30
0.0187 29
0.0188 28
0.0189 29
0.019 31
0.0191 32
0.0192 33
0.0193 32
0.0194 33
0.0195 35
0.0196 36
0.0197 39
0.0198 36
0.0199 38
0.02 40
0.0201 38
0.0202 38
0.0203 38
0.0204 39
0.0205 40
0.0206 41
0.0207 41
0.0208 39
0.0209 39
0.021 38
0.0211 38
0.0212 37
0.0213 36
0.0214 36
0.0215 37
0.0216 38
0.0217 36
0.0218 35
0.0219 36
0.022 35
0.0221 33
0.0222 33
0.0223 34
0.0224 32
0.0225 34
0.0226 35
0.0227 33
0.0228 35
0.0229 35
0.023 37
0.0231 37
0.0232 37
0.0233 37
0.0234 37
0.0235 37
0.0236 36
0.0237 38
0.0238 37
0.0239 36
0.024 36
0.0241 37
0.0242 36
0.0243 37
0.0244 39
0.0245 39
0.0246 40
0.0247 37
0.0248 37
0.0249 36
0.025 35
0.0251 36
0.0252 37
0.0253 39
0.0254 39
0.0255 39
0.0256 38
0.0257 38
0.0258 39
0.0259 38
0.026 40
0.0261 41
0.0262 40
0.0263 39
0.0264 39
0.0265 39
0.0266 40
0.0267 40
0.0268 40
0.0269 38
0.027 39
0.0271 39
0.0272 40
0.0273 40
0.0274 40
0.0275 40
0.0276 38
0.0277 35
0.0278 36
0.0279 34
0.028 34
0.0281 34
0.0282 34
0.0283 34
0.0284 33
0.0285 33
0.0286 33
0.0287 34
0.0288 34
0.0289 34
0.029 33
0.0291 32
0.0292 32
0.0293 31
0.0294 31
0.0295 32
0.0296 31
0.0297 34
0.0298 34
0.0299 35
0.03 36
0.0301 36
0.0302 36
0.0303 37
0.0304 35
0.0305 34
0.0306 34
0.0307 35
0.0308 35
0.0309 34
0.031 35
0.0311 35
0.0312 35
0.0313 36
0.0314 35
0.0315 37
0.0316 35
0.0317 35
0.0318 35
0.0319 36
0.032 34
0.0321 34
0.0322 35
0.0323 35
0.0324 33
0.0325 30
0.0326 30
0.0327 31
0.0328 31
0.0329 32
0.033 30
0.0331 30
0.0332 32
0.0333 32
0.0334 30
0.0335 28
0.0336 26
0.0337 27
0.0338 28
0.0339 30
0.034 31
0.0341 32
0.0342 34
0.0343 34
0.0344 35
0.0345 36
0.0346 35
0.0347 35
0.0348 36
0.0349 39
0.035 39
0.0351 39
0.0352 39
0.0353 38
0.0354 38
0.0355 38
0.0356 38
0.0357 38
0.0358 37
0.0359 35
0.036 35
0.0361 35
0.0362 34
0.0363 34
0.0364 34
0.0365 35
0.0366 34
0.0367 35
0.0368 34
0.0369 33
0.037 34
0.0371 33
0.0372 33
0.0373 33
0.0374 33
0.0375 35
0.0376 35
0.0377 36
0.0378 36
0.0379 37
0.038 36
0.0381 35
0.0382 38
0.0383 38
0.0384 38
0.0385 36
0.0386 37
0.0387 36
0.0388 36
0.0389 35
0.039 35
0.0391 36
0.0392 36
0.0393 36
0.0394 36
0.0395 36
0.0396 36
0.0397 35
0.0398 35
0.0399 36
0.04 36
0.0401 35
0.0402 35
0.0403 35
0.0404 36
0.0405 35
0.0406 35
0.0407 34
0.0408 34
0.0409 34
0.041 34
0.0411 34
0.0412 34
0.0413 33
0.0414 31
0.0415 31
0.0416 32
0.0417 31
0.0418 31
0.0419 32
0.042 31
0.0421 32
0.0422 31
0.0423 32
0.0424 32
0.0425 31
0.0426 30
0.0427 29
0.0428 31
0.0429 31
0.043 30
0.0431 29
0.0432 29
0.0433 28
0.0434 28
0.0435 28
0.0436 28
0.0437 29
0.0438 29
0.0439 31
0.044 31
0.0441 31
0.0442 29
0.0443 29
0.0444 29
0.0445 28
0.0446 29
0.0447 28
0.0448 27
0.0449 27
0.045 28
0.0451 28
0.0452 28
0.0453 28
0.0454 29
0.0455 29
0.0456 28
0.0457 28
0.0458 28
0.0459 29
0.046 29
0.0461 29
0.0462 29
0.0463 28
0.0464 27
0.0465 28
0.0466 28
0.0467 28
0.0468 28
0.0469 27
0.047 28
0.0471 28
0.0472 28
0.0473 29
0.0474 28
0.0475 28
0.0476 29
0.0477 29
0.0478 30
0.0479 31
0.048 31
0.0481 32
0.0482 32
0.0483 31
0.0484 32
0.0485 33
0.0486 32
0.0487 30
0.0488 30
0.0489 30
0.049 31
0.0491 33
0.0492 32
0.0493 32
0.0494 32
0.0495 32
0.0496 32
0.0497 31
0.0498 31
0.0499 31
0.05 29
0.0501 28
0.0502 29
0.0503 29
0.0504 29
0.0505 29
0.0506 30
0.0507 29
0.0508 30
0.0509 30
0.051 30
0.0511 30
0.0512 31
0.0513 31
0.0514 29
0.0515 28
0.0516 29
0.0517 30
0.0518 30
0.0519 30
0.052 31
0.0521 31
0.0522 31
0.0523 30
0.0524 32
0.0525 31
0.0526 31
0.0527 32
0.0528 31
0.0529 31
0.053 30
0.0531 30
0.0532 29
0.0533 30
0.0534 31
0.0535 33
0.0536 34
0.0537 34
0.0538 36
0.0539 36
0.054 38
0.0541 38
0.0542 37
0.0543 38
0.0544 38
0.0545 38
0.0546 38
0.0547 36
0.0548 38
0.0549 38
0.055 36
0.0551 36
0.0552 36
0.0553 36
0.0554 36
0.0555 36
0.0556 35
0.0557 35
0.0558 36
0.0559 35
0.056 36
0.0561 36
0.0562 35
0.0563 35
0.0564 34
0.0565 33
0.0566 33
0.0567 33
0.0568 32
0.0569 32
0.057 32
0.0571 31
0.0572 32
0.0573 32
0.0574 31
0.0575 32
0.0576 33
0.0577 34
0.0578 34
0.0579 35
0.058 34
0.0581 34
0.0582 35
0.0583 35
0.0584 36
0.0585 36
0.0586 35
0.0587 37
0.0588 36
0.0589 37
0.059 38
0.0591 39
0.0592 38
0.0593 37
0.0594 38
0.0595 39
0.0596 39
0.0597 39
0.0598 38
0.0599 38
0.06 37
0.0601 38
0.0602 38
0.0603 38
0.0604 37
0.0605 37
0.0606 36
0.0607 34
0.0608 34
0.0609 35
0.061 35
0.0611 35
0.0612 35
0.0613 33
0.0614 36
0.0615 36
0.0616 35
0.0617 34
0.0618 36
0.0619 35
0.062 34
0.0621 33
0.0622 33
0.0623 33
0.0624 34
0.0625 34
0.0626 34
0.0627 34
0.0628 36
0.0629 36
0.063 36
0.0631 34
0.0632 34
0.0633 34
0.0634 33
0.0635 34
0.0636 34
0.0637 34
0.0638 33
0.0639 34
0.064 34
0.0641 35
0.0642 36
0.0643 36
0.0644 36
0.0645 36
0.0646 36
0.0647 37
0.0648 36
0.0649 35
0.065 37
0.0651 36
0.0652 36
0.0653 37
0.0654 38
0.0655 38
0.0656 37
0.0657 36
0.0658 35
0.0659 35
0.066 35
0.0661 35
0.0662 34
0.0663 34
0.0664 34
0.0665 34
0.0666 33
0.0667 36
0.0668 36
0.0669 38
0.067 37
0.0671 37
0.0672 36
0.0673 36
0.0674 35
0.0675 37
0.0676 37
0.0677 38
0.0678 37
0.0679 35
0.068 35
0.0681 36
0.0682 36
0.0683 35
0.0684 34
0.0685 33
0.0686 32
0.0687 32
0.0688 33
0.0689 31
0.069 31
0.0691 31
0.0692 28
0.0693 27
0.0694 27
0.0695 28
0.0696 28
0.0697 28
0.0698 30
0.0699 30
0.07 31
0.0701 30
0.0702 28
0.0703 29
0.0704 29
0.0705 27
0.0706 27
0.0707 27
0.0708 27
0.0709 27
0.071 27
0.0711 26
0.0712 26
0.0713 26
0.0714 26
0.0715 27
0.0716 28
0.0717 28
0.0718 28
0.0719 28
0.072 28
0.0721 28
0.0722 28
0.0723 28
0.0724 28
0.0725 28
0.0726 27
0.0727 28
0.0728 28
0.0729 29
0.073 29
0.0731 29
0.0732 29
0.0733 29
0.0734 29
0.0735 29
0.0736 29
0.0737 29
0.0738 29
0.0739 29
0.074 29
0.0741 29
0.0742 29
0.0743 29
0.0744 28
0.0745 28
0.0746 28
0.0747 27
0.0748 27
0.0749 26
0.075 26
0.0751 26
0.0752 26
0.0753 26
0.0754 26
0.0755 24
0.0756 25
0.0757 23
0.0758 23
0.0759 24
0.076 23
0.0761 22
0.0762 21
0.0763 21
0.0764 21
0.0765 21
0.0766 21
0.0767 20
0.0768 21
0.0769 21
0.077 21
0.0771 21
0.0772 20
0.0773 19
0.0774 20
0.0775 20
0.0776 20
0.0777 21
0.0778 21
0.0779 21
0.078 21
0.0781 20
0.0782 20
0.0783 20
0.0784 20
0.0785 20
0.0786 19
0.0787 19
0.0788 19
0.0789 19
0.079 18
0.0791 18
0.0792 18
0.0793 18
0.0794 19
0.0795 19
0.0796 19
0.0797 19
0.0798 19
0.0799 19
0.08 19
0.0801 19
0.0802 20
0.0803 19
0.0804 20
0.0805 19
0.0806 19
0.0807 19
0.0808 19
0.0809 19
0.081 19
0.0811 19
0.0812 19
0.0813 18
0.0814 17
0.0815 17
0.0816 17
0.0817 17
0.0818 17
0.0819 17
0.082 17
0.0821 17
0.0822 17
0.0823 17
0.0824 17
0.0825 17
0.0826 16
0.0827 16
0.0828 17
0.0829 17
0.083 17
0.0831 17
0.0832 17
0.0833 17
0.0834 17
0.0835 17
0.0836 17
0.0837 16
0.0838 16
0.0839 15
0.084 16
0.0841 17
0.0842 17
0.0843 17
0.0844 17
0.0845 17
0.0846 17
0.0847 17
0.0848 17
0.0849 18
0.085 17
0.0851 18
0.0852 18
0.0853 18
0.0854 19
0.0855 19
0.0856 19
0.0857 20
0.0858 20
0.0859 20
0.086 20
0.0861 20
0.0862 20
0.0863 21
0.0864 22
0.0865 22
0.0866 21
0.0867 22
0.0868 23
0.0869 23
0.087 23
0.0871 23
0.0872 22
0.0873 23
0.0874 23
0.0875 25
0.0876 25
0.0877 25
0.0878 25
0.0879 25
0.088 24
0.0881 24
0.0882 24
0.0883 24
0.0884 24
0.0885 24
0.0886 24
0.0887 24
0.0888 25
0.0889 24
0.089 24
0.0891 25
0.0892 24
0.0893 24
0.0894 24
0.0895 25
0.0896 25
0.0897 26
0.0898 26
0.0899 26
0.09 26
0.0901 26
0.0902 27
0.0903 27
0.0904 27
0.0905 27
0.0906 26
0.0907 26
0.0908 26
0.0909 26
0.091 26
0.0911 25
0.0912 25
0.0913 25
0.0914 26
0.0915 27
0.0916 27
0.0917 26
0.0918 25
0.0919 25
0.092 26
0.0921 26
0.0922 25
0.0923 26
0.0924 26
0.0925 26
0.0926 26
0.0927 26
0.0928 24
0.0929 24
0.093 24
0.0931 24
0.0932 25
0.0933 25
0.0934 24
0.0935 24
0.0936 23
0.0937 25
0.0938 26
0.0939 26
0.094 25
0.0941 25
0.0942 24
0.0943 23
0.0944 22
0.0945 22
0.0946 22
0.0947 22
0.0948 22
0.0949 22
0.095 22
0.0951 22
0.0952 21
0.0953 21
0.0954 21
0.0955 21
0.0956 20
0.0957 18
0.0958 18
0.0959 18
0.096 19
0.0961 20
0.0962 21
0.0963 21
0.0964 21
0.0965 21
0.0966 21
0.0967 20
0.0968 20
0.0969 19
0.097 19
0.0971 19
0.0972 20
0.0973 20
0.0974 20
0.0975 20
0.0976 20
0.0977 20
0.0978 20
0.0979 19
0.098 19
0.0981 19
0.0982 19
0.0983 20
0.0984 20
0.0985 20
0.0986 20
0.0987 20
0.0988 20
0.0989 20
0.099 20
0.0991 20
0.0992 20
0.0993 19
0.0994 19
0.0995 20
0.0996 21
0.0997 21
0.0998 22
0.0999 22
0.1 22
