0 0
0.01 40
0.02 63
0.03 78
0.04 97
0.05 99
0.06 100
0.07 105
0.08 105
0.09 111
0.1 103
0.11 97
0.12 90
0.13 89
0.14 85
0.15 79
0.16 84
0.17 80
0.18 77
0.19 77
0.2 78
0.21 79
0.22 78
0.23 66
0.24 71
0.25 67
0.26 65
0.27 61
0.28 65
0.29 71
0.3 67
0.31 74
0.32 70
0.33 73
0.34 71
0.35 72
0.36 74
0.37 69
0.38 68
0.39 67
0.4 68
0.41 71
0.42 66
0.43 73
0.44 71
0.45 71
0.46 74
0.47 73
0.48 77
0.49 79
0.5 84
0.51 78
0.52 71
0.53 74
0.54 74
0.55 71
0.56 71
0.57 72
0.58 71
0.59 75
0.6 79
0.61 77
0.62 79
0.63 81
0.64 76
0.65 78
0.66 73
0.67 74
0.68 77
0.69 84
0.7 89
0.71 83
0.72 75
0.73 70
0.74 69
0.75 67
0.76 65
0.77 64
0.78 69
0.79 70
0.8 72
0.81 66
0.82 76
0.83 75
0.84 76
0.85 76
0.86 71
0.87 75
0.88 76
0.89 83
0.9 85
0.91 82
0.92 83
0.93 78
0.94 73
0.95 69
0.96 72
0.97 69
0.98 63
0.99 65
1 67
1.01 66
1.02 66
1.03 67
1.04 68
1.05 69
1.06 67
1.07 65
1.08 64
1.09 64
1.1 65
1.11 65
1.12 67
1.13 61
1.14 57
1.15 54
1.16 59
1.17 57
1.18 55
1.19 53
1.2 59
1.21 61
1.22 53
1.23 48
1.24 55
1.25 58
1.26 56
1.27 62
1.28 52
1.29 53
1.3 58
1.31 57
1.32 63
1.33 65
1.34 66
1.35 75
1.36 70
1.37 63
1.38 62
1.39 61
1.4 55
1.41 56
1.42 58
1.43 61
1.44 61
1.45 63
1.46 68
1.47 67
1.48 67
1.49 72
1.5 66
1.51 63
1.52 67
1.53 61
1.54 58
1.55 61
1.56 61
1.57 64
1.58 63
1.59 62
1.6 59
1.61 63
1.62 63
1.63 62
1.64 56
1.65 54
1.66 61
1.67 61
1.68 61
1.69 58
1.7 57
1.71 52
1.72 52
1.73 54
1.74 55
1.75 50
1.76 51
1.77 59
1.78 60
1.79 61
1.8 57
1.81 53
1.82 57
1.83 58
1.84 54
1.85 60
1.86 53
1.87 54
1.88 53
1.89 53
1.9 49
1.91 50
1.92 54
1.93 55
1.94 55
1.95 51
1.96 49
1.97 51
1.98 51
1.99 55
2 60
