0 0
0.0001 1
0.0002 5
0.0003 14
0.0004 23
0.0005 30
0.0006 44
0.0007 73
0.0008 105
0.0009 139
0.001 179
0.0011 211
0.0012 234
0.0013 242
0.0014 263
0.0015 299
0.0016 313
0.0017 333
0.0018 358
0.0019 377
0.002 408
0.0021 454
0.0022 516
0.0023 551
0.0024 587
0.0025 614
0.0026 624
0.0027 630
0.0028 636
0.0029 643
0.003 663
0.0031 685
0.0032 711
0.0033 759
0.0034 791
0.0035 840
0.0036 880
0.0037 914
0.0038 948
0.0039 968
0.004 984
0.0041 1002
0.0042 1017
0.0043 1050
0.0044 1092
0.0045 1111
0.0046 1133
0.0047 1154
0.0048 1182
0.0049 1202
0.005 1235
0.0051 1275
0.0052 1296
0.0053 1332
0.0054 1341
0.0055 1371
0.0056 1384
0.0057 1400
0.0058 1414
0.0059 1448
0.006 1476
0.0061 1496
0.0062 1496
0.0063 1502
0.0064 1528
0.0065 1521
0.0066 1538
0.0067 1540
0.0068 1558
0.0069 1559
0.007 1571
0.0071 1569
0.0072 1577
0.0073 1571
0.0074 1582
0.0075 1580
0.0076 1583
0.0077 1594
0.0078 1610
0.0079 1625
0.008 1636
0.0081 1649
0.0082 1649
0.0083 1643
0.0084 1663
0.0085 1668
0.0086 1672
0.0087 1701
0.0088 1714
0.0089 1743
0.009 1764
0.0091 1770
0.0092 1806
0.0093 1820
0.0094 1829
0.0095 1814
0.0096 1808
0.0097 1816
0.0098 1823
0.0099 1812
0.01 1802
0.0101 1785
0.0102 1765
0.0103 1763
0.0104 1746
0.0105 1726
0.0106 1729
0.0107 1716
0.0108 1720
0.0109 1720
0.011 1720
0.0111 1730
0.0112 1729
0.0113 1737
0.0114 1743
0.0115 1736
0.0116 1714
0.0117 1724
0.0118 1729
0.0119 1720
0.012 1700
0.0121 1684
0.0122 1674
0.0123 1672
0.0124 1694
0.0125 1701
0.0126 1704
0.0127 1694
0.0128 1665
0.0129 1643
0.013 1623
0.0131 1616
0.0132 1613
0.0133 1618
0.0134 1598
0.0135 1578
0.0136 1560
0.0137 1560
0.0138 1542
0.0139 1522
0.014 1516
0.0141 1501
0.0142 1479
0.0143 1487
0.0144 1484
0.0145 1489
0.0146 1482
0.0147 1476
0.0148 1478
0.0149 1479
0.015 1468
0.0151 1471
0.0152 1482
0.0153 1486
0.0154 1484
0.0155 1477
0.0156 1474
0.0157 1464
0.0158 1453
0.0159 1440
0.016 1416
0.0161 1396
0.0162 1393
0.0163 1374
0.0164 1353
0.0165 1343
0.0166 1348
0.0167 1334
0.0168 1322
0.0169 1314
0.017 1313
0.0171 1326
0.0172 1320
0.0173 1300
0.0174 1308
0.0175 1299
0.0176 1271
0.0177 1248
0.0178 1247
0.0179 1240
0.018 1246
0.0181 1237
0.0182 1226
0.0183 1186
0.0184 1179
0.0185 1152
0.0186 1145
0.0187 1134
0.0188 1138
0.0189 1154
0.019 1165
0.0191 1160
0.0192 1148
0.0193 1138
0.0194 1120
0.0195 1097
0.0196 1064
0.0197 1036
0.0198 1034
0.0199 1006
0.02 1011
0.0201 992
0.0202 1009
0.0203 1021
0.0204 1008
0.0205 1009
0.0206 1000
0.0207 1008
0.0208 1000
0.0209 982
0.021 954
0.0211 967
0.0212 973
0.0213 969
0.0214 972
0.0215 938
0.0216 917
0.0217 901
0.0218 894
0.0219 885
0.022 888
0.0221 880
0.0222 873
0.0223 858
0.0224 845
0.0225 843
0.0226 815
0.0227 803
0.0228 777
0.0229 804
0.023 814
0.0231 813
0.0232 801
0.0233 792
0.0234 796
0.0235 804
0.0236 804
0.0237 783
0.0238 785
0.0239 788
0.024 788
0.0241 780
0.0242 770
0.0243 780
0.0244 766
0.0245 753
0.0246 741
0.0247 730
0.0248 703
0.0249 675
0.025 638
0.0251 618
0.0252 591
0.0253 571
0.0254 555
0.0255 516
0.0256 496
0.0257 478
0.0258 460
0.0259 430
0.026 409
0.0261 379
0.0262 367
0.0263 344
0.0264 322
0.0265 295
0.0266 288
0.0267 296
0.0268 294
0.0269 290
0.027 290
0.0271 286
0.0272 286
0.0273 267
0.0274 261
0.0275 239
0.0276 224
0.0277 198
0.0278 164
0.0279 158
0.028 143
0.0281 150
0.0282 140
0.0283 131
0.0284 127
0.0285 135
0.0286 117
0.0287 109
0.0288 113
0.0289 99
0.029 98
0.0291 73
0.0292 59
0.0293 49
0.0294 27
0.0295 19
0.0296 15
0.0297 10
0.0298 7
0.0299 8
0.03 0
0.0301 4
0.0302 2
0.0303 1
0.0304 0
0.0305 0
0.0306 0
0.0307 2
0.0308 3
0.0309 2
0.031 1
0.0311 0
0.0312 0
0.0313 1
0.0314 0
0.0315 0
0.0316 0
0.0317 2
0.0318 0
0.0319 1
0.032 1
0.0321 0
0.0322 1
0.0323 0
0.0324 2
0.0325 0
0.0326 0
0.0327 0
0.0328 0
0.0329 1
0.033 0
0.0331 0
0.0332 0
0.0333 0
0.0334 0
0.0335 1
0.0336 1
0.0337 5
0.0338 1
0.0339 6
0.034 3
0.0341 1
0.0342 9
0.0343 3
0.0344 5
0.0345 2
0.0346 2
0.0347 1
0.0348 2
0.0349 0
0.035 2
0.0351 3
0.0352 1
0.0353 0
0.0354 1
0.0355 0
0.0356 0
0.0357 0
0.0358 1
0.0359 0
0.036 1
0.0361 0
0.0362 0
0.0363 1
0.0364 2
0.0365 1
0.0366 1
0.0367 2
0.0368 1
0.0369 0
0.037 0
0.0371 0
0.0372 0
0.0373 1
0.0374 0
0.0375 0
0.0376 0
0.0377 1
0.0378 0
0.0379 0
0.038 0
0.0381 1
0.0382 0
0.0383 1
0.0384 1
0.0385 0
0.0386 0
0.0387 0
0.0388 1
0.0389 0
0.039 0
0.0391 1
0.0392 0
0.0393 0
0.0394 1
0.0395 1
0.0396 1
0.0397 0
0.0398 0
0.0399 0
0.04 0
0.0401 1
0.0402 0
0.0403 1
0.0404 1
0.0405 2
0.0406 0
0.0407 0
0.0408 0
0.0409 0
0.041 0
0.0411 0
0.0412 0
0.0413 1
0.0414 0
0.0415 0
0.0416 0
0.0417 0
0.0418 1
0.0419 1
0.042 0
0.0421 0
0.0422 0
0.0423 0
0.0424 0
0.0425 0
0.0426 0
0.0427 0
0.0428 0
0.0429 0
0.043 1
0.0431 0
0.0432 1
0.0433 1
0.0434 1
0.0435 2
0.0436 2
0.0437 2
0.0438 0
0.0439 2
0.044 4
0.0441 2
0.0442 4
0.0443 3
0.0444 2
0.0445 6
0.0446 4
0.0447 7
0.0448 2
0.0449 3
0.045 2
0.0451 1
0.0452 5
0.0453 1
0.0454 1
0.0455 2
0.0456 2
0.0457 2
0.0458 1
0.0459 1
0.046 0
0.0461 0
0.0462 0
0.0463 3
0.0464 0
0.0465 0
0.0466 1
0.0467 1
0.0468 0
0.0469 1
0.047 0
0.0471 0
0.0472 0
0.0473 0
0.0474 0
0.0475 1
0.0476 0
0.0477 3
0.0478 0
0.0479 2
0.048 1
0.0481 0
0.0482 0
0.0483 0
0.0484 2
0.0485 1
0.0486 0
0.0487 0
0.0488 1
0.0489 1
0.049 1
0.0491 0
0.0492 0
0.0493 0
0.0494 0
0.0495 0
0.0496 0
0.0497 0
0.0498 0
0.0499 1
0.05 0
0.0501 1
0.0502 0
0.0503 0
0.0504 1
0.0505 3
0.0506 1
0.0507 0
0.0508 1
0.0509 0
0.051 1
0.0511 0
0.0512 0
0.0513 0
0.0514 1
0.0515 0
0.0516 1
0.0517 1
0.0518 0
0.0519 2
0.052 0
0.0521 0
0.0522 1
0.0523 0
0.0524 1
0.0525 0
0.0526 0
0.0527 1
0.0528 1
0.0529 0
0.053 0
0.0531 0
0.0532 1
0.0533 0
0.0534 0
0.0535 1
0.0536 1
0.0537 0
0.0538 1
0.0539 0
0.054 0
0.0541 0
0.0542 2
0.0543 1
0.0544 1
0.0545 1
0.0546 0
0.0547 2
0.0548 1
0.0549 0
0.055 0
0.0551 2
0.0552 0
0.0553 0
0.0554 2
0.0555 2
0.0556 0
0.0557 0
0.0558 0
0.0559 1
0.056 1
0.0561 1
0.0562 2
0.0563 0
0.0564 0
0.0565 3
0.0566 0
0.0567 1
0.0568 0
0.0569 1
0.057 0
0.0571 2
0.0572 0
0.0573 1
0.0574 0
0.0575 0
0.0576 0
0.0577 0
0.0578 1
0.0579 1
0.058 0
0.0581 2
0.0582 1
0.0583 0
0.0584 0
0.0585 1
0.0586 0
0.0587 1
0.0588 1
0.0589 0
0.059 0
0.0591 1
0.0592 0
0.0593 0
0.0594 0
0.0595 1
0.0596 1
0.0597 2
0.0598 0
0.0599 0
0.06 2
0.0601 0
0.0602 1
0.0603 0
0.0604 0
0.0605 2
0.0606 0
0.0607 0
0.0608 2
0.0609 1
0.061 1
0.0611 0
0.0612 1
0.0613 0
0.0614 0
0.0615 0
0.0616 0
0.0617 0
0.0618 1
0.0619 1
0.062 0
0.0621 1
0.0622 2
0.0623 1
0.0624 1
0.0625 3
0.0626 1
0.0627 1
0.0628 1
0.0629 3
0.063 2
0.0631 2
0.0632 2
0.0633 3
0.0634 1
0.0635 3
0.0636 1
0.0637 0
0.0638 0
0.0639 0
0.064 0
0.0641 0
0.0642 2
0.0643 1
0.0644 3
0.0645 1
0.0646 1
0.0647 2
0.0648 2
0.0649 0
0.065 1
0.0651 1
0.0652 2
0.0653 2
0.0654 6
0.0655 3
0.0656 4
0.0657 4
0.0658 5
0.0659 1
0.066 5
0.0661 7
0.0662 4
0.0663 6
0.0664 8
0.0665 10
0.0666 9
0.0667 5
0.0668 4
0.0669 1
0.067 1
0.0671 1
0.0672 2
0.0673 2
0.0674 2
0.0675 1
0.0676 2
0.0677 1
0.0678 4
0.0679 1
0.068 1
0.0681 3
0.0682 6
0.0683 3
0.0684 8
0.0685 4
0.0686 3
0.0687 6
0.0688 5
0.0689 9
0.069 2
0.0691 4
0.0692 3
0.0693 2
0.0694 4
0.0695 2
0.0696 3
0.0697 2
0.0698 3
0.0699 2
0.07 2
0.0701 3
0.0702 2
0.0703 4
0.0704 3
0.0705 1
0.0706 5
0.0707 1
0.0708 6
0.0709 7
0.071 1
0.0711 6
0.0712 4
0.0713 2
0.0714 8
0.0715 4
0.0716 5
0.0717 1
0.0718 4
0.0719 3
0.072 6
0.0721 6
0.0722 4
0.0723 2
0.0724 4
0.0725 6
0.0726 2
0.0727 2
0.0728 4
0.0729 1
0.073 2
0.0731 4
0.0732 2
0.0733 6
0.0734 3
0.0735 7
0.0736 13
0.0737 16
0.0738 19
0.0739 23
0.074 29
0.0741 39
0.0742 49
0.0743 71
0.0744 84
0.0745 113
0.0746 131
0.0747 137
0.0748 129
0.0749 123
0.075 150
0.0751 160
0.0752 183
0.0753 206
0.0754 227
0.0755 238
0.0756 262
0.0757 272
0.0758 318
0.0759 341
0.076 361
0.0761 383
0.0762 410
0.0763 441
0.0764 454
0.0765 481
0.0766 512
0.0767 537
0.0768 535
0.0769 558
0.077 570
0.0771 599
0.0772 648
0.0773 688
0.0774 711
0.0775 745
0.0776 784
0.0777 825
0.0778 871
0.0779 894
0.078 914
0.0781 933
0.0782 968
0.0783 964
0.0784 985
0.0785 991
0.0786 1031
0.0787 1054
0.0788 1063
0.0789 1077
0.079 1077
0.0791 1066
0.0792 1077
0.0793 1061
0.0794 1045
0.0795 1059
0.0796 1067
0.0797 1080
0.0798 1077
0.0799 1049
0.08 1028
0.0801 1020
0.0802 1015
0.0803 1016
0.0804 990
0.0805 986
0.0806 982
0.0807 981
0.0808 978
0.0809 978
0.081 965
0.0811 970
0.0812 981
0.0813 997
0.0814 1013
0.0815 1013
0.0816 1038
0.0817 1040
0.0818 1038
0.0819 1053
0.082 1072
0.0821 1081
0.0822 1096
0.0823 1099
0.0824 1098
0.0825 1105
0.0826 1121
0.0827 1113
0.0828 1124
0.0829 1138
0.083 1152
0.0831 1166
0.0832 1178
0.0833 1184
0.0834 1213
0.0835 1221
0.0836 1241
0.0837 1244
0.0838 1243
0.0839 1255
0.084 1255
0.0841 1292
0.0842 1275
0.0843 1273
0.0844 1259
0.0845 1224
0.0846 1225
0.0847 1212
0.0848 1194
0.0849 1209
0.085 1205
0.0851 1202
0.0852 1180
0.0853 1181
0.0854 1150
0.0855 1124
0.0856 1120
0.0857 1111
0.0858 1109
0.0859 1101
0.086 1071
0.0861 1071
0.0862 1052
0.0863 1054
0.0864 1053
0.0865 1046
0.0866 1027
0.0867 987
0.0868 959
0.0869 948
0.087 933
0.0871 930
0.0872 918
0.0873 914
0.0874 911
0.0875 913
0.0876 925
0.0877 915
0.0878 911
0.0879 900
0.088 885
0.0881 881
0.0882 856
0.0883 845
0.0884 854
0.0885 840
0.0886 862
0.0887 867
0.0888 849
0.0889 835
0.089 829
0.0891 808
0.0892 769
0.0893 744
0.0894 714
0.0895 694
0.0896 681
0.0897 662
0.0898 635
0.0899 615
0.09 581
0.0901 558
0.0902 515
0.0903 508
0.0904 488
0.0905 468
0.0906 461
0.0907 472
0.0908 476
0.0909 482
0.091 497
0.0911 490
0.0912 482
0.0913 482
0.0914 474
0.0915 454
0.0916 437
0.0917 405
0.0918 383
0.0919 347
0.092 334
0.0921 311
0.0922 284
0.0923 265
0.0924 248
0.0925 215
0.0926 194
0.0927 175
0.0928 186
0.0929 178
0.093 163
0.0931 157
0.0932 145
0.0933 132
0.0934 117
0.0935 95
0.0936 65
0.0937 67
0.0938 33
0.0939 13
0.094 8
0.0941 2
0.0942 0
0.0943 8
0.0944 1
0.0945 3
0.0946 0
0.0947 1
0.0948 1
0.0949 1
0.095 2
0.0951 0
0.0952 0
0.0953 0
0.0954 0
0.0955 1
0.0956 0
0.0957 2
0.0958 1
0.0959 5
0.096 2
0.0961 2
0.0962 1
0.0963 1
0.0964 2
0.0965 2
0.0966 0
0.0967 0
0.0968 1
0.0969 1
0.097 0
0.0971 0
0.0972 1
0.0973 0
0.0974 2
0.0975 3
0.0976 1
0.0977 2
0.0978 0
0.0979 2
0.098 1
0.0981 0
0.0982 1
0.0983 0
0.0984 1
0.0985 0
0.0986 2
0.0987 0
0.0988 1
0.0989 0
0.099 2
0.0991 1
0.0992 0
0.0993 2
0.0994 1
0.0995 0
0.0996 0
0.0997 0
0.0998 0
0.0999 0
0.1 0
0.1001 1
0.1002 1
0.1003 1
0.1004 1
0.1005 0
0.1006 0
0.1007 0
0.1008 0
0.1009 0
0.101 0
0.1011 0
0.1012 1
0.1013 1
0.1014 1
0.1015 0
0.1016 0
0.1017 2
0.1018 0
0.1019 0
0.102 1
0.1021 0
0.1022 0
0.1023 1
0.1024 1
0.1025 0
0.1026 0
0.1027 0
0.1028 0
0.1029 0
0.103 3
0.1031 0
0.1032 1
0.1033 1
0.1034 0
0.1035 1
0.1036 0
0.1037 0
0.1038 1
0.1039 0
0.104 0
0.1041 0
0.1042 0
0.1043 0
0.1044 0
0.1045 2
0.1046 0
0.1047 0
0.1048 0
0.1049 2
0.105 0
0.1051 0
0.1052 0
0.1053 0
0.1054 0
0.1055 0
0.1056 0
0.1057 0
0.1058 2
0.1059 0
0.106 0
0.1061 0
0.1062 1
0.1063 1
0.1064 1
0.1065 0
0.1066 0
0.1067 0
0.1068 0
0.1069 0
0.107 0
0.1071 0
0.1072 1
0.1073 0
0.1074 0
0.1075 3
0.1076 0
0.1077 2
0.1078 0
0.1079 1
0.108 1
0.1081 0
0.1082 1
0.1083 1
0.1084 1
0.1085 0
0.1086 1
0.1087 3
0.1088 0
0.1089 0
0.109 1
0.1091 0
0.1092 1
0.1093 0
0.1094 2
0.1095 0
0.1096 1
0.1097 0
0.1098 1
0.1099 0
0.11 1
0.1101 1
0.1102 0
0.1103 0
0.1104 1
0.1105 0
0.1106 0
0.1107 0
0.1108 1
0.1109 1
0.111 0
0.1111 1
0.1112 2
0.1113 2
0.1114 0
0.1115 0
0.1116 1
0.1117 0
0.1118 0
0.1119 0
0.112 1
0.1121 2
0.1122 0
0.1123 0
0.1124 0
0.1125 0
0.1126 2
0.1127 0
0.1128 0
0.1129 0
0.113 0
0.1131 1
0.1132 0
0.1133 0
0.1134 0
0.1135 2
0.1136 0
0.1137 0
0.1138 0
0.1139 1
0.114 0
0.1141 0
0.1142 1
0.1143 1
0.1144 1
0.1145 1
0.1146 1
0.1147 1
0.1148 1
0.1149 0
0.115 0
0.1151 1
0.1152 0
0.1153 0
0.1154 0
0.1155 0
0.1156 1
0.1157 2
0.1158 1
0.1159 3
0.116 1
0.1161 0
0.1162 4
0.1163 2
0.1164 0
0.1165 0
0.1166 2
0.1167 0
0.1168 1
0.1169 1
0.117 3
0.1171 1
0.1172 6
0.1173 4
0.1174 1
0.1175 1
0.1176 3
0.1177 1
0.1178 1
0.1179 2
0.118 0
0.1181 1
0.1182 6
0.1183 1
0.1184 3
0.1185 7
0.1186 5
0.1187 4
0.1188 2
0.1189 1
0.119 0
0.1191 2
0.1192 0
0.1193 0
0.1194 5
0.1195 0
0.1196 3
0.1197 0
0.1198 0
0.1199 0
0.12 2
0.1201 1
0.1202 2
0.1203 1
0.1204 1
0.1205 6
0.1206 7
0.1207 4
0.1208 1
0.1209 5
0.121 3
0.1211 2
0.1212 3
0.1213 2
0.1214 4
0.1215 3
0.1216 2
0.1217 5
0.1218 7
0.1219 3
0.122 1
0.1221 4
0.1222 3
0.1223 1
0.1224 1
0.1225 2
0.1226 1
0.1227 1
0.1228 4
0.1229 1
0.123 3
0.1231 2
0.1232 2
0.1233 0
0.1234 0
0.1235 3
0.1236 0
0.1237 1
0.1238 0
0.1239 3
0.124 1
0.1241 2
0.1242 1
0.1243 3
0.1244 1
0.1245 2
0.1246 1
0.1247 1
0.1248 1
0.1249 1
0.125 5
0.1251 2
0.1252 1
0.1253 0
0.1254 1
0.1255 2
0.1256 2
0.1257 3
0.1258 3
0.1259 0
0.126 3
0.1261 3
0.1262 5
0.1263 4
0.1264 1
0.1265 1
0.1266 3
0.1267 2
0.1268 0
0.1269 1
0.127 2
0.1271 1
0.1272 0
0.1273 4
0.1274 1
0.1275 1
0.1276 1
0.1277 1
0.1278 1
0.1279 1
0.128 4
0.1281 0
0.1282 4
0.1283 6
0.1284 7
0.1285 8
0.1286 7
0.1287 17
0.1288 20
0.1289 12
0.129 7
0.1291 13
0.1292 9
0.1293 7
0.1294 9
0.1295 8
0.1296 6
0.1297 1
0.1298 2
0.1299 2
0.13 3
0.1301 2
0.1302 5
0.1303 10
0.1304 22
0.1305 16
0.1306 10
0.1307 9
0.1308 16
0.1309 16
0.131 18
0.1311 10
0.1312 5
0.1313 17
0.1314 10
0.1315 7
0.1316 5
0.1317 10
0.1318 8
0.1319 7
0.132 5
0.1321 4
0.1322 4
0.1323 5
0.1324 5
0.1325 3
0.1326 14
0.1327 21
0.1328 15
0.1329 23
0.133 31
0.1331 25
0.1332 24
0.1333 28
0.1334 40
0.1335 38
0.1336 43
0.1337 43
0.1338 48
0.1339 44
0.134 36
0.1341 39
0.1342 32
0.1343 21
0.1344 17
0.1345 13
0.1346 11
0.1347 9
0.1348 8
0.1349 8
0.135 9
0.1351 4
0.1352 8
0.1353 4
0.1354 2
0.1355 5
0.1356 5
0.1357 4
0.1358 8
0.1359 9
0.136 10
0.1361 5
0.1362 7
0.1363 6
0.1364 10
0.1365 7
0.1366 1
0.1367 3
0.1368 3
0.1369 1
0.137 2
0.1371 4
0.1372 5
0.1373 14
0.1374 13
0.1375 10
0.1376 15
0.1377 9
0.1378 5
0.1379 7
0.138 7
0.1381 2
0.1382 3
0.1383 4
0.1384 9
0.1385 10
0.1386 5
0.1387 3
0.1388 3
0.1389 6
0.139 8
0.1391 6
0.1392 7
0.1393 1
0.1394 2
0.1395 1
0.1396 1
0.1397 0
0.1398 4
0.1399 4
0.14 4
0.1401 2
0.1402 0
0.1403 0
0.1404 0
0.1405 1
0.1406 0
0.1407 1
0.1408 1
0.1409 3
0.141 1
0.1411 3
0.1412 4
0.1413 2
0.1414 0
0.1415 8
0.1416 4
0.1417 9
0.1418 9
0.1419 5
0.142 7
0.1421 0
0.1422 3
0.1423 0
0.1424 0
0.1425 6
0.1426 1
0.1427 3
0.1428 2
0.1429 5
0.143 3
0.1431 4
0.1432 7
0.1433 4
0.1434 5
0.1435 2
0.1436 6
0.1437 4
0.1438 2
0.1439 2
0.144 4
0.1441 4
0.1442 4
0.1443 1
0.1444 2
0.1445 1
0.1446 1
0.1447 0
0.1448 0
0.1449 1
0.145 1
0.1451 0
0.1452 2
0.1453 3
0.1454 6
0.1455 6
0.1456 2
0.1457 4
0.1458 1
0.1459 1
0.146 0
0.1461 2
0.1462 2
0.1463 1
0.1464 1
0.1465 1
0.1466 7
0.1467 2
0.1468 3
0.1469 4
0.147 3
0.1471 0
0.1472 3
0.1473 1
0.1474 1
0.1475 1
0.1476 1
0.1477 1
0.1478 1
0.1479 2
0.148 1
0.1481 2
0.1482 1
0.1483 7
0.1484 8
0.1485 13
0.1486 10
0.1487 12
0.1488 16
0.1489 15
0.149 16
0.1491 18
0.1492 18
0.1493 18
0.1494 33
0.1495 31
0.1496 35
0.1497 25
0.1498 24
0.1499 20
0.15 16
0.1501 15
0.1502 13
0.1503 11
0.1504 5
0.1505 3
0.1506 3
0.1507 8
0.1508 11
0.1509 16
0.151 18
0.1511 25
0.1512 29
0.1513 43
0.1514 60
0.1515 91
0.1516 157
0.1517 192
0.1518 223
0.1519 271
0.152 321
0.1521 343
0.1522 380
0.1523 397
0.1524 421
0.1525 436
0.1526 468
0.1527 520
0.1528 538
0.1529 569
0.153 594
0.1531 610
0.1532 634
0.1533 668
0.1534 681
0.1535 689
0.1536 712
0.1537 738
0.1538 786
0.1539 825
0.154 865
0.1541 880
0.1542 915
0.1543 934
0.1544 948
0.1545 967
0.1546 976
0.1547 984
0.1548 969
0.1549 974
0.155 985
0.1551 995
0.1552 1011
0.1553 1017
0.1554 1021
0.1555 1020
0.1556 1022
0.1557 1024
0.1558 1025
0.1559 1033
0.156 1052
0.1561 1077
0.1562 1097
0.1563 1120
0.1564 1131
0.1565 1131
0.1566 1135
0.1567 1150
0.1568 1172
0.1569 1174
0.157 1194
0.1571 1200
0.1572 1186
0.1573 1189
0.1574 1193
0.1575 1192
0.1576 1182
0.1577 1189
0.1578 1193
0.1579 1202
0.158 1199
0.1581 1204
0.1582 1184
0.1583 1176
0.1584 1175
0.1585 1183
0.1586 1199
0.1587 1199
0.1588 1193
0.1589 1203
0.159 1223
0.1591 1226
0.1592 1229
0.1593 1224
0.1594 1232
0.1595 1242
0.1596 1228
0.1597 1235
0.1598 1245
0.1599 1229
0.16 1266
0.1601 1275
0.1602 1296
0.1603 1327
0.1604 1320
0.1605 1307
0.1606 1303
0.1607 1292
0.1608 1280
0.1609 1287
0.161 1291
0.1611 1281
0.1612 1261
0.1613 1235
0.1614 1221
0.1615 1222
0.1616 1211
0.1617 1210
0.1618 1199
0.1619 1190
0.162 1173
0.1621 1150
0.1622 1136
0.1623 1101
0.1624 1085
0.1625 1071
0.1626 1076
0.1627 1072
0.1628 1047
0.1629 1034
0.163 1017
0.1631 1016
0.1632 1024
0.1633 1038
0.1634 1020
0.1635 1012
0.1636 1013
0.1637 1017
0.1638 1013
0.1639 1034
0.164 1045
0.1641 1031
0.1642 1030
0.1643 1031
0.1644 1010
0.1645 983
0.1646 953
0.1647 941
0.1648 917
0.1649 907
0.165 912
0.1651 903
0.1652 926
0.1653 922
0.1654 926
0.1655 935
0.1656 914
0.1657 907
0.1658 916
0.1659 937
0.166 939
0.1661 934
0.1662 936
0.1663 935
0.1664 950
0.1665 945
0.1666 913
0.1667 888
0.1668 861
0.1669 845
0.167 830
0.1671 805
0.1672 775
0.1673 747
0.1674 728
0.1675 695
0.1676 666
0.1677 651
0.1678 643
0.1679 604
0.168 583
0.1681 570
0.1682 540
0.1683 532
0.1684 533
0.1685 528
0.1686 526
0.1687 519
0.1688 509
0.1689 518
0.169 526
0.1691 529
0.1692 536
0.1693 529
0.1694 506
0.1695 494
0.1696 491
0.1697 507
0.1698 506
0.1699 492
0.17 483
0.1701 469
0.1702 450
0.1703 442
0.1704 440
0.1705 444
0.1706 430
0.1707 430
0.1708 453
0.1709 477
0.171 479
0.1711 495
0.1712 513
0.1713 508
0.1714 492
0.1715 461
0.1716 441
0.1717 424
0.1718 375
0.1719 360
0.172 336
0.1721 303
0.1722 287
0.1723 265
0.1724 239
0.1725 220
0.1726 219
0.1727 205
0.1728 200
0.1729 174
0.173 148
0.1731 139
0.1732 117
0.1733 124
0.1734 125
0.1735 112
0.1736 97
0.1737 105
0.1738 97
0.1739 101
0.174 88
0.1741 86
0.1742 69
0.1743 48
0.1744 21
0.1745 26
0.1746 13
0.1747 9
0.1748 12
0.1749 8
0.175 4
0.1751 10
0.1752 6
0.1753 10
0.1754 13
0.1755 9
0.1756 11
0.1757 6
0.1758 0
0.1759 1
0.176 1
0.1761 1
0.1762 2
0.1763 2
0.1764 2
0.1765 1
0.1766 1
0.1767 1
0.1768 0
0.1769 0
0.177 1
0.1771 0
0.1772 0
0.1773 1
0.1774 0
0.1775 0
0.1776 0
0.1777 1
0.1778 0
0.1779 0
0.178 1
0.1781 0
0.1782 0
0.1783 0
0.1784 0
0.1785 1
0.1786 0
0.1787 0
0.1788 2
0.1789 0
0.179 0
0.1791 1
0.1792 1
0.1793 1
0.1794 0
0.1795 0
0.1796 0
0.1797 0
0.1798 1
0.1799 0
0.18 0
0.1801 0
0.1802 0
0.1803 0
0.1804 0
0.1805 0
0.1806 0
0.1807 0
0.1808 0
0.1809 0
0.181 0
0.1811 0
0.1812 1
0.1813 0
0.1814 0
0.1815 0
0.1816 0
0.1817 0
0.1818 0
0.1819 1
0.182 0
0.1821 0
0.1822 0
0.1823 0
0.1824 0
0.1825 0
0.1826 0
0.1827 0
0.1828 1
0.1829 1
0.183 0
0.1831 0
0.1832 0
0.1833 1
0.1834 0
0.1835 1
0.1836 1
0.1837 0
0.1838 0
0.1839 0
0.184 0
0.1841 0
0.1842 0
0.1843 1
0.1844 0
0.1845 0
0.1846 0
0.1847 1
0.1848 0
0.1849 0
0.185 0
0.1851 0
0.1852 0
0.1853 0
0.1854 0
0.1855 0
0.1856 0
0.1857 0
0.1858 1
0.1859 0
0.186 1
0.1861 0
0.1862 0
0.1863 1
0.1864 0
0.1865 0
0.1866 0
0.1867 0
0.1868 1
0.1869 0
0.187 0
0.1871 0
0.1872 0
0.1873 0
0.1874 1
0.1875 0
0.1876 0
0.1877 0
0.1878 0
0.1879 0
0.188 0
0.1881 0
0.1882 2
0.1883 0
0.1884 0
0.1885 1
0.1886 0
0.1887 1
0.1888 0
0.1889 1
0.189 0
0.1891 0
0.1892 0
0.1893 0
0.1894 0
0.1895 0
0.1896 0
0.1897 0
0.1898 0
0.1899 1
0.19 0
0.1901 1
0.1902 1
0.1903 0
0.1904 0
0.1905 0
0.1906 0
0.1907 1
0.1908 0
0.1909 1
0.191 1
0.1911 1
0.1912 1
0.1913 3
0.1914 2
0.1915 2
0.1916 0
0.1917 2
0.1918 2
0.1919 0
0.192 0
0.1921 0
0.1922 0
0.1923 0
0.1924 1
0.1925 1
0.1926 0
0.1927 0
0.1928 0
0.1929 1
0.193 0
0.1931 2
0.1932 1
0.1933 0
0.1934 2
0.1935 0
0.1936 1
0.1937 2
0.1938 0
0.1939 1
0.194 1
0.1941 0
0.1942 0
0.1943 1
0.1944 1
0.1945 0
0.1946 1
0.1947 0
0.1948 0
0.1949 1
0.195 2
0.1951 0
0.1952 0
0.1953 0
0.1954 0
0.1955 0
0.1956 0
0.1957 0
0.1958 0
0.1959 0
0.196 0
0.1961 0
0.1962 0
0.1963 0
0.1964 0
0.1965 1
0.1966 0
0.1967 2
0.1968 0
0.1969 0
0.197 0
0.1971 3
0.1972 0
0.1973 1
0.1974 0
0.1975 0
0.1976 2
0.1977 1
0.1978 1
0.1979 1
0.198 1
0.1981 1
0.1982 1
0.1983 1
0.1984 0
0.1985 0
0.1986 2
0.1987 0
0.1988 1
0.1989 0
0.199 1
0.1991 0
0.1992 0
0.1993 0
0.1994 2
0.1995 1
0.1996 0
0.1997 1
0.1998 1
0.1999 0
0.2 1
0.2001 0
0.2002 0
0.2003 0
0.2004 3
0.2005 0
0.2006 1
0.2007 0
0.2008 0
0.2009 0
0.201 0
0.2011 0
0.2012 0
0.2013 0
0.2014 0
0.2015 1
0.2016 1
0.2017 0
0.2018 1
0.2019 0
0.202 2
0.2021 0
0.2022 1
0.2023 0
0.2024 0
0.2025 1
0.2026 0
0.2027 0
0.2028 0
0.2029 1
0.203 3
0.2031 1
0.2032 0
0.2033 0
0.2034 1
0.2035 0
0.2036 1
0.2037 1
0.2038 0
0.2039 2
0.204 0
0.2041 3
0.2042 2
0.2043 1
0.2044 0
0.2045 1
0.2046 0
0.2047 0
0.2048 1
0.2049 0
0.205 1
0.2051 0
0.2052 0
0.2053 0
0.2054 0
0.2055 0
0.2056 0
0.2057 2
0.2058 1
0.2059 2
0.206 2
0.2061 1
0.2062 1
0.2063 0
0.2064 0
0.2065 2
0.2066 1
0.2067 1
0.2068 0
0.2069 0
0.207 1
0.2071 2
0.2072 1
0.2073 1
0.2074 1
0.2075 1
0.2076 1
0.2077 0
0.2078 0
0.2079 1
0.208 0
0.2081 0
0.2082 0
0.2083 0
0.2084 1
0.2085 0
0.2086 0
0.2087 0
0.2088 3
0.2089 0
0.209 0
0.2091 0
0.2092 0
0.2093 4
0.2094 0
0.2095 0
0.2096 1
0.2097 1
0.2098 0
0.2099 0
0.21 0
0.2101 1
0.2102 1
0.2103 0
0.2104 2
0.2105 1
0.2106 1
0.2107 2
0.2108 1
0.2109 2
0.211 3
0.2111 5
0.2112 4
0.2113 10
0.2114 15
0.2115 8
0.2116 11
0.2117 7
0.2118 6
0.2119 3
0.212 9
0.2121 3
0.2122 6
0.2123 10
0.2124 10
0.2125 15
0.2126 17
0.2127 37
0.2128 25
0.2129 25
0.213 30
0.2131 30
0.2132 27
0.2133 20
0.2134 16
0.2135 12
0.2136 10
0.2137 12
0.2138 11
0.2139 6
0.214 3
0.2141 7
0.2142 14
0.2143 25
0.2144 41
0.2145 45
0.2146 47
0.2147 47
0.2148 58
0.2149 56
0.215 50
0.2151 37
0.2152 28
0.2153 28
0.2154 18
0.2155 11
0.2156 8
0.2157 8
0.2158 12
0.2159 7
0.216 10
0.2161 10
0.2162 6
0.2163 3
0.2164 6
0.2165 2
0.2166 2
0.2167 3
0.2168 4
0.2169 10
0.217 12
0.2171 9
0.2172 13
0.2173 13
0.2174 14
0.2175 7
0.2176 7
0.2177 13
0.2178 21
0.2179 26
0.218 33
0.2181 30
0.2182 31
0.2183 35
0.2184 50
0.2185 65
0.2186 87
0.2187 98
0.2188 118
0.2189 128
0.219 138
0.2191 157
0.2192 172
0.2193 159
0.2194 155
0.2195 138
0.2196 123
0.2197 115
0.2198 103
0.2199 101
0.22 86
0.2201 72
0.2202 65
0.2203 71
0.2204 80
0.2205 98
0.2206 113
0.2207 122
0.2208 132
0.2209 143
0.221 155
0.2211 164
0.2212 187
0.2213 197
0.2214 240
0.2215 249
0.2216 274
0.2217 309
0.2218 353
0.2219 376
0.222 420
0.2221 464
0.2222 486
0.2223 504
0.2224 529
0.2225 537
0.2226 559
0.2227 582
0.2228 622
0.2229 634
0.223 632
0.2231 638
0.2232 649
0.2233 655
0.2234 665
0.2235 673
0.2236 689
0.2237 697
0.2238 708
0.2239 735
0.224 732
0.2241 742
0.2242 745
0.2243 744
0.2244 753
0.2245 755
0.2246 765
0.2247 760
0.2248 766
0.2249 751
0.225 739
0.2251 740
0.2252 755
0.2253 755
0.2254 771
0.2255 776
0.2256 786
0.2257 827
0.2258 829
0.2259 836
0.226 831
0.2261 842
0.2262 858
0.2263 867
0.2264 864
0.2265 849
0.2266 857
0.2267 844
0.2268 843
0.2269 846
0.227 854
0.2271 875
0.2272 891
0.2273 914
0.2274 933
0.2275 948
0.2276 973
0.2277 985
0.2278 986
0.2279 984
0.228 1000
0.2281 1002
0.2282 993
0.2283 995
0.2284 989
0.2285 986
0.2286 972
0.2287 961
0.2288 948
0.2289 951
0.229 935
0.2291 917
0.2292 906
0.2293 908
0.2294 900
0.2295 914
0.2296 905
0.2297 894
0.2298 866
0.2299 855
0.23 837
0.2301 838
0.2302 828
0.2303 814
0.2304 815
0.2305 837
0.2306 861
0.2307 895
0.2308 916
0.2309 893
0.231 889
0.2311 883
0.2312 862
0.2313 855
0.2314 837
0.2315 842
0.2316 840
0.2317 835
0.2318 826
0.2319 811
0.232 811
0.2321 811
0.2322 812
0.2323 819
0.2324 809
0.2325 805
0.2326 817
0.2327 799
0.2328 785
0.2329 782
0.233 761
0.2331 762
0.2332 763
0.2333 759
0.2334 758
0.2335 742
0.2336 720
0.2337 701
0.2338 679
0.2339 680
0.234 694
0.2341 705
0.2342 699
0.2343 666
0.2344 654
0.2345 650
0.2346 642
0.2347 638
0.2348 620
0.2349 601
0.235 578
0.2351 569
0.2352 549
0.2353 556
0.2354 540
0.2355 544
0.2356 544
0.2357 580
0.2358 587
0.2359 590
0.236 572
0.2361 585
0.2362 574
0.2363 579
0.2364 592
0.2365 611
0.2366 602
0.2367 591
0.2368 571
0.2369 552
0.237 577
0.2371 567
0.2372 556
0.2373 546
0.2374 516
0.2375 497
0.2376 503
0.2377 498
0.2378 494
0.2379 489
0.238 517
0.2381 522
0.2382 493
0.2383 472
0.2384 481
0.2385 483
0.2386 467
0.2387 476
0.2388 498
0.2389 518
0.239 527
0.2391 520
0.2392 517
0.2393 529
0.2394 513
0.2395 492
0.2396 503
0.2397 492
0.2398 480
0.2399 460
0.24 441
0.2401 415
0.2402 391
0.2403 388
0.2404 386
0.2405 361
0.2406 330
0.2407 303
0.2408 292
0.2409 277
0.241 272
0.2411 246
0.2412 231
0.2413 229
0.2414 197
0.2415 165
0.2416 125
0.2417 98
0.2418 68
0.2419 40
0.242 25
0.2421 14
0.2422 6
0.2423 2
0.2424 0
0.2425 0
0.2426 3
0.2427 2
0.2428 3
0.2429 2
0.243 2
0.2431 8
0.2432 6
0.2433 4
0.2434 12
0.2435 9
0.2436 14
0.2437 7
0.2438 11
0.2439 7
0.244 1
0.2441 4
0.2442 3
0.2443 5
0.2444 3
0.2445 2
0.2446 0
0.2447 1
0.2448 1
0.2449 1
0.245 3
0.2451 1
0.2452 3
0.2453 4
0.2454 1
0.2455 1
0.2456 1
0.2457 0
0.2458 1
0.2459 0
0.246 1
0.2461 1
0.2462 7
0.2463 4
0.2464 3
0.2465 2
0.2466 1
0.2467 2
0.2468 3
0.2469 1
0.247 0
0.2471 0
0.2472 0
0.2473 3
0.2474 1
0.2475 0
0.2476 0
0.2477 0
0.2478 1
0.2479 2
0.248 1
0.2481 2
0.2482 0
0.2483 1
0.2484 2
0.2485 0
0.2486 2
0.2487 1
0.2488 1
0.2489 1
0.249 0
0.2491 1
0.2492 0
0.2493 0
0.2494 0
0.2495 2
0.2496 1
0.2497 0
0.2498 0
0.2499 1
0.25 0
