0 0
0.0001 0
0.0002 0
0.0003 0
0.0004 0
0.0005 0
0.0006 0
0.0007 0
0.0008 0
0.0009 0
0.001 0
0.0011 0
0.0012 0
0.0013 0
0.0014 0
0.0015 1
0.0016 2
0.0017 3
0.0018 4
0.0019 6
0.002 6
0.0021 8
0.0022 9
0.0023 11
0.0024 12
0.0025 13
0.0026 15
0.0027 17
0.0028 19
0.0029 21
0.003 23
0.0031 24
0.0032 25
0.0033 29
0.0034 31
0.0035 34
0.0036 36
0.0037 38
0.0038 41
0.0039 44
0.004 47
0.0041 50
0.0042 53
0.0043 54
0.0044 57
0.0045 61
0.0046 64
0.0047 66
0.0048 70
0.0049 74
0.005 76
0.0051 79
0.0052 82
0.0053 86
0.0054 90
0.0055 91
0.0056 94
0.0057 98
0.0058 102
0.0059 106
0.006 107
0.0061 112
0.0062 116
0.0063 119
0.0064 124
0.0065 130
0.0066 133
0.0067 138
0.0068 144
0.0069 148
0.007 154
0.0071 158
0.0072 163
0.0073 168
0.0074 172
0.0075 176
0.0076 181
0.0077 186
0.0078 190
0.0079 195
0.008 200
0.0081 204
0.0082 208
0.0083 214
0.0084 219
0.0085 224
0.0086 230
0.0087 234
0.0088 239
0.0089 246
0.009 250
0.0091 255
0.0092 263
0.0093 268
0.0094 275
0.0095 281
0.0096 288
0.0097 296
0.0098 303
0.0099 310
0.01 317
0.0101 325
0.0102 331
0.0103 336
0.0104 346
0.0105 354
0.0106 361
0.0107 368
0.0108 375
0.0109 381
0.011 388
0.0111 396
0.0112 404
0.0113 411
0.0114 418
0.0115 424
0.0116 432
0.0117 440
0.0118 447
0.0119 454
0.012 461
0.0121 467
0.0122 476
0.0123 483
0.0124 491
0.0125 498
0.0126 506
0.0127 514
0.0128 522
0.0129 530
0.013 538
0.0131 546
0.0132 555
0.0133 563
0.0134 568
0.0135 580
0.0136 588
0.0137 597
0.0138 606
0.0139 615
0.014 622
0.0141 631
0.0142 639
0.0143 648
0.0144 658
0.0145 668
0.0146 677
0.0147 687
0.0148 693
0.0149 702
0.015 714
0.0151 721
0.0152 730
0.0153 737
0.0154 746
0.0155 756
0.0156 768
0.0157 776
0.0158 783
0.0159 793
0.016 800
0.0161 809
0.0162 820
0.0163 826
0.0164 837
0.0165 847
0.0166 856
0.0167 867
0.0168 873
0.0169 884
0.017 895
0.0171 901
0.0172 911
0.0173 920
0.0174 931
0.0175 938
0.0176 949
0.0177 957
0.0178 966
0.0179 976
0.018 983
0.0181 996
0.0182 1004
0.0183 1013
0.0184 1022
0.0185 1032
0.0186 1040
0.0187 1053
0.0188 1060
0.0189 1071
0.019 1081
0.0191 1092
0.0192 1102
0.0193 1107
0.0194 1122
0.0195 1132
0.0196 1140
0.0197 1153
0.0198 1161
0.0199 1172
0.02 1179
0.0201 1192
0.0202 1204
0.0203 1214
0.0204 1224
0.0205 1234
0.0206 1244
0.0207 1260
0.0208 1270
0.0209 1279
0.021 1291
0.0211 1300
0.0212 1314
0.0213 1321
0.0214 1333
0.0215 1346
0.0216 1352
0.0217 1368
0.0218 1377
0.0219 1385
0.022 1397
0.0221 1409
0.0222 1419
0.0223 1430
0.0224 1441
0.0225 1451
0.0226 1459
0.0227 1473
0.0228 1484
0.0229 1487
0.023 1505
0.0231 1515
0.0232 1524
0.0233 1537
0.0234 1546
0.0235 1557
0.0236 1564
0.0237 1579
0.0238 1586
0.0239 1601
0.024 1610
0.0241 1620
0.0242 1627
0.0243 1637
0.0244 1652
0.0245 1657
0.0246 1672
0.0247 1679
0.0248 1688
0.0249 1692
0.025 1704
0.0251 1713
0.0252 1724
0.0253 1733
0.0254 1737
0.0255 1749
0.0256 1758
0.0257 1768
0.0258 1777
0.0259 1790
0.026 1796
0.0261 1803
0.0262 1808
0.0263 1815
0.0264 1821
0.0265 1831
0.0266 1847
0.0267 1848
0.0268 1855
0.0269 1868
0.027 1875
0.0271 1887
0.0272 1889
0.0273 1903
0.0274 1905
0.0275 1913
0.0276 1917
0.0277 1928
0.0278 1933
0.0279 1934
0.028 1936
0.0281 1950
0.0282 1957
0.0283 1969
0.0284 1977
0.0285 1987
0.0286 1998
0.0287 2004
0.0288 2001
0.0289 2008
0.029 2014
0.0291 2018
0.0292 2024
0.0293 2021
0.0294 2017
0.0295 1994
0.0296 1971
0.0297 1938
0.0298 1915
0.0299 1876
0.03 1850
0.0301 1798
0.0302 1749
0.0303 1715
0.0304 1658
0.0305 1614
0.0306 1586
0.0307 1553
0.0308 1523
0.0309 1492
0.031 1467
0.0311 1444
0.0312 1406
0.0313 1364
0.0314 1336
0.0315 1308
0.0316 1280
0.0317 1248
0.0318 1224
0.0319 1189
0.032 1172
0.0321 1156
0.0322 1138
0.0323 1115
0.0324 1081
0.0325 1069
0.0326 1043
0.0327 1019
0.0328 996
0.0329 966
0.033 954
0.0331 923
0.0332 905
0.0333 882
0.0334 851
0.0335 836
0.0336 802
0.0337 802
0.0338 811
0.0339 822
0.034 845
0.0341 864
0.0342 899
0.0343 923
0.0344 928
0.0345 928
0.0346 922
0.0347 915
0.0348 902
0.0349 899
0.035 896
0.0351 885
0.0352 874
0.0353 855
0.0354 842
0.0355 821
0.0356 803
0.0357 788
0.0358 770
0.0359 763
0.036 739
0.0361 725
0.0362 716
0.0363 697
0.0364 686
0.0365 680
0.0366 668
0.0367 668
0.0368 660
0.0369 660
0.037 649
0.0371 644
0.0372 622
0.0373 612
0.0374 604
0.0375 591
0.0376 582
0.0377 572
0.0378 552
0.0379 544
0.038 530
0.0381 522
0.0382 518
0.0383 505
0.0384 501
0.0385 503
0.0386 500
0.0387 493
0.0388 489
0.0389 489
0.039 487
0.0391 485
0.0392 479
0.0393 462
0.0394 456
0.0395 454
0.0396 443
0.0397 439
0.0398 435
0.0399 427
0.04 420
0.0401 414
0.0402 405
0.0403 398
0.0404 394
0.0405 402
0.0406 400
0.0407 396
0.0408 390
0.0409 387
0.041 380
0.0411 376
0.0412 380
0.0413 369
0.0414 366
0.0415 368
0.0416 364
0.0417 362
0.0418 359
0.0419 354
0.042 348
0.0421 346
0.0422 335
0.0423 322
0.0424 317
0.0425 308
0.0426 304
0.0427 298
0.0428 292
0.0429 287
0.043 295
0.0431 300
0.0432 303
0.0433 305
0.0434 312
0.0435 320
0.0436 351
0.0437 384
0.0438 415
0.0439 431
0.044 464
0.0441 496
0.0442 525
0.0443 553
0.0444 591
0.0445 638
0.0446 671
0.0447 690
0.0448 718
0.0449 731
0.045 739
0.0451 734
0.0452 723
0.0453 728
0.0454 719
0.0455 718
0.0456 713
0.0457 713
0.0458 699
0.0459 689
0.046 676
0.0461 664
0.0462 657
0.0463 643
0.0464 640
0.0465 620
0.0466 605
0.0467 597
0.0468 579
0.0469 576
0.047 566
0.0471 557
0.0472 550
0.0473 544
0.0474 538
0.0475 528
0.0476 520
0.0477 512
0.0478 514
0.0479 509
0.048 492
0.0481 484
0.0482 482
0.0483 476
0.0484 478
0.0485 483
0.0486 481
0.0487 477
0.0488 467
0.0489 462
0.049 455
0.0491 447
0.0492 432
0.0493 424
0.0494 420
0.0495 411
0.0496 401
0.0497 393
0.0498 381
0.0499 372
0.05 362
0.0501 356
0.0502 358
0.0503 354
0.0504 351
0.0505 355
0.0506 363
0.0507 366
0.0508 363
0.0509 365
0.051 372
0.0511 370
0.0512 372
0.0513 362
0.0514 353
0.0515 348
0.0516 344
0.0517 339
0.0518 339
0.0519 336
0.052 339
0.0521 340
0.0522 344
0.0523 342
0.0524 336
0.0525 329
0.0526 326
0.0527 325
0.0528 319
0.0529 318
0.053 312
0.0531 311
0.0532 310
0.0533 306
0.0534 304
0.0535 301
0.0536 303
0.0537 303
0.0538 300
0.0539 304
0.054 303
0.0541 302
0.0542 297
0.0543 303
0.0544 300
0.0545 296
0.0546 301
0.0547 295
0.0548 301
0.0549 300
0.055 294
0.0551 289
0.0552 292
0.0553 292
0.0554 292
0.0555 297
0.0556 293
0.0557 284
0.0558 278
0.0559 276
0.056 267
0.0561 273
0.0562 275
0.0563 277
0.0564 277
0.0565 279
0.0566 282
0.0567 284
0.0568 284
0.0569 281
0.057 280
0.0571 279
0.0572 276
0.0573 278
0.0574 280
0.0575 281
0.0576 282
0.0577 279
0.0578 280
0.0579 284
0.058 275
0.0581 272
0.0582 276
0.0583 279
0.0584 279
0.0585 280
0.0586 282
0.0587 280
0.0588 277
0.0589 272
0.059 273
0.0591 271
0.0592 266
0.0593 270
0.0594 271
0.0595 265
0.0596 272
0.0597 271
0.0598 269
0.0599 268
0.06 263
0.0601 268
0.0602 266
0.0603 273
0.0604 275
0.0605 273
0.0606 281
0.0607 280
0.0608 278
0.0609 281
0.061 281
0.0611 282
0.0612 280
0.0613 277
0.0614 275
0.0615 282
0.0616 278
0.0617 274
0.0618 274
0.0619 279
0.062 289
0.0621 290
0.0622 287
0.0623 286
0.0624 286
0.0625 288
0.0626 288
0.0627 296
0.0628 288
0.0629 289
0.063 279
0.0631 278
0.0632 290
0.0633 312
0.0634 317
0.0635 327
0.0636 333
0.0637 327
0.0638 318
0.0639 310
0.064 307
0.0641 298
0.0642 294
0.0643 290
0.0644 298
0.0645 305
0.0646 316
0.0647 322
0.0648 323
0.0649 326
0.065 318
0.0651 318
0.0652 318
0.0653 317
0.0654 312
0.0655 335
0.0656 351
0.0657 359
0.0658 368
0.0659 378
0.066 376
0.0661 377
0.0662 394
0.0663 401
0.0664 419
0.0665 435
0.0666 455
0.0667 456
0.0668 456
0.0669 453
0.067 449
0.0671 449
0.0672 447
0.0673 450
0.0674 451
0.0675 444
0.0676 442
0.0677 441
0.0678 447
0.0679 450
0.068 453
0.0681 455
0.0682 474
0.0683 484
0.0684 491
0.0685 498
0.0686 500
0.0687 512
0.0688 506
0.0689 505
0.069 507
0.0691 497
0.0692 497
0.0693 499
0.0694 496
0.0695 499
0.0696 490
0.0697 482
0.0698 470
0.0699 466
0.07 464
0.0701 463
0.0702 463
0.0703 459
0.0704 470
0.0705 479
0.0706 467
0.0707 452
0.0708 458
0.0709 466
0.071 470
0.0711 471
0.0712 475
0.0713 475
0.0714 476
0.0715 486
0.0716 475
0.0717 474
0.0718 474
0.0719 470
0.072 475
0.0721 476
0.0722 473
0.0723 474
0.0724 473
0.0725 472
0.0726 470
0.0727 458
0.0728 449
0.0729 454
0.073 445
0.0731 455
0.0732 451
0.0733 460
0.0734 458
0.0735 461
0.0736 471
0.0737 490
0.0738 517
0.0739 548
0.074 561
0.0741 577
0.0742 604
0.0743 633
0.0744 655
0.0745 657
0.0746 657
0.0747 660
0.0748 659
0.0749 668
0.075 664
0.0751 658
0.0752 664
0.0753 666
0.0754 671
0.0755 670
0.0756 669
0.0757 671
0.0758 674
0.0759 671
0.076 675
0.0761 675
0.0762 678
0.0763 678
0.0764 679
0.0765 679
0.0766 682
0.0767 684
0.0768 686
0.0769 684
0.077 688
0.0771 690
0.0772 691
0.0773 693
0.0774 694
0.0775 696
0.0776 692
0.0777 697
0.0778 697
0.0779 699
0.078 701
0.0781 702
0.0782 703
0.0783 704
0.0784 705
0.0785 708
0.0786 708
0.0787 711
0.0788 713
0.0789 717
0.079 720
0.0791 722
0.0792 722
0.0793 729
0.0794 731
0.0795 737
0.0796 740
0.0797 743
0.0798 746
0.0799 751
0.08 757
0.0801 755
0.0802 762
0.0803 766
0.0804 770
0.0805 776
0.0806 778
0.0807 784
0.0808 784
0.0809 792
0.081 795
0.0811 801
0.0812 803
0.0813 807
0.0814 814
0.0815 817
0.0816 823
0.0817 828
0.0818 833
0.0819 839
0.082 841
0.0821 849
0.0822 853
0.0823 860
0.0824 869
0.0825 874
0.0826 879
0.0827 887
0.0828 891
0.0829 897
0.083 902
0.0831 912
0.0832 917
0.0833 923
0.0834 929
0.0835 933
0.0836 943
0.0837 947
0.0838 957
0.0839 963
0.084 969
0.0841 976
0.0842 984
0.0843 990
0.0844 996
0.0845 1006
0.0846 1012
0.0847 1021
0.0848 1024
0.0849 1033
0.085 1037
0.0851 1045
0.0852 1055
0.0853 1059
0.0854 1068
0.0855 1076
0.0856 1080
0.0857 1090
0.0858 1094
0.0859 1102
0.086 1110
0.0861 1117
0.0862 1125
0.0863 1134
0.0864 1139
0.0865 1150
0.0866 1152
0.0867 1165
0.0868 1172
0.0869 1177
0.087 1182
0.0871 1187
0.0872 1195
0.0873 1207
0.0874 1214
0.0875 1221
0.0876 1227
0.0877 1236
0.0878 1241
0.0879 1248
0.088 1258
0.0881 1263
0.0882 1271
0.0883 1275
0.0884 1283
0.0885 1291
0.0886 1299
0.0887 1304
0.0888 1313
0.0889 1322
0.089 1329
0.0891 1336
0.0892 1345
0.0893 1354
0.0894 1358
0.0895 1369
0.0896 1376
0.0897 1381
0.0898 1390
0.0899 1396
0.09 1406
0.0901 1414
0.0902 1417
0.0903 1426
0.0904 1431
0.0905 1437
0.0906 1444
0.0907 1451
0.0908 1463
0.0909 1470
0.091 1478
0.0911 1490
0.0912 1495
0.0913 1504
0.0914 1514
0.0915 1525
0.0916 1530
0.0917 1535
0.0918 1542
0.0919 1556
0.092 1562
0.0921 1570
0.0922 1575
0.0923 1585
0.0924 1594
0.0925 1606
0.0926 1610
0.0927 1620
0.0928 1625
0.0929 1632
0.093 1644
0.0931 1651
0.0932 1663
0.0933 1662
0.0934 1662
0.0935 1662
0.0936 1669
0.0937 1663
0.0938 1664
0.0939 1643
0.094 1610
0.0941 1575
0.0942 1545
0.0943 1527
0.0944 1512
0.0945 1481
0.0946 1440
0.0947 1405
0.0948 1385
0.0949 1352
0.095 1329
0.0951 1307
0.0952 1278
0.0953 1253
0.0954 1231
0.0955 1200
0.0956 1174
0.0957 1147
0.0958 1120
0.0959 1110
0.096 1111
0.0961 1108
0.0962 1106
0.0963 1086
0.0964 1079
0.0965 1072
0.0966 1049
0.0967 1024
0.0968 998
0.0969 989
0.097 981
0.0971 965
0.0972 943
0.0973 932
0.0974 915
0.0975 922
0.0976 912
0.0977 904
0.0978 891
0.0979 881
0.098 866
0.0981 856
0.0982 849
0.0983 856
0.0984 857
0.0985 855
0.0986 851
0.0987 846
0.0988 832
0.0989 821
0.099 800
0.0991 784
0.0992 770
0.0993 751
0.0994 742
0.0995 726
0.0996 720
0.0997 699
0.0998 681
0.0999 673
0.1 666
0.1001 650
0.1002 641
0.1003 632
0.1004 621
0.1005 619
0.1006 601
0.1007 585
0.1008 569
0.1009 560
0.101 545
0.1011 539
0.1012 537
0.1013 530
0.1014 526
0.1015 516
0.1016 505
0.1017 494
0.1018 484
0.1019 475
0.102 465
0.1021 460
0.1022 454
0.1023 444
0.1024 434
0.1025 434
0.1026 430
0.1027 433
0.1028 428
0.1029 419
0.103 404
0.1031 401
0.1032 396
0.1033 391
0.1034 393
0.1035 385
0.1036 381
0.1037 376
0.1038 368
0.1039 364
0.104 349
0.1041 342
0.1042 339
0.1043 328
0.1044 318
0.1045 316
0.1046 310
0.1047 299
0.1048 295
0.1049 290
0.105 290
0.1051 284
0.1052 284
0.1053 277
0.1054 279
0.1055 270
0.1056 270
0.1057 263
0.1058 262
0.1059 269
0.106 273
0.1061 273
0.1062 274
0.1063 266
0.1064 259
0.1065 266
0.1066 260
0.1067 255
0.1068 251
0.1069 251
0.107 249
0.1071 244
0.1072 251
0.1073 255
0.1074 264
0.1075 275
0.1076 283
0.1077 280
0.1078 283
0.1079 285
0.108 299
0.1081 301
0.1082 300
0.1083 311
0.1084 318
0.1085 318
0.1086 323
0.1087 325
0.1088 330
0.1089 338
0.109 336
0.1091 330
0.1092 335
0.1093 338
0.1094 341
0.1095 342
0.1096 339
0.1097 338
0.1098 337
0.1099 327
0.11 327
0.1101 331
0.1102 328
0.1103 329
0.1104 329
0.1105 326
0.1106 320
0.1107 319
0.1108 314
0.1109 312
0.111 313
0.1111 311
0.1112 308
0.1113 305
0.1114 302
0.1115 303
0.1116 302
0.1117 299
0.1118 298
0.1119 301
0.112 293
0.1121 287
0.1122 291
0.1123 285
0.1124 278
0.1125 268
0.1126 265
0.1127 259
0.1128 253
0.1129 241
0.113 242
0.1131 245
0.1132 241
0.1133 248
0.1134 247
0.1135 249
0.1136 257
0.1137 258
0.1138 254
0.1139 252
0.114 254
0.1141 256
0.1142 257
0.1143 253
0.1144 252
0.1145 252
0.1146 249
0.1147 249
0.1148 249
0.1149 240
0.115 238
0.1151 237
0.1152 234
0.1153 232
0.1154 235
0.1155 227
0.1156 231
0.1157 256
0.1158 279
0.1159 288
0.116 289
0.1161 289
0.1162 289
0.1163 297
0.1164 303
0.1165 301
0.1166 306
0.1167 308
0.1168 318
0.1169 325
0.117 324
0.1171 324
0.1172 325
0.1173 344
0.1174 365
0.1175 375
0.1176 373
0.1177 380
0.1178 382
0.1179 380
0.118 377
0.1181 387
0.1182 394
0.1183 420
0.1184 442
0.1185 460
0.1186 478
0.1187 484
0.1188 487
0.1189 485
0.119 477
0.1191 474
0.1192 474
0.1193 470
0.1194 472
0.1195 470
0.1196 461
0.1197 450
0.1198 443
0.1199 438
0.12 438
0.1201 437
0.1202 434
0.1203 451
0.1204 453
0.1205 469
0.1206 497
0.1207 512
0.1208 518
0.1209 519
0.121 526
0.1211 523
0.1212 519
0.1213 517
0.1214 510
0.1215 525
0.1216 520
0.1217 512
0.1218 523
0.1219 542
0.122 548
0.1221 554
0.1222 557
0.1223 556
0.1224 546
0.1225 535
0.1226 531
0.1227 530
0.1228 525
0.1229 516
0.123 504
0.1231 496
0.1232 491
0.1233 486
0.1234 477
0.1235 463
0.1236 455
0.1237 452
0.1238 447
0.1239 449
0.124 450
0.1241 444
0.1242 449
0.1243 446
0.1244 446
0.1245 441
0.1246 441
0.1247 434
0.1248 434
0.1249 432
0.125 425
0.1251 423
0.1252 431
0.1253 432
0.1254 426
0.1255 423
0.1256 427
0.1257 428
0.1258 432
0.1259 425
0.126 427
0.1261 427
0.1262 429
0.1263 437
0.1264 434
0.1265 432
0.1266 425
0.1267 428
0.1268 421
0.1269 409
0.127 404
0.1271 401
0.1272 399
0.1273 393
0.1274 392
0.1275 392
0.1276 390
0.1277 386
0.1278 382
0.1279 381
0.128 382
0.1281 378
0.1282 372
0.1283 379
0.1284 407
0.1285 440
0.1286 470
0.1287 496
0.1288 533
0.1289 565
0.129 579
0.1291 588
0.1292 605
0.1293 606
0.1294 600
0.1295 607
0.1296 600
0.1297 594
0.1298 584
0.1299 577
0.13 566
0.1301 558
0.1302 561
0.1303 566
0.1304 587
0.1305 617
0.1306 633
0.1307 639
0.1308 644
0.1309 647
0.131 649
0.1311 655
0.1312 650
0.1313 641
0.1314 655
0.1315 659
0.1316 645
0.1317 642
0.1318 647
0.1319 638
0.132 633
0.1321 630
0.1322 618
0.1323 611
0.1324 604
0.1325 597
0.1326 594
0.1327 596
0.1328 623
0.1329 645
0.133 660
0.1331 669
0.1332 675
0.1333 696
0.1334 700
0.1335 718
0.1336 724
0.1337 726
0.1338 723
0.1339 727
0.134 725
0.1341 718
0.1342 724
0.1343 724
0.1344 721
0.1345 712
0.1346 695
0.1347 685
0.1348 672
0.1349 667
0.135 663
0.1351 665
0.1352 654
0.1353 647
0.1354 637
0.1355 622
0.1356 619
0.1357 615
0.1358 607
0.1359 602
0.136 598
0.1361 596
0.1362 589
0.1363 586
0.1364 579
0.1365 582
0.1366 581
0.1367 565
0.1368 558
0.1369 554
0.137 548
0.1371 542
0.1372 544
0.1373 551
0.1374 564
0.1375 576
0.1376 581
0.1377 589
0.1378 591
0.1379 586
0.138 587
0.1381 583
0.1382 565
0.1383 562
0.1384 552
0.1385 546
0.1386 549
0.1387 544
0.1388 541
0.1389 533
0.139 525
0.1391 525
0.1392 525
0.1393 517
0.1394 509
0.1395 495
0.1396 485
0.1397 481
0.1398 476
0.1399 474
0.14 479
0.1401 472
0.1402 458
0.1403 447
0.1404 436
0.1405 430
0.1406 421
0.1407 411
0.1408 401
0.1409 394
0.141 397
0.1411 391
0.1412 383
0.1413 383
0.1414 374
0.1415 390
0.1416 406
0.1417 412
0.1418 427
0.1419 442
0.142 445
0.1421 450
0.1422 442
0.1423 444
0.1424 435
0.1425 428
0.1426 435
0.1427 422
0.1428 414
0.1429 411
0.143 412
0.1431 413
0.1432 419
0.1433 427
0.1434 428
0.1435 427
0.1436 428
0.1437 426
0.1438 426
0.1439 426
0.144 417
0.1441 415
0.1442 411
0.1443 415
0.1444 408
0.1445 405
0.1446 394
0.1447 388
0.1448 382
0.1449 375
0.145 370
0.1451 370
0.1452 364
0.1453 363
0.1454 369
0.1455 380
0.1456 388
0.1457 391
0.1458 390
0.1459 386
0.146 381
0.1461 373
0.1462 369
0.1463 370
0.1464 364
0.1465 363
0.1466 366
0.1467 369
0.1468 368
0.1469 371
0.147 369
0.1471 376
0.1472 373
0.1473 371
0.1474 363
0.1475 366
0.1476 360
0.1477 359
0.1478 358
0.1479 351
0.148 349
0.1481 342
0.1482 341
0.1483 346
0.1484 362
0.1485 376
0.1486 406
0.1487 430
0.1488 447
0.1489 459
0.149 472
0.1491 472
0.1492 491
0.1493 506
0.1494 519
0.1495 535
0.1496 551
0.1497 555
0.1498 555
0.1499 555
0.15 553
0.1501 544
0.1502 542
0.1503 531
0.1504 530
0.1505 532
0.1506 519
0.1507 517
0.1508 522
0.1509 517
0.151 513
0.1511 516
0.1512 531
0.1513 544
0.1514 559
0.1515 585
0.1516 596
0.1517 597
0.1518 600
0.1519 600
0.152 604
0.1521 606
0.1522 610
0.1523 613
0.1524 611
0.1525 612
0.1526 612
0.1527 620
0.1528 621
0.1529 624
0.153 626
0.1531 627
0.1532 629
0.1533 633
0.1534 634
0.1535 634
0.1536 638
0.1537 642
0.1538 644
0.1539 648
0.154 647
0.1541 652
0.1542 655
0.1543 656
0.1544 659
0.1545 659
0.1546 663
0.1547 665
0.1548 668
0.1549 671
0.155 674
0.1551 677
0.1552 680
0.1553 683
0.1554 685
0.1555 689
0.1556 690
0.1557 694
0.1558 695
0.1559 696
0.156 703
0.1561 705
0.1562 709
0.1563 715
0.1564 716
0.1565 720
0.1566 724
0.1567 728
0.1568 732
0.1569 737
0.157 739
0.1571 746
0.1572 746
0.1573 754
0.1574 761
0.1575 765
0.1576 769
0.1577 775
0.1578 779
0.1579 786
0.158 789
0.1581 793
0.1582 795
0.1583 802
0.1584 807
0.1585 812
0.1586 817
0.1587 820
0.1588 826
0.1589 832
0.159 837
0.1591 841
0.1592 848
0.1593 853
0.1594 863
0.1595 867
0.1596 873
0.1597 879
0.1598 882
0.1599 893
0.16 899
0.1601 905
0.1602 911
0.1603 915
0.1604 925
0.1605 933
0.1606 938
0.1607 946
0.1608 956
0.1609 961
0.161 968
0.1611 977
0.1612 985
0.1613 990
0.1614 1000
0.1615 1006
0.1616 1012
0.1617 1020
0.1618 1027
0.1619 1035
0.162 1038
0.1621 1051
0.1622 1060
0.1623 1067
0.1624 1073
0.1625 1083
0.1626 1092
0.1627 1097
0.1628 1104
0.1629 1112
0.163 1120
0.1631 1127
0.1632 1134
0.1633 1138
0.1634 1148
0.1635 1159
0.1636 1168
0.1637 1176
0.1638 1186
0.1639 1191
0.164 1203
0.1641 1206
0.1642 1213
0.1643 1221
0.1644 1228
0.1645 1240
0.1646 1247
0.1647 1258
0.1648 1268
0.1649 1275
0.165 1287
0.1651 1296
0.1652 1303
0.1653 1312
0.1654 1328
0.1655 1332
0.1656 1343
0.1657 1353
0.1658 1363
0.1659 1371
0.166 1377
0.1661 1391
0.1662 1398
0.1663 1409
0.1664 1417
0.1665 1424
0.1666 1437
0.1667 1442
0.1668 1453
0.1669 1462
0.167 1470
0.1671 1478
0.1672 1483
0.1673 1494
0.1674 1507
0.1675 1512
0.1676 1520
0.1677 1526
0.1678 1537
0.1679 1547
0.168 1556
0.1681 1563
0.1682 1573
0.1683 1574
0.1684 1587
0.1685 1598
0.1686 1602
0.1687 1612
0.1688 1618
0.1689 1630
0.169 1634
0.1691 1650
0.1692 1654
0.1693 1662
0.1694 1675
0.1695 1684
0.1696 1696
0.1697 1704
0.1698 1713
0.1699 1724
0.17 1734
0.1701 1741
0.1702 1753
0.1703 1761
0.1704 1776
0.1705 1787
0.1706 1787
0.1707 1804
0.1708 1813
0.1709 1824
0.171 1831
0.1711 1844
0.1712 1854
0.1713 1859
0.1714 1867
0.1715 1881
0.1716 1896
0.1717 1890
0.1718 1904
0.1719 1913
0.172 1923
0.1721 1931
0.1722 1926
0.1723 1940
0.1724 1947
0.1725 1950
0.1726 1966
0.1727 1975
0.1728 1972
0.1729 1974
0.173 1984
0.1731 1971
0.1732 1996
0.1733 1994
0.1734 2008
0.1735 2012
0.1736 2022
0.1737 2023
0.1738 2034
0.1739 2039
0.174 2042
0.1741 2041
0.1742 2040
0.1743 2031
0.1744 2021
0.1745 1993
0.1746 1973
0.1747 1960
0.1748 1941
0.1749 1910
0.175 1875
0.1751 1853
0.1752 1823
0.1753 1807
0.1754 1786
0.1755 1773
0.1756 1763
0.1757 1747
0.1758 1730
0.1759 1706
0.176 1673
0.1761 1634
0.1762 1589
0.1763 1560
0.1764 1513
0.1765 1485
0.1766 1459
0.1767 1421
0.1768 1392
0.1769 1359
0.177 1328
0.1771 1297
0.1772 1275
0.1773 1250
0.1774 1211
0.1775 1188
0.1776 1168
0.1777 1149
0.1778 1127
0.1779 1096
0.178 1088
0.1781 1074
0.1782 1046
0.1783 1028
0.1784 1008
0.1785 987
0.1786 963
0.1787 944
0.1788 923
0.1789 899
0.179 871
0.1791 852
0.1792 840
0.1793 827
0.1794 809
0.1795 783
0.1796 763
0.1797 751
0.1798 742
0.1799 728
0.18 713
0.1801 694
0.1802 680
0.1803 658
0.1804 638
0.1805 636
0.1806 626
0.1807 616
0.1808 612
0.1809 602
0.181 595
0.1811 584
0.1812 571
0.1813 565
0.1814 559
0.1815 551
0.1816 547
0.1817 538
0.1818 533
0.1819 527
0.182 523
0.1821 523
0.1822 507
0.1823 504
0.1824 493
0.1825 481
0.1826 473
0.1827 461
0.1828 453
0.1829 455
0.183 446
0.1831 434
0.1832 430
0.1833 420
0.1834 416
0.1835 412
0.1836 408
0.1837 409
0.1838 413
0.1839 407
0.184 404
0.1841 399
0.1842 393
0.1843 385
0.1844 378
0.1845 370
0.1846 365
0.1847 357
0.1848 353
0.1849 342
0.185 335
0.1851 329
0.1852 324
0.1853 316
0.1854 316
0.1855 315
0.1856 304
0.1857 299
0.1858 297
0.1859 294
0.186 285
0.1861 291
0.1862 286
0.1863 289
0.1864 291
0.1865 290
0.1866 289
0.1867 280
0.1868 274
0.1869 272
0.187 270
0.1871 268
0.1872 268
0.1873 261
0.1874 260
0.1875 258
0.1876 261
0.1877 265
0.1878 265
0.1879 265
0.188 260
0.1881 260
0.1882 254
0.1883 254
0.1884 262
0.1885 267
0.1886 273
0.1887 279
0.1888 283
0.1889 280
0.189 281
0.1891 276
0.1892 272
0.1893 269
0.1894 268
0.1895 270
0.1896 267
0.1897 266
0.1898 259
0.1899 258
0.19 260
0.1901 261
0.1902 256
0.1903 256
0.1904 255
0.1905 249
0.1906 246
0.1907 249
0.1908 248
0.1909 246
0.191 248
0.1911 244
0.1912 243
0.1913 247
0.1914 252
0.1915 249
0.1916 250
0.1917 252
0.1918 247
0.1919 248
0.192 247
0.1921 247
0.1922 243
0.1923 240
0.1924 231
0.1925 235
0.1926 237
0.1927 238
0.1928 231
0.1929 256
0.193 277
0.1931 291
0.1932 301
0.1933 304
0.1934 300
0.1935 302
0.1936 307
0.1937 312
0.1938 320
0.1939 317
0.194 315
0.1941 318
0.1942 320
0.1943 319
0.1944 311
0.1945 314
0.1946 312
0.1947 309
0.1948 300
0.1949 298
0.195 307
0.1951 310
0.1952 314
0.1953 310
0.1954 305
0.1955 297
0.1956 291
0.1957 287
0.1958 277
0.1959 278
0.196 273
0.1961 268
0.1962 270
0.1963 266
0.1964 265
0.1965 265
0.1966 263
0.1967 257
0.1968 255
0.1969 256
0.197 254
0.1971 250
0.1972 261
0.1973 256
0.1974 255
0.1975 253
0.1976 254
0.1977 258
0.1978 265
0.1979 265
0.198 270
0.1981 267
0.1982 271
0.1983 271
0.1984 277
0.1985 280
0.1986 277
0.1987 268
0.1988 263
0.1989 270
0.199 272
0.1991 273
0.1992 284
0.1993 293
0.1994 293
0.1995 301
0.1996 301
0.1997 294
0.1998 285
0.1999 280
0.2 277
0.2001 274
0.2002 270
0.2003 269
0.2004 270
0.2005 271
0.2006 265
0.2007 263
0.2008 260
0.2009 253
0.201 244
0.2011 238
0.2012 228
0.2013 226
0.2014 220
0.2015 214
0.2016 219
0.2017 221
0.2018 223
0.2019 232
0.202 237
0.2021 246
0.2022 248
0.2023 246
0.2024 239
0.2025 233
0.2026 225
0.2027 224
0.2028 228
0.2029 226
0.203 227
0.2031 226
0.2032 228
0.2033 230
0.2034 223
0.2035 223
0.2036 227
0.2037 236
0.2038 240
0.2039 240
0.204 240
0.2041 246
0.2042 246
0.2043 253
0.2044 248
0.2045 247
0.2046 242
0.2047 241
0.2048 232
0.2049 237
0.205 239
0.2051 240
0.2052 241
0.2053 239
0.2054 235
0.2055 234
0.2056 233
0.2057 234
0.2058 237
0.2059 247
0.206 256
0.2061 260
0.2062 267
0.2063 268
0.2064 264
0.2065 257
0.2066 258
0.2067 256
0.2068 255
0.2069 253
0.207 249
0.2071 259
0.2072 262
0.2073 263
0.2074 262
0.2075 259
0.2076 259
0.2077 261
0.2078 258
0.2079 253
0.208 246
0.2081 246
0.2082 242
0.2083 240
0.2084 241
0.2085 253
0.2086 251
0.2087 248
0.2088 247
0.2089 241
0.209 238
0.2091 231
0.2092 228
0.2093 228
0.2094 223
0.2095 218
0.2096 214
0.2097 217
0.2098 212
0.2099 207
0.21 199
0.2101 192
0.2102 195
0.2103 194
0.2104 195
0.2105 200
0.2106 199
0.2107 199
0.2108 201
0.2109 203
0.211 205
0.2111 228
0.2112 252
0.2113 290
0.2114 336
0.2115 378
0.2116 403
0.2117 423
0.2118 426
0.2119 437
0.212 442
0.2121 443
0.2122 449
0.2123 448
0.2124 455
0.2125 486
0.2126 507
0.2127 540
0.2128 577
0.2129 587
0.213 588
0.2131 600
0.2132 595
0.2133 593
0.2134 592
0.2135 588
0.2136 588
0.2137 580
0.2138 575
0.2139 571
0.214 566
0.2141 556
0.2142 556
0.2143 565
0.2144 578
0.2145 595
0.2146 620
0.2147 617
0.2148 615
0.2149 615
0.215 617
0.2151 618
0.2152 610
0.2153 602
0.2154 593
0.2155 585
0.2156 583
0.2157 583
0.2158 573
0.2159 570
0.216 558
0.2161 553
0.2162 543
0.2163 536
0.2164 529
0.2165 526
0.2166 522
0.2167 515
0.2168 504
0.2169 503
0.217 516
0.2171 525
0.2172 530
0.2173 534
0.2174 533
0.2175 535
0.2176 532
0.2177 526
0.2178 535
0.2179 532
0.218 545
0.2181 563
0.2182 573
0.2183 580
0.2184 591
0.2185 603
0.2186 604
0.2187 622
0.2188 621
0.2189 625
0.219 624
0.2191 624
0.2192 628
0.2193 629
0.2194 629
0.2195 629
0.2196 629
0.2197 627
0.2198 628
0.2199 630
0.22 623
0.2201 624
0.2202 626
0.2203 618
0.2204 628
0.2205 628
0.2206 630
0.2207 631
0.2208 633
0.2209 638
0.221 636
0.2211 642
0.2212 644
0.2213 647
0.2214 647
0.2215 647
0.2216 655
0.2217 653
0.2218 655
0.2219 657
0.222 661
0.2221 659
0.2222 662
0.2223 668
0.2224 668
0.2225 669
0.2226 675
0.2227 677
0.2228 680
0.2229 683
0.223 685
0.2231 688
0.2232 693
0.2233 696
0.2234 699
0.2235 703
0.2236 703
0.2237 707
0.2238 712
0.2239 715
0.224 719
0.2241 723
0.2242 728
0.2243 730
0.2244 732
0.2245 738
0.2246 743
0.2247 747
0.2248 750
0.2249 750
0.225 760
0.2251 763
0.2252 769
0.2253 773
0.2254 778
0.2255 782
0.2256 790
0.2257 793
0.2258 798
0.2259 800
0.226 808
0.2261 813
0.2262 819
0.2263 824
0.2264 830
0.2265 837
0.2266 842
0.2267 844
0.2268 851
0.2269 854
0.227 855
0.2271 866
0.2272 871
0.2273 874
0.2274 881
0.2275 885
0.2276 893
0.2277 899
0.2278 900
0.2279 908
0.228 911
0.2281 917
0.2282 921
0.2283 928
0.2284 931
0.2285 937
0.2286 939
0.2287 945
0.2288 951
0.2289 955
0.229 964
0.2291 967
0.2292 973
0.2293 981
0.2294 985
0.2295 993
0.2296 999
0.2297 1004
0.2298 1010
0.2299 1016
0.23 1022
0.2301 1027
0.2302 1035
0.2303 1042
0.2304 1048
0.2305 1054
0.2306 1058
0.2307 1068
0.2308 1071
0.2309 1083
0.231 1092
0.2311 1094
0.2312 1102
0.2313 1112
0.2314 1119
0.2315 1122
0.2316 1129
0.2317 1135
0.2318 1142
0.2319 1149
0.232 1160
0.2321 1162
0.2322 1171
0.2323 1178
0.2324 1184
0.2325 1192
0.2326 1201
0.2327 1209
0.2328 1217
0.2329 1220
0.233 1227
0.2331 1231
0.2332 1238
0.2333 1245
0.2334 1255
0.2335 1262
0.2336 1269
0.2337 1272
0.2338 1280
0.2339 1289
0.234 1294
0.2341 1301
0.2342 1302
0.2343 1311
0.2344 1318
0.2345 1320
0.2346 1329
0.2347 1338
0.2348 1343
0.2349 1347
0.235 1357
0.2351 1360
0.2352 1369
0.2353 1376
0.2354 1381
0.2355 1388
0.2356 1396
0.2357 1399
0.2358 1409
0.2359 1417
0.236 1420
0.2361 1427
0.2362 1432
0.2363 1443
0.2364 1448
0.2365 1452
0.2366 1457
0.2367 1463
0.2368 1471
0.2369 1476
0.237 1487
0.2371 1491
0.2372 1495
0.2373 1499
0.2374 1509
0.2375 1514
0.2376 1515
0.2377 1525
0.2378 1532
0.2379 1541
0.238 1540
0.2381 1547
0.2382 1553
0.2383 1566
0.2384 1569
0.2385 1578
0.2386 1584
0.2387 1588
0.2388 1596
0.2389 1606
0.239 1612
0.2391 1624
0.2392 1626
0.2393 1632
0.2394 1643
0.2395 1653
0.2396 1661
0.2397 1663
0.2398 1676
0.2399 1683
0.24 1692
0.2401 1696
0.2402 1710
0.2403 1715
0.2404 1718
0.2405 1724
0.2406 1740
0.2407 1745
0.2408 1750
0.2409 1761
0.241 1764
0.2411 1767
0.2412 1780
0.2413 1782
0.2414 1788
0.2415 1788
0.2416 1800
0.2417 1798
0.2418 1794
0.2419 1777
0.242 1761
0.2421 1739
0.2422 1706
0.2423 1673
0.2424 1631
0.2425 1593
0.2426 1560
0.2427 1532
0.2428 1499
0.2429 1462
0.243 1442
0.2431 1432
0.2432 1445
0.2433 1440
0.2434 1459
0.2435 1468
0.2436 1489
0.2437 1507
0.2438 1503
0.2439 1496
0.244 1485
0.2441 1466
0.2442 1453
0.2443 1429
0.2444 1410
0.2445 1388
0.2446 1355
0.2447 1334
0.2448 1304
0.2449 1289
0.245 1279
0.2451 1261
0.2452 1246
0.2453 1241
0.2454 1247
0.2455 1218
0.2456 1202
0.2457 1191
0.2458 1171
0.2459 1151
0.246 1131
0.2461 1123
0.2462 1106
0.2463 1105
0.2464 1090
0.2465 1097
0.2466 1090
0.2467 1065
0.2468 1051
0.2469 1033
0.247 1023
0.2471 1009
0.2472 995
0.2473 988
0.2474 970
0.2475 956
0.2476 931
0.2477 909
0.2478 888
0.2479 875
0.248 859
0.2481 841
0.2482 827
0.2483 815
0.2484 800
0.2485 789
0.2486 773
0.2487 769
0.2488 752
0.2489 741
0.249 728
0.2491 718
0.2492 695
0.2493 677
0.2494 659
0.2495 645
0.2496 639
0.2497 621
0.2498 612
0.2499 602
0.25 595
