0 910
0.0001 700
0.0002 573
0.0003 480
0.0004 432
0.0005 391
0.0006 374
0.0007 361
0.0008 338
0.0009 327
0.001 319
0.0011 324
0.0012 318
0.0013 310
0.0014 297
0.0015 275
0.0016 281
0.0017 280
0.0018 272
0.0019 273
0.002 278
0.0021 278
0.0022 289
0.0023 280
0.0024 262
0.0025 255
0.0026 255
0.0027 255
0.0028 244
0.0029 244
0.003 258
0.0031 267
0.0032 278
0.0033 268
0.0034 258
0.0035 262
0.0036 286
0.0037 288
0.0038 285
0.0039 274
0.004 271
0.0041 284
0.0042 273
0.0043 273
0.0044 267
0.0045 276
0.0046 278
0.0047 265
0.0048 256
0.0049 246
0.005 253
0.0051 240
0.0052 238
0.0053 258
0.0054 265
0.0055 268
0.0056 272
0.0057 257
0.0058 256
0.0059 267
0.006 259
0.0061 254
0.0062 244
0.0063 249
0.0064 252
0.0065 253
0.0066 263
0.0067 252
0.0068 255
0.0069 264
0.007 253
0.0071 234
0.0072 227
0.0073 235
0.0074 227
0.0075 238
0.0076 235
0.0077 236
0.0078 231
0.0079 227
0.008 228
0.0081 237
0.0082 237
0.0083 217
0.0084 218
0.0085 214
0.0086 202
0.0087 193
0.0088 208
0.0089 212
0.009 206
0.0091 221
0.0092 211
0.0093 217
0.0094 210
0.0095 196
0.0096 193
0.0097 199
0.0098 216
0.0099 219
0.01 219
0.0101 228
0.0102 229
0.0103 233
0.0104 202
0.0105 223
0.0106 219
0.0107 235
0.0108 238
0.0109 227
0.011 213
0.0111 222
0.0112 224
0.0113 227
0.0114 206
0.0115 196
0.0116 195
0.0117 209
0.0118 199
0.0119 200
0.012 196
0.0121 196
0.0122 199
0.0123 209
0.0124 227
0.0125 208
0.0126 208
0.0127 204
0.0128 201
0.0129 209
0.013 208
0.0131 202
0.0132 192
0.0133 193
0.0134 200
0.0135 182
0.0136 190
0.0137 194
0.0138 197
0.0139 201
0.014 204
0.0141 206
0.0142 201
0.0143 186
0.0144 187
0.0145 199
0.0146 185
0.0147 193
0.0148 189
0.0149 191
0.015 187
0.0151 178
0.0152 191
0.0153 208
0.0154 215
0.0155 194
0.0156 175
0.0157 172
0.0158 169
0.0159 165
0.016 173
0.0161 182
0.0162 172
0.0163 178
0.0164 175
0.0165 164
0.0166 176
0.0167 174
0.0168 183
0.0169 186
0.017 180
0.0171 177
0.0172 182
0.0173 170
0.0174 180
0.0175 181
0.0176 173
0.0177 185
0.0178 165
0.0179 171
0.018 178
0.0181 187
0.0182 174
0.0183 180
0.0184 174
0.0185 170
0.0186 167
0.0187 168
0.0188 176
0.0189 175
0.019 169
0.0191 171
0.0192 182
0.0193 168
0.0194 173
0.0195 169
0.0196 164
0.0197 169
0.0198 162
0.0199 154
0.02 155
0.0201 164
0.0202 175
0.0203 180
0.0204 168
0.0205 170
0.0206 170
0.0207 168
0.0208 159
0.0209 157
0.021 149
0.0211 143
0.0212 152
0.0213 145
0.0214 137
0.0215 139
0.0216 138
0.0217 149
0.0218 156
0.0219 171
0.022 174
0.0221 144
0.0222 137
0.0223 136
0.0224 134
0.0225 142
0.0226 138
0.0227 145
0.0228 147
0.0229 140
0.023 144
0.0231 141
0.0232 149
0.0233 155
0.0234 154
0.0235 146
0.0236 136
0.0237 143
0.0238 132
0.0239 133
0.024 129
0.0241 136
0.0242 134
0.0243 141
0.0244 135
0.0245 134
0.0246 126
0.0247 130
0.0248 145
0.0249 147
0.025 137
0.0251 134
0.0252 134
0.0253 141
0.0254 139
0.0255 138
0.0256 137
0.0257 154
0.0258 148
0.0259 126
0.026 133
0.0261 127
0.0262 131
0.0263 121
0.0264 122
0.0265 122
0.0266 130
0.0267 133
0.0268 126
0.0269 134
0.027 131
0.0271 127
0.0272 111
0.0273 118
0.0274 121
0.0275 119
0.0276 130
0.0277 141
0.0278 138
0.0279 132
0.028 132
0.0281 128
0.0282 128
0.0283 132
0.0284 135
0.0285 123
0.0286 123
0.0287 121
0.0288 129
0.0289 123
0.029 120
0.0291 124
0.0292 126
0.0293 110
0.0294 117
0.0295 106
0.0296 112
0.0297 116
0.0298 115
0.0299 123
0.03 118
0.0301 110
0.0302 108
0.0303 117
0.0304 106
0.0305 107
0.0306 119
0.0307 111
0.0308 103
0.0309 114
0.031 117
0.0311 110
0.0312 116
0.0313 106
0.0314 103
0.0315 114
0.0316 96
0.0317 114
0.0318 117
0.0319 122
0.032 109
0.0321 117
0.0322 123
0.0323 122
0.0324 128
0.0325 127
0.0326 128
0.0327 120
0.0328 125
0.0329 110
0.033 111
0.0331 98
0.0332 95
0.0333 96
0.0334 112
0.0335 117
0.0336 113
0.0337 115
0.0338 116
0.0339 110
0.034 111
0.0341 120
0.0342 114
0.0343 114
0.0344 123
0.0345 99
0.0346 101
0.0347 107
0.0348 111
0.0349 112
0.035 121
0.0351 116
0.0352 106
0.0353 117
0.0354 117
0.0355 114
0.0356 109
0.0357 112
0.0358 112
0.0359 117
0.036 117
0.0361 111
0.0362 103
0.0363 111
0.0364 100
0.0365 101
0.0366 108
0.0367 95
0.0368 102
0.0369 112
0.037 117
0.0371 119
0.0372 131
0.0373 120
0.0374 116
0.0375 109
0.0376 112
0.0377 108
0.0378 123
0.0379 116
0.038 110
0.0381 111
0.0382 113
0.0383 112
0.0384 107
0.0385 109
0.0386 112
0.0387 104
0.0388 93
0.0389 93
0.039 101
0.0391 121
0.0392 109
0.0393 104
0.0394 110
0.0395 99
0.0396 105
0.0397 114
0.0398 117
0.0399 102
0.04 110
0.0401 104
0.0402 96
0.0403 98
0.0404 104
0.0405 95
0.0406 91
0.0407 93
0.0408 104
0.0409 102
0.041 101
0.0411 96
0.0412 103
0.0413 112
0.0414 99
0.0415 94
0.0416 103
0.0417 98
0.0418 96
0.0419 94
0.042 96
0.0421 95
0.0422 101
0.0423 101
0.0424 100
0.0425 103
0.0426 97
0.0427 96
0.0428 95
0.0429 104
0.043 104
0.0431 100
0.0432 95
0.0433 94
0.0434 109
0.0435 105
0.0436 103
0.0437 109
0.0438 102
0.0439 101
0.044 99
0.0441 99
0.0442 98
0.0443 94
0.0444 96
0.0445 101
0.0446 100
0.0447 91
0.0448 86
0.0449 90
0.045 86
0.0451 81
0.0452 81
0.0453 81
0.0454 83
0.0455 85
0.0456 81
0.0457 79
0.0458 77
0.0459 82
0.046 78
0.0461 78
0.0462 83
0.0463 91
0.0464 96
0.0465 86
0.0466 86
0.0467 93
0.0468 99
0.0469 91
0.047 84
0.0471 87
0.0472 82
0.0473 86
0.0474 76
0.0475 71
0.0476 79
0.0477 73
0.0478 86
0.0479 79
0.048 80
0.0481 76
0.0482 81
0.0483 80
0.0484 77
0.0485 71
0.0486 75
0.0487 76
0.0488 73
0.0489 82
0.049 92
0.0491 85
0.0492 74
0.0493 76
0.0494 82
0.0495 90
0.0496 79
0.0497 84
0.0498 87
0.0499 81
0.05 91
0.0501 97
0.0502 92
0.0503 87
0.0504 84
0.0505 93
0.0506 73
0.0507 92
0.0508 81
0.0509 84
0.051 76
0.0511 76
0.0512 75
0.0513 75
0.0514 71
0.0515 82
0.0516 76
0.0517 90
0.0518 79
0.0519 79
0.052 83
0.0521 80
0.0522 83
0.0523 78
0.0524 77
0.0525 77
0.0526 79
0.0527 76
0.0528 82
0.0529 79
0.053 81
0.0531 86
0.0532 87
0.0533 86
0.0534 79
0.0535 68
0.0536 69
0.0537 67
0.0538 63
0.0539 63
0.054 77
0.0541 82
0.0542 84
0.0543 90
0.0544 84
0.0545 76
0.0546 64
0.0547 57
0.0548 63
0.0549 61
0.055 71
0.0551 74
0.0552 75
0.0553 69
0.0554 68
0.0555 67
0.0556 69
0.0557 76
0.0558 82
0.0559 82
0.056 80
0.0561 76
0.0562 79
0.0563 83
0.0564 84
0.0565 83
0.0566 73
0.0567 70
0.0568 72
0.0569 55
0.057 63
0.0571 78
0.0572 81
0.0573 82
0.0574 76
0.0575 77
0.0576 77
0.0577 75
0.0578 67
0.0579 73
0.058 74
0.0581 72
0.0582 68
0.0583 72
0.0584 65
0.0585 65
0.0586 69
0.0587 77
0.0588 74
0.0589 72
0.059 76
0.0591 69
0.0592 68
0.0593 76
0.0594 74
0.0595 72
0.0596 78
0.0597 74
0.0598 64
0.0599 66
0.06 66
0.0601 70
0.0602 76
0.0603 79
0.0604 64
0.0605 67
0.0606 60
0.0607 61
0.0608 55
0.0609 60
0.061 53
0.0611 59
0.0612 61
0.0613 57
0.0614 59
0.0615 54
0.0616 58
0.0617 54
0.0618 53
0.0619 62
0.062 70
0.0621 70
0.0622 64
0.0623 66
0.0624 63
0.0625 66
0.0626 78
0.0627 78
0.0628 65
0.0629 73
0.063 69
0.0631 71
0.0632 69
0.0633 81
0.0634 71
0.0635 75
0.0636 68
0.0637 60
0.0638 74
0.0639 56
0.064 52
0.0641 62
0.0642 65
0.0643 60
0.0644 66
0.0645 62
0.0646 65
0.0647 66
0.0648 55
0.0649 52
0.065 49
0.0651 59
0.0652 60
0.0653 60
0.0654 57
0.0655 68
0.0656 56
0.0657 56
0.0658 53
0.0659 62
0.066 64
0.0661 69
0.0662 69
0.0663 64
0.0664 64
0.0665 71
0.0666 73
0.0667 68
0.0668 61
0.0669 64
0.067 64
0.0671 60
0.0672 67
0.0673 77
0.0674 68
0.0675 66
0.0676 66
0.0677 72
0.0678 72
0.0679 71
0.068 65
0.0681 62
0.0682 70
0.0683 69
0.0684 65
0.0685 59
0.0686 58
0.0687 60
0.0688 53
0.0689 53
0.069 68
0.0691 63
0.0692 65
0.0693 63
0.0694 55
0.0695 54
0.0696 58
0.0697 61
0.0698 66
0.0699 63
0.07 60
0.0701 57
0.0702 58
0.0703 57
0.0704 60
0.0705 61
0.0706 61
0.0707 60
0.0708 61
0.0709 61
0.071 62
0.0711 60
0.0712 59
0.0713 52
0.0714 55
0.0715 55
0.0716 52
0.0717 55
0.0718 60
0.0719 56
0.072 56
0.0721 62
0.0722 62
0.0723 65
0.0724 62
0.0725 65
0.0726 62
0.0727 69
0.0728 67
0.0729 69
0.073 62
0.0731 55
0.0732 64
0.0733 61
0.0734 59
0.0735 51
0.0736 55
0.0737 56
0.0738 49
0.0739 61
0.074 56
0.0741 51
0.0742 49
0.0743 44
0.0744 41
0.0745 47
0.0746 51
0.0747 51
0.0748 54
0.0749 60
0.075 55
0.0751 59
0.0752 58
0.0753 61
0.0754 52
0.0755 54
0.0756 50
0.0757 39
0.0758 37
0.0759 41
0.076 49
0.0761 55
0.0762 52
0.0763 58
0.0764 59
0.0765 63
0.0766 63
0.0767 71
0.0768 71
0.0769 72
0.077 66
0.0771 65
0.0772 62
0.0773 61
0.0774 64
0.0775 62
0.0776 63
0.0777 55
0.0778 58
0.0779 65
0.078 59
0.0781 58
0.0782 58
0.0783 59
0.0784 55
0.0785 65
0.0786 66
0.0787 63
0.0788 60
0.0789 56
0.079 58
0.0791 60
0.0792 63
0.0793 58
0.0794 56
0.0795 54
0.0796 66
0.0797 53
0.0798 53
0.0799 55
0.08 55
0.0801 59
0.0802 63
0.0803 58
0.0804 56
0.0805 55
0.0806 61
0.0807 59
0.0808 60
0.0809 55
0.081 53
0.0811 57
0.0812 61
0.0813 62
0.0814 64
0.0815 60
0.0816 61
0.0817 56
0.0818 53
0.0819 56
0.082 62
0.0821 61
0.0822 64
0.0823 56
0.0824 58
0.0825 51
0.0826 58
0.0827 62
0.0828 64
0.0829 71
0.083 74
0.0831 72
0.0832 68
0.0833 67
0.0834 69
0.0835 63
0.0836 65
0.0837 55
0.0838 60
0.0839 64
0.084 60
0.0841 65
0.0842 64
0.0843 62
0.0844 60
0.0845 58
0.0846 58
0.0847 60
0.0848 64
0.0849 62
0.085 60
0.0851 60
0.0852 53
0.0853 55
0.0854 49
0.0855 55
0.0856 62
0.0857 62
0.0858 72
0.0859 69
0.086 68
0.0861 66
0.0862 60
0.0863 58
0.0864 55
0.0865 60
0.0866 56
0.0867 59
0.0868 67
0.0869 69
0.087 59
0.0871 61
0.0872 59
0.0873 52
0.0874 52
0.0875 57
0.0876 57
0.0877 62
0.0878 60
0.0879 61
0.088 50
0.0881 49
0.0882 58
0.0883 49
0.0884 45
0.0885 52
0.0886 46
0.0887 44
0.0888 53
0.0889 54
0.089 57
0.0891 55
0.0892 52
0.0893 47
0.0894 54
0.0895 58
0.0896 60
0.0897 58
0.0898 59
0.0899 59
0.09 60
0.0901 59
0.0902 50
0.0903 49
0.0904 57
0.0905 47
0.0906 51
0.0907 50
0.0908 54
0.0909 49
0.091 52
0.0911 53
0.0912 53
0.0913 53
0.0914 53
0.0915 43
0.0916 55
0.0917 60
0.0918 61
0.0919 62
0.092 60
0.0921 58
0.0922 63
0.0923 70
0.0924 73
0.0925 70
0.0926 67
0.0927 63
0.0928 66
0.0929 62
0.093 53
0.0931 57
0.0932 58
0.0933 57
0.0934 55
0.0935 52
0.0936 63
0.0937 62
0.0938 59
0.0939 48
0.094 44
0.0941 58
0.0942 56
0.0943 57
0.0944 56
0.0945 58
0.0946 57
0.0947 66
0.0948 70
0.0949 63
0.095 66
0.0951 69
0.0952 57
0.0953 61
0.0954 56
0.0955 59
0.0956 52
0.0957 49
0.0958 55
0.0959 54
0.096 59
0.0961 63
0.0962 60
0.0963 52
0.0964 56
0.0965 48
0.0966 48
0.0967 54
0.0968 59
0.0969 65
0.097 47
0.0971 48
0.0972 47
0.0973 54
0.0974 66
0.0975 58
0.0976 59
0.0977 58
0.0978 52
0.0979 52
0.098 50
0.0981 53
0.0982 56
0.0983 51
0.0984 48
0.0985 48
0.0986 58
0.0987 56
0.0988 56
0.0989 51
0.099 54
0.0991 58
0.0992 52
0.0993 53
0.0994 53
0.0995 55
0.0996 51
0.0997 46
0.0998 48
0.0999 47
0.1 50
