0 0
0.0001 2
0.0002 6
0.0003 8
0.0004 12
0.0005 26
0.0006 41
0.0007 68
0.0008 109
0.0009 157
0.001 217
0.0011 277
0.0012 332
0.0013 388
0.0014 430
0.0015 479
0.0016 512
0.0017 560
0.0018 599
0.0019 630
0.002 655
0.0021 691
0.0022 738
0.0023 796
0.0024 839
0.0025 891
0.0026 931
0.0027 952
0.0028 986
0.0029 1027
0.003 1057
0.0031 1101
0.0032 1133
0.0033 1164
0.0034 1194
0.0035 1226
0.0036 1237
0.0037 1250
0.0038 1258
0.0039 1268
0.004 1268
0.0041 1284
0.0042 1305
0.0043 1322
0.0044 1349
0.0045 1366
0.0046 1353
0.0047 1362
0.0048 1378
0.0049 1405
0.005 1430
0.0051 1444
0.0052 1468
0.0053 1474
0.0054 1497
0.0055 1522
0.0056 1553
0.0057 1579
0.0058 1576
0.0059 1600
0.006 1632
0.0061 1647
0.0062 1656
0.0063 1664
0.0064 1664
0.0065 1666
0.0066 1668
0.0067 1683
0.0068 1684
0.0069 1673
0.007 1682
0.0071 1693
0.0072 1697
0.0073 1691
0.0074 1703
0.0075 1709
0.0076 1713
0.0077 1709
0.0078 1710
0.0079 1705
0.008 1702
0.0081 1699
0.0082 1688
0.0083 1679
0.0084 1659
0.0085 1644
0.0086 1653
0.0087 1653
0.0088 1646
0.0089 1628
0.009 1630
0.0091 1615
0.0092 1594
0.0093 1602
0.0094 1595
0.0095 1600
0.0096 1609
0.0097 1617
0.0098 1620
0.0099 1623
0.01 1624
0.0101 1617
0.0102 1630
0.0103 1606
0.0104 1577
0.0105 1567
0.0106 1617
0.0107 1642
0.0108 1662
0.0109 1670
0.011 1643
0.0111 1624
0.0112 1607
0.0113 1575
0.0114 1554
0.0115 1537
0.0116 1512
0.0117 1503
0.0118 1478
0.0119 1460
0.012 1452
0.0121 1411
0.0122 1411
0.0123 1404
0.0124 1409
0.0125 1405
0.0126 1410
0.0127 1404
0.0128 1395
0.0129 1375
0.013 1394
0.0131 1402
0.0132 1393
0.0133 1402
0.0134 1400
0.0135 1407
0.0136 1412
0.0137 1427
0.0138 1449
0.0139 1462
0.014 1498
0.0141 1533
0.0142 1548
0.0143 1563
0.0144 1558
0.0145 1548
0.0146 1532
0.0147 1531
0.0148 1521
0.0149 1507
0.015 1483
0.0151 1480
0.0152 1461
0.0153 1435
0.0154 1430
0.0155 1423
0.0156 1399
0.0157 1368
0.0158 1338
0.0159 1327
0.016 1330
0.0161 1316
0.0162 1294
0.0163 1277
0.0164 1274
0.0165 1254
0.0166 1233
0.0167 1206
0.0168 1191
0.0169 1164
0.017 1149
0.0171 1130
0.0172 1131
0.0173 1109
0.0174 1096
0.0175 1064
0.0176 1052
0.0177 1069
0.0178 1072
0.0179 1092
0.018 1099
0.0181 1109
0.0182 1108
0.0183 1123
0.0184 1130
0.0185 1105
0.0186 1079
0.0187 1080
0.0188 1090
0.0189 1069
0.019 1060
0.0191 1031
0.0192 1006
0.0193 979
0.0194 969
0.0195 947
0.0196 940
0.0197 906
0.0198 888
0.0199 881
0.02 875
0.0201 859
0.0202 847
0.0203 837
0.0204 836
0.0205 830
0.0206 799
0.0207 791
0.0208 803
0.0209 812
0.021 828
0.0211 830
0.0212 827
0.0213 831
0.0214 865
0.0215 874
0.0216 868
0.0217 854
0.0218 837
0.0219 820
0.022 802
0.0221 791
0.0222 763
0.0223 737
0.0224 728
0.0225 707
0.0226 687
0.0227 657
0.0228 629
0.0229 602
0.023 574
0.0231 550
0.0232 515
0.0233 484
0.0234 460
0.0235 432
0.0236 421
0.0237 418
0.0238 400
0.0239 400
0.024 394
0.0241 364
0.0242 325
0.0243 316
0.0244 297
0.0245 272
0.0246 257
0.0247 237
0.0248 237
0.0249 242
0.025 253
0.0251 260
0.0252 278
0.0253 281
0.0254 277
0.0255 265
0.0256 243
0.0257 212
0.0258 178
0.0259 146
0.026 125
0.0261 121
0.0262 95
0.0263 63
0.0264 53
0.0265 37
0.0266 23
0.0267 10
0.0268 17
0.0269 7
0.027 7
0.0271 4
0.0272 0
0.0273 3
0.0274 0
0.0275 1
0.0276 2
0.0277 1
0.0278 0
0.0279 0
0.028 0
0.0281 0
0.0282 0
0.0283 1
0.0284 1
0.0285 1
0.0286 1
0.0287 0
0.0288 1
0.0289 1
0.029 0
0.0291 2
0.0292 0
0.0293 1
0.0294 2
0.0295 2
0.0296 1
0.0297 0
0.0298 1
0.0299 1
0.03 2
0.0301 0
0.0302 3
0.0303 2
0.0304 1
0.0305 0
0.0306 1
0.0307 0
0.0308 1
0.0309 0
0.031 3
0.0311 1
0.0312 2
0.0313 0
0.0314 0
0.0315 1
0.0316 0
0.0317 1
0.0318 2
0.0319 0
0.032 1
0.0321 1
0.0322 1
0.0323 0
0.0324 0
0.0325 2
0.0326 0
0.0327 0
0.0328 0
0.0329 0
0.033 0
0.0331 2
0.0332 0
0.0333 0
0.0334 0
0.0335 0
0.0336 0
0.0337 0
0.0338 0
0.0339 0
0.034 0
0.0341 1
0.0342 0
0.0343 0
0.0344 0
0.0345 1
0.0346 0
0.0347 0
0.0348 2
0.0349 1
0.035 2
0.0351 0
0.0352 0
0.0353 1
0.0354 1
0.0355 1
0.0356 1
0.0357 2
0.0358 2
0.0359 1
0.036 2
0.0361 1
0.0362 0
0.0363 0
0.0364 0
0.0365 0
0.0366 1
0.0367 0
0.0368 0
0.0369 0
0.037 2
0.0371 0
0.0372 1
0.0373 1
0.0374 0
0.0375 0
0.0376 0
0.0377 0
0.0378 0
0.0379 1
0.038 0
0.0381 0
0.0382 0
0.0383 0
0.0384 0
0.0385 0
0.0386 1
0.0387 0
0.0388 1
0.0389 0
0.039 1
0.0391 0
0.0392 0
0.0393 0
0.0394 0
0.0395 1
0.0396 0
0.0397 0
0.0398 0
0.0399 0
0.04 0
0.0401 0
0.0402 0
0.0403 0
0.0404 1
0.0405 0
0.0406 2
0.0407 2
0.0408 0
0.0409 0
0.041 0
0.0411 0
0.0412 1
0.0413 0
0.0414 1
0.0415 0
0.0416 0
0.0417 0
0.0418 0
0.0419 0
0.042 0
0.0421 1
0.0422 0
0.0423 0
0.0424 0
0.0425 0
0.0426 0
0.0427 0
0.0428 0
0.0429 0
0.043 0
0.0431 1
0.0432 0
0.0433 0
0.0434 0
0.0435 1
0.0436 0
0.0437 0
0.0438 0
0.0439 0
0.044 1
0.0441 0
0.0442 0
0.0443 3
0.0444 0
0.0445 1
0.0446 1
0.0447 0
0.0448 1
0.0449 2
0.045 0
0.0451 0
0.0452 0
0.0453 0
0.0454 0
0.0455 0
0.0456 0
0.0457 0
0.0458 0
0.0459 0
0.046 1
0.0461 0
0.0462 0
0.0463 0
0.0464 0
0.0465 1
0.0466 0
0.0467 0
0.0468 0
0.0469 0
0.047 1
0.0471 0
0.0472 0
0.0473 0
0.0474 0
0.0475 0
0.0476 0
0.0477 0
0.0478 0
0.0479 0
0.048 0
0.0481 0
0.0482 0
0.0483 1
0.0484 0
0.0485 0
0.0486 0
0.0487 0
0.0488 1
0.0489 1
0.049 1
0.0491 1
0.0492 0
0.0493 0
0.0494 0
0.0495 0
0.0496 0
0.0497 0
0.0498 0
0.0499 0
0.05 0
0.0501 0
0.0502 1
0.0503 0
0.0504 1
0.0505 0
0.0506 0
0.0507 0
0.0508 0
0.0509 2
0.051 1
0.0511 3
0.0512 3
0.0513 0
0.0514 1
0.0515 8
0.0516 8
0.0517 6
0.0518 5
0.0519 2
0.052 5
0.0521 5
0.0522 7
0.0523 11
0.0524 8
0.0525 3
0.0526 4
0.0527 5
0.0528 4
0.0529 5
0.053 6
0.0531 12
0.0532 7
0.0533 9
0.0534 5
0.0535 7
0.0536 10
0.0537 7
0.0538 8
0.0539 4
0.054 3
0.0541 3
0.0542 1
0.0543 1
0.0544 5
0.0545 1
0.0546 4
0.0547 1
0.0548 2
0.0549 2
0.055 3
0.0551 1
0.0552 1
0.0553 1
0.0554 1
0.0555 3
0.0556 0
0.0557 0
0.0558 2
0.0559 2
0.056 1
0.0561 3
0.0562 1
0.0563 0
0.0564 1
0.0565 1
0.0566 1
0.0567 0
0.0568 0
0.0569 0
0.057 1
0.0571 1
0.0572 1
0.0573 0
0.0574 1
0.0575 0
0.0576 0
0.0577 1
0.0578 0
0.0579 0
0.058 1
0.0581 1
0.0582 1
0.0583 2
0.0584 1
0.0585 1
0.0586 4
0.0587 1
0.0588 2
0.0589 6
0.059 4
0.0591 1
0.0592 2
0.0593 1
0.0594 0
0.0595 2
0.0596 4
0.0597 0
0.0598 0
0.0599 1
0.06 0
0.0601 2
0.0602 0
0.0603 2
0.0604 1
0.0605 0
0.0606 0
0.0607 1
0.0608 2
0.0609 2
0.061 0
0.0611 0
0.0612 2
0.0613 0
0.0614 3
0.0615 2
0.0616 1
0.0617 2
0.0618 2
0.0619 2
0.062 0
0.0621 1
0.0622 2
0.0623 0
0.0624 0
0.0625 1
0.0626 0
0.0627 1
0.0628 1
0.0629 3
0.063 1
0.0631 0
0.0632 0
0.0633 1
0.0634 0
0.0635 0
0.0636 0
0.0637 1
0.0638 2
0.0639 3
0.064 1
0.0641 1
0.0642 1
0.0643 1
0.0644 1
0.0645 2
0.0646 1
0.0647 2
0.0648 1
0.0649 0
0.065 2
0.0651 3
0.0652 0
0.0653 2
0.0654 1
0.0655 1
0.0656 2
0.0657 3
0.0658 2
0.0659 0
0.066 4
0.0661 0
0.0662 1
0.0663 2
0.0664 1
0.0665 2
0.0666 0
0.0667 1
0.0668 2
0.0669 0
0.067 4
0.0671 1
0.0672 4
0.0673 2
0.0674 3
0.0675 0
0.0676 0
0.0677 0
0.0678 0
0.0679 0
0.068 0
0.0681 1
0.0682 5
0.0683 7
0.0684 4
0.0685 9
0.0686 18
0.0687 19
0.0688 20
0.0689 19
0.069 38
0.0691 29
0.0692 64
0.0693 81
0.0694 99
0.0695 121
0.0696 149
0.0697 170
0.0698 211
0.0699 233
0.07 250
0.0701 264
0.0702 268
0.0703 251
0.0704 249
0.0705 288
0.0706 309
0.0707 344
0.0708 375
0.0709 409
0.071 421
0.0711 430
0.0712 437
0.0713 471
0.0714 490
0.0715 525
0.0716 567
0.0717 597
0.0718 613
0.0719 639
0.072 656
0.0721 665
0.0722 684
0.0723 695
0.0724 701
0.0725 747
0.0726 771
0.0727 774
0.0728 774
0.0729 776
0.073 759
0.0731 770
0.0732 775
0.0733 766
0.0734 781
0.0735 792
0.0736 816
0.0737 855
0.0738 877
0.0739 880
0.074 888
0.0741 903
0.0742 892
0.0743 928
0.0744 925
0.0745 946
0.0746 963
0.0747 968
0.0748 971
0.0749 989
0.075 1007
0.0751 1019
0.0752 1027
0.0753 1037
0.0754 1044
0.0755 1059
0.0756 1068
0.0757 1075
0.0758 1100
0.0759 1094
0.076 1076
0.0761 1080
0.0762 1065
0.0763 1067
0.0764 1076
0.0765 1085
0.0766 1101
0.0767 1095
0.0768 1105
0.0769 1124
0.077 1128
0.0771 1138
0.0772 1130
0.0773 1135
0.0774 1138
0.0775 1146
0.0776 1136
0.0777 1134
0.0778 1136
0.0779 1146
0.078 1171
0.0781 1158
0.0782 1181
0.0783 1186
0.0784 1172
0.0785 1175
0.0786 1164
0.0787 1159
0.0788 1149
0.0789 1154
0.079 1151
0.0791 1135
0.0792 1124
0.0793 1134
0.0794 1122
0.0795 1124
0.0796 1109
0.0797 1125
0.0798 1122
0.0799 1127
0.08 1111
0.0801 1080
0.0802 1076
0.0803 1058
0.0804 1075
0.0805 1075
0.0806 1084
0.0807 1091
0.0808 1100
0.0809 1093
0.081 1084
0.0811 1068
0.0812 1059
0.0813 1059
0.0814 1055
0.0815 1058
0.0816 1034
0.0817 1030
0.0818 1034
0.0819 1059
0.082 1061
0.0821 1048
0.0822 1022
0.0823 997
0.0824 973
0.0825 975
0.0826 937
0.0827 918
0.0828 925
0.0829 919
0.083 894
0.0831 891
0.0832 886
0.0833 884
0.0834 892
0.0835 902
0.0836 903
0.0837 919
0.0838 928
0.0839 928
0.084 918
0.0841 896
0.0842 860
0.0843 827
0.0844 805
0.0845 776
0.0846 770
0.0847 722
0.0848 686
0.0849 666
0.085 629
0.0851 608
0.0852 580
0.0853 561
0.0854 536
0.0855 513
0.0856 487
0.0857 470
0.0858 467
0.0859 445
0.086 427
0.0861 414
0.0862 401
0.0863 377
0.0864 355
0.0865 330
0.0866 320
0.0867 268
0.0868 254
0.0869 218
0.087 206
0.0871 183
0.0872 144
0.0873 113
0.0874 93
0.0875 74
0.0876 49
0.0877 53
0.0878 60
0.0879 53
0.088 43
0.0881 27
0.0882 23
0.0883 16
0.0884 16
0.0885 11
0.0886 19
0.0887 13
0.0888 12
0.0889 13
0.089 11
0.0891 7
0.0892 3
0.0893 5
0.0894 4
0.0895 2
0.0896 4
0.0897 1
0.0898 2
0.0899 0
0.09 0
0.0901 0
0.0902 0
0.0903 0
0.0904 2
0.0905 0
0.0906 1
0.0907 1
0.0908 1
0.0909 0
0.091 0
0.0911 1
0.0912 1
0.0913 0
0.0914 0
0.0915 0
0.0916 1
0.0917 0
0.0918 0
0.0919 0
0.092 0
0.0921 1
0.0922 0
0.0923 0
0.0924 0
0.0925 0
0.0926 0
0.0927 0
0.0928 1
0.0929 0
0.093 0
0.0931 0
0.0932 1
0.0933 0
0.0934 0
0.0935 0
0.0936 0
0.0937 1
0.0938 0
0.0939 0
0.094 1
0.0941 0
0.0942 0
0.0943 0
0.0944 0
0.0945 0
0.0946 0
0.0947 2
0.0948 0
0.0949 1
0.095 1
0.0951 2
0.0952 2
0.0953 0
0.0954 1
0.0955 3
0.0956 1
0.0957 1
0.0958 0
0.0959 1
0.096 0
0.0961 1
0.0962 0
0.0963 0
0.0964 1
0.0965 1
0.0966 1
0.0967 1
0.0968 0
0.0969 0
0.097 1
0.0971 1
0.0972 1
0.0973 1
0.0974 0
0.0975 0
0.0976 1
0.0977 0
0.0978 0
0.0979 4
0.098 3
0.0981 1
0.0982 2
0.0983 1
0.0984 4
0.0985 0
0.0986 1
0.0987 1
0.0988 1
0.0989 0
0.099 1
0.0991 1
0.0992 0
0.0993 1
0.0994 1
0.0995 0
0.0996 0
0.0997 0
0.0998 0
0.0999 0
0.1 2
0.1001 0
0.1002 1
0.1003 2
0.1004 0
0.1005 0
0.1006 0
0.1007 2
0.1008 0
0.1009 1
0.101 1
0.1011 1
0.1012 1
0.1013 1
0.1014 1
0.1015 0
0.1016 0
0.1017 1
0.1018 0
0.1019 0
0.102 1
0.1021 2
0.1022 0
0.1023 0
0.1024 0
0.1025 0
0.1026 0
0.1027 0
0.1028 1
0.1029 0
0.103 1
0.1031 1
0.1032 0
0.1033 0
0.1034 0
0.1035 1
0.1036 0
0.1037 0
0.1038 1
0.1039 2
0.104 1
0.1041 0
0.1042 1
0.1043 0
0.1044 1
0.1045 1
0.1046 2
0.1047 1
0.1048 1
0.1049 1
0.105 2
0.1051 2
0.1052 2
0.1053 0
0.1054 2
0.1055 0
0.1056 1
0.1057 0
0.1058 0
0.1059 1
0.106 1
0.1061 1
0.1062 0
0.1063 1
0.1064 0
0.1065 1
0.1066 0
0.1067 0
0.1068 1
0.1069 0
0.107 1
0.1071 1
0.1072 1
0.1073 0
0.1074 0
0.1075 0
0.1076 0
0.1077 0
0.1078 0
0.1079 1
0.108 0
0.1081 1
0.1082 1
0.1083 2
0.1084 3
0.1085 0
0.1086 0
0.1087 1
0.1088 1
0.1089 0
0.109 1
0.1091 0
0.1092 1
0.1093 1
0.1094 0
0.1095 2
0.1096 3
0.1097 2
0.1098 3
0.1099 2
0.11 5
0.1101 2
0.1102 2
0.1103 1
0.1104 0
0.1105 0
0.1106 0
0.1107 1
0.1108 0
0.1109 0
0.111 1
0.1111 1
0.1112 1
0.1113 1
0.1114 1
0.1115 1
0.1116 0
0.1117 2
0.1118 1
0.1119 1
0.112 1
0.1121 0
0.1122 0
0.1123 2
0.1124 1
0.1125 1
0.1126 1
0.1127 0
0.1128 1
0.1129 0
0.113 1
0.1131 1
0.1132 1
0.1133 0
0.1134 1
0.1135 1
0.1136 0
0.1137 1
0.1138 0
0.1139 2
0.114 1
0.1141 2
0.1142 1
0.1143 2
0.1144 0
0.1145 0
0.1146 0
0.1147 0
0.1148 1
0.1149 1
0.115 0
0.1151 2
0.1152 0
0.1153 0
0.1154 1
0.1155 0
0.1156 0
0.1157 0
0.1158 1
0.1159 0
0.116 0
0.1161 0
0.1162 0
0.1163 1
0.1164 1
0.1165 0
0.1166 1
0.1167 2
0.1168 5
0.1169 0
0.117 1
0.1171 1
0.1172 1
0.1173 1
0.1174 1
0.1175 1
0.1176 1
0.1177 1
0.1178 0
0.1179 2
0.118 1
0.1181 1
0.1182 0
0.1183 3
0.1184 1
0.1185 0
0.1186 2
0.1187 0
0.1188 2
0.1189 0
0.119 2
0.1191 1
0.1192 4
0.1193 1
0.1194 0
0.1195 0
0.1196 1
0.1197 2
0.1198 0
0.1199 1
0.12 2
0.1201 0
0.1202 2
0.1203 3
0.1204 2
0.1205 6
0.1206 1
0.1207 1
0.1208 0
0.1209 1
0.121 1
0.1211 0
0.1212 1
0.1213 1
0.1214 1
0.1215 0
0.1216 1
0.1217 1
0.1218 0
0.1219 1
0.122 2
0.1221 5
0.1222 2
0.1223 1
0.1224 0
0.1225 2
0.1226 1
0.1227 1
0.1228 0
0.1229 0
0.123 0
0.1231 1
0.1232 2
0.1233 0
0.1234 1
0.1235 2
0.1236 1
0.1237 1
0.1238 3
0.1239 2
0.124 0
0.1241 1
0.1242 1
0.1243 2
0.1244 2
0.1245 1
0.1246 1
0.1247 2
0.1248 1
0.1249 2
0.125 1
0.1251 2
0.1252 2
0.1253 2
0.1254 0
0.1255 0
0.1256 1
0.1257 1
0.1258 4
0.1259 2
0.126 5
0.1261 3
0.1262 3
0.1263 3
0.1264 2
0.1265 2
0.1266 0
0.1267 1
0.1268 1
0.1269 1
0.127 1
0.1271 2
0.1272 4
0.1273 6
0.1274 5
0.1275 4
0.1276 2
0.1277 4
0.1278 2
0.1279 3
0.128 1
0.1281 0
0.1282 4
0.1283 1
0.1284 4
0.1285 0
0.1286 2
0.1287 1
0.1288 2
0.1289 4
0.129 4
0.1291 1
0.1292 1
0.1293 3
0.1294 1
0.1295 3
0.1296 0
0.1297 2
0.1298 1
0.1299 5
0.13 3
0.1301 2
0.1302 2
0.1303 3
0.1304 0
0.1305 0
0.1306 2
0.1307 1
0.1308 4
0.1309 5
0.131 3
0.1311 0
0.1312 0
0.1313 0
0.1314 2
0.1315 4
0.1316 1
0.1317 2
0.1318 4
0.1319 4
0.132 5
0.1321 8
0.1322 8
0.1323 9
0.1324 7
0.1325 0
0.1326 5
0.1327 2
0.1328 2
0.1329 3
0.133 12
0.1331 11
0.1332 15
0.1333 19
0.1334 18
0.1335 13
0.1336 7
0.1337 12
0.1338 15
0.1339 10
0.134 6
0.1341 10
0.1342 10
0.1343 6
0.1344 6
0.1345 3
0.1346 7
0.1347 6
0.1348 7
0.1349 2
0.135 3
0.1351 3
0.1352 0
0.1353 4
0.1354 3
0.1355 3
0.1356 3
0.1357 2
0.1358 2
0.1359 3
0.136 3
0.1361 4
0.1362 1
0.1363 3
0.1364 0
0.1365 3
0.1366 3
0.1367 3
0.1368 1
0.1369 4
0.137 5
0.1371 2
0.1372 0
0.1373 0
0.1374 4
0.1375 6
0.1376 14
0.1377 11
0.1378 16
0.1379 21
0.138 23
0.1381 36
0.1382 40
0.1383 45
0.1384 52
0.1385 49
0.1386 54
0.1387 82
0.1388 97
0.1389 115
0.139 122
0.1391 131
0.1392 153
0.1393 185
0.1394 217
0.1395 239
0.1396 243
0.1397 261
0.1398 264
0.1399 294
0.14 343
0.1401 389
0.1402 415
0.1403 440
0.1404 469
0.1405 489
0.1406 509
0.1407 530
0.1408 547
0.1409 563
0.141 590
0.1411 612
0.1412 650
0.1413 704
0.1414 732
0.1415 754
0.1416 779
0.1417 794
0.1418 834
0.1419 851
0.142 883
0.1421 915
0.1422 958
0.1423 984
0.1424 998
0.1425 1024
0.1426 1056
0.1427 1068
0.1428 1090
0.1429 1111
0.143 1110
0.1431 1119
0.1432 1127
0.1433 1124
0.1434 1115
0.1435 1130
0.1436 1136
0.1437 1151
0.1438 1139
0.1439 1132
0.144 1141
0.1441 1136
0.1442 1131
0.1443 1134
0.1444 1148
0.1445 1161
0.1446 1165
0.1447 1178
0.1448 1180
0.1449 1194
0.145 1207
0.1451 1226
0.1452 1231
0.1453 1248
0.1454 1275
0.1455 1288
0.1456 1305
0.1457 1298
0.1458 1298
0.1459 1268
0.146 1252
0.1461 1248
0.1462 1251
0.1463 1240
0.1464 1232
0.1465 1242
0.1466 1232
0.1467 1234
0.1468 1227
0.1469 1232
0.147 1218
0.1471 1225
0.1472 1231
0.1473 1236
0.1474 1230
0.1475 1215
0.1476 1199
0.1477 1202
0.1478 1209
0.1479 1203
0.148 1204
0.1481 1201
0.1482 1197
0.1483 1210
0.1484 1219
0.1485 1215
0.1486 1201
0.1487 1195
0.1488 1181
0.1489 1199
0.149 1185
0.1491 1178
0.1492 1168
0.1493 1168
0.1494 1150
0.1495 1155
0.1496 1146
0.1497 1146
0.1498 1165
0.1499 1151
0.15 1123
0.1501 1103
0.1502 1086
0.1503 1081
0.1504 1099
0.1505 1106
0.1506 1101
0.1507 1093
0.1508 1096
0.1509 1085
0.151 1055
0.1511 1036
0.1512 1034
0.1513 1017
0.1514 1007
0.1515 996
0.1516 992
0.1517 997
0.1518 986
0.1519 989
0.152 951
0.1521 936
0.1522 928
0.1523 910
0.1524 878
0.1525 865
0.1526 846
0.1527 823
0.1528 824
0.1529 801
0.153 777
0.1531 768
0.1532 766
0.1533 754
0.1534 762
0.1535 752
0.1536 772
0.1537 794
0.1538 812
0.1539 834
0.154 845
0.1541 847
0.1542 831
0.1543 853
0.1544 854
0.1545 841
0.1546 853
0.1547 851
0.1548 857
0.1549 843
0.155 836
0.1551 815
0.1552 822
0.1553 807
0.1554 808
0.1555 800
0.1556 795
0.1557 802
0.1558 816
0.1559 830
0.156 829
0.1561 807
0.1562 810
0.1563 800
0.1564 788
0.1565 790
0.1566 791
0.1567 764
0.1568 749
0.1569 734
0.157 715
0.1571 736
0.1572 729
0.1573 735
0.1574 727
0.1575 718
0.1576 728
0.1577 698
0.1578 671
0.1579 655
0.158 647
0.1581 630
0.1582 615
0.1583 595
0.1584 569
0.1585 559
0.1586 537
0.1587 540
0.1588 543
0.1589 540
0.159 520
0.1591 514
0.1592 475
0.1593 463
0.1594 442
0.1595 419
0.1596 374
0.1597 332
0.1598 308
0.1599 308
0.16 272
0.1601 272
0.1602 291
0.1603 303
0.1604 296
0.1605 281
0.1606 277
0.1607 263
0.1608 270
0.1609 255
0.161 246
0.1611 235
0.1612 224
0.1613 230
0.1614 220
0.1615 217
0.1616 231
0.1617 227
0.1618 247
0.1619 256
0.162 236
0.1621 239
0.1622 245
0.1623 257
0.1624 236
0.1625 211
0.1626 179
0.1627 130
0.1628 110
0.1629 69
0.163 44
0.1631 31
0.1632 20
0.1633 21
0.1634 24
0.1635 25
0.1636 38
0.1637 31
0.1638 23
0.1639 16
0.164 16
0.1641 13
0.1642 6
0.1643 10
0.1644 3
0.1645 4
0.1646 3
0.1647 0
0.1648 2
0.1649 2
0.165 3
0.1651 6
0.1652 5
0.1653 4
0.1654 3
0.1655 1
0.1656 2
0.1657 0
0.1658 0
0.1659 1
0.166 1
0.1661 0
0.1662 0
0.1663 0
0.1664 2
0.1665 1
0.1666 0
0.1667 2
0.1668 0
0.1669 2
0.167 0
0.1671 0
0.1672 0
0.1673 0
0.1674 0
0.1675 2
0.1676 2
0.1677 0
0.1678 1
0.1679 4
0.168 0
0.1681 6
0.1682 3
0.1683 3
0.1684 0
0.1685 2
0.1686 0
0.1687 0
0.1688 0
0.1689 2
0.169 0
0.1691 1
0.1692 2
0.1693 1
0.1694 0
0.1695 1
0.1696 3
0.1697 1
0.1698 0
0.1699 0
0.17 0
0.1701 1
0.1702 0
0.1703 0
0.1704 0
0.1705 0
0.1706 1
0.1707 0
0.1708 1
0.1709 0
0.171 1
0.1711 2
0.1712 1
0.1713 1
0.1714 0
0.1715 2
0.1716 0
0.1717 1
0.1718 0
0.1719 1
0.172 0
0.1721 0
0.1722 1
0.1723 0
0.1724 0
0.1725 0
0.1726 1
0.1727 1
0.1728 0
0.1729 0
0.173 0
0.1731 0
0.1732 1
0.1733 0
0.1734 0
0.1735 1
0.1736 1
0.1737 0
0.1738 1
0.1739 0
0.174 0
0.1741 1
0.1742 1
0.1743 0
0.1744 0
0.1745 0
0.1746 0
0.1747 0
0.1748 0
0.1749 1
0.175 1
0.1751 2
0.1752 0
0.1753 0
0.1754 1
0.1755 1
0.1756 0
0.1757 3
0.1758 0
0.1759 0
0.176 2
0.1761 1
0.1762 0
0.1763 0
0.1764 3
0.1765 0
0.1766 2
0.1767 1
0.1768 3
0.1769 0
0.177 1
0.1771 0
0.1772 2
0.1773 1
0.1774 1
0.1775 1
0.1776 0
0.1777 0
0.1778 0
0.1779 1
0.178 1
0.1781 1
0.1782 1
0.1783 0
0.1784 1
0.1785 1
0.1786 0
0.1787 0
0.1788 0
0.1789 1
0.179 0
0.1791 0
0.1792 1
0.1793 1
0.1794 0
0.1795 1
0.1796 1
0.1797 0
0.1798 0
0.1799 0
0.18 0
0.1801 1
0.1802 1
0.1803 0
0.1804 1
0.1805 0
0.1806 0
0.1807 0
0.1808 0
0.1809 3
0.181 5
0.1811 6
0.1812 5
0.1813 2
0.1814 3
0.1815 2
0.1816 5
0.1817 1
0.1818 3
0.1819 4
0.182 0
0.1821 0
0.1822 4
0.1823 0
0.1824 1
0.1825 0
0.1826 0
0.1827 0
0.1828 0
0.1829 0
0.183 0
0.1831 0
0.1832 1
0.1833 2
0.1834 1
0.1835 3
0.1836 0
0.1837 0
0.1838 0
0.1839 1
0.184 1
0.1841 4
0.1842 0
0.1843 1
0.1844 0
0.1845 1
0.1846 1
0.1847 0
0.1848 0
0.1849 0
0.185 1
0.1851 0
0.1852 0
0.1853 0
0.1854 0
0.1855 0
0.1856 1
0.1857 0
0.1858 0
0.1859 1
0.186 2
0.1861 0
0.1862 1
0.1863 0
0.1864 1
0.1865 1
0.1866 2
0.1867 0
0.1868 0
0.1869 1
0.187 1
0.1871 0
0.1872 1
0.1873 1
0.1874 0
0.1875 2
0.1876 0
0.1877 0
0.1878 4
0.1879 2
0.188 4
0.1881 0
0.1882 0
0.1883 3
0.1884 0
0.1885 0
0.1886 0
0.1887 0
0.1888 1
0.1889 1
0.189 1
0.1891 0
0.1892 0
0.1893 0
0.1894 0
0.1895 0
0.1896 1
0.1897 1
0.1898 0
0.1899 0
0.19 2
0.1901 0
0.1902 0
0.1903 1
0.1904 0
0.1905 1
0.1906 2
0.1907 0
0.1908 1
0.1909 1
0.191 0
0.1911 1
0.1912 1
0.1913 1
0.1914 0
0.1915 0
0.1916 2
0.1917 0
0.1918 1
0.1919 1
0.192 0
0.1921 0
0.1922 1
0.1923 0
0.1924 2
0.1925 1
0.1926 1
0.1927 0
0.1928 1
0.1929 0
0.193 0
0.1931 0
0.1932 0
0.1933 0
0.1934 0
0.1935 0
0.1936 0
0.1937 0
0.1938 0
0.1939 2
0.194 1
0.1941 0
0.1942 2
0.1943 3
0.1944 0
0.1945 0
0.1946 2
0.1947 4
0.1948 5
0.1949 3
0.195 4
0.1951 3
0.1952 4
0.1953 5
0.1954 3
0.1955 1
0.1956 1
0.1957 1
0.1958 2
0.1959 0
0.196 1
0.1961 0
0.1962 1
0.1963 2
0.1964 1
0.1965 2
0.1966 3
0.1967 3
0.1968 4
0.1969 2
0.197 1
0.1971 3
0.1972 2
0.1973 1
0.1974 1
0.1975 1
0.1976 2
0.1977 2
0.1978 1
0.1979 4
0.198 2
0.1981 2
0.1982 5
0.1983 1
0.1984 1
0.1985 5
0.1986 4
0.1987 3
0.1988 3
0.1989 4
0.199 1
0.1991 2
0.1992 2
0.1993 2
0.1994 2
0.1995 0
0.1996 6
0.1997 2
0.1998 2
0.1999 6
0.2 1
0.2001 5
0.2002 5
0.2003 10
0.2004 3
0.2005 3
0.2006 0
0.2007 2
0.2008 5
0.2009 3
0.201 5
0.2011 3
0.2012 3
0.2013 2
0.2014 1
0.2015 1
0.2016 0
0.2017 1
0.2018 1
0.2019 1
0.202 0
0.2021 0
0.2022 2
0.2023 0
0.2024 0
0.2025 1
0.2026 0
0.2027 0
0.2028 0
0.2029 0
0.203 1
0.2031 2
0.2032 0
0.2033 3
0.2034 2
0.2035 3
0.2036 5
0.2037 2
0.2038 3
0.2039 1
0.204 2
0.2041 4
0.2042 1
0.2043 2
0.2044 3
0.2045 4
0.2046 0
0.2047 0
0.2048 0
0.2049 3
0.205 4
0.2051 3
0.2052 1
0.2053 1
0.2054 3
0.2055 0
0.2056 0
0.2057 0
0.2058 1
0.2059 1
0.206 1
0.2061 4
0.2062 2
0.2063 3
0.2064 1
0.2065 2
0.2066 2
0.2067 3
0.2068 4
0.2069 2
0.207 0
0.2071 0
0.2072 0
0.2073 4
0.2074 6
0.2075 7
0.2076 12
0.2077 16
0.2078 28
0.2079 19
0.208 22
0.2081 24
0.2082 17
0.2083 25
0.2084 28
0.2085 25
0.2086 26
0.2087 20
0.2088 26
0.2089 26
0.209 26
0.2091 14
0.2092 15
0.2093 11
0.2094 12
0.2095 15
0.2096 22
0.2097 34
0.2098 48
0.2099 66
0.21 71
0.2101 89
0.2102 114
0.2103 137
0.2104 173
0.2105 224
0.2106 284
0.2107 302
0.2108 297
0.2109 322
0.211 336
0.2111 342
0.2112 354
0.2113 378
0.2114 404
0.2115 420
0.2116 408
0.2117 412
0.2118 408
0.2119 417
0.212 454
0.2121 482
0.2122 494
0.2123 512
0.2124 525
0.2125 552
0.2126 561
0.2127 572
0.2128 564
0.2129 574
0.213 583
0.2131 592
0.2132 600
0.2133 609
0.2134 624
0.2135 658
0.2136 666
0.2137 688
0.2138 704
0.2139 732
0.214 745
0.2141 757
0.2142 786
0.2143 806
0.2144 829
0.2145 845
0.2146 869
0.2147 867
0.2148 877
0.2149 901
0.215 919
0.2151 919
0.2152 918
0.2153 909
0.2154 902
0.2155 903
0.2156 901
0.2157 901
0.2158 889
0.2159 884
0.216 882
0.2161 904
0.2162 891
0.2163 902
0.2164 919
0.2165 956
0.2166 979
0.2167 995
0.2168 995
0.2169 1020
0.217 1028
0.2171 1050
0.2172 1072
0.2173 1092
0.2174 1121
0.2175 1127
0.2176 1146
0.2177 1145
0.2178 1137
0.2179 1139
0.218 1150
0.2181 1148
0.2182 1148
0.2183 1152
0.2184 1158
0.2185 1174
0.2186 1193
0.2187 1209
0.2188 1216
0.2189 1198
0.219 1181
0.2191 1170
0.2192 1151
0.2193 1132
0.2194 1123
0.2195 1114
0.2196 1093
0.2197 1071
0.2198 1051
0.2199 1047
0.22 1039
0.2201 1041
0.2202 1045
0.2203 1051
0.2204 1059
0.2205 1035
0.2206 1027
0.2207 1047
0.2208 1040
0.2209 1029
0.221 1041
0.2211 1028
0.2212 1021
0.2213 1012
0.2214 995
0.2215 994
0.2216 988
0.2217 982
0.2218 977
0.2219 973
0.222 970
0.2221 962
0.2222 981
0.2223 981
0.2224 976
0.2225 977
0.2226 982
0.2227 979
0.2228 1012
0.2229 1018
0.223 1037
0.2231 1038
0.2232 1040
0.2233 1049
0.2234 1043
0.2235 1027
0.2236 1022
0.2237 1021
0.2238 1025
0.2239 1021
0.224 1025
0.2241 1009
0.2242 985
0.2243 991
0.2244 966
0.2245 944
0.2246 952
0.2247 925
0.2248 929
0.2249 927
0.225 918
0.2251 901
0.2252 890
0.2253 882
0.2254 863
0.2255 844
0.2256 821
0.2257 778
0.2258 744
0.2259 737
0.226 727
0.2261 704
0.2262 670
0.2263 635
0.2264 610
0.2265 595
0.2266 565
0.2267 530
0.2268 519
0.2269 510
0.227 483
0.2271 461
0.2272 467
0.2273 465
0.2274 475
0.2275 460
0.2276 460
0.2277 435
0.2278 433
0.2279 410
0.228 405
0.2281 397
0.2282 362
0.2283 356
0.2284 353
0.2285 332
0.2286 330
0.2287 303
0.2288 279
0.2289 272
0.229 265
0.2291 247
0.2292 228
0.2293 205
0.2294 184
0.2295 161
0.2296 129
0.2297 110
0.2298 97
0.2299 68
0.23 60
0.2301 40
0.2302 24
0.2303 8
0.2304 4
0.2305 3
0.2306 7
0.2307 4
0.2308 1
0.2309 1
0.231 0
0.2311 0
0.2312 1
0.2313 3
0.2314 8
0.2315 3
0.2316 3
0.2317 5
0.2318 2
0.2319 1
0.232 4
0.2321 4
0.2322 0
0.2323 0
0.2324 2
0.2325 0
0.2326 0
0.2327 0
0.2328 3
0.2329 1
0.233 1
0.2331 1
0.2332 0
0.2333 1
0.2334 0
0.2335 0
0.2336 0
0.2337 0
0.2338 0
0.2339 0
0.234 0
0.2341 0
0.2342 0
0.2343 0
0.2344 0
0.2345 1
0.2346 1
0.2347 1
0.2348 2
0.2349 2
0.235 0
0.2351 0
0.2352 0
0.2353 0
0.2354 0
0.2355 0
0.2356 2
0.2357 0
0.2358 0
0.2359 0
0.236 1
0.2361 0
0.2362 1
0.2363 0
0.2364 0
0.2365 1
0.2366 2
0.2367 0
0.2368 0
0.2369 0
0.237 0
0.2371 0
0.2372 1
0.2373 0
0.2374 0
0.2375 2
0.2376 0
0.2377 1
0.2378 1
0.2379 1
0.238 0
0.2381 0
0.2382 1
0.2383 1
0.2384 0
0.2385 0
0.2386 0
0.2387 0
0.2388 0
0.2389 1
0.239 2
0.2391 2
0.2392 2
0.2393 1
0.2394 0
0.2395 0
0.2396 0
0.2397 2
0.2398 2
0.2399 2
0.24 0
0.2401 2
0.2402 1
0.2403 0
0.2404 1
0.2405 0
0.2406 0
0.2407 2
0.2408 0
0.2409 1
0.241 0
0.2411 3
0.2412 0
0.2413 0
0.2414 2
0.2415 2
0.2416 1
0.2417 0
0.2418 0
0.2419 2
0.242 0
0.2421 1
0.2422 0
0.2423 0
0.2424 2
0.2425 1
0.2426 2
0.2427 0
0.2428 0
0.2429 1
0.243 0
0.2431 0
0.2432 1
0.2433 0
0.2434 1
0.2435 0
0.2436 0
0.2437 1
0.2438 0
0.2439 0
0.244 0
0.2441 0
0.2442 1
0.2443 0
0.2444 0
0.2445 0
0.2446 0
0.2447 0
0.2448 0
0.2449 0
0.245 0
0.2451 0
0.2452 0
0.2453 0
0.2454 0
0.2455 0
0.2456 0
0.2457 0
0.2458 0
0.2459 0
0.246 1
0.2461 0
0.2462 0
0.2463 1
0.2464 2
0.2465 1
0.2466 0
0.2467 0
0.2468 0
0.2469 0
0.247 0
0.2471 1
0.2472 1
0.2473 1
0.2474 2
0.2475 0
0.2476 1
0.2477 1
0.2478 1
0.2479 0
0.248 0
0.2481 2
0.2482 0
0.2483 1
0.2484 0
0.2485 0
0.2486 0
0.2487 1
0.2488 0
0.2489 0
0.249 0
0.2491 0
0.2492 1
0.2493 0
0.2494 0
0.2495 1
0.2496 0
0.2497 0
0.2498 1
0.2499 0
0.25 0
