0 0
0.0001 171
0.0002 273
0.0003 294
0.0004 311
0.0005 303
0.0006 303
0.0007 302
0.0008 294
0.0009 289
0.001 299
0.0011 318
0.0012 304
0.0013 291
0.0014 275
0.0015 275
0.0016 268
0.0017 285
0.0018 276
0.0019 268
0.002 264
0.0021 263
0.0022 252
0.0023 281
0.0024 291
0.0025 270
0.0026 279
0.0027 275
0.0028 280
0.0029 290
0.003 282
0.0031 276
0.0032 268
0.0033 276
0.0034 271
0.0035 244
0.0036 236
0.0037 243
0.0038 262
0.0039 249
0.004 249
0.0041 252
0.0042 262
0.0043 247
0.0044 238
0.0045 244
0.0046 237
0.0047 251
0.0048 239
0.0049 243
0.005 243
0.0051 245
0.0052 242
0.0053 234
0.0054 234
0.0055 241
0.0056 227
0.0057 241
0.0058 229
0.0059 221
0.006 215
0.0061 228
0.0062 220
0.0063 234
0.0064 204
0.0065 207
0.0066 213
0.0067 203
0.0068 203
0.0069 207
0.007 211
0.0071 216
0.0072 222
0.0073 228
0.0074 234
0.0075 219
0.0076 223
0.0077 232
0.0078 245
0.0079 231
0.008 241
0.0081 235
0.0082 225
0.0083 203
0.0084 208
0.0085 192
0.0086 182
0.0087 198
0.0088 197
0.0089 203
0.009 207
0.0091 212
0.0092 202
0.0093 203
0.0094 184
0.0095 178
0.0096 188
0.0097 194
0.0098 202
0.0099 184
0.01 189
0.0101 199
0.0102 209
0.0103 190
0.0104 200
0.0105 185
0.0106 193
0.0107 197
0.0108 201
0.0109 182
0.011 176
0.0111 179
0.0112 180
0.0113 185
0.0114 184
0.0115 180
0.0116 179
0.0117 192
0.0118 182
0.0119 178
0.012 182
0.0121 193
0.0122 188
0.0123 186
0.0124 187
0.0125 175
0.0126 173
0.0127 171
0.0128 166
0.0129 167
0.013 177
0.0131 175
0.0132 176
0.0133 171
0.0134 168
0.0135 177
0.0136 164
0.0137 158
0.0138 156
0.0139 146
0.014 142
0.0141 143
0.0142 151
0.0143 147
0.0144 160
0.0145 171
0.0146 173
0.0147 154
0.0148 149
0.0149 145
0.015 158
0.0151 144
0.0152 141
0.0153 150
0.0154 144
0.0155 160
0.0156 164
0.0157 153
0.0158 155
0.0159 172
0.016 157
0.0161 138
0.0162 139
0.0163 143
0.0164 134
0.0165 137
0.0166 133
0.0167 129
0.0168 126
0.0169 125
0.017 130
0.0171 144
0.0172 136
0.0173 137
0.0174 131
0.0175 141
0.0176 137
0.0177 144
0.0178 131
0.0179 127
0.018 130
0.0181 128
0.0182 116
0.0183 120
0.0184 133
0.0185 121
0.0186 117
0.0187 127
0.0188 127
0.0189 128
0.019 138
0.0191 137
0.0192 134
0.0193 128
0.0194 127
0.0195 134
0.0196 122
0.0197 131
0.0198 124
0.0199 122
0.02 128
0.0201 132
0.0202 133
0.0203 130
0.0204 128
0.0205 124
0.0206 119
0.0207 121
0.0208 131
0.0209 142
0.021 126
0.0211 135
0.0212 129
0.0213 121
0.0214 114
0.0215 110
0.0216 111
0.0217 108
0.0218 114
0.0219 128
0.022 137
0.0221 143
0.0222 135
0.0223 137
0.0224 129
0.0225 122
0.0226 128
0.0227 127
0.0228 125
0.0229 125
0.023 124
0.0231 125
0.0232 125
0.0233 119
0.0234 118
0.0235 105
0.0236 101
0.0237 102
0.0238 94
0.0239 100
0.024 97
0.0241 103
0.0242 113
0.0243 102
0.0244 104
0.0245 107
0.0246 108
0.0247 111
0.0248 111
0.0249 108
0.025 111
0.0251 106
0.0252 106
0.0253 104
0.0254 104
0.0255 100
0.0256 112
0.0257 106
0.0258 109
0.0259 108
0.026 106
0.0261 91
0.0262 101
0.0263 107
0.0264 105
0.0265 103
0.0266 103
0.0267 95
0.0268 97
0.0269 92
0.027 91
0.0271 91
0.0272 87
0.0273 89
0.0274 93
0.0275 93
0.0276 82
0.0277 89
0.0278 96
0.0279 90
0.028 101
0.0281 97
0.0282 91
0.0283 100
0.0284 96
0.0285 90
0.0286 100
0.0287 98
0.0288 103
0.0289 105
0.029 95
0.0291 105
0.0292 98
0.0293 101
0.0294 84
0.0295 91
0.0296 93
0.0297 96
0.0298 102
0.0299 102
0.03 94
0.0301 89
0.0302 85
0.0303 88
0.0304 90
0.0305 95
0.0306 95
0.0307 100
0.0308 87
0.0309 93
0.031 100
0.0311 101
0.0312 103
0.0313 113
0.0314 102
0.0315 94
0.0316 89
0.0317 86
0.0318 95
0.0319 93
0.032 85
0.0321 88
0.0322 83
0.0323 92
0.0324 87
0.0325 88
0.0326 87
0.0327 93
0.0328 98
0.0329 102
0.033 103
0.0331 98
0.0332 103
0.0333 111
0.0334 109
0.0335 104
0.0336 95
0.0337 97
0.0338 94
0.0339 95
0.034 96
0.0341 92
0.0342 84
0.0343 90
0.0344 84
0.0345 82
0.0346 86
0.0347 75
0.0348 92
0.0349 88
0.035 90
0.0351 85
0.0352 90
0.0353 91
0.0354 87
0.0355 96
0.0356 84
0.0357 92
0.0358 96
0.0359 94
0.036 86
0.0361 81
0.0362 82
0.0363 76
0.0364 81
0.0365 73
0.0366 86
0.0367 90
0.0368 83
0.0369 77
0.037 82
0.0371 87
0.0372 84
0.0373 86
0.0374 82
0.0375 84
0.0376 86
0.0377 77
0.0378 85
0.0379 77
0.038 75
0.0381 71
0.0382 78
0.0383 75
0.0384 79
0.0385 82
0.0386 86
0.0387 94
0.0388 87
0.0389 87
0.039 75
0.0391 81
0.0392 76
0.0393 77
0.0394 72
0.0395 64
0.0396 71
0.0397 77
0.0398 79
0.0399 86
0.04 79
0.0401 83
0.0402 79
0.0403 73
0.0404 79
0.0405 79
0.0406 79
0.0407 80
0.0408 77
0.0409 66
0.041 69
0.0411 77
0.0412 77
0.0413 79
0.0414 77
0.0415 80
0.0416 79
0.0417 76
0.0418 77
0.0419 81
0.042 73
0.0421 82
0.0422 84
0.0423 83
0.0424 90
0.0425 83
0.0426 83
0.0427 80
0.0428 72
0.0429 75
0.043 75
0.0431 97
0.0432 84
0.0433 85
0.0434 79
0.0435 74
0.0436 75
0.0437 69
0.0438 64
0.0439 69
0.044 73
0.0441 66
0.0442 65
0.0443 62
0.0444 66
0.0445 80
0.0446 76
0.0447 93
0.0448 88
0.0449 77
0.045 72
0.0451 74
0.0452 71
0.0453 62
0.0454 58
0.0455 59
0.0456 60
0.0457 63
0.0458 74
0.0459 58
0.046 63
0.0461 73
0.0462 71
0.0463 75
0.0464 68
0.0465 66
0.0466 64
0.0467 71
0.0468 70
0.0469 70
0.047 74
0.0471 68
0.0472 57
0.0473 56
0.0474 61
0.0475 56
0.0476 52
0.0477 51
0.0478 50
0.0479 50
0.048 63
0.0481 53
0.0482 60
0.0483 64
0.0484 66
0.0485 60
0.0486 65
0.0487 59
0.0488 63
0.0489 59
0.049 61
0.0491 62
0.0492 58
0.0493 58
0.0494 62
0.0495 65
0.0496 76
0.0497 73
0.0498 58
0.0499 61
0.05 59
0.0501 59
0.0502 62
0.0503 67
0.0504 73
0.0505 72
0.0506 54
0.0507 59
0.0508 66
0.0509 71
0.051 69
0.0511 65
0.0512 61
0.0513 67
0.0514 71
0.0515 71
0.0516 70
0.0517 66
0.0518 66
0.0519 69
0.052 71
0.0521 77
0.0522 65
0.0523 59
0.0524 72
0.0525 65
0.0526 63
0.0527 55
0.0528 49
0.0529 57
0.053 53
0.0531 56
0.0532 56
0.0533 49
0.0534 51
0.0535 55
0.0536 56
0.0537 59
0.0538 61
0.0539 62
0.054 62
0.0541 61
0.0542 63
0.0543 58
0.0544 48
0.0545 53
0.0546 52
0.0547 52
0.0548 46
0.0549 45
0.055 45
0.0551 45
0.0552 56
0.0553 55
0.0554 50
0.0555 54
0.0556 52
0.0557 50
0.0558 47
0.0559 53
0.056 44
0.0561 48
0.0562 50
0.0563 52
0.0564 58
0.0565 61
0.0566 61
0.0567 65
0.0568 63
0.0569 62
0.057 71
0.0571 62
0.0572 57
0.0573 61
0.0574 56
0.0575 65
0.0576 61
0.0577 53
0.0578 56
0.0579 54
0.058 53
0.0581 57
0.0582 49
0.0583 42
0.0584 49
0.0585 59
0.0586 52
0.0587 58
0.0588 58
0.0589 55
0.059 60
0.0591 56
0.0592 53
0.0593 55
0.0594 60
0.0595 61
0.0596 59
0.0597 58
0.0598 55
0.0599 53
0.06 53
0.0601 56
0.0602 51
0.0603 54
0.0604 59
0.0605 56
0.0606 54
0.0607 61
0.0608 57
0.0609 55
0.061 55
0.0611 58
0.0612 59
0.0613 65
0.0614 60
0.0615 58
0.0616 63
0.0617 56
0.0618 53
0.0619 60
0.062 58
0.0621 54
0.0622 55
0.0623 59
0.0624 48
0.0625 51
0.0626 57
0.0627 56
0.0628 58
0.0629 51
0.063 58
0.0631 56
0.0632 58
0.0633 60
0.0634 54
0.0635 50
0.0636 58
0.0637 61
0.0638 56
0.0639 69
0.064 64
0.0641 67
0.0642 63
0.0643 59
0.0644 59
0.0645 70
0.0646 65
0.0647 63
0.0648 70
0.0649 66
0.065 61
0.0651 58
0.0652 62
0.0653 65
0.0654 57
0.0655 53
0.0656 52
0.0657 51
0.0658 59
0.0659 64
0.066 58
0.0661 59
0.0662 62
0.0663 60
0.0664 62
0.0665 56
0.0666 62
0.0667 58
0.0668 57
0.0669 57
0.067 55
0.0671 53
0.0672 54
0.0673 47
0.0674 52
0.0675 43
0.0676 55
0.0677 54
0.0678 60
0.0679 65
0.068 70
0.0681 65
0.0682 58
0.0683 61
0.0684 65
0.0685 59
0.0686 63
0.0687 65
0.0688 63
0.0689 60
0.069 58
0.0691 65
0.0692 61
0.0693 61
0.0694 63
0.0695 56
0.0696 59
0.0697 59
0.0698 58
0.0699 58
0.07 56
0.0701 60
0.0702 58
0.0703 54
0.0704 56
0.0705 60
0.0706 61
0.0707 60
0.0708 54
0.0709 55
0.071 56
0.0711 58
0.0712 53
0.0713 61
0.0714 54
0.0715 57
0.0716 47
0.0717 50
0.0718 56
0.0719 56
0.072 64
0.0721 59
0.0722 70
0.0723 72
0.0724 65
0.0725 66
0.0726 64
0.0727 63
0.0728 59
0.0729 61
0.073 64
0.0731 65
0.0732 62
0.0733 66
0.0734 66
0.0735 55
0.0736 57
0.0737 61
0.0738 65
0.0739 61
0.074 56
0.0741 60
0.0742 59
0.0743 57
0.0744 54
0.0745 56
0.0746 61
0.0747 56
0.0748 54
0.0749 46
0.075 46
0.0751 43
0.0752 52
0.0753 48
0.0754 48
0.0755 51
0.0756 56
0.0757 56
0.0758 61
0.0759 60
0.076 63
0.0761 56
0.0762 58
0.0763 56
0.0764 57
0.0765 59
0.0766 62
0.0767 61
0.0768 67
0.0769 67
0.077 61
0.0771 61
0.0772 61
0.0773 52
0.0774 49
0.0775 53
0.0776 54
0.0777 60
0.0778 61
0.0779 58
0.078 58
0.0781 57
0.0782 56
0.0783 52
0.0784 58
0.0785 56
0.0786 55
0.0787 53
0.0788 44
0.0789 47
0.079 48
0.0791 48
0.0792 55
0.0793 51
0.0794 52
0.0795 55
0.0796 61
0.0797 62
0.0798 59
0.0799 60
0.08 53
0.0801 56
0.0802 54
0.0803 54
0.0804 55
0.0805 46
0.0806 50
0.0807 51
0.0808 55
0.0809 55
0.081 64
0.0811 64
0.0812 62
0.0813 58
0.0814 61
0.0815 56
0.0816 58
0.0817 58
0.0818 53
0.0819 48
0.082 55
0.0821 49
0.0822 50
0.0823 49
0.0824 46
0.0825 48
0.0826 46
0.0827 50
0.0828 50
0.0829 61
0.083 59
0.0831 61
0.0832 65
0.0833 65
0.0834 67
0.0835 62
0.0836 56
0.0837 49
0.0838 50
0.0839 48
0.084 54
0.0841 54
0.0842 52
0.0843 56
0.0844 50
0.0845 52
0.0846 47
0.0847 57
0.0848 47
0.0849 48
0.085 51
0.0851 46
0.0852 44
0.0853 45
0.0854 44
0.0855 44
0.0856 48
0.0857 53
0.0858 42
0.0859 44
0.086 43
0.0861 45
0.0862 48
0.0863 42
0.0864 44
0.0865 46
0.0866 46
0.0867 38
0.0868 41
0.0869 47
0.087 47
0.0871 51
0.0872 58
0.0873 51
0.0874 54
0.0875 48
0.0876 45
0.0877 42
0.0878 37
0.0879 41
0.088 49
0.0881 50
0.0882 42
0.0883 35
0.0884 36
0.0885 39
0.0886 58
0.0887 54
0.0888 55
0.0889 52
0.089 46
0.0891 41
0.0892 43
0.0893 43
0.0894 41
0.0895 43
0.0896 48
0.0897 52
0.0898 47
0.0899 47
0.09 55
0.0901 54
0.0902 51
0.0903 53
0.0904 45
0.0905 49
0.0906 56
0.0907 51
0.0908 44
0.0909 52
0.091 54
0.0911 53
0.0912 46
0.0913 55
0.0914 53
0.0915 49
0.0916 43
0.0917 52
0.0918 47
0.0919 45
0.092 54
0.0921 53
0.0922 53
0.0923 49
0.0924 52
0.0925 49
0.0926 48
0.0927 46
0.0928 48
0.0929 43
0.093 43
0.0931 53
0.0932 55
0.0933 55
0.0934 52
0.0935 49
0.0936 48
0.0937 46
0.0938 37
0.0939 37
0.094 45
0.0941 45
0.0942 41
0.0943 42
0.0944 41
0.0945 44
0.0946 43
0.0947 49
0.0948 48
0.0949 47
0.095 44
0.0951 45
0.0952 46
0.0953 48
0.0954 46
0.0955 47
0.0956 38
0.0957 44
0.0958 45
0.0959 47
0.096 50
0.0961 48
0.0962 48
0.0963 39
0.0964 39
0.0965 37
0.0966 31
0.0967 37
0.0968 40
0.0969 42
0.097 45
0.0971 45
0.0972 37
0.0973 43
0.0974 38
0.0975 39
0.0976 49
0.0977 54
0.0978 54
0.0979 55
0.098 51
0.0981 44
0.0982 46
0.0983 49
0.0984 61
0.0985 54
0.0986 51
0.0987 55
0.0988 55
0.0989 58
0.099 54
0.0991 51
0.0992 51
0.0993 55
0.0994 44
0.0995 44
0.0996 44
0.0997 44
0.0998 47
0.0999 51
0.1 54
