0 0
0.0001 0
0.0002 0
0.0003 0
0.0004 0
0.0005 0
0.0006 0
0.0007 0
0.0008 0
0.0009 0
0.001 0
0.0011 0
0.0012 0
0.0013 0
0.0014 0
0.0015 0
0.0016 1
0.0017 1
0.0018 1
0.0019 1
0.002 1
0.0021 2
0.0022 2
0.0023 2
0.0024 2
0.0025 2
0.0026 2
0.0027 2
0.0028 3
0.0029 3
0.003 3
0.0031 3
0.0032 3
0.0033 2
0.0034 3
0.0035 3
0.0036 2
0.0037 2
0.0038 2
0.0039 2
0.004 2
0.0041 2
0.0042 2
0.0043 2
0.0044 2
0.0045 2
0.0046 2
0.0047 3
0.0048 3
0.0049 3
0.005 3
0.0051 3
0.0052 4
0.0053 3
0.0054 3
0.0055 3
0.0056 2
0.0057 2
0.0058 2
0.0059 0
0.006 0
0.0061 0
0.0062 0
0.0063 0
0.0064 0
0.0065 0
0.0066 0
0.0067 1
0.0068 1
0.0069 0
0.007 0
0.0071 0
0.0072 0
0.0073 0
0.0074 0
0.0075 0
0.0076 0
0.0077 1
0.0078 1
0.0079 1
0.008 1
0.0081 2
0.0082 2
0.0083 2
0.0084 3
0.0085 2
0.0086 1
0.0087 1
0.0088 1
0.0089 1
0.009 0
0.0091 0
0.0092 0
0.0093 0
0.0094 0
0.0095 0
0.0096 0
0.0097 0
0.0098 0
0.0099 0
0.01 0
0.0101 0
0.0102 0
0.0103 0
0.0104 0
0.0105 0
0.0106 1
0.0107 1
0.0108 1
0.0109 1
0.011 1
0.0111 1
0.0112 1
0.0113 1
0.0114 1
0.0115 1
0.0116 1
0.0117 0
0.0118 1
0.0119 1
0.012 1
0.0121 1
0.0122 1
0.0123 1
0.0124 1
0.0125 1
0.0126 1
0.0127 2
0.0128 3
0.0129 3
0.013 3
0.0131 3
0.0132 3
0.0133 3
0.0134 3
0.0135 3
0.0136 2
0.0137 3
0.0138 3
0.0139 4
0.014 4
0.0141 3
0.0142 3
0.0143 3
0.0144 3
0.0145 3
0.0146 3
0.0147 3
0.0148 2
0.0149 2
0.015 2
0.0151 2
0.0152 2
0.0153 2
0.0154 2
0.0155 2
0.0156 2
0.0157 2
0.0158 2
0.0159 3
0.016 3
0.0161 3
0.0162 3
0.0163 3
0.0164 3
0.0165 3
0.0166 3
0.0167 3
0.0168 3
0.0169 3
0.017 3
0.0171 2
0.0172 2
0.0173 3
0.0174 3
0.0175 1
0.0176 1
0.0177 1
0.0178 1
0.0179 1
0.018 1
0.0181 1
0.0182 1
0.0183 1
0.0184 1
0.0185 1
0.0186 0
0.0187 0
0.0188 0
0.0189 0
0.019 0
0.0191 0
0.0192 0
0.0193 0
0.0194 0
0.0195 0
0.0196 0
0.0197 0
0.0198 0
0.0199 2
0.02 2
0.0201 2
0.0202 2
0.0203 1
0.0204 1
0.0205 1
0.0206 1
0.0207 1
0.0208 1
0.0209 1
0.021 1
0.0211 1
0.0212 1
0.0213 1
0.0214 0
0.0215 0
0.0216 0
0.0217 0
0.0218 2
0.0219 1
0.022 1
0.0221 1
0.0222 1
0.0223 1
0.0224 1
0.0225 1
0.0226 2
0.0227 2
0.0228 2
0.0229 1
0.023 1
0.0231 1
0.0232 1
0.0233 1
0.0234 1
0.0235 1
0.0236 1
0.0237 1
0.0238 1
0.0239 1
0.024 0
0.0241 0
0.0242 0
0.0243 0
0.0244 0
0.0245 0
0.0246 0
0.0247 0
0.0248 0
0.0249 1
0.025 1
0.0251 1
0.0252 1
0.0253 1
0.0254 1
0.0255 1
0.0256 1
0.0257 0
0.0258 0
0.0259 0
0.026 0
0.0261 0
0.0262 0
0.0263 0
0.0264 0
0.0265 0
0.0266 0
0.0267 0
0.0268 1
0.0269 1
0.027 1
0.0271 1
0.0272 1
0.0273 1
0.0274 1
0.0275 1
0.0276 1
0.0277 1
0.0278 1
0.0279 1
0.028 1
0.0281 1
0.0282 1
0.0283 1
0.0284 1
0.0285 1
0.0286 1
0.0287 1
0.0288 1
0.0289 1
0.029 1
0.0291 1
0.0292 1
0.0293 1
0.0294 1
0.0295 1
0.0296 1
0.0297 1
0.0298 1
0.0299 1
0.03 1
0.0301 1
0.0302 1
0.0303 1
0.0304 2
0.0305 2
0.0306 2
0.0307 2
0.0308 2
0.0309 2
0.031 2
0.0311 2
0.0312 2
0.0313 2
0.0314 2
0.0315 2
0.0316 2
0.0317 2
0.0318 2
0.0319 2
0.032 1
0.0321 1
0.0322 1
0.0323 1
0.0324 1
0.0325 1
0.0326 2
0.0327 2
0.0328 2
0.0329 3
0.033 3
0.0331 3
0.0332 3
0.0333 3
0.0334 3
0.0335 3
0.0336 3
0.0337 3
0.0338 3
0.0339 3
0.034 3
0.0341 3
0.0342 3
0.0343 3
0.0344 3
0.0345 3
0.0346 3
0.0347 2
0.0348 2
0.0349 2
0.035 2
0.0351 3
0.0352 3
0.0353 3
0.0354 3
0.0355 3
0.0356 4
0.0357 5
0.0358 4
0.0359 4
0.036 4
0.0361 3
0.0362 3
0.0363 3
0.0364 3
0.0365 3
0.0366 3
0.0367 4
0.0368 4
0.0369 3
0.037 3
0.0371 3
0.0372 3
0.0373 2
0.0374 2
0.0375 2
0.0376 2
0.0377 3
0.0378 3
0.0379 3
0.038 3
0.0381 3
0.0382 4
0.0383 4
0.0384 4
0.0385 5
0.0386 5
0.0387 5
0.0388 5
0.0389 5
0.039 4
0.0391 4
0.0392 4
0.0393 3
0.0394 3
0.0395 3
0.0396 3
0.0397 3
0.0398 3
0.0399 0
0.04 0
0.0401 0
0.0402 2
0.0403 2
0.0404 3
0.0405 4
0.0406 4
0.0407 4
0.0408 4
0.0409 4
0.041 4
0.0411 3
0.0412 3
0.0413 3
0.0414 3
0.0415 3
0.0416 2
0.0417 2
0.0418 2
0.0419 2
0.042 2
0.0421 2
0.0422 2
0.0423 2
0.0424 2
0.0425 2
0.0426 3
0.0427 4
0.0428 3
0.0429 3
0.043 2
0.0431 2
0.0432 2
0.0433 2
0.0434 2
0.0435 2
0.0436 2
0.0437 2
0.0438 3
0.0439 2
0.044 2
0.0441 2
0.0442 4
0.0443 4
0.0444 4
0.0445 5
0.0446 5
0.0447 5
0.0448 5
0.0449 4
0.045 4
0.0451 4
0.0452 4
0.0453 6
0.0454 6
0.0455 4
0.0456 4
0.0457 4
0.0458 5
0.0459 5
0.046 5
0.0461 5
0.0462 5
0.0463 5
0.0464 5
0.0465 7
0.0466 7
0.0467 7
0.0468 7
0.0469 8
0.047 8
0.0471 7
0.0472 7
0.0473 7
0.0474 6
0.0475 6
0.0476 6
0.0477 6
0.0478 6
0.0479 5
0.048 5
0.0481 5
0.0482 6
0.0483 6
0.0484 6
0.0485 6
0.0486 7
0.0487 7
0.0488 8
0.0489 8
0.049 8
0.0491 8
0.0492 8
0.0493 8
0.0494 8
0.0495 8
0.0496 8
0.0497 8
0.0498 7
0.0499 8
0.05 9
0.0501 9
0.0502 8
0.0503 6
0.0504 6
0.0505 5
0.0506 6
0.0507 6
0.0508 6
0.0509 5
0.051 6
0.0511 5
0.0512 5
0.0513 5
0.0514 5
0.0515 6
0.0516 5
0.0517 5
0.0518 5
0.0519 5
0.052 5
0.0521 4
0.0522 4
0.0523 4
0.0524 4
0.0525 4
0.0526 5
0.0527 5
0.0528 5
0.0529 5
0.053 4
0.0531 3
0.0532 3
0.0533 3
0.0534 3
0.0535 3
0.0536 3
0.0537 2
0.0538 2
0.0539 1
0.054 1
0.0541 1
0.0542 1
0.0543 1
0.0544 1
0.0545 1
0.0546 1
0.0547 1
0.0548 1
0.0549 1
0.055 0
0.0551 0
0.0552 0
0.0553 0
0.0554 0
0.0555 0
0.0556 0
0.0557 0
0.0558 0
0.0559 1
0.056 1
0.0561 1
0.0562 2
0.0563 2
0.0564 2
0.0565 3
0.0566 3
0.0567 4
0.0568 4
0.0569 3
0.057 4
0.0571 4
0.0572 4
0.0573 4
0.0574 4
0.0575 4
0.0576 3
0.0577 4
0.0578 4
0.0579 4
0.058 4
0.0581 4
0.0582 4
0.0583 4
0.0584 5
0.0585 5
0.0586 5
0.0587 5
0.0588 5
0.0589 5
0.059 5
0.0591 6
0.0592 5
0.0593 5
0.0594 4
0.0595 4
0.0596 4
0.0597 4
0.0598 4
0.0599 4
0.06 3
0.0601 3
0.0602 3
0.0603 3
0.0604 3
0.0605 3
0.0606 3
0.0607 3
0.0608 3
0.0609 3
0.061 4
0.0611 4
0.0612 4
0.0613 4
0.0614 4
0.0615 4
0.0616 3
0.0617 3
0.0618 3
0.0619 2
0.062 3
0.0621 3
0.0622 3
0.0623 3
0.0624 3
0.0625 3
0.0626 3
0.0627 3
0.0628 3
0.0629 2
0.063 2
0.0631 2
0.0632 2
0.0633 2
0.0634 2
0.0635 3
0.0636 4
0.0637 4
0.0638 4
0.0639 4
0.064 5
0.0641 5
0.0642 5
0.0643 4
0.0644 4
0.0645 4
0.0646 5
0.0647 3
0.0648 3
0.0649 4
0.065 3
0.0651 3
0.0652 3
0.0653 2
0.0654 1
0.0655 1
0.0656 1
0.0657 1
0.0658 1
0.0659 2
0.066 2
0.0661 2
0.0662 2
0.0663 2
0.0664 2
0.0665 2
0.0666 2
0.0667 2
0.0668 3
0.0669 3
0.067 2
0.0671 2
0.0672 2
0.0673 1
0.0674 1
0.0675 1
0.0676 1
0.0677 1
0.0678 2
0.0679 2
0.068 2
0.0681 2
0.0682 3
0.0683 3
0.0684 3
0.0685 3
0.0686 3
0.0687 3
0.0688 3
0.0689 3
0.069 3
0.0691 2
0.0692 2
0.0693 3
0.0694 2
0.0695 2
0.0696 2
0.0697 2
0.0698 2
0.0699 2
0.07 2
0.0701 2
0.0702 2
0.0703 2
0.0704 2
0.0705 0
0.0706 0
0.0707 0
0.0708 0
0.0709 0
0.071 0
0.0711 0
0.0712 0
0.0713 0
0.0714 0
0.0715 0
0.0716 0
0.0717 0
0.0718 0
0.0719 0
0.072 0
0.0721 0
0.0722 0
0.0723 1
0.0724 1
0.0725 2
0.0726 3
0.0727 3
0.0728 3
0.0729 3
0.073 3
0.0731 3
0.0732 4
0.0733 4
0.0734 3
0.0735 3
0.0736 3
0.0737 4
0.0738 4
0.0739 4
0.074 4
0.0741 4
0.0742 4
0.0743 4
0.0744 4
0.0745 3
0.0746 3
0.0747 4
0.0748 4
0.0749 4
0.075 4
0.0751 4
0.0752 4
0.0753 4
0.0754 5
0.0755 5
0.0756 5
0.0757 5
0.0758 6
0.0759 6
0.076 6
0.0761 6
0.0762 4
0.0763 4
0.0764 4
0.0765 4
0.0766 4
0.0767 4
0.0768 4
0.0769 4
0.077 4
0.0771 4
0.0772 4
0.0773 3
0.0774 3
0.0775 2
0.0776 2
0.0777 2
0.0778 3
0.0779 3
0.078 3
0.0781 3
0.0782 2
0.0783 3
0.0784 3
0.0785 3
0.0786 4
0.0787 5
0.0788 5
0.0789 6
0.079 5
0.0791 5
0.0792 6
0.0793 6
0.0794 6
0.0795 5
0.0796 5
0.0797 4
0.0798 4
0.0799 4
0.08 4
0.0801 5
0.0802 5
0.0803 5
0.0804 5
0.0805 6
0.0806 6
0.0807 6
0.0808 6
0.0809 7
0.081 7
0.0811 6
0.0812 6
0.0813 6
0.0814 6
0.0815 6
0.0816 6
0.0817 6
0.0818 6
0.0819 6
0.082 6
0.0821 6
0.0822 6
0.0823 7
0.0824 7
0.0825 7
0.0826 8
0.0827 8
0.0828 8
0.0829 8
0.083 9
0.0831 9
0.0832 9
0.0833 10
0.0834 10
0.0835 10
0.0836 10
0.0837 10
0.0838 10
0.0839 10
0.084 10
0.0841 9
0.0842 9
0.0843 9
0.0844 9
0.0845 8
0.0846 8
0.0847 9
0.0848 8
0.0849 8
0.085 8
0.0851 7
0.0852 7
0.0853 7
0.0854 7
0.0855 8
0.0856 8
0.0857 8
0.0858 8
0.0859 9
0.086 7
0.0861 7
0.0862 7
0.0863 7
0.0864 7
0.0865 7
0.0866 6
0.0867 5
0.0868 5
0.0869 6
0.087 5
0.0871 5
0.0872 5
0.0873 5
0.0874 5
0.0875 5
0.0876 5
0.0877 5
0.0878 5
0.0879 5
0.088 5
0.0881 5
0.0882 5
0.0883 5
0.0884 5
0.0885 5
0.0886 5
0.0887 5
0.0888 5
0.0889 5
0.089 5
0.0891 5
0.0892 5
0.0893 6
0.0894 6
0.0895 6
0.0896 6
0.0897 7
0.0898 7
0.0899 8
0.09 8
0.0901 8
0.0902 8
0.0903 8
0.0904 8
0.0905 8
0.0906 8
0.0907 6
0.0908 6
0.0909 6
0.091 6
0.0911 6
0.0912 6
0.0913 6
0.0914 6
0.0915 6
0.0916 6
0.0917 7
0.0918 7
0.0919 7
0.092 8
0.0921 7
0.0922 8
0.0923 8
0.0924 8
0.0925 8
0.0926 8
0.0927 7
0.0928 7
0.0929 7
0.093 7
0.0931 7
0.0932 8
0.0933 8
0.0934 8
0.0935 9
0.0936 10
0.0937 9
0.0938 8
0.0939 7
0.094 7
0.0941 6
0.0942 6
0.0943 6
0.0944 7
0.0945 7
0.0946 6
0.0947 7
0.0948 8
0.0949 9
0.095 9
0.0951 9
0.0952 9
0.0953 10
0.0954 10
0.0955 10
0.0956 10
0.0957 9
0.0958 7
0.0959 7
0.096 6
0.0961 6
0.0962 6
0.0963 6
0.0964 7
0.0965 7
0.0966 7
0.0967 7
0.0968 7
0.0969 8
0.097 8
0.0971 8
0.0972 8
0.0973 8
0.0974 8
0.0975 7
0.0976 8
0.0977 8
0.0978 8
0.0979 8
0.098 8
0.0981 7
0.0982 8
0.0983 10
0.0984 10
0.0985 10
0.0986 10
0.0987 11
0.0988 11
0.0989 10
0.099 10
0.0991 10
0.0992 10
0.0993 11
0.0994 12
0.0995 11
0.0996 11
0.0997 11
0.0998 11
0.0999 11
0.1 11
