0 0
0.0001 0
0.0002 0
0.0003 0
0.0004 0
0.0005 0
0.0006 0
0.0007 0
0.0008 0
0.0009 0
0.001 0
0.0011 0
0.0012 0
0.0013 0
0.0014 0
0.0015 0
0.0016 0
0.0017 0
0.0018 0
0.0019 0
0.002 0
0.0021 0
0.0022 0
0.0023 0
0.0024 0
0.0025 0
0.0026 0
0.0027 0
0.0028 0
0.0029 0
0.003 0
0.0031 0
0.0032 0
0.0033 0
0.0034 0
0.0035 0
0.0036 0
0.0037 0
0.0038 0
0.0039 0
0.004 0
0.0041 0
0.0042 0
0.0043 0
0.0044 0
0.0045 1
0.0046 1
0.0047 1
0.0048 2
0.0049 2
0.005 2
0.0051 3
0.0052 2
0.0053 2
0.0054 2
0.0055 2
0.0056 1
0.0057 1
0.0058 1
0.0059 1
0.006 1
0.0061 1
0.0062 1
0.0063 1
0.0064 1
0.0065 1
0.0066 1
0.0067 1
0.0068 0
0.0069 0
0.007 0
0.0071 0
0.0072 0
0.0073 0
0.0074 0
0.0075 0
0.0076 0
0.0077 0
0.0078 0
0.0079 0
0.008 0
0.0081 0
0.0082 1
0.0083 1
0.0084 1
0.0085 2
0.0086 3
0.0087 3
0.0088 2
0.0089 2
0.009 3
0.0091 2
0.0092 4
0.0093 4
0.0094 4
0.0095 4
0.0096 4
0.0097 3
0.0098 3
0.0099 3
0.01 3
0.0101 3
0.0102 3
0.0103 3
0.0104 4
0.0105 5
0.0106 5
0.0107 5
0.0108 5
0.0109 5
0.011 4
0.0111 4
0.0112 4
0.0113 4
0.0114 4
0.0115 5
0.0116 5
0.0117 5
0.0118 6
0.0119 6
0.012 6
0.0121 4
0.0122 5
0.0123 6
0.0124 5
0.0125 5
0.0126 5
0.0127 6
0.0128 6
0.0129 5
0.013 5
0.0131 4
0.0132 4
0.0133 5
0.0134 5
0.0135 6
0.0136 5
0.0137 6
0.0138 6
0.0139 6
0.014 6
0.0141 7
0.0142 8
0.0143 8
0.0144 8
0.0145 8
0.0146 8
0.0147 7
0.0148 7
0.0149 5
0.015 5
0.0151 5
0.0152 6
0.0153 6
0.0154 5
0.0155 5
0.0156 5
0.0157 4
0.0158 4
0.0159 5
0.016 4
0.0161 5
0.0162 5
0.0163 5
0.0164 5
0.0165 7
0.0166 6
0.0167 6
0.0168 6
0.0169 7
0.017 8
0.0171 8
0.0172 8
0.0173 8
0.0174 8
0.0175 8
0.0176 8
0.0177 6
0.0178 4
0.0179 4
0.018 5
0.0181 5
0.0182 5
0.0183 7
0.0184 6
0.0185 7
0.0186 7
0.0187 6
0.0188 7
0.0189 7
0.019 7
0.0191 8
0.0192 9
0.0193 8
0.0194 9
0.0195 9
0.0196 8
0.0197 8
0.0198 8
0.0199 8
0.02 8
0.0201 8
0.0202 7
0.0203 7
0.0204 7
0.0205 8
0.0206 8
0.0207 9
0.0208 11
0.0209 12
0.021 9
0.0211 10
0.0212 10
0.0213 10
0.0214 10
0.0215 9
0.0216 10
0.0217 10
0.0218 11
0.0219 11
0.022 10
0.0221 10
0.0222 10
0.0223 11
0.0224 12
0.0225 12
0.0226 12
0.0227 11
0.0228 11
0.0229 11
0.023 11
0.0231 12
0.0232 13
0.0233 13
0.0234 12
0.0235 12
0.0236 15
0.0237 13
0.0238 12
0.0239 12
0.024 14
0.0241 13
0.0242 13
0.0243 13
0.0244 14
0.0245 15
0.0246 15
0.0247 14
0.0248 15
0.0249 14
0.025 13
0.0251 14
0.0252 14
0.0253 14
0.0254 14
0.0255 15
0.0256 14
0.0257 12
0.0258 14
0.0259 14
0.026 15
0.0261 13
0.0262 14
0.0263 13
0.0264 13
0.0265 13
0.0266 13
0.0267 13
0.0268 13
0.0269 13
0.027 14
0.0271 14
0.0272 12
0.0273 12
0.0274 11
0.0275 10
0.0276 10
0.0277 9
0.0278 9
0.0279 9
0.028 7
0.0281 8
0.0282 9
0.0283 9
0.0284 9
0.0285 9
0.0286 8
0.0287 9
0.0288 9
0.0289 9
0.029 9
0.0291 9
0.0292 10
0.0293 11
0.0294 12
0.0295 11
0.0296 10
0.0297 10
0.0298 11
0.0299 12
0.03 12
0.0301 12
0.0302 12
0.0303 13
0.0304 15
0.0305 15
0.0306 16
0.0307 18
0.0308 17
0.0309 16
0.031 17
0.0311 17
0.0312 16
0.0313 14
0.0314 14
0.0315 15
0.0316 14
0.0317 14
0.0318 15
0.0319 15
0.032 15
0.0321 15
0.0322 15
0.0323 14
0.0324 15
0.0325 16
0.0326 16
0.0327 16
0.0328 16
0.0329 14
0.033 13
0.0331 14
0.0332 15
0.0333 15
0.0334 15
0.0335 16
0.0336 17
0.0337 17
0.0338 17
0.0339 17
0.034 18
0.0341 19
0.0342 21
0.0343 21
0.0344 21
0.0345 23
0.0346 23
0.0347 23
0.0348 23
0.0349 22
0.035 23
0.0351 25
0.0352 25
0.0353 23
0.0354 22
0.0355 21
0.0356 19
0.0357 18
0.0358 18
0.0359 17
0.036 17
0.0361 16
0.0362 14
0.0363 16
0.0364 16
0.0365 15
0.0366 15
0.0367 15
0.0368 15
0.0369 17
0.037 17
0.0371 15
0.0372 15
0.0373 15
0.0374 13
0.0375 13
0.0376 14
0.0377 14
0.0378 14
0.0379 14
0.038 14
0.0381 14
0.0382 13
0.0383 14
0.0384 15
0.0385 16
0.0386 16
0.0387 16
0.0388 16
0.0389 17
0.039 18
0.0391 18
0.0392 17
0.0393 14
0.0394 14
0.0395 12
0.0396 12
0.0397 12
0.0398 12
0.0399 11
0.04 14
0.0401 13
0.0402 14
0.0403 14
0.0404 15
0.0405 15
0.0406 14
0.0407 14
0.0408 14
0.0409 14
0.041 14
0.0411 14
0.0412 13
0.0413 13
0.0414 15
0.0415 16
0.0416 19
0.0417 18
0.0418 16
0.0419 15
0.042 15
0.0421 15
0.0422 16
0.0423 16
0.0424 15
0.0425 13
0.0426 14
0.0427 13
0.0428 13
0.0429 13
0.043 15
0.0431 14
0.0432 14
0.0433 12
0.0434 12
0.0435 13
0.0436 13
0.0437 13
0.0438 13
0.0439 14
0.044 16
0.0441 16
0.0442 16
0.0443 17
0.0444 14
0.0445 14
0.0446 15
0.0447 14
0.0448 17
0.0449 18
0.045 18
0.0451 17
0.0452 16
0.0453 16
0.0454 18
0.0455 20
0.0456 17
0.0457 17
0.0458 18
0.0459 19
0.046 17
0.0461 17
0.0462 18
0.0463 19
0.0464 17
0.0465 19
0.0466 19
0.0467 21
0.0468 22
0.0469 20
0.047 21
0.0471 21
0.0472 21
0.0473 20
0.0474 22
0.0475 24
0.0476 23
0.0477 22
0.0478 22
0.0479 21
0.048 20
0.0481 21
0.0482 21
0.0483 20
0.0484 20
0.0485 19
0.0486 19
0.0487 19
0.0488 20
0.0489 20
0.049 21
0.0491 17
0.0492 16
0.0493 17
0.0494 16
0.0495 17
0.0496 16
0.0497 16
0.0498 16
0.0499 17
0.05 17
0.0501 16
0.0502 17
0.0503 17
0.0504 17
0.0505 18
0.0506 17
0.0507 17
0.0508 19
0.0509 19
0.051 18
0.0511 16
0.0512 17
0.0513 17
0.0514 18
0.0515 18
0.0516 20
0.0517 19
0.0518 18
0.0519 23
0.052 23
0.0521 24
0.0522 25
0.0523 24
0.0524 26
0.0525 27
0.0526 27
0.0527 26
0.0528 26
0.0529 25
0.053 26
0.0531 24
0.0532 23
0.0533 22
0.0534 22
0.0535 23
0.0536 23
0.0537 21
0.0538 20
0.0539 20
0.054 21
0.0541 21
0.0542 20
0.0543 16
0.0544 16
0.0545 16
0.0546 15
0.0547 17
0.0548 17
0.0549 17
0.055 17
0.0551 17
0.0552 17
0.0553 18
0.0554 17
0.0555 17
0.0556 15
0.0557 15
0.0558 15
0.0559 18
0.056 18
0.0561 18
0.0562 17
0.0563 17
0.0564 17
0.0565 16
0.0566 16
0.0567 15
0.0568 17
0.0569 17
0.057 18
0.0571 19
0.0572 19
0.0573 19
0.0574 20
0.0575 21
0.0576 21
0.0577 23
0.0578 24
0.0579 23
0.058 23
0.0581 23
0.0582 22
0.0583 23
0.0584 22
0.0585 21
0.0586 21
0.0587 22
0.0588 23
0.0589 24
0.059 25
0.0591 24
0.0592 22
0.0593 21
0.0594 21
0.0595 21
0.0596 19
0.0597 18
0.0598 23
0.0599 25
0.06 25
0.0601 27
0.0602 28
0.0603 26
0.0604 25
0.0605 23
0.0606 25
0.0607 24
0.0608 24
0.0609 23
0.061 24
0.0611 26
0.0612 26
0.0613 25
0.0614 24
0.0615 23
0.0616 24
0.0617 25
0.0618 24
0.0619 25
0.062 25
0.0621 25
0.0622 23
0.0623 24
0.0624 25
0.0625 25
0.0626 23
0.0627 23
0.0628 23
0.0629 23
0.063 24
0.0631 25
0.0632 27
0.0633 27
0.0634 24
0.0635 24
0.0636 23
0.0637 23
0.0638 23
0.0639 25
0.064 25
0.0641 26
0.0642 27
0.0643 28
0.0644 29
0.0645 32
0.0646 33
0.0647 33
0.0648 31
0.0649 32
0.065 32
0.0651 31
0.0652 32
0.0653 31
0.0654 31
0.0655 30
0.0656 31
0.0657 28
0.0658 27
0.0659 27
0.066 27
0.0661 25
0.0662 24
0.0663 24
0.0664 28
0.0665 28
0.0666 31
0.0667 30
0.0668 32
0.0669 33
0.067 32
0.0671 31
0.0672 31
0.0673 29
0.0674 29
0.0675 28
0.0676 28
0.0677 26
0.0678 25
0.0679 26
0.068 26
0.0681 26
0.0682 27
0.0683 27
0.0684 27
0.0685 25
0.0686 25
0.0687 25
0.0688 25
0.0689 24
0.069 24
0.0691 26
0.0692 26
0.0693 25
0.0694 25
0.0695 25
0.0696 24
0.0697 23
0.0698 21
0.0699 21
0.07 19
0.0701 20
0.0702 20
0.0703 20
0.0704 22
0.0705 22
0.0706 20
0.0707 20
0.0708 19
0.0709 18
0.071 15
0.0711 15
0.0712 14
0.0713 14
0.0714 13
0.0715 15
0.0716 15
0.0717 16
0.0718 17
0.0719 15
0.072 15
0.0721 15
0.0722 14
0.0723 14
0.0724 12
0.0725 11
0.0726 12
0.0727 10
0.0728 11
0.0729 11
0.073 12
0.0731 12
0.0732 12
0.0733 12
0.0734 12
0.0735 12
0.0736 12
0.0737 13
0.0738 14
0.0739 14
0.074 15
0.0741 14
0.0742 15
0.0743 16
0.0744 16
0.0745 18
0.0746 17
0.0747 16
0.0748 16
0.0749 16
0.075 15
0.0751 15
0.0752 14
0.0753 14
0.0754 14
0.0755 12
0.0756 13
0.0757 12
0.0758 11
0.0759 12
0.076 13
0.0761 12
0.0762 13
0.0763 13
0.0764 14
0.0765 15
0.0766 15
0.0767 13
0.0768 13
0.0769 14
0.077 16
0.0771 17
0.0772 18
0.0773 19
0.0774 21
0.0775 22
0.0776 21
0.0777 20
0.0778 20
0.0779 23
0.078 23
0.0781 21
0.0782 22
0.0783 22
0.0784 24
0.0785 26
0.0786 26
0.0787 26
0.0788 27
0.0789 29
0.079 30
0.0791 30
0.0792 31
0.0793 30
0.0794 28
0.0795 27
0.0796 26
0.0797 26
0.0798 24
0.0799 24
0.08 23
