0 665
0.01 616
0.02 584
0.03 558
0.04 536
0.05 517
0.06 498
0.07 476
0.08 459
0.09 446
0.1 431
0.11 411
0.12 398
0.13 389
0.14 377
0.15 366
0.16 361
0.17 351
0.18 342
0.19 325
0.2 315
0.21 306
0.22 299
0.23 287
0.24 279
0.25 269
0.26 261
0.27 255
0.28 243
0.29 232
0.3 223
0.31 218
0.32 215
0.33 211
0.34 202
0.35 196
0.36 190
0.37 179
0.38 175
0.39 167
0.4 164
0.41 160
0.42 160
0.43 157
0.44 156
0.45 148
0.46 144
0.47 142
0.48 138
0.49 135
0.5 128
0.51 121
0.52 117
0.53 115
0.54 111
0.55 109
0.56 104
0.57 98
0.58 95
0.59 93
0.6 85
0.61 83
0.62 81
0.63 74
0.64 73
0.65 72
0.66 69
0.67 69
0.68 69
0.69 67
0.7 65
0.71 65
0.72 65
0.73 63
0.74 62
0.75 59
0.76 55
0.77 55
0.78 54
0.79 51
0.8 49
0.81 49
0.82 48
0.83 47
0.84 45
0.85 46
0.86 44
0.87 44
0.88 43
0.89 42
0.9 40
0.91 38
0.92 37
0.93 37
0.94 36
0.95 37
0.96 36
0.97 34
0.98 34
0.99 32
1 31
1.01 31
1.02 32
1.03 33
1.04 28
1.05 29
1.06 29
1.07 29
1.08 29
1.09 26
1.1 26
1.11 26
1.12 25
1.13 25
1.14 25
1.15 25
1.16 25
1.17 25
1.18 25
1.19 24
1.2 22
1.21 23
1.22 23
1.23 22
1.24 22
1.25 21
1.26 21
1.27 21
1.28 20
1.29 19
1.3 18
1.31 16
1.32 16
1.33 16
1.34 17
1.35 15
1.36 15
1.37 14
1.38 12
1.39 12
1.4 12
1.41 13
1.42 12
1.43 13
1.44 13
1.45 15
1.46 15
1.47 15
1.48 15
1.49 16
1.5 16
1.51 16
1.52 16
1.53 16
1.54 16
1.55 15
1.56 15
1.57 16
1.58 17
1.59 16
1.6 16
1.61 16
1.62 16
1.63 17
1.64 16
1.65 15
1.66 14
1.67 14
1.68 13
1.69 12
1.7 13
1.71 13
1.72 13
1.73 13
1.74 13
1.75 13
1.76 13
1.77 14
1.78 14
1.79 13
1.8 14
1.81 13
1.82 12
1.83 12
1.84 11
1.85 11
1.86 11
1.87 11
1.88 10
1.89 9
1.9 8
1.91 8
1.92 8
1.93 8
1.94 7
1.95 8
1.96 7
1.97 7
1.98 7
1.99 7
2 7
