0 0
0.0001 0
0.0002 3
0.0003 5
0.0004 11
0.0005 22
0.0006 30
0.0007 41
0.0008 51
0.0009 91
0.001 124
0.0011 150
0.0012 181
0.0013 210
0.0014 245
0.0015 293
0.0016 313
0.0017 339
0.0018 392
0.0019 429
0.002 467
0.0021 512
0.0022 564
0.0023 602
0.0024 625
0.0025 656
0.0026 676
0.0027 716
0.0028 749
0.0029 790
0.003 829
0.0031 867
0.0032 914
0.0033 973
0.0034 1024
0.0035 1077
0.0036 1115
0.0037 1167
0.0038 1198
0.0039 1242
0.004 1282
0.0041 1296
0.0042 1321
0.0043 1312
0.0044 1324
0.0045 1355
0.0046 1359
0.0047 1376
0.0048 1396
0.0049 1424
0.005 1441
0.0051 1461
0.0052 1469
0.0053 1490
0.0054 1490
0.0055 1497
0.0056 1492
0.0057 1491
0.0058 1491
0.0059 1485
0.006 1506
0.0061 1527
0.0062 1528
0.0063 1529
0.0064 1538
0.0065 1546
0.0066 1548
0.0067 1549
0.0068 1556
0.0069 1574
0.007 1585
0.0071 1583
0.0072 1581
0.0073 1596
0.0074 1585
0.0075 1581
0.0076 1603
0.0077 1599
0.0078 1596
0.0079 1577
0.008 1562
0.0081 1564
0.0082 1551
0.0083 1513
0.0084 1518
0.0085 1526
0.0086 1525
0.0087 1536
0.0088 1533
0.0089 1535
0.009 1534
0.0091 1528
0.0092 1521
0.0093 1513
0.0094 1525
0.0095 1515
0.0096 1510
0.0097 1510
0.0098 1508
0.0099 1546
0.01 1572
0.0101 1601
0.0102 1614
0.0103 1611
0.0104 1598
0.0105 1601
0.0106 1617
0.0107 1629
0.0108 1652
0.0109 1677
0.011 1691
0.0111 1710
0.0112 1713
0.0113 1745
0.0114 1770
0.0115 1773
0.0116 1788
0.0117 1791
0.0118 1805
0.0119 1783
0.012 1799
0.0121 1807
0.0122 1829
0.0123 1852
0.0124 1860
0.0125 1846
0.0126 1850
0.0127 1816
0.0128 1795
0.0129 1767
0.013 1764
0.0131 1758
0.0132 1716
0.0133 1698
0.0134 1675
0.0135 1661
0.0136 1640
0.0137 1631
0.0138 1635
0.0139 1609
0.014 1595
0.0141 1590
0.0142 1576
0.0143 1570
0.0144 1555
0.0145 1535
0.0146 1541
0.0147 1536
0.0148 1537
0.0149 1523
0.015 1525
0.0151 1498
0.0152 1486
0.0153 1456
0.0154 1437
0.0155 1430
0.0156 1411
0.0157 1414
0.0158 1405
0.0159 1376
0.016 1353
0.0161 1332
0.0162 1329
0.0163 1330
0.0164 1332
0.0165 1333
0.0166 1338
0.0167 1352
0.0168 1374
0.0169 1352
0.017 1371
0.0171 1366
0.0172 1367
0.0173 1357
0.0174 1360
0.0175 1334
0.0176 1316
0.0177 1319
0.0178 1315
0.0179 1321
0.018 1305
0.0181 1307
0.0182 1287
0.0183 1282
0.0184 1280
0.0185 1292
0.0186 1271
0.0187 1260
0.0188 1252
0.0189 1247
0.019 1261
0.0191 1265
0.0192 1253
0.0193 1261
0.0194 1250
0.0195 1232
0.0196 1221
0.0197 1210
0.0198 1190
0.0199 1184
0.02 1167
0.0201 1128
0.0202 1109
0.0203 1099
0.0204 1073
0.0205 1048
0.0206 997
0.0207 945
0.0208 899
0.0209 864
0.021 843
0.0211 804
0.0212 800
0.0213 779
0.0214 770
0.0215 752
0.0216 729
0.0217 719
0.0218 709
0.0219 681
0.022 661
0.0221 671
0.0222 668
0.0223 658
0.0224 646
0.0225 637
0.0226 627
0.0227 626
0.0228 623
0.0229 605
0.023 608
0.0231 579
0.0232 559
0.0233 566
0.0234 545
0.0235 540
0.0236 516
0.0237 492
0.0238 471
0.0239 455
0.024 448
0.0241 462
0.0242 432
0.0243 397
0.0244 390
0.0245 367
0.0246 324
0.0247 320
0.0248 314
0.0249 315
0.025 294
0.0251 264
0.0252 223
0.0253 210
0.0254 176
0.0255 158
0.0256 145
0.0257 130
0.0258 126
0.0259 131
0.026 132
0.0261 129
0.0262 135
0.0263 136
0.0264 135
0.0265 123
0.0266 124
0.0267 103
0.0268 78
0.0269 60
0.027 38
0.0271 31
0.0272 22
0.0273 13
0.0274 5
0.0275 5
0.0276 5
0.0277 6
0.0278 1
0.0279 4
0.028 1
0.0281 5
0.0282 1
0.0283 0
0.0284 1
0.0285 6
0.0286 3
0.0287 3
0.0288 1
0.0289 2
0.029 2
0.0291 0
0.0292 2
0.0293 1
0.0294 0
0.0295 1
0.0296 0
0.0297 0
0.0298 0
0.0299 1
0.03 1
0.0301 1
0.0302 2
0.0303 1
0.0304 5
0.0305 2
0.0306 2
0.0307 2
0.0308 3
0.0309 0
0.031 1
0.0311 2
0.0312 2
0.0313 0
0.0314 0
0.0315 0
0.0316 0
0.0317 1
0.0318 0
0.0319 1
0.032 0
0.0321 1
0.0322 0
0.0323 3
0.0324 2
0.0325 2
0.0326 2
0.0327 3
0.0328 2
0.0329 0
0.033 3
0.0331 2
0.0332 2
0.0333 3
0.0334 2
0.0335 1
0.0336 0
0.0337 0
0.0338 1
0.0339 1
0.034 0
0.0341 0
0.0342 3
0.0343 6
0.0344 4
0.0345 6
0.0346 3
0.0347 3
0.0348 3
0.0349 0
0.035 2
0.0351 1
0.0352 1
0.0353 1
0.0354 4
0.0355 2
0.0356 3
0.0357 2
0.0358 10
0.0359 6
0.036 3
0.0361 6
0.0362 6
0.0363 9
0.0364 12
0.0365 3
0.0366 3
0.0367 2
0.0368 4
0.0369 1
0.037 2
0.0371 3
0.0372 1
0.0373 2
0.0374 3
0.0375 0
0.0376 4
0.0377 2
0.0378 1
0.0379 0
0.038 0
0.0381 0
0.0382 2
0.0383 4
0.0384 2
0.0385 5
0.0386 1
0.0387 4
0.0388 2
0.0389 3
0.039 0
0.0391 0
0.0392 1
0.0393 3
0.0394 0
0.0395 1
0.0396 2
0.0397 0
0.0398 2
0.0399 1
0.04 0
0.0401 1
0.0402 1
0.0403 1
0.0404 1
0.0405 0
0.0406 0
0.0407 0
0.0408 0
0.0409 1
0.041 2
0.0411 1
0.0412 1
0.0413 0
0.0414 2
0.0415 1
0.0416 1
0.0417 1
0.0418 1
0.0419 1
0.042 2
0.0421 2
0.0422 2
0.0423 3
0.0424 4
0.0425 2
0.0426 3
0.0427 1
0.0428 1
0.0429 1
0.043 0
0.0431 3
0.0432 2
0.0433 0
0.0434 1
0.0435 1
0.0436 1
0.0437 0
0.0438 2
0.0439 2
0.044 2
0.0441 1
0.0442 2
0.0443 4
0.0444 3
0.0445 9
0.0446 5
0.0447 4
0.0448 5
0.0449 5
0.045 6
0.0451 2
0.0452 2
0.0453 0
0.0454 2
0.0455 7
0.0456 0
0.0457 3
0.0458 2
0.0459 0
0.046 1
0.0461 1
0.0462 2
0.0463 1
0.0464 5
0.0465 3
0.0466 0
0.0467 4
0.0468 1
0.0469 0
0.047 3
0.0471 3
0.0472 0
0.0473 0
0.0474 1
0.0475 2
0.0476 0
0.0477 4
0.0478 2
0.0479 2
0.048 2
0.0481 2
0.0482 1
0.0483 1
0.0484 3
0.0485 1
0.0486 4
0.0487 8
0.0488 1
0.0489 1
0.049 2
0.0491 1
0.0492 0
0.0493 1
0.0494 2
0.0495 1
0.0496 0
0.0497 1
0.0498 0
0.0499 3
0.05 1
0.0501 1
0.0502 3
0.0503 4
0.0504 6
0.0505 20
0.0506 23
0.0507 11
0.0508 16
0.0509 24
0.051 18
0.0511 16
0.0512 12
0.0513 7
0.0514 6
0.0515 5
0.0516 5
0.0517 5
0.0518 0
0.0519 2
0.052 3
0.0521 2
0.0522 1
0.0523 1
0.0524 2
0.0525 1
0.0526 4
0.0527 2
0.0528 1
0.0529 2
0.053 1
0.0531 1
0.0532 1
0.0533 5
0.0534 6
0.0535 14
0.0536 16
0.0537 19
0.0538 14
0.0539 10
0.054 9
0.0541 3
0.0542 2
0.0543 1
0.0544 3
0.0545 4
0.0546 1
0.0547 3
0.0548 2
0.0549 5
0.055 15
0.0551 22
0.0552 18
0.0553 23
0.0554 31
0.0555 24
0.0556 29
0.0557 39
0.0558 36
0.0559 37
0.056 44
0.0561 62
0.0562 95
0.0563 118
0.0564 140
0.0565 148
0.0566 141
0.0567 128
0.0568 118
0.0569 117
0.057 114
0.0571 98
0.0572 92
0.0573 78
0.0574 72
0.0575 61
0.0576 42
0.0577 35
0.0578 33
0.0579 21
0.058 27
0.0581 51
0.0582 73
0.0583 89
0.0584 114
0.0585 118
0.0586 140
0.0587 153
0.0588 164
0.0589 179
0.059 185
0.0591 189
0.0592 211
0.0593 206
0.0594 225
0.0595 243
0.0596 246
0.0597 269
0.0598 280
0.0599 295
0.06 317
0.0601 340
0.0602 339
0.0603 315
0.0604 295
0.0605 291
0.0606 299
0.0607 302
0.0608 305
0.0609 324
0.061 338
0.0611 347
0.0612 341
0.0613 336
0.0614 341
0.0615 361
0.0616 400
0.0617 417
0.0618 426
0.0619 462
0.062 499
0.0621 518
0.0622 535
0.0623 540
0.0624 540
0.0625 557
0.0626 556
0.0627 567
0.0628 590
0.0629 581
0.063 575
0.0631 572
0.0632 600
0.0633 626
0.0634 648
0.0635 666
0.0636 664
0.0637 676
0.0638 675
0.0639 670
0.064 661
0.0641 665
0.0642 662
0.0643 658
0.0644 649
0.0645 653
0.0646 643
0.0647 645
0.0648 646
0.0649 654
0.065 660
0.0651 666
0.0652 653
0.0653 634
0.0654 629
0.0655 609
0.0656 605
0.0657 592
0.0658 573
0.0659 553
0.066 553
0.0661 545
0.0662 525
0.0663 516
0.0664 514
0.0665 513
0.0666 505
0.0667 500
0.0668 482
0.0669 469
0.067 442
0.0671 429
0.0672 409
0.0673 397
0.0674 376
0.0675 358
0.0676 361
0.0677 355
0.0678 340
0.0679 333
0.068 323
0.0681 332
0.0682 332
0.0683 350
0.0684 323
0.0685 345
0.0686 348
0.0687 368
0.0688 389
0.0689 401
0.069 419
0.0691 427
0.0692 438
0.0693 443
0.0694 454
0.0695 446
0.0696 460
0.0697 482
0.0698 481
0.0699 503
0.07 503
0.0701 509
0.0702 485
0.0703 464
0.0704 452
0.0705 447
0.0706 455
0.0707 473
0.0708 471
0.0709 487
0.071 495
0.0711 501
0.0712 482
0.0713 485
0.0714 488
0.0715 484
0.0716 477
0.0717 496
0.0718 478
0.0719 455
0.072 459
0.0721 436
0.0722 413
0.0723 388
0.0724 365
0.0725 329
0.0726 291
0.0727 265
0.0728 251
0.0729 255
0.073 247
0.0731 243
0.0732 242
0.0733 249
0.0734 245
0.0735 229
0.0736 227
0.0737 217
0.0738 209
0.0739 177
0.074 145
0.0741 123
0.0742 108
0.0743 97
0.0744 71
0.0745 53
0.0746 39
0.0747 28
0.0748 25
0.0749 19
0.075 13
0.0751 14
0.0752 7
0.0753 8
0.0754 4
0.0755 6
0.0756 7
0.0757 5
0.0758 7
0.0759 3
0.076 6
0.0761 1
0.0762 8
0.0763 1
0.0764 3
0.0765 3
0.0766 0
0.0767 1
0.0768 0
0.0769 0
0.077 1
0.0771 0
0.0772 0
0.0773 0
0.0774 0
0.0775 0
0.0776 1
0.0777 2
0.0778 0
0.0779 0
0.078 2
0.0781 3
0.0782 0
0.0783 2
0.0784 0
0.0785 0
0.0786 0
0.0787 0
0.0788 0
0.0789 1
0.079 4
0.0791 6
0.0792 0
0.0793 2
0.0794 1
0.0795 0
0.0796 1
0.0797 1
0.0798 3
0.0799 1
0.08 4
0.0801 2
0.0802 1
0.0803 1
0.0804 3
0.0805 6
0.0806 6
0.0807 1
0.0808 1
0.0809 2
0.081 1
0.0811 2
0.0812 0
0.0813 2
0.0814 1
0.0815 1
0.0816 1
0.0817 1
0.0818 4
0.0819 1
0.082 0
0.0821 1
0.0822 0
0.0823 1
0.0824 1
0.0825 1
0.0826 0
0.0827 0
0.0828 5
0.0829 2
0.083 3
0.0831 4
0.0832 1
0.0833 4
0.0834 0
0.0835 1
0.0836 3
0.0837 4
0.0838 0
0.0839 2
0.084 1
0.0841 1
0.0842 1
0.0843 6
0.0844 8
0.0845 6
0.0846 7
0.0847 12
0.0848 11
0.0849 8
0.085 9
0.0851 6
0.0852 5
0.0853 4
0.0854 7
0.0855 6
0.0856 17
0.0857 17
0.0858 32
0.0859 32
0.086 23
0.0861 15
0.0862 16
0.0863 10
0.0864 8
0.0865 9
0.0866 7
0.0867 12
0.0868 5
0.0869 4
0.087 0
0.0871 6
0.0872 6
0.0873 3
0.0874 3
0.0875 2
0.0876 0
0.0877 2
0.0878 2
0.0879 6
0.088 4
0.0881 10
0.0882 4
0.0883 4
0.0884 3
0.0885 3
0.0886 3
0.0887 3
0.0888 5
0.0889 3
0.089 3
0.0891 3
0.0892 2
0.0893 1
0.0894 0
0.0895 0
0.0896 0
0.0897 1
0.0898 1
0.0899 2
0.09 0
0.0901 2
0.0902 0
0.0903 3
0.0904 0
0.0905 2
0.0906 1
0.0907 1
0.0908 2
0.0909 3
0.091 3
0.0911 7
0.0912 5
0.0913 2
0.0914 2
0.0915 3
0.0916 3
0.0917 6
0.0918 1
0.0919 1
0.092 0
0.0921 1
0.0922 1
0.0923 0
0.0924 2
0.0925 3
0.0926 2
0.0927 6
0.0928 4
0.0929 3
0.093 1
0.0931 2
0.0932 2
0.0933 5
0.0934 2
0.0935 2
0.0936 0
0.0937 1
0.0938 2
0.0939 1
0.094 3
0.0941 9
0.0942 15
0.0943 11
0.0944 3
0.0945 2
0.0946 4
0.0947 5
0.0948 6
0.0949 4
0.095 1
0.0951 5
0.0952 7
0.0953 10
0.0954 11
0.0955 12
0.0956 10
0.0957 6
0.0958 10
0.0959 7
0.096 1
0.0961 4
0.0962 3
0.0963 1
0.0964 4
0.0965 1
0.0966 0
0.0967 3
0.0968 2
0.0969 0
0.097 1
0.0971 0
0.0972 5
0.0973 1
0.0974 0
0.0975 6
0.0976 1
0.0977 5
0.0978 2
0.0979 1
0.098 2
0.0981 4
0.0982 4
0.0983 4
0.0984 3
0.0985 4
0.0986 5
0.0987 1
0.0988 1
0.0989 3
0.099 1
0.0991 3
0.0992 5
0.0993 8
0.0994 11
0.0995 3
0.0996 3
0.0997 3
0.0998 2
0.0999 7
0.1 9
0.1001 16
0.1002 17
0.1003 14
0.1004 10
0.1005 9
0.1006 5
0.1007 2
0.1008 7
0.1009 3
0.101 2
0.1011 4
0.1012 1
0.1013 3
0.1014 1
0.1015 1
0.1016 3
0.1017 1
0.1018 1
0.1019 0
0.102 1
0.1021 2
0.1022 2
0.1023 1
0.1024 2
0.1025 0
0.1026 2
0.1027 2
0.1028 1
0.1029 0
0.103 3
0.1031 4
0.1032 2
0.1033 2
0.1034 2
0.1035 2
0.1036 4
0.1037 7
0.1038 3
0.1039 3
0.104 5
0.1041 8
0.1042 11
0.1043 20
0.1044 37
0.1045 51
0.1046 80
0.1047 97
0.1048 119
0.1049 123
0.105 129
0.1051 146
0.1052 135
0.1053 138
0.1054 136
0.1055 139
0.1056 137
0.1057 154
0.1058 166
0.1059 189
0.106 202
0.1061 233
0.1062 239
0.1063 245
0.1064 249
0.1065 266
0.1066 272
0.1067 275
0.1068 257
0.1069 281
0.107 290
0.1071 309
0.1072 306
0.1073 306
0.1074 296
0.1075 293
0.1076 284
0.1077 302
0.1078 318
0.1079 362
0.108 370
0.1081 368
0.1082 378
0.1083 411
0.1084 442
0.1085 467
0.1086 475
0.1087 483
0.1088 496
0.1089 511
0.109 512
0.1091 517
0.1092 541
0.1093 544
0.1094 553
0.1095 592
0.1096 624
0.1097 648
0.1098 671
0.1099 680
0.11 683
0.1101 687
0.1102 696
0.1103 709
0.1104 730
0.1105 748
0.1106 778
0.1107 803
0.1108 821
0.1109 835
0.111 833
0.1111 841
0.1112 856
0.1113 866
0.1114 854
0.1115 870
0.1116 878
0.1117 873
0.1118 884
0.1119 879
0.112 880
0.1121 884
0.1122 868
0.1123 857
0.1124 859
0.1125 861
0.1126 848
0.1127 836
0.1128 817
0.1129 817
0.113 793
0.1131 790
0.1132 792
0.1133 782
0.1134 785
0.1135 778
0.1136 785
0.1137 769
0.1138 764
0.1139 746
0.114 742
0.1141 745
0.1142 720
0.1143 699
0.1144 725
0.1145 715
0.1146 684
0.1147 676
0.1148 657
0.1149 648
0.115 634
0.1151 651
0.1152 668
0.1153 701
0.1154 722
0.1155 729
0.1156 728
0.1157 695
0.1158 680
0.1159 657
0.116 660
0.1161 660
0.1162 673
0.1163 670
0.1164 682
0.1165 666
0.1166 658
0.1167 650
0.1168 633
0.1169 622
0.117 611
0.1171 615
0.1172 613
0.1173 623
0.1174 639
0.1175 654
0.1176 678
0.1177 683
0.1178 675
0.1179 705
0.118 734
0.1181 729
0.1182 709
0.1183 716
0.1184 718
0.1185 705
0.1186 718
0.1187 716
0.1188 697
0.1189 719
0.119 706
0.1191 717
0.1192 729
0.1193 725
0.1194 728
0.1195 749
0.1196 738
0.1197 745
0.1198 728
0.1199 728
0.12 713
0.1201 699
0.1202 705
0.1203 688
0.1204 631
0.1205 609
0.1206 570
0.1207 554
0.1208 544
0.1209 523
0.121 519
0.1211 539
0.1212 533
0.1213 527
0.1214 536
0.1215 532
0.1216 507
0.1217 521
0.1218 532
0.1219 529
0.122 537
0.1221 545
0.1222 551
0.1223 529
0.1224 526
0.1225 513
0.1226 479
0.1227 434
0.1228 428
0.1229 405
0.123 383
0.1231 379
0.1232 360
0.1233 320
0.1234 311
0.1235 318
0.1236 335
0.1237 337
0.1238 329
0.1239 309
0.124 285
0.1241 277
0.1242 269
0.1243 280
0.1244 307
0.1245 301
0.1246 310
0.1247 313
0.1248 296
0.1249 288
0.125 282
0.1251 260
0.1252 246
0.1253 234
0.1254 226
0.1255 204
0.1256 177
0.1257 143
0.1258 118
0.1259 81
0.126 58
0.1261 36
0.1262 21
0.1263 15
0.1264 13
0.1265 16
0.1266 12
0.1267 20
0.1268 31
0.1269 46
0.127 39
0.1271 25
0.1272 14
0.1273 15
0.1274 13
0.1275 7
0.1276 7
0.1277 5
0.1278 3
0.1279 1
0.128 2
0.1281 4
0.1282 4
0.1283 0
0.1284 1
0.1285 0
0.1286 0
0.1287 0
0.1288 0
0.1289 0
0.129 0
0.1291 2
0.1292 0
0.1293 3
0.1294 1
0.1295 2
0.1296 3
0.1297 15
0.1298 15
0.1299 17
0.13 11
0.1301 12
0.1302 17
0.1303 9
0.1304 9
0.1305 4
0.1306 5
0.1307 1
0.1308 2
0.1309 4
0.131 3
0.1311 4
0.1312 0
0.1313 2
0.1314 1
0.1315 1
0.1316 1
0.1317 1
0.1318 2
0.1319 1
0.132 3
0.1321 2
0.1322 2
0.1323 1
0.1324 2
0.1325 2
0.1326 1
0.1327 2
0.1328 0
0.1329 2
0.133 0
0.1331 0
0.1332 0
0.1333 0
0.1334 0
0.1335 1
0.1336 0
0.1337 0
0.1338 0
0.1339 0
0.134 1
0.1341 3
0.1342 0
0.1343 4
0.1344 5
0.1345 2
0.1346 1
0.1347 0
0.1348 0
0.1349 1
0.135 0
0.1351 0
0.1352 0
0.1353 1
0.1354 1
0.1355 0
0.1356 0
0.1357 0
0.1358 1
0.1359 1
0.136 3
0.1361 0
0.1362 1
0.1363 0
0.1364 1
0.1365 2
0.1366 1
0.1367 0
0.1368 1
0.1369 1
0.137 0
0.1371 2
0.1372 2
0.1373 5
0.1374 3
0.1375 4
0.1376 2
0.1377 2
0.1378 2
0.1379 5
0.138 5
0.1381 8
0.1382 5
0.1383 10
0.1384 12
0.1385 6
0.1386 15
0.1387 10
0.1388 13
0.1389 24
0.139 16
0.1391 15
0.1392 14
0.1393 16
0.1394 13
0.1395 8
0.1396 4
0.1397 9
0.1398 12
0.1399 6
0.14 9
0.1401 6
0.1402 11
0.1403 13
0.1404 8
0.1405 11
0.1406 8
0.1407 6
0.1408 6
0.1409 8
0.141 6
0.1411 4
0.1412 1
0.1413 0
0.1414 0
0.1415 1
0.1416 1
0.1417 4
0.1418 2
0.1419 1
0.142 2
0.1421 1
0.1422 1
0.1423 1
0.1424 2
0.1425 2
0.1426 2
0.1427 3
0.1428 4
0.1429 4
0.143 5
0.1431 2
0.1432 4
0.1433 5
0.1434 3
0.1435 6
0.1436 3
0.1437 3
0.1438 2
0.1439 1
0.144 1
0.1441 1
0.1442 4
0.1443 2
0.1444 3
0.1445 2
0.1446 3
0.1447 0
0.1448 1
0.1449 3
0.145 1
0.1451 0
0.1452 0
0.1453 1
0.1454 1
0.1455 0
0.1456 5
0.1457 1
0.1458 1
0.1459 3
0.146 3
0.1461 4
0.1462 2
0.1463 1
0.1464 2
0.1465 0
0.1466 0
0.1467 2
0.1468 2
0.1469 4
0.147 3
0.1471 2
0.1472 2
0.1473 0
0.1474 4
0.1475 3
0.1476 2
0.1477 2
0.1478 3
0.1479 3
0.148 3
0.1481 1
0.1482 1
0.1483 2
0.1484 1
0.1485 1
0.1486 2
0.1487 1
0.1488 1
0.1489 0
0.149 2
0.1491 0
0.1492 4
0.1493 0
0.1494 2
0.1495 3
0.1496 2
0.1497 0
0.1498 0
0.1499 3
0.15 2
0.1501 3
0.1502 4
0.1503 8
0.1504 1
0.1505 4
0.1506 2
0.1507 1
0.1508 2
0.1509 5
0.151 3
0.1511 2
0.1512 1
0.1513 3
0.1514 3
0.1515 7
0.1516 7
0.1517 8
0.1518 17
0.1519 26
0.152 24
0.1521 22
0.1522 27
0.1523 26
0.1524 23
0.1525 20
0.1526 28
0.1527 20
0.1528 16
0.1529 14
0.153 17
0.1531 10
0.1532 10
0.1533 6
0.1534 7
0.1535 7
0.1536 8
0.1537 1
0.1538 1
0.1539 1
0.154 2
0.1541 1
0.1542 2
0.1543 10
0.1544 10
0.1545 11
0.1546 9
0.1547 9
0.1548 8
0.1549 7
0.155 11
0.1551 16
0.1552 19
0.1553 26
0.1554 33
0.1555 54
0.1556 80
0.1557 76
0.1558 93
0.1559 83
0.156 95
0.1561 111
0.1562 129
0.1563 144
0.1564 156
0.1565 158
0.1566 160
0.1567 167
0.1568 168
0.1569 182
0.157 204
0.1571 235
0.1572 241
0.1573 257
0.1574 272
0.1575 272
0.1576 273
0.1577 288
0.1578 293
0.1579 312
0.158 335
0.1581 360
0.1582 367
0.1583 409
0.1584 423
0.1585 438
0.1586 453
0.1587 459
0.1588 479
0.1589 483
0.159 481
0.1591 483
0.1592 499
0.1593 526
0.1594 530
0.1595 525
0.1596 541
0.1597 562
0.1598 567
0.1599 595
0.16 631
0.1601 657
0.1602 666
0.1603 685
0.1604 698
0.1605 713
0.1606 714
0.1607 736
0.1608 748
0.1609 756
0.161 775
0.1611 781
0.1612 782
0.1613 808
0.1614 825
0.1615 858
0.1616 874
0.1617 883
0.1618 894
0.1619 889
0.162 896
0.1621 911
0.1622 909
0.1623 938
0.1624 966
0.1625 967
0.1626 997
0.1627 1005
0.1628 1012
0.1629 1027
0.163 1027
0.1631 1053
0.1632 1061
0.1633 1059
0.1634 1075
0.1635 1065
0.1636 1044
0.1637 1027
0.1638 1052
0.1639 1053
0.164 1053
0.1641 1066
0.1642 1075
0.1643 1108
0.1644 1123
0.1645 1117
0.1646 1129
0.1647 1150
0.1648 1147
0.1649 1134
0.165 1126
0.1651 1133
0.1652 1128
0.1653 1126
0.1654 1107
0.1655 1086
0.1656 1067
0.1657 1067
0.1658 1060
0.1659 1053
0.166 1041
0.1661 1049
0.1662 1070
0.1663 1055
0.1664 1019
0.1665 975
0.1666 974
0.1667 956
0.1668 948
0.1669 966
0.167 978
0.1671 975
0.1672 978
0.1673 983
0.1674 988
0.1675 996
0.1676 984
0.1677 963
0.1678 931
0.1679 924
0.168 921
0.1681 907
0.1682 902
0.1683 890
0.1684 897
0.1685 895
0.1686 867
0.1687 862
0.1688 836
0.1689 830
0.169 841
0.1691 815
0.1692 809
0.1693 786
0.1694 771
0.1695 768
0.1696 777
0.1697 772
0.1698 752
0.1699 740
0.17 756
0.1701 741
0.1702 716
0.1703 713
0.1704 699
0.1705 686
0.1706 670
0.1707 653
0.1708 627
0.1709 613
0.171 612
0.1711 615
0.1712 611
0.1713 614
0.1714 636
0.1715 661
0.1716 684
0.1717 684
0.1718 682
0.1719 693
0.172 692
0.1721 728
0.1722 711
0.1723 705
0.1724 702
0.1725 699
0.1726 685
0.1727 687
0.1728 695
0.1729 692
0.173 694
0.1731 682
0.1732 683
0.1733 663
0.1734 663
0.1735 651
0.1736 617
0.1737 591
0.1738 567
0.1739 546
0.174 530
0.1741 518
0.1742 489
0.1743 480
0.1744 469
0.1745 452
0.1746 446
0.1747 438
0.1748 439
0.1749 441
0.175 449
0.1751 460
0.1752 453
0.1753 431
0.1754 403
0.1755 402
0.1756 390
0.1757 383
0.1758 356
0.1759 313
0.176 277
0.1761 252
0.1762 224
0.1763 219
0.1764 196
0.1765 167
0.1766 144
0.1767 135
0.1768 105
0.1769 104
0.177 112
0.1771 134
0.1772 136
0.1773 162
0.1774 173
0.1775 162
0.1776 149
0.1777 129
0.1778 124
0.1779 122
0.178 117
0.1781 116
0.1782 116
0.1783 106
0.1784 91
0.1785 75
0.1786 65
0.1787 53
0.1788 45
0.1789 48
0.179 69
0.1791 56
0.1792 58
0.1793 62
0.1794 58
0.1795 63
0.1796 55
0.1797 40
0.1798 25
0.1799 12
0.18 11
0.1801 5
0.1802 8
0.1803 9
0.1804 2
0.1805 6
0.1806 2
0.1807 1
0.1808 3
0.1809 2
0.181 4
0.1811 0
0.1812 0
0.1813 4
0.1814 3
0.1815 6
0.1816 1
0.1817 1
0.1818 3
0.1819 1
0.182 1
0.1821 1
0.1822 0
0.1823 0
0.1824 3
0.1825 0
0.1826 0
0.1827 0
0.1828 1
0.1829 0
0.183 2
0.1831 0
0.1832 0
0.1833 1
0.1834 3
0.1835 1
0.1836 1
0.1837 2
0.1838 0
0.1839 0
0.184 0
0.1841 1
0.1842 0
0.1843 0
0.1844 0
0.1845 0
0.1846 2
0.1847 0
0.1848 0
0.1849 2
0.185 0
0.1851 0
0.1852 0
0.1853 0
0.1854 0
0.1855 1
0.1856 0
0.1857 2
0.1858 0
0.1859 0
0.186 1
0.1861 1
0.1862 1
0.1863 1
0.1864 0
0.1865 4
0.1866 3
0.1867 2
0.1868 4
0.1869 2
0.187 1
0.1871 6
0.1872 8
0.1873 6
0.1874 5
0.1875 13
0.1876 16
0.1877 14
0.1878 31
0.1879 34
0.188 47
0.1881 47
0.1882 43
0.1883 36
0.1884 24
0.1885 28
0.1886 20
0.1887 30
0.1888 25
0.1889 14
0.189 19
0.1891 15
0.1892 20
0.1893 11
0.1894 10
0.1895 11
0.1896 12
0.1897 12
0.1898 6
0.1899 6
0.19 1
0.1901 3
0.1902 1
0.1903 1
0.1904 1
0.1905 3
0.1906 5
0.1907 2
0.1908 3
0.1909 3
0.191 2
0.1911 5
0.1912 2
0.1913 3
0.1914 1
0.1915 0
0.1916 2
0.1917 1
0.1918 2
0.1919 1
0.192 4
0.1921 1
0.1922 2
0.1923 4
0.1924 1
0.1925 0
0.1926 1
0.1927 0
0.1928 0
0.1929 1
0.193 0
0.1931 1
0.1932 0
0.1933 0
0.1934 0
0.1935 2
0.1936 1
0.1937 1
0.1938 1
0.1939 1
0.194 1
0.1941 0
0.1942 0
0.1943 0
0.1944 1
0.1945 1
0.1946 1
0.1947 2
0.1948 1
0.1949 2
0.195 4
0.1951 0
0.1952 0
0.1953 0
0.1954 1
0.1955 1
0.1956 1
0.1957 2
0.1958 1
0.1959 2
0.196 1
0.1961 3
0.1962 2
0.1963 1
0.1964 3
0.1965 5
0.1966 1
0.1967 4
0.1968 0
0.1969 2
0.197 2
0.1971 2
0.1972 7
0.1973 6
0.1974 8
0.1975 7
0.1976 8
0.1977 10
0.1978 7
0.1979 15
0.198 5
0.1981 3
0.1982 6
0.1983 12
0.1984 10
0.1985 23
0.1986 30
0.1987 21
0.1988 19
0.1989 24
0.199 20
0.1991 12
0.1992 6
0.1993 8
0.1994 4
0.1995 8
0.1996 5
0.1997 6
0.1998 2
0.1999 3
0.2 1
0.2001 3
0.2002 5
0.2003 7
0.2004 4
0.2005 1
0.2006 5
0.2007 2
0.2008 15
0.2009 12
0.201 16
0.2011 17
0.2012 10
0.2013 14
0.2014 6
0.2015 6
0.2016 6
0.2017 5
0.2018 5
0.2019 4
0.202 12
0.2021 18
0.2022 9
0.2023 14
0.2024 13
0.2025 17
0.2026 15
0.2027 5
0.2028 12
0.2029 6
0.203 6
0.2031 3
0.2032 6
0.2033 7
0.2034 6
0.2035 2
0.2036 1
0.2037 0
0.2038 1
0.2039 4
0.204 4
0.2041 2
0.2042 2
0.2043 2
0.2044 1
0.2045 4
0.2046 2
0.2047 1
0.2048 2
0.2049 1
0.205 5
0.2051 6
0.2052 3
0.2053 4
0.2054 2
0.2055 2
0.2056 1
0.2057 1
0.2058 1
0.2059 0
0.206 2
0.2061 2
0.2062 2
0.2063 1
0.2064 0
0.2065 0
0.2066 1
0.2067 2
0.2068 1
0.2069 1
0.207 2
0.2071 1
0.2072 4
0.2073 0
0.2074 0
0.2075 2
0.2076 5
0.2077 6
0.2078 3
0.2079 2
0.208 2
0.2081 1
0.2082 2
0.2083 0
0.2084 0
0.2085 2
0.2086 0
0.2087 0
0.2088 2
0.2089 3
0.209 2
0.2091 2
0.2092 2
0.2093 3
0.2094 3
0.2095 6
0.2096 3
0.2097 3
0.2098 1
0.2099 2
0.21 8
0.2101 0
0.2102 2
0.2103 0
0.2104 4
0.2105 1
0.2106 1
0.2107 5
0.2108 4
0.2109 5
0.211 2
0.2111 1
0.2112 2
0.2113 1
0.2114 1
0.2115 2
0.2116 8
0.2117 10
0.2118 5
0.2119 14
0.212 11
0.2121 4
0.2122 6
0.2123 7
0.2124 10
0.2125 5
0.2126 3
0.2127 10
0.2128 7
0.2129 4
0.213 6
0.2131 2
0.2132 3
0.2133 4
0.2134 5
0.2135 1
0.2136 2
0.2137 4
0.2138 4
0.2139 4
0.214 3
0.2141 2
0.2142 4
0.2143 1
0.2144 4
0.2145 5
0.2146 5
0.2147 2
0.2148 0
0.2149 3
0.215 3
0.2151 2
0.2152 6
0.2153 2
0.2154 5
0.2155 3
0.2156 2
0.2157 4
0.2158 0
0.2159 3
0.216 1
0.2161 3
0.2162 4
0.2163 1
0.2164 3
0.2165 9
0.2166 5
0.2167 5
0.2168 9
0.2169 10
0.217 8
0.2171 5
0.2172 9
0.2173 6
0.2174 7
0.2175 4
0.2176 5
0.2177 2
0.2178 4
0.2179 3
0.218 0
0.2181 2
0.2182 4
0.2183 4
0.2184 1
0.2185 1
0.2186 1
0.2187 1
0.2188 0
0.2189 0
0.219 1
0.2191 2
0.2192 3
0.2193 3
0.2194 4
0.2195 6
0.2196 16
0.2197 25
0.2198 43
0.2199 48
0.22 57
0.2201 64
0.2202 78
0.2203 84
0.2204 93
0.2205 90
0.2206 68
0.2207 65
0.2208 64
0.2209 55
0.221 41
0.2211 27
0.2212 27
0.2213 18
0.2214 16
0.2215 12
0.2216 9
0.2217 15
0.2218 19
0.2219 13
0.222 9
0.2221 10
0.2222 10
0.2223 16
0.2224 27
0.2225 39
0.2226 42
0.2227 55
0.2228 77
0.2229 105
0.223 131
0.2231 162
0.2232 200
0.2233 223
0.2234 265
0.2235 297
0.2236 314
0.2237 324
0.2238 321
0.2239 332
0.224 331
0.2241 333
0.2242 337
0.2243 358
0.2244 377
0.2245 402
0.2246 432
0.2247 457
0.2248 493
0.2249 506
0.225 515
0.2251 529
0.2252 541
0.2253 554
0.2254 576
0.2255 603
0.2256 652
0.2257 675
0.2258 722
0.2259 757
0.226 780
0.2261 791
0.2262 809
0.2263 819
0.2264 810
0.2265 804
0.2266 820
0.2267 832
0.2268 844
0.2269 844
0.227 853
0.2271 858
0.2272 869
0.2273 888
0.2274 917
0.2275 947
0.2276 972
0.2277 999
0.2278 1033
0.2279 1054
0.228 1052
0.2281 1057
0.2282 1066
0.2283 1085
0.2284 1110
0.2285 1113
0.2286 1131
0.2287 1162
0.2288 1186
0.2289 1227
0.229 1208
0.2291 1199
0.2292 1181
0.2293 1162
0.2294 1129
0.2295 1108
0.2296 1078
0.2297 1055
0.2298 1027
0.2299 1018
0.23 1016
0.2301 1001
0.2302 1009
0.2303 1008
0.2304 995
0.2305 968
0.2306 954
0.2307 946
0.2308 953
0.2309 950
0.231 931
0.2311 925
0.2312 914
0.2313 890
0.2314 879
0.2315 868
0.2316 866
0.2317 885
0.2318 902
0.2319 900
0.232 895
0.2321 899
0.2322 892
0.2323 899
0.2324 905
0.2325 920
0.2326 924
0.2327 919
0.2328 914
0.2329 907
0.233 896
0.2331 901
0.2332 900
0.2333 902
0.2334 916
0.2335 926
0.2336 941
0.2337 956
0.2338 970
0.2339 987
0.234 985
0.2341 982
0.2342 971
0.2343 950
0.2344 924
0.2345 907
0.2346 895
0.2347 888
0.2348 893
0.2349 909
0.235 912
0.2351 905
0.2352 923
0.2353 934
0.2354 922
0.2355 962
0.2356 961
0.2357 984
0.2358 977
0.2359 958
0.236 946
0.2361 936
0.2362 915
0.2363 898
0.2364 878
0.2365 859
0.2366 837
0.2367 824
0.2368 808
0.2369 776
0.237 748
0.2371 733
0.2372 724
0.2373 702
0.2374 689
0.2375 671
0.2376 642
0.2377 627
0.2378 616
0.2379 600
0.238 600
0.2381 617
0.2382 613
0.2383 618
0.2384 637
0.2385 627
0.2386 658
0.2387 681
0.2388 678
0.2389 698
0.239 682
0.2391 672
0.2392 670
0.2393 662
0.2394 634
0.2395 629
0.2396 588
0.2397 570
0.2398 573
0.2399 566
0.24 551
0.2401 531
0.2402 527
0.2403 500
0.2404 485
0.2405 483
0.2406 484
0.2407 476
0.2408 480
0.2409 468
0.241 457
0.2411 454
0.2412 468
0.2413 457
0.2414 455
0.2415 447
0.2416 442
0.2417 436
0.2418 407
0.2419 395
0.242 390
0.2421 372
0.2422 358
0.2423 356
0.2424 343
0.2425 346
0.2426 344
0.2427 323
0.2428 315
0.2429 291
0.243 262
0.2431 224
0.2432 183
0.2433 148
0.2434 129
0.2435 96
0.2436 71
0.2437 46
0.2438 25
0.2439 14
0.244 7
0.2441 8
0.2442 9
0.2443 7
0.2444 6
0.2445 2
0.2446 0
0.2447 3
0.2448 3
0.2449 7
0.245 3
0.2451 2
0.2452 6
0.2453 5
0.2454 4
0.2455 7
0.2456 5
0.2457 3
0.2458 0
0.2459 1
0.246 1
0.2461 1
0.2462 1
0.2463 1
0.2464 3
0.2465 2
0.2466 2
0.2467 2
0.2468 0
0.2469 2
0.247 0
0.2471 3
0.2472 2
0.2473 2
0.2474 2
0.2475 1
0.2476 2
0.2477 1
0.2478 2
0.2479 1
0.248 0
0.2481 0
0.2482 0
0.2483 1
0.2484 1
0.2485 0
0.2486 0
0.2487 0
0.2488 1
0.2489 0
0.249 0
0.2491 0
0.2492 1
0.2493 0
0.2494 0
0.2495 1
0.2496 1
0.2497 0
0.2498 0
0.2499 0
0.25 1
