0 0
0.0001 0
0.0002 0
0.0003 0
0.0004 0
0.0005 0
0.0006 0
0.0007 0
0.0008 0
0.0009 0
0.001 0
0.0011 0
0.0012 0
0.0013 0
0.0014 0
0.0015 0
0.0016 0
0.0017 0
0.0018 0
0.0019 0
0.002 0
0.0021 0
0.0022 0
0.0023 0
0.0024 0
0.0025 0
0.0026 0
0.0027 0
0.0028 0
0.0029 0
0.003 0
0.0031 1
0.0032 1
0.0033 0
0.0034 0
0.0035 1
0.0036 0
0.0037 1
0.0038 0
0.0039 2
0.004 1
0.0041 0
0.0042 1
0.0043 0
0.0044 1
0.0045 0
0.0046 0
0.0047 0
0.0048 1
0.0049 1
0.005 0
0.0051 0
0.0052 0
0.0053 2
0.0054 0
0.0055 0
0.0056 2
0.0057 1
0.0058 0
0.0059 1
0.006 0
0.0061 2
0.0062 0
0.0063 0
0.0064 0
0.0065 2
0.0066 0
0.0067 0
0.0068 3
0.0069 1
0.007 2
0.0071 0
0.0072 4
0.0073 0
0.0074 0
0.0075 2
0.0076 2
0.0077 4
0.0078 4
0.0079 0
0.008 4
0.0081 2
0.0082 0
0.0083 0
0.0084 0
0.0085 0
0.0086 2
0.0087 1
0.0088 1
0.0089 0
0.009 3
0.0091 0
0.0092 5
0.0093 3
0.0094 0
0.0095 2
0.0096 2
0.0097 5
0.0098 2
0.0099 1
0.01 1
0.0101 2
0.0102 1
0.0103 2
0.0104 2
0.0105 1
0.0106 2
0.0107 4
0.0108 3
0.0109 3
0.011 2
0.0111 2
0.0112 4
0.0113 3
0.0114 4
0.0115 7
0.0116 1
0.0117 1
0.0118 1
0.0119 2
0.012 2
0.0121 3
0.0122 6
0.0123 3
0.0124 5
0.0125 5
0.0126 3
0.0127 3
0.0128 1
0.0129 1
0.013 2
0.0131 4
0.0132 10
0.0133 2
0.0134 6
0.0135 1
0.0136 0
0.0137 6
0.0138 1
0.0139 5
0.014 5
0.0141 3
0.0142 2
0.0143 2
0.0144 5
0.0145 4
0.0146 3
0.0147 3
0.0148 4
0.0149 5
0.015 3
0.0151 5
0.0152 4
0.0153 2
0.0154 3
0.0155 4
0.0156 4
0.0157 2
0.0158 3
0.0159 3
0.016 9
0.0161 3
0.0162 9
0.0163 3
0.0164 3
0.0165 5
0.0166 2
0.0167 2
0.0168 8
0.0169 3
0.017 4
0.0171 2
0.0172 4
0.0173 11
0.0174 4
0.0175 7
0.0176 9
0.0177 4
0.0178 5
0.0179 12
0.018 11
0.0181 5
0.0182 7
0.0183 14
0.0184 9
0.0185 7
0.0186 13
0.0187 8
0.0188 14
0.0189 8
0.019 11
0.0191 12
0.0192 14
0.0193 11
0.0194 17
0.0195 10
0.0196 10
0.0197 6
0.0198 12
0.0199 13
0.02 7
0.0201 18
0.0202 16
0.0203 17
0.0204 21
0.0205 12
0.0206 15
0.0207 14
0.0208 22
0.0209 19
0.021 29
0.0211 27
0.0212 34
0.0213 19
0.0214 26
0.0215 36
0.0216 30
0.0217 33
0.0218 44
0.0219 32
0.022 38
0.0221 43
0.0222 46
0.0223 52
0.0224 60
0.0225 60
0.0226 57
0.0227 69
0.0228 70
0.0229 63
0.023 62
0.0231 68
0.0232 74
0.0233 74
0.0234 80
0.0235 83
0.0236 82
0.0237 88
0.0238 97
0.0239 88
0.024 104
0.0241 121
0.0242 113
0.0243 100
0.0244 100
0.0245 127
0.0246 139
0.0247 135
0.0248 136
0.0249 143
0.025 149
0.0251 187
0.0252 198
0.0253 224
0.0254 232
0.0255 247
0.0256 266
0.0257 278
0.0258 291
0.0259 289
0.026 293
0.0261 288
0.0262 283
0.0263 290
0.0264 289
0.0265 289
0.0266 295
0.0267 303
0.0268 328
0.0269 359
0.027 387
0.0271 420
0.0272 463
0.0273 508
0.0274 542
0.0275 584
0.0276 611
0.0277 640
0.0278 662
0.0279 678
0.028 701
0.0281 720
0.0282 749
0.0283 778
0.0284 812
0.0285 821
0.0286 848
0.0287 869
0.0288 892
0.0289 915
0.029 947
0.0291 970
0.0292 991
0.0293 1008
0.0294 1041
0.0295 1058
0.0296 1068
0.0297 1072
0.0298 1052
0.0299 1023
0.03 1014
0.0301 1029
0.0302 1050
0.0303 1077
0.0304 1091
0.0305 1095
0.0306 1119
0.0307 1130
0.0308 1148
0.0309 1162
0.031 1182
0.0311 1197
0.0312 1208
0.0313 1226
0.0314 1254
0.0315 1262
0.0316 1274
0.0317 1282
0.0318 1299
0.0319 1320
0.032 1334
0.0321 1347
0.0322 1365
0.0323 1375
0.0324 1385
0.0325 1389
0.0326 1392
0.0327 1396
0.0328 1400
0.0329 1397
0.033 1394
0.0331 1395
0.0332 1402
0.0333 1409
0.0334 1426
0.0335 1437
0.0336 1449
0.0337 1456
0.0338 1468
0.0339 1473
0.034 1485
0.0341 1488
0.0342 1495
0.0343 1495
0.0344 1501
0.0345 1507
0.0346 1506
0.0347 1506
0.0348 1503
0.0349 1493
0.035 1496
0.0351 1492
0.0352 1489
0.0353 1477
0.0354 1474
0.0355 1464
0.0356 1428
0.0357 1412
0.0358 1372
0.0359 1354
0.036 1335
0.0361 1323
0.0362 1307
0.0363 1301
0.0364 1305
0.0365 1319
0.0366 1312
0.0367 1317
0.0368 1317
0.0369 1307
0.037 1319
0.0371 1314
0.0372 1316
0.0373 1325
0.0374 1330
0.0375 1317
0.0376 1293
0.0377 1280
0.0378 1248
0.0379 1223
0.038 1190
0.0381 1128
0.0382 1092
0.0383 1071
0.0384 1060
0.0385 1066
0.0386 1073
0.0387 1062
0.0388 1064
0.0389 1071
0.039 1075
0.0391 1070
0.0392 1074
0.0393 1078
0.0394 1083
0.0395 1091
0.0396 1086
0.0397 1086
0.0398 1087
0.0399 1092
0.04 1089
0.0401 1093
0.0402 1082
0.0403 1063
0.0404 1059
0.0405 1053
0.0406 1052
0.0407 1039
0.0408 1029
0.0409 995
0.041 982
0.0411 976
0.0412 974
0.0413 979
0.0414 984
0.0415 982
0.0416 983
0.0417 997
0.0418 1009
0.0419 1021
0.042 1026
0.0421 1036
0.0422 1041
0.0423 1047
0.0424 1050
0.0425 1050
0.0426 1055
0.0427 1062
0.0428 1067
0.0429 1073
0.043 1087
0.0431 1090
0.0432 1096
0.0433 1105
0.0434 1111
0.0435 1111
0.0436 1108
0.0437 1106
0.0438 1109
0.0439 1113
0.044 1116
0.0441 1115
0.0442 1114
0.0443 1113
0.0444 1112
0.0445 1112
0.0446 1104
0.0447 1103
0.0448 1101
0.0449 1102
0.045 1101
0.0451 1099
0.0452 1091
0.0453 1086
0.0454 1083
0.0455 1080
0.0456 1084
0.0457 1085
0.0458 1081
0.0459 1082
0.046 1074
0.0461 1076
0.0462 1081
0.0463 1084
0.0464 1086
0.0465 1083
0.0466 1044
0.0467 1010
0.0468 979
0.0469 956
0.047 935
0.0471 921
0.0472 906
0.0473 904
0.0474 898
0.0475 873
0.0476 878
0.0477 873
0.0478 864
0.0479 858
0.048 851
0.0481 849
0.0482 849
0.0483 826
0.0484 816
0.0485 797
0.0486 775
0.0487 757
0.0488 735
0.0489 721
0.049 717
0.0491 699
0.0492 688
0.0493 665
0.0494 649
0.0495 627
0.0496 602
0.0497 577
0.0498 561
0.0499 554
0.05 565
0.0501 572
0.0502 574
0.0503 573
0.0504 580
0.0505 576
0.0506 583
0.0507 586
0.0508 603
0.0509 614
0.051 619
0.0511 625
0.0512 608
0.0513 587
0.0514 554
0.0515 534
0.0516 525
0.0517 515
0.0518 504
0.0519 484
0.052 463
0.0521 433
0.0522 414
0.0523 404
0.0524 398
0.0525 383
0.0526 368
0.0527 353
0.0528 348
0.0529 323
0.053 305
0.0531 293
0.0532 302
0.0533 314
0.0534 309
0.0535 314
0.0536 328
0.0537 338
0.0538 349
0.0539 364
0.054 384
0.0541 399
0.0542 391
0.0543 391
0.0544 395
0.0545 400
0.0546 406
0.0547 425
0.0548 427
0.0549 437
0.055 433
0.0551 425
0.0552 413
0.0553 408
0.0554 392
0.0555 394
0.0556 388
0.0557 371
0.0558 376
0.0559 366
0.056 343
0.0561 332
0.0562 308
0.0563 287
0.0564 260
0.0565 254
0.0566 249
0.0567 243
0.0568 244
0.0569 249
0.057 238
0.0571 229
0.0572 215
0.0573 202
0.0574 188
0.0575 176
0.0576 177
0.0577 169
0.0578 167
0.0579 147
0.058 151
0.0581 155
0.0582 172
0.0583 167
0.0584 183
0.0585 184
0.0586 193
0.0587 183
0.0588 183
0.0589 167
0.059 171
0.0591 157
0.0592 158
0.0593 155
0.0594 147
0.0595 149
0.0596 141
0.0597 128
0.0598 131
0.0599 124
0.06 107
0.0601 109
0.0602 114
0.0603 114
0.0604 105
0.0605 103
0.0606 111
0.0607 115
0.0608 110
0.0609 110
0.061 107
0.0611 116
0.0612 109
0.0613 100
0.0614 81
0.0615 80
0.0616 79
0.0617 73
0.0618 60
0.0619 77
0.062 70
0.0621 82
0.0622 85
0.0623 85
0.0624 101
0.0625 112
0.0626 129
0.0627 132
0.0628 148
0.0629 163
0.063 157
0.0631 167
0.0632 153
0.0633 161
0.0634 160
0.0635 159
0.0636 148
0.0637 130
0.0638 129
0.0639 118
0.064 106
0.0641 80
0.0642 72
0.0643 69
0.0644 60
0.0645 58
0.0646 52
0.0647 51
0.0648 55
0.0649 58
0.065 52
0.0651 53
0.0652 57
0.0653 53
0.0654 56
0.0655 55
0.0656 45
0.0657 42
0.0658 40
0.0659 38
0.066 30
0.0661 18
0.0662 20
0.0663 17
0.0664 16
0.0665 24
0.0666 19
0.0667 21
0.0668 25
0.0669 31
0.067 34
0.0671 30
0.0672 39
0.0673 34
0.0674 35
0.0675 34
0.0676 25
0.0677 32
0.0678 25
0.0679 30
0.068 34
0.0681 32
0.0682 29
0.0683 28
0.0684 21
0.0685 26
0.0686 21
0.0687 22
0.0688 27
0.0689 25
0.069 22
0.0691 23
0.0692 23
0.0693 17
0.0694 13
0.0695 14
0.0696 21
0.0697 25
0.0698 21
0.0699 14
0.07 22
0.0701 19
0.0702 21
0.0703 20
0.0704 24
0.0705 26
0.0706 24
0.0707 21
0.0708 32
0.0709 28
0.071 33
0.0711 27
0.0712 25
0.0713 29
0.0714 30
0.0715 33
0.0716 16
0.0717 24
0.0718 23
0.0719 22
0.072 23
0.0721 20
0.0722 20
0.0723 19
0.0724 24
0.0725 15
0.0726 27
0.0727 19
0.0728 25
0.0729 21
0.073 9
0.0731 17
0.0732 15
0.0733 9
0.0734 10
0.0735 17
0.0736 22
0.0737 16
0.0738 16
0.0739 18
0.074 16
0.0741 17
0.0742 21
0.0743 13
0.0744 17
0.0745 20
0.0746 22
0.0747 11
0.0748 16
0.0749 17
0.075 25
0.0751 29
0.0752 23
0.0753 14
0.0754 22
0.0755 22
0.0756 18
0.0757 13
0.0758 17
0.0759 19
0.076 16
0.0761 19
0.0762 20
0.0763 20
0.0764 20
0.0765 22
0.0766 25
0.0767 15
0.0768 15
0.0769 21
0.077 23
0.0771 24
0.0772 19
0.0773 22
0.0774 30
0.0775 24
0.0776 19
0.0777 21
0.0778 21
0.0779 17
0.078 14
0.0781 18
0.0782 17
0.0783 15
0.0784 21
0.0785 17
0.0786 29
0.0787 24
0.0788 24
0.0789 18
0.079 30
0.0791 27
0.0792 35
0.0793 30
0.0794 35
0.0795 28
0.0796 38
0.0797 39
0.0798 43
0.0799 35
0.08 32
0.0801 48
0.0802 47
0.0803 53
0.0804 46
0.0805 47
0.0806 51
0.0807 52
0.0808 57
0.0809 54
0.081 54
0.0811 64
0.0812 67
0.0813 56
0.0814 61
0.0815 70
0.0816 59
0.0817 67
0.0818 67
0.0819 75
0.082 77
0.0821 81
0.0822 94
0.0823 103
0.0824 102
0.0825 106
0.0826 112
0.0827 110
0.0828 115
0.0829 112
0.083 126
0.0831 115
0.0832 118
0.0833 127
0.0834 117
0.0835 101
0.0836 108
0.0837 85
0.0838 91
0.0839 88
0.084 90
0.0841 92
0.0842 92
0.0843 100
0.0844 94
0.0845 95
0.0846 93
0.0847 96
0.0848 108
0.0849 109
0.085 113
0.0851 115
0.0852 116
0.0853 140
0.0854 123
0.0855 123
0.0856 119
0.0857 113
0.0858 110
0.0859 110
0.086 125
0.0861 143
0.0862 157
0.0863 162
0.0864 167
0.0865 178
0.0866 177
0.0867 186
0.0868 204
0.0869 242
0.087 278
0.0871 313
0.0872 344
0.0873 384
0.0874 410
0.0875 448
0.0876 490
0.0877 551
0.0878 606
0.0879 638
0.088 680
0.0881 704
0.0882 752
0.0883 778
0.0884 819
0.0885 848
0.0886 887
0.0887 906
0.0888 922
0.0889 925
0.089 945
0.0891 972
0.0892 993
0.0893 1029
0.0894 1063
0.0895 1084
0.0896 1107
0.0897 1131
0.0898 1151
0.0899 1173
0.09 1198
0.0901 1228
0.0902 1256
0.0903 1274
0.0904 1295
0.0905 1310
0.0906 1333
0.0907 1353
0.0908 1382
0.0909 1400
0.091 1410
0.0911 1426
0.0912 1428
0.0913 1444
0.0914 1452
0.0915 1455
0.0916 1456
0.0917 1478
0.0918 1487
0.0919 1495
0.092 1510
0.0921 1526
0.0922 1536
0.0923 1536
0.0924 1537
0.0925 1546
0.0926 1546
0.0927 1551
0.0928 1555
0.0929 1565
0.093 1567
0.0931 1580
0.0932 1577
0.0933 1583
0.0934 1582
0.0935 1591
0.0936 1594
0.0937 1581
0.0938 1547
0.0939 1519
0.094 1507
0.0941 1496
0.0942 1482
0.0943 1489
0.0944 1488
0.0945 1488
0.0946 1492
0.0947 1497
0.0948 1505
0.0949 1499
0.095 1504
0.0951 1512
0.0952 1510
0.0953 1503
0.0954 1508
0.0955 1506
0.0956 1509
0.0957 1509
0.0958 1514
0.0959 1501
0.096 1499
0.0961 1494
0.0962 1492
0.0963 1495
0.0964 1493
0.0965 1496
0.0966 1478
0.0967 1473
0.0968 1461
0.0969 1455
0.097 1445
0.0971 1440
0.0972 1435
0.0973 1434
0.0974 1428
0.0975 1413
0.0976 1405
0.0977 1389
0.0978 1385
0.0979 1385
0.098 1388
0.0981 1381
0.0982 1386
0.0983 1387
0.0984 1398
0.0985 1396
0.0986 1392
0.0987 1389
0.0988 1390
0.0989 1387
0.099 1392
0.0991 1400
0.0992 1402
0.0993 1401
0.0994 1391
0.0995 1382
0.0996 1381
0.0997 1377
0.0998 1378
0.0999 1381
0.1 1380
0.1001 1385
0.1002 1383
0.1003 1389
0.1004 1388
0.1005 1386
0.1006 1390
0.1007 1394
0.1008 1387
0.1009 1379
0.101 1383
0.1011 1382
0.1012 1379
0.1013 1381
0.1014 1380
0.1015 1366
0.1016 1346
0.1017 1341
0.1018 1334
0.1019 1323
0.102 1318
0.1021 1305
0.1022 1297
0.1023 1284
0.1024 1272
0.1025 1265
0.1026 1259
0.1027 1261
0.1028 1252
0.1029 1254
0.103 1253
0.1031 1255
0.1032 1247
0.1033 1247
0.1034 1250
0.1035 1250
0.1036 1246
0.1037 1248
0.1038 1242
0.1039 1250
0.104 1254
0.1041 1250
0.1042 1244
0.1043 1238
0.1044 1227
0.1045 1223
0.1046 1219
0.1047 1221
0.1048 1227
0.1049 1218
0.105 1217
0.1051 1203
0.1052 1202
0.1053 1202
0.1054 1193
0.1055 1186
0.1056 1180
0.1057 1170
0.1058 1160
0.1059 1146
0.106 1136
0.1061 1131
0.1062 1127
0.1063 1126
0.1064 1119
0.1065 1113
0.1066 1107
0.1067 1102
0.1068 1093
0.1069 1083
0.107 1083
0.1071 1082
0.1072 1084
0.1073 1076
0.1074 1050
0.1075 1039
0.1076 1025
0.1077 1013
0.1078 1012
0.1079 1002
0.108 1001
0.1081 1000
0.1082 985
0.1083 973
0.1084 968
0.1085 963
0.1086 950
0.1087 949
0.1088 944
0.1089 943
0.109 931
0.1091 924
0.1092 901
0.1093 872
0.1094 846
0.1095 831
0.1096 820
0.1097 784
0.1098 759
0.1099 730
0.11 701
0.1101 650
0.1102 623
0.1103 586
0.1104 548
0.1105 520
0.1106 510
0.1107 488
0.1108 442
0.1109 415
0.111 380
0.1111 347
0.1112 325
0.1113 289
0.1114 264
0.1115 253
0.1116 228
0.1117 220
0.1118 195
0.1119 194
0.112 181
0.1121 178
0.1122 173
0.1123 165
0.1124 162
0.1125 174
0.1126 186
0.1127 180
0.1128 188
0.1129 200
0.113 210
0.1131 214
0.1132 229
0.1133 247
0.1134 262
0.1135 279
0.1136 295
0.1137 324
0.1138 341
0.1139 354
0.114 368
0.1141 386
0.1142 402
0.1143 423
0.1144 434
0.1145 448
0.1146 457
0.1147 459
0.1148 473
0.1149 469
0.115 477
0.1151 485
0.1152 487
0.1153 489
0.1154 497
0.1155 498
0.1156 506
0.1157 516
0.1158 517
0.1159 520
0.116 514
0.1161 518
0.1162 513
0.1163 506
0.1164 503
0.1165 493
0.1166 473
0.1167 442
0.1168 422
0.1169 394
0.117 372
0.1171 357
0.1172 344
0.1173 324
0.1174 320
0.1175 318
0.1176 309
0.1177 317
0.1178 325
0.1179 343
0.118 338
0.1181 339
0.1182 332
0.1183 321
0.1184 327
0.1185 326
0.1186 330
0.1187 327
0.1188 308
0.1189 306
0.119 314
0.1191 310
0.1192 325
0.1193 321
0.1194 311
0.1195 313
0.1196 324
0.1197 318
0.1198 310
0.1199 305
0.12 308
0.1201 293
0.1202 279
0.1203 286
0.1204 301
0.1205 314
0.1206 314
0.1207 322
0.1208 331
0.1209 318
0.121 316
0.1211 304
0.1212 297
0.1213 282
0.1214 283
0.1215 263
0.1216 249
0.1217 232
0.1218 214
0.1219 192
0.122 169
0.1221 150
0.1222 154
0.1223 141
0.1224 141
0.1225 132
0.1226 121
0.1227 97
0.1228 83
0.1229 73
0.123 63
0.1231 62
0.1232 61
0.1233 61
0.1234 65
0.1235 67
0.1236 80
0.1237 83
0.1238 76
0.1239 87
0.124 96
0.1241 100
0.1242 110
0.1243 121
0.1244 113
0.1245 106
0.1246 105
0.1247 107
0.1248 110
0.1249 100
0.125 90
0.1251 77
0.1252 63
0.1253 57
0.1254 39
0.1255 30
0.1256 22
0.1257 22
0.1258 12
0.1259 16
0.126 18
0.1261 14
0.1262 18
0.1263 13
0.1264 12
0.1265 14
0.1266 9
0.1267 16
0.1268 15
0.1269 12
0.127 10
0.1271 11
0.1272 11
0.1273 9
0.1274 10
0.1275 10
0.1276 10
0.1277 12
0.1278 10
0.1279 4
0.128 9
0.1281 13
0.1282 9
0.1283 5
0.1284 6
0.1285 8
0.1286 11
0.1287 5
0.1288 10
0.1289 11
0.129 7
0.1291 14
0.1292 12
0.1293 4
0.1294 4
0.1295 6
0.1296 9
0.1297 7
0.1298 8
0.1299 11
0.13 4
0.1301 6
0.1302 8
0.1303 9
0.1304 11
0.1305 6
0.1306 9
0.1307 11
0.1308 7
0.1309 14
0.131 11
0.1311 8
0.1312 10
0.1313 5
0.1314 8
0.1315 10
0.1316 10
0.1317 11
0.1318 12
0.1319 10
0.132 11
0.1321 8
0.1322 5
0.1323 10
0.1324 9
0.1325 10
0.1326 11
0.1327 8
0.1328 11
0.1329 20
0.133 14
0.1331 16
0.1332 15
0.1333 14
0.1334 18
0.1335 15
0.1336 19
0.1337 13
0.1338 15
0.1339 12
0.134 21
0.1341 14
0.1342 17
0.1343 13
0.1344 17
0.1345 29
0.1346 17
0.1347 16
0.1348 19
0.1349 23
0.135 20
0.1351 13
0.1352 19
0.1353 30
0.1354 23
0.1355 16
0.1356 21
0.1357 27
0.1358 18
0.1359 26
0.136 29
0.1361 23
0.1362 29
0.1363 28
0.1364 33
0.1365 31
0.1366 30
0.1367 35
0.1368 40
0.1369 33
0.137 19
0.1371 23
0.1372 20
0.1373 35
0.1374 33
0.1375 32
0.1376 33
0.1377 32
0.1378 24
0.1379 28
0.138 26
0.1381 27
0.1382 31
0.1383 31
0.1384 31
0.1385 49
0.1386 43
0.1387 50
0.1388 44
0.1389 40
0.139 52
0.1391 49
0.1392 47
0.1393 54
0.1394 49
0.1395 53
0.1396 56
0.1397 63
0.1398 65
0.1399 59
0.14 59
0.1401 74
0.1402 73
0.1403 76
0.1404 83
0.1405 94
0.1406 95
0.1407 98
0.1408 84
0.1409 82
0.141 102
0.1411 99
0.1412 108
0.1413 108
0.1414 106
0.1415 115
0.1416 115
0.1417 137
0.1418 139
0.1419 133
0.142 146
0.1421 147
0.1422 145
0.1423 150
0.1424 151
0.1425 152
0.1426 152
0.1427 150
0.1428 154
0.1429 160
0.143 157
0.1431 153
0.1432 157
0.1433 165
0.1434 165
0.1435 171
0.1436 172
0.1437 193
0.1438 207
0.1439 211
0.144 227
0.1441 253
0.1442 263
0.1443 293
0.1444 313
0.1445 352
0.1446 354
0.1447 386
0.1448 414
0.1449 417
0.145 441
0.1451 474
0.1452 472
0.1453 487
0.1454 510
0.1455 493
0.1456 494
0.1457 470
0.1458 458
0.1459 471
0.146 469
0.1461 469
0.1462 480
0.1463 508
0.1464 545
0.1465 575
0.1466 607
0.1467 632
0.1468 671
0.1469 716
0.147 747
0.1471 774
0.1472 809
0.1473 847
0.1474 881
0.1475 903
0.1476 925
0.1477 964
0.1478 981
0.1479 1011
0.148 1043
0.1481 1063
0.1482 1089
0.1483 1117
0.1484 1132
0.1485 1162
0.1486 1185
0.1487 1195
0.1488 1229
0.1489 1251
0.149 1262
0.1491 1283
0.1492 1300
0.1493 1307
0.1494 1324
0.1495 1342
0.1496 1357
0.1497 1375
0.1498 1379
0.1499 1388
0.15 1407
0.1501 1406
0.1502 1419
0.1503 1420
0.1504 1424
0.1505 1436
0.1506 1440
0.1507 1444
0.1508 1463
0.1509 1461
0.151 1471
0.1511 1474
0.1512 1480
0.1513 1490
0.1514 1491
0.1515 1493
0.1516 1505
0.1517 1513
0.1518 1531
0.1519 1538
0.152 1545
0.1521 1554
0.1522 1562
0.1523 1570
0.1524 1568
0.1525 1575
0.1526 1554
0.1527 1557
0.1528 1563
0.1529 1562
0.153 1560
0.1531 1556
0.1532 1538
0.1533 1524
0.1534 1503
0.1535 1465
0.1536 1442
0.1537 1402
0.1538 1356
0.1539 1318
0.154 1297
0.1541 1283
0.1542 1284
0.1543 1276
0.1544 1282
0.1545 1266
0.1546 1269
0.1547 1271
0.1548 1268
0.1549 1266
0.155 1277
0.1551 1276
0.1552 1275
0.1553 1289
0.1554 1302
0.1555 1315
0.1556 1329
0.1557 1337
0.1558 1349
0.1559 1366
0.156 1371
0.1561 1378
0.1562 1384
0.1563 1387
0.1564 1389
0.1565 1392
0.1566 1397
0.1567 1396
0.1568 1415
0.1569 1411
0.157 1421
0.1571 1421
0.1572 1420
0.1573 1423
0.1574 1423
0.1575 1424
0.1576 1428
0.1577 1432
0.1578 1438
0.1579 1451
0.158 1431
0.1581 1411
0.1582 1388
0.1583 1373
0.1584 1363
0.1585 1354
0.1586 1347
0.1587 1351
0.1588 1339
0.1589 1310
0.159 1281
0.1591 1251
0.1592 1227
0.1593 1205
0.1594 1188
0.1595 1171
0.1596 1160
0.1597 1156
0.1598 1155
0.1599 1145
0.16 1135
0.1601 1142
0.1602 1142
0.1603 1144
0.1604 1143
0.1605 1149
0.1606 1146
0.1607 1150
0.1608 1158
0.1609 1164
0.161 1182
0.1611 1191
0.1612 1188
0.1613 1197
0.1614 1195
0.1615 1200
0.1616 1200
0.1617 1207
0.1618 1217
0.1619 1215
0.162 1224
0.1621 1226
0.1622 1217
0.1623 1223
0.1624 1230
0.1625 1225
0.1626 1209
0.1627 1199
0.1628 1195
0.1629 1185
0.163 1178
0.1631 1184
0.1632 1191
0.1633 1183
0.1634 1176
0.1635 1164
0.1636 1153
0.1637 1138
0.1638 1129
0.1639 1128
0.164 1123
0.1641 1122
0.1642 1126
0.1643 1125
0.1644 1113
0.1645 1105
0.1646 1103
0.1647 1099
0.1648 1107
0.1649 1109
0.165 1110
0.1651 1114
0.1652 1108
0.1653 1107
0.1654 1100
0.1655 1102
0.1656 1103
0.1657 1108
0.1658 1106
0.1659 1106
0.166 1101
0.1661 1102
0.1662 1098
0.1663 1094
0.1664 1090
0.1665 1083
0.1666 1084
0.1667 1086
0.1668 1089
0.1669 1093
0.167 1092
0.1671 1082
0.1672 1062
0.1673 1032
0.1674 989
0.1675 956
0.1676 927
0.1677 893
0.1678 886
0.1679 878
0.168 869
0.1681 869
0.1682 871
0.1683 884
0.1684 889
0.1685 877
0.1686 869
0.1687 852
0.1688 838
0.1689 833
0.169 822
0.1691 805
0.1692 799
0.1693 794
0.1694 794
0.1695 790
0.1696 785
0.1697 768
0.1698 768
0.1699 778
0.17 776
0.1701 785
0.1702 784
0.1703 791
0.1704 796
0.1705 796
0.1706 795
0.1707 796
0.1708 800
0.1709 793
0.171 794
0.1711 784
0.1712 788
0.1713 788
0.1714 796
0.1715 801
0.1716 799
0.1717 798
0.1718 795
0.1719 794
0.172 798
0.1721 801
0.1722 808
0.1723 812
0.1724 810
0.1725 816
0.1726 812
0.1727 788
0.1728 756
0.1729 726
0.173 690
0.1731 661
0.1732 635
0.1733 624
0.1734 610
0.1735 600
0.1736 594
0.1737 601
0.1738 601
0.1739 603
0.174 604
0.1741 601
0.1742 605
0.1743 603
0.1744 598
0.1745 600
0.1746 588
0.1747 582
0.1748 580
0.1749 576
0.175 593
0.1751 603
0.1752 613
0.1753 618
0.1754 626
0.1755 633
0.1756 634
0.1757 636
0.1758 628
0.1759 635
0.176 615
0.1761 581
0.1762 560
0.1763 519
0.1764 502
0.1765 481
0.1766 461
0.1767 447
0.1768 449
0.1769 445
0.177 449
0.1771 456
0.1772 466
0.1773 482
0.1774 491
0.1775 493
0.1776 500
0.1777 507
0.1778 512
0.1779 512
0.178 513
0.1781 511
0.1782 514
0.1783 501
0.1784 486
0.1785 478
0.1786 474
0.1787 472
0.1788 459
0.1789 447
0.179 431
0.1791 409
0.1792 389
0.1793 379
0.1794 375
0.1795 387
0.1796 385
0.1797 383
0.1798 383
0.1799 374
0.18 373
0.1801 350
0.1802 345
0.1803 335
0.1804 332
0.1805 321
0.1806 304
0.1807 298
0.1808 293
0.1809 290
0.181 286
0.1811 297
0.1812 316
0.1813 326
0.1814 332
0.1815 342
0.1816 346
0.1817 360
0.1818 373
0.1819 385
0.182 398
0.1821 403
0.1822 409
0.1823 430
0.1824 438
0.1825 449
0.1826 463
0.1827 476
0.1828 489
0.1829 484
0.183 484
0.1831 481
0.1832 492
0.1833 490
0.1834 479
0.1835 480
0.1836 474
0.1837 474
0.1838 465
0.1839 453
0.184 447
0.1841 442
0.1842 436
0.1843 443
0.1844 443
0.1845 446
0.1846 451
0.1847 453
0.1848 462
0.1849 472
0.185 484
0.1851 487
0.1852 480
0.1853 470
0.1854 439
0.1855 421
0.1856 408
0.1857 399
0.1858 403
0.1859 398
0.186 400
0.1861 408
0.1862 414
0.1863 421
0.1864 425
0.1865 423
0.1866 433
0.1867 453
0.1868 451
0.1869 450
0.187 458
0.1871 469
0.1872 482
0.1873 488
0.1874 484
0.1875 480
0.1876 475
0.1877 476
0.1878 485
0.1879 490
0.188 495
0.1881 497
0.1882 495
0.1883 495
0.1884 501
0.1885 492
0.1886 492
0.1887 489
0.1888 487
0.1889 476
0.189 468
0.1891 467
0.1892 461
0.1893 464
0.1894 460
0.1895 462
0.1896 465
0.1897 467
0.1898 471
0.1899 469
0.19 472
0.1901 476
0.1902 476
0.1903 473
0.1904 465
0.1905 455
0.1906 427
0.1907 396
0.1908 361
0.1909 324
0.191 316
0.1911 297
0.1912 283
0.1913 274
0.1914 262
0.1915 264
0.1916 258
0.1917 236
0.1918 211
0.1919 186
0.192 163
0.1921 144
0.1922 123
0.1923 100
0.1924 89
0.1925 64
0.1926 51
0.1927 48
0.1928 44
0.1929 30
0.193 22
0.1931 25
0.1932 23
0.1933 20
0.1934 23
0.1935 23
0.1936 13
0.1937 17
0.1938 18
0.1939 18
0.194 23
0.1941 18
0.1942 11
0.1943 14
0.1944 13
0.1945 19
0.1946 24
0.1947 21
0.1948 19
0.1949 23
0.195 11
0.1951 22
0.1952 23
0.1953 14
0.1954 19
0.1955 19
0.1956 22
0.1957 29
0.1958 19
0.1959 18
0.196 15
0.1961 14
0.1962 20
0.1963 10
0.1964 11
0.1965 10
0.1966 11
0.1967 9
0.1968 12
0.1969 13
0.197 12
0.1971 10
0.1972 9
0.1973 6
0.1974 10
0.1975 5
0.1976 8
0.1977 11
0.1978 9
0.1979 5
0.198 6
0.1981 9
0.1982 9
0.1983 8
0.1984 14
0.1985 6
0.1986 6
0.1987 11
0.1988 14
0.1989 6
0.199 6
0.1991 7
0.1992 7
0.1993 7
0.1994 4
0.1995 6
0.1996 7
0.1997 9
0.1998 6
0.1999 13
0.2 9
0.2001 4
0.2002 5
0.2003 9
0.2004 2
0.2005 7
0.2006 4
0.2007 3
0.2008 2
0.2009 8
0.201 8
0.2011 9
0.2012 5
0.2013 10
0.2014 4
0.2015 5
0.2016 3
0.2017 8
0.2018 4
0.2019 5
0.202 7
0.2021 8
0.2022 4
0.2023 10
0.2024 3
0.2025 3
0.2026 3
0.2027 6
0.2028 8
0.2029 9
0.203 3
0.2031 4
0.2032 6
0.2033 6
0.2034 5
0.2035 5
0.2036 7
0.2037 5
0.2038 5
0.2039 5
0.204 5
0.2041 6
0.2042 10
0.2043 6
0.2044 6
0.2045 2
0.2046 5
0.2047 6
0.2048 7
0.2049 5
0.205 5
0.2051 4
0.2052 8
0.2053 6
0.2054 6
0.2055 4
0.2056 6
0.2057 6
0.2058 5
0.2059 5
0.206 6
0.2061 5
0.2062 2
0.2063 6
0.2064 10
0.2065 14
0.2066 7
0.2067 6
0.2068 10
0.2069 6
0.207 7
0.2071 5
0.2072 6
0.2073 6
0.2074 11
0.2075 6
0.2076 12
0.2077 11
0.2078 14
0.2079 11
0.208 12
0.2081 16
0.2082 16
0.2083 10
0.2084 12
0.2085 14
0.2086 11
0.2087 17
0.2088 14
0.2089 17
0.209 11
0.2091 10
0.2092 18
0.2093 10
0.2094 10
0.2095 17
0.2096 19
0.2097 14
0.2098 17
0.2099 11
0.21 21
0.2101 13
0.2102 21
0.2103 14
0.2104 14
0.2105 15
0.2106 13
0.2107 8
0.2108 17
0.2109 19
0.211 19
0.2111 15
0.2112 16
0.2113 16
0.2114 14
0.2115 14
0.2116 13
0.2117 17
0.2118 20
0.2119 25
0.212 11
0.2121 20
0.2122 11
0.2123 28
0.2124 19
0.2125 17
0.2126 18
0.2127 14
0.2128 24
0.2129 22
0.213 25
0.2131 18
0.2132 21
0.2133 21
0.2134 18
0.2135 26
0.2136 29
0.2137 24
0.2138 28
0.2139 34
0.214 30
0.2141 30
0.2142 33
0.2143 37
0.2144 29
0.2145 36
0.2146 40
0.2147 46
0.2148 45
0.2149 49
0.215 62
0.2151 54
0.2152 53
0.2153 53
0.2154 53
0.2155 54
0.2156 63
0.2157 58
0.2158 62
0.2159 66
0.216 62
0.2161 62
0.2162 72
0.2163 83
0.2164 99
0.2165 86
0.2166 100
0.2167 99
0.2168 110
0.2169 142
0.217 149
0.2171 149
0.2172 181
0.2173 211
0.2174 252
0.2175 284
0.2176 315
0.2177 348
0.2178 371
0.2179 396
0.218 433
0.2181 462
0.2182 505
0.2183 533
0.2184 570
0.2185 588
0.2186 594
0.2187 603
0.2188 606
0.2189 616
0.219 648
0.2191 665
0.2192 682
0.2193 697
0.2194 700
0.2195 713
0.2196 707
0.2197 705
0.2198 723
0.2199 734
0.22 740
0.2201 749
0.2202 774
0.2203 786
0.2204 803
0.2205 820
0.2206 842
0.2207 859
0.2208 890
0.2209 911
0.221 924
0.2211 944
0.2212 963
0.2213 976
0.2214 996
0.2215 1013
0.2216 1028
0.2217 1048
0.2218 1080
0.2219 1098
0.222 1122
0.2221 1151
0.2222 1160
0.2223 1169
0.2224 1186
0.2225 1194
0.2226 1209
0.2227 1222
0.2228 1221
0.2229 1232
0.223 1241
0.2231 1230
0.2232 1215
0.2233 1201
0.2234 1204
0.2235 1210
0.2236 1223
0.2237 1227
0.2238 1242
0.2239 1248
0.224 1255
0.2241 1264
0.2242 1276
0.2243 1289
0.2244 1293
0.2245 1288
0.2246 1295
0.2247 1310
0.2248 1316
0.2249 1321
0.225 1324
0.2251 1335
0.2252 1328
0.2253 1343
0.2254 1340
0.2255 1351
0.2256 1354
0.2257 1362
0.2258 1368
0.2259 1373
0.226 1375
0.2261 1383
0.2262 1385
0.2263 1390
0.2264 1393
0.2265 1401
0.2266 1404
0.2267 1405
0.2268 1405
0.2269 1410
0.227 1408
0.2271 1407
0.2272 1395
0.2273 1396
0.2274 1392
0.2275 1393
0.2276 1386
0.2277 1383
0.2278 1375
0.2279 1368
0.228 1363
0.2281 1354
0.2282 1351
0.2283 1353
0.2284 1354
0.2285 1349
0.2286 1345
0.2287 1348
0.2288 1334
0.2289 1323
0.229 1329
0.2291 1326
0.2292 1317
0.2293 1318
0.2294 1322
0.2295 1322
0.2296 1312
0.2297 1299
0.2298 1294
0.2299 1299
0.23 1292
0.2301 1281
0.2302 1281
0.2303 1275
0.2304 1273
0.2305 1273
0.2306 1274
0.2307 1275
0.2308 1275
0.2309 1276
0.231 1277
0.2311 1267
0.2312 1266
0.2313 1271
0.2314 1275
0.2315 1272
0.2316 1270
0.2317 1260
0.2318 1252
0.2319 1249
0.232 1246
0.2321 1246
0.2322 1235
0.2323 1227
0.2324 1221
0.2325 1220
0.2326 1219
0.2327 1205
0.2328 1192
0.2329 1174
0.233 1173
0.2331 1163
0.2332 1159
0.2333 1148
0.2334 1149
0.2335 1141
0.2336 1133
0.2337 1125
0.2338 1124
0.2339 1121
0.234 1118
0.2341 1109
0.2342 1106
0.2343 1096
0.2344 1086
0.2345 1076
0.2346 1074
0.2347 1073
0.2348 1074
0.2349 1071
0.235 1059
0.2351 1047
0.2352 1052
0.2353 1047
0.2354 1044
0.2355 1034
0.2356 1035
0.2357 1027
0.2358 1028
0.2359 1028
0.236 1028
0.2361 1019
0.2362 1005
0.2363 1005
0.2364 1008
0.2365 1002
0.2366 1000
0.2367 1000
0.2368 999
0.2369 998
0.237 996
0.2371 990
0.2372 987
0.2373 984
0.2374 976
0.2375 963
0.2376 950
0.2377 943
0.2378 939
0.2379 932
0.238 928
0.2381 928
0.2382 925
0.2383 926
0.2384 919
0.2385 912
0.2386 916
0.2387 917
0.2388 920
0.2389 921
0.239 910
0.2391 889
0.2392 875
0.2393 872
0.2394 852
0.2395 831
0.2396 805
0.2397 797
0.2398 785
0.2399 781
0.24 781
0.2401 765
0.2402 762
0.2403 749
0.2404 739
0.2405 734
0.2406 737
0.2407 738
0.2408 734
0.2409 738
0.241 735
0.2411 717
0.2412 693
0.2413 670
0.2414 641
0.2415 617
0.2416 582
0.2417 554
0.2418 522
0.2419 492
0.242 475
0.2421 459
0.2422 445
0.2423 423
0.2424 412
0.2425 388
0.2426 370
0.2427 342
0.2428 342
0.2429 327
0.243 320
0.2431 305
0.2432 307
0.2433 300
0.2434 293
0.2435 302
0.2436 311
0.2437 315
0.2438 321
0.2439 330
0.244 336
0.2441 347
0.2442 365
0.2443 380
0.2444 385
0.2445 393
0.2446 406
0.2447 418
0.2448 424
0.2449 422
0.245 419
0.2451 413
0.2452 387
0.2453 371
0.2454 348
0.2455 324
0.2456 301
0.2457 278
0.2458 259
0.2459 235
0.246 195
0.2461 162
0.2462 125
0.2463 117
0.2464 107
0.2465 105
0.2466 114
0.2467 115
0.2468 127
0.2469 131
0.247 144
0.2471 151
0.2472 161
0.2473 170
0.2474 180
0.2475 188
0.2476 200
0.2477 218
0.2478 235
0.2479 252
0.248 264
0.2481 277
0.2482 291
0.2483 311
0.2484 312
0.2485 317
0.2486 324
0.2487 335
0.2488 343
0.2489 352
0.249 363
0.2491 372
0.2492 384
0.2493 388
0.2494 379
0.2495 368
0.2496 354
0.2497 333
0.2498 310
0.2499 298
0.25 294
