0.0000 0.000000
0.0001 0.000000
0.0002 0.000000
0.0003 0.000000
0.0004 0.000000
0.0005 0.000000
0.0006 0.000000
0.0007 0.000000
0.0008 0.000000
0.0009 0.143223
0.0010 0.409839
0.0011 0.675029
0.0012 0.938801
0.0013 0.409707
0.0014 1.106854
0.0015 0.944168
0.0016 0.878781
0.0017 0.812488
0.0018 0.749976
0.0019 0.818971
0.0020 0.889982
0.0021 0.119491
0.0022 0.457153
0.0023 0.794348
0.0024 0.131504
0.0025 0.702553
0.0026 0.274146
0.0027 0.745797
0.0028 0.217438
0.0029 0.688000
0.0030 1.164404
0.0031 0.951186
0.0032 1.008432
0.0033 0.359826
0.0034 0.964727
0.0035 0.746902
0.0036 0.619958
0.0037 0.643976
0.0038 0.722621
0.0039 0.849651
0.0040 1.061208
0.0041 1.288783
0.0042 -0.364169
0.0043 0.984039
0.0044 0.451366
0.0045 1.238848
0.0046 1.122182
0.0047 0.143342
0.0048 1.295450
0.0049 1.446958
0.0050 0.717032
0.0051 0.125355
0.0052 0.626766
0.0053 0.310851
0.0054 1.348646
0.0055 0.622628
0.0056 0.065970
0.0057 -0.343746
0.0058 0.560763
0.0059 0.721544
0.0060 0.970394
0.0061 1.350670
0.0062 2.779473
0.0063 1.123917
0.0064 0.419360
0.0065 1.041648
0.0066 0.822510
0.0067 0.747856
0.0068 1.022360
0.0069 1.253116
0.0070 0.429336
0.0071 0.436763
0.0072 0.401233
0.0073 1.434379
0.0074 2.339895
0.0075 0.288136
0.0076 0.389015
0.0077 1.435384
0.0078 0.433205
0.0079 1.666118
0.0080 1.011155
0.0081 0.378869
0.0082 1.711793
0.0083 0.945618
0.0084 1.043597
0.0085 0.142018
0.0086 0.240310
0.0087 0.458533
0.0088 1.093377
0.0089 0.816483
0.0090 1.422163
0.0091 2.966800
0.0092 0.343859
0.0093 1.622787
0.0094 1.086576
0.0095 1.717358
0.0096 1.351138
0.0097 1.975851
0.0098 1.606888
0.0099 1.130076
0.0100 1.360383
0.0101 1.615997
0.0102 0.816667
0.0103 1.084219
0.0104 1.358356
0.0105 2.515536
0.0106 1.530168
0.0107 0.429189
0.0108 0.287499
0.0109 0.251832
0.0110 2.275346
0.0111 0.331650
0.0112 1.410480
0.0113 1.470640
0.0114 1.575934
0.0115 0.573496
0.0116 2.576254
0.0117 0.661266
0.0118 0.029170
0.0119 2.575228
0.0120 0.541372
0.0121 2.358721
0.0122 0.373852
0.0123 1.395397
0.0124 2.441203
0.0125 2.478907
0.0126 2.512126
0.0127 0.168337
0.0128 2.589665
0.0129 1.787833
0.0130 2.658837
0.0131 2.145226
0.0132 0.597932
0.0133 1.985588
0.0134 -0.544051
0.0135 4.078995
0.0136 1.909168
0.0137 3.613148
0.0138 2.301647
0.0139 1.300849
0.0140 0.457717
0.0141 3.545062
0.0142 1.507135
0.0143 0.756610
0.0144 0.290975
0.0145 2.980489
0.0146 1.449301
0.0147 2.451898
0.0148 3.683965
0.0149 3.238414
0.0150 1.001153
0.0151 4.006995
0.0152 2.202340
0.0153 1.494067
0.0154 2.531602
0.0155 1.589218
0.0156 1.861240
0.0157 4.334112
0.0158 1.069109
0.0159 3.905427
0.0160 0.740541
0.0161 3.731546
0.0162 1.742702
0.0163 2.870661
0.0164 1.110436
0.0165 1.594306
0.0166 -0.303859
0.0167 2.216460
0.0168 1.759002
0.0169 3.249386
0.0170 1.860221
0.0171 2.730766
0.0172 1.734935
0.0173 4.847183
0.0174 2.843362
0.0175 0.685431
0.0176 0.512862
0.0177 2.295465
0.0178 1.918457
0.0179 0.395291
0.0180 2.837478
0.0181 0.440115
0.0182 2.065421
0.0183 0.932665
0.0184 3.865795
0.0185 3.582273
0.0186 0.247322
0.0187 0.680735
0.0188 8.122031
0.0189 3.384726
0.0190 3.425363
0.0191 1.400080
0.0192 1.335272
0.0193 4.040790
0.0194 1.827475
0.0195 4.760559
0.0196 4.705637
0.0197 4.649235
0.0198 1.434145
0.0199 3.377201
0.0200 2.483688
0.0201 3.506553
0.0202 1.408787
0.0203 2.316936
0.0204 3.385428
0.0205 5.463553
0.0206 1.366468
0.0207 5.035361
0.0208 3.603921
0.0209 7.059926
0.0210 3.555047
0.0211 2.057146
0.0212 0.553372
0.0213 1.080647
0.0214 3.592743
0.0215 4.046715
0.0216 1.646178
0.0217 2.472477
0.0218 4.386213
0.0219 4.419139
0.0220 5.518824
0.0221 3.905327
0.0222 6.245135
0.0223 1.617461
0.0224 5.153283
0.0225 3.734678
0.0226 3.287709
0.0227 4.901114
0.0228 5.900598
0.0229 7.109460
0.0230 3.089449
0.0231 1.942029
0.0232 7.669176
0.0233 8.311038
0.0234 8.899642
0.0235 8.350558
0.0236 9.620144
0.0237 3.876645
0.0238 7.987431
0.0239 3.147122
0.0240 5.029597
0.0241 6.783028
0.0242 9.509823
0.0243 7.243052
0.0244 6.106444
0.0245 5.172315
0.0246 10.569811
0.0247 9.117260
0.0248 6.491012
0.0249 6.769655
0.0250 8.127935
0.0251 8.335048
0.0252 15.514881
0.0253 13.665288
0.0254 14.848440
0.0255 14.086230
0.0256 12.878787
0.0257 12.785503
0.0258 21.740110
0.0259 12.888691
0.0260 24.038801
0.0261 22.013392
0.0262 22.913557
0.0263 21.790828
0.0264 16.671578
0.0265 22.340933
0.0266 28.773479
0.0267 32.168702
0.0268 49.253912
0.0269 58.074322
0.0270 72.750347
0.0271 77.612727
0.0272 75.682368
0.0273 78.181505
0.0274 108.156446
0.0275 130.979023
0.0276 160.450064
0.0277 200.518008
0.0278 230.374910
0.0279 272.762687
0.0280 328.811199
0.0281 388.472938
0.0282 429.793805
0.0283 473.770558
0.0284 522.309603
0.0285 564.492319
0.0286 602.438553
0.0287 635.967945
0.0288 671.317261
0.0289 699.433537
0.0290 743.180371
0.0291 777.519096
0.0292 826.593538
0.0293 863.374798
0.0294 903.951869
0.0295 937.332112
0.0296 968.424314
0.0297 1014.292365
0.0298 1044.949044
0.0299 1074.363401
0.0300 1098.581417
0.0301 1124.343820
0.0302 1126.932554
0.0303 1134.509113
0.0304 1141.055721
0.0305 1152.552531
0.0306 1175.842023
0.0307 1193.783819
0.0308 1220.549251
0.0309 1244.181556
0.0310 1265.687172
0.0311 1278.108521
0.0312 1297.385579
0.0313 1310.496760
0.0314 1319.246757
0.0315 1326.591275
0.0316 1348.861661
0.0317 1356.887095
0.0318 1382.723831
0.0319 1397.429936
0.0320 1409.069810
0.0321 1417.662124
0.0322 1420.216368
0.0323 1426.763657
0.0324 1436.258186
0.0325 1453.663567
0.0326 1468.988385
0.0327 1479.238184
0.0328 1490.449007
0.0329 1508.451267
0.0330 1522.232734
0.0331 1531.956339
0.0332 1536.592647
0.0333 1543.005960
0.0334 1542.374593
0.0335 1551.713082
0.0336 1556.966372
0.0337 1558.109889
0.0338 1561.190708
0.0339 1562.181176
0.0340 1567.149716
0.0341 1562.963840
0.0342 1562.664159
0.0343 1574.260377
0.0344 1557.818238
0.0345 1564.414158
0.0346 1571.952581
0.0347 1571.364041
0.0348 1577.755681
0.0349 1585.097248
0.0350 1601.264053
0.0351 1611.342208
0.0352 1619.281570
0.0353 1625.137565
0.0354 1626.712567
0.0355 1633.121791
0.0356 1629.400606
0.0357 1634.427731
0.0358 1642.267533
0.0359 1638.087637
0.0360 1641.918362
0.0361 1641.664866
0.0362 1647.128799
0.0363 1643.530063
0.0364 1638.942560
0.0365 1639.370482
0.0366 1644.790547
0.0367 1642.187371
0.0368 1638.602397
0.0369 1645.004481
0.0370 1636.431882
0.0371 1621.904095
0.0372 1620.430438
0.0373 1612.967999
0.0374 1613.543532
0.0375 1615.052968
0.0376 1616.473855
0.0377 1609.907274
0.0378 1607.360530
0.0379 1614.705671
0.0380 1612.904361
0.0381 1613.072243
0.0382 1598.274484
0.0383 1569.585806
0.0384 1514.136578
0.0385 1488.905483
0.0386 1469.804510
0.0387 1460.765185
0.0388 1456.762823
0.0389 1459.741054
0.0390 1468.575435
0.0391 1474.359917
0.0392 1477.112189
0.0393 1469.893108
0.0394 1473.691268
0.0395 1475.464672
0.0396 1471.186555
0.0397 1475.838414
0.0398 1470.487289
0.0399 1473.129643
0.0400 1470.778902
0.0401 1464.462830
0.0402 1461.091455
0.0403 1458.673057
0.0404 1446.297130
0.0405 1448.953660
0.0406 1439.624765
0.0407 1437.325790
0.0408 1431.045883
0.0409 1421.811172
0.0410 1389.682247
0.0411 1372.694093
0.0412 1366.767968
0.0413 1354.869324
0.0414 1343.061738
0.0415 1340.278208
0.0416 1341.504283
0.0417 1345.711671
0.0418 1344.910252
0.0419 1340.120214
0.0420 1341.341929
0.0421 1342.555801
0.0422 1349.748674
0.0423 1346.926738
0.0424 1331.154351
0.0425 1308.486431
0.0426 1287.933645
0.0427 1259.518976
0.0428 1253.195904
0.0429 1244.901380
0.0430 1233.676030
0.0431 1228.469319
0.0432 1217.215005
0.0433 1215.909574
0.0434 1215.542336
0.0435 1211.160779
0.0436 1209.671158
0.0437 1209.191318
0.0438 1205.735046
0.0439 1208.268548
0.0440 1217.632636
0.0441 1230.801973
0.0442 1230.950307
0.0443 1234.086073
0.0444 1232.167062
0.0445 1234.165290
0.0446 1228.073063
0.0447 1223.984023
0.0448 1225.884670
0.0449 1222.793957
0.0450 1210.746760
0.0451 1205.753610
0.0452 1206.707999
0.0453 1209.573482
0.0454 1205.449538
0.0455 1192.365278
0.0456 1191.188442
0.0457 1190.017648
0.0458 1193.842417
0.0459 1186.661860
0.0460 1185.510704
0.0461 1185.360727
0.0462 1186.203028
0.0463 1185.046794
0.0464 1189.891569
0.0465 1188.726345
0.0466 1185.562976
0.0467 1186.411219
0.0468 1172.288901
0.0469 1168.226834
0.0470 1167.173787
0.0471 1167.130562
0.0472 1158.109005
0.0473 1156.106217
0.0474 1157.102313
0.0475 1156.096074
0.0476 1154.109259
0.0477 1145.039552
0.0478 1140.979776
0.0479 1139.853634
0.0480 1140.675462
0.0481 1143.480291
0.0482 1142.290218
0.0483 1147.103100
0.0484 1137.915142
0.0485 1135.756163
0.0486 1133.600877
0.0487 1120.349683
0.0488 1115.156892
0.0489 1095.026568
0.0490 1067.038649
0.0491 1045.185804
0.0492 1025.371118
0.0493 1002.601578
0.0494 985.940125
0.0495 976.336414
0.0496 969.787278
0.0497 962.287663
0.0498 957.823049
0.0499 952.374685
0.0500 946.953399
0.0501 951.522214
0.0502 949.092599
0.0503 951.673201
0.0504 954.227355
0.0505 952.780028
0.0506 954.326219
0.0507 949.869632
0.0508 950.316779
0.0509 951.760978
0.0510 958.184019
0.0511 961.571055
0.0512 964.942627
0.0513 974.288131
0.0514 981.580483
0.0515 975.865342
0.0516 963.190634
0.0517 966.553971
0.0518 961.916833
0.0519 959.289623
0.0520 952.696701
0.0521 950.131034
0.0522 946.578794
0.0523 941.052992
0.0524 934.558458
0.0525 930.097229
0.0526 933.566670
0.0527 926.960238
0.0528 927.390778
0.0529 922.831405
0.0530 915.309831
0.0531 902.830665
0.0532 879.458829
0.0533 868.176299
0.0534 862.931556
0.0535 864.706688
0.0536 856.495212
0.0537 852.256157
0.0538 850.955765
0.0539 843.678114
0.0540 839.438396
0.0541 836.198631
0.0542 831.986624
0.0543 831.797512
0.0544 839.591635
0.0545 836.365573
0.0546 836.143468
0.0547 828.952173
0.0548 832.763233
0.0549 832.568793
0.0550 832.380844
0.0551 838.170114
0.0552 836.952080
0.0553 834.738741
0.0554 828.540534
0.0555 822.307848
0.0556 807.076997
0.0557 795.906065
0.0558 791.787899
0.0559 787.690444
0.0560 783.617552
0.0561 781.563434
0.0562 775.530747
0.0563 767.528908
0.0564 758.561011
0.0565 751.643045
0.0566 744.766691
0.0567 746.901535
0.0568 742.044945
0.0569 736.206042
0.0570 734.409810
0.0571 734.598463
0.0572 736.781181
0.0573 738.955219
0.0574 734.140756
0.0575 725.358679
0.0576 708.641138
0.0577 700.989451
0.0578 701.371804
0.0579 700.745636
0.0580 703.106448
0.0581 702.471297
0.0582 711.810568
0.0583 702.153674
0.0584 700.534768
0.0585 698.924016
0.0586 699.307030
0.0587 695.693973
0.0588 695.101406
0.0589 698.494480
0.0590 702.869242
0.0591 705.220301
0.0592 711.561050
0.0593 712.877743
0.0594 710.198954
0.0595 705.544313
0.0596 702.902172
0.0597 703.260862
0.0598 691.647540
0.0599 690.072953
0.0600 686.521437
0.0601 679.003470
0.0602 675.500752
0.0603 680.996123
0.0604 676.487032
0.0605 673.989108
0.0606 670.519861
0.0607 672.070145
0.0608 672.599200
0.0609 676.123784
0.0610 675.635286
0.0611 677.144393
0.0612 676.652649
0.0613 673.164855
0.0614 672.690434
0.0615 669.230324
0.0616 669.774674
0.0617 665.326281
0.0618 657.910002
0.0619 658.509249
0.0620 648.146617
0.0621 642.818911
0.0622 642.495112
0.0623 633.207697
0.0624 617.991238
0.0625 589.884023
0.0626 567.931241
0.0627 551.053305
0.0628 532.283710
0.0629 525.584490
0.0630 517.925713
0.0631 517.291907
0.0632 518.649304
0.0633 519.006280
0.0634 514.368395
0.0635 507.765561
0.0636 506.182943
0.0637 508.593753
0.0638 506.999251
0.0639 504.421758
0.0640 505.836990
0.0641 510.256115
0.0642 513.650169
0.0643 518.013258
0.0644 517.372573
0.0645 515.736201
0.0646 518.106187
0.0647 513.470231
0.0648 501.885971
0.0649 495.350906
0.0650 487.849715
0.0651 475.401107
0.0652 469.007293
0.0653 472.619679
0.0654 465.234891
0.0655 463.880858
0.0656 463.517890
0.0657 461.171629
0.0658 460.839964
0.0659 438.560937
0.0660 416.402109
0.0661 399.336986
0.0662 370.406325
0.0663 346.616440
0.0664 320.966291
0.0665 302.446831
0.0666 296.976278
0.0667 284.547922
0.0668 279.197491
0.0669 279.823715
0.0670 279.467079
0.0671 278.115819
0.0672 274.776214
0.0673 276.429399
0.0674 277.077755
0.0675 284.711320
0.0676 294.297508
0.0677 297.845518
0.0678 304.353399
0.0679 310.834984
0.0680 315.290036
0.0681 321.719794
0.0682 326.111080
0.0683 334.471941
0.0684 335.811139
0.0685 338.141225
0.0686 347.434628
0.0687 354.681467
0.0688 358.898891
0.0689 363.084780
0.0690 361.283138
0.0691 366.454372
0.0692 367.616679
0.0693 373.771152
0.0694 370.901988
0.0695 371.037072
0.0696 372.181293
0.0697 376.307646
0.0698 387.390577
0.0699 395.417640
0.0700 399.420429
0.0701 399.409878
0.0702 395.411792
0.0703 399.413386
0.0704 397.417708
0.0705 393.431721
0.0706 389.473011
0.0707 388.522872
0.0708 390.569533
0.0709 398.587620
0.0710 394.592919
0.0711 395.598526
0.0712 397.601132
0.0713 398.607902
0.0714 396.609818
0.0715 397.600439
0.0716 403.588884
0.0717 394.581801
0.0718 381.634930
0.0719 348.812639
0.0720 325.138503
0.0721 294.605191
0.0722 260.261440
0.0723 223.100168
0.0724 203.084582
0.0725 188.160648
0.0726 180.292040
0.0727 178.466579
0.0728 169.671766
0.0729 170.903680
0.0730 177.112808
0.0731 179.300298
0.0732 176.483415
0.0733 186.647908
0.0734 188.787002
0.0735 197.886347
0.0736 197.960449
0.0737 204.015265
0.0738 212.031225
0.0739 216.015259
0.0740 216.990916
0.0741 227.926707
0.0742 232.823198
0.0743 231.717578
0.0744 207.663985
0.0745 195.725096
0.0746 192.818948
0.0747 197.907224
0.0748 191.995484
0.0749 197.089738
0.0750 204.151126
0.0751 202.197637
0.0752 210.227056
0.0753 219.213317
0.0754 224.147532
0.0755 223.087375
0.0756 236.984502
0.0757 243.826002
0.0758 243.651389
0.0759 247.470002
0.0760 247.291511
0.0761 245.100401
0.0762 240.935266
0.0763 235.791232
0.0764 238.657216
0.0765 236.522600
0.0766 232.407536
0.0767 233.298979
0.0768 235.182579
0.0769 238.050461
0.0770 245.889462
0.0771 246.699450
0.0772 250.503845
0.0773 251.293495
0.0774 252.081669
0.0775 258.843513
0.0776 265.586810
0.0777 268.293948
0.0778 274.977875
0.0779 276.621131
0.0780 281.261339
0.0781 276.892985
0.0782 276.548116
0.0783 270.221021
0.0784 264.915459
0.0785 266.611275
0.0786 276.286470
0.0787 280.924597
0.0788 280.555925
0.0789 281.181092
0.0790 270.839345
0.0791 247.563114
0.0792 232.390874
0.0793 199.364844
0.0794 165.528849
0.0795 141.843849
0.0796 120.263852
0.0797 108.791451
0.0798 95.364137
0.0799 105.962107
0.0800 103.537044
0.0801 106.106118
0.0802 108.655325
0.0803 111.198221
0.0804 122.711140
0.0805 129.167798
0.0806 129.605850
0.0807 139.019409
0.0808 141.413363
0.0809 146.784556
0.0810 150.126008
0.0811 149.477037
0.0812 150.811181
0.0813 151.134124
0.0814 158.443010
0.0815 168.703868
0.0816 170.944610
0.0817 176.147649
0.0818 182.317691
0.0819 182.466672
0.0820 191.604011
0.0821 191.717830
0.0822 189.839442
0.0823 188.962190
0.0824 183.091537
0.0825 182.243683
0.0826 175.411341
0.0827 176.601595
0.0828 176.790058
0.0829 174.973488
0.0830 156.207950
0.0831 144.531911
0.0832 142.025978
0.0833 132.559622
0.0834 117.151180
0.0835 102.831605
0.0836 97.569232
0.0837 98.319849
0.0838 97.063166
0.0839 83.851116
0.0840 76.679923
0.0841 77.525902
0.0842 77.379126
0.0843 77.247232
0.0844 81.089187
0.0845 82.917099
0.0846 84.733636
0.0847 87.548637
0.0848 102.310157
0.0849 107.033748
0.0850 108.712097
0.0851 112.388062
0.0852 119.031343
0.0853 117.674754
0.0854 121.294632
0.0855 126.895104
0.0856 129.468380
0.0857 127.054361
0.0858 134.620193
0.0859 143.141804
0.0860 153.625614
0.0861 161.056251
0.0862 160.462841
0.0863 170.847470
0.0864 178.172245
0.0865 187.464528
0.0866 194.714129
0.0867 198.924702
0.0868 205.115565
0.0869 201.311685
0.0870 203.502225
0.0871 195.733235
0.0872 187.963021
0.0873 184.227980
0.0874 182.420909
0.0875 186.561501
0.0876 189.604541
0.0877 189.582479
0.0878 196.552920
0.0879 195.494550
0.0880 198.441698
0.0881 194.385745
0.0882 173.372146
0.0883 153.498648
0.0884 128.741065
0.0885 96.133049
0.0886 53.730315
0.0887 44.458635
0.0888 22.284947
0.0889 20.178049
0.0890 17.071389
0.0891 17.986343
0.0892 11.927896
0.0893 12.171487
0.0894 15.712232
0.0895 18.475563
0.0896 14.577741
0.0897 9.850935
0.0898 10.268884
0.0899 10.816096
0.0900 5.477410
0.0901 7.254132
0.0902 5.104855
0.0903 5.825029
0.0904 5.607961
0.0905 5.587218
0.0906 3.577772
0.0907 3.616544
0.0908 3.744685
0.0909 4.864243
0.0910 3.054376
0.0911 3.406520
0.0912 2.808141
0.0913 1.260664
0.0914 1.992594
0.0915 3.796062
0.0916 1.721706
0.0917 0.731228
0.0918 4.802124
0.0919 0.871017
0.0920 0.168722
0.0921 3.493171
0.0922 0.698032
0.0923 1.144394
0.0924 0.890473
0.0925 0.797940
0.0926 1.811063
0.0927 0.850976
0.0928 2.965060
0.0929 3.193955
0.0930 4.660643
0.0931 4.204774
0.0932 0.747362
0.0933 1.341141
0.0934 1.844996
0.0935 3.488138
0.0936 2.152246
0.0937 0.586269
0.0938 0.875568
0.0939 1.921100
0.0940 1.202757
0.0941 0.753491
0.0942 3.260074
0.0943 2.626970
0.0944 2.767431
0.0945 1.856335
0.0946 1.770204
0.0947 0.783566
0.0948 2.926423
0.0949 4.077535
0.0950 1.180437
0.0951 0.570714
0.0952 2.691320
0.0953 2.759489
0.0954 1.042575
0.0955 1.461194
0.0956 2.135061
0.0957 2.800812
0.0958 0.397317
0.0959 1.026794
0.0960 0.738599
0.0961 2.411381
0.0962 2.060690
0.0963 1.969344
0.0964 3.869077
0.0965 2.493215
0.0966 4.103454
0.0967 2.685101
0.0968 2.447695
0.0969 2.215317
0.0970 2.014100
0.0971 0.628932
0.0972 2.294860
0.0973 3.083455
0.0974 2.857081
0.0975 3.685712
0.0976 0.562726
0.0977 2.624919
0.0978 1.728927
0.0979 3.876272
0.0980 0.170309
0.0981 1.676195
0.0982 3.345972
0.0983 0.857169
0.0984 2.259217
0.0985 2.502165
0.0986 2.078545
0.0987 3.646841
0.0988 1.187913
0.0989 1.935312
0.0990 0.741744
0.0991 4.655290
0.0992 0.674644
0.0993 1.743834
0.0994 0.770415
0.0995 0.806477
0.0996 0.974265
0.0997 3.148660
0.0998 2.651572
0.0999 2.203896
0.1000 4.754624
0.1001 1.435237
0.1002 -0.583011
0.1003 1.528261
0.1004 1.644974
0.1005 1.918301
0.1006 2.451286
0.1007 2.192131
0.1008 2.062911
0.1009 4.075714
0.1010 1.102404
0.1011 3.199012
0.1012 0.273308
0.1013 2.497504
0.1014 2.730148
0.1015 0.837748
0.1016 4.989143
0.1017 3.349413
0.1018 0.782313
0.1019 2.305019
0.1020 2.805562
0.1021 1.370325
0.1022 1.948039
0.1023 2.425164
0.1024 5.856319
0.1025 4.297550
0.1026 2.635273
0.1027 2.068008
0.1028 2.495131
0.1029 1.927537
0.1030 6.652743
0.1031 2.228645
0.1032 1.670389
0.1033 2.167267
0.1034 2.820494
0.1035 3.398980
0.1036 4.026321
0.1037 1.932620
0.1038 5.811208
0.1039 1.277588
0.1040 3.906575
0.1041 3.606009
0.1042 1.362347
0.1043 4.060596
0.1044 2.889962
0.1045 7.733072
0.1046 1.823040
0.1047 1.826545
0.1048 1.729529
0.1049 3.582418
0.1050 6.485656
0.1051 2.174909
0.1052 6.003408
0.1053 3.924538
0.1054 2.884179
0.1055 5.829456
0.1056 4.743506
0.1057 3.610330
0.1058 2.674869
0.1059 4.869802
0.1060 6.122925
0.1061 8.555441
0.1062 1.208721
0.1063 5.698344
0.1064 2.119395
0.1065 2.596082
0.1066 3.057043
0.1067 5.490744
0.1068 2.882693
0.1069 2.526223
0.1070 4.540435
0.1071 5.834172
0.1072 6.123255
0.1073 4.408109
0.1074 4.568492
0.1075 3.799551
0.1076 5.120272
0.1077 5.109088
0.1078 7.921309
0.1079 10.609746
0.1080 4.418550
0.1081 5.189172
0.1082 6.048237
0.1083 7.995784
0.1084 6.033508
0.1085 10.072569
0.1086 7.334527
0.1087 6.435613
0.1088 7.546146
0.1089 13.064689
0.1090 8.768970
0.1091 14.355355
0.1092 7.685217
0.1093 5.909438
0.1094 5.054655
0.1095 13.187812
0.1096 12.326243
0.1097 9.711130
0.1098 11.150199
0.1099 14.519179
0.1100 16.869063
0.1101 17.825446
0.1102 12.627821
0.1103 13.339472
0.1104 19.034901
0.1105 15.513947
0.1106 12.944744
0.1107 21.444321
0.1108 19.014026
0.1109 21.556000
0.1110 24.102910
0.1111 28.381624
0.1112 36.286729
0.1113 27.111547
0.1114 46.642327
0.1115 44.052826
0.1116 62.195973
0.1117 71.186014
0.1118 81.034638
0.1119 90.558587
0.1120 124.792772
0.1121 142.779560
0.1122 162.605731
0.1123 201.280445
0.1124 240.729255
0.1125 296.753661
0.1126 335.449503
0.1127 374.895227
0.1128 421.916456
0.1129 451.691535
0.1130 491.216760
0.1131 541.255967
0.1132 578.953990
0.1133 614.457131
0.1134 647.766752
0.1135 689.857685
0.1136 706.613332
0.1137 741.088043
0.1138 758.366564
0.1139 757.584593
0.1140 775.775369
0.1141 805.821800
0.1142 834.365241
0.1143 846.528369
0.1144 873.408691
0.1145 908.056566
0.1146 932.367989
0.1147 950.509497
0.1148 973.450546
0.1149 994.206685
0.1150 1006.814629
0.1151 1027.306457
0.1152 1033.747843
0.1153 1063.079886
0.1154 1094.172487
0.1155 1115.034999
0.1156 1128.684609
0.1157 1138.165000
0.1158 1171.468996
0.1159 1192.554095
0.1160 1215.509379
0.1161 1219.412346
0.1162 1234.256283
0.1163 1237.045408
0.1164 1246.802280
0.1165 1258.444874
0.1166 1265.725792
0.1167 1278.916420
0.1168 1283.848127
0.1169 1297.555151
0.1170 1317.163172
0.1171 1329.613299
0.1172 1336.949777
0.1173 1351.228261
0.1174 1359.445989
0.1175 1363.507867
0.1176 1374.519554
0.1177 1391.450976
0.1178 1403.137092
0.1179 1411.674076
0.1180 1420.153570
0.1181 1433.390579
0.1182 1449.359458
0.1183 1458.237732
0.1184 1462.964034
0.1185 1472.571500
0.1186 1487.037957
0.1187 1494.236617
0.1188 1498.371361
0.1189 1502.465081
0.1190 1506.414673
0.1191 1507.346082
0.1192 1507.278634
0.1193 1511.204159
0.1194 1518.076717
0.1195 1517.922645
0.1196 1519.660718
0.1197 1509.412017
0.1198 1507.217033
0.1199 1506.019668
0.1200 1509.807143
0.1201 1504.588127
0.1202 1506.392938
0.1203 1502.180005
0.1204 1501.868097
0.1205 1503.552961
0.1206 1503.181776
0.1207 1505.725973
0.1208 1506.256120
0.1209 1503.785683
0.1210 1498.333298
0.1211 1495.918783
0.1212 1498.504739
0.1213 1491.107180
0.1214 1487.721900
0.1215 1482.361443
0.1216 1473.048004
0.1217 1476.741040
0.1218 1483.398038
0.1219 1487.011279
0.1220 1488.513742
0.1221 1483.021725
0.1222 1482.551042
0.1223 1474.098082
0.1224 1473.669690
0.1225 1475.233185
0.1226 1478.788766
0.1227 1480.331168
0.1228 1480.862157
0.1229 1476.406198
0.1230 1476.826745
0.1231 1474.252712
0.1232 1471.636077
0.1233 1464.981026
0.1234 1469.316186
0.1235 1458.671891
0.1236 1449.088151
0.1237 1447.532329
0.1238 1438.007139
0.1239 1430.541226
0.1240 1423.089786
0.1241 1422.663576
0.1242 1416.257842
0.1243 1414.876989
0.1244 1412.505799
0.1245 1409.142853
0.1246 1401.812150
0.1247 1399.512352
0.1248 1393.224996
0.1249 1388.976204
0.1250 1386.628579
0.1251 1378.149878
0.1252 1360.755525
0.1253 1336.444286
0.1254 1319.262402
0.1255 1304.166856
0.1256 1288.152460
0.1257 1284.196192
0.1258 1277.265262
0.1259 1275.222960
0.1260 1276.187058
0.1261 1276.155680
0.1262 1269.138201
0.1263 1265.149573
0.1264 1263.063230
0.1265 1259.970802
0.1266 1251.900252
0.1267 1244.870684
0.1268 1245.853141
0.1269 1243.850269
0.1270 1238.864766
0.1271 1238.889408
0.1272 1239.909776
0.1273 1236.868086
0.1274 1231.789627
0.1275 1231.727967
0.1276 1228.668033
0.1277 1223.626338
0.1278 1215.619812
0.1279 1209.651985
0.1280 1204.708292
0.1281 1197.810561
0.1282 1181.964687
0.1283 1175.186146
0.1284 1171.430369
0.1285 1168.699166
0.1286 1168.963390
0.1287 1167.238991
0.1288 1162.527612
0.1289 1161.837225
0.1290 1157.160544
0.1291 1154.498622
0.1292 1153.852135
0.1293 1154.199767
0.1294 1151.551426
0.1295 1147.924367
0.1296 1144.314511
0.1297 1144.711834
0.1298 1146.105751
0.1299 1138.518064
0.1300 1138.945825
0.1301 1139.376305
0.1302 1130.829613
0.1303 1138.292892
0.1304 1134.744109
0.1305 1131.207146
0.1306 1127.689254
0.1307 1125.186456
0.1308 1122.697311
0.1309 1118.225650
0.1310 1117.765726
0.1311 1107.338056
0.1312 1094.969838
0.1313 1085.661598
0.1314 1069.423262
0.1315 1066.229488
0.1316 1064.053398
0.1317 1057.905961
0.1318 1054.785570
0.1319 1048.675233
0.1320 1047.590794
0.1321 1039.528408
0.1322 1036.496427
0.1323 1035.476183
0.1324 1016.509932
0.1325 989.677009
0.1326 976.936372
0.1327 963.281405
0.1328 953.670308
0.1329 937.143561
0.1330 930.669960
0.1331 926.167685
0.1332 930.600722
0.1333 924.032504
0.1334 922.482849
0.1335 920.935547
0.1336 915.411212
0.1337 912.906589
0.1338 914.416450
0.1339 913.925115
0.1340 909.443955
0.1341 893.002526
0.1342 881.641883
0.1343 871.346659
0.1344 862.103674
0.1345 852.917108
0.1346 818.834472
0.1347 776.962632
0.1348 744.271164
0.1349 714.756502
0.1350 706.215392
0.1351 687.758136
0.1352 681.344435
0.1353 669.993492
0.1354 662.691457
0.1355 656.429180
0.1356 655.174501
0.1357 647.939463
0.1358 650.733679
0.1359 655.504934
0.1360 651.274915
0.1361 652.048680
0.1362 652.807074
0.1363 646.581505
0.1364 649.371218
0.1365 650.155706
0.1366 650.799358
0.1367 647.441389
0.1368 645.107987
0.1369 642.781628
0.1370 639.493442
0.1371 642.187286
0.1372 637.901772
0.1373 633.631559
0.1374 644.340961
0.1375 651.993256
0.1376 656.612579
0.1377 661.216971
0.1378 667.791964
0.1379 670.338173
0.1380 678.859918
0.1381 672.368728
0.1382 674.888883
0.1383 677.400035
0.1384 670.909279
0.1385 669.442749
0.1386 669.986257
0.1387 665.539130
0.1388 672.081673
0.1389 674.602505
0.1390 675.120668
0.1391 676.624712
0.1392 668.158869
0.1393 666.721762
0.1394 671.271709
0.1395 680.775893
0.1396 674.275467
0.1397 668.806245
0.1398 663.369745
0.1399 652.979660
0.1400 644.626331
0.1401 639.327221
0.1402 632.050954
0.1403 627.810794
0.1404 619.615944
0.1405 608.458342
0.1406 600.355372
0.1407 592.292288
0.1408 584.273673
0.1409 577.291849
0.1410 572.346156
0.1411 568.418208
0.1412 559.534869
0.1413 558.673420
0.1414 566.797625
0.1415 559.908961
0.1416 554.055482
0.1417 549.242689
0.1418 543.454483
0.1419 541.677856
0.1420 534.936953
0.1421 542.089339
0.1422 533.203861
0.1423 534.352015
0.1424 532.498501
0.1425 530.643728
0.1426 522.807275
0.1427 513.053220
0.1428 506.334980
0.1429 496.641469
0.1430 496.975524
0.1431 493.324948
0.1432 495.666684
0.1433 502.989275
0.1434 502.299871
0.1435 510.576996
0.1436 516.822128
0.1437 515.054197
0.1438 513.280668
0.1439 507.552770
0.1440 512.826889
0.1441 512.082308
0.1442 511.336491
0.1443 514.591261
0.1444 513.837133
0.1445 507.093020
0.1446 501.509049
0.1447 495.968480
0.1448 498.437522
0.1449 495.901338
0.1450 491.387198
0.1451 487.890295
0.1452 485.401375
0.1453 487.920966
0.1454 486.441470
0.1455 490.959081
0.1456 488.467172
0.1457 483.995333
0.1458 484.522471
0.1459 468.106013
0.1460 442.783002
0.1461 417.614999
0.1462 402.560713
0.1463 382.588334
0.1464 365.722617
0.1465 348.936882
0.1466 328.249249
0.1467 316.654102
0.1468 309.112304
0.1469 289.646623
0.1470 283.250062
0.1471 287.845441
0.1472 291.417826
0.1473 294.969981
0.1474 291.530915
0.1475 297.076332
0.1476 297.622112
0.1477 296.166788
0.1478 297.706759
0.1479 294.261267
0.1480 291.815902
0.1481 304.354196
0.1482 310.844356
0.1483 303.330599
0.1484 313.818444
0.1485 315.275091
0.1486 316.728255
0.1487 324.152641
0.1488 324.550843
0.1489 331.925751
0.1490 330.285976
0.1491 330.646545
0.1492 333.992129
0.1493 326.355092
0.1494 321.753164
0.1495 323.156017
0.1496 329.544398
0.1497 332.900421
0.1498 335.251654
0.1499 337.578741
0.1500 343.869659
0.1501 346.145867
0.1502 342.444624
0.1503 342.751037
0.1504 344.037641
0.1505 347.319497
0.1506 346.586198
0.1507 347.858631
0.1508 348.095046
0.1509 353.212689
0.1510 357.316715
0.1511 359.405073
0.1512 358.480484
0.1513 360.556793
0.1514 358.617944
0.1515 356.709656
0.1516 362.782720
0.1517 364.836294
0.1518 360.890098
0.1519 359.958603
0.1520 361.019734
0.1521 357.088577
0.1522 353.193736
0.1523 353.299748
0.1524 358.390194
0.1525 353.475542
0.1526 354.583217
0.1527 355.680134
0.1528 351.780660
0.1529 343.913065
0.1530 345.068936
0.1531 345.226816
0.1532 340.384819
0.1533 340.556218
0.1534 340.726402
0.1535 346.873534
0.1536 349.009539
0.1537 349.143341
0.1538 350.265339
0.1539 349.388157
0.1540 346.521333
0.1541 343.673163
0.1542 319.883030
0.1543 283.243315
0.1544 258.782080
0.1545 239.453782
0.1546 229.210347
0.1547 223.994998
0.1548 210.836072
0.1549 209.701076
0.1550 214.557686
0.1551 212.421360
0.1552 211.294202
0.1553 212.155183
0.1554 218.002214
0.1555 226.802489
0.1556 227.583612
0.1557 230.353998
0.1558 234.110647
0.1559 238.848272
0.1560 240.567386
0.1561 238.287982
0.1562 237.015061
0.1563 223.773018
0.1564 203.614186
0.1565 181.583888
0.1566 150.692327
0.1567 126.962727
0.1568 115.318700
0.1569 112.700019
0.1570 109.108070
0.1571 96.562276
0.1572 97.043322
0.1573 85.554519
0.1574 70.130984
0.1575 60.780437
0.1576 57.471380
0.1577 50.196142
0.1578 49.925479
0.1579 47.655289
0.1580 51.391031
0.1581 60.179896
0.1582 67.293650
0.1583 75.586336
0.1584 82.826791
0.1585 91.037907
0.1586 96.205631
0.1587 106.344060
0.1588 109.441335
0.1589 116.502921
0.1590 119.538251
0.1591 126.552683
0.1592 133.529205
0.1593 142.451272
0.1594 143.364014
0.1595 139.281329
0.1596 148.185097
0.1597 150.936024
0.1598 161.636069
0.1599 168.291686
0.1600 169.921643
0.1601 175.530576
0.1602 181.106547
0.1603 182.667038
0.1604 191.205981
0.1605 207.664346
0.1606 218.948071
0.1607 223.172555
0.1608 231.343609
0.1609 232.500234
0.1610 225.667409
0.1611 223.862529
0.1612 224.062239
0.1613 225.263739
0.1614 229.446693
0.1615 226.617190
0.1616 230.799218
0.1617 235.954839
0.1618 243.075401
0.1619 252.149112
0.1620 252.198734
0.1621 259.238635
0.1622 264.243591
0.1623 268.212592
0.1624 271.163362
0.1625 271.112186
0.1626 265.080359
0.1627 262.064178
0.1628 258.071248
0.1629 254.101326
0.1630 259.129664
0.1631 262.128175
0.1632 260.123283
0.1633 260.122265
0.1634 260.129604
0.1635 259.134307
0.1636 264.128037
0.1637 267.103268
0.1638 271.064220
0.1639 275.010596
0.1640 271.948936
0.1641 278.881769
0.1642 279.791449
0.1643 284.687011
0.1644 280.572005
0.1645 282.464680
0.1646 277.369408
0.1647 260.323973
0.1648 216.456033
0.1649 180.788490
0.1650 152.288631
0.1651 137.919236
0.1652 125.628033
0.1653 121.375857
0.1654 114.152552
0.1655 106.954245
0.1656 106.776660
0.1657 111.588959
0.1658 110.397755
0.1659 116.138637
0.1660 123.754364
0.1661 128.349247
0.1662 137.904570
0.1663 138.440616
0.1664 149.941090
0.1665 153.390163
0.1666 154.838577
0.1667 161.253190
0.1668 167.643120
0.1669 168.002781
0.1670 166.375089
0.1671 168.736522
0.1672 176.078473
0.1673 182.388319
0.1674 183.674306
0.1675 188.938642
0.1676 187.206386
0.1677 186.469042
0.1678 188.728608
0.1679 192.972184
0.1680 199.188749
0.1681 206.367767
0.1682 208.525708
0.1683 216.658056
0.1684 222.732428
0.1685 226.798061
0.1686 227.850575
0.1687 218.919389
0.1688 200.045371
0.1689 194.250105
0.1690 167.528259
0.1691 144.944576
0.1692 110.519462
0.1693 89.260755
0.1694 65.142364
0.1695 41.132992
0.1696 20.234848
0.1697 12.434491
0.1698 12.635644
0.1699 12.840702
0.1700 15.031902
0.1701 4.252772
0.1702 6.486555
0.1703 6.722453
0.1704 7.945169
0.1705 5.293212
0.1706 2.807410
0.1707 3.470643
0.1708 2.352300
0.1709 4.260792
0.1710 3.253535
0.1711 2.327054
0.1712 8.633114
0.1713 7.181331
0.1714 2.849961
0.1715 0.579390
0.1716 5.217947
0.1717 1.711764
0.1718 2.263185
0.1719 2.858987
0.1720 3.456194
0.1721 4.051148
0.1722 4.057516
0.1723 3.562497
0.1724 0.231761
0.1725 1.904342
0.1726 0.661353
0.1727 2.559766
0.1728 3.697237
0.1729 1.905229
0.1730 3.305040
0.1731 3.923960
0.1732 0.636967
0.1733 1.287458
0.1734 1.915559
0.1735 3.658023
0.1736 0.572873
0.1737 1.763595
0.1738 0.232378
0.1739 1.648210
0.1740 1.182368
0.1741 1.640900
0.1742 2.174186
0.1743 1.031390
0.1744 1.201763
0.1745 1.559107
0.1746 2.042857
0.1747 1.567870
0.1748 2.055210
0.1749 1.521743
0.1750 0.898582
0.1751 1.286734
0.1752 1.772471
0.1753 4.261200
0.1754 2.746083
0.1755 3.436348
0.1756 2.542834
0.1757 5.857987
0.1758 2.273090
0.1759 1.892641
0.1760 0.658244
0.1761 1.619154
0.1762 1.578796
0.1763 2.681037
0.1764 3.047540
0.1765 2.619793
0.1766 4.179159
0.1767 2.936528
0.1768 3.140901
0.1769 1.523038
0.1770 4.807201
0.1771 1.362762
0.1772 3.002263
0.1773 3.567388
0.1774 0.178061
0.1775 1.746437
0.1776 5.417448
0.1777 2.410065
0.1778 1.283326
0.1779 3.181225
0.1780 2.190945
0.1781 2.467545
0.1782 2.732866
0.1783 3.877906
0.1784 0.096309
0.1785 1.663814
0.1786 1.117241
0.1787 2.339752
0.1788 4.509040
0.1789 4.518021
0.1790 0.198755
0.1791 1.645081
0.1792 3.236699
0.1793 3.801157
0.1794 3.422090
0.1795 4.119992
0.1796 2.084992
0.1797 2.242599
0.1798 1.724396
0.1799 2.972554
0.1800 4.303007
0.1801 3.915787
0.1802 0.613706
0.1803 4.977053
0.1804 4.189670
0.1805 4.433001
0.1806 1.532819
0.1807 4.768876
0.1808 4.988967
0.1809 3.528631
0.1810 3.175482
0.1811 2.981747
0.1812 5.129931
0.1813 8.164564
0.1814 4.172754
0.1815 5.242941
0.1816 3.069344
0.1817 4.799674
0.1818 6.674310
0.1819 2.702338
0.1820 6.705571
0.1821 3.604124
0.1822 4.620651
0.1823 6.810968
0.1824 3.764612
0.1825 2.013296
0.1826 4.308590
0.1827 5.719710
0.1828 7.165404
0.1829 3.742984
0.1830 4.265397
0.1831 7.635750
0.1832 4.998560
0.1833 5.267159
0.1834 7.211463
0.1835 4.151069
0.1836 4.040193
0.1837 3.922538
0.1838 2.646940
0.1839 3.233766
0.1840 7.674833
0.1841 8.208713
0.1842 6.535728
0.1843 6.882201
0.1844 7.252123
0.1845 5.485159
0.1846 7.615789
0.1847 8.971578
0.1848 9.526816
0.1849 5.870721
0.1850 6.302421
0.1851 5.750551
0.1852 9.057318
0.1853 5.265264
0.1854 6.473344
0.1855 3.557265
0.1856 6.611908
0.1857 6.170802
0.1858 6.236383
0.1859 5.826391
0.1860 10.084668
0.1861 10.096746
0.1862 8.338593
0.1863 10.604652
0.1864 8.663942
0.1865 9.588826
0.1866 10.359406
0.1867 10.794411
0.1868 9.115762
0.1869 8.408395
0.1870 13.519032
0.1871 6.385700
0.1872 10.087971
0.1873 14.862217
0.1874 11.644164
0.1875 8.480687
0.1876 5.584021
0.1877 12.914134
0.1878 11.241519
0.1879 7.547356
0.1880 8.614968
0.1881 12.647038
0.1882 7.542119
0.1883 8.495747
0.1884 20.532611
0.1885 16.570916
0.1886 18.587254
0.1887 14.608446
0.1888 15.572062
0.1889 18.442205
0.1890 10.229081
0.1891 21.510620
0.1892 16.054444
0.1893 7.728262
0.1894 13.183126
0.1895 16.388246
0.1896 9.865774
0.1897 23.343614
0.1898 23.760322
0.1899 20.062525
0.1900 13.433737
0.1901 16.658939
0.1902 21.573203
0.1903 13.360401
0.1904 22.864161
0.1905 28.927442
0.1906 14.710262
0.1907 28.483095
0.1908 34.005404
0.1909 33.329651
0.1910 45.487695
0.1911 50.562095
0.1912 55.507145
0.1913 77.404477
0.1914 111.107001
0.1915 129.694384
0.1916 165.150677
0.1917 191.324752
0.1918 219.127650
0.1919 277.631513
0.1920 313.881814
0.1921 367.853893
0.1922 410.479041
0.1923 463.826630
0.1924 499.923797
0.1925 547.695581
0.1926 588.076056
0.1927 620.074521
0.1928 665.657343
0.1929 701.028362
0.1930 734.202075
0.1931 769.214709
0.1932 796.843539
0.1933 822.841033
0.1934 844.602444
0.1935 887.011285
0.1936 917.138935
0.1937 936.125878
0.1938 954.978525
0.1939 970.629213
0.1940 1003.050477
0.1941 1033.155102
0.1942 1055.937936
0.1943 1071.491600
0.1944 1095.688511
0.1945 1108.507261
0.1946 1136.102961
0.1947 1152.593334
0.1948 1180.952624
0.1949 1192.201490
0.1950 1204.392995
0.1951 1217.523508
0.1952 1224.497385
0.1953 1241.275115
0.1954 1243.963177
0.1955 1256.606838
0.1956 1267.196878
0.1957 1293.661793
0.1958 1290.963816
0.1959 1305.122268
0.1960 1314.177281
0.1961 1324.198219
0.1962 1340.104269
0.1963 1344.849603
0.1964 1356.552693
0.1965 1361.087688
0.1966 1374.579548
0.1967 1381.014599
0.1968 1394.384716
0.1969 1404.675418
0.1970 1419.831742
0.1971 1432.870264
0.1972 1446.819031
0.1973 1457.706955
0.1974 1463.556822
0.1975 1470.373828
0.1976 1474.155969
0.1977 1475.920620
0.1978 1486.651801
0.1979 1497.330196
0.1980 1497.991455
0.1981 1502.630924
0.1982 1499.255368
0.1983 1495.899566
0.1984 1501.419242
0.1985 1498.918078
0.1986 1507.395547
0.1987 1506.864292
0.1988 1508.328917
0.1989 1505.794885
0.1990 1507.268352
0.1991 1505.736707
0.1992 1509.191235
0.1993 1504.660006
0.1994 1505.150058
0.1995 1504.619821
0.1996 1503.101212
0.1997 1488.630190
0.1998 1484.200889
0.1999 1457.861182
0.2000 1449.618969
0.2001 1435.218894
0.2002 1417.859727
0.2003 1405.577321
0.2004 1403.299799
0.2005 1402.933544
0.2006 1408.547813
0.2007 1412.129524
0.2008 1422.667709
0.2009 1424.127232
0.2010 1428.492548
0.2011 1434.822199
0.2012 1432.029641
0.2013 1434.213298
0.2014 1431.409945
0.2015 1435.602634
0.2016 1429.810659
0.2017 1426.953192
0.2018 1418.059716
0.2019 1421.186307
0.2020 1416.270501
0.2021 1420.280242
0.2022 1419.280953
0.2023 1419.276149
0.2024 1424.263530
0.2025 1413.235308
0.2026 1364.354979
0.2027 1334.580337
0.2028 1307.961119
0.2029 1271.524412
0.2030 1264.208316
0.2031 1253.947396
0.2032 1236.755929
0.2033 1216.651643
0.2034 1209.624348
0.2035 1208.612277
0.2036 1194.648800
0.2037 1190.738777
0.2038 1189.834545
0.2039 1192.918070
0.2040 1197.971898
0.2041 1202.902715
0.2042 1202.790671
0.2043 1191.713052
0.2044 1192.659878
0.2045 1194.607042
0.2046 1191.556700
0.2047 1195.497859
0.2048 1201.410928
0.2049 1194.319071
0.2050 1185.290976
0.2051 1185.266169
0.2052 1182.249859
0.2053 1183.250821
0.2054 1183.246596
0.2055 1188.221127
0.2056 1185.187918
0.2057 1184.186366
0.2058 1191.158653
0.2059 1188.128746
0.2060 1189.102438
0.2061 1186.065645
0.2062 1183.060064
0.2063 1185.047954
0.2064 1174.063750
0.2065 1165.130655
0.2066 1157.248692
0.2067 1161.373984
0.2068 1169.472261
0.2069 1167.553889
0.2070 1165.626153
0.2071 1161.725096
0.2072 1167.815462
0.2073 1174.870820
0.2074 1164.889135
0.2075 1173.815053
0.2076 1168.745843
0.2077 1176.671575
0.2078 1173.574793
0.2079 1171.494346
0.2080 1161.433227
0.2081 1159.404798
0.2082 1149.411264
0.2083 1132.512644
0.2084 1127.650070
0.2085 1117.844396
0.2086 1114.056659
0.2087 1108.305596
0.2088 1114.372091
0.2089 1111.345351
0.2090 1115.322996
0.2091 1112.291944
0.2092 1109.279219
0.2093 1110.262813
0.2094 1103.269398
0.2095 1103.290688
0.2096 1098.233841
0.2097 1095.152637
0.2098 1087.102858
0.2099 1082.089514
0.2100 1078.112787
0.2101 1070.156006
0.2102 1062.251558
0.2103 1063.359787
0.2104 1056.478181
0.2105 1052.626543
0.2106 1035.812600
0.2107 1018.020277
0.2108 999.275716
0.2109 978.568720
0.2110 963.025118
0.2111 954.548576
0.2112 942.147178
0.2113 927.796699
0.2114 922.503968
0.2115 927.210156
0.2116 917.940455
0.2117 907.728940
0.2118 897.555787
0.2119 898.395973
0.2120 894.251371
0.2121 900.114684
0.2122 900.970608
0.2123 895.832610
0.2124 899.684085
0.2125 901.521751
0.2126 900.329644
0.2127 903.026175
0.2128 895.751704
0.2129 894.496279
0.2130 891.247098
0.2131 887.015913
0.2132 886.799950
0.2133 876.609051
0.2134 872.463648
0.2135 876.308388
0.2136 873.159943
0.2137 863.051206
0.2138 858.973256
0.2139 862.885701
0.2140 860.812727
0.2141 861.728233
0.2142 857.658988
0.2143 861.598999
0.2144 855.539031
0.2145 858.397491
0.2146 855.214101
0.2147 856.042270
0.2148 857.857027
0.2149 856.661097
0.2150 861.452702
0.2151 867.216779
0.2152 861.976497
0.2153 864.737776
0.2154 860.503534
0.2155 862.288684
0.2156 858.067705
0.2157 860.860072
0.2158 865.630336
0.2159 860.412871
0.2160 860.203858
0.2161 858.912967
0.2162 858.582990
0.2163 857.249217
0.2164 853.932104
0.2165 849.628553
0.2166 846.357806
0.2167 842.107494
0.2168 836.884145
0.2169 829.680084
0.2170 817.524217
0.2171 811.423021
0.2172 812.329646
0.2173 811.248752
0.2174 801.201872
0.2175 793.198932
0.2176 798.203137
0.2177 793.204507
0.2178 790.229285
0.2179 788.267946
0.2180 782.319719
0.2181 765.427817
0.2182 737.654216
0.2183 704.059901
0.2184 676.634678
0.2185 636.387366
0.2186 599.338843
0.2187 538.559856
0.2188 492.051950
0.2189 452.809379
0.2190 424.715703
0.2191 394.808497
0.2192 388.987882
0.2193 385.184863
0.2194 387.372590
0.2195 390.557371
0.2196 392.730970
0.2197 389.908601
0.2198 392.075570
0.2199 398.212266
0.2200 413.233875
0.2201 425.118337
0.2202 428.974524
0.2203 423.818352
0.2204 404.724447
0.2205 370.790127
0.2206 346.000712
0.2207 323.357814
0.2208 305.803648
0.2209 278.376797
0.2210 244.312291
0.2211 212.487353
0.2212 194.804067
0.2213 174.208639
0.2214 142.762365
0.2215 115.461309
0.2216 104.281600
0.2217 82.051188
0.2218 70.924340
0.2219 57.857054
0.2220 43.872444
0.2221 41.912409
0.2222 38.876043
0.2223 37.809148
0.2224 39.733427
0.2225 34.673948
0.2226 23.637180
0.2227 21.655330
0.2228 16.687801
0.2229 15.744255
0.2230 7.804434
0.2231 10.882965
0.2232 10.961641
0.2233 5.114940
0.2234 14.260682
0.2235 11.720054
0.2236 8.259384
0.2237 8.883764
0.2238 8.517660
0.2239 3.509380
0.2240 5.447567
0.2241 5.454061
0.2242 5.484254
0.2243 3.604121
0.2244 6.813017
0.2245 8.116508
0.2246 10.422330
0.2247 8.733032
0.2248 4.209178
0.2249 4.785097
0.2250 5.370673
0.2251 5.948507
0.2252 5.533724
0.2253 5.108376
0.2254 5.684068
0.2255 4.262028
0.2256 5.848916
0.2257 12.294893
0.2258 9.737251
0.2259 6.058535
0.2260 4.373131
0.2261 5.678338
0.2262 8.983865
0.2263 3.299341
0.2264 5.601094
0.2265 6.905496
0.2266 6.215455
0.2267 7.527456
0.2268 5.947966
0.2269 8.256950
0.2270 4.564728
0.2271 6.867758
0.2272 4.211559
0.2273 5.657150
0.2274 5.999793
0.2275 3.558060
0.2276 1.326026
0.2277 6.279090
0.2278 3.331430
0.2279 4.446313
0.2280 2.563086
0.2281 2.683354
0.2282 4.836153
0.2283 8.952788
0.2284 5.068428
0.2285 3.356563
0.2286 4.703340
0.2287 5.315388
0.2288 5.967793
0.2289 8.691609
0.2290 4.365969
0.2291 3.311696
0.2292 7.366598
0.2293 2.411464
0.2294 3.527394
0.2295 0.720420
0.2296 2.035387
0.2297 2.494405
0.2298 3.990086
0.2299 7.602111
0.2300 2.369329
0.2301 7.145337
0.2302 4.077807
0.2303 3.119114
0.2304 6.251254
0.2305 5.145852
0.2306 2.011606
0.2307 4.962396
0.2308 5.097822
0.2309 3.034140
0.2310 6.991017
0.2311 6.109954
0.2312 8.243949
0.2313 1.381834
0.2314 3.543168
0.2315 0.942549
0.2316 2.487098
0.2317 4.099460
0.2318 4.874839
0.2319 1.681618
0.2320 7.636415
0.2321 3.627635
0.2322 4.630225
0.2323 0.459932
0.2324 3.519247
0.2325 2.595641
0.2326 1.751770
0.2327 4.955313
0.2328 2.286473
0.2329 4.627696
0.2330 1.969392
0.2331 6.379187
0.2332 3.067005
0.2333 3.021188
0.2334 3.797398
0.2335 5.288880
0.2336 4.638426
0.2337 2.827181
0.2338 2.899419
0.2339 6.091304
0.2340 5.353424
0.2341 4.693995
0.2342 4.125467
0.2343 5.400283
0.2344 6.609194
0.2345 1.936293
0.2346 4.412833
0.2347 2.978003
0.2348 0.488828
0.2349 4.828078
0.2350 6.253518
0.2351 2.723073
0.2352 2.321484
0.2353 3.976577
0.2354 2.638180
0.2355 5.407121
0.2356 5.390278
0.2357 4.505413
0.2358 2.442605
0.2359 4.211577
0.2360 6.164050
0.2361 7.167801
0.2362 2.146480
0.2363 4.217560
0.2364 3.480826
0.2365 11.638797
0.2366 3.959753
0.2367 5.365701
0.2368 2.789619
0.2369 5.319380
0.2370 1.745811
0.2371 7.009360
0.2372 6.148342
0.2373 5.353133
0.2374 5.624454
0.2375 4.859142
0.2376 6.990036
0.2377 9.127799
0.2378 4.266172
0.2379 11.398463
0.2380 4.658772
0.2381 5.125324
0.2382 9.446327
0.2383 4.682965
0.2384 7.734659
0.2385 7.472106
0.2386 10.199013
0.2387 5.775013
0.2388 9.352629
0.2389 8.941712
0.2390 10.514927
0.2391 7.125052
0.2392 9.635573
0.2393 7.989233
0.2394 11.229174
0.2395 12.395137
0.2396 11.521114
0.2397 20.801603
0.2398 17.050221
0.2399 17.339029
0.2400 15.499181
0.2401 16.592256
0.2402 15.408994
0.2403 18.148372
0.2404 19.865444
0.2405 23.588989
0.2406 26.283720
0.2407 38.058441
0.2408 41.787107
0.2409 60.463887
0.2410 88.054519
0.2411 118.572726
0.2412 160.901120
0.2413 201.819887
0.2414 240.383509
0.2415 279.546618
0.2416 318.501659
0.2417 355.149422
0.2418 392.564228
0.2419 426.795690
0.2420 451.866792
0.2421 483.777367
0.2422 518.465215
0.2423 542.909668
0.2424 568.210965
0.2425 593.401978
0.2426 619.444800
0.2427 643.344029
0.2428 663.145629
0.2429 688.805996
0.2430 718.314613
0.2431 737.699554
0.2432 755.868816
0.2433 774.869667
0.2434 793.698787
0.2435 827.372080
0.2436 841.793236
0.2437 863.115236
0.2438 882.300989
0.2439 896.294195
0.2440 918.152562
0.2441 942.775352
0.2442 962.287932
0.2443 975.659227
0.2444 989.761992
0.2445 1006.640761
0.2446 1023.407321
0.2447 1039.102711
0.2448 1053.635232
0.2449 1066.931068
0.2450 1076.129859
0.2451 1081.303964
0.2452 1096.416015
0.2453 1112.443856
0.2454 1119.325994
0.2455 1131.120532
0.2456 1135.860771
0.2457 1146.557876
0.2458 1154.212922
0.2459 1157.831522
0.2460 1163.418367
0.2461 1170.978839
0.2462 1167.535292
0.2463 1168.101947
0.2464 1173.637741
0.2465 1179.136101
0.2466 1180.493497
0.2467 1193.812636
0.2468 1197.102336
0.2469 1202.355867
0.2470 1201.587615
0.2471 1199.831341
0.2472 1211.044508
0.2473 1205.236503
0.2474 1211.575030
0.2475 1210.869370
0.2476 1210.940983
0.2477 1212.954208
0.2478 1207.874907
0.2479 1208.809916
0.2480 1204.749854
0.2481 1211.679401
0.2482 1213.589276
0.2483 1208.511368
0.2484 1217.424080
0.2485 1221.302932
0.2486 1226.159357
0.2487 1227.989775
0.2488 1223.824718
0.2489 1219.682416
0.2490 1219.556852
0.2491 1223.419515
0.2492 1224.262545
0.2493 1226.106118
0.2494 1222.955460
0.2495 1220.813254
0.2496 1226.659518
0.2497 1228.450468
0.2498 1225.154578
0.2499 1226.858546
