0 7284
0.0001 7284
0.0002 7284
0.0003 7284
0.0004 7283
0.0005 7283
0.0006 7283
0.0007 7283
0.0008 7282
0.0009 7282
0.001 7282
0.0011 7281
0.0012 7281
0.0013 7281
0.0014 7281
0.0015 7280
0.0016 7280
0.0017 7280
0.0018 7280
0.0019 7280
0.002 7279
0.0021 7278
0.0022 7278
0.0023 7278
0.0024 7278
0.0025 7277
0.0026 7277
0.0027 7277
0.0028 7277
0.0029 7277
0.003 7277
0.0031 7276
0.0032 7276
0.0033 7275
0.0034 7275
0.0035 7275
0.0036 7275
0.0037 7275
0.0038 7275
0.0039 7276
0.004 7276
0.0041 7274
0.0042 7274
0.0043 7272
0.0044 7271
0.0045 7271
0.0046 7271
0.0047 7271
0.0048 7271
0.0049 7271
0.005 7271
0.0051 7270
0.0052 7269
0.0053 7269
0.0054 7268
0.0055 7267
0.0056 7266
0.0057 7266
0.0058 7266
0.0059 7264
0.006 7264
0.0061 7264
0.0062 7264
0.0063 7264
0.0064 7264
0.0065 7264
0.0066 7264
0.0067 7262
0.0068 7261
0.0069 7261
0.007 7261
0.0071 7261
0.0072 7261
0.0073 7260
0.0074 7260
0.0075 7260
0.0076 7260
0.0077 7259
0.0078 7258
0.0079 7257
0.008 7257
0.0081 7257
0.0082 7255
0.0083 7255
0.0084 7255
0.0085 7255
0.0086 7254
0.0087 7253
0.0088 7251
0.0089 7251
0.009 7251
0.0091 7251
0.0092 7251
0.0093 7251
0.0094 7251
0.0095 7251
0.0096 7251
0.0097 7251
0.0098 7250
0.0099 7249
0.01 7248
0.0101 7248
0.0102 7248
0.0103 7247
0.0104 7246
0.0105 7246
0.0106 7246
0.0107 7246
0.0108 7246
0.0109 7246
0.011 7245
0.0111 7244
0.0112 7244
0.0113 7243
0.0114 7243
0.0115 7242
0.0116 7241
0.0117 7240
0.0118 7240
0.0119 7240
0.012 7240
0.0121 7239
0.0122 7237
0.0123 7236
0.0124 7235
0.0125 7235
0.0126 7235
0.0127 7234
0.0128 7234
0.0129 7232
0.013 7232
0.0131 7231
0.0132 7231
0.0133 7230
0.0134 7229
0.0135 7229
0.0136 7228
0.0137 7228
0.0138 7227
0.0139 7224
0.014 7224
0.0141 7222
0.0142 7222
0.0143 7220
0.0144 7219
0.0145 7219
0.0146 7219
0.0147 7218
0.0148 7217
0.0149 7217
0.015 7214
0.0151 7212
0.0152 7212
0.0153 7211
0.0154 7211
0.0155 7209
0.0156 7209
0.0157 7207
0.0158 7207
0.0159 7205
0.016 7205
0.0161 7204
0.0162 7204
0.0163 7204
0.0164 7203
0.0165 7202
0.0166 7202
0.0167 7202
0.0168 7202
0.0169 7201
0.017 7200
0.0171 7199
0.0172 7198
0.0173 7197
0.0174 7197
0.0175 7197
0.0176 7195
0.0177 7195
0.0178 7196
0.0179 7195
0.018 7195
0.0181 7193
0.0182 7191
0.0183 7191
0.0184 7191
0.0185 7191
0.0186 7191
0.0187 7190
0.0188 7190
0.0189 7190
0.019 7186
0.0191 7186
0.0192 7184
0.0193 7184
0.0194 7184
0.0195 7183
0.0196 7182
0.0197 7182
0.0198 7182
0.0199 7181
0.02 7179
0.0201 7179
0.0202 7178
0.0203 7178
0.0204 7174
0.0205 7174
0.0206 7174
0.0207 7173
0.0208 7173
0.0209 7173
0.021 7172
0.0211 7172
0.0212 7172
0.0213 7171
0.0214 7170
0.0215 7170
0.0216 7169
0.0217 7167
0.0218 7167
0.0219 7167
0.022 7166
0.0221 7166
0.0222 7166
0.0223 7164
0.0224 7164
0.0225 7161
0.0226 7160
0.0227 7160
0.0228 7159
0.0229 7158
0.023 7158
0.0231 7158
0.0232 7158
0.0233 7157
0.0234 7157
0.0235 7157
0.0236 7157
0.0237 7156
0.0238 7155
0.0239 7155
0.024 7155
0.0241 7154
0.0242 7154
0.0243 7153
0.0244 7152
0.0245 7152
0.0246 7149
0.0247 7150
0.0248 7149
0.0249 7149
0.025 7149
0.0251 7148
0.0252 7148
0.0253 7148
0.0254 7149
0.0255 7149
0.0256 7149
0.0257 7147
0.0258 7147
0.0259 7146
0.026 7146
0.0261 7146
0.0262 7145
0.0263 7144
0.0264 7144
0.0265 7144
0.0266 7145
0.0267 7145
0.0268 7144
0.0269 7144
0.027 7146
0.0271 7146
0.0272 7146
0.0273 7146
0.0274 7144
0.0275 7142
0.0276 7142
0.0277 7142
0.0278 7142
0.0279 7141
0.028 7141
0.0281 7139
0.0282 7138
0.0283 7138
0.0284 7138
0.0285 7138
0.0286 7137
0.0287 7136
0.0288 7135
0.0289 7135
0.029 7136
0.0291 7136
0.0292 7135
0.0293 7134
0.0294 7134
0.0295 7135
0.0296 7134
0.0297 7134
0.0298 7133
0.0299 7133
0.03 7133
0.0301 7133
0.0302 7133
0.0303 7133
0.0304 7133
0.0305 7133
0.0306 7134
0.0307 7135
0.0308 7135
0.0309 7135
0.031 7135
0.0311 7135
0.0312 7134
0.0313 7134
0.0314 7134
0.0315 7133
0.0316 7133
0.0317 7131
0.0318 7131
0.0319 7130
0.032 7130
0.0321 7130
0.0322 7130
0.0323 7130
0.0324 7130
0.0325 7131
0.0326 7131
0.0327 7131
0.0328 7130
0.0329 7129
0.033 7129
0.0331 7129
0.0332 7128
0.0333 7128
0.0334 7127
0.0335 7127
0.0336 7125
0.0337 7125
0.0338 7124
0.0339 7124
0.034 7124
0.0341 7123
0.0342 7123
0.0343 7121
0.0344 7121
0.0345 7120
0.0346 7119
0.0347 7119
0.0348 7118
0.0349 7117
0.035 7116
0.0351 7115
0.0352 7115
0.0353 7115
0.0354 7114
0.0355 7112
0.0356 7112
0.0357 7110
0.0358 7110
0.0359 7110
0.036 7110
0.0361 7110
0.0362 7110
0.0363 7110
0.0364 7108
0.0365 7108
0.0366 7107
0.0367 7108
0.0368 7108
0.0369 7108
0.037 7109
0.0371 7108
0.0372 7108
0.0373 7108
0.0374 7108
0.0375 7107
0.0376 7105
0.0377 7105
0.0378 7105
0.0379 7105
0.038 7105
0.0381 7105
0.0382 7104
0.0383 7104
0.0384 7103
0.0385 7103
0.0386 7102
0.0387 7103
0.0388 7103
0.0389 7102
0.039 7102
0.0391 7102
0.0392 7101
0.0393 7100
0.0394 7100
0.0395 7099
0.0396 7098
0.0397 7093
0.0398 7093
0.0399 7092
0.04 7092
0.0401 7090
0.0402 7090
0.0403 7090
0.0404 7089
0.0405 7089
0.0406 7089
0.0407 7087
0.0408 7086
0.0409 7085
0.041 7085
0.0411 7085
0.0412 7084
0.0413 7084
0.0414 7084
0.0415 7085
0.0416 7084
0.0417 7083
0.0418 7083
0.0419 7083
0.042 7083
0.0421 7082
0.0422 7082
0.0423 7082
0.0424 7080
0.0425 7080
0.0426 7080
0.0427 7080
0.0428 7080
0.0429 7080
0.043 7079
0.0431 7078
0.0432 7078
0.0433 7078
0.0434 7078
0.0435 7076
0.0436 7074
0.0437 7074
0.0438 7074
0.0439 7073
0.044 7073
0.0441 7073
0.0442 7073
0.0443 7073
0.0444 7072
0.0445 7072
0.0446 7072
0.0447 7072
0.0448 7072
0.0449 7071
0.045 7071
0.0451 7070
0.0452 7071
0.0453 7071
0.0454 7070
0.0455 7067
0.0456 7069
0.0457 7069
0.0458 7069
0.0459 7069
0.046 7069
0.0461 7069
0.0462 7069
0.0463 7068
0.0464 7066
0.0465 7066
0.0466 7066
0.0467 7066
0.0468 7066
0.0469 7066
0.047 7066
0.0471 7064
0.0472 7064
0.0473 7063
0.0474 7061
0.0475 7060
0.0476 7060
0.0477 7059
0.0478 7059
0.0479 7059
0.048 7059
0.0481 7059
0.0482 7058
0.0483 7058
0.0484 7056
0.0485 7056
0.0486 7056
0.0487 7056
0.0488 7056
0.0489 7056
0.049 7056
0.0491 7056
0.0492 7056
0.0493 7056
0.0494 7056
0.0495 7056
0.0496 7055
0.0497 7054
0.0498 7054
0.0499 7053
0.05 7052
0.0501 7051
0.0502 7051
0.0503 7051
0.0504 7050
0.0505 7047
0.0506 7047
0.0507 7047
0.0508 7047
0.0509 7047
0.051 7047
0.0511 7047
0.0512 7047
0.0513 7047
0.0514 7047
0.0515 7048
0.0516 7048
0.0517 7048
0.0518 7047
0.0519 7046
0.052 7046
0.0521 7046
0.0522 7046
0.0523 7046
0.0524 7046
0.0525 7045
0.0526 7045
0.0527 7044
0.0528 7044
0.0529 7043
0.053 7043
0.0531 7043
0.0532 7041
0.0533 7040
0.0534 7039
0.0535 7039
0.0536 7040
0.0537 7040
0.0538 7040
0.0539 7040
0.054 7039
0.0541 7039
0.0542 7039
0.0543 7039
0.0544 7036
0.0545 7036
0.0546 7036
0.0547 7036
0.0548 7035
0.0549 7033
0.055 7033
0.0551 7033
0.0552 7033
0.0553 7034
0.0554 7034
0.0555 7034
0.0556 7034
0.0557 7035
0.0558 7035
0.0559 7035
0.056 7034
0.0561 7034
0.0562 7034
0.0563 7033
0.0564 7033
0.0565 7032
0.0566 7032
0.0567 7032
0.0568 7032
0.0569 7031
0.057 7031
0.0571 7032
0.0572 7033
0.0573 7033
0.0574 7033
0.0575 7033
0.0576 7033
0.0577 7033
0.0578 7032
0.0579 7032
0.058 7032
0.0581 7032
0.0582 7032
0.0583 7032
0.0584 7032
0.0585 7032
0.0586 7032
0.0587 7031
0.0588 7031
0.0589 7031
0.059 7031
0.0591 7031
0.0592 7030
0.0593 7030
0.0594 7030
0.0595 7030
0.0596 7030
0.0597 7030
0.0598 7029
0.0599 7029
0.06 7029
0.0601 7029
0.0602 7030
0.0603 7030
0.0604 7030
0.0605 7030
0.0606 7030
0.0607 7030
0.0608 7030
0.0609 7030
0.061 7030
0.0611 7030
0.0612 7030
0.0613 7029
0.0614 7029
0.0615 7029
0.0616 7028
0.0617 7027
0.0618 7027
0.0619 7027
0.062 7027
0.0621 7026
0.0622 7025
0.0623 7023
0.0624 7023
0.0625 7024
0.0626 7024
0.0627 7024
0.0628 7023
0.0629 7024
0.063 7024
0.0631 7024
0.0632 7022
0.0633 7021
0.0634 7021
0.0635 7020
0.0636 7020
0.0637 7020
0.0638 7019
0.0639 7019
0.064 7019
0.0641 7018
0.0642 7018
0.0643 7018
0.0644 7018
0.0645 7018
0.0646 7018
0.0647 7018
0.0648 7018
0.0649 7018
0.065 7019
0.0651 7018
0.0652 7016
0.0653 7016
0.0654 7016
0.0655 7016
0.0656 7016
0.0657 7016
0.0658 7016
0.0659 7017
0.066 7017
0.0661 7017
0.0662 7016
0.0663 7016
0.0664 7015
0.0665 7015
0.0666 7015
0.0667 7016
0.0668 7016
0.0669 7016
0.067 7016
0.0671 7016
0.0672 7013
0.0673 7013
0.0674 7011
0.0675 7011
0.0676 7011
0.0677 7011
0.0678 7008
0.0679 7009
0.068 7008
0.0681 7008
0.0682 7008
0.0683 7008
0.0684 7006
0.0685 7005
0.0686 7005
0.0687 7005
0.0688 7004
0.0689 7003
0.069 7003
0.0691 7003
0.0692 7003
0.0693 7003
0.0694 7003
0.0695 7003
0.0696 7003
0.0697 7004
0.0698 7004
0.0699 7003
0.07 7003
0.0701 7003
0.0702 7003
0.0703 7001
0.0704 6999
0.0705 7000
0.0706 7000
0.0707 7000
0.0708 6999
0.0709 6999
0.071 6999
0.0711 6999
0.0712 7000
0.0713 6999
0.0714 6999
0.0715 6999
0.0716 6998
0.0717 6998
0.0718 6998
0.0719 6998
0.072 6998
0.0721 6998
0.0722 6998
0.0723 6998
0.0724 6999
0.0725 6998
0.0726 6998
0.0727 6997
0.0728 6997
0.0729 6997
0.073 6998
0.0731 6998
0.0732 6998
0.0733 6999
0.0734 6999
0.0735 6999
0.0736 7000
0.0737 7001
0.0738 7001
0.0739 7001
0.074 7001
0.0741 7001
0.0742 7001
0.0743 7001
0.0744 7000
0.0745 6999
0.0746 6999
0.0747 6998
0.0748 6997
0.0749 6997
0.075 6998
0.0751 6998
0.0752 6997
0.0753 6997
0.0754 6997
0.0755 6996
0.0756 6996
0.0757 6997
0.0758 6996
0.0759 6996
0.076 6995
0.0761 6993
0.0762 6993
0.0763 6992
0.0764 6992
0.0765 6992
0.0766 6992
0.0767 6991
0.0768 6990
0.0769 6990
0.077 6990
0.0771 6989
0.0772 6988
0.0773 6988
0.0774 6988
0.0775 6988
0.0776 6987
0.0777 6986
0.0778 6984
0.0779 6985
0.078 6985
0.0781 6985
0.0782 6987
0.0783 6987
0.0784 6988
0.0785 6988
0.0786 6988
0.0787 6988
0.0788 6988
0.0789 6988
0.079 6987
0.0791 6987
0.0792 6987
0.0793 6986
0.0794 6986
0.0795 6986
0.0796 6987
0.0797 6987
0.0798 6986
0.0799 6985
0.08 6985
0.0801 6984
0.0802 6984
0.0803 6984
0.0804 6983
0.0805 6982
0.0806 6982
0.0807 6982
0.0808 6982
0.0809 6983
0.081 6983
0.0811 6982
0.0812 6982
0.0813 6982
0.0814 6980
0.0815 6978
0.0816 6978
0.0817 6978
0.0818 6978
0.0819 6978
0.082 6977
0.0821 6978
0.0822 6978
0.0823 6978
0.0824 6978
0.0825 6979
0.0826 6979
0.0827 6979
0.0828 6979
0.0829 6978
0.083 6978
0.0831 6978
0.0832 6978
0.0833 6978
0.0834 6978
0.0835 6977
0.0836 6977
0.0837 6977
0.0838 6977
0.0839 6978
0.084 6977
0.0841 6977
0.0842 6977
0.0843 6977
0.0844 6977
0.0845 6977
0.0846 6977
0.0847 6977
0.0848 6977
0.0849 6976
0.085 6976
0.0851 6976
0.0852 6977
0.0853 6977
0.0854 6977
0.0855 6978
0.0856 6976
0.0857 6976
0.0858 6976
0.0859 6977
0.086 6979
0.0861 6980
0.0862 6980
0.0863 6980
0.0864 6980
0.0865 6980
0.0866 6980
0.0867 6980
0.0868 6980
0.0869 6980
0.087 6980
0.0871 6979
0.0872 6979
0.0873 6979
0.0874 6981
0.0875 6981
0.0876 6981
0.0877 6980
0.0878 6980
0.0879 6980
0.088 6981
0.0881 6981
0.0882 6982
0.0883 6982
0.0884 6982
0.0885 6981
0.0886 6980
0.0887 6980
0.0888 6980
0.0889 6979
0.089 6980
0.0891 6980
0.0892 6980
0.0893 6980
0.0894 6980
0.0895 6981
0.0896 6979
0.0897 6977
0.0898 6978
0.0899 6977
0.09 6978
0.0901 6977
0.0902 6976
0.0903 6976
0.0904 6976
0.0905 6975
0.0906 6976
0.0907 6976
0.0908 6976
0.0909 6976
0.091 6976
0.0911 6976
0.0912 6973
0.0913 6973
0.0914 6973
0.0915 6973
0.0916 6973
0.0917 6973
0.0918 6973
0.0919 6972
0.092 6972
0.0921 6971
0.0922 6971
0.0923 6970
0.0924 6970
0.0925 6970
0.0926 6969
0.0927 6969
0.0928 6970
0.0929 6971
0.093 6971
0.0931 6971
0.0932 6970
0.0933 6970
0.0934 6969
0.0935 6970
0.0936 6970
0.0937 6971
0.0938 6974
0.0939 6974
0.094 6974
0.0941 6973
0.0942 6973
0.0943 6973
0.0944 6971
0.0945 6970
0.0946 6969
0.0947 6969
0.0948 6968
0.0949 6968
0.095 6968
0.0951 6968
0.0952 6968
0.0953 6968
0.0954 6969
0.0955 6969
0.0956 6969
0.0957 6969
0.0958 6968
0.0959 6968
0.096 6968
0.0961 6969
0.0962 6969
0.0963 6969
0.0964 6969
0.0965 6969
0.0966 6968
0.0967 6969
0.0968 6969
0.0969 6968
0.097 6968
0.0971 6968
0.0972 6969
0.0973 6968
0.0974 6968
0.0975 6968
0.0976 6969
0.0977 6969
0.0978 6969
0.0979 6966
0.098 6966
0.0981 6965
0.0982 6965
0.0983 6965
0.0984 6965
0.0985 6965
0.0986 6964
0.0987 6963
0.0988 6963
0.0989 6962
0.099 6962
0.0991 6962
0.0992 6962
0.0993 6963
0.0994 6963
0.0995 6963
0.0996 6963
0.0997 6963
0.0998 6963
0.0999 6963
0.1 6963
