0 0
0.0001 0
0.0002 0
0.0003 0
0.0004 0
0.0005 0
0.0006 0
0.0007 0
0.0008 0
0.0009 0
0.001 0
0.0011 0
0.0012 0
0.0013 0
0.0014 1
0.0015 3
0.0016 3
0.0017 3
0.0018 4
0.0019 4
0.002 5
0.0021 5
0.0022 7
0.0023 7
0.0024 7
0.0025 7
0.0026 9
0.0027 10
0.0028 11
0.0029 12
0.003 14
0.0031 15
0.0032 19
0.0033 21
0.0034 24
0.0035 25
0.0036 28
0.0037 31
0.0038 32
0.0039 37
0.004 37
0.0041 41
0.0042 42
0.0043 44
0.0044 46
0.0045 49
0.0046 53
0.0047 56
0.0048 56
0.0049 57
0.005 58
0.0051 64
0.0052 69
0.0053 73
0.0054 78
0.0055 81
0.0056 82
0.0057 85
0.0058 93
0.0059 97
0.006 101
0.0061 107
0.0062 113
0.0063 113
0.0064 119
0.0065 122
0.0066 127
0.0067 135
0.0068 133
0.0069 138
0.007 147
0.0071 149
0.0072 153
0.0073 159
0.0074 161
0.0075 170
0.0076 177
0.0077 183
0.0078 187
0.0079 189
0.008 198
0.0081 200
0.0082 203
0.0083 210
0.0084 215
0.0085 217
0.0086 223
0.0087 229
0.0088 234
0.0089 242
0.009 251
0.0091 258
0.0092 265
0.0093 269
0.0094 273
0.0095 284
0.0096 291
0.0097 304
0.0098 312
0.0099 318
0.01 327
0.0101 329
0.0102 339
0.0103 347
0.0104 351
0.0105 360
0.0106 366
0.0107 376
0.0108 390
0.0109 400
0.011 405
0.0111 414
0.0112 423
0.0113 435
0.0114 441
0.0115 457
0.0116 465
0.0117 479
0.0118 496
0.0119 504
0.012 509
0.0121 518
0.0122 524
0.0123 534
0.0124 541
0.0125 549
0.0126 555
0.0127 567
0.0128 575
0.0129 585
0.013 596
0.0131 604
0.0132 616
0.0133 624
0.0134 631
0.0135 643
0.0136 647
0.0137 652
0.0138 674
0.0139 684
0.014 686
0.0141 698
0.0142 709
0.0143 717
0.0144 729
0.0145 736
0.0146 750
0.0147 757
0.0148 763
0.0149 773
0.015 784
0.0151 787
0.0152 800
0.0153 814
0.0154 822
0.0155 830
0.0156 834
0.0157 836
0.0158 846
0.0159 856
0.016 857
0.0161 869
0.0162 880
0.0163 891
0.0164 903
0.0165 902
0.0166 907
0.0167 923
0.0168 931
0.0169 937
0.017 946
0.0171 960
0.0172 957
0.0173 964
0.0174 974
0.0175 986
0.0176 989
0.0177 1004
0.0178 1013
0.0179 1024
0.018 1039
0.0181 1043
0.0182 1052
0.0183 1062
0.0184 1072
0.0185 1076
0.0186 1089
0.0187 1111
0.0188 1121
0.0189 1126
0.019 1137
0.0191 1143
0.0192 1151
0.0193 1154
0.0194 1169
0.0195 1181
0.0196 1185
0.0197 1199
0.0198 1206
0.0199 1220
0.02 1226
0.0201 1243
0.0202 1251
0.0203 1259
0.0204 1264
0.0205 1268
0.0206 1286
0.0207 1285
0.0208 1298
0.0209 1316
0.021 1310
0.0211 1318
0.0212 1332
0.0213 1345
0.0214 1352
0.0215 1358
0.0216 1363
0.0217 1368
0.0218 1380
0.0219 1386
0.022 1385
0.0221 1400
0.0222 1405
0.0223 1414
0.0224 1418
0.0225 1431
0.0226 1428
0.0227 1438
0.0228 1452
0.0229 1456
0.023 1464
0.0231 1463
0.0232 1473
0.0233 1472
0.0234 1480
0.0235 1481
0.0236 1496
0.0237 1507
0.0238 1506
0.0239 1515
0.024 1535
0.0241 1534
0.0242 1537
0.0243 1543
0.0244 1547
0.0245 1545
0.0246 1561
0.0247 1570
0.0248 1571
0.0249 1571
0.025 1580
0.0251 1588
0.0252 1598
0.0253 1596
0.0254 1609
0.0255 1629
0.0256 1628
0.0257 1624
0.0258 1634
0.0259 1635
0.026 1649
0.0261 1655
0.0262 1667
0.0263 1668
0.0264 1680
0.0265 1679
0.0266 1683
0.0267 1690
0.0268 1704
0.0269 1712
0.027 1724
0.0271 1733
0.0272 1732
0.0273 1742
0.0274 1749
0.0275 1753
0.0276 1747
0.0277 1775
0.0278 1781
0.0279 1797
0.028 1796
0.0281 1802
0.0282 1811
0.0283 1814
0.0284 1817
0.0285 1822
0.0286 1830
0.0287 1831
0.0288 1849
0.0289 1848
0.029 1856
0.0291 1868
0.0292 1875
0.0293 1866
0.0294 1884
0.0295 1892
0.0296 1891
0.0297 1891
0.0298 1897
0.0299 1894
0.03 1906
0.0301 1913
0.0302 1922
0.0303 1938
0.0304 1947
0.0305 1954
0.0306 1963
0.0307 1973
0.0308 1975
0.0309 1982
0.031 1984
0.0311 1973
0.0312 1977
0.0313 1982
0.0314 1981
0.0315 1986
0.0316 1986
0.0317 1986
0.0318 1987
0.0319 1991
0.032 2003
0.0321 1989
0.0322 1986
0.0323 2002
0.0324 1996
0.0325 1982
0.0326 1984
0.0327 1956
0.0328 1951
0.0329 1951
0.033 1941
0.0331 1943
0.0332 1936
0.0333 1925
0.0334 1918
0.0335 1904
0.0336 1904
0.0337 1881
0.0338 1860
0.0339 1836
0.034 1789
0.0341 1778
0.0342 1769
0.0343 1755
0.0344 1749
0.0345 1744
0.0346 1756
0.0347 1772
0.0348 1772
0.0349 1780
0.035 1795
0.0351 1819
0.0352 1828
0.0353 1842
0.0354 1838
0.0355 1855
0.0356 1865
0.0357 1860
0.0358 1887
0.0359 1898
0.036 1901
0.0361 1895
0.0362 1924
0.0363 1925
0.0364 1927
0.0365 1922
0.0366 1919
0.0367 1891
0.0368 1890
0.0369 1890
0.037 1879
0.0371 1885
0.0372 1897
0.0373 1895
0.0374 1889
0.0375 1887
0.0376 1873
0.0377 1870
0.0378 1852
0.0379 1842
0.038 1823
0.0381 1826
0.0382 1829
0.0383 1833
0.0384 1821
0.0385 1812
0.0386 1808
0.0387 1822
0.0388 1835
0.0389 1831
0.039 1822
0.0391 1816
0.0392 1833
0.0393 1826
0.0394 1838
0.0395 1834
0.0396 1814
0.0397 1829
0.0398 1818
0.0399 1794
0.04 1771
0.0401 1737
0.0402 1712
0.0403 1686
0.0404 1652
0.0405 1617
0.0406 1594
0.0407 1588
0.0408 1572
0.0409 1540
0.041 1503
0.0411 1487
0.0412 1461
0.0413 1425
0.0414 1403
0.0415 1377
0.0416 1358
0.0417 1311
0.0418 1291
0.0419 1273
0.042 1249
0.0421 1235
0.0422 1219
0.0423 1184
0.0424 1162
0.0425 1140
0.0426 1114
0.0427 1097
0.0428 1077
0.0429 1060
0.043 1042
0.0431 1026
0.0432 998
0.0433 967
0.0434 941
0.0435 913
0.0436 890
0.0437 879
0.0438 857
0.0439 843
0.044 821
0.0441 806
0.0442 785
0.0443 769
0.0444 759
0.0445 745
0.0446 740
0.0447 732
0.0448 725
0.0449 711
0.045 701
0.0451 692
0.0452 682
0.0453 668
0.0454 674
0.0455 681
0.0456 678
0.0457 680
0.0458 676
0.0459 672
0.046 655
0.0461 646
0.0462 646
0.0463 640
0.0464 627
0.0465 623
0.0466 615
0.0467 602
0.0468 589
0.0469 580
0.047 571
0.0471 561
0.0472 548
0.0473 539
0.0474 533
0.0475 529
0.0476 526
0.0477 518
0.0478 511
0.0479 511
0.048 498
0.0481 492
0.0482 490
0.0483 490
0.0484 488
0.0485 484
0.0486 475
0.0487 475
0.0488 468
0.0489 460
0.049 449
0.0491 445
0.0492 446
0.0493 446
0.0494 439
0.0495 440
0.0496 448
0.0497 449
0.0498 465
0.0499 469
0.05 468
0.0501 470
0.0502 471
0.0503 471
0.0504 468
0.0505 466
0.0506 460
0.0507 460
0.0508 450
0.0509 442
0.051 434
0.0511 421
0.0512 417
0.0513 414
0.0514 410
0.0515 408
0.0516 404
0.0517 396
0.0518 396
0.0519 389
0.052 381
0.0521 382
0.0522 373
0.0523 380
0.0524 390
0.0525 408
0.0526 414
0.0527 417
0.0528 426
0.0529 433
0.053 446
0.0531 432
0.0532 429
0.0533 437
0.0534 468
0.0535 496
0.0536 508
0.0537 511
0.0538 511
0.0539 515
0.054 515
0.0541 505
0.0542 498
0.0543 488
0.0544 475
0.0545 465
0.0546 453
0.0547 455
0.0548 439
0.0549 439
0.055 432
0.0551 428
0.0552 426
0.0553 429
0.0554 427
0.0555 420
0.0556 419
0.0557 425
0.0558 447
0.0559 484
0.056 518
0.0561 533
0.0562 553
0.0563 572
0.0564 577
0.0565 574
0.0566 573
0.0567 569
0.0568 562
0.0569 550
0.057 541
0.0571 526
0.0572 526
0.0573 519
0.0574 524
0.0575 529
0.0576 542
0.0577 533
0.0578 527
0.0579 520
0.058 519
0.0581 531
0.0582 541
0.0583 544
0.0584 551
0.0585 544
0.0586 535
0.0587 533
0.0588 551
0.0589 561
0.059 592
0.0591 619
0.0592 660
0.0593 709
0.0594 734
0.0595 762
0.0596 788
0.0597 819
0.0598 859
0.0599 904
0.06 924
0.0601 947
0.0602 940
0.0603 944
0.0604 958
0.0605 956
0.0606 961
0.0607 973
0.0608 985
0.0609 991
0.061 1001
0.0611 1005
0.0612 1008
0.0613 1032
0.0614 1042
0.0615 1069
0.0616 1074
0.0617 1097
0.0618 1132
0.0619 1148
0.062 1166
0.0621 1200
0.0622 1204
0.0623 1215
0.0624 1221
0.0625 1230
0.0626 1229
0.0627 1246
0.0628 1241
0.0629 1250
0.063 1244
0.0631 1261
0.0632 1266
0.0633 1267
0.0634 1274
0.0635 1277
0.0636 1266
0.0637 1271
0.0638 1268
0.0639 1286
0.064 1283
0.0641 1292
0.0642 1297
0.0643 1303
0.0644 1294
0.0645 1299
0.0646 1301
0.0647 1310
0.0648 1309
0.0649 1311
0.065 1310
0.0651 1309
0.0652 1312
0.0653 1313
0.0654 1313
0.0655 1302
0.0656 1307
0.0657 1317
0.0658 1317
0.0659 1314
0.066 1314
0.0661 1321
0.0662 1325
0.0663 1322
0.0664 1320
0.0665 1319
0.0666 1329
0.0667 1325
0.0668 1322
0.0669 1313
0.067 1331
0.0671 1330
0.0672 1333
0.0673 1338
0.0674 1342
0.0675 1349
0.0676 1355
0.0677 1360
0.0678 1358
0.0679 1369
0.068 1378
0.0681 1376
0.0682 1378
0.0683 1389
0.0684 1398
0.0685 1405
0.0686 1410
0.0687 1409
0.0688 1420
0.0689 1427
0.069 1425
0.0691 1427
0.0692 1443
0.0693 1437
0.0694 1454
0.0695 1458
0.0696 1456
0.0697 1457
0.0698 1461
0.0699 1470
0.07 1474
0.0701 1469
0.0702 1469
0.0703 1480
0.0704 1489
0.0705 1489
0.0706 1495
0.0707 1494
0.0708 1496
0.0709 1510
0.071 1519
0.0711 1524
0.0712 1524
0.0713 1536
0.0714 1536
0.0715 1549
0.0716 1550
0.0717 1540
0.0718 1557
0.0719 1564
0.072 1556
0.0721 1562
0.0722 1565
0.0723 1571
0.0724 1567
0.0725 1567
0.0726 1562
0.0727 1574
0.0728 1582
0.0729 1582
0.073 1587
0.0731 1593
0.0732 1598
0.0733 1605
0.0734 1614
0.0735 1618
0.0736 1620
0.0737 1622
0.0738 1624
0.0739 1625
0.074 1636
0.0741 1637
0.0742 1644
0.0743 1641
0.0744 1652
0.0745 1656
0.0746 1652
0.0747 1661
0.0748 1662
0.0749 1662
0.075 1670
0.0751 1672
0.0752 1675
0.0753 1680
0.0754 1694
0.0755 1695
0.0756 1700
0.0757 1712
0.0758 1696
0.0759 1700
0.076 1711
0.0761 1722
0.0762 1721
0.0763 1728
0.0764 1716
0.0765 1729
0.0766 1729
0.0767 1740
0.0768 1730
0.0769 1742
0.077 1744
0.0771 1749
0.0772 1761
0.0773 1761
0.0774 1758
0.0775 1761
0.0776 1760
0.0777 1763
0.0778 1759
0.0779 1767
0.078 1774
0.0781 1775
0.0782 1773
0.0783 1780
0.0784 1787
0.0785 1790
0.0786 1792
0.0787 1797
0.0788 1812
0.0789 1824
0.079 1835
0.0791 1833
0.0792 1837
0.0793 1843
0.0794 1855
0.0795 1863
0.0796 1879
0.0797 1872
0.0798 1886
0.0799 1898
0.08 1903
0.0801 1897
0.0802 1906
0.0803 1914
0.0804 1920
0.0805 1927
0.0806 1930
0.0807 1925
0.0808 1936
0.0809 1934
0.081 1924
0.0811 1915
0.0812 1926
0.0813 1914
0.0814 1909
0.0815 1894
0.0816 1879
0.0817 1883
0.0818 1874
0.0819 1864
0.082 1861
0.0821 1855
0.0822 1847
0.0823 1821
0.0824 1815
0.0825 1811
0.0826 1790
0.0827 1779
0.0828 1761
0.0829 1744
0.083 1737
0.0831 1750
0.0832 1738
0.0833 1747
0.0834 1733
0.0835 1715
0.0836 1702
0.0837 1674
0.0838 1644
0.0839 1619
0.084 1589
0.0841 1560
0.0842 1526
0.0843 1492
0.0844 1460
0.0845 1419
0.0846 1390
0.0847 1356
0.0848 1321
0.0849 1292
0.085 1279
0.0851 1260
0.0852 1237
0.0853 1214
0.0854 1199
0.0855 1178
0.0856 1163
0.0857 1146
0.0858 1143
0.0859 1130
0.086 1126
0.0861 1112
0.0862 1085
0.0863 1063
0.0864 1058
0.0865 1036
0.0866 1012
0.0867 989
0.0868 965
0.0869 950
0.087 928
0.0871 916
0.0872 890
0.0873 872
0.0874 852
0.0875 840
0.0876 829
0.0877 802
0.0878 790
0.0879 770
0.088 755
0.0881 755
0.0882 748
0.0883 737
0.0884 721
0.0885 705
0.0886 691
0.0887 675
0.0888 663
0.0889 653
0.089 639
0.0891 619
0.0892 609
0.0893 615
0.0894 631
0.0895 631
0.0896 631
0.0897 635
0.0898 623
0.0899 622
0.09 617
0.0901 609
0.0902 605
0.0903 598
0.0904 594
0.0905 587
0.0906 579
0.0907 567
0.0908 558
0.0909 549
0.091 544
0.0911 540
0.0912 527
0.0913 517
0.0914 511
0.0915 512
0.0916 504
0.0917 498
0.0918 489
0.0919 482
0.092 481
0.0921 478
0.0922 472
0.0923 472
0.0924 480
0.0925 502
0.0926 509
0.0927 524
0.0928 533
0.0929 526
0.093 518
0.0931 516
0.0932 508
0.0933 501
0.0934 505
0.0935 499
0.0936 488
0.0937 483
0.0938 475
0.0939 473
0.094 474
0.0941 476
0.0942 477
0.0943 477
0.0944 469
0.0945 461
0.0946 461
0.0947 457
0.0948 452
0.0949 446
0.095 450
0.0951 442
0.0952 442
0.0953 438
0.0954 434
0.0955 420
0.0956 416
0.0957 406
0.0958 406
0.0959 395
0.096 398
0.0961 398
0.0962 394
0.0963 391
0.0964 383
0.0965 374
0.0966 365
0.0967 360
0.0968 358
0.0969 352
0.097 354
0.0971 343
0.0972 339
0.0973 332
0.0974 329
0.0975 329
0.0976 322
0.0977 319
0.0978 318
0.0979 336
0.098 363
0.0981 388
0.0982 415
0.0983 440
0.0984 479
0.0985 527
0.0986 571
0.0987 624
0.0988 676
0.0989 706
0.099 742
0.0991 763
0.0992 776
0.0993 818
0.0994 843
0.0995 865
0.0996 871
0.0997 884
0.0998 884
0.0999 886
0.1 882
0.1001 878
0.1002 865
0.1003 860
0.1004 861
0.1005 848
0.1006 829
0.1007 827
0.1008 818
0.1009 810
0.101 806
0.1011 789
0.1012 764
0.1013 742
0.1014 728
0.1015 716
0.1016 726
0.1017 733
0.1018 750
0.1019 742
0.102 741
0.1021 732
0.1022 719
0.1023 712
0.1024 711
0.1025 703
0.1026 684
0.1027 680
0.1028 671
0.1029 668
0.103 658
0.1031 651
0.1032 640
0.1033 631
0.1034 624
0.1035 615
0.1036 604
0.1037 589
0.1038 576
0.1039 566
0.104 548
0.1041 537
0.1042 528
0.1043 526
0.1044 520
0.1045 514
0.1046 515
0.1047 505
0.1048 500
0.1049 494
0.105 499
0.1051 514
0.1052 508
0.1053 508
0.1054 509
0.1055 504
0.1056 492
0.1057 491
0.1058 495
0.1059 504
0.106 508
0.1061 504
0.1062 500
0.1063 489
0.1064 483
0.1065 482
0.1066 474
0.1067 463
0.1068 460
0.1069 447
0.107 443
0.1071 436
0.1072 431
0.1073 434
0.1074 440
0.1075 440
0.1076 443
0.1077 445
0.1078 446
0.1079 459
0.108 458
0.1081 471
0.1082 477
0.1083 476
0.1084 476
0.1085 469
0.1086 466
0.1087 457
0.1088 447
0.1089 444
0.109 438
0.1091 430
0.1092 427
0.1093 432
0.1094 426
0.1095 419
0.1096 418
0.1097 418
0.1098 415
0.1099 414
0.11 418
0.1101 420
0.1102 425
0.1103 421
0.1104 416
0.1105 411
0.1106 401
0.1107 391
0.1108 394
0.1109 396
0.111 405
0.1111 409
0.1112 405
0.1113 408
0.1114 407
0.1115 413
0.1116 419
0.1117 420
0.1118 414
0.1119 405
0.112 400
0.1121 392
0.1122 382
0.1123 373
0.1124 367
0.1125 362
0.1126 354
0.1127 345
0.1128 348
0.1129 345
0.113 341
0.1131 337
0.1132 337
0.1133 332
0.1134 329
0.1135 325
0.1136 321
0.1137 323
0.1138 329
0.1139 330
0.114 335
0.1141 345
0.1142 349
0.1143 346
0.1144 350
0.1145 344
0.1146 346
0.1147 340
0.1148 363
0.1149 380
0.115 398
0.1151 402
0.1152 405
0.1153 416
0.1154 412
0.1155 422
0.1156 417
0.1157 425
0.1158 427
0.1159 424
0.116 412
0.1161 420
0.1162 442
0.1163 473
0.1164 485
0.1165 509
0.1166 545
0.1167 576
0.1168 598
0.1169 624
0.117 661
0.1171 679
0.1172 700
0.1173 719
0.1174 734
0.1175 752
0.1176 772
0.1177 785
0.1178 807
0.1179 821
0.118 826
0.1181 834
0.1182 834
0.1183 841
0.1184 844
0.1185 852
0.1186 851
0.1187 854
0.1188 847
0.1189 854
0.119 853
0.1191 855
0.1192 852
0.1193 855
0.1194 858
0.1195 864
0.1196 864
0.1197 865
0.1198 866
0.1199 871
0.12 875
0.1201 873
0.1202 877
0.1203 877
0.1204 881
0.1205 882
0.1206 882
0.1207 893
0.1208 892
0.1209 894
0.121 901
0.1211 902
0.1212 908
0.1213 909
0.1214 909
0.1215 922
0.1216 924
0.1217 927
0.1218 933
0.1219 934
0.122 943
0.1221 943
0.1222 952
0.1223 961
0.1224 956
0.1225 963
0.1226 974
0.1227 983
0.1228 990
0.1229 995
0.123 1002
0.1231 1011
0.1232 1008
0.1233 1019
0.1234 1019
0.1235 1018
0.1236 1031
0.1237 1039
0.1238 1042
0.1239 1054
0.124 1064
0.1241 1067
0.1242 1073
0.1243 1081
0.1244 1081
0.1245 1094
0.1246 1097
0.1247 1111
0.1248 1106
0.1249 1115
0.125 1132
0.1251 1143
0.1252 1146
0.1253 1160
0.1254 1171
0.1255 1178
0.1256 1181
0.1257 1191
0.1258 1200
0.1259 1206
0.126 1219
0.1261 1225
0.1262 1232
0.1263 1245
0.1264 1246
0.1265 1248
0.1266 1257
0.1267 1265
0.1268 1270
0.1269 1286
0.127 1292
0.1271 1291
0.1272 1299
0.1273 1309
0.1274 1317
0.1275 1322
0.1276 1334
0.1277 1343
0.1278 1337
0.1279 1350
0.128 1357
0.1281 1355
0.1282 1368
0.1283 1369
0.1284 1375
0.1285 1381
0.1286 1390
0.1287 1395
0.1288 1403
0.1289 1408
0.129 1416
0.1291 1423
0.1292 1427
0.1293 1433
0.1294 1434
0.1295 1443
0.1296 1438
0.1297 1447
0.1298 1454
0.1299 1457
0.13 1457
0.1301 1468
0.1302 1473
0.1303 1476
0.1304 1487
0.1305 1491
0.1306 1492
0.1307 1504
0.1308 1511
0.1309 1527
0.131 1527
0.1311 1528
0.1312 1527
0.1313 1548
0.1314 1557
0.1315 1552
0.1316 1563
0.1317 1572
0.1318 1577
0.1319 1565
0.132 1578
0.1321 1582
0.1322 1592
0.1323 1600
0.1324 1590
0.1325 1595
0.1326 1602
0.1327 1605
0.1328 1605
0.1329 1607
0.133 1608
0.1331 1621
0.1332 1619
0.1333 1610
0.1334 1606
0.1335 1615
0.1336 1628
0.1337 1634
0.1338 1636
0.1339 1639
0.134 1641
0.1341 1650
0.1342 1640
0.1343 1668
0.1344 1681
0.1345 1675
0.1346 1671
0.1347 1679
0.1348 1686
0.1349 1690
0.135 1692
0.1351 1692
0.1352 1709
0.1353 1713
0.1354 1723
0.1355 1730
0.1356 1732
0.1357 1736
0.1358 1730
0.1359 1739
0.136 1757
0.1361 1760
0.1362 1766
0.1363 1765
0.1364 1766
0.1365 1769
0.1366 1786
0.1367 1799
0.1368 1796
0.1369 1801
0.137 1816
0.1371 1826
0.1372 1842
0.1373 1835
0.1374 1826
0.1375 1835
0.1376 1830
0.1377 1824
0.1378 1810
0.1379 1808
0.138 1792
0.1381 1767
0.1382 1751
0.1383 1755
0.1384 1745
0.1385 1729
0.1386 1728
0.1387 1733
0.1388 1718
0.1389 1703
0.139 1676
0.1391 1628
0.1392 1596
0.1393 1555
0.1394 1525
0.1395 1493
0.1396 1480
0.1397 1462
0.1398 1458
0.1399 1453
0.14 1442
0.1401 1432
0.1402 1423
0.1403 1417
0.1404 1400
0.1405 1404
0.1406 1396
0.1407 1399
0.1408 1398
0.1409 1412
0.141 1423
0.1411 1432
0.1412 1456
0.1413 1465
0.1414 1473
0.1415 1499
0.1416 1521
0.1417 1537
0.1418 1562
0.1419 1573
0.142 1585
0.1421 1598
0.1422 1618
0.1423 1618
0.1424 1606
0.1425 1599
0.1426 1588
0.1427 1565
0.1428 1536
0.1429 1516
0.143 1499
0.1431 1470
0.1432 1440
0.1433 1424
0.1434 1410
0.1435 1385
0.1436 1360
0.1437 1331
0.1438 1305
0.1439 1271
0.144 1245
0.1441 1222
0.1442 1191
0.1443 1176
0.1444 1157
0.1445 1120
0.1446 1087
0.1447 1057
0.1448 1039
0.1449 1023
0.145 1007
0.1451 989
0.1452 967
0.1453 944
0.1454 915
0.1455 907
0.1456 886
0.1457 869
0.1458 838
0.1459 821
0.146 802
0.1461 780
0.1462 763
0.1463 759
0.1464 753
0.1465 754
0.1466 747
0.1467 733
0.1468 719
0.1469 712
0.147 700
0.1471 691
0.1472 688
0.1473 686
0.1474 664
0.1475 641
0.1476 623
0.1477 621
0.1478 612
0.1479 599
0.148 586
0.1481 568
0.1482 556
0.1483 547
0.1484 529
0.1485 527
0.1486 537
0.1487 553
0.1488 574
0.1489 597
0.149 625
0.1491 638
0.1492 652
0.1493 645
0.1494 638
0.1495 630
0.1496 616
0.1497 615
0.1498 613
0.1499 599
0.15 584
0.1501 565
0.1502 556
0.1503 551
0.1504 543
0.1505 534
0.1506 527
0.1507 524
0.1508 517
0.1509 509
0.151 495
0.1511 485
0.1512 477
0.1513 465
0.1514 459
0.1515 451
0.1516 452
0.1517 445
0.1518 439
0.1519 431
0.152 429
0.1521 422
0.1522 423
0.1523 416
0.1524 407
0.1525 401
0.1526 402
0.1527 397
0.1528 394
0.1529 386
0.153 384
0.1531 383
0.1532 377
0.1533 369
0.1534 368
0.1535 365
0.1536 363
0.1537 358
0.1538 360
0.1539 361
0.154 358
0.1541 351
0.1542 346
0.1543 347
0.1544 345
0.1545 354
0.1546 369
0.1547 373
0.1548 391
0.1549 393
0.155 398
0.1551 398
0.1552 395
0.1553 388
0.1554 387
0.1555 386
0.1556 385
0.1557 384
0.1558 380
0.1559 384
0.156 378
0.1561 372
0.1562 362
0.1563 357
0.1564 364
0.1565 365
0.1566 373
0.1567 380
0.1568 384
0.1569 390
0.157 387
0.1571 378
0.1572 371
0.1573 367
0.1574 361
0.1575 351
0.1576 344
0.1577 339
0.1578 323
0.1579 329
0.158 337
0.1581 335
0.1582 333
0.1583 332
0.1584 330
0.1585 341
0.1586 344
0.1587 344
0.1588 350
0.1589 341
0.159 337
0.1591 334
0.1592 329
0.1593 330
0.1594 330
0.1595 333
0.1596 327
0.1597 321
0.1598 314
0.1599 307
0.16 301
0.1601 300
0.1602 299
0.1603 297
0.1604 294
0.1605 290
0.1606 291
0.1607 299
0.1608 321
0.1609 334
0.161 336
0.1611 346
0.1612 353
0.1613 361
0.1614 362
0.1615 373
0.1616 395
0.1617 427
0.1618 452
0.1619 494
0.162 529
0.1621 588
0.1622 650
0.1623 700
0.1624 752
0.1625 770
0.1626 790
0.1627 793
0.1628 795
0.1629 800
0.163 798
0.1631 799
0.1632 784
0.1633 774
0.1634 765
0.1635 754
0.1636 746
0.1637 729
0.1638 723
0.1639 713
0.164 718
0.1641 732
0.1642 738
0.1643 753
0.1644 769
0.1645 779
0.1646 799
0.1647 831
0.1648 866
0.1649 890
0.165 909
0.1651 933
0.1652 948
0.1653 965
0.1654 979
0.1655 982
0.1656 984
0.1657 989
0.1658 997
0.1659 983
0.166 979
0.1661 981
0.1662 986
0.1663 992
0.1664 991
0.1665 999
0.1666 1015
0.1667 1025
0.1668 1018
0.1669 1010
0.167 1017
0.1671 1024
0.1672 1034
0.1673 1042
0.1674 1040
0.1675 1036
0.1676 1036
0.1677 1046
0.1678 1048
0.1679 1048
0.168 1031
0.1681 1047
0.1682 1040
0.1683 1044
0.1684 1052
0.1685 1056
0.1686 1057
0.1687 1058
0.1688 1070
0.1689 1089
0.169 1106
0.1691 1102
0.1692 1115
0.1693 1117
0.1694 1111
0.1695 1122
0.1696 1118
0.1697 1126
0.1698 1131
0.1699 1119
0.17 1129
0.1701 1128
0.1702 1123
0.1703 1137
0.1704 1135
0.1705 1143
0.1706 1147
0.1707 1150
0.1708 1159
0.1709 1159
0.171 1156
0.1711 1170
0.1712 1177
0.1713 1179
0.1714 1190
0.1715 1183
0.1716 1190
0.1717 1199
0.1718 1188
0.1719 1185
0.172 1194
0.1721 1194
0.1722 1209
0.1723 1206
0.1724 1210
0.1725 1225
0.1726 1219
0.1727 1215
0.1728 1223
0.1729 1224
0.173 1225
0.1731 1220
0.1732 1227
0.1733 1239
0.1734 1237
0.1735 1231
0.1736 1236
0.1737 1251
0.1738 1255
0.1739 1254
0.174 1257
0.1741 1260
0.1742 1271
0.1743 1268
0.1744 1278
0.1745 1277
0.1746 1284
0.1747 1290
0.1748 1301
0.1749 1302
0.175 1308
0.1751 1316
0.1752 1307
0.1753 1314
0.1754 1316
0.1755 1327
0.1756 1326
0.1757 1328
0.1758 1331
0.1759 1329
0.176 1337
0.1761 1346
0.1762 1341
0.1763 1347
0.1764 1361
0.1765 1361
0.1766 1367
0.1767 1380
0.1768 1385
0.1769 1387
0.177 1397
0.1771 1394
0.1772 1406
0.1773 1403
0.1774 1397
0.1775 1408
0.1776 1419
0.1777 1423
0.1778 1433
0.1779 1436
0.178 1434
0.1781 1446
0.1782 1457
0.1783 1457
0.1784 1466
0.1785 1459
0.1786 1474
0.1787 1478
0.1788 1483
0.1789 1490
0.179 1486
0.1791 1491
0.1792 1499
0.1793 1509
0.1794 1508
0.1795 1511
0.1796 1519
0.1797 1526
0.1798 1531
0.1799 1544
0.18 1537
0.1801 1554
0.1802 1560
0.1803 1547
0.1804 1556
0.1805 1563
0.1806 1571
0.1807 1571
0.1808 1575
0.1809 1574
0.181 1589
0.1811 1596
0.1812 1594
0.1813 1600
0.1814 1620
0.1815 1631
0.1816 1626
0.1817 1621
0.1818 1643
0.1819 1652
0.182 1659
0.1821 1661
0.1822 1668
0.1823 1667
0.1824 1676
0.1825 1687
0.1826 1702
0.1827 1695
0.1828 1700
0.1829 1714
0.183 1711
0.1831 1708
0.1832 1718
0.1833 1728
0.1834 1724
0.1835 1733
0.1836 1737
0.1837 1732
0.1838 1734
0.1839 1737
0.184 1740
0.1841 1739
0.1842 1744
0.1843 1732
0.1844 1739
0.1845 1743
0.1846 1750
0.1847 1756
0.1848 1754
0.1849 1756
0.185 1748
0.1851 1752
0.1852 1761
0.1853 1767
0.1854 1771
0.1855 1767
0.1856 1766
0.1857 1761
0.1858 1741
0.1859 1705
0.186 1699
0.1861 1693
0.1862 1674
0.1863 1662
0.1864 1647
0.1865 1634
0.1866 1637
0.1867 1636
0.1868 1628
0.1869 1615
0.187 1585
0.1871 1568
0.1872 1548
0.1873 1516
0.1874 1490
0.1875 1462
0.1876 1430
0.1877 1400
0.1878 1366
0.1879 1338
0.188 1314
0.1881 1279
0.1882 1249
0.1883 1222
0.1884 1191
0.1885 1160
0.1886 1136
0.1887 1122
0.1888 1100
0.1889 1073
0.189 1049
0.1891 1026
0.1892 1006
0.1893 981
0.1894 960
0.1895 944
0.1896 938
0.1897 922
0.1898 903
0.1899 886
0.19 867
0.1901 847
0.1902 834
0.1903 822
0.1904 807
0.1905 788
0.1906 785
0.1907 783
0.1908 762
0.1909 752
0.191 737
0.1911 720
0.1912 700
0.1913 683
0.1914 674
0.1915 656
0.1916 633
0.1917 622
0.1918 614
0.1919 609
0.192 608
0.1921 609
0.1922 602
0.1923 595
0.1924 595
0.1925 581
0.1926 567
0.1927 563
0.1928 557
0.1929 544
0.193 535
0.1931 518
0.1932 501
0.1933 494
0.1934 482
0.1935 474
0.1936 461
0.1937 455
0.1938 453
0.1939 449
0.194 454
0.1941 449
0.1942 437
0.1943 428
0.1944 425
0.1945 423
0.1946 419
0.1947 419
0.1948 411
0.1949 404
0.195 393
0.1951 383
0.1952 373
0.1953 376
0.1954 375
0.1955 372
0.1956 372
0.1957 371
0.1958 365
0.1959 364
0.196 359
0.1961 352
0.1962 355
0.1963 351
0.1964 342
0.1965 337
0.1966 341
0.1967 335
0.1968 332
0.1969 332
0.197 337
0.1971 343
0.1972 338
0.1973 353
0.1974 354
0.1975 353
0.1976 349
0.1977 357
0.1978 369
0.1979 370
0.198 367
0.1981 368
0.1982 357
0.1983 359
0.1984 368
0.1985 367
0.1986 372
0.1987 374
0.1988 367
0.1989 353
0.199 345
0.1991 340
0.1992 337
0.1993 330
0.1994 326
0.1995 337
0.1996 338
0.1997 336
0.1998 331
0.1999 331
0.2 323
0.2001 315
0.2002 308
0.2003 305
0.2004 306
0.2005 294
0.2006 287
0.2007 287
0.2008 286
0.2009 282
0.201 279
0.2011 277
0.2012 276
0.2013 275
0.2014 281
0.2015 286
0.2016 317
0.2017 337
0.2018 347
0.2019 352
0.202 377
0.2021 403
0.2022 422
0.2023 429
0.2024 435
0.2025 452
0.2026 465
0.2027 477
0.2028 484
0.2029 480
0.203 488
0.2031 493
0.2032 489
0.2033 480
0.2034 477
0.2035 482
0.2036 508
0.2037 549
0.2038 576
0.2039 609
0.204 626
0.2041 663
0.2042 678
0.2043 689
0.2044 698
0.2045 697
0.2046 695
0.2047 694
0.2048 687
0.2049 676
0.205 657
0.2051 655
0.2052 649
0.2053 642
0.2054 637
0.2055 620
0.2056 609
0.2057 607
0.2058 599
0.2059 605
0.206 601
0.2061 599
0.2062 600
0.2063 590
0.2064 579
0.2065 580
0.2066 579
0.2067 573
0.2068 557
0.2069 549
0.207 539
0.2071 528
0.2072 519
0.2073 516
0.2074 507
0.2075 504
0.2076 495
0.2077 495
0.2078 487
0.2079 485
0.208 478
0.2081 477
0.2082 471
0.2083 461
0.2084 461
0.2085 453
0.2086 445
0.2087 430
0.2088 428
0.2089 423
0.209 418
0.2091 413
0.2092 412
0.2093 410
0.2094 400
0.2095 392
0.2096 384
0.2097 373
0.2098 369
0.2099 363
0.21 373
0.2101 383
0.2102 385
0.2103 388
0.2104 392
0.2105 389
0.2106 380
0.2107 385
0.2108 379
0.2109 376
0.211 373
0.2111 365
0.2112 362
0.2113 353
0.2114 347
0.2115 350
0.2116 353
0.2117 361
0.2118 362
0.2119 359
0.212 358
0.2121 352
0.2122 347
0.2123 340
0.2124 332
0.2125 338
0.2126 336
0.2127 333
0.2128 331
0.2129 321
0.213 319
0.2131 317
0.2132 316
0.2133 307
0.2134 300
0.2135 296
0.2136 295
0.2137 293
0.2138 313
0.2139 333
0.214 344
0.2141 367
0.2142 376
0.2143 379
0.2144 385
0.2145 387
0.2146 393
0.2147 381
0.2148 375
0.2149 366
0.215 363
0.2151 360
0.2152 357
0.2153 361
0.2154 363
0.2155 374
0.2156 374
0.2157 370
0.2158 371
0.2159 373
0.216 370
0.2161 378
0.2162 392
0.2163 410
0.2164 413
0.2165 415
0.2166 421
0.2167 420
0.2168 411
0.2169 411
0.217 403
0.2171 404
0.2172 398
0.2173 394
0.2174 387
0.2175 384
0.2176 372
0.2177 367
0.2178 362
0.2179 354
0.218 344
0.2181 336
0.2182 330
0.2183 323
0.2184 319
0.2185 321
0.2186 320
0.2187 319
0.2188 316
0.2189 312
0.219 304
0.2191 302
0.2192 302
0.2193 295
0.2194 293
0.2195 287
0.2196 281
0.2197 276
0.2198 272
0.2199 271
0.22 275
0.2201 275
0.2202 273
0.2203 276
0.2204 272
0.2205 267
0.2206 272
0.2207 283
0.2208 315
0.2209 341
0.221 377
0.2211 409
0.2212 454
0.2213 509
0.2214 549
0.2215 581
0.2216 619
0.2217 639
0.2218 659
0.2219 669
0.222 691
0.2221 704
0.2222 711
0.2223 725
0.2224 723
0.2225 726
0.2226 727
0.2227 727
0.2228 734
0.2229 745
0.223 743
0.2231 744
0.2232 745
0.2233 742
0.2234 745
0.2235 744
0.2236 743
0.2237 747
0.2238 743
0.2239 744
0.224 753
0.2241 750
0.2242 755
0.2243 753
0.2244 754
0.2245 758
0.2246 760
0.2247 758
0.2248 761
0.2249 753
0.225 761
0.2251 762
0.2252 766
0.2253 764
0.2254 767
0.2255 764
0.2256 768
0.2257 771
0.2258 771
0.2259 777
0.226 771
0.2261 780
0.2262 781
0.2263 781
0.2264 785
0.2265 789
0.2266 793
0.2267 790
0.2268 795
0.2269 797
0.227 800
0.2271 800
0.2272 800
0.2273 803
0.2274 804
0.2275 807
0.2276 805
0.2277 809
0.2278 813
0.2279 817
0.228 819
0.2281 828
0.2282 836
0.2283 840
0.2284 841
0.2285 844
0.2286 850
0.2287 853
0.2288 856
0.2289 856
0.229 863
0.2291 869
0.2292 869
0.2293 883
0.2294 883
0.2295 893
0.2296 897
0.2297 895
0.2298 901
0.2299 903
0.23 906
0.2301 910
0.2302 916
0.2303 924
0.2304 931
0.2305 935
0.2306 939
0.2307 950
0.2308 954
0.2309 963
0.231 969
0.2311 974
0.2312 981
0.2313 981
0.2314 988
0.2315 989
0.2316 998
0.2317 998
0.2318 1006
0.2319 1015
0.232 1019
0.2321 1027
0.2322 1028
0.2323 1034
0.2324 1043
0.2325 1050
0.2326 1054
0.2327 1066
0.2328 1070
0.2329 1074
0.233 1081
0.2331 1087
0.2332 1089
0.2333 1095
0.2334 1099
0.2335 1109
0.2336 1108
0.2337 1111
0.2338 1122
0.2339 1134
0.234 1131
0.2341 1136
0.2342 1142
0.2343 1147
0.2344 1153
0.2345 1152
0.2346 1156
0.2347 1162
0.2348 1168
0.2349 1169
0.235 1170
0.2351 1174
0.2352 1182
0.2353 1191
0.2354 1203
0.2355 1211
0.2356 1213
0.2357 1219
0.2358 1228
0.2359 1235
0.236 1245
0.2361 1241
0.2362 1244
0.2363 1243
0.2364 1252
0.2365 1263
0.2366 1273
0.2367 1275
0.2368 1283
0.2369 1284
0.237 1292
0.2371 1297
0.2372 1303
0.2373 1307
0.2374 1317
0.2375 1320
0.2376 1325
0.2377 1338
0.2378 1335
0.2379 1343
0.238 1356
0.2381 1362
0.2382 1377
0.2383 1384
0.2384 1395
0.2385 1399
0.2386 1406
0.2387 1417
0.2388 1424
0.2389 1439
0.239 1442
0.2391 1458
0.2392 1464
0.2393 1465
0.2394 1472
0.2395 1475
0.2396 1492
0.2397 1500
0.2398 1508
0.2399 1508
0.24 1529
0.2401 1523
0.2402 1533
0.2403 1543
0.2404 1548
0.2405 1552
0.2406 1549
0.2407 1564
0.2408 1561
0.2409 1574
0.241 1578
0.2411 1575
0.2412 1590
0.2413 1594
0.2414 1610
0.2415 1620
0.2416 1631
0.2417 1636
0.2418 1650
0.2419 1648
0.242 1658
0.2421 1645
0.2422 1651
0.2423 1668
0.2424 1678
0.2425 1686
0.2426 1682
0.2427 1696
0.2428 1701
0.2429 1707
0.243 1714
0.2431 1713
0.2432 1714
0.2433 1719
0.2434 1737
0.2435 1731
0.2436 1720
0.2437 1742
0.2438 1735
0.2439 1745
0.244 1736
0.2441 1716
0.2442 1715
0.2443 1715
0.2444 1700
0.2445 1702
0.2446 1698
0.2447 1695
0.2448 1699
0.2449 1705
0.245 1710
0.2451 1726
0.2452 1727
0.2453 1743
0.2454 1727
0.2455 1728
0.2456 1721
0.2457 1696
0.2458 1667
0.2459 1626
0.246 1595
0.2461 1570
0.2462 1542
0.2463 1526
0.2464 1507
0.2465 1484
0.2466 1449
0.2467 1406
0.2468 1376
0.2469 1343
0.247 1321
0.2471 1311
0.2472 1286
0.2473 1259
0.2474 1236
0.2475 1211
0.2476 1178
0.2477 1155
0.2478 1140
0.2479 1125
0.248 1101
0.2481 1082
0.2482 1073
0.2483 1047
0.2484 1021
0.2485 999
0.2486 985
0.2487 969
0.2488 965
0.2489 951
0.249 936
0.2491 930
0.2492 908
0.2493 886
0.2494 871
0.2495 852
0.2496 836
0.2497 817
0.2498 804
0.2499 788
0.25 767
