0 0
0.0001 0
0.0002 0
0.0003 0
0.0004 0
0.0005 0
0.0006 0
0.0007 0
0.0008 0
0.0009 0
0.001 0
0.0011 0
0.0012 0
0.0013 1
0.0014 1
0.0015 2
0.0016 3
0.0017 4
0.0018 5
0.0019 6
0.002 8
0.0021 9
0.0022 11
0.0023 12
0.0024 14
0.0025 15
0.0026 17
0.0027 19
0.0028 21
0.0029 22
0.003 25
0.0031 27
0.0032 30
0.0033 33
0.0034 35
0.0035 37
0.0036 40
0.0037 42
0.0038 44
0.0039 47
0.004 50
0.0041 53
0.0042 56
0.0043 59
0.0044 61
0.0045 65
0.0046 69
0.0047 72
0.0048 75
0.0049 77
0.005 83
0.0051 87
0.0052 91
0.0053 95
0.0054 99
0.0055 102
0.0056 108
0.0057 113
0.0058 116
0.0059 122
0.006 126
0.0061 130
0.0062 134
0.0063 140
0.0064 145
0.0065 150
0.0066 155
0.0067 161
0.0068 166
0.0069 173
0.007 179
0.0071 185
0.0072 191
0.0073 197
0.0074 204
0.0075 210
0.0076 217
0.0077 224
0.0078 230
0.0079 237
0.008 244
0.0081 250
0.0082 258
0.0083 266
0.0084 272
0.0085 277
0.0086 286
0.0087 295
0.0088 303
0.0089 310
0.009 319
0.0091 327
0.0092 334
0.0093 341
0.0094 349
0.0095 357
0.0096 367
0.0097 373
0.0098 382
0.0099 390
0.01 397
0.0101 403
0.0102 413
0.0103 419
0.0104 427
0.0105 435
0.0106 443
0.0107 448
0.0108 457
0.0109 465
0.011 470
0.0111 477
0.0112 486
0.0113 493
0.0114 500
0.0115 506
0.0116 515
0.0117 525
0.0118 531
0.0119 540
0.012 547
0.0121 557
0.0122 563
0.0123 571
0.0124 578
0.0125 587
0.0126 593
0.0127 602
0.0128 612
0.0129 620
0.013 627
0.0131 637
0.0132 646
0.0133 655
0.0134 666
0.0135 676
0.0136 682
0.0137 694
0.0138 704
0.0139 710
0.014 720
0.0141 732
0.0142 741
0.0143 752
0.0144 762
0.0145 771
0.0146 783
0.0147 792
0.0148 801
0.0149 812
0.015 822
0.0151 833
0.0152 839
0.0153 850
0.0154 863
0.0155 872
0.0156 884
0.0157 890
0.0158 905
0.0159 915
0.016 926
0.0161 935
0.0162 946
0.0163 952
0.0164 966
0.0165 975
0.0166 987
0.0167 996
0.0168 1003
0.0169 1013
0.017 1027
0.0171 1036
0.0172 1043
0.0173 1057
0.0174 1069
0.0175 1073
0.0176 1089
0.0177 1098
0.0178 1107
0.0179 1118
0.018 1131
0.0181 1142
0.0182 1149
0.0183 1160
0.0184 1172
0.0185 1180
0.0186 1191
0.0187 1200
0.0188 1210
0.0189 1218
0.019 1231
0.0191 1235
0.0192 1248
0.0193 1257
0.0194 1270
0.0195 1276
0.0196 1290
0.0197 1300
0.0198 1307
0.0199 1317
0.02 1327
0.0201 1335
0.0202 1346
0.0203 1357
0.0204 1365
0.0205 1373
0.0206 1386
0.0207 1394
0.0208 1403
0.0209 1409
0.021 1421
0.0211 1435
0.0212 1439
0.0213 1447
0.0214 1454
0.0215 1464
0.0216 1480
0.0217 1489
0.0218 1504
0.0219 1506
0.022 1510
0.0221 1520
0.0222 1530
0.0223 1544
0.0224 1547
0.0225 1548
0.0226 1555
0.0227 1563
0.0228 1571
0.0229 1583
0.023 1577
0.0231 1578
0.0232 1580
0.0233 1571
0.0234 1556
0.0235 1542
0.0236 1526
0.0237 1521
0.0238 1504
0.0239 1485
0.024 1468
0.0241 1447
0.0242 1408
0.0243 1383
0.0244 1355
0.0245 1327
0.0246 1305
0.0247 1269
0.0248 1245
0.0249 1219
0.025 1194
0.0251 1172
0.0252 1147
0.0253 1122
0.0254 1099
0.0255 1084
0.0256 1064
0.0257 1042
0.0258 1025
0.0259 1011
0.026 988
0.0261 967
0.0262 954
0.0263 935
0.0264 925
0.0265 906
0.0266 892
0.0267 864
0.0268 857
0.0269 842
0.027 829
0.0271 821
0.0272 792
0.0273 781
0.0274 782
0.0275 777
0.0276 781
0.0277 793
0.0278 826
0.0279 838
0.028 842
0.0281 848
0.0282 851
0.0283 843
0.0284 846
0.0285 833
0.0286 828
0.0287 826
0.0288 816
0.0289 798
0.029 780
0.0291 766
0.0292 748
0.0293 734
0.0294 731
0.0295 719
0.0296 717
0.0297 706
0.0298 695
0.0299 694
0.03 677
0.0301 664
0.0302 652
0.0303 641
0.0304 626
0.0305 613
0.0306 605
0.0307 602
0.0308 599
0.0309 594
0.031 585
0.0311 577
0.0312 579
0.0313 576
0.0314 584
0.0315 574
0.0316 571
0.0317 557
0.0318 545
0.0319 534
0.032 528
0.0321 520
0.0322 508
0.0323 501
0.0324 488
0.0325 476
0.0326 478
0.0327 468
0.0328 459
0.0329 457
0.033 448
0.0331 439
0.0332 430
0.0333 422
0.0334 416
0.0335 410
0.0336 404
0.0337 402
0.0338 397
0.0339 392
0.034 383
0.0341 379
0.0342 376
0.0343 369
0.0344 360
0.0345 368
0.0346 363
0.0347 360
0.0348 356
0.0349 351
0.035 352
0.0351 351
0.0352 355
0.0353 356
0.0354 356
0.0355 360
0.0356 359
0.0357 363
0.0358 352
0.0359 350
0.036 342
0.0361 339
0.0362 338
0.0363 338
0.0364 338
0.0365 338
0.0366 333
0.0367 333
0.0368 332
0.0369 335
0.037 334
0.0371 332
0.0372 339
0.0373 348
0.0374 348
0.0375 344
0.0376 341
0.0377 340
0.0378 341
0.0379 336
0.038 335
0.0381 340
0.0382 339
0.0383 343
0.0384 340
0.0385 338
0.0386 333
0.0387 324
0.0388 316
0.0389 306
0.039 299
0.0391 298
0.0392 308
0.0393 321
0.0394 330
0.0395 330
0.0396 332
0.0397 342
0.0398 354
0.0399 358
0.04 357
0.0401 350
0.0402 347
0.0403 347
0.0404 350
0.0405 339
0.0406 335
0.0407 342
0.0408 351
0.0409 354
0.041 356
0.0411 357
0.0412 349
0.0413 346
0.0414 345
0.0415 336
0.0416 335
0.0417 333
0.0418 326
0.0419 316
0.042 317
0.0421 313
0.0422 317
0.0423 309
0.0424 302
0.0425 304
0.0426 309
0.0427 295
0.0428 289
0.0429 291
0.043 287
0.0431 287
0.0432 289
0.0433 290
0.0434 287
0.0435 285
0.0436 286
0.0437 282
0.0438 278
0.0439 280
0.044 283
0.0441 285
0.0442 281
0.0443 279
0.0444 279
0.0445 283
0.0446 279
0.0447 276
0.0448 274
0.0449 265
0.045 255
0.0451 251
0.0452 258
0.0453 258
0.0454 267
0.0455 259
0.0456 253
0.0457 252
0.0458 243
0.0459 237
0.046 236
0.0461 239
0.0462 240
0.0463 244
0.0464 239
0.0465 240
0.0466 236
0.0467 240
0.0468 240
0.0469 244
0.047 252
0.0471 251
0.0472 249
0.0473 244
0.0474 243
0.0475 236
0.0476 237
0.0477 239
0.0478 237
0.0479 229
0.048 226
0.0481 219
0.0482 217
0.0483 206
0.0484 202
0.0485 203
0.0486 201
0.0487 198
0.0488 197
0.0489 202
0.049 202
0.0491 203
0.0492 204
0.0493 209
0.0494 219
0.0495 228
0.0496 231
0.0497 229
0.0498 238
0.0499 241
0.05 247
0.0501 249
0.0502 248
0.0503 251
0.0504 261
0.0505 269
0.0506 269
0.0507 277
0.0508 276
0.0509 283
0.051 289
0.0511 283
0.0512 279
0.0513 279
0.0514 277
0.0515 274
0.0516 271
0.0517 266
0.0518 260
0.0519 256
0.052 253
0.0521 252
0.0522 245
0.0523 245
0.0524 247
0.0525 249
0.0526 247
0.0527 248
0.0528 250
0.0529 254
0.053 253
0.0531 254
0.0532 254
0.0533 258
0.0534 266
0.0535 260
0.0536 269
0.0537 276
0.0538 273
0.0539 273
0.054 277
0.0541 274
0.0542 277
0.0543 276
0.0544 276
0.0545 276
0.0546 282
0.0547 289
0.0548 302
0.0549 334
0.055 351
0.0551 365
0.0552 385
0.0553 393
0.0554 396
0.0555 403
0.0556 409
0.0557 407
0.0558 402
0.0559 394
0.056 395
0.0561 393
0.0562 393
0.0563 388
0.0564 380
0.0565 378
0.0566 378
0.0567 380
0.0568 370
0.0569 367
0.057 363
0.0571 361
0.0572 351
0.0573 346
0.0574 339
0.0575 329
0.0576 322
0.0577 320
0.0578 305
0.0579 298
0.058 297
0.0581 283
0.0582 278
0.0583 277
0.0584 270
0.0585 273
0.0586 269
0.0587 263
0.0588 259
0.0589 255
0.059 247
0.0591 246
0.0592 244
0.0593 238
0.0594 236
0.0595 233
0.0596 233
0.0597 231
0.0598 225
0.0599 225
0.06 228
0.0601 226
0.0602 227
0.0603 227
0.0604 228
0.0605 226
0.0606 224
0.0607 227
0.0608 227
0.0609 229
0.061 226
0.0611 224
0.0612 221
0.0613 215
0.0614 209
0.0615 201
0.0616 203
0.0617 196
0.0618 196
0.0619 190
0.062 188
0.0621 184
0.0622 177
0.0623 176
0.0624 171
0.0625 170
0.0626 170
0.0627 173
0.0628 172
0.0629 178
0.063 181
0.0631 180
0.0632 183
0.0633 190
0.0634 188
0.0635 190
0.0636 197
0.0637 208
0.0638 208
0.0639 214
0.064 215
0.0641 216
0.0642 215
0.0643 220
0.0644 218
0.0645 224
0.0646 226
0.0647 225
0.0648 226
0.0649 230
0.065 233
0.0651 238
0.0652 239
0.0653 245
0.0654 252
0.0655 259
0.0656 275
0.0657 285
0.0658 290
0.0659 291
0.066 293
0.0661 293
0.0662 287
0.0663 288
0.0664 286
0.0665 289
0.0666 288
0.0667 284
0.0668 287
0.0669 277
0.067 281
0.0671 281
0.0672 290
0.0673 293
0.0674 294
0.0675 294
0.0676 300
0.0677 294
0.0678 300
0.0679 297
0.068 298
0.0681 296
0.0682 294
0.0683 289
0.0684 291
0.0685 290
0.0686 287
0.0687 283
0.0688 278
0.0689 273
0.069 268
0.0691 265
0.0692 255
0.0693 250
0.0694 245
0.0695 251
0.0696 246
0.0697 243
0.0698 238
0.0699 236
0.07 238
0.0701 235
0.0702 240
0.0703 238
0.0704 239
0.0705 235
0.0706 232
0.0707 231
0.0708 234
0.0709 234
0.071 235
0.0711 235
0.0712 241
0.0713 238
0.0714 242
0.0715 243
0.0716 236
0.0717 232
0.0718 234
0.0719 247
0.072 257
0.0721 259
0.0722 262
0.0723 262
0.0724 258
0.0725 259
0.0726 271
0.0727 273
0.0728 271
0.0729 273
0.073 274
0.0731 275
0.0732 277
0.0733 281
0.0734 286
0.0735 278
0.0736 277
0.0737 280
0.0738 274
0.0739 271
0.074 259
0.0741 260
0.0742 272
0.0743 269
0.0744 275
0.0745 279
0.0746 279
0.0747 283
0.0748 286
0.0749 281
0.075 285
0.0751 284
0.0752 277
0.0753 275
0.0754 274
0.0755 272
0.0756 263
0.0757 262
0.0758 261
0.0759 255
0.076 253
0.0761 252
0.0762 254
0.0763 252
0.0764 252
0.0765 249
0.0766 247
0.0767 252
0.0768 253
0.0769 256
0.077 253
0.0771 258
0.0772 261
0.0773 256
0.0774 251
0.0775 247
0.0776 247
0.0777 249
0.0778 253
0.0779 248
0.078 247
0.0781 243
0.0782 237
0.0783 234
0.0784 226
0.0785 228
0.0786 230
0.0787 232
0.0788 232
0.0789 241
0.079 255
0.0791 261
0.0792 270
0.0793 278
0.0794 286
0.0795 305
0.0796 310
0.0797 332
0.0798 345
0.0799 342
0.08 345
0.0801 348
0.0802 352
0.0803 350
0.0804 349
0.0805 354
0.0806 347
0.0807 344
0.0808 342
0.0809 336
0.081 330
0.0811 331
0.0812 326
0.0813 322
0.0814 321
0.0815 318
0.0816 315
0.0817 314
0.0818 315
0.0819 321
0.082 318
0.0821 322
0.0822 320
0.0823 320
0.0824 320
0.0825 319
0.0826 315
0.0827 313
0.0828 313
0.0829 309
0.083 299
0.0831 294
0.0832 284
0.0833 277
0.0834 276
0.0835 275
0.0836 272
0.0837 268
0.0838 265
0.0839 263
0.084 261
0.0841 256
0.0842 255
0.0843 258
0.0844 257
0.0845 257
0.0846 256
0.0847 251
0.0848 255
0.0849 256
0.085 251
0.0851 253
0.0852 249
0.0853 252
0.0854 250
0.0855 248
0.0856 255
0.0857 251
0.0858 262
0.0859 268
0.086 264
0.0861 266
0.0862 269
0.0863 274
0.0864 271
0.0865 268
0.0866 263
0.0867 262
0.0868 264
0.0869 260
0.087 251
0.0871 242
0.0872 240
0.0873 244
0.0874 255
0.0875 256
0.0876 256
0.0877 252
0.0878 253
0.0879 251
0.088 250
0.0881 256
0.0882 258
0.0883 254
0.0884 257
0.0885 257
0.0886 257
0.0887 256
0.0888 259
0.0889 260
0.089 260
0.0891 275
0.0892 288
0.0893 329
0.0894 349
0.0895 371
0.0896 374
0.0897 370
0.0898 380
0.0899 384
0.09 388
0.0901 384
0.0902 381
0.0903 385
0.0904 388
0.0905 383
0.0906 389
0.0907 392
0.0908 388
0.0909 391
0.091 387
0.0911 390
0.0912 393
0.0913 397
0.0914 399
0.0915 397
0.0916 403
0.0917 402
0.0918 403
0.0919 407
0.092 409
0.0921 408
0.0922 411
0.0923 412
0.0924 413
0.0925 417
0.0926 419
0.0927 421
0.0928 420
0.0929 424
0.093 427
0.0931 429
0.0932 433
0.0933 434
0.0934 435
0.0935 442
0.0936 444
0.0937 445
0.0938 451
0.0939 452
0.094 457
0.0941 460
0.0942 464
0.0943 469
0.0944 473
0.0945 477
0.0946 481
0.0947 482
0.0948 489
0.0949 494
0.095 499
0.0951 503
0.0952 508
0.0953 514
0.0954 519
0.0955 523
0.0956 529
0.0957 531
0.0958 540
0.0959 542
0.096 551
0.0961 557
0.0962 562
0.0963 566
0.0964 573
0.0965 576
0.0966 583
0.0967 588
0.0968 594
0.0969 601
0.097 606
0.0971 609
0.0972 618
0.0973 622
0.0974 628
0.0975 636
0.0976 642
0.0977 648
0.0978 655
0.0979 661
0.098 666
0.0981 672
0.0982 680
0.0983 685
0.0984 690
0.0985 699
0.0986 702
0.0987 710
0.0988 717
0.0989 720
0.099 730
0.0991 737
0.0992 742
0.0993 750
0.0994 757
0.0995 764
0.0996 770
0.0997 780
0.0998 785
0.0999 794
0.1 801
0.1001 806
0.1002 815
0.1003 821
0.1004 831
0.1005 836
0.1006 844
0.1007 850
0.1008 859
0.1009 866
0.101 875
0.1011 883
0.1012 890
0.1013 895
0.1014 903
0.1015 916
0.1016 922
0.1017 932
0.1018 939
0.1019 948
0.102 958
0.1021 968
0.1022 973
0.1023 983
0.1024 995
0.1025 1003
0.1026 1013
0.1027 1019
0.1028 1032
0.1029 1041
0.103 1048
0.1031 1058
0.1032 1067
0.1033 1077
0.1034 1085
0.1035 1096
0.1036 1101
0.1037 1113
0.1038 1125
0.1039 1128
0.104 1140
0.1041 1150
0.1042 1159
0.1043 1170
0.1044 1182
0.1045 1191
0.1046 1197
0.1047 1208
0.1048 1213
0.1049 1229
0.105 1238
0.1051 1248
0.1052 1259
0.1053 1264
0.1054 1279
0.1055 1284
0.1056 1293
0.1057 1306
0.1058 1314
0.1059 1324
0.106 1333
0.1061 1344
0.1062 1354
0.1063 1366
0.1064 1373
0.1065 1382
0.1066 1391
0.1067 1405
0.1068 1411
0.1069 1420
0.107 1430
0.1071 1444
0.1072 1451
0.1073 1462
0.1074 1472
0.1075 1483
0.1076 1489
0.1077 1500
0.1078 1503
0.1079 1514
0.108 1510
0.1081 1525
0.1082 1542
0.1083 1549
0.1084 1555
0.1085 1566
0.1086 1565
0.1087 1575
0.1088 1576
0.1089 1591
0.109 1583
0.1091 1592
0.1092 1607
0.1093 1605
0.1094 1599
0.1095 1593
0.1096 1583
0.1097 1569
0.1098 1559
0.1099 1534
0.11 1514
0.1101 1489
0.1102 1472
0.1103 1451
0.1104 1421
0.1105 1410
0.1106 1387
0.1107 1353
0.1108 1328
0.1109 1290
0.111 1258
0.1111 1238
0.1112 1212
0.1113 1197
0.1114 1178
0.1115 1156
0.1116 1128
0.1117 1106
0.1118 1084
0.1119 1055
0.112 1042
0.1121 1028
0.1122 998
0.1123 974
0.1124 951
0.1125 931
0.1126 899
0.1127 881
0.1128 864
0.1129 846
0.113 830
0.1131 816
0.1132 790
0.1133 781
0.1134 766
0.1135 760
0.1136 744
0.1137 726
0.1138 712
0.1139 691
0.114 678
0.1141 670
0.1142 652
0.1143 642
0.1144 634
0.1145 628
0.1146 619
0.1147 613
0.1148 604
0.1149 599
0.115 590
0.1151 578
0.1152 576
0.1153 563
0.1154 554
0.1155 553
0.1156 538
0.1157 525
0.1158 514
0.1159 515
0.116 510
0.1161 510
0.1162 511
0.1163 508
0.1164 500
0.1165 482
0.1166 472
0.1167 457
0.1168 446
0.1169 434
0.117 412
0.1171 401
0.1172 392
0.1173 386
0.1174 377
0.1175 377
0.1176 374
0.1177 378
0.1178 374
0.1179 374
0.118 377
0.1181 376
0.1182 364
0.1183 369
0.1184 366
0.1185 373
0.1186 377
0.1187 379
0.1188 374
0.1189 371
0.119 368
0.1191 364
0.1192 359
0.1193 351
0.1194 345
0.1195 341
0.1196 337
0.1197 335
0.1198 338
0.1199 341
0.12 345
0.1201 342
0.1202 342
0.1203 340
0.1204 336
0.1205 340
0.1206 347
0.1207 345
0.1208 345
0.1209 344
0.121 332
0.1211 334
0.1212 338
0.1213 340
0.1214 337
0.1215 329
0.1216 324
0.1217 320
0.1218 307
0.1219 297
0.122 289
0.1221 286
0.1222 284
0.1223 277
0.1224 273
0.1225 269
0.1226 264
0.1227 263
0.1228 254
0.1229 257
0.123 257
0.1231 260
0.1232 263
0.1233 263
0.1234 263
0.1235 270
0.1236 269
0.1237 269
0.1238 273
0.1239 280
0.124 278
0.1241 281
0.1242 285
0.1243 294
0.1244 303
0.1245 303
0.1246 317
0.1247 326
0.1248 335
0.1249 327
0.125 327
0.1251 317
0.1252 308
0.1253 297
0.1254 297
0.1255 300
0.1256 300
0.1257 303
0.1258 295
0.1259 290
0.126 289
0.1261 287
0.1262 285
0.1263 285
0.1264 283
0.1265 286
0.1266 294
0.1267 299
0.1268 306
0.1269 305
0.127 307
0.1271 311
0.1272 317
0.1273 323
0.1274 318
0.1275 312
0.1276 307
0.1277 300
0.1278 290
0.1279 288
0.128 282
0.1281 286
0.1282 290
0.1283 291
0.1284 290
0.1285 296
0.1286 299
0.1287 296
0.1288 291
0.1289 286
0.129 284
0.1291 281
0.1292 276
0.1293 281
0.1294 275
0.1295 268
0.1296 267
0.1297 264
0.1298 261
0.1299 257
0.13 258
0.1301 264
0.1302 268
0.1303 271
0.1304 270
0.1305 276
0.1306 274
0.1307 271
0.1308 273
0.1309 273
0.131 271
0.1311 277
0.1312 275
0.1313 269
0.1314 278
0.1315 275
0.1316 272
0.1317 278
0.1318 281
0.1319 282
0.132 279
0.1321 271
0.1322 270
0.1323 272
0.1324 273
0.1325 278
0.1326 276
0.1327 271
0.1328 261
0.1329 257
0.133 248
0.1331 244
0.1332 239
0.1333 236
0.1334 239
0.1335 237
0.1336 239
0.1337 232
0.1338 236
0.1339 235
0.134 234
0.1341 243
0.1342 245
0.1343 250
0.1344 251
0.1345 259
0.1346 263
0.1347 261
0.1348 263
0.1349 264
0.135 264
0.1351 266
0.1352 257
0.1353 259
0.1354 258
0.1355 254
0.1356 250
0.1357 252
0.1358 250
0.1359 247
0.136 254
0.1361 256
0.1362 254
0.1363 256
0.1364 260
0.1365 267
0.1366 270
0.1367 276
0.1368 281
0.1369 281
0.137 282
0.1371 288
0.1372 292
0.1373 296
0.1374 297
0.1375 300
0.1376 300
0.1377 306
0.1378 308
0.1379 309
0.138 311
0.1381 310
0.1382 308
0.1383 313
0.1384 323
0.1385 321
0.1386 321
0.1387 318
0.1388 316
0.1389 319
0.139 320
0.1391 316
0.1392 316
0.1393 316
0.1394 308
0.1395 309
0.1396 308
0.1397 308
0.1398 310
0.1399 303
0.14 301
0.1401 308
0.1402 316
0.1403 316
0.1404 322
0.1405 326
0.1406 325
0.1407 327
0.1408 331
0.1409 331
0.141 326
0.1411 327
0.1412 332
0.1413 328
0.1414 322
0.1415 323
0.1416 326
0.1417 327
0.1418 336
0.1419 338
0.142 344
0.1421 347
0.1422 348
0.1423 348
0.1424 347
0.1425 345
0.1426 339
0.1427 336
0.1428 328
0.1429 329
0.143 327
0.1431 328
0.1432 327
0.1433 318
0.1434 316
0.1435 316
0.1436 316
0.1437 314
0.1438 309
0.1439 304
0.144 304
0.1441 298
0.1442 293
0.1443 288
0.1444 282
0.1445 278
0.1446 275
0.1447 272
0.1448 269
0.1449 274
0.145 279
0.1451 279
0.1452 279
0.1453 279
0.1454 275
0.1455 271
0.1456 267
0.1457 262
0.1458 257
0.1459 250
0.146 248
0.1461 245
0.1462 240
0.1463 231
0.1464 228
0.1465 228
0.1466 225
0.1467 232
0.1468 231
0.1469 232
0.147 227
0.1471 226
0.1472 228
0.1473 229
0.1474 221
0.1475 224
0.1476 224
0.1477 229
0.1478 234
0.1479 242
0.148 250
0.1481 248
0.1482 252
0.1483 258
0.1484 260
0.1485 263
0.1486 259
0.1487 253
0.1488 248
0.1489 241
0.149 240
0.1491 235
0.1492 229
0.1493 234
0.1494 236
0.1495 240
0.1496 243
0.1497 241
0.1498 249
0.1499 245
0.15 254
0.1501 258
0.1502 266
0.1503 272
0.1504 278
0.1505 282
0.1506 288
0.1507 295
0.1508 293
0.1509 290
0.151 285
0.1511 280
0.1512 277
0.1513 266
0.1514 268
0.1515 265
0.1516 257
0.1517 250
0.1518 248
0.1519 241
0.152 233
0.1521 225
0.1522 221
0.1523 215
0.1524 217
0.1525 217
0.1526 219
0.1527 219
0.1528 225
0.1529 234
0.153 242
0.1531 248
0.1532 255
0.1533 261
0.1534 261
0.1535 264
0.1536 273
0.1537 277
0.1538 278
0.1539 277
0.154 286
0.1541 289
0.1542 285
0.1543 282
0.1544 277
0.1545 268
0.1546 262
0.1547 259
0.1548 255
0.1549 256
0.155 254
0.1551 252
0.1552 248
0.1553 247
0.1554 250
0.1555 249
0.1556 245
0.1557 242
0.1558 243
0.1559 242
0.156 237
0.1561 236
0.1562 235
0.1563 237
0.1564 245
0.1565 241
0.1566 251
0.1567 245
0.1568 251
0.1569 245
0.157 241
0.1571 242
0.1572 243
0.1573 240
0.1574 239
0.1575 236
0.1576 235
0.1577 232
0.1578 241
0.1579 243
0.158 248
0.1581 249
0.1582 242
0.1583 249
0.1584 249
0.1585 250
0.1586 252
0.1587 253
0.1588 252
0.1589 259
0.159 259
0.1591 266
0.1592 268
0.1593 272
0.1594 272
0.1595 273
0.1596 278
0.1597 280
0.1598 277
0.1599 273
0.16 271
0.1601 274
0.1602 272
0.1603 272
0.1604 272
0.1605 278
0.1606 272
0.1607 267
0.1608 258
0.1609 258
0.161 262
0.1611 266
0.1612 272
0.1613 272
0.1614 271
0.1615 269
0.1616 263
0.1617 256
0.1618 254
0.1619 254
0.162 248
0.1621 245
0.1622 233
0.1623 232
0.1624 230
0.1625 230
0.1626 231
0.1627 226
0.1628 225
0.1629 229
0.163 240
0.1631 239
0.1632 239
0.1633 245
0.1634 243
0.1635 234
0.1636 232
0.1637 230
0.1638 234
0.1639 252
0.164 277
0.1641 283
0.1642 296
0.1643 306
0.1644 310
0.1645 313
0.1646 313
0.1647 316
0.1648 311
0.1649 314
0.165 320
0.1651 324
0.1652 331
0.1653 328
0.1654 330
0.1655 335
0.1656 337
0.1657 333
0.1658 331
0.1659 327
0.166 329
0.1661 333
0.1662 331
0.1663 328
0.1664 321
0.1665 324
0.1666 323
0.1667 326
0.1668 330
0.1669 328
0.167 327
0.1671 329
0.1672 328
0.1673 322
0.1674 323
0.1675 323
0.1676 325
0.1677 321
0.1678 317
0.1679 318
0.168 312
0.1681 309
0.1682 309
0.1683 311
0.1684 310
0.1685 313
0.1686 312
0.1687 312
0.1688 303
0.1689 299
0.169 294
0.1691 293
0.1692 295
0.1693 291
0.1694 283
0.1695 279
0.1696 274
0.1697 273
0.1698 269
0.1699 266
0.17 257
0.1701 258
0.1702 261
0.1703 260
0.1704 262
0.1705 268
0.1706 269
0.1707 275
0.1708 272
0.1709 269
0.171 276
0.1711 272
0.1712 272
0.1713 269
0.1714 270
0.1715 268
0.1716 272
0.1717 270
0.1718 270
0.1719 280
0.172 278
0.1721 273
0.1722 284
0.1723 284
0.1724 284
0.1725 285
0.1726 286
0.1727 293
0.1728 295
0.1729 304
0.173 301
0.1731 304
0.1732 304
0.1733 302
0.1734 305
0.1735 312
0.1736 316
0.1737 322
0.1738 318
0.1739 322
0.174 325
0.1741 328
0.1742 325
0.1743 320
0.1744 326
0.1745 321
0.1746 318
0.1747 315
0.1748 309
0.1749 301
0.175 298
0.1751 296
0.1752 298
0.1753 305
0.1754 307
0.1755 308
0.1756 307
0.1757 303
0.1758 295
0.1759 292
0.176 288
0.1761 291
0.1762 292
0.1763 292
0.1764 289
0.1765 286
0.1766 285
0.1767 287
0.1768 287
0.1769 282
0.177 275
0.1771 268
0.1772 259
0.1773 257
0.1774 252
0.1775 248
0.1776 240
0.1777 246
0.1778 250
0.1779 251
0.178 249
0.1781 250
0.1782 247
0.1783 246
0.1784 244
0.1785 242
0.1786 241
0.1787 241
0.1788 247
0.1789 247
0.179 251
0.1791 251
0.1792 253
0.1793 257
0.1794 259
0.1795 266
0.1796 261
0.1797 261
0.1798 266
0.1799 265
0.18 264
0.1801 266
0.1802 272
0.1803 272
0.1804 269
0.1805 275
0.1806 274
0.1807 271
0.1808 267
0.1809 259
0.181 267
0.1811 262
0.1812 257
0.1813 254
0.1814 255
0.1815 256
0.1816 259
0.1817 263
0.1818 258
0.1819 259
0.182 262
0.1821 258
0.1822 264
0.1823 264
0.1824 265
0.1825 264
0.1826 262
0.1827 259
0.1828 253
0.1829 252
0.183 250
0.1831 251
0.1832 254
0.1833 251
0.1834 245
0.1835 245
0.1836 245
0.1837 248
0.1838 247
0.1839 254
0.184 251
0.1841 252
0.1842 245
0.1843 239
0.1844 242
0.1845 248
0.1846 248
0.1847 247
0.1848 250
0.1849 248
0.185 244
0.1851 239
0.1852 232
0.1853 226
0.1854 236
0.1855 232
0.1856 235
0.1857 234
0.1858 242
0.1859 244
0.186 240
0.1861 242
0.1862 241
0.1863 246
0.1864 252
0.1865 248
0.1866 242
0.1867 245
0.1868 254
0.1869 255
0.187 264
0.1871 265
0.1872 259
0.1873 264
0.1874 258
0.1875 253
0.1876 247
0.1877 240
0.1878 236
0.1879 235
0.188 233
0.1881 233
0.1882 229
0.1883 224
0.1884 223
0.1885 227
0.1886 229
0.1887 228
0.1888 227
0.1889 225
0.189 231
0.1891 231
0.1892 235
0.1893 243
0.1894 254
0.1895 270
0.1896 277
0.1897 290
0.1898 294
0.1899 307
0.19 309
0.1901 314
0.1902 317
0.1903 318
0.1904 317
0.1905 319
0.1906 317
0.1907 321
0.1908 322
0.1909 323
0.191 324
0.1911 326
0.1912 321
0.1913 325
0.1914 327
0.1915 328
0.1916 328
0.1917 329
0.1918 326
0.1919 332
0.192 329
0.1921 333
0.1922 334
0.1923 337
0.1924 337
0.1925 339
0.1926 341
0.1927 341
0.1928 341
0.1929 344
0.193 347
0.1931 348
0.1932 350
0.1933 350
0.1934 354
0.1935 357
0.1936 356
0.1937 361
0.1938 362
0.1939 367
0.194 368
0.1941 370
0.1942 375
0.1943 374
0.1944 381
0.1945 384
0.1946 386
0.1947 390
0.1948 394
0.1949 397
0.195 399
0.1951 403
0.1952 407
0.1953 410
0.1954 411
0.1955 414
0.1956 419
0.1957 422
0.1958 424
0.1959 427
0.196 430
0.1961 433
0.1962 437
0.1963 443
0.1964 446
0.1965 450
0.1966 454
0.1967 459
0.1968 462
0.1969 468
0.197 472
0.1971 477
0.1972 479
0.1973 484
0.1974 488
0.1975 493
0.1976 498
0.1977 501
0.1978 507
0.1979 510
0.198 517
0.1981 521
0.1982 527
0.1983 533
0.1984 538
0.1985 544
0.1986 548
0.1987 553
0.1988 559
0.1989 566
0.199 571
0.1991 577
0.1992 583
0.1993 588
0.1994 593
0.1995 600
0.1996 605
0.1997 608
0.1998 614
0.1999 619
0.2 624
0.2001 629
0.2002 637
0.2003 642
0.2004 647
0.2005 655
0.2006 660
0.2007 666
0.2008 672
0.2009 679
0.201 687
0.2011 693
0.2012 698
0.2013 706
0.2014 711
0.2015 720
0.2016 724
0.2017 733
0.2018 740
0.2019 746
0.202 753
0.2021 762
0.2022 769
0.2023 775
0.2024 784
0.2025 791
0.2026 798
0.2027 804
0.2028 812
0.2029 821
0.203 828
0.2031 834
0.2032 841
0.2033 850
0.2034 858
0.2035 866
0.2036 873
0.2037 880
0.2038 890
0.2039 895
0.204 904
0.2041 913
0.2042 922
0.2043 929
0.2044 936
0.2045 944
0.2046 950
0.2047 961
0.2048 966
0.2049 975
0.205 984
0.2051 991
0.2052 999
0.2053 1007
0.2054 1012
0.2055 1025
0.2056 1031
0.2057 1038
0.2058 1048
0.2059 1054
0.206 1062
0.2061 1072
0.2062 1074
0.2063 1085
0.2064 1092
0.2065 1097
0.2066 1104
0.2067 1113
0.2068 1118
0.2069 1126
0.207 1134
0.2071 1138
0.2072 1146
0.2073 1155
0.2074 1158
0.2075 1167
0.2076 1171
0.2077 1182
0.2078 1187
0.2079 1197
0.208 1204
0.2081 1209
0.2082 1215
0.2083 1226
0.2084 1230
0.2085 1236
0.2086 1243
0.2087 1248
0.2088 1259
0.2089 1261
0.209 1269
0.2091 1273
0.2092 1285
0.2093 1288
0.2094 1296
0.2095 1304
0.2096 1312
0.2097 1311
0.2098 1324
0.2099 1328
0.21 1339
0.2101 1340
0.2102 1351
0.2103 1357
0.2104 1365
0.2105 1370
0.2106 1381
0.2107 1387
0.2108 1394
0.2109 1400
0.211 1408
0.2111 1416
0.2112 1422
0.2113 1429
0.2114 1437
0.2115 1444
0.2116 1451
0.2117 1456
0.2118 1464
0.2119 1467
0.212 1474
0.2121 1481
0.2122 1487
0.2123 1493
0.2124 1505
0.2125 1506
0.2126 1516
0.2127 1521
0.2128 1528
0.2129 1538
0.213 1546
0.2131 1549
0.2132 1556
0.2133 1562
0.2134 1575
0.2135 1579
0.2136 1589
0.2137 1594
0.2138 1598
0.2139 1608
0.214 1617
0.2141 1625
0.2142 1630
0.2143 1640
0.2144 1649
0.2145 1657
0.2146 1663
0.2147 1672
0.2148 1673
0.2149 1685
0.215 1685
0.2151 1697
0.2152 1701
0.2153 1710
0.2154 1718
0.2155 1728
0.2156 1729
0.2157 1731
0.2158 1744
0.2159 1750
0.216 1750
0.2161 1759
0.2162 1765
0.2163 1775
0.2164 1777
0.2165 1784
0.2166 1793
0.2167 1800
0.2168 1801
0.2169 1811
0.217 1816
0.2171 1819
0.2172 1818
0.2173 1817
0.2174 1813
0.2175 1811
0.2176 1790
0.2177 1763
0.2178 1745
0.2179 1708
0.218 1669
0.2181 1641
0.2182 1603
0.2183 1568
0.2184 1546
0.2185 1514
0.2186 1483
0.2187 1434
0.2188 1401
0.2189 1373
0.219 1332
0.2191 1308
0.2192 1276
0.2193 1252
0.2194 1222
0.2195 1193
0.2196 1166
0.2197 1145
0.2198 1121
0.2199 1096
0.22 1072
0.2201 1042
0.2202 1019
0.2203 983
0.2204 966
0.2205 944
0.2206 915
0.2207 895
0.2208 868
0.2209 850
0.221 830
0.2211 808
0.2212 789
0.2213 779
0.2214 762
0.2215 755
0.2216 739
0.2217 726
0.2218 708
0.2219 701
0.222 684
0.2221 676
0.2222 665
0.2223 666
0.2224 665
0.2225 654
0.2226 637
0.2227 629
0.2228 617
0.2229 613
0.223 606
0.2231 610
0.2232 613
0.2233 610
0.2234 596
0.2235 593
0.2236 584
0.2237 579
0.2238 573
0.2239 563
0.224 555
0.2241 550
0.2242 536
0.2243 519
0.2244 515
0.2245 510
0.2246 499
0.2247 495
0.2248 490
0.2249 480
0.225 465
0.2251 454
0.2252 443
0.2253 428
0.2254 420
0.2255 420
0.2256 408
0.2257 399
0.2258 392
0.2259 393
0.226 395
0.2261 393
0.2262 388
0.2263 379
0.2264 368
0.2265 363
0.2266 350
0.2267 347
0.2268 344
0.2269 342
0.227 343
0.2271 344
0.2272 334
0.2273 330
0.2274 326
0.2275 324
0.2276 321
0.2277 318
0.2278 320
0.2279 325
0.228 323
0.2281 312
0.2282 311
0.2283 310
0.2284 300
0.2285 300
0.2286 298
0.2287 292
0.2288 295
0.2289 295
0.229 294
0.2291 290
0.2292 293
0.2293 288
0.2294 286
0.2295 284
0.2296 287
0.2297 292
0.2298 295
0.2299 292
0.23 289
0.2301 285
0.2302 278
0.2303 278
0.2304 275
0.2305 278
0.2306 271
0.2307 272
0.2308 275
0.2309 278
0.231 285
0.2311 281
0.2312 292
0.2313 291
0.2314 300
0.2315 300
0.2316 302
0.2317 303
0.2318 304
0.2319 303
0.232 297
0.2321 292
0.2322 288
0.2323 286
0.2324 287
0.2325 282
0.2326 273
0.2327 268
0.2328 265
0.2329 258
0.233 252
0.2331 246
0.2332 244
0.2333 243
0.2334 245
0.2335 248
0.2336 250
0.2337 250
0.2338 254
0.2339 251
0.234 250
0.2341 254
0.2342 257
0.2343 260
0.2344 262
0.2345 265
0.2346 273
0.2347 282
0.2348 284
0.2349 288
0.235 294
0.2351 299
0.2352 298
0.2353 300
0.2354 296
0.2355 299
0.2356 300
0.2357 307
0.2358 303
0.2359 305
0.236 304
0.2361 311
0.2362 303
0.2363 305
0.2364 304
0.2365 297
0.2366 293
0.2367 287
0.2368 286
0.2369 277
0.237 275
0.2371 272
0.2372 287
0.2373 304
0.2374 321
0.2375 330
0.2376 338
0.2377 341
0.2378 344
0.2379 348
0.238 348
0.2381 348
0.2382 344
0.2383 351
0.2384 341
0.2385 332
0.2386 325
0.2387 318
0.2388 306
0.2389 299
0.239 299
0.2391 294
0.2392 297
0.2393 294
0.2394 289
0.2395 283
0.2396 285
0.2397 286
0.2398 282
0.2399 281
0.24 283
0.2401 283
0.2402 276
0.2403 281
0.2404 294
0.2405 299
0.2406 303
0.2407 310
0.2408 314
0.2409 312
0.241 311
0.2411 307
0.2412 309
0.2413 309
0.2414 305
0.2415 305
0.2416 302
0.2417 299
0.2418 303
0.2419 298
0.242 291
0.2421 288
0.2422 283
0.2423 284
0.2424 284
0.2425 278
0.2426 272
0.2427 264
0.2428 262
0.2429 260
0.243 261
0.2431 260
0.2432 259
0.2433 253
0.2434 250
0.2435 242
0.2436 237
0.2437 232
0.2438 223
0.2439 222
0.244 221
0.2441 217
0.2442 213
0.2443 216
0.2444 218
0.2445 218
0.2446 219
0.2447 217
0.2448 215
0.2449 216
0.245 215
0.2451 214
0.2452 216
0.2453 213
0.2454 214
0.2455 215
0.2456 213
0.2457 212
0.2458 209
0.2459 207
0.246 206
0.2461 207
0.2462 207
0.2463 208
0.2464 214
0.2465 210
0.2466 212
0.2467 215
0.2468 222
0.2469 228
0.247 220
0.2471 225
0.2472 228
0.2473 228
0.2474 226
0.2475 227
0.2476 222
0.2477 225
0.2478 229
0.2479 220
0.248 218
0.2481 216
0.2482 221
0.2483 218
0.2484 216
0.2485 221
0.2486 225
0.2487 225
0.2488 218
0.2489 212
0.249 205
0.2491 205
0.2492 203
0.2493 200
0.2494 194
0.2495 192
0.2496 186
0.2497 185
0.2498 179
0.2499 180
0.25 179
