0 0
0.0001 10
0.0002 20
0.0003 23
0.0004 29
0.0005 33
0.0006 35
0.0007 38
0.0008 40
0.0009 39
0.001 43
0.0011 47
0.0012 49
0.0013 53
0.0014 56
0.0015 60
0.0016 63
0.0017 64
0.0018 64
0.0019 65
0.002 65
0.0021 66
0.0022 70
0.0023 72
0.0024 74
0.0025 79
0.0026 82
0.0027 84
0.0028 87
0.0029 92
0.003 88
0.0031 88
0.0032 89
0.0033 87
0.0034 88
0.0035 88
0.0036 91
0.0037 93
0.0038 95
0.0039 100
0.004 101
0.0041 93
0.0042 97
0.0043 101
0.0044 105
0.0045 105
0.0046 104
0.0047 108
0.0048 112
0.0049 113
0.005 119
0.0051 125
0.0052 131
0.0053 135
0.0054 135
0.0055 138
0.0056 137
0.0057 136
0.0058 137
0.0059 143
0.006 140
0.0061 138
0.0062 134
0.0063 137
0.0064 140
0.0065 136
0.0066 144
0.0067 146
0.0068 147
0.0069 143
0.007 140
0.0071 141
0.0072 149
0.0073 155
0.0074 155
0.0075 153
0.0076 152
0.0077 160
0.0078 166
0.0079 166
0.008 165
0.0081 162
0.0082 163
0.0083 163
0.0084 163
0.0085 162
0.0086 167
0.0087 167
0.0088 170
0.0089 172
0.009 176
0.0091 174
0.0092 175
0.0093 170
0.0094 175
0.0095 177
0.0096 180
0.0097 183
0.0098 182
0.0099 185
0.01 186
0.0101 185
0.0102 188
0.0103 191
0.0104 193
0.0105 196
0.0106 189
0.0107 189
0.0108 189
0.0109 188
0.011 192
0.0111 198
0.0112 196
0.0113 193
0.0114 196
0.0115 204
0.0116 206
0.0117 205
0.0118 199
0.0119 201
0.012 197
0.0121 201
0.0122 206
0.0123 211
0.0124 205
0.0125 204
0.0126 207
0.0127 205
0.0128 201
0.0129 201
0.013 202
0.0131 201
0.0132 203
0.0133 204
0.0134 204
0.0135 209
0.0136 215
0.0137 213
0.0138 215
0.0139 213
0.014 209
0.0141 213
0.0142 215
0.0143 218
0.0144 216
0.0145 217
0.0146 213
0.0147 210
0.0148 214
0.0149 212
0.015 214
0.0151 214
0.0152 220
0.0153 220
0.0154 222
0.0155 219
0.0156 214
0.0157 212
0.0158 214
0.0159 220
0.016 217
0.0161 220
0.0162 215
0.0163 212
0.0164 209
0.0165 210
0.0166 214
0.0167 210
0.0168 209
0.0169 213
0.017 213
0.0171 211
0.0172 207
0.0173 208
0.0174 212
0.0175 212
0.0176 218
0.0177 216
0.0178 218
0.0179 213
0.018 216
0.0181 219
0.0182 220
0.0183 223
0.0184 221
0.0185 221
0.0186 223
0.0187 227
0.0188 228
0.0189 226
0.019 223
0.0191 221
0.0192 222
0.0193 226
0.0194 224
0.0195 220
0.0196 221
0.0197 221
0.0198 222
0.0199 225
0.02 227
0.0201 228
0.0202 230
0.0203 225
0.0204 225
0.0205 222
0.0206 220
0.0207 222
0.0208 223
0.0209 221
0.021 222
0.0211 226
0.0212 228
0.0213 227
0.0214 228
0.0215 224
0.0216 228
0.0217 235
0.0218 234
0.0219 233
0.022 233
0.0221 231
0.0222 230
0.0223 235
0.0224 234
0.0225 235
0.0226 231
0.0227 236
0.0228 238
0.0229 236
0.023 235
0.0231 236
0.0232 239
0.0233 236
0.0234 236
0.0235 234
0.0236 236
0.0237 237
0.0238 239
0.0239 239
0.024 236
0.0241 232
0.0242 232
0.0243 233
0.0244 232
0.0245 232
0.0246 234
0.0247 233
0.0248 233
0.0249 237
0.025 233
0.0251 230
0.0252 233
0.0253 230
0.0254 236
0.0255 234
0.0256 232
0.0257 228
0.0258 225
0.0259 226
0.026 232
0.0261 233
0.0262 235
0.0263 235
0.0264 234
0.0265 239
0.0266 234
0.0267 237
0.0268 237
0.0269 235
0.027 234
0.0271 231
0.0272 229
0.0273 230
0.0274 232
0.0275 234
0.0276 233
0.0277 229
0.0278 228
0.0279 227
0.028 225
0.0281 232
0.0282 228
0.0283 226
0.0284 222
0.0285 224
0.0286 225
0.0287 224
0.0288 221
0.0289 221
0.029 222
0.0291 222
0.0292 221
0.0293 220
0.0294 222
0.0295 218
0.0296 217
0.0297 218
0.0298 216
0.0299 218
0.03 218
0.0301 217
0.0302 216
0.0303 217
0.0304 223
0.0305 223
0.0306 223
0.0307 225
0.0308 225
0.0309 220
0.031 222
0.0311 225
0.0312 225
0.0313 220
0.0314 220
0.0315 219
0.0316 221
0.0317 220
0.0318 219
0.0319 222
0.032 218
0.0321 215
0.0322 218
0.0323 218
0.0324 216
0.0325 215
0.0326 216
0.0327 214
0.0328 214
0.0329 216
0.033 214
0.0331 211
0.0332 213
0.0333 209
0.0334 211
0.0335 214
0.0336 209
0.0337 208
0.0338 211
0.0339 208
0.034 211
0.0341 212
0.0342 212
0.0343 209
0.0344 210
0.0345 207
0.0346 208
0.0347 201
0.0348 202
0.0349 204
0.035 206
0.0351 203
0.0352 204
0.0353 206
0.0354 205
0.0355 207
0.0356 208
0.0357 208
0.0358 208
0.0359 209
0.036 208
0.0361 205
0.0362 205
0.0363 202
0.0364 203
0.0365 204
0.0366 207
0.0367 206
0.0368 200
0.0369 198
0.037 200
0.0371 199
0.0372 201
0.0373 195
0.0374 196
0.0375 198
0.0376 198
0.0377 197
0.0378 192
0.0379 193
0.038 194
0.0381 191
0.0382 189
0.0383 186
0.0384 185
0.0385 188
0.0386 187
0.0387 187
0.0388 190
0.0389 192
0.039 190
0.0391 190
0.0392 193
0.0393 192
0.0394 193
0.0395 190
0.0396 191
0.0397 193
0.0398 191
0.0399 194
0.04 195
0.0401 195
0.0402 193
0.0403 192
0.0404 191
0.0405 190
0.0406 186
0.0407 185
0.0408 186
0.0409 190
0.041 191
0.0411 191
0.0412 192
0.0413 196
0.0414 194
0.0415 195
0.0416 197
0.0417 197
0.0418 196
0.0419 193
0.042 190
0.0421 185
0.0422 187
0.0423 183
0.0424 184
0.0425 185
0.0426 183
0.0427 185
0.0428 186
0.0429 185
0.043 188
0.0431 191
0.0432 188
0.0433 188
0.0434 187
0.0435 190
0.0436 188
0.0437 192
0.0438 188
0.0439 189
0.044 188
0.0441 189
0.0442 188
0.0443 183
0.0444 182
0.0445 181
0.0446 181
0.0447 181
0.0448 179
0.0449 178
0.045 178
0.0451 174
0.0452 175
0.0453 177
0.0454 177
0.0455 175
0.0456 170
0.0457 173
0.0458 171
0.0459 171
0.046 172
0.0461 171
0.0462 167
0.0463 166
0.0464 165
0.0465 166
0.0466 165
0.0467 166
0.0468 164
0.0469 166
0.047 165
0.0471 167
0.0472 167
0.0473 163
0.0474 165
0.0475 162
0.0476 161
0.0477 160
0.0478 161
0.0479 159
0.048 159
0.0481 156
0.0482 156
0.0483 158
0.0484 157
0.0485 153
0.0486 152
0.0487 153
0.0488 151
0.0489 152
0.049 155
0.0491 154
0.0492 155
0.0493 157
0.0494 159
0.0495 160
0.0496 160
0.0497 159
0.0498 155
0.0499 157
0.05 158
0.0501 160
0.0502 160
0.0503 159
0.0504 158
0.0505 162
0.0506 157
0.0507 157
0.0508 159
0.0509 158
0.051 157
0.0511 158
0.0512 158
0.0513 157
0.0514 157
0.0515 154
0.0516 149
0.0517 152
0.0518 156
0.0519 155
0.052 153
0.0521 157
0.0522 159
0.0523 159
0.0524 158
0.0525 159
0.0526 159
0.0527 160
0.0528 158
0.0529 155
0.053 158
0.0531 156
0.0532 158
0.0533 156
0.0534 155
0.0535 155
0.0536 155
0.0537 159
0.0538 159
0.0539 158
0.054 159
0.0541 156
0.0542 154
0.0543 155
0.0544 155
0.0545 156
0.0546 155
0.0547 155
0.0548 157
0.0549 158
0.055 158
0.0551 159
0.0552 158
0.0553 158
0.0554 157
0.0555 157
0.0556 155
0.0557 159
0.0558 159
0.0559 157
0.056 155
0.0561 154
0.0562 151
0.0563 146
0.0564 149
0.0565 145
0.0566 145
0.0567 147
0.0568 144
0.0569 146
0.057 146
0.0571 145
0.0572 143
0.0573 144
0.0574 143
0.0575 143
0.0576 143
0.0577 146
0.0578 149
0.0579 149
0.058 149
0.0581 147
0.0582 147
0.0583 146
0.0584 143
0.0585 144
0.0586 143
0.0587 145
0.0588 143
0.0589 144
0.059 145
0.0591 147
0.0592 149
0.0593 147
0.0594 147
0.0595 147
0.0596 147
0.0597 143
0.0598 146
0.0599 146
0.06 145
0.0601 147
0.0602 145
0.0603 144
0.0604 146
0.0605 143
0.0606 143
0.0607 144
0.0608 143
0.0609 145
0.061 147
0.0611 144
0.0612 148
0.0613 149
0.0614 149
0.0615 144
0.0616 140
0.0617 140
0.0618 141
0.0619 142
0.062 144
0.0621 145
0.0622 145
0.0623 144
0.0624 144
0.0625 144
0.0626 143
0.0627 139
0.0628 141
0.0629 139
0.063 134
0.0631 133
0.0632 133
0.0633 138
0.0634 139
0.0635 139
0.0636 140
0.0637 139
0.0638 140
0.0639 135
0.064 134
0.0641 137
0.0642 136
0.0643 136
0.0644 135
0.0645 137
0.0646 136
0.0647 137
0.0648 138
0.0649 139
0.065 144
0.0651 145
0.0652 143
0.0653 144
0.0654 146
0.0655 146
0.0656 143
0.0657 144
0.0658 145
0.0659 144
0.066 143
0.0661 142
0.0662 142
0.0663 143
0.0664 140
0.0665 141
0.0666 142
0.0667 140
0.0668 141
0.0669 136
0.067 135
0.0671 134
0.0672 133
0.0673 137
0.0674 135
0.0675 134
0.0676 135
0.0677 133
0.0678 132
0.0679 131
0.068 132
0.0681 131
0.0682 130
0.0683 130
0.0684 130
0.0685 128
0.0686 129
0.0687 131
0.0688 133
0.0689 134
0.069 134
0.0691 136
0.0692 135
0.0693 134
0.0694 135
0.0695 134
0.0696 137
0.0697 138
0.0698 137
0.0699 137
0.07 138
0.0701 136
0.0702 137
0.0703 135
0.0704 139
0.0705 137
0.0706 138
0.0707 136
0.0708 138
0.0709 140
0.071 140
0.0711 140
0.0712 140
0.0713 141
0.0714 142
0.0715 141
0.0716 143
0.0717 141
0.0718 142
0.0719 141
0.072 141
0.0721 140
0.0722 140
0.0723 139
0.0724 138
0.0725 137
0.0726 137
0.0727 137
0.0728 138
0.0729 141
0.073 142
0.0731 141
0.0732 141
0.0733 141
0.0734 141
0.0735 139
0.0736 140
0.0737 140
0.0738 139
0.0739 139
0.074 138
0.0741 139
0.0742 138
0.0743 138
0.0744 137
0.0745 138
0.0746 135
0.0747 138
0.0748 137
0.0749 138
0.075 140
0.0751 143
0.0752 142
0.0753 143
0.0754 146
0.0755 146
0.0756 146
0.0757 146
0.0758 144
0.0759 144
0.076 146
0.0761 144
0.0762 146
0.0763 145
0.0764 142
0.0765 145
0.0766 144
0.0767 145
0.0768 147
0.0769 150
0.077 149
0.0771 146
0.0772 148
0.0773 147
0.0774 145
0.0775 146
0.0776 144
0.0777 144
0.0778 145
0.0779 145
0.078 144
0.0781 142
0.0782 141
0.0783 137
0.0784 140
0.0785 139
0.0786 138
0.0787 137
0.0788 135
0.0789 136
0.079 136
0.0791 136
0.0792 137
0.0793 135
0.0794 136
0.0795 135
0.0796 134
0.0797 133
0.0798 140
0.0799 138
0.08 139
0.0801 140
0.0802 139
0.0803 140
0.0804 139
0.0805 140
0.0806 139
0.0807 138
0.0808 138
0.0809 136
0.081 138
0.0811 140
0.0812 135
0.0813 136
0.0814 137
0.0815 139
0.0816 139
0.0817 137
0.0818 138
0.0819 137
0.082 134
0.0821 136
0.0822 135
0.0823 136
0.0824 138
0.0825 136
0.0826 135
0.0827 133
0.0828 133
0.0829 130
0.083 131
0.0831 131
0.0832 133
0.0833 133
0.0834 132
0.0835 129
0.0836 129
0.0837 131
0.0838 132
0.0839 127
0.084 129
0.0841 126
0.0842 126
0.0843 129
0.0844 131
0.0845 133
0.0846 132
0.0847 130
0.0848 131
0.0849 129
0.085 131
0.0851 131
0.0852 132
0.0853 131
0.0854 131
0.0855 133
0.0856 131
0.0857 130
0.0858 130
0.0859 129
0.086 132
0.0861 135
0.0862 133
0.0863 130
0.0864 131
0.0865 131
0.0866 131
0.0867 132
0.0868 135
0.0869 134
0.087 132
0.0871 131
0.0872 130
0.0873 128
0.0874 128
0.0875 128
0.0876 126
0.0877 128
0.0878 129
0.0879 126
0.088 124
0.0881 125
0.0882 125
0.0883 125
0.0884 125
0.0885 126
0.0886 127
0.0887 128
0.0888 129
0.0889 130
0.089 132
0.0891 133
0.0892 132
0.0893 130
0.0894 129
0.0895 127
0.0896 126
0.0897 123
0.0898 124
0.0899 123
0.09 123
0.0901 122
0.0902 122
0.0903 122
0.0904 123
0.0905 121
0.0906 123
0.0907 122
0.0908 121
0.0909 122
0.091 124
0.0911 125
0.0912 126
0.0913 125
0.0914 124
0.0915 121
0.0916 121
0.0917 119
0.0918 122
0.0919 121
0.092 123
0.0921 121
0.0922 121
0.0923 123
0.0924 122
0.0925 120
0.0926 118
0.0927 119
0.0928 120
0.0929 116
0.093 118
0.0931 118
0.0932 119
0.0933 119
0.0934 122
0.0935 123
0.0936 119
0.0937 122
0.0938 121
0.0939 121
0.094 123
0.0941 124
0.0942 123
0.0943 124
0.0944 125
0.0945 125
0.0946 123
0.0947 124
0.0948 124
0.0949 123
0.095 120
0.0951 122
0.0952 122
0.0953 121
0.0954 123
0.0955 123
0.0956 120
0.0957 118
0.0958 116
0.0959 114
0.096 118
0.0961 117
0.0962 116
0.0963 115
0.0964 116
0.0965 118
0.0966 118
0.0967 117
0.0968 118
0.0969 118
0.097 119
0.0971 118
0.0972 118
0.0973 119
0.0974 117
0.0975 117
0.0976 119
0.0977 119
0.0978 117
0.0979 118
0.098 120
0.0981 119
0.0982 118
0.0983 118
0.0984 117
0.0985 118
0.0986 120
0.0987 120
0.0988 119
0.0989 119
0.099 119
0.0991 117
0.0992 116
0.0993 117
0.0994 117
0.0995 117
0.0996 114
0.0997 115
0.0998 115
0.0999 115
0.1 116
