0 0
0.0001 0
0.0002 0
0.0003 0
0.0004 0
0.0005 0
0.0006 0
0.0007 0
0.0008 0
0.0009 1
0.001 1
0.0011 2
0.0012 3
0.0013 4
0.0014 4
0.0015 5
0.0016 5
0.0017 7
0.0018 8
0.0019 8
0.002 9
0.0021 12
0.0022 14
0.0023 15
0.0024 16
0.0025 16
0.0026 19
0.0027 21
0.0028 21
0.0029 21
0.003 23
0.0031 23
0.0032 24
0.0033 28
0.0034 33
0.0035 37
0.0036 40
0.0037 45
0.0038 47
0.0039 49
0.004 49
0.0041 50
0.0042 50
0.0043 50
0.0044 53
0.0045 56
0.0046 58
0.0047 62
0.0048 63
0.0049 64
0.005 66
0.0051 68
0.0052 72
0.0053 74
0.0054 78
0.0055 83
0.0056 85
0.0057 89
0.0058 91
0.0059 96
0.006 100
0.0061 107
0.0062 111
0.0063 114
0.0064 118
0.0065 123
0.0066 126
0.0067 129
0.0068 134
0.0069 140
0.007 148
0.0071 152
0.0072 161
0.0073 166
0.0074 172
0.0075 186
0.0076 193
0.0077 203
0.0078 216
0.0079 224
0.008 232
0.0081 238
0.0082 249
0.0083 259
0.0084 266
0.0085 280
0.0086 287
0.0087 291
0.0088 298
0.0089 301
0.009 312
0.0091 319
0.0092 329
0.0093 335
0.0094 341
0.0095 351
0.0096 359
0.0097 364
0.0098 370
0.0099 381
0.01 389
0.0101 398
0.0102 403
0.0103 411
0.0104 423
0.0105 427
0.0106 441
0.0107 450
0.0108 464
0.0109 474
0.011 473
0.0111 485
0.0112 490
0.0113 500
0.0114 510
0.0115 519
0.0116 530
0.0117 543
0.0118 550
0.0119 558
0.012 570
0.0121 579
0.0122 591
0.0123 599
0.0124 605
0.0125 611
0.0126 613
0.0127 629
0.0128 637
0.0129 647
0.013 655
0.0131 664
0.0132 674
0.0133 679
0.0134 688
0.0135 695
0.0136 704
0.0137 707
0.0138 713
0.0139 719
0.014 729
0.0141 741
0.0142 747
0.0143 757
0.0144 759
0.0145 766
0.0146 774
0.0147 784
0.0148 795
0.0149 804
0.015 812
0.0151 815
0.0152 824
0.0153 830
0.0154 839
0.0155 852
0.0156 860
0.0157 866
0.0158 874
0.0159 880
0.016 884
0.0161 890
0.0162 892
0.0163 900
0.0164 908
0.0165 916
0.0166 929
0.0167 936
0.0168 945
0.0169 955
0.017 959
0.0171 968
0.0172 973
0.0173 986
0.0174 994
0.0175 1005
0.0176 1015
0.0177 1025
0.0178 1032
0.0179 1039
0.018 1051
0.0181 1060
0.0182 1072
0.0183 1078
0.0184 1090
0.0185 1097
0.0186 1115
0.0187 1124
0.0188 1132
0.0189 1141
0.019 1150
0.0191 1157
0.0192 1169
0.0193 1178
0.0194 1188
0.0195 1201
0.0196 1212
0.0197 1220
0.0198 1234
0.0199 1241
0.02 1266
0.0201 1278
0.0202 1291
0.0203 1301
0.0204 1304
0.0205 1312
0.0206 1317
0.0207 1328
0.0208 1341
0.0209 1356
0.021 1366
0.0211 1371
0.0212 1377
0.0213 1388
0.0214 1396
0.0215 1408
0.0216 1416
0.0217 1429
0.0218 1437
0.0219 1446
0.022 1460
0.0221 1470
0.0222 1484
0.0223 1492
0.0224 1507
0.0225 1517
0.0226 1526
0.0227 1540
0.0228 1549
0.0229 1559
0.023 1571
0.0231 1575
0.0232 1583
0.0233 1589
0.0234 1602
0.0235 1609
0.0236 1618
0.0237 1626
0.0238 1636
0.0239 1646
0.024 1645
0.0241 1643
0.0242 1653
0.0243 1655
0.0244 1653
0.0245 1647
0.0246 1632
0.0247 1609
0.0248 1575
0.0249 1552
0.025 1505
0.0251 1480
0.0252 1453
0.0253 1418
0.0254 1390
0.0255 1366
0.0256 1339
0.0257 1311
0.0258 1292
0.0259 1258
0.026 1234
0.0261 1213
0.0262 1198
0.0263 1175
0.0264 1158
0.0265 1132
0.0266 1104
0.0267 1069
0.0268 1041
0.0269 1021
0.027 1008
0.0271 997
0.0272 976
0.0273 955
0.0274 933
0.0275 912
0.0276 889
0.0277 876
0.0278 869
0.0279 839
0.028 818
0.0281 799
0.0282 784
0.0283 770
0.0284 748
0.0285 738
0.0286 726
0.0287 709
0.0288 681
0.0289 672
0.029 657
0.0291 643
0.0292 630
0.0293 612
0.0294 606
0.0295 597
0.0296 590
0.0297 577
0.0298 572
0.0299 573
0.03 564
0.0301 551
0.0302 536
0.0303 525
0.0304 515
0.0305 506
0.0306 494
0.0307 497
0.0308 496
0.0309 492
0.031 485
0.0311 493
0.0312 481
0.0313 473
0.0314 475
0.0315 470
0.0316 456
0.0317 455
0.0318 451
0.0319 445
0.032 441
0.0321 440
0.0322 433
0.0323 431
0.0324 427
0.0325 426
0.0326 419
0.0327 411
0.0328 402
0.0329 391
0.033 392
0.0331 387
0.0332 384
0.0333 380
0.0334 374
0.0335 368
0.0336 361
0.0337 360
0.0338 362
0.0339 357
0.034 359
0.0341 351
0.0342 348
0.0343 345
0.0344 343
0.0345 354
0.0346 349
0.0347 366
0.0348 365
0.0349 362
0.035 362
0.0351 364
0.0352 372
0.0353 372
0.0354 365
0.0355 367
0.0356 370
0.0357 370
0.0358 372
0.0359 368
0.036 365
0.0361 360
0.0362 361
0.0363 362
0.0364 359
0.0365 354
0.0366 351
0.0367 352
0.0368 341
0.0369 333
0.037 327
0.0371 325
0.0372 320
0.0373 314
0.0374 305
0.0375 303
0.0376 301
0.0377 292
0.0378 290
0.0379 281
0.038 286
0.0381 281
0.0382 280
0.0383 280
0.0384 283
0.0385 274
0.0386 277
0.0387 275
0.0388 276
0.0389 278
0.039 276
0.0391 280
0.0392 278
0.0393 274
0.0394 273
0.0395 271
0.0396 268
0.0397 266
0.0398 263
0.0399 263
0.04 260
0.0401 262
0.0402 259
0.0403 257
0.0404 251
0.0405 254
0.0406 253
0.0407 253
0.0408 263
0.0409 265
0.041 268
0.0411 271
0.0412 271
0.0413 280
0.0414 282
0.0415 275
0.0416 275
0.0417 274
0.0418 273
0.0419 274
0.042 275
0.0421 273
0.0422 277
0.0423 275
0.0424 263
0.0425 259
0.0426 256
0.0427 249
0.0428 244
0.0429 239
0.043 233
0.0431 240
0.0432 241
0.0433 239
0.0434 233
0.0435 240
0.0436 237
0.0437 245
0.0438 250
0.0439 257
0.044 264
0.0441 273
0.0442 273
0.0443 271
0.0444 265
0.0445 261
0.0446 264
0.0447 264
0.0448 259
0.0449 260
0.045 256
0.0451 251
0.0452 241
0.0453 239
0.0454 241
0.0455 243
0.0456 238
0.0457 241
0.0458 242
0.0459 246
0.046 246
0.0461 251
0.0462 256
0.0463 264
0.0464 276
0.0465 274
0.0466 271
0.0467 267
0.0468 264
0.0469 266
0.047 264
0.0471 263
0.0472 260
0.0473 256
0.0474 257
0.0475 250
0.0476 244
0.0477 242
0.0478 244
0.0479 245
0.048 239
0.0481 235
0.0482 236
0.0483 245
0.0484 253
0.0485 254
0.0486 259
0.0487 267
0.0488 276
0.0489 270
0.049 268
0.0491 268
0.0492 264
0.0493 271
0.0494 274
0.0495 272
0.0496 266
0.0497 263
0.0498 261
0.0499 261
0.05 259
0.0501 269
0.0502 275
0.0503 273
0.0504 274
0.0505 276
0.0506 280
0.0507 285
0.0508 285
0.0509 286
0.051 290
0.0511 290
0.0512 288
0.0513 286
0.0514 281
0.0515 282
0.0516 279
0.0517 282
0.0518 277
0.0519 279
0.052 276
0.0521 276
0.0522 276
0.0523 276
0.0524 282
0.0525 287
0.0526 294
0.0527 301
0.0528 308
0.0529 310
0.053 308
0.0531 302
0.0532 302
0.0533 306
0.0534 305
0.0535 308
0.0536 314
0.0537 307
0.0538 299
0.0539 301
0.054 296
0.0541 291
0.0542 291
0.0543 286
0.0544 289
0.0545 284
0.0546 280
0.0547 277
0.0548 281
0.0549 283
0.055 281
0.0551 279
0.0552 281
0.0553 286
0.0554 283
0.0555 280
0.0556 279
0.0557 280
0.0558 274
0.0559 268
0.056 273
0.0561 271
0.0562 276
0.0563 279
0.0564 280
0.0565 281
0.0566 284
0.0567 280
0.0568 282
0.0569 280
0.057 272
0.0571 267
0.0572 261
0.0573 254
0.0574 259
0.0575 256
0.0576 250
0.0577 243
0.0578 244
0.0579 246
0.058 241
0.0581 240
0.0582 245
0.0583 252
0.0584 255
0.0585 255
0.0586 249
0.0587 256
0.0588 259
0.0589 274
0.059 283
0.0591 291
0.0592 293
0.0593 294
0.0594 297
0.0595 293
0.0596 297
0.0597 288
0.0598 284
0.0599 278
0.06 273
0.0601 268
0.0602 260
0.0603 251
0.0604 251
0.0605 253
0.0606 243
0.0607 248
0.0608 246
0.0609 244
0.061 246
0.0611 248
0.0612 252
0.0613 251
0.0614 246
0.0615 247
0.0616 263
0.0617 268
0.0618 275
0.0619 280
0.062 280
0.0621 276
0.0622 273
0.0623 272
0.0624 270
0.0625 268
0.0626 274
0.0627 276
0.0628 282
0.0629 284
0.063 281
0.0631 286
0.0632 276
0.0633 269
0.0634 259
0.0635 258
0.0636 255
0.0637 248
0.0638 251
0.0639 247
0.064 244
0.0641 249
0.0642 248
0.0643 254
0.0644 256
0.0645 255
0.0646 266
0.0647 267
0.0648 272
0.0649 266
0.065 261
0.0651 265
0.0652 267
0.0653 268
0.0654 276
0.0655 275
0.0656 278
0.0657 284
0.0658 288
0.0659 292
0.066 292
0.0661 288
0.0662 285
0.0663 275
0.0664 266
0.0665 273
0.0666 268
0.0667 271
0.0668 267
0.0669 265
0.067 267
0.0671 264
0.0672 268
0.0673 270
0.0674 268
0.0675 269
0.0676 263
0.0677 257
0.0678 254
0.0679 254
0.068 254
0.0681 257
0.0682 254
0.0683 255
0.0684 256
0.0685 269
0.0686 278
0.0687 280
0.0688 291
0.0689 295
0.069 299
0.0691 306
0.0692 312
0.0693 318
0.0694 323
0.0695 320
0.0696 315
0.0697 316
0.0698 320
0.0699 318
0.07 320
0.0701 321
0.0702 319
0.0703 305
0.0704 303
0.0705 304
0.0706 295
0.0707 292
0.0708 285
0.0709 284
0.071 282
0.0711 273
0.0712 270
0.0713 271
0.0714 277
0.0715 273
0.0716 282
0.0717 287
0.0718 290
0.0719 294
0.072 300
0.0721 304
0.0722 306
0.0723 313
0.0724 303
0.0725 308
0.0726 307
0.0727 310
0.0728 318
0.0729 335
0.073 359
0.0731 376
0.0732 376
0.0733 381
0.0734 383
0.0735 388
0.0736 385
0.0737 379
0.0738 383
0.0739 384
0.074 385
0.0741 391
0.0742 386
0.0743 382
0.0744 372
0.0745 366
0.0746 356
0.0747 351
0.0748 347
0.0749 349
0.075 346
0.0751 341
0.0752 333
0.0753 331
0.0754 332
0.0755 335
0.0756 342
0.0757 346
0.0758 352
0.0759 351
0.076 358
0.0761 362
0.0762 361
0.0763 359
0.0764 359
0.0765 361
0.0766 354
0.0767 350
0.0768 345
0.0769 338
0.077 336
0.0771 338
0.0772 340
0.0773 333
0.0774 321
0.0775 326
0.0776 324
0.0777 317
0.0778 321
0.0779 318
0.078 317
0.0781 314
0.0782 319
0.0783 315
0.0784 314
0.0785 308
0.0786 303
0.0787 309
0.0788 302
0.0789 307
0.079 307
0.0791 309
0.0792 308
0.0793 317
0.0794 333
0.0795 352
0.0796 362
0.0797 369
0.0798 379
0.0799 389
0.08 393
0.0801 399
0.0802 398
0.0803 402
0.0804 411
0.0805 411
0.0806 413
0.0807 422
0.0808 419
0.0809 418
0.081 421
0.0811 424
0.0812 427
0.0813 426
0.0814 430
0.0815 430
0.0816 432
0.0817 435
0.0818 434
0.0819 433
0.082 434
0.0821 435
0.0822 438
0.0823 441
0.0824 442
0.0825 443
0.0826 446
0.0827 448
0.0828 449
0.0829 449
0.083 452
0.0831 452
0.0832 460
0.0833 465
0.0834 467
0.0835 466
0.0836 471
0.0837 478
0.0838 478
0.0839 482
0.084 485
0.0841 485
0.0842 492
0.0843 494
0.0844 496
0.0845 501
0.0846 505
0.0847 508
0.0848 511
0.0849 518
0.085 517
0.0851 522
0.0852 526
0.0853 532
0.0854 537
0.0855 542
0.0856 546
0.0857 552
0.0858 558
0.0859 567
0.086 575
0.0861 577
0.0862 583
0.0863 584
0.0864 587
0.0865 590
0.0866 592
0.0867 600
0.0868 607
0.0869 610
0.087 616
0.0871 623
0.0872 626
0.0873 633
0.0874 640
0.0875 649
0.0876 653
0.0877 660
0.0878 661
0.0879 665
0.088 669
0.0881 676
0.0882 677
0.0883 691
0.0884 696
0.0885 711
0.0886 720
0.0887 719
0.0888 729
0.0889 735
0.089 746
0.0891 757
0.0892 763
0.0893 767
0.0894 772
0.0895 775
0.0896 781
0.0897 785
0.0898 791
0.0899 791
0.09 800
0.0901 807
0.0902 811
0.0903 827
0.0904 833
0.0905 842
0.0906 846
0.0907 848
0.0908 856
0.0909 859
0.091 868
0.0911 876
0.0912 880
0.0913 884
0.0914 892
0.0915 899
0.0916 904
0.0917 914
0.0918 927
0.0919 933
0.092 945
0.0921 952
0.0922 958
0.0923 972
0.0924 987
0.0925 998
0.0926 1007
0.0927 1016
0.0928 1023
0.0929 1028
0.093 1042
0.0931 1054
0.0932 1058
0.0933 1064
0.0934 1068
0.0935 1078
0.0936 1081
0.0937 1092
0.0938 1098
0.0939 1107
0.094 1119
0.0941 1129
0.0942 1142
0.0943 1150
0.0944 1159
0.0945 1174
0.0946 1181
0.0947 1187
0.0948 1196
0.0949 1213
0.095 1222
0.0951 1228
0.0952 1239
0.0953 1245
0.0954 1254
0.0955 1257
0.0956 1266
0.0957 1278
0.0958 1286
0.0959 1296
0.096 1306
0.0961 1310
0.0962 1322
0.0963 1329
0.0964 1346
0.0965 1357
0.0966 1365
0.0967 1373
0.0968 1383
0.0969 1392
0.097 1406
0.0971 1410
0.0972 1423
0.0973 1430
0.0974 1439
0.0975 1448
0.0976 1455
0.0977 1471
0.0978 1477
0.0979 1483
0.098 1498
0.0981 1499
0.0982 1505
0.0983 1512
0.0984 1527
0.0985 1536
0.0986 1553
0.0987 1561
0.0988 1572
0.0989 1574
0.099 1589
0.0991 1599
0.0992 1610
0.0993 1621
0.0994 1628
0.0995 1633
0.0996 1649
0.0997 1661
0.0998 1675
0.0999 1675
0.1 1685
0.1001 1696
0.1002 1700
0.1003 1686
0.1004 1706
0.1005 1713
0.1006 1714
0.1007 1725
0.1008 1713
0.1009 1729
0.101 1726
0.1011 1733
0.1012 1742
0.1013 1724
0.1014 1716
0.1015 1703
0.1016 1682
0.1017 1651
0.1018 1623
0.1019 1586
0.102 1556
0.1021 1520
0.1022 1484
0.1023 1457
0.1024 1439
0.1025 1409
0.1026 1382
0.1027 1344
0.1028 1316
0.1029 1271
0.103 1245
0.1031 1221
0.1032 1199
0.1033 1174
0.1034 1152
0.1035 1115
0.1036 1102
0.1037 1091
0.1038 1070
0.1039 1056
0.104 1029
0.1041 1007
0.1042 991
0.1043 960
0.1044 949
0.1045 937
0.1046 921
0.1047 904
0.1048 900
0.1049 905
0.105 927
0.1051 947
0.1052 949
0.1053 951
0.1054 938
0.1055 936
0.1056 928
0.1057 916
0.1058 908
0.1059 891
0.106 868
0.1061 849
0.1062 831
0.1063 821
0.1064 803
0.1065 782
0.1066 758
0.1067 751
0.1068 735
0.1069 733
0.107 730
0.1071 720
0.1072 708
0.1073 692
0.1074 691
0.1075 691
0.1076 672
0.1077 661
0.1078 656
0.1079 651
0.108 654
0.1081 656
0.1082 646
0.1083 631
0.1084 631
0.1085 625
0.1086 619
0.1087 617
0.1088 616
0.1089 620
0.109 619
0.1091 610
0.1092 595
0.1093 581
0.1094 565
0.1095 551
0.1096 545
0.1097 538
0.1098 523
0.1099 514
0.11 508
0.1101 492
0.1102 484
0.1103 479
0.1104 472
0.1105 463
0.1106 456
0.1107 443
0.1108 431
0.1109 419
0.111 413
0.1111 409
0.1112 401
0.1113 396
0.1114 399
0.1115 394
0.1116 384
0.1117 372
0.1118 367
0.1119 353
0.112 347
0.1121 341
0.1122 341
0.1123 340
0.1124 342
0.1125 347
0.1126 359
0.1127 368
0.1128 375
0.1129 372
0.113 369
0.1131 363
0.1132 360
0.1133 353
0.1134 355
0.1135 345
0.1136 339
0.1137 341
0.1138 340
0.1139 334
0.114 332
0.1141 339
0.1142 337
0.1143 341
0.1144 340
0.1145 338
0.1146 336
0.1147 333
0.1148 328
0.1149 324
0.115 323
0.1151 322
0.1152 316
0.1153 305
0.1154 299
0.1155 288
0.1156 289
0.1157 278
0.1158 275
0.1159 268
0.116 261
0.1161 254
0.1162 248
0.1163 244
0.1164 242
0.1165 244
0.1166 238
0.1167 238
0.1168 238
0.1169 238
0.117 237
0.1171 230
0.1172 234
0.1173 241
0.1174 240
0.1175 239
0.1176 241
0.1177 236
0.1178 226
0.1179 227
0.118 222
0.1181 223
0.1182 225
0.1183 224
0.1184 232
0.1185 233
0.1186 234
0.1187 236
0.1188 242
0.1189 236
0.119 239
0.1191 241
0.1192 235
0.1193 235
0.1194 236
0.1195 234
0.1196 238
0.1197 241
0.1198 237
0.1199 245
0.12 247
0.1201 240
0.1202 249
0.1203 256
0.1204 261
0.1205 266
0.1206 266
0.1207 262
0.1208 259
0.1209 268
0.121 265
0.1211 258
0.1212 255
0.1213 252
0.1214 252
0.1215 248
0.1216 247
0.1217 244
0.1218 237
0.1219 232
0.122 232
0.1221 223
0.1222 225
0.1223 218
0.1224 216
0.1225 223
0.1226 220
0.1227 219
0.1228 217
0.1229 215
0.123 220
0.1231 226
0.1232 228
0.1233 228
0.1234 227
0.1235 222
0.1236 220
0.1237 221
0.1238 221
0.1239 224
0.124 224
0.1241 232
0.1242 228
0.1243 225
0.1244 227
0.1245 229
0.1246 239
0.1247 237
0.1248 240
0.1249 245
0.125 246
0.1251 242
0.1252 253
0.1253 257
0.1254 252
0.1255 247
0.1256 239
0.1257 238
0.1258 234
0.1259 238
0.126 238
0.1261 243
0.1262 245
0.1263 254
0.1264 267
0.1265 267
0.1266 268
0.1267 273
0.1268 279
0.1269 277
0.127 281
0.1271 294
0.1272 302
0.1273 315
0.1274 322
0.1275 328
0.1276 328
0.1277 327
0.1278 326
0.1279 325
0.128 318
0.1281 311
0.1282 311
0.1283 308
0.1284 308
0.1285 314
0.1286 312
0.1287 305
0.1288 309
0.1289 302
0.129 292
0.1291 293
0.1292 298
0.1293 309
0.1294 303
0.1295 301
0.1296 297
0.1297 284
0.1298 283
0.1299 280
0.13 275
0.1301 275
0.1302 274
0.1303 271
0.1304 271
0.1305 276
0.1306 274
0.1307 279
0.1308 278
0.1309 277
0.131 277
0.1311 270
0.1312 263
0.1313 253
0.1314 252
0.1315 249
0.1316 249
0.1317 247
0.1318 251
0.1319 253
0.132 252
0.1321 247
0.1322 244
0.1323 239
0.1324 231
0.1325 233
0.1326 238
0.1327 244
0.1328 251
0.1329 259
0.133 265
0.1331 271
0.1332 274
0.1333 271
0.1334 274
0.1335 275
0.1336 273
0.1337 271
0.1338 269
0.1339 269
0.134 260
0.1341 262
0.1342 259
0.1343 256
0.1344 258
0.1345 259
0.1346 262
0.1347 268
0.1348 263
0.1349 264
0.135 257
0.1351 256
0.1352 251
0.1353 252
0.1354 249
0.1355 252
0.1356 256
0.1357 247
0.1358 248
0.1359 244
0.136 236
0.1361 235
0.1362 232
0.1363 223
0.1364 221
0.1365 219
0.1366 223
0.1367 229
0.1368 234
0.1369 233
0.137 235
0.1371 237
0.1372 240
0.1373 241
0.1374 240
0.1375 238
0.1376 236
0.1377 233
0.1378 240
0.1379 236
0.138 236
0.1381 237
0.1382 238
0.1383 248
0.1384 244
0.1385 250
0.1386 247
0.1387 251
0.1388 244
0.1389 244
0.139 242
0.1391 237
0.1392 242
0.1393 246
0.1394 245
0.1395 242
0.1396 236
0.1397 233
0.1398 231
0.1399 226
0.14 224
0.1401 217
0.1402 215
0.1403 207
0.1404 204
0.1405 206
0.1406 208
0.1407 213
0.1408 215
0.1409 214
0.141 210
0.1411 212
0.1412 216
0.1413 214
0.1414 210
0.1415 211
0.1416 216
0.1417 214
0.1418 218
0.1419 221
0.142 224
0.1421 227
0.1422 231
0.1423 232
0.1424 244
0.1425 248
0.1426 253
0.1427 259
0.1428 251
0.1429 255
0.143 256
0.1431 261
0.1432 257
0.1433 253
0.1434 249
0.1435 243
0.1436 239
0.1437 235
0.1438 240
0.1439 242
0.144 239
0.1441 237
0.1442 240
0.1443 237
0.1444 238
0.1445 233
0.1446 235
0.1447 233
0.1448 233
0.1449 236
0.145 238
0.1451 237
0.1452 238
0.1453 239
0.1454 242
0.1455 239
0.1456 235
0.1457 236
0.1458 242
0.1459 244
0.146 244
0.1461 248
0.1462 255
0.1463 256
0.1464 254
0.1465 258
0.1466 254
0.1467 254
0.1468 254
0.1469 249
0.147 248
0.1471 246
0.1472 243
0.1473 244
0.1474 248
0.1475 251
0.1476 263
0.1477 273
0.1478 269
0.1479 265
0.148 259
0.1481 259
0.1482 263
0.1483 266
0.1484 264
0.1485 258
0.1486 253
0.1487 247
0.1488 248
0.1489 242
0.149 248
0.1491 250
0.1492 246
0.1493 241
0.1494 233
0.1495 227
0.1496 222
0.1497 220
0.1498 220
0.1499 225
0.15 231
0.1501 237
0.1502 238
0.1503 239
0.1504 242
0.1505 246
0.1506 241
0.1507 241
0.1508 242
0.1509 240
0.151 245
0.1511 247
0.1512 248
0.1513 243
0.1514 243
0.1515 243
0.1516 242
0.1517 248
0.1518 255
0.1519 252
0.152 253
0.1521 249
0.1522 247
0.1523 249
0.1524 250
0.1525 245
0.1526 249
0.1527 248
0.1528 257
0.1529 251
0.153 240
0.1531 243
0.1532 242
0.1533 239
0.1534 236
0.1535 230
0.1536 233
0.1537 237
0.1538 237
0.1539 241
0.154 235
0.1541 240
0.1542 238
0.1543 239
0.1544 235
0.1545 236
0.1546 237
0.1547 241
0.1548 241
0.1549 241
0.155 239
0.1551 231
0.1552 229
0.1553 219
0.1554 216
0.1555 215
0.1556 213
0.1557 215
0.1558 214
0.1559 212
0.156 213
0.1561 212
0.1562 216
0.1563 219
0.1564 216
0.1565 218
0.1566 222
0.1567 217
0.1568 216
0.1569 219
0.157 228
0.1571 234
0.1572 244
0.1573 239
0.1574 240
0.1575 235
0.1576 241
0.1577 240
0.1578 242
0.1579 242
0.158 242
0.1581 248
0.1582 245
0.1583 249
0.1584 256
0.1585 254
0.1586 253
0.1587 251
0.1588 251
0.1589 255
0.159 256
0.1591 258
0.1592 258
0.1593 258
0.1594 251
0.1595 253
0.1596 249
0.1597 246
0.1598 246
0.1599 246
0.16 250
0.1601 247
0.1602 245
0.1603 247
0.1604 253
0.1605 253
0.1606 257
0.1607 251
0.1608 243
0.1609 237
0.161 235
0.1611 234
0.1612 231
0.1613 234
0.1614 238
0.1615 240
0.1616 242
0.1617 242
0.1618 237
0.1619 238
0.162 237
0.1621 244
0.1622 245
0.1623 245
0.1624 244
0.1625 242
0.1626 241
0.1627 240
0.1628 240
0.1629 237
0.163 244
0.1631 242
0.1632 243
0.1633 242
0.1634 241
0.1635 239
0.1636 235
0.1637 234
0.1638 235
0.1639 232
0.164 232
0.1641 228
0.1642 226
0.1643 227
0.1644 227
0.1645 230
0.1646 229
0.1647 228
0.1648 221
0.1649 227
0.165 223
0.1651 226
0.1652 223
0.1653 217
0.1654 219
0.1655 217
0.1656 210
0.1657 206
0.1658 205
0.1659 205
0.166 204
0.1661 203
0.1662 201
0.1663 201
0.1664 203
0.1665 203
0.1666 206
0.1667 207
0.1668 209
0.1669 211
0.167 214
0.1671 212
0.1672 214
0.1673 222
0.1674 235
0.1675 246
0.1676 258
0.1677 264
0.1678 271
0.1679 271
0.168 262
0.1681 271
0.1682 278
0.1683 287
0.1684 286
0.1685 289
0.1686 293
0.1687 288
0.1688 288
0.1689 293
0.169 289
0.1691 295
0.1692 295
0.1693 290
0.1694 299
0.1695 301
0.1696 304
0.1697 299
0.1698 300
0.1699 301
0.17 302
0.1701 302
0.1702 300
0.1703 305
0.1704 310
0.1705 320
0.1706 324
0.1707 321
0.1708 325
0.1709 326
0.171 326
0.1711 327
0.1712 328
0.1713 328
0.1714 329
0.1715 332
0.1716 332
0.1717 336
0.1718 337
0.1719 337
0.172 336
0.1721 335
0.1722 336
0.1723 339
0.1724 339
0.1725 339
0.1726 341
0.1727 340
0.1728 342
0.1729 344
0.173 345
0.1731 347
0.1732 352
0.1733 354
0.1734 352
0.1735 355
0.1736 356
0.1737 356
0.1738 358
0.1739 362
0.174 364
0.1741 362
0.1742 363
0.1743 363
0.1744 368
0.1745 373
0.1746 375
0.1747 376
0.1748 379
0.1749 382
0.175 385
0.1751 389
0.1752 392
0.1753 395
0.1754 395
0.1755 399
0.1756 401
0.1757 403
0.1758 407
0.1759 413
0.176 415
0.1761 416
0.1762 420
0.1763 425
0.1764 438
0.1765 444
0.1766 448
0.1767 453
0.1768 457
0.1769 461
0.177 464
0.1771 468
0.1772 472
0.1773 474
0.1774 481
0.1775 492
0.1776 496
0.1777 498
0.1778 501
0.1779 503
0.178 506
0.1781 515
0.1782 519
0.1783 525
0.1784 530
0.1785 534
0.1786 540
0.1787 544
0.1788 548
0.1789 552
0.179 556
0.1791 562
0.1792 567
0.1793 575
0.1794 583
0.1795 594
0.1796 602
0.1797 610
0.1798 617
0.1799 616
0.18 621
0.1801 626
0.1802 630
0.1803 633
0.1804 642
0.1805 654
0.1806 660
0.1807 668
0.1808 675
0.1809 684
0.181 691
0.1811 690
0.1812 696
0.1813 703
0.1814 706
0.1815 714
0.1816 717
0.1817 719
0.1818 724
0.1819 723
0.182 732
0.1821 736
0.1822 739
0.1823 745
0.1824 755
0.1825 761
0.1826 771
0.1827 779
0.1828 786
0.1829 788
0.183 802
0.1831 818
0.1832 828
0.1833 836
0.1834 848
0.1835 853
0.1836 855
0.1837 864
0.1838 874
0.1839 880
0.184 885
0.1841 898
0.1842 916
0.1843 924
0.1844 928
0.1845 939
0.1846 948
0.1847 959
0.1848 965
0.1849 975
0.185 976
0.1851 984
0.1852 990
0.1853 996
0.1854 1007
0.1855 1006
0.1856 1013
0.1857 1017
0.1858 1026
0.1859 1035
0.186 1042
0.1861 1043
0.1862 1054
0.1863 1058
0.1864 1072
0.1865 1081
0.1866 1086
0.1867 1097
0.1868 1106
0.1869 1109
0.187 1112
0.1871 1114
0.1872 1126
0.1873 1133
0.1874 1139
0.1875 1149
0.1876 1157
0.1877 1159
0.1878 1164
0.1879 1170
0.188 1178
0.1881 1182
0.1882 1195
0.1883 1198
0.1884 1202
0.1885 1208
0.1886 1215
0.1887 1226
0.1888 1236
0.1889 1243
0.189 1250
0.1891 1259
0.1892 1262
0.1893 1273
0.1894 1278
0.1895 1287
0.1896 1292
0.1897 1304
0.1898 1303
0.1899 1308
0.19 1325
0.1901 1337
0.1902 1347
0.1903 1356
0.1904 1362
0.1905 1377
0.1906 1388
0.1907 1390
0.1908 1403
0.1909 1404
0.191 1410
0.1911 1421
0.1912 1431
0.1913 1437
0.1914 1441
0.1915 1455
0.1916 1460
0.1917 1471
0.1918 1479
0.1919 1485
0.192 1489
0.1921 1497
0.1922 1504
0.1923 1510
0.1924 1511
0.1925 1514
0.1926 1516
0.1927 1535
0.1928 1542
0.1929 1547
0.193 1555
0.1931 1559
0.1932 1567
0.1933 1569
0.1934 1571
0.1935 1588
0.1936 1592
0.1937 1607
0.1938 1608
0.1939 1611
0.194 1608
0.1941 1601
0.1942 1602
0.1943 1600
0.1944 1600
0.1945 1592
0.1946 1598
0.1947 1583
0.1948 1567
0.1949 1546
0.195 1524
0.1951 1485
0.1952 1465
0.1953 1438
0.1954 1408
0.1955 1377
0.1956 1353
0.1957 1332
0.1958 1303
0.1959 1278
0.196 1261
0.1961 1229
0.1962 1200
0.1963 1193
0.1964 1163
0.1965 1143
0.1966 1125
0.1967 1098
0.1968 1087
0.1969 1075
0.197 1064
0.1971 1041
0.1972 1021
0.1973 994
0.1974 975
0.1975 963
0.1976 941
0.1977 936
0.1978 923
0.1979 916
0.198 901
0.1981 886
0.1982 869
0.1983 855
0.1984 844
0.1985 834
0.1986 815
0.1987 799
0.1988 785
0.1989 764
0.199 750
0.1991 741
0.1992 724
0.1993 707
0.1994 686
0.1995 667
0.1996 652
0.1997 637
0.1998 623
0.1999 611
0.2 601
0.2001 583
0.2002 570
0.2003 561
0.2004 556
0.2005 548
0.2006 541
0.2007 529
0.2008 513
0.2009 510
0.201 498
0.2011 482
0.2012 474
0.2013 469
0.2014 470
0.2015 464
0.2016 461
0.2017 460
0.2018 450
0.2019 447
0.202 441
0.2021 430
0.2022 425
0.2023 417
0.2024 403
0.2025 395
0.2026 386
0.2027 375
0.2028 364
0.2029 352
0.203 347
0.2031 345
0.2032 343
0.2033 340
0.2034 337
0.2035 339
0.2036 335
0.2037 334
0.2038 328
0.2039 324
0.204 323
0.2041 320
0.2042 317
0.2043 314
0.2044 320
0.2045 318
0.2046 312
0.2047 307
0.2048 306
0.2049 303
0.205 305
0.2051 300
0.2052 297
0.2053 293
0.2054 294
0.2055 300
0.2056 293
0.2057 289
0.2058 281
0.2059 273
0.206 265
0.2061 267
0.2062 266
0.2063 268
0.2064 265
0.2065 255
0.2066 249
0.2067 248
0.2068 245
0.2069 243
0.207 241
0.2071 238
0.2072 239
0.2073 240
0.2074 238
0.2075 236
0.2076 232
0.2077 227
0.2078 227
0.2079 224
0.208 219
0.2081 215
0.2082 218
0.2083 218
0.2084 216
0.2085 217
0.2086 215
0.2087 220
0.2088 215
0.2089 215
0.209 210
0.2091 197
0.2092 203
0.2093 205
0.2094 209
0.2095 210
0.2096 221
0.2097 216
0.2098 221
0.2099 233
0.21 241
0.2101 249
0.2102 250
0.2103 259
0.2104 261
0.2105 266
0.2106 264
0.2107 273
0.2108 276
0.2109 272
0.211 270
0.2111 268
0.2112 263
0.2113 257
0.2114 256
0.2115 249
0.2116 250
0.2117 246
0.2118 243
0.2119 240
0.212 243
0.2121 240
0.2122 242
0.2123 243
0.2124 242
0.2125 246
0.2126 247
0.2127 252
0.2128 253
0.2129 251
0.213 249
0.2131 247
0.2132 244
0.2133 249
0.2134 252
0.2135 258
0.2136 255
0.2137 250
0.2138 246
0.2139 243
0.214 242
0.2141 242
0.2142 240
0.2143 244
0.2144 252
0.2145 253
0.2146 260
0.2147 258
0.2148 257
0.2149 256
0.215 252
0.2151 248
0.2152 245
0.2153 243
0.2154 239
0.2155 236
0.2156 233
0.2157 229
0.2158 227
0.2159 223
0.216 220
0.2161 219
0.2162 215
0.2163 219
0.2164 221
0.2165 222
0.2166 229
0.2167 225
0.2168 224
0.2169 222
0.217 218
0.2171 220
0.2172 222
0.2173 223
0.2174 236
0.2175 237
0.2176 237
0.2177 234
0.2178 229
0.2179 234
0.218 239
0.2181 240
0.2182 238
0.2183 231
0.2184 227
0.2185 227
0.2186 226
0.2187 221
0.2188 223
0.2189 221
0.219 221
0.2191 224
0.2192 228
0.2193 229
0.2194 228
0.2195 227
0.2196 229
0.2197 229
0.2198 229
0.2199 233
0.22 240
0.2201 246
0.2202 249
0.2203 245
0.2204 247
0.2205 248
0.2206 249
0.2207 273
0.2208 299
0.2209 321
0.221 331
0.2211 340
0.2212 343
0.2213 334
0.2214 331
0.2215 325
0.2216 326
0.2217 322
0.2218 324
0.2219 321
0.222 317
0.2221 308
0.2222 299
0.2223 298
0.2224 300
0.2225 300
0.2226 298
0.2227 294
0.2228 290
0.2229 297
0.223 290
0.2231 285
0.2232 283
0.2233 282
0.2234 277
0.2235 281
0.2236 275
0.2237 272
0.2238 273
0.2239 273
0.224 267
0.2241 263
0.2242 261
0.2243 264
0.2244 260
0.2245 265
0.2246 268
0.2247 266
0.2248 265
0.2249 261
0.225 257
0.2251 259
0.2252 260
0.2253 255
0.2254 246
0.2255 245
0.2256 247
0.2257 250
0.2258 251
0.2259 251
0.226 257
0.2261 261
0.2262 267
0.2263 273
0.2264 282
0.2265 284
0.2266 285
0.2267 280
0.2268 277
0.2269 272
0.227 267
0.2271 263
0.2272 260
0.2273 260
0.2274 257
0.2275 253
0.2276 260
0.2277 256
0.2278 260
0.2279 264
0.228 262
0.2281 262
0.2282 271
0.2283 278
0.2284 273
0.2285 268
0.2286 271
0.2287 269
0.2288 276
0.2289 272
0.229 270
0.2291 271
0.2292 266
0.2293 268
0.2294 261
0.2295 255
0.2296 253
0.2297 243
0.2298 237
0.2299 233
0.23 231
0.2301 227
0.2302 221
0.2303 215
0.2304 211
0.2305 207
0.2306 213
0.2307 215
0.2308 218
0.2309 223
0.231 226
0.2311 231
0.2312 233
0.2313 231
0.2314 236
0.2315 244
0.2316 243
0.2317 247
0.2318 259
0.2319 270
0.232 274
0.2321 284
0.2322 292
0.2323 301
0.2324 301
0.2325 308
0.2326 302
0.2327 308
0.2328 307
0.2329 301
0.233 294
0.2331 290
0.2332 285
0.2333 291
0.2334 290
0.2335 288
0.2336 285
0.2337 282
0.2338 271
0.2339 271
0.234 269
0.2341 270
0.2342 269
0.2343 270
0.2344 267
0.2345 263
0.2346 266
0.2347 259
0.2348 256
0.2349 246
0.235 238
0.2351 233
0.2352 224
0.2353 216
0.2354 218
0.2355 213
0.2356 213
0.2357 209
0.2358 206
0.2359 205
0.236 217
0.2361 223
0.2362 222
0.2363 225
0.2364 228
0.2365 225
0.2366 225
0.2367 231
0.2368 240
0.2369 243
0.237 238
0.2371 241
0.2372 239
0.2373 237
0.2374 233
0.2375 229
0.2376 234
0.2377 237
0.2378 237
0.2379 233
0.238 229
0.2381 223
0.2382 226
0.2383 233
0.2384 232
0.2385 237
0.2386 239
0.2387 246
0.2388 246
0.2389 252
0.239 258
0.2391 261
0.2392 252
0.2393 254
0.2394 269
0.2395 269
0.2396 277
0.2397 268
0.2398 268
0.2399 271
0.24 271
0.2401 260
0.2402 258
0.2403 257
0.2404 259
0.2405 268
0.2406 263
0.2407 257
0.2408 253
0.2409 255
0.241 256
0.2411 256
0.2412 248
0.2413 251
0.2414 256
0.2415 258
0.2416 262
0.2417 265
0.2418 264
0.2419 270
0.242 268
0.2421 266
0.2422 262
0.2423 261
0.2424 255
0.2425 258
0.2426 260
0.2427 258
0.2428 265
0.2429 263
0.243 265
0.2431 271
0.2432 276
0.2433 278
0.2434 290
0.2435 291
0.2436 297
0.2437 304
0.2438 302
0.2439 302
0.244 303
0.2441 302
0.2442 301
0.2443 294
0.2444 290
0.2445 287
0.2446 284
0.2447 274
0.2448 271
0.2449 265
0.245 258
0.2451 259
0.2452 259
0.2453 252
0.2454 255
0.2455 251
0.2456 253
0.2457 247
0.2458 244
0.2459 249
0.246 251
0.2461 254
0.2462 255
0.2463 259
0.2464 256
0.2465 258
0.2466 275
0.2467 281
0.2468 277
0.2469 280
0.247 276
0.2471 273
0.2472 275
0.2473 279
0.2474 273
0.2475 268
0.2476 267
0.2477 265
0.2478 262
0.2479 262
0.248 259
0.2481 263
0.2482 269
0.2483 278
0.2484 282
0.2485 278
0.2486 278
0.2487 274
0.2488 275
0.2489 268
0.249 259
0.2491 254
0.2492 251
0.2493 246
0.2494 242
0.2495 236
0.2496 238
0.2497 234
0.2498 235
0.2499 237
0.25 237
