0 0
0.0001 0
0.0002 0
0.0003 0
0.0004 0
0.0005 0
0.0006 0
0.0007 0
0.0008 0
0.0009 0
0.001 0
0.0011 0
0.0012 0
0.0013 0
0.0014 0
0.0015 0
0.0016 1
0.0017 1
0.0018 1
0.0019 0
0.002 0
0.0021 0
0.0022 0
0.0023 0
0.0024 0
0.0025 0
0.0026 0
0.0027 0
0.0028 0
0.0029 0
0.003 0
0.0031 0
0.0032 0
0.0033 0
0.0034 0
0.0035 0
0.0036 0
0.0037 0
0.0038 0
0.0039 0
0.004 0
0.0041 0
0.0042 0
0.0043 0
0.0044 0
0.0045 0
0.0046 1
0.0047 1
0.0048 1
0.0049 1
0.005 1
0.0051 2
0.0052 2
0.0053 2
0.0054 2
0.0055 2
0.0056 2
0.0057 2
0.0058 0
0.0059 0
0.006 0
0.0061 0
0.0062 0
0.0063 0
0.0064 0
0.0065 0
0.0066 0
0.0067 0
0.0068 0
0.0069 0
0.007 1
0.0071 1
0.0072 1
0.0073 1
0.0074 1
0.0075 1
0.0076 1
0.0077 2
0.0078 2
0.0079 2
0.008 2
0.0081 2
0.0082 2
0.0083 2
0.0084 2
0.0085 2
0.0086 2
0.0087 2
0.0088 2
0.0089 3
0.009 3
0.0091 3
0.0092 3
0.0093 4
0.0094 3
0.0095 4
0.0096 5
0.0097 5
0.0098 5
0.0099 3
0.01 3
0.0101 3
0.0102 4
0.0103 3
0.0104 3
0.0105 3
0.0106 3
0.0107 3
0.0108 3
0.0109 2
0.011 2
0.0111 3
0.0112 4
0.0113 4
0.0114 4
0.0115 4
0.0116 6
0.0117 7
0.0118 7
0.0119 7
0.012 7
0.0121 7
0.0122 6
0.0123 6
0.0124 6
0.0125 7
0.0126 7
0.0127 7
0.0128 7
0.0129 7
0.013 8
0.0131 8
0.0132 8
0.0133 8
0.0134 8
0.0135 7
0.0136 8
0.0137 8
0.0138 8
0.0139 7
0.014 7
0.0141 6
0.0142 6
0.0143 6
0.0144 4
0.0145 5
0.0146 5
0.0147 5
0.0148 5
0.0149 5
0.015 5
0.0151 5
0.0152 5
0.0153 5
0.0154 6
0.0155 6
0.0156 6
0.0157 5
0.0158 6
0.0159 6
0.016 6
0.0161 7
0.0162 7
0.0163 7
0.0164 6
0.0165 9
0.0166 8
0.0167 7
0.0168 7
0.0169 7
0.017 9
0.0171 9
0.0172 9
0.0173 8
0.0174 8
0.0175 7
0.0176 8
0.0177 8
0.0178 7
0.0179 7
0.018 9
0.0181 8
0.0182 8
0.0183 7
0.0184 6
0.0185 7
0.0186 8
0.0187 8
0.0188 8
0.0189 6
0.019 6
0.0191 6
0.0192 6
0.0193 5
0.0194 5
0.0195 5
0.0196 5
0.0197 5
0.0198 6
0.0199 6
0.02 5
0.0201 5
0.0202 6
0.0203 5
0.0204 5
0.0205 5
0.0206 5
0.0207 6
0.0208 6
0.0209 6
0.021 6
0.0211 6
0.0212 7
0.0213 6
0.0214 6
0.0215 6
0.0216 7
0.0217 8
0.0218 6
0.0219 6
0.022 7
0.0221 7
0.0222 7
0.0223 9
0.0224 9
0.0225 9
0.0226 10
0.0227 11
0.0228 11
0.0229 13
0.023 14
0.0231 14
0.0232 13
0.0233 14
0.0234 15
0.0235 16
0.0236 16
0.0237 17
0.0238 17
0.0239 18
0.024 17
0.0241 17
0.0242 16
0.0243 17
0.0244 17
0.0245 17
0.0246 17
0.0247 17
0.0248 17
0.0249 15
0.025 16
0.0251 18
0.0252 20
0.0253 18
0.0254 19
0.0255 19
0.0256 17
0.0257 19
0.0258 19
0.0259 19
0.026 20
0.0261 19
0.0262 19
0.0263 19
0.0264 19
0.0265 20
0.0266 20
0.0267 21
0.0268 18
0.0269 18
0.027 18
0.0271 18
0.0272 17
0.0273 17
0.0274 16
0.0275 14
0.0276 13
0.0277 13
0.0278 12
0.0279 12
0.028 12
0.0281 12
0.0282 12
0.0283 13
0.0284 11
0.0285 12
0.0286 12
0.0287 12
0.0288 10
0.0289 7
0.029 9
0.0291 10
0.0292 10
0.0293 9
0.0294 9
0.0295 10
0.0296 11
0.0297 11
0.0298 11
0.0299 11
0.03 10
0.0301 11
0.0302 11
0.0303 9
0.0304 11
0.0305 11
0.0306 11
0.0307 11
0.0308 12
0.0309 13
0.031 13
0.0311 12
0.0312 11
0.0313 10
0.0314 11
0.0315 12
0.0316 10
0.0317 11
0.0318 11
0.0319 11
0.032 11
0.0321 11
0.0322 13
0.0323 12
0.0324 11
0.0325 12
0.0326 12
0.0327 12
0.0328 14
0.0329 14
0.033 16
0.0331 16
0.0332 16
0.0333 14
0.0334 15
0.0335 16
0.0336 16
0.0337 14
0.0338 13
0.0339 14
0.034 12
0.0341 13
0.0342 14
0.0343 13
0.0344 14
0.0345 14
0.0346 15
0.0347 15
0.0348 14
0.0349 15
0.035 15
0.0351 17
0.0352 18
0.0353 17
0.0354 16
0.0355 18
0.0356 17
0.0357 15
0.0358 17
0.0359 17
0.036 15
0.0361 15
0.0362 15
0.0363 15
0.0364 16
0.0365 16
0.0366 16
0.0367 15
0.0368 16
0.0369 16
0.037 16
0.0371 16
0.0372 16
0.0373 15
0.0374 15
0.0375 14
0.0376 15
0.0377 17
0.0378 16
0.0379 15
0.038 15
0.0381 16
0.0382 16
0.0383 16
0.0384 16
0.0385 17
0.0386 18
0.0387 18
0.0388 18
0.0389 19
0.039 19
0.0391 19
0.0392 19
0.0393 19
0.0394 19
0.0395 19
0.0396 18
0.0397 18
0.0398 17
0.0399 17
0.04 18
0.0401 20
0.0402 17
0.0403 16
0.0404 15
0.0405 14
0.0406 17
0.0407 16
0.0408 14
0.0409 16
0.041 18
0.0411 17
0.0412 17
0.0413 16
0.0414 16
0.0415 17
0.0416 17
0.0417 17
0.0418 16
0.0419 17
0.042 17
0.0421 19
0.0422 18
0.0423 18
0.0424 17
0.0425 17
0.0426 17
0.0427 17
0.0428 16
0.0429 15
0.043 15
0.0431 17
0.0432 18
0.0433 18
0.0434 18
0.0435 18
0.0436 19
0.0437 18
0.0438 16
0.0439 20
0.044 19
0.0441 20
0.0442 19
0.0443 19
0.0444 18
0.0445 19
0.0446 20
0.0447 20
0.0448 18
0.0449 18
0.045 18
0.0451 18
0.0452 18
0.0453 17
0.0454 19
0.0455 19
0.0456 20
0.0457 21
0.0458 18
0.0459 17
0.046 17
0.0461 18
0.0462 17
0.0463 19
0.0464 20
0.0465 20
0.0466 19
0.0467 19
0.0468 19
0.0469 20
0.047 21
0.0471 21
0.0472 21
0.0473 21
0.0474 21
0.0475 21
0.0476 21
0.0477 20
0.0478 19
0.0479 16
0.048 15
0.0481 15
0.0482 15
0.0483 15
0.0484 15
0.0485 15
0.0486 15
0.0487 17
0.0488 18
0.0489 17
0.049 16
0.0491 15
0.0492 16
0.0493 16
0.0494 16
0.0495 16
0.0496 16
0.0497 17
0.0498 18
0.0499 18
0.05 17
0.0501 18
0.0502 20
0.0503 20
0.0504 19
0.0505 20
0.0506 20
0.0507 17
0.0508 18
0.0509 16
0.051 17
0.0511 17
0.0512 17
0.0513 16
0.0514 17
0.0515 18
0.0516 19
0.0517 19
0.0518 18
0.0519 18
0.052 17
0.0521 15
0.0522 15
0.0523 13
0.0524 12
0.0525 13
0.0526 13
0.0527 17
0.0528 17
0.0529 17
0.053 17
0.0531 18
0.0532 17
0.0533 17
0.0534 17
0.0535 17
0.0536 16
0.0537 16
0.0538 16
0.0539 15
0.054 17
0.0541 17
0.0542 15
0.0543 15
0.0544 17
0.0545 16
0.0546 18
0.0547 20
0.0548 19
0.0549 19
0.055 17
0.0551 14
0.0552 12
0.0553 12
0.0554 13
0.0555 13
0.0556 15
0.0557 13
0.0558 14
0.0559 15
0.056 16
0.0561 17
0.0562 19
0.0563 19
0.0564 19
0.0565 22
0.0566 20
0.0567 19
0.0568 18
0.0569 18
0.057 19
0.0571 18
0.0572 18
0.0573 20
0.0574 22
0.0575 22
0.0576 22
0.0577 23
0.0578 21
0.0579 23
0.058 22
0.0581 23
0.0582 25
0.0583 26
0.0584 23
0.0585 23
0.0586 23
0.0587 23
0.0588 23
0.0589 24
0.059 26
0.0591 25
0.0592 24
0.0593 25
0.0594 27
0.0595 27
0.0596 27
0.0597 26
0.0598 24
0.0599 25
0.06 24
0.0601 23
0.0602 23
0.0603 24
0.0604 23
0.0605 22
0.0606 26
0.0607 26
0.0608 25
0.0609 21
0.061 20
0.0611 19
0.0612 21
0.0613 21
0.0614 21
0.0615 19
0.0616 19
0.0617 20
0.0618 20
0.0619 21
0.062 20
0.0621 20
0.0622 20
0.0623 19
0.0624 19
0.0625 19
0.0626 20
0.0627 22
0.0628 21
0.0629 21
0.063 22
0.0631 22
0.0632 21
0.0633 20
0.0634 20
0.0635 21
0.0636 23
0.0637 23
0.0638 24
0.0639 25
0.064 26
0.0641 26
0.0642 27
0.0643 25
0.0644 24
0.0645 25
0.0646 25
0.0647 28
0.0648 28
0.0649 27
0.065 26
0.0651 26
0.0652 27
0.0653 26
0.0654 26
0.0655 26
0.0656 25
0.0657 26
0.0658 25
0.0659 24
0.066 23
0.0661 23
0.0662 24
0.0663 23
0.0664 21
0.0665 19
0.0666 19
0.0667 21
0.0668 19
0.0669 18
0.067 18
0.0671 18
0.0672 15
0.0673 16
0.0674 19
0.0675 19
0.0676 19
0.0677 18
0.0678 17
0.0679 18
0.068 19
0.0681 18
0.0682 19
0.0683 18
0.0684 18
0.0685 16
0.0686 17
0.0687 18
0.0688 20
0.0689 20
0.069 19
0.0691 20
0.0692 20
0.0693 21
0.0694 20
0.0695 22
0.0696 22
0.0697 21
0.0698 21
0.0699 22
0.07 23
0.0701 21
0.0702 22
0.0703 20
0.0704 20
0.0705 19
0.0706 21
0.0707 22
0.0708 21
0.0709 21
0.071 20
0.0711 19
0.0712 21
0.0713 23
0.0714 22
0.0715 22
0.0716 23
0.0717 23
0.0718 21
0.0719 20
0.072 19
0.0721 19
0.0722 19
0.0723 19
0.0724 20
0.0725 21
0.0726 22
0.0727 23
0.0728 22
0.0729 25
0.073 26
0.0731 27
0.0732 28
0.0733 28
0.0734 29
0.0735 29
0.0736 28
0.0737 29
0.0738 30
0.0739 29
0.074 29
0.0741 28
0.0742 30
0.0743 29
0.0744 28
0.0745 27
0.0746 27
0.0747 29
0.0748 26
0.0749 24
0.075 25
0.0751 24
0.0752 24
0.0753 25
0.0754 23
0.0755 22
0.0756 22
0.0757 23
0.0758 22
0.0759 23
0.076 23
0.0761 22
0.0762 20
0.0763 20
0.0764 20
0.0765 20
0.0766 20
0.0767 20
0.0768 19
0.0769 18
0.077 20
0.0771 21
0.0772 22
0.0773 22
0.0774 20
0.0775 23
0.0776 23
0.0777 24
0.0778 24
0.0779 24
0.078 24
0.0781 24
0.0782 23
0.0783 23
0.0784 22
0.0785 22
0.0786 21
0.0787 23
0.0788 22
0.0789 21
0.079 20
0.0791 21
0.0792 21
0.0793 22
0.0794 20
0.0795 20
0.0796 20
0.0797 21
0.0798 22
0.0799 22
0.08 23
0.0801 22
0.0802 21
0.0803 21
0.0804 22
0.0805 22
0.0806 22
0.0807 22
0.0808 20
0.0809 21
0.081 20
0.0811 21
0.0812 21
0.0813 22
0.0814 22
0.0815 22
0.0816 23
0.0817 22
0.0818 22
0.0819 24
0.082 24
0.0821 24
0.0822 24
0.0823 22
0.0824 23
0.0825 24
0.0826 25
0.0827 26
0.0828 26
0.0829 26
0.083 27
0.0831 27
0.0832 28
0.0833 27
0.0834 25
0.0835 26
0.0836 25
0.0837 25
0.0838 26
0.0839 25
0.084 24
0.0841 25
0.0842 26
0.0843 26
0.0844 29
0.0845 28
0.0846 28
0.0847 27
0.0848 27
0.0849 27
0.085 28
0.0851 26
0.0852 26
0.0853 27
0.0854 25
0.0855 25
0.0856 25
0.0857 25
0.0858 25
0.0859 25
0.086 25
0.0861 28
0.0862 28
0.0863 26
0.0864 27
0.0865 27
0.0866 28
0.0867 28
0.0868 28
0.0869 27
0.087 26
0.0871 26
0.0872 24
0.0873 24
0.0874 23
0.0875 21
0.0876 19
0.0877 19
0.0878 21
0.0879 22
0.088 24
0.0881 25
0.0882 25
0.0883 25
0.0884 24
0.0885 24
0.0886 23
0.0887 21
0.0888 24
0.0889 23
0.089 25
0.0891 25
0.0892 23
0.0893 22
0.0894 21
0.0895 21
0.0896 23
0.0897 24
0.0898 23
0.0899 25
0.09 24
0.0901 25
0.0902 28
0.0903 29
0.0904 29
0.0905 27
0.0906 27
0.0907 26
0.0908 26
0.0909 27
0.091 27
0.0911 27
0.0912 26
0.0913 26
0.0914 24
0.0915 24
0.0916 22
0.0917 24
0.0918 23
0.0919 25
0.092 27
0.0921 28
0.0922 28
0.0923 28
0.0924 27
0.0925 28
0.0926 27
0.0927 25
0.0928 25
0.0929 24
0.093 24
0.0931 24
0.0932 25
0.0933 24
0.0934 25
0.0935 26
0.0936 27
0.0937 26
0.0938 26
0.0939 27
0.094 28
0.0941 29
0.0942 29
0.0943 29
0.0944 29
0.0945 29
0.0946 28
0.0947 28
0.0948 29
0.0949 30
0.095 27
0.0951 26
0.0952 26
0.0953 26
0.0954 26
0.0955 25
0.0956 24
0.0957 24
0.0958 26
0.0959 24
0.096 24
0.0961 23
0.0962 23
0.0963 23
0.0964 22
0.0965 22
0.0966 23
0.0967 23
0.0968 26
0.0969 28
0.097 29
0.0971 30
0.0972 30
0.0973 30
0.0974 29
0.0975 30
0.0976 31
0.0977 29
0.0978 30
0.0979 30
0.098 31
0.0981 30
0.0982 30
0.0983 30
0.0984 31
0.0985 30
0.0986 31
0.0987 30
0.0988 26
0.0989 26
0.099 25
0.0991 25
0.0992 24
0.0993 24
0.0994 23
0.0995 24
0.0996 24
0.0997 26
0.0998 26
0.0999 25
0.1 26
