0 0
0.0001 0
0.0002 0
0.0003 0
0.0004 0
0.0005 0
0.0006 0
0.0007 0
0.0008 0
0.0009 0
0.001 0
0.0011 0
0.0012 0
0.0013 0
0.0014 0
0.0015 0
0.0016 0
0.0017 0
0.0018 0
0.0019 0
0.002 0
0.0021 0
0.0022 1
0.0023 1
0.0024 1
0.0025 1
0.0026 1
0.0027 1
0.0028 1
0.0029 1
0.003 1
0.0031 1
0.0032 1
0.0033 1
0.0034 1
0.0035 1
0.0036 1
0.0037 1
0.0038 1
0.0039 2
0.004 2
0.0041 2
0.0042 2
0.0043 2
0.0044 2
0.0045 2
0.0046 3
0.0047 3
0.0048 4
0.0049 5
0.005 5
0.0051 5
0.0052 5
0.0053 6
0.0054 6
0.0055 6
0.0056 6
0.0057 6
0.0058 6
0.0059 6
0.006 6
0.0061 5
0.0062 5
0.0063 5
0.0064 5
0.0065 5
0.0066 5
0.0067 5
0.0068 5
0.0069 6
0.007 6
0.0071 6
0.0072 6
0.0073 6
0.0074 6
0.0075 6
0.0076 6
0.0077 6
0.0078 6
0.0079 6
0.008 7
0.0081 8
0.0082 8
0.0083 8
0.0084 8
0.0085 8
0.0086 8
0.0087 8
0.0088 8
0.0089 8
0.009 7
0.0091 6
0.0092 7
0.0093 7
0.0094 8
0.0095 8
0.0096 8
0.0097 7
0.0098 7
0.0099 7
0.01 7
0.0101 7
0.0102 7
0.0103 7
0.0104 7
0.0105 7
0.0106 7
0.0107 7
0.0108 7
0.0109 7
0.011 7
0.0111 7
0.0112 6
0.0113 6
0.0114 6
0.0115 6
0.0116 6
0.0117 6
0.0118 5
0.0119 6
0.012 6
0.0121 6
0.0122 6
0.0123 6
0.0124 6
0.0125 7
0.0126 8
0.0127 8
0.0128 8
0.0129 8
0.013 8
0.0131 8
0.0132 7
0.0133 7
0.0134 7
0.0135 7
0.0136 6
0.0137 6
0.0138 6
0.0139 6
0.014 6
0.0141 7
0.0142 7
0.0143 8
0.0144 8
0.0145 8
0.0146 8
0.0147 8
0.0148 8
0.0149 7
0.015 7
0.0151 7
0.0152 7
0.0153 7
0.0154 6
0.0155 6
0.0156 6
0.0157 7
0.0158 7
0.0159 7
0.016 7
0.0161 7
0.0162 7
0.0163 7
0.0164 7
0.0165 7
0.0166 7
0.0167 7
0.0168 6
0.0169 6
0.017 6
0.0171 6
0.0172 6
0.0173 6
0.0174 6
0.0175 6
0.0176 6
0.0177 6
0.0178 7
0.0179 8
0.018 7
0.0181 7
0.0182 7
0.0183 7
0.0184 7
0.0185 8
0.0186 8
0.0187 8
0.0188 7
0.0189 7
0.019 6
0.0191 7
0.0192 6
0.0193 6
0.0194 6
0.0195 6
0.0196 6
0.0197 6
0.0198 6
0.0199 6
0.02 6
0.0201 6
0.0202 6
0.0203 7
0.0204 8
0.0205 8
0.0206 8
0.0207 7
0.0208 7
0.0209 7
0.021 7
0.0211 7
0.0212 6
0.0213 6
0.0214 6
0.0215 5
0.0216 5
0.0217 6
0.0218 7
0.0219 7
0.022 7
0.0221 8
0.0222 8
0.0223 9
0.0224 8
0.0225 8
0.0226 8
0.0227 8
0.0228 7
0.0229 7
0.023 7
0.0231 7
0.0232 6
0.0233 6
0.0234 6
0.0235 6
0.0236 6
0.0237 6
0.0238 5
0.0239 5
0.024 5
0.0241 4
0.0242 4
0.0243 4
0.0244 2
0.0245 2
0.0246 2
0.0247 2
0.0248 2
0.0249 2
0.025 2
0.0251 2
0.0252 2
0.0253 2
0.0254 2
0.0255 3
0.0256 3
0.0257 3
0.0258 3
0.0259 3
0.026 3
0.0261 3
0.0262 3
0.0263 3
0.0264 3
0.0265 3
0.0266 3
0.0267 3
0.0268 3
0.0269 3
0.027 3
0.0271 3
0.0272 3
0.0273 3
0.0274 3
0.0275 3
0.0276 3
0.0277 3
0.0278 4
0.0279 4
0.028 4
0.0281 4
0.0282 4
0.0283 4
0.0284 4
0.0285 4
0.0286 4
0.0287 4
0.0288 4
0.0289 4
0.029 4
0.0291 4
0.0292 4
0.0293 4
0.0294 4
0.0295 4
0.0296 5
0.0297 5
0.0298 5
0.0299 5
0.03 5
0.0301 5
0.0302 5
0.0303 5
0.0304 5
0.0305 5
0.0306 5
0.0307 5
0.0308 5
0.0309 5
0.031 5
0.0311 5
0.0312 5
0.0313 5
0.0314 4
0.0315 4
0.0316 4
0.0317 4
0.0318 4
0.0319 5
0.032 5
0.0321 5
0.0322 5
0.0323 5
0.0324 5
0.0325 5
0.0326 5
0.0327 5
0.0328 5
0.0329 5
0.033 4
0.0331 4
0.0332 4
0.0333 4
0.0334 4
0.0335 4
0.0336 4
0.0337 4
0.0338 4
0.0339 4
0.034 4
0.0341 4
0.0342 3
0.0343 3
0.0344 3
0.0345 3
0.0346 3
0.0347 3
0.0348 3
0.0349 3
0.035 3
0.0351 3
0.0352 4
0.0353 4
0.0354 4
0.0355 4
0.0356 4
0.0357 4
0.0358 5
0.0359 5
0.036 5
0.0361 5
0.0362 5
0.0363 5
0.0364 5
0.0365 5
0.0366 5
0.0367 5
0.0368 5
0.0369 5
0.037 6
0.0371 6
0.0372 6
0.0373 6
0.0374 6
0.0375 6
0.0376 6
0.0377 6
0.0378 6
0.0379 6
0.038 6
0.0381 6
0.0382 6
0.0383 6
0.0384 6
0.0385 6
0.0386 6
0.0387 6
0.0388 6
0.0389 6
0.039 6
0.0391 6
0.0392 6
0.0393 6
0.0394 6
0.0395 6
0.0396 6
0.0397 6
0.0398 6
0.0399 6
0.04 6
0.0401 5
0.0402 6
0.0403 5
0.0404 5
0.0405 5
0.0406 5
0.0407 4
0.0408 4
0.0409 4
0.041 4
0.0411 4
0.0412 4
0.0413 4
0.0414 4
0.0415 4
0.0416 4
0.0417 4
0.0418 4
0.0419 4
0.042 4
0.0421 4
0.0422 3
0.0423 3
0.0424 3
0.0425 3
0.0426 3
0.0427 3
0.0428 3
0.0429 3
0.043 3
0.0431 3
0.0432 3
0.0433 4
0.0434 4
0.0435 4
0.0436 4
0.0437 4
0.0438 4
0.0439 5
0.044 6
0.0441 6
0.0442 6
0.0443 6
0.0444 6
0.0445 6
0.0446 6
0.0447 6
0.0448 6
0.0449 6
0.045 7
0.0451 7
0.0452 7
0.0453 7
0.0454 7
0.0455 7
0.0456 7
0.0457 7
0.0458 7
0.0459 7
0.046 7
0.0461 7
0.0462 7
0.0463 7
0.0464 7
0.0465 7
0.0466 7
0.0467 7
0.0468 7
0.0469 7
0.047 7
0.0471 7
0.0472 8
0.0473 8
0.0474 7
0.0475 7
0.0476 7
0.0477 7
0.0478 7
0.0479 7
0.048 7
0.0481 7
0.0482 7
0.0483 7
0.0484 7
0.0485 7
0.0486 7
0.0487 7
0.0488 7
0.0489 7
0.049 7
0.0491 7
0.0492 7
0.0493 7
0.0494 7
0.0495 7
0.0496 7
0.0497 7
0.0498 7
0.0499 7
0.05 7
0.0501 7
0.0502 7
0.0503 7
0.0504 7
0.0505 7
0.0506 7
0.0507 7
0.0508 7
0.0509 7
0.051 7
0.0511 7
0.0512 8
0.0513 8
0.0514 8
0.0515 8
0.0516 8
0.0517 8
0.0518 8
0.0519 8
0.052 8
0.0521 8
0.0522 9
0.0523 9
0.0524 9
0.0525 9
0.0526 9
0.0527 9
0.0528 9
0.0529 9
0.053 9
0.0531 8
0.0532 8
0.0533 8
0.0534 7
0.0535 7
0.0536 7
0.0537 7
0.0538 7
0.0539 7
0.054 7
0.0541 7
0.0542 8
0.0543 7
0.0544 7
0.0545 7
0.0546 7
0.0547 7
0.0548 7
0.0549 7
0.055 7
0.0551 7
0.0552 7
0.0553 7
0.0554 7
0.0555 8
0.0556 8
0.0557 8
0.0558 9
0.0559 9
0.056 9
0.0561 9
0.0562 9
0.0563 9
0.0564 9
0.0565 9
0.0566 9
0.0567 9
0.0568 9
0.0569 9
0.057 9
0.0571 9
0.0572 9
0.0573 9
0.0574 9
0.0575 9
0.0576 9
0.0577 9
0.0578 9
0.0579 9
0.058 8
0.0581 8
0.0582 8
0.0583 8
0.0584 8
0.0585 8
0.0586 8
0.0587 8
0.0588 8
0.0589 8
0.059 8
0.0591 8
0.0592 8
0.0593 8
0.0594 8
0.0595 8
0.0596 8
0.0597 8
0.0598 8
0.0599 8
0.06 8
0.0601 8
0.0602 9
0.0603 9
0.0604 8
0.0605 8
0.0606 8
0.0607 8
0.0608 8
0.0609 8
0.061 8
0.0611 8
0.0612 8
0.0613 8
0.0614 8
0.0615 8
0.0616 8
0.0617 8
0.0618 8
0.0619 7
0.062 7
0.0621 7
0.0622 7
0.0623 7
0.0624 7
0.0625 7
0.0626 7
0.0627 7
0.0628 7
0.0629 7
0.063 7
0.0631 7
0.0632 7
0.0633 6
0.0634 7
0.0635 7
0.0636 7
0.0637 7
0.0638 7
0.0639 7
0.064 7
0.0641 7
0.0642 7
0.0643 7
0.0644 7
0.0645 7
0.0646 7
0.0647 6
0.0648 6
0.0649 6
0.065 6
0.0651 6
0.0652 6
0.0653 6
0.0654 6
0.0655 6
0.0656 6
0.0657 6
0.0658 6
0.0659 6
0.066 6
0.0661 7
0.0662 7
0.0663 7
0.0664 7
0.0665 7
0.0666 7
0.0667 7
0.0668 7
0.0669 7
0.067 7
0.0671 7
0.0672 7
0.0673 7
0.0674 7
0.0675 7
0.0676 7
0.0677 7
0.0678 7
0.0679 7
0.068 7
0.0681 7
0.0682 7
0.0683 7
0.0684 7
0.0685 7
0.0686 7
0.0687 7
0.0688 8
0.0689 8
0.069 8
0.0691 8
0.0692 8
0.0693 8
0.0694 8
0.0695 8
0.0696 8
0.0697 8
0.0698 8
0.0699 8
0.07 8
0.0701 8
0.0702 8
0.0703 8
0.0704 7
0.0705 7
0.0706 7
0.0707 7
0.0708 7
0.0709 7
0.071 7
0.0711 7
0.0712 7
0.0713 7
0.0714 7
0.0715 7
0.0716 7
0.0717 7
0.0718 7
0.0719 7
0.072 8
0.0721 8
0.0722 8
0.0723 8
0.0724 8
0.0725 8
0.0726 9
0.0727 9
0.0728 9
0.0729 9
0.073 9
0.0731 9
0.0732 9
0.0733 9
0.0734 9
0.0735 9
0.0736 9
0.0737 9
0.0738 9
0.0739 10
0.074 10
0.0741 10
0.0742 10
0.0743 9
0.0744 9
0.0745 9
0.0746 9
0.0747 9
0.0748 9
0.0749 9
0.075 10
0.0751 10
0.0752 10
0.0753 10
0.0754 10
0.0755 11
0.0756 11
0.0757 11
0.0758 10
0.0759 10
0.076 10
0.0761 10
0.0762 10
0.0763 10
0.0764 10
0.0765 10
0.0766 10
0.0767 10
0.0768 10
0.0769 10
0.077 10
0.0771 10
0.0772 10
0.0773 10
0.0774 10
0.0775 10
0.0776 10
0.0777 10
0.0778 10
0.0779 10
0.078 10
0.0781 10
0.0782 10
0.0783 10
0.0784 10
0.0785 10
0.0786 10
0.0787 10
0.0788 10
0.0789 10
0.079 10
0.0791 10
0.0792 10
0.0793 10
0.0794 10
0.0795 10
0.0796 11
0.0797 11
0.0798 11
0.0799 11
0.08 11
0.0801 11
0.0802 11
0.0803 11
0.0804 11
0.0805 11
0.0806 11
0.0807 11
0.0808 11
0.0809 11
0.081 10
0.0811 10
0.0812 10
0.0813 10
0.0814 10
0.0815 10
0.0816 10
0.0817 10
0.0818 10
0.0819 10
0.082 10
0.0821 10
0.0822 10
0.0823 10
0.0824 10
0.0825 10
0.0826 10
0.0827 10
0.0828 10
0.0829 10
0.083 10
0.0831 10
0.0832 10
0.0833 10
0.0834 10
0.0835 9
0.0836 9
0.0837 9
0.0838 9
0.0839 9
0.084 9
0.0841 9
0.0842 9
0.0843 9
0.0844 9
0.0845 9
0.0846 9
0.0847 9
0.0848 9
0.0849 9
0.085 9
0.0851 9
0.0852 9
0.0853 9
0.0854 9
0.0855 9
0.0856 9
0.0857 9
0.0858 9
0.0859 9
0.086 9
0.0861 9
0.0862 9
0.0863 9
0.0864 9
0.0865 9
0.0866 10
0.0867 9
0.0868 9
0.0869 9
0.087 10
0.0871 10
0.0872 10
0.0873 10
0.0874 10
0.0875 10
0.0876 10
0.0877 10
0.0878 10
0.0879 10
0.088 10
0.0881 10
0.0882 11
0.0883 11
0.0884 11
0.0885 11
0.0886 11
0.0887 11
0.0888 11
0.0889 11
0.089 11
0.0891 11
0.0892 11
0.0893 12
0.0894 13
0.0895 13
0.0896 14
0.0897 14
0.0898 14
0.0899 14
0.09 13
0.0901 13
0.0902 13
0.0903 13
0.0904 14
0.0905 14
0.0906 14
0.0907 14
0.0908 13
0.0909 13
0.091 14
0.0911 14
0.0912 14
0.0913 14
0.0914 14
0.0915 14
0.0916 14
0.0917 14
0.0918 14
0.0919 14
0.092 14
0.0921 14
0.0922 14
0.0923 14
0.0924 14
0.0925 14
0.0926 14
0.0927 14
0.0928 14
0.0929 12
0.093 12
0.0931 11
0.0932 11
0.0933 11
0.0934 11
0.0935 11
0.0936 11
0.0937 10
0.0938 10
0.0939 10
0.094 11
0.0941 11
0.0942 11
0.0943 11
0.0944 11
0.0945 11
0.0946 10
0.0947 10
0.0948 10
0.0949 10
0.095 9
0.0951 9
0.0952 9
0.0953 9
0.0954 9
0.0955 9
0.0956 9
0.0957 9
0.0958 9
0.0959 9
0.096 10
0.0961 10
0.0962 11
0.0963 11
0.0964 11
0.0965 11
0.0966 11
0.0967 11
0.0968 11
0.0969 11
0.097 12
0.0971 12
0.0972 12
0.0973 12
0.0974 12
0.0975 12
0.0976 13
0.0977 13
0.0978 14
0.0979 14
0.098 14
0.0981 14
0.0982 14
0.0983 14
0.0984 14
0.0985 14
0.0986 14
0.0987 14
0.0988 14
0.0989 14
0.099 14
0.0991 14
0.0992 14
0.0993 14
0.0994 14
0.0995 14
0.0996 14
0.0997 14
0.0998 14
0.0999 14
0.1 14
