0 0
0.0001 0
0.0002 0
0.0003 0
0.0004 0
0.0005 0
0.0006 0
0.0007 0
0.0008 0
0.0009 0
0.001 0
0.0011 0
0.0012 0
0.0013 0
0.0014 0
0.0015 0
0.0016 0
0.0017 0
0.0018 2
0.0019 3
0.002 3
0.0021 3
0.0022 3
0.0023 4
0.0024 5
0.0025 7
0.0026 9
0.0027 11
0.0028 12
0.0029 16
0.003 16
0.0031 20
0.0032 22
0.0033 23
0.0034 23
0.0035 28
0.0036 35
0.0037 35
0.0038 37
0.0039 38
0.004 40
0.0041 41
0.0042 46
0.0043 47
0.0044 49
0.0045 51
0.0046 58
0.0047 61
0.0048 65
0.0049 68
0.005 72
0.0051 74
0.0052 76
0.0053 78
0.0054 83
0.0055 85
0.0056 90
0.0057 92
0.0058 96
0.0059 104
0.006 109
0.0061 110
0.0062 115
0.0063 120
0.0064 127
0.0065 133
0.0066 134
0.0067 140
0.0068 145
0.0069 153
0.007 154
0.0071 160
0.0072 164
0.0073 169
0.0074 171
0.0075 177
0.0076 181
0.0077 186
0.0078 190
0.0079 197
0.008 201
0.0081 209
0.0082 214
0.0083 223
0.0084 233
0.0085 244
0.0086 253
0.0087 262
0.0088 265
0.0089 269
0.009 277
0.0091 282
0.0092 290
0.0093 295
0.0094 302
0.0095 312
0.0096 316
0.0097 321
0.0098 327
0.0099 334
0.01 346
0.0101 352
0.0102 366
0.0103 372
0.0104 377
0.0105 384
0.0106 391
0.0107 403
0.0108 406
0.0109 411
0.011 413
0.0111 424
0.0112 438
0.0113 442
0.0114 449
0.0115 451
0.0116 455
0.0117 460
0.0118 467
0.0119 478
0.012 483
0.0121 488
0.0122 495
0.0123 509
0.0124 526
0.0125 534
0.0126 545
0.0127 548
0.0128 550
0.0129 562
0.013 568
0.0131 580
0.0132 581
0.0133 586
0.0134 597
0.0135 603
0.0136 614
0.0137 622
0.0138 633
0.0139 640
0.014 651
0.0141 654
0.0142 661
0.0143 669
0.0144 674
0.0145 679
0.0146 685
0.0147 692
0.0148 700
0.0149 709
0.015 723
0.0151 730
0.0152 741
0.0153 749
0.0154 761
0.0155 764
0.0156 776
0.0157 784
0.0158 790
0.0159 793
0.016 803
0.0161 808
0.0162 822
0.0163 832
0.0164 837
0.0165 844
0.0166 864
0.0167 875
0.0168 885
0.0169 890
0.017 904
0.0171 918
0.0172 920
0.0173 927
0.0174 933
0.0175 943
0.0176 951
0.0177 964
0.0178 960
0.0179 969
0.018 978
0.0181 988
0.0182 995
0.0183 1004
0.0184 1009
0.0185 1014
0.0186 1022
0.0187 1032
0.0188 1034
0.0189 1045
0.019 1051
0.0191 1055
0.0192 1073
0.0193 1079
0.0194 1093
0.0195 1100
0.0196 1109
0.0197 1123
0.0198 1128
0.0199 1137
0.02 1145
0.0201 1147
0.0202 1158
0.0203 1168
0.0204 1174
0.0205 1175
0.0206 1193
0.0207 1212
0.0208 1218
0.0209 1225
0.021 1230
0.0211 1242
0.0212 1258
0.0213 1266
0.0214 1280
0.0215 1289
0.0216 1303
0.0217 1313
0.0218 1319
0.0219 1327
0.022 1334
0.0221 1337
0.0222 1341
0.0223 1357
0.0224 1366
0.0225 1375
0.0226 1384
0.0227 1396
0.0228 1404
0.0229 1418
0.023 1425
0.0231 1436
0.0232 1446
0.0233 1457
0.0234 1465
0.0235 1474
0.0236 1486
0.0237 1497
0.0238 1502
0.0239 1523
0.024 1525
0.0241 1535
0.0242 1542
0.0243 1556
0.0244 1572
0.0245 1572
0.0246 1589
0.0247 1586
0.0248 1601
0.0249 1614
0.025 1621
0.0251 1626
0.0252 1635
0.0253 1651
0.0254 1651
0.0255 1661
0.0256 1673
0.0257 1690
0.0258 1696
0.0259 1711
0.026 1725
0.0261 1735
0.0262 1745
0.0263 1751
0.0264 1757
0.0265 1765
0.0266 1779
0.0267 1775
0.0268 1791
0.0269 1802
0.027 1810
0.0271 1819
0.0272 1820
0.0273 1829
0.0274 1826
0.0275 1825
0.0276 1825
0.0277 1833
0.0278 1847
0.0279 1841
0.028 1823
0.0281 1825
0.0282 1835
0.0283 1837
0.0284 1849
0.0285 1860
0.0286 1868
0.0287 1875
0.0288 1872
0.0289 1875
0.029 1885
0.0291 1902
0.0292 1912
0.0293 1918
0.0294 1920
0.0295 1929
0.0296 1932
0.0297 1939
0.0298 1941
0.0299 1958
0.03 1978
0.0301 1980
0.0302 1993
0.0303 2000
0.0304 1992
0.0305 1984
0.0306 1988
0.0307 1994
0.0308 2010
0.0309 2008
0.031 2004
0.0311 2006
0.0312 2006
0.0313 1995
0.0314 2003
0.0315 2002
0.0316 2010
0.0317 2003
0.0318 1995
0.0319 1999
0.032 2000
0.0321 1996
0.0322 1988
0.0323 1980
0.0324 1987
0.0325 1992
0.0326 1982
0.0327 1981
0.0328 1980
0.0329 1964
0.033 1979
0.0331 1965
0.0332 1970
0.0333 1975
0.0334 1989
0.0335 1995
0.0336 1992
0.0337 1990
0.0338 1976
0.0339 1960
0.034 1947
0.0341 1948
0.0342 1937
0.0343 1923
0.0344 1916
0.0345 1912
0.0346 1890
0.0347 1887
0.0348 1886
0.0349 1882
0.035 1870
0.0351 1881
0.0352 1891
0.0353 1890
0.0354 1895
0.0355 1881
0.0356 1898
0.0357 1891
0.0358 1870
0.0359 1843
0.036 1804
0.0361 1773
0.0362 1747
0.0363 1717
0.0364 1678
0.0365 1636
0.0366 1604
0.0367 1570
0.0368 1555
0.0369 1561
0.037 1564
0.0371 1564
0.0372 1544
0.0373 1556
0.0374 1569
0.0375 1579
0.0376 1588
0.0377 1593
0.0378 1588
0.0379 1585
0.038 1603
0.0381 1630
0.0382 1654
0.0383 1652
0.0384 1652
0.0385 1658
0.0386 1645
0.0387 1621
0.0388 1602
0.0389 1577
0.039 1546
0.0391 1521
0.0392 1496
0.0393 1452
0.0394 1419
0.0395 1380
0.0396 1341
0.0397 1323
0.0398 1295
0.0399 1258
0.04 1227
0.0401 1193
0.0402 1158
0.0403 1128
0.0404 1100
0.0405 1075
0.0406 1056
0.0407 1026
0.0408 1002
0.0409 980
0.041 951
0.0411 934
0.0412 915
0.0413 892
0.0414 864
0.0415 838
0.0416 816
0.0417 824
0.0418 845
0.0419 849
0.042 848
0.0421 847
0.0422 835
0.0423 818
0.0424 799
0.0425 784
0.0426 770
0.0427 753
0.0428 744
0.0429 739
0.043 726
0.0431 715
0.0432 705
0.0433 697
0.0434 698
0.0435 689
0.0436 674
0.0437 661
0.0438 651
0.0439 637
0.044 636
0.0441 642
0.0442 644
0.0443 644
0.0444 648
0.0445 630
0.0446 612
0.0447 617
0.0448 606
0.0449 604
0.045 598
0.0451 591
0.0452 578
0.0453 573
0.0454 556
0.0455 545
0.0456 528
0.0457 517
0.0458 512
0.0459 499
0.046 481
0.0461 465
0.0462 453
0.0463 443
0.0464 441
0.0465 429
0.0466 425
0.0467 420
0.0468 416
0.0469 414
0.047 412
0.0471 406
0.0472 400
0.0473 391
0.0474 391
0.0475 387
0.0476 391
0.0477 392
0.0478 386
0.0479 388
0.048 388
0.0481 387
0.0482 378
0.0483 374
0.0484 367
0.0485 357
0.0486 360
0.0487 367
0.0488 384
0.0489 386
0.049 391
0.0491 401
0.0492 404
0.0493 409
0.0494 421
0.0495 433
0.0496 431
0.0497 437
0.0498 441
0.0499 440
0.05 444
0.0501 442
0.0502 440
0.0503 431
0.0504 425
0.0505 418
0.0506 417
0.0507 418
0.0508 408
0.0509 394
0.051 388
0.0511 374
0.0512 366
0.0513 355
0.0514 351
0.0515 345
0.0516 342
0.0517 337
0.0518 336
0.0519 341
0.052 336
0.0521 341
0.0522 339
0.0523 335
0.0524 337
0.0525 345
0.0526 349
0.0527 347
0.0528 344
0.0529 347
0.053 348
0.0531 348
0.0532 346
0.0533 348
0.0534 348
0.0535 351
0.0536 347
0.0537 345
0.0538 345
0.0539 347
0.054 341
0.0541 348
0.0542 348
0.0543 342
0.0544 338
0.0545 327
0.0546 315
0.0547 308
0.0548 306
0.0549 303
0.055 297
0.0551 298
0.0552 298
0.0553 305
0.0554 297
0.0555 290
0.0556 292
0.0557 295
0.0558 294
0.0559 286
0.056 290
0.0561 285
0.0562 287
0.0563 286
0.0564 286
0.0565 284
0.0566 283
0.0567 277
0.0568 281
0.0569 285
0.057 288
0.0571 288
0.0572 286
0.0573 286
0.0574 289
0.0575 286
0.0576 283
0.0577 278
0.0578 275
0.0579 288
0.058 288
0.0581 284
0.0582 278
0.0583 275
0.0584 269
0.0585 268
0.0586 264
0.0587 266
0.0588 258
0.0589 257
0.059 249
0.0591 246
0.0592 244
0.0593 239
0.0594 237
0.0595 244
0.0596 235
0.0597 233
0.0598 236
0.0599 238
0.06 241
0.0601 243
0.0602 250
0.0603 255
0.0604 260
0.0605 259
0.0606 259
0.0607 261
0.0608 261
0.0609 257
0.061 252
0.0611 246
0.0612 245
0.0613 240
0.0614 243
0.0615 237
0.0616 238
0.0617 242
0.0618 236
0.0619 240
0.062 237
0.0621 233
0.0622 240
0.0623 242
0.0624 245
0.0625 239
0.0626 239
0.0627 240
0.0628 242
0.0629 248
0.063 254
0.0631 257
0.0632 255
0.0633 263
0.0634 261
0.0635 269
0.0636 268
0.0637 269
0.0638 268
0.0639 267
0.064 261
0.0641 259
0.0642 249
0.0643 254
0.0644 276
0.0645 308
0.0646 340
0.0647 361
0.0648 387
0.0649 418
0.065 425
0.0651 431
0.0652 433
0.0653 447
0.0654 457
0.0655 456
0.0656 453
0.0657 454
0.0658 462
0.0659 472
0.066 478
0.0661 473
0.0662 479
0.0663 476
0.0664 478
0.0665 468
0.0666 463
0.0667 455
0.0668 448
0.0669 438
0.067 431
0.0671 428
0.0672 421
0.0673 420
0.0674 410
0.0675 408
0.0676 405
0.0677 399
0.0678 400
0.0679 404
0.068 404
0.0681 406
0.0682 405
0.0683 398
0.0684 397
0.0685 382
0.0686 384
0.0687 390
0.0688 391
0.0689 386
0.069 379
0.0691 380
0.0692 376
0.0693 364
0.0694 362
0.0695 360
0.0696 360
0.0697 363
0.0698 371
0.0699 384
0.07 380
0.0701 376
0.0702 373
0.0703 363
0.0704 361
0.0705 358
0.0706 350
0.0707 345
0.0708 344
0.0709 341
0.071 344
0.0711 332
0.0712 324
0.0713 318
0.0714 313
0.0715 308
0.0716 304
0.0717 308
0.0718 307
0.0719 298
0.072 295
0.0721 301
0.0722 301
0.0723 298
0.0724 293
0.0725 298
0.0726 295
0.0727 299
0.0728 294
0.0729 288
0.073 292
0.0731 294
0.0732 297
0.0733 298
0.0734 298
0.0735 300
0.0736 297
0.0737 289
0.0738 283
0.0739 278
0.074 281
0.0741 279
0.0742 278
0.0743 278
0.0744 277
0.0745 276
0.0746 279
0.0747 275
0.0748 270
0.0749 266
0.075 268
0.0751 268
0.0752 272
0.0753 272
0.0754 271
0.0755 273
0.0756 286
0.0757 286
0.0758 294
0.0759 295
0.076 298
0.0761 314
0.0762 327
0.0763 345
0.0764 350
0.0765 351
0.0766 354
0.0767 365
0.0768 372
0.0769 375
0.077 369
0.0771 365
0.0772 364
0.0773 363
0.0774 373
0.0775 376
0.0776 383
0.0777 378
0.0778 377
0.0779 378
0.078 378
0.0781 373
0.0782 375
0.0783 374
0.0784 380
0.0785 385
0.0786 387
0.0787 388
0.0788 393
0.0789 397
0.079 408
0.0791 407
0.0792 405
0.0793 407
0.0794 432
0.0795 456
0.0796 480
0.0797 503
0.0798 514
0.0799 530
0.08 546
0.0801 560
0.0802 565
0.0803 571
0.0804 586
0.0805 589
0.0806 593
0.0807 596
0.0808 599
0.0809 600
0.081 603
0.0811 603
0.0812 602
0.0813 602
0.0814 607
0.0815 610
0.0816 613
0.0817 610
0.0818 613
0.0819 612
0.082 613
0.0821 619
0.0822 615
0.0823 626
0.0824 622
0.0825 630
0.0826 626
0.0827 633
0.0828 632
0.0829 639
0.083 636
0.0831 640
0.0832 640
0.0833 642
0.0834 648
0.0835 655
0.0836 656
0.0837 658
0.0838 661
0.0839 664
0.084 668
0.0841 676
0.0842 676
0.0843 683
0.0844 688
0.0845 693
0.0846 694
0.0847 701
0.0848 704
0.0849 703
0.085 710
0.0851 711
0.0852 716
0.0853 721
0.0854 729
0.0855 733
0.0856 737
0.0857 739
0.0858 738
0.0859 747
0.086 745
0.0861 754
0.0862 765
0.0863 768
0.0864 775
0.0865 785
0.0866 794
0.0867 794
0.0868 809
0.0869 811
0.087 819
0.0871 823
0.0872 830
0.0873 837
0.0874 842
0.0875 841
0.0876 847
0.0877 852
0.0878 861
0.0879 865
0.088 863
0.0881 873
0.0882 880
0.0883 886
0.0884 899
0.0885 904
0.0886 911
0.0887 921
0.0888 925
0.0889 931
0.089 932
0.0891 943
0.0892 951
0.0893 952
0.0894 960
0.0895 972
0.0896 982
0.0897 986
0.0898 991
0.0899 1000
0.09 1009
0.0901 1020
0.0902 1022
0.0903 1029
0.0904 1036
0.0905 1035
0.0906 1044
0.0907 1039
0.0908 1056
0.0909 1062
0.091 1072
0.0911 1082
0.0912 1087
0.0913 1101
0.0914 1109
0.0915 1115
0.0916 1119
0.0917 1129
0.0918 1140
0.0919 1150
0.092 1164
0.0921 1169
0.0922 1173
0.0923 1175
0.0924 1186
0.0925 1198
0.0926 1211
0.0927 1218
0.0928 1223
0.0929 1233
0.093 1244
0.0931 1246
0.0932 1260
0.0933 1263
0.0934 1268
0.0935 1287
0.0936 1297
0.0937 1304
0.0938 1317
0.0939 1326
0.094 1334
0.0941 1342
0.0942 1352
0.0943 1368
0.0944 1370
0.0945 1375
0.0946 1387
0.0947 1388
0.0948 1408
0.0949 1412
0.095 1415
0.0951 1437
0.0952 1439
0.0953 1448
0.0954 1460
0.0955 1462
0.0956 1473
0.0957 1481
0.0958 1489
0.0959 1495
0.096 1503
0.0961 1506
0.0962 1517
0.0963 1524
0.0964 1539
0.0965 1543
0.0966 1553
0.0967 1558
0.0968 1572
0.0969 1574
0.097 1582
0.0971 1595
0.0972 1610
0.0973 1610
0.0974 1626
0.0975 1641
0.0976 1633
0.0977 1643
0.0978 1653
0.0979 1665
0.098 1672
0.0981 1670
0.0982 1684
0.0983 1682
0.0984 1699
0.0985 1707
0.0986 1707
0.0987 1706
0.0988 1724
0.0989 1717
0.099 1734
0.0991 1741
0.0992 1742
0.0993 1750
0.0994 1768
0.0995 1767
0.0996 1793
0.0997 1809
0.0998 1818
0.0999 1796
0.1 1821
0.1001 1826
0.1002 1829
0.1003 1833
0.1004 1853
0.1005 1857
0.1006 1848
0.1007 1860
0.1008 1874
0.1009 1872
0.101 1872
0.1011 1874
0.1012 1879
0.1013 1879
0.1014 1888
0.1015 1906
0.1016 1913
0.1017 1914
0.1018 1934
0.1019 1942
0.102 1947
0.1021 1950
0.1022 1958
0.1023 1968
0.1024 1968
0.1025 1981
0.1026 1984
0.1027 1990
0.1028 1995
0.1029 2011
0.103 2004
0.1031 2013
0.1032 2030
0.1033 2029
0.1034 2035
0.1035 2031
0.1036 2016
0.1037 2005
0.1038 1985
0.1039 1965
0.104 1964
0.1041 1954
0.1042 1960
0.1043 1974
0.1044 1992
0.1045 2007
0.1046 2013
0.1047 2037
0.1048 2044
0.1049 2045
0.105 2040
0.1051 2021
0.1052 2011
0.1053 1999
0.1054 2000
0.1055 1989
0.1056 1984
0.1057 1992
0.1058 1992
0.1059 1997
0.106 1984
0.1061 1985
0.1062 1992
0.1063 1998
0.1064 2003
0.1065 1998
0.1066 1981
0.1067 1957
0.1068 1945
0.1069 1937
0.107 1923
0.1071 1901
0.1072 1875
0.1073 1877
0.1074 1848
0.1075 1831
0.1076 1803
0.1077 1776
0.1078 1748
0.1079 1708
0.108 1661
0.1081 1628
0.1082 1605
0.1083 1572
0.1084 1546
0.1085 1511
0.1086 1487
0.1087 1471
0.1088 1455
0.1089 1422
0.109 1402
0.1091 1369
0.1092 1363
0.1093 1336
0.1094 1319
0.1095 1304
0.1096 1282
0.1097 1264
0.1098 1251
0.1099 1230
0.11 1205
0.1101 1184
0.1102 1163
0.1103 1137
0.1104 1106
0.1105 1082
0.1106 1058
0.1107 1029
0.1108 1009
0.1109 980
0.111 961
0.1111 938
0.1112 914
0.1113 906
0.1114 885
0.1115 867
0.1116 849
0.1117 836
0.1118 810
0.1119 797
0.112 787
0.1121 788
0.1122 794
0.1123 797
0.1124 791
0.1125 786
0.1126 775
0.1127 758
0.1128 746
0.1129 728
0.113 710
0.1131 694
0.1132 678
0.1133 665
0.1134 653
0.1135 644
0.1136 632
0.1137 614
0.1138 603
0.1139 596
0.114 579
0.1141 569
0.1142 556
0.1143 536
0.1144 524
0.1145 503
0.1146 497
0.1147 486
0.1148 478
0.1149 477
0.115 466
0.1151 460
0.1152 454
0.1153 442
0.1154 430
0.1155 422
0.1156 415
0.1157 413
0.1158 412
0.1159 411
0.116 412
0.1161 407
0.1162 409
0.1163 412
0.1164 414
0.1165 418
0.1166 413
0.1167 415
0.1168 411
0.1169 416
0.117 413
0.1171 413
0.1172 416
0.1173 420
0.1174 418
0.1175 424
0.1176 431
0.1177 434
0.1178 443
0.1179 442
0.118 452
0.1181 457
0.1182 467
0.1183 463
0.1184 459
0.1185 454
0.1186 448
0.1187 445
0.1188 441
0.1189 433
0.119 422
0.1191 416
0.1192 406
0.1193 403
0.1194 396
0.1195 390
0.1196 389
0.1197 387
0.1198 385
0.1199 378
0.12 366
0.1201 363
0.1202 362
0.1203 369
0.1204 376
0.1205 379
0.1206 397
0.1207 405
0.1208 423
0.1209 438
0.121 438
0.1211 443
0.1212 436
0.1213 452
0.1214 457
0.1215 458
0.1216 454
0.1217 455
0.1218 454
0.1219 452
0.122 457
0.1221 467
0.1222 465
0.1223 466
0.1224 463
0.1225 465
0.1226 457
0.1227 451
0.1228 445
0.1229 439
0.123 438
0.1231 431
0.1232 423
0.1233 418
0.1234 413
0.1235 410
0.1236 410
0.1237 408
0.1238 404
0.1239 399
0.124 402
0.1241 405
0.1242 400
0.1243 394
0.1244 376
0.1245 370
0.1246 365
0.1247 362
0.1248 353
0.1249 343
0.125 333
0.1251 326
0.1252 318
0.1253 314
0.1254 308
0.1255 318
0.1256 335
0.1257 353
0.1258 371
0.1259 391
0.126 403
0.1261 415
0.1262 429
0.1263 447
0.1264 457
0.1265 465
0.1266 460
0.1267 467
0.1268 471
0.1269 466
0.127 463
0.1271 466
0.1272 464
0.1273 469
0.1274 473
0.1275 472
0.1276 469
0.1277 467
0.1278 475
0.1279 477
0.128 474
0.1281 482
0.1282 480
0.1283 471
0.1284 467
0.1285 467
0.1286 456
0.1287 454
0.1288 452
0.1289 443
0.129 437
0.1291 430
0.1292 429
0.1293 418
0.1294 420
0.1295 414
0.1296 420
0.1297 407
0.1298 407
0.1299 404
0.13 402
0.1301 397
0.1302 390
0.1303 390
0.1304 390
0.1305 389
0.1306 393
0.1307 394
0.1308 392
0.1309 391
0.131 392
0.1311 393
0.1312 396
0.1313 393
0.1314 385
0.1315 381
0.1316 369
0.1317 361
0.1318 360
0.1319 354
0.132 349
0.1321 338
0.1322 338
0.1323 329
0.1324 318
0.1325 304
0.1326 294
0.1327 291
0.1328 286
0.1329 285
0.133 286
0.1331 283
0.1332 286
0.1333 287
0.1334 286
0.1335 280
0.1336 278
0.1337 275
0.1338 269
0.1339 266
0.134 268
0.1341 271
0.1342 271
0.1343 273
0.1344 269
0.1345 266
0.1346 262
0.1347 254
0.1348 249
0.1349 244
0.135 242
0.1351 246
0.1352 248
0.1353 250
0.1354 253
0.1355 244
0.1356 240
0.1357 240
0.1358 242
0.1359 241
0.136 241
0.1361 240
0.1362 240
0.1363 234
0.1364 225
0.1365 228
0.1366 223
0.1367 210
0.1368 207
0.1369 211
0.137 209
0.1371 209
0.1372 211
0.1373 207
0.1374 212
0.1375 210
0.1376 223
0.1377 240
0.1378 252
0.1379 263
0.138 276
0.1381 294
0.1382 295
0.1383 297
0.1384 321
0.1385 334
0.1386 357
0.1387 376
0.1388 403
0.1389 418
0.139 434
0.1391 453
0.1392 455
0.1393 469
0.1394 476
0.1395 487
0.1396 504
0.1397 520
0.1398 524
0.1399 536
0.14 538
0.1401 531
0.1402 531
0.1403 526
0.1404 535
0.1405 544
0.1406 540
0.1407 541
0.1408 543
0.1409 552
0.141 564
0.1411 570
0.1412 573
0.1413 592
0.1414 604
0.1415 617
0.1416 622
0.1417 634
0.1418 638
0.1419 650
0.142 657
0.1421 658
0.1422 665
0.1423 667
0.1424 675
0.1425 689
0.1426 703
0.1427 700
0.1428 701
0.1429 707
0.143 718
0.1431 723
0.1432 725
0.1433 726
0.1434 735
0.1435 739
0.1436 744
0.1437 750
0.1438 752
0.1439 755
0.144 764
0.1441 769
0.1442 777
0.1443 781
0.1444 789
0.1445 793
0.1446 803
0.1447 806
0.1448 811
0.1449 818
0.145 811
0.1451 818
0.1452 822
0.1453 824
0.1454 827
0.1455 825
0.1456 827
0.1457 832
0.1458 836
0.1459 842
0.146 837
0.1461 850
0.1462 850
0.1463 854
0.1464 857
0.1465 863
0.1466 868
0.1467 872
0.1468 876
0.1469 876
0.147 873
0.1471 881
0.1472 884
0.1473 884
0.1474 890
0.1475 892
0.1476 896
0.1477 903
0.1478 911
0.1479 916
0.148 921
0.1481 923
0.1482 929
0.1483 931
0.1484 934
0.1485 934
0.1486 940
0.1487 947
0.1488 950
0.1489 954
0.149 958
0.1491 961
0.1492 968
0.1493 972
0.1494 974
0.1495 981
0.1496 984
0.1497 986
0.1498 984
0.1499 989
0.15 1000
0.1501 1005
0.1502 1010
0.1503 1016
0.1504 1021
0.1505 1026
0.1506 1030
0.1507 1033
0.1508 1041
0.1509 1053
0.151 1057
0.1511 1066
0.1512 1077
0.1513 1077
0.1514 1085
0.1515 1090
0.1516 1092
0.1517 1097
0.1518 1107
0.1519 1111
0.152 1118
0.1521 1116
0.1522 1128
0.1523 1135
0.1524 1138
0.1525 1150
0.1526 1151
0.1527 1150
0.1528 1173
0.1529 1174
0.153 1182
0.1531 1182
0.1532 1190
0.1533 1198
0.1534 1203
0.1535 1208
0.1536 1224
0.1537 1227
0.1538 1233
0.1539 1243
0.154 1251
0.1541 1257
0.1542 1261
0.1543 1270
0.1544 1286
0.1545 1291
0.1546 1296
0.1547 1304
0.1548 1311
0.1549 1309
0.155 1313
0.1551 1314
0.1552 1334
0.1553 1327
0.1554 1342
0.1555 1347
0.1556 1354
0.1557 1359
0.1558 1370
0.1559 1370
0.156 1380
0.1561 1395
0.1562 1403
0.1563 1408
0.1564 1411
0.1565 1415
0.1566 1423
0.1567 1431
0.1568 1436
0.1569 1444
0.157 1447
0.1571 1453
0.1572 1460
0.1573 1470
0.1574 1467
0.1575 1476
0.1576 1487
0.1577 1506
0.1578 1502
0.1579 1513
0.158 1522
0.1581 1527
0.1582 1532
0.1583 1532
0.1584 1540
0.1585 1552
0.1586 1554
0.1587 1561
0.1588 1567
0.1589 1569
0.159 1574
0.1591 1582
0.1592 1588
0.1593 1604
0.1594 1613
0.1595 1617
0.1596 1618
0.1597 1621
0.1598 1628
0.1599 1630
0.16 1651
0.1601 1657
0.1602 1665
0.1603 1662
0.1604 1676
0.1605 1683
0.1606 1691
0.1607 1697
0.1608 1694
0.1609 1692
0.161 1693
0.1611 1700
0.1612 1707
0.1613 1716
0.1614 1717
0.1615 1715
0.1616 1717
0.1617 1731
0.1618 1726
0.1619 1729
0.162 1728
0.1621 1722
0.1622 1726
0.1623 1711
0.1624 1699
0.1625 1697
0.1626 1684
0.1627 1677
0.1628 1657
0.1629 1650
0.163 1650
0.1631 1646
0.1632 1652
0.1633 1656
0.1634 1649
0.1635 1653
0.1636 1649
0.1637 1666
0.1638 1680
0.1639 1690
0.164 1697
0.1641 1718
0.1642 1733
0.1643 1744
0.1644 1764
0.1645 1763
0.1646 1781
0.1647 1772
0.1648 1772
0.1649 1782
0.165 1773
0.1651 1756
0.1652 1746
0.1653 1709
0.1654 1690
0.1655 1670
0.1656 1642
0.1657 1590
0.1658 1556
0.1659 1528
0.166 1498
0.1661 1464
0.1662 1435
0.1663 1400
0.1664 1361
0.1665 1321
0.1666 1295
0.1667 1272
0.1668 1249
0.1669 1223
0.167 1194
0.1671 1170
0.1672 1137
0.1673 1108
0.1674 1075
0.1675 1051
0.1676 1021
0.1677 981
0.1678 950
0.1679 931
0.168 913
0.1681 898
0.1682 880
0.1683 853
0.1684 841
0.1685 828
0.1686 812
0.1687 798
0.1688 786
0.1689 789
0.169 798
0.1691 820
0.1692 836
0.1693 843
0.1694 852
0.1695 865
0.1696 861
0.1697 848
0.1698 839
0.1699 829
0.17 810
0.1701 800
0.1702 795
0.1703 796
0.1704 799
0.1705 794
0.1706 793
0.1707 790
0.1708 782
0.1709 777
0.171 773
0.1711 764
0.1712 750
0.1713 733
0.1714 723
0.1715 726
0.1716 731
0.1717 724
0.1718 713
0.1719 710
0.172 703
0.1721 698
0.1722 682
0.1723 676
0.1724 667
0.1725 648
0.1726 642
0.1727 641
0.1728 664
0.1729 700
0.173 728
0.1731 761
0.1732 796
0.1733 797
0.1734 825
0.1735 825
0.1736 821
0.1737 807
0.1738 796
0.1739 782
0.174 774
0.1741 764
0.1742 741
0.1743 732
0.1744 716
0.1745 705
0.1746 691
0.1747 686
0.1748 683
0.1749 676
0.175 663
0.1751 652
0.1752 638
0.1753 627
0.1754 619
0.1755 612
0.1756 599
0.1757 586
0.1758 574
0.1759 570
0.176 566
0.1761 551
0.1762 548
0.1763 539
0.1764 530
0.1765 518
0.1766 512
0.1767 499
0.1768 493
0.1769 494
0.177 489
0.1771 485
0.1772 483
0.1773 475
0.1774 476
0.1775 471
0.1776 470
0.1777 472
0.1778 469
0.1779 476
0.178 475
0.1781 476
0.1782 473
0.1783 464
0.1784 463
0.1785 464
0.1786 464
0.1787 463
0.1788 458
0.1789 457
0.179 446
0.1791 445
0.1792 447
0.1793 449
0.1794 445
0.1795 450
0.1796 446
0.1797 458
0.1798 467
0.1799 476
0.18 480
0.1801 483
0.1802 481
0.1803 474
0.1804 474
0.1805 473
0.1806 473
0.1807 472
0.1808 472
0.1809 476
0.181 471
0.1811 472
0.1812 467
0.1813 458
0.1814 449
0.1815 446
0.1816 440
0.1817 447
0.1818 472
0.1819 490
0.182 494
0.1821 502
0.1822 490
0.1823 485
0.1824 484
0.1825 481
0.1826 483
0.1827 472
0.1828 474
0.1829 470
0.183 476
0.1831 500
0.1832 516
0.1833 538
0.1834 557
0.1835 574
0.1836 590
0.1837 599
0.1838 602
0.1839 620
0.184 619
0.1841 649
0.1842 682
0.1843 726
0.1844 767
0.1845 803
0.1846 843
0.1847 870
0.1848 889
0.1849 900
0.185 909
0.1851 924
0.1852 936
0.1853 960
0.1854 977
0.1855 986
0.1856 983
0.1857 1004
0.1858 1023
0.1859 1017
0.186 1031
0.1861 1044
0.1862 1050
0.1863 1069
0.1864 1084
0.1865 1099
0.1866 1113
0.1867 1123
0.1868 1135
0.1869 1139
0.187 1153
0.1871 1169
0.1872 1172
0.1873 1173
0.1874 1169
0.1875 1184
0.1876 1194
0.1877 1199
0.1878 1196
0.1879 1208
0.188 1203
0.1881 1199
0.1882 1201
0.1883 1202
0.1884 1206
0.1885 1211
0.1886 1210
0.1887 1213
0.1888 1224
0.1889 1228
0.189 1239
0.1891 1244
0.1892 1244
0.1893 1237
0.1894 1222
0.1895 1226
0.1896 1211
0.1897 1212
0.1898 1209
0.1899 1209
0.19 1233
0.1901 1243
0.1902 1246
0.1903 1267
0.1904 1280
0.1905 1296
0.1906 1301
0.1907 1298
0.1908 1300
0.1909 1311
0.191 1328
0.1911 1319
0.1912 1317
0.1913 1329
0.1914 1338
0.1915 1341
0.1916 1347
0.1917 1350
0.1918 1359
0.1919 1368
0.192 1374
0.1921 1370
0.1922 1386
0.1923 1392
0.1924 1388
0.1925 1391
0.1926 1390
0.1927 1383
0.1928 1370
0.1929 1355
0.193 1337
0.1931 1317
0.1932 1308
0.1933 1291
0.1934 1270
0.1935 1250
0.1936 1237
0.1937 1220
0.1938 1209
0.1939 1193
0.194 1180
0.1941 1165
0.1942 1165
0.1943 1153
0.1944 1141
0.1945 1123
0.1946 1095
0.1947 1077
0.1948 1065
0.1949 1038
0.195 1017
0.1951 999
0.1952 979
0.1953 950
0.1954 935
0.1955 910
0.1956 900
0.1957 879
0.1958 871
0.1959 848
0.196 825
0.1961 807
0.1962 790
0.1963 787
0.1964 777
0.1965 762
0.1966 743
0.1967 724
0.1968 707
0.1969 690
0.197 680
0.1971 660
0.1972 640
0.1973 633
0.1974 614
0.1975 596
0.1976 580
0.1977 567
0.1978 562
0.1979 549
0.198 538
0.1981 527
0.1982 520
0.1983 511
0.1984 506
0.1985 489
0.1986 477
0.1987 470
0.1988 470
0.1989 461
0.199 461
0.1991 453
0.1992 448
0.1993 436
0.1994 430
0.1995 424
0.1996 424
0.1997 425
0.1998 413
0.1999 414
0.2 410
0.2001 409
0.2002 407
0.2003 417
0.2004 435
0.2005 448
0.2006 470
0.2007 510
0.2008 546
0.2009 574
0.201 611
0.2011 661
0.2012 709
0.2013 739
0.2014 744
0.2015 757
0.2016 757
0.2017 765
0.2018 765
0.2019 757
0.202 756
0.2021 750
0.2022 745
0.2023 744
0.2024 742
0.2025 731
0.2026 729
0.2027 717
0.2028 701
0.2029 686
0.203 670
0.2031 658
0.2032 651
0.2033 644
0.2034 629
0.2035 616
0.2036 619
0.2037 615
0.2038 603
0.2039 592
0.204 577
0.2041 566
0.2042 557
0.2043 554
0.2044 544
0.2045 535
0.2046 528
0.2047 514
0.2048 514
0.2049 516
0.205 521
0.2051 519
0.2052 512
0.2053 508
0.2054 506
0.2055 500
0.2056 494
0.2057 490
0.2058 474
0.2059 464
0.206 469
0.2061 474
0.2062 482
0.2063 486
0.2064 483
0.2065 467
0.2066 465
0.2067 467
0.2068 452
0.2069 445
0.207 440
0.2071 439
0.2072 436
0.2073 436
0.2074 442
0.2075 446
0.2076 448
0.2077 456
0.2078 462
0.2079 457
0.208 451
0.2081 447
0.2082 451
0.2083 455
0.2084 463
0.2085 462
0.2086 462
0.2087 458
0.2088 446
0.2089 441
0.209 444
0.2091 456
0.2092 479
0.2093 498
0.2094 512
0.2095 540
0.2096 545
0.2097 558
0.2098 572
0.2099 578
0.21 585
0.2101 601
0.2102 614
0.2103 633
0.2104 650
0.2105 668
0.2106 696
0.2107 708
0.2108 716
0.2109 754
0.211 775
0.2111 791
0.2112 803
0.2113 813
0.2114 821
0.2115 837
0.2116 849
0.2117 862
0.2118 868
0.2119 871
0.212 887
0.2121 908
0.2122 906
0.2123 916
0.2124 915
0.2125 915
0.2126 896
0.2127 900
0.2128 886
0.2129 879
0.213 877
0.2131 876
0.2132 885
0.2133 904
0.2134 921
0.2135 929
0.2136 939
0.2137 941
0.2138 952
0.2139 959
0.214 956
0.2141 972
0.2142 981
0.2143 995
0.2144 1009
0.2145 1022
0.2146 1017
0.2147 1036
0.2148 1039
0.2149 1046
0.215 1040
0.2151 1046
0.2152 1049
0.2153 1056
0.2154 1059
0.2155 1062
0.2156 1062
0.2157 1063
0.2158 1069
0.2159 1075
0.216 1070
0.2161 1070
0.2162 1078
0.2163 1082
0.2164 1080
0.2165 1079
0.2166 1085
0.2167 1088
0.2168 1092
0.2169 1096
0.217 1091
0.2171 1102
0.2172 1102
0.2173 1103
0.2174 1096
0.2175 1103
0.2176 1110
0.2177 1113
0.2178 1116
0.2179 1121
0.218 1124
0.2181 1127
0.2182 1124
0.2183 1125
0.2184 1131
0.2185 1134
0.2186 1141
0.2187 1141
0.2188 1151
0.2189 1151
0.219 1161
0.2191 1165
0.2192 1167
0.2193 1163
0.2194 1170
0.2195 1172
0.2196 1180
0.2197 1185
0.2198 1194
0.2199 1206
0.22 1207
0.2201 1207
0.2202 1216
0.2203 1215
0.2204 1229
0.2205 1231
0.2206 1233
0.2207 1243
0.2208 1249
0.2209 1254
0.221 1258
0.2211 1263
0.2212 1269
0.2213 1270
0.2214 1271
0.2215 1284
0.2216 1291
0.2217 1294
0.2218 1304
0.2219 1298
0.222 1307
0.2221 1313
0.2222 1318
0.2223 1328
0.2224 1329
0.2225 1340
0.2226 1343
0.2227 1347
0.2228 1347
0.2229 1361
0.223 1360
0.2231 1365
0.2232 1364
0.2233 1371
0.2234 1374
0.2235 1383
0.2236 1387
0.2237 1396
0.2238 1412
0.2239 1419
0.224 1424
0.2241 1425
0.2242 1427
0.2243 1434
0.2244 1439
0.2245 1455
0.2246 1445
0.2247 1454
0.2248 1471
0.2249 1475
0.225 1479
0.2251 1484
0.2252 1483
0.2253 1501
0.2254 1499
0.2255 1503
0.2256 1511
0.2257 1528
0.2258 1524
0.2259 1514
0.226 1527
0.2261 1521
0.2262 1533
0.2263 1530
0.2264 1541
0.2265 1556
0.2266 1560
0.2267 1570
0.2268 1562
0.2269 1568
0.227 1571
0.2271 1583
0.2272 1584
0.2273 1584
0.2274 1586
0.2275 1595
0.2276 1605
0.2277 1608
0.2278 1613
0.2279 1619
0.228 1629
0.2281 1638
0.2282 1645
0.2283 1645
0.2284 1643
0.2285 1655
0.2286 1660
0.2287 1659
0.2288 1667
0.2289 1660
0.229 1670
0.2291 1675
0.2292 1673
0.2293 1681
0.2294 1677
0.2295 1679
0.2296 1674
0.2297 1677
0.2298 1668
0.2299 1652
0.23 1651
0.2301 1621
0.2302 1600
0.2303 1587
0.2304 1557
0.2305 1530
0.2306 1508
0.2307 1478
0.2308 1444
0.2309 1409
0.231 1379
0.2311 1354
0.2312 1317
0.2313 1307
0.2314 1274
0.2315 1255
0.2316 1221
0.2317 1199
0.2318 1182
0.2319 1173
0.232 1155
0.2321 1149
0.2322 1133
0.2323 1116
0.2324 1103
0.2325 1090
0.2326 1071
0.2327 1050
0.2328 1028
0.2329 1010
0.233 997
0.2331 965
0.2332 946
0.2333 931
0.2334 911
0.2335 892
0.2336 876
0.2337 856
0.2338 844
0.2339 833
0.234 829
0.2341 816
0.2342 798
0.2343 780
0.2344 767
0.2345 761
0.2346 753
0.2347 742
0.2348 725
0.2349 714
0.235 707
0.2351 699
0.2352 689
0.2353 688
0.2354 689
0.2355 692
0.2356 687
0.2357 680
0.2358 678
0.2359 669
0.236 666
0.2361 658
0.2362 660
0.2363 651
0.2364 649
0.2365 646
0.2366 645
0.2367 645
0.2368 655
0.2369 653
0.237 645
0.2371 635
0.2372 631
0.2373 631
0.2374 628
0.2375 624
0.2376 618
0.2377 608
0.2378 602
0.2379 599
0.238 599
0.2381 597
0.2382 590
0.2383 588
0.2384 587
0.2385 575
0.2386 570
0.2387 567
0.2388 561
0.2389 555
0.239 550
0.2391 541
0.2392 533
0.2393 535
0.2394 519
0.2395 508
0.2396 503
0.2397 497
0.2398 485
0.2399 479
0.24 482
0.2401 476
0.2402 468
0.2403 465
0.2404 464
0.2405 455
0.2406 450
0.2407 441
0.2408 432
0.2409 419
0.241 402
0.2411 392
0.2412 379
0.2413 371
0.2414 373
0.2415 366
0.2416 367
0.2417 365
0.2418 361
0.2419 362
0.242 359
0.2421 345
0.2422 340
0.2423 333
0.2424 329
0.2425 328
0.2426 326
0.2427 327
0.2428 323
0.2429 317
0.243 308
0.2431 301
0.2432 292
0.2433 287
0.2434 286
0.2435 280
0.2436 279
0.2437 286
0.2438 294
0.2439 300
0.244 303
0.2441 307
0.2442 309
0.2443 324
0.2444 335
0.2445 343
0.2446 356
0.2447 359
0.2448 361
0.2449 362
0.245 363
0.2451 364
0.2452 365
0.2453 363
0.2454 358
0.2455 356
0.2456 352
0.2457 355
0.2458 366
0.2459 379
0.246 382
0.2461 396
0.2462 405
0.2463 419
0.2464 457
0.2465 491
0.2466 539
0.2467 560
0.2468 581
0.2469 621
0.247 647
0.2471 685
0.2472 724
0.2473 756
0.2474 789
0.2475 807
0.2476 823
0.2477 839
0.2478 847
0.2479 855
0.248 854
0.2481 848
0.2482 837
0.2483 821
0.2484 803
0.2485 781
0.2486 771
0.2487 756
0.2488 751
0.2489 738
0.249 720
0.2491 723
0.2492 712
0.2493 703
0.2494 714
0.2495 727
0.2496 747
0.2497 775
0.2498 807
0.2499 844
0.25 871
