0 0
0.0001 0
0.0002 0
0.0003 0
0.0004 0
0.0005 0
0.0006 0
0.0007 0
0.0008 0
0.0009 0
0.001 0
0.0011 0
0.0012 0
0.0013 0
0.0014 0
0.0015 0
0.0016 2
0.0017 2
0.0018 1
0.0019 1
0.002 1
0.0021 2
0.0022 3
0.0023 3
0.0024 3
0.0025 1
0.0026 0
0.0027 2
0.0028 2
0.0029 0
0.003 3
0.0031 1
0.0032 1
0.0033 1
0.0034 2
0.0035 3
0.0036 0
0.0037 0
0.0038 1
0.0039 2
0.004 2
0.0041 2
0.0042 0
0.0043 1
0.0044 1
0.0045 1
0.0046 0
0.0047 2
0.0048 0
0.0049 1
0.005 1
0.0051 0
0.0052 0
0.0053 1
0.0054 0
0.0055 0
0.0056 1
0.0057 2
0.0058 5
0.0059 2
0.006 0
0.0061 1
0.0062 2
0.0063 1
0.0064 1
0.0065 1
0.0066 4
0.0067 1
0.0068 0
0.0069 1
0.007 2
0.0071 0
0.0072 2
0.0073 1
0.0074 1
0.0075 1
0.0076 0
0.0077 1
0.0078 0
0.0079 2
0.008 0
0.0081 0
0.0082 2
0.0083 5
0.0084 1
0.0085 2
0.0086 2
0.0087 1
0.0088 1
0.0089 2
0.009 0
0.0091 1
0.0092 0
0.0093 1
0.0094 2
0.0095 0
0.0096 1
0.0097 1
0.0098 1
0.0099 2
0.01 1
0.0101 1
0.0102 0
0.0103 2
0.0104 3
0.0105 2
0.0106 2
0.0107 2
0.0108 1
0.0109 0
0.011 4
0.0111 0
0.0112 1
0.0113 2
0.0114 0
0.0115 2
0.0116 3
0.0117 1
0.0118 5
0.0119 1
0.012 3
0.0121 3
0.0122 6
0.0123 5
0.0124 3
0.0125 2
0.0126 2
0.0127 1
0.0128 4
0.0129 1
0.013 5
0.0131 3
0.0132 5
0.0133 6
0.0134 4
0.0135 6
0.0136 0
0.0137 4
0.0138 2
0.0139 5
0.014 1
0.0141 2
0.0142 3
0.0143 2
0.0144 5
0.0145 3
0.0146 5
0.0147 4
0.0148 2
0.0149 4
0.015 1
0.0151 2
0.0152 5
0.0153 5
0.0154 1
0.0155 4
0.0156 3
0.0157 1
0.0158 4
0.0159 7
0.016 4
0.0161 5
0.0162 1
0.0163 5
0.0164 6
0.0165 7
0.0166 6
0.0167 3
0.0168 4
0.0169 12
0.017 5
0.0171 2
0.0172 6
0.0173 3
0.0174 6
0.0175 3
0.0176 6
0.0177 0
0.0178 7
0.0179 9
0.018 6
0.0181 7
0.0182 8
0.0183 6
0.0184 4
0.0185 6
0.0186 6
0.0187 3
0.0188 5
0.0189 4
0.019 3
0.0191 11
0.0192 3
0.0193 5
0.0194 2
0.0195 1
0.0196 7
0.0197 1
0.0198 9
0.0199 9
0.02 5
0.0201 11
0.0202 7
0.0203 4
0.0204 8
0.0205 14
0.0206 11
0.0207 5
0.0208 11
0.0209 8
0.021 12
0.0211 16
0.0212 9
0.0213 14
0.0214 12
0.0215 10
0.0216 5
0.0217 5
0.0218 8
0.0219 10
0.022 10
0.0221 13
0.0222 16
0.0223 7
0.0224 9
0.0225 9
0.0226 15
0.0227 11
0.0228 13
0.0229 10
0.023 13
0.0231 10
0.0232 9
0.0233 8
0.0234 11
0.0235 13
0.0236 10
0.0237 15
0.0238 19
0.0239 11
0.024 18
0.0241 17
0.0242 18
0.0243 12
0.0244 14
0.0245 19
0.0246 12
0.0247 24
0.0248 24
0.0249 20
0.025 27
0.0251 32
0.0252 30
0.0253 19
0.0254 33
0.0255 29
0.0256 34
0.0257 34
0.0258 41
0.0259 33
0.026 29
0.0261 29
0.0262 31
0.0263 30
0.0264 30
0.0265 34
0.0266 26
0.0267 43
0.0268 30
0.0269 29
0.027 34
0.0271 33
0.0272 38
0.0273 35
0.0274 41
0.0275 44
0.0276 51
0.0277 47
0.0278 42
0.0279 50
0.028 78
0.0281 82
0.0282 76
0.0283 81
0.0284 80
0.0285 78
0.0286 77
0.0287 73
0.0288 78
0.0289 81
0.029 74
0.0291 68
0.0292 63
0.0293 69
0.0294 74
0.0295 68
0.0296 69
0.0297 65
0.0298 73
0.0299 63
0.03 47
0.0301 59
0.0302 49
0.0303 47
0.0304 59
0.0305 70
0.0306 71
0.0307 74
0.0308 59
0.0309 67
0.031 75
0.0311 81
0.0312 85
0.0313 102
0.0314 104
0.0315 107
0.0316 106
0.0317 117
0.0318 130
0.0319 132
0.032 137
0.0321 146
0.0322 162
0.0323 181
0.0324 177
0.0325 177
0.0326 194
0.0327 203
0.0328 210
0.0329 228
0.033 219
0.0331 242
0.0332 239
0.0333 237
0.0334 227
0.0335 223
0.0336 231
0.0337 240
0.0338 258
0.0339 280
0.034 298
0.0341 299
0.0342 308
0.0343 325
0.0344 338
0.0345 342
0.0346 364
0.0347 370
0.0348 377
0.0349 383
0.035 400
0.0351 392
0.0352 381
0.0353 382
0.0354 376
0.0355 395
0.0356 379
0.0357 392
0.0358 410
0.0359 437
0.036 476
0.0361 507
0.0362 535
0.0363 567
0.0364 598
0.0365 639
0.0366 669
0.0367 701
0.0368 717
0.0369 708
0.037 706
0.0371 702
0.0372 724
0.0373 707
0.0374 698
0.0375 689
0.0376 681
0.0377 675
0.0378 682
0.0379 679
0.038 663
0.0381 634
0.0382 608
0.0383 611
0.0384 612
0.0385 605
0.0386 619
0.0387 644
0.0388 662
0.0389 684
0.039 710
0.0391 735
0.0392 751
0.0393 794
0.0394 828
0.0395 862
0.0396 900
0.0397 915
0.0398 940
0.0399 976
0.04 1005
0.0401 1040
0.0402 1073
0.0403 1103
0.0404 1129
0.0405 1154
0.0406 1163
0.0407 1188
0.0408 1209
0.0409 1232
0.041 1257
0.0411 1268
0.0412 1279
0.0413 1294
0.0414 1311
0.0415 1332
0.0416 1347
0.0417 1334
0.0418 1307
0.0419 1299
0.042 1298
0.0421 1296
0.0422 1301
0.0423 1309
0.0424 1325
0.0425 1337
0.0426 1348
0.0427 1364
0.0428 1363
0.0429 1358
0.043 1364
0.0431 1365
0.0432 1366
0.0433 1368
0.0434 1365
0.0435 1366
0.0436 1374
0.0437 1385
0.0438 1390
0.0439 1398
0.044 1394
0.0441 1379
0.0442 1369
0.0443 1365
0.0444 1357
0.0445 1361
0.0446 1373
0.0447 1364
0.0448 1363
0.0449 1356
0.045 1352
0.0451 1352
0.0452 1358
0.0453 1357
0.0454 1367
0.0455 1374
0.0456 1385
0.0457 1390
0.0458 1388
0.0459 1399
0.046 1409
0.0461 1418
0.0462 1418
0.0463 1418
0.0464 1415
0.0465 1420
0.0466 1419
0.0467 1417
0.0468 1416
0.0469 1410
0.047 1403
0.0471 1408
0.0472 1407
0.0473 1408
0.0474 1400
0.0475 1398
0.0476 1381
0.0477 1371
0.0478 1366
0.0479 1357
0.048 1353
0.0481 1343
0.0482 1343
0.0483 1340
0.0484 1343
0.0485 1343
0.0486 1334
0.0487 1318
0.0488 1298
0.0489 1291
0.049 1279
0.0491 1259
0.0492 1252
0.0493 1239
0.0494 1218
0.0495 1199
0.0496 1199
0.0497 1186
0.0498 1177
0.0499 1172
0.05 1161
0.0501 1157
0.0502 1156
0.0503 1158
0.0504 1162
0.0505 1168
0.0506 1164
0.0507 1159
0.0508 1162
0.0509 1174
0.051 1174
0.0511 1179
0.0512 1185
0.0513 1186
0.0514 1184
0.0515 1181
0.0516 1176
0.0517 1174
0.0518 1173
0.0519 1165
0.052 1162
0.0521 1147
0.0522 1145
0.0523 1145
0.0524 1139
0.0525 1125
0.0526 1118
0.0527 1118
0.0528 1117
0.0529 1109
0.053 1105
0.0531 1097
0.0532 1089
0.0533 1081
0.0534 1079
0.0535 1067
0.0536 1066
0.0537 1065
0.0538 1061
0.0539 1050
0.054 1050
0.0541 1042
0.0542 1036
0.0543 1034
0.0544 1033
0.0545 1039
0.0546 1044
0.0547 1042
0.0548 1040
0.0549 1038
0.055 1040
0.0551 1035
0.0552 1030
0.0553 1016
0.0554 1017
0.0555 1015
0.0556 1006
0.0557 998
0.0558 995
0.0559 995
0.056 984
0.0561 985
0.0562 977
0.0563 978
0.0564 976
0.0565 972
0.0566 966
0.0567 968
0.0568 956
0.0569 952
0.057 944
0.0571 940
0.0572 934
0.0573 929
0.0574 921
0.0575 917
0.0576 914
0.0577 915
0.0578 914
0.0579 895
0.058 889
0.0581 892
0.0582 894
0.0583 894
0.0584 896
0.0585 893
0.0586 896
0.0587 889
0.0588 896
0.0589 892
0.059 891
0.0591 890
0.0592 890
0.0593 890
0.0594 881
0.0595 870
0.0596 876
0.0597 876
0.0598 863
0.0599 858
0.06 848
0.0601 844
0.0602 832
0.0603 826
0.0604 817
0.0605 815
0.0606 810
0.0607 799
0.0608 797
0.0609 799
0.061 802
0.0611 805
0.0612 802
0.0613 804
0.0614 796
0.0615 799
0.0616 793
0.0617 786
0.0618 790
0.0619 780
0.062 780
0.0621 779
0.0622 771
0.0623 767
0.0624 760
0.0625 763
0.0626 758
0.0627 754
0.0628 748
0.0629 737
0.063 723
0.0631 715
0.0632 717
0.0633 706
0.0634 703
0.0635 690
0.0636 687
0.0637 682
0.0638 679
0.0639 679
0.064 680
0.0641 676
0.0642 683
0.0643 671
0.0644 648
0.0645 613
0.0646 575
0.0647 552
0.0648 524
0.0649 492
0.065 485
0.0651 477
0.0652 473
0.0653 454
0.0654 439
0.0655 437
0.0656 439
0.0657 434
0.0658 425
0.0659 413
0.066 407
0.0661 410
0.0662 401
0.0663 403
0.0664 399
0.0665 406
0.0666 411
0.0667 419
0.0668 424
0.0669 433
0.067 435
0.0671 434
0.0672 436
0.0673 435
0.0674 445
0.0675 445
0.0676 446
0.0677 450
0.0678 447
0.0679 443
0.068 438
0.0681 434
0.0682 433
0.0683 438
0.0684 438
0.0685 448
0.0686 445
0.0687 436
0.0688 432
0.0689 436
0.069 442
0.0691 436
0.0692 435
0.0693 446
0.0694 446
0.0695 447
0.0696 445
0.0697 439
0.0698 428
0.0699 414
0.07 416
0.0701 419
0.0702 419
0.0703 426
0.0704 424
0.0705 425
0.0706 430
0.0707 433
0.0708 434
0.0709 433
0.071 428
0.0711 438
0.0712 442
0.0713 446
0.0714 446
0.0715 449
0.0716 453
0.0717 446
0.0718 444
0.0719 450
0.072 449
0.0721 442
0.0722 441
0.0723 440
0.0724 444
0.0725 437
0.0726 440
0.0727 432
0.0728 435
0.0729 439
0.073 431
0.0731 429
0.0732 420
0.0733 418
0.0734 416
0.0735 412
0.0736 413
0.0737 421
0.0738 427
0.0739 428
0.074 422
0.0741 422
0.0742 422
0.0743 421
0.0744 420
0.0745 421
0.0746 417
0.0747 420
0.0748 420
0.0749 422
0.075 418
0.0751 416
0.0752 411
0.0753 407
0.0754 406
0.0755 402
0.0756 387
0.0757 385
0.0758 372
0.0759 369
0.076 366
0.0761 346
0.0762 328
0.0763 307
0.0764 301
0.0765 299
0.0766 295
0.0767 284
0.0768 277
0.0769 274
0.077 278
0.0771 282
0.0772 282
0.0773 282
0.0774 270
0.0775 267
0.0776 257
0.0777 262
0.0778 262
0.0779 260
0.078 257
0.0781 261
0.0782 255
0.0783 255
0.0784 247
0.0785 242
0.0786 239
0.0787 237
0.0788 232
0.0789 226
0.079 213
0.0791 214
0.0792 212
0.0793 210
0.0794 184
0.0795 159
0.0796 134
0.0797 111
0.0798 99
0.0799 82
0.08 66
0.0801 52
0.0802 47
0.0803 40
0.0804 25
0.0805 22
0.0806 18
0.0807 15
0.0808 12
0.0809 11
0.081 8
0.0811 9
0.0812 10
0.0813 11
0.0814 8
0.0815 7
0.0816 5
0.0817 9
0.0818 7
0.0819 10
0.082 12
0.0821 8
0.0822 12
0.0823 3
0.0824 9
0.0825 3
0.0826 8
0.0827 4
0.0828 7
0.0829 2
0.083 5
0.0831 3
0.0832 5
0.0833 7
0.0834 6
0.0835 4
0.0836 4
0.0837 5
0.0838 5
0.0839 4
0.084 6
0.0841 4
0.0842 8
0.0843 4
0.0844 4
0.0845 4
0.0846 4
0.0847 2
0.0848 1
0.0849 4
0.085 3
0.0851 3
0.0852 3
0.0853 4
0.0854 3
0.0855 3
0.0856 3
0.0857 3
0.0858 6
0.0859 2
0.086 8
0.0861 8
0.0862 3
0.0863 8
0.0864 7
0.0865 5
0.0866 2
0.0867 9
0.0868 2
0.0869 7
0.087 1
0.0871 3
0.0872 4
0.0873 2
0.0874 3
0.0875 6
0.0876 7
0.0877 4
0.0878 3
0.0879 2
0.088 12
0.0881 5
0.0882 6
0.0883 6
0.0884 6
0.0885 3
0.0886 5
0.0887 2
0.0888 5
0.0889 1
0.089 6
0.0891 3
0.0892 2
0.0893 5
0.0894 3
0.0895 4
0.0896 6
0.0897 7
0.0898 8
0.0899 5
0.09 5
0.0901 2
0.0902 6
0.0903 4
0.0904 4
0.0905 9
0.0906 4
0.0907 13
0.0908 1
0.0909 7
0.091 5
0.0911 7
0.0912 10
0.0913 3
0.0914 5
0.0915 3
0.0916 9
0.0917 11
0.0918 8
0.0919 10
0.092 6
0.0921 7
0.0922 6
0.0923 9
0.0924 9
0.0925 7
0.0926 6
0.0927 8
0.0928 12
0.0929 5
0.093 8
0.0931 14
0.0932 8
0.0933 17
0.0934 17
0.0935 11
0.0936 11
0.0937 11
0.0938 10
0.0939 13
0.094 12
0.0941 10
0.0942 13
0.0943 7
0.0944 17
0.0945 19
0.0946 17
0.0947 27
0.0948 14
0.0949 17
0.095 18
0.0951 8
0.0952 16
0.0953 19
0.0954 16
0.0955 16
0.0956 15
0.0957 10
0.0958 13
0.0959 23
0.096 19
0.0961 22
0.0962 17
0.0963 26
0.0964 21
0.0965 20
0.0966 22
0.0967 31
0.0968 22
0.0969 33
0.097 31
0.0971 25
0.0972 22
0.0973 32
0.0974 29
0.0975 23
0.0976 35
0.0977 33
0.0978 30
0.0979 26
0.098 29
0.0981 42
0.0982 35
0.0983 48
0.0984 38
0.0985 46
0.0986 55
0.0987 68
0.0988 62
0.0989 76
0.099 67
0.0991 70
0.0992 76
0.0993 79
0.0994 75
0.0995 87
0.0996 69
0.0997 62
0.0998 67
0.0999 100
0.1 88
0.1001 89
0.1002 95
0.1003 98
0.1004 84
0.1005 85
0.1006 98
0.1007 98
0.1008 89
0.1009 103
0.101 114
0.1011 114
0.1012 114
0.1013 127
0.1014 126
0.1015 115
0.1016 116
0.1017 120
0.1018 108
0.1019 110
0.102 116
0.1021 116
0.1022 117
0.1023 116
0.1024 122
0.1025 112
0.1026 119
0.1027 119
0.1028 114
0.1029 105
0.103 120
0.1031 126
0.1032 120
0.1033 129
0.1034 132
0.1035 143
0.1036 166
0.1037 182
0.1038 208
0.1039 236
0.104 241
0.1041 257
0.1042 255
0.1043 248
0.1044 234
0.1045 222
0.1046 222
0.1047 202
0.1048 200
0.1049 210
0.105 218
0.1051 243
0.1052 257
0.1053 272
0.1054 278
0.1055 299
0.1056 307
0.1057 305
0.1058 313
0.1059 309
0.106 327
0.1061 326
0.1062 325
0.1063 325
0.1064 324
0.1065 337
0.1066 355
0.1067 384
0.1068 399
0.1069 414
0.107 430
0.1071 451
0.1072 475
0.1073 478
0.1074 511
0.1075 527
0.1076 552
0.1077 578
0.1078 607
0.1079 650
0.108 695
0.1081 736
0.1082 762
0.1083 797
0.1084 821
0.1085 859
0.1086 885
0.1087 901
0.1088 916
0.1089 950
0.109 973
0.1091 1003
0.1092 1011
0.1093 1036
0.1094 1052
0.1095 1071
0.1096 1089
0.1097 1108
0.1098 1121
0.1099 1143
0.11 1166
0.1101 1183
0.1102 1202
0.1103 1229
0.1104 1260
0.1105 1280
0.1106 1297
0.1107 1322
0.1108 1346
0.1109 1372
0.111 1384
0.1111 1401
0.1112 1419
0.1113 1422
0.1114 1438
0.1115 1447
0.1116 1462
0.1117 1471
0.1118 1484
0.1119 1493
0.112 1501
0.1121 1495
0.1122 1486
0.1123 1480
0.1124 1486
0.1125 1491
0.1126 1498
0.1127 1515
0.1128 1523
0.1129 1535
0.113 1547
0.1131 1561
0.1132 1570
0.1133 1579
0.1134 1583
0.1135 1585
0.1136 1587
0.1137 1599
0.1138 1597
0.1139 1603
0.114 1616
0.1141 1616
0.1142 1626
0.1143 1638
0.1144 1638
0.1145 1654
0.1146 1649
0.1147 1654
0.1148 1658
0.1149 1650
0.115 1656
0.1151 1648
0.1152 1646
0.1153 1653
0.1154 1655
0.1155 1664
0.1156 1668
0.1157 1659
0.1158 1655
0.1159 1648
0.116 1635
0.1161 1635
0.1162 1626
0.1163 1611
0.1164 1595
0.1165 1588
0.1166 1581
0.1167 1572
0.1168 1566
0.1169 1551
0.117 1553
0.1171 1546
0.1172 1536
0.1173 1527
0.1174 1523
0.1175 1513
0.1176 1501
0.1177 1490
0.1178 1472
0.1179 1472
0.118 1450
0.1181 1435
0.1182 1420
0.1183 1419
0.1184 1413
0.1185 1411
0.1186 1415
0.1187 1405
0.1188 1402
0.1189 1398
0.119 1403
0.1191 1396
0.1192 1398
0.1193 1392
0.1194 1391
0.1195 1393
0.1196 1386
0.1197 1385
0.1198 1378
0.1199 1372
0.12 1377
0.1201 1373
0.1202 1373
0.1203 1358
0.1204 1341
0.1205 1328
0.1206 1308
0.1207 1290
0.1208 1266
0.1209 1243
0.121 1236
0.1211 1224
0.1212 1223
0.1213 1203
0.1214 1194
0.1215 1189
0.1216 1188
0.1217 1176
0.1218 1174
0.1219 1169
0.122 1160
0.1221 1139
0.1222 1137
0.1223 1126
0.1224 1121
0.1225 1115
0.1226 1118
0.1227 1116
0.1228 1114
0.1229 1116
0.123 1111
0.1231 1113
0.1232 1121
0.1233 1116
0.1234 1116
0.1235 1115
0.1236 1109
0.1237 1102
0.1238 1106
0.1239 1105
0.124 1097
0.1241 1085
0.1242 1086
0.1243 1083
0.1244 1096
0.1245 1094
0.1246 1091
0.1247 1091
0.1248 1096
0.1249 1102
0.125 1110
0.1251 1114
0.1252 1119
0.1253 1121
0.1254 1124
0.1255 1110
0.1256 1087
0.1257 1057
0.1258 1033
0.1259 1010
0.126 989
0.1261 967
0.1262 953
0.1263 930
0.1264 915
0.1265 902
0.1266 904
0.1267 892
0.1268 885
0.1269 887
0.127 880
0.1271 872
0.1272 869
0.1273 862
0.1274 854
0.1275 850
0.1276 851
0.1277 848
0.1278 836
0.1279 831
0.128 828
0.1281 818
0.1282 817
0.1283 824
0.1284 827
0.1285 824
0.1286 831
0.1287 827
0.1288 824
0.1289 830
0.129 834
0.1291 836
0.1292 833
0.1293 841
0.1294 833
0.1295 834
0.1296 823
0.1297 829
0.1298 824
0.1299 822
0.13 814
0.1301 815
0.1302 824
0.1303 819
0.1304 816
0.1305 813
0.1306 804
0.1307 799
0.1308 796
0.1309 794
0.131 791
0.1311 787
0.1312 779
0.1313 781
0.1314 784
0.1315 783
0.1316 792
0.1317 795
0.1318 796
0.1319 801
0.132 804
0.1321 807
0.1322 801
0.1323 803
0.1324 807
0.1325 816
0.1326 823
0.1327 821
0.1328 823
0.1329 822
0.133 813
0.1331 809
0.1332 803
0.1333 795
0.1334 789
0.1335 793
0.1336 795
0.1337 794
0.1338 794
0.1339 794
0.134 787
0.1341 783
0.1342 779
0.1343 773
0.1344 773
0.1345 773
0.1346 773
0.1347 776
0.1348 777
0.1349 779
0.135 777
0.1351 771
0.1352 764
0.1353 757
0.1354 750
0.1355 756
0.1356 756
0.1357 755
0.1358 752
0.1359 751
0.136 745
0.1361 742
0.1362 738
0.1363 741
0.1364 746
0.1365 736
0.1366 740
0.1367 745
0.1368 745
0.1369 740
0.137 731
0.1371 728
0.1372 724
0.1373 723
0.1374 713
0.1375 711
0.1376 695
0.1377 673
0.1378 657
0.1379 644
0.138 630
0.1381 609
0.1382 604
0.1383 600
0.1384 572
0.1385 557
0.1386 527
0.1387 507
0.1388 478
0.1389 458
0.139 439
0.1391 418
0.1392 415
0.1393 401
0.1394 390
0.1395 379
0.1396 360
0.1397 344
0.1398 336
0.1399 324
0.14 322
0.1401 328
0.1402 328
0.1403 329
0.1404 318
0.1405 306
0.1406 304
0.1407 300
0.1408 295
0.1409 283
0.141 269
0.1411 261
0.1412 254
0.1413 235
0.1414 223
0.1415 210
0.1416 203
0.1417 192
0.1418 187
0.1419 175
0.142 168
0.1421 167
0.1422 159
0.1423 153
0.1424 144
0.1425 129
0.1426 116
0.1427 119
0.1428 118
0.1429 111
0.143 99
0.1431 95
0.1432 94
0.1433 93
0.1434 84
0.1435 78
0.1436 73
0.1437 65
0.1438 63
0.1439 60
0.144 49
0.1441 43
0.1442 37
0.1443 33
0.1444 31
0.1445 28
0.1446 19
0.1447 19
0.1448 15
0.1449 9
0.145 17
0.1451 12
0.1452 13
0.1453 11
0.1454 9
0.1455 13
0.1456 14
0.1457 12
0.1458 13
0.1459 8
0.146 14
0.1461 6
0.1462 7
0.1463 6
0.1464 7
0.1465 4
0.1466 5
0.1467 5
0.1468 4
0.1469 6
0.147 12
0.1471 6
0.1472 8
0.1473 8
0.1474 7
0.1475 9
0.1476 11
0.1477 11
0.1478 7
0.1479 7
0.148 4
0.1481 6
0.1482 4
0.1483 6
0.1484 7
0.1485 8
0.1486 5
0.1487 5
0.1488 6
0.1489 6
0.149 10
0.1491 10
0.1492 8
0.1493 7
0.1494 7
0.1495 6
0.1496 5
0.1497 5
0.1498 9
0.1499 10
0.15 7
0.1501 6
0.1502 9
0.1503 7
0.1504 6
0.1505 7
0.1506 10
0.1507 11
0.1508 12
0.1509 9
0.151 8
0.1511 7
0.1512 6
0.1513 9
0.1514 7
0.1515 5
0.1516 9
0.1517 11
0.1518 8
0.1519 8
0.152 2
0.1521 11
0.1522 11
0.1523 8
0.1524 10
0.1525 5
0.1526 10
0.1527 19
0.1528 4
0.1529 7
0.153 3
0.1531 9
0.1532 10
0.1533 9
0.1534 6
0.1535 10
0.1536 4
0.1537 10
0.1538 7
0.1539 8
0.154 8
0.1541 9
0.1542 16
0.1543 12
0.1544 5
0.1545 8
0.1546 11
0.1547 10
0.1548 7
0.1549 13
0.155 14
0.1551 18
0.1552 5
0.1553 15
0.1554 10
0.1555 9
0.1556 8
0.1557 9
0.1558 7
0.1559 14
0.156 10
0.1561 12
0.1562 13
0.1563 13
0.1564 15
0.1565 15
0.1566 13
0.1567 10
0.1568 11
0.1569 12
0.157 14
0.1571 14
0.1572 15
0.1573 11
0.1574 22
0.1575 22
0.1576 24
0.1577 10
0.1578 17
0.1579 15
0.158 12
0.1581 12
0.1582 12
0.1583 20
0.1584 18
0.1585 13
0.1586 17
0.1587 19
0.1588 20
0.1589 19
0.159 24
0.1591 23
0.1592 28
0.1593 18
0.1594 18
0.1595 20
0.1596 24
0.1597 29
0.1598 28
0.1599 32
0.16 23
0.1601 23
0.1602 29
0.1603 39
0.1604 36
0.1605 39
0.1606 34
0.1607 31
0.1608 39
0.1609 50
0.161 55
0.1611 55
0.1612 54
0.1613 58
0.1614 65
0.1615 74
0.1616 81
0.1617 76
0.1618 83
0.1619 87
0.162 95
0.1621 103
0.1622 99
0.1623 120
0.1624 138
0.1625 146
0.1626 159
0.1627 166
0.1628 192
0.1629 205
0.163 213
0.1631 218
0.1632 216
0.1633 215
0.1634 222
0.1635 221
0.1636 235
0.1637 221
0.1638 210
0.1639 204
0.164 199
0.1641 183
0.1642 172
0.1643 164
0.1644 148
0.1645 153
0.1646 138
0.1647 150
0.1648 152
0.1649 146
0.165 157
0.1651 176
0.1652 190
0.1653 229
0.1654 255
0.1655 279
0.1656 307
0.1657 360
0.1658 397
0.1659 427
0.166 457
0.1661 491
0.1662 523
0.1663 558
0.1664 603
0.1665 645
0.1666 669
0.1667 690
0.1668 712
0.1669 734
0.167 763
0.1671 785
0.1672 813
0.1673 838
0.1674 870
0.1675 893
0.1676 921
0.1677 956
0.1678 984
0.1679 1000
0.168 1020
0.1681 1035
0.1682 1052
0.1683 1075
0.1684 1083
0.1685 1091
0.1686 1103
0.1687 1114
0.1688 1124
0.1689 1118
0.169 1105
0.1691 1078
0.1692 1055
0.1693 1049
0.1694 1036
0.1695 1029
0.1696 1030
0.1697 1044
0.1698 1050
0.1699 1053
0.17 1072
0.1701 1078
0.1702 1073
0.1703 1068
0.1704 1060
0.1705 1064
0.1706 1065
0.1707 1063
0.1708 1068
0.1709 1073
0.171 1072
0.1711 1080
0.1712 1093
0.1713 1108
0.1714 1114
0.1715 1109
0.1716 1104
0.1717 1103
0.1718 1113
0.1719 1114
0.172 1114
0.1721 1116
0.1722 1125
0.1723 1124
0.1724 1128
0.1725 1144
0.1726 1144
0.1727 1138
0.1728 1109
0.1729 1069
0.173 1041
0.1731 1000
0.1732 964
0.1733 963
0.1734 931
0.1735 930
0.1736 934
0.1737 948
0.1738 954
0.1739 962
0.174 967
0.1741 975
0.1742 992
0.1743 999
0.1744 1008
0.1745 1015
0.1746 1026
0.1747 1024
0.1748 1025
0.1749 1028
0.175 1034
0.1751 1043
0.1752 1052
0.1753 1060
0.1754 1065
0.1755 1068
0.1756 1075
0.1757 1075
0.1758 1082
0.1759 1083
0.176 1086
0.1761 1097
0.1762 1095
0.1763 1101
0.1764 1106
0.1765 1109
0.1766 1105
0.1767 1117
0.1768 1119
0.1769 1117
0.177 1120
0.1771 1124
0.1772 1120
0.1773 1125
0.1774 1116
0.1775 1113
0.1776 1108
0.1777 1101
0.1778 1105
0.1779 1090
0.178 1084
0.1781 1080
0.1782 1080
0.1783 1087
0.1784 1087
0.1785 1079
0.1786 1075
0.1787 1071
0.1788 1074
0.1789 1072
0.179 1079
0.1791 1074
0.1792 1070
0.1793 1067
0.1794 1064
0.1795 1059
0.1796 1054
0.1797 1035
0.1798 1019
0.1799 1008
0.18 997
0.1801 990
0.1802 989
0.1803 992
0.1804 985
0.1805 981
0.1806 976
0.1807 969
0.1808 968
0.1809 958
0.181 958
0.1811 954
0.1812 952
0.1813 957
0.1814 960
0.1815 958
0.1816 960
0.1817 952
0.1818 921
0.1819 900
0.182 890
0.1821 876
0.1822 884
0.1823 887
0.1824 883
0.1825 878
0.1826 871
0.1827 878
0.1828 872
0.1829 871
0.183 861
0.1831 836
0.1832 815
0.1833 785
0.1834 762
0.1835 745
0.1836 725
0.1837 713
0.1838 708
0.1839 686
0.184 684
0.1841 651
0.1842 614
0.1843 569
0.1844 524
0.1845 487
0.1846 445
0.1847 419
0.1848 398
0.1849 387
0.185 378
0.1851 361
0.1852 344
0.1853 319
0.1854 300
0.1855 291
0.1856 293
0.1857 273
0.1858 254
0.1859 261
0.186 247
0.1861 235
0.1862 230
0.1863 213
0.1864 200
0.1865 188
0.1866 179
0.1867 170
0.1868 159
0.1869 162
0.187 151
0.1871 136
0.1872 137
0.1873 140
0.1874 148
0.1875 133
0.1876 124
0.1877 124
0.1878 127
0.1879 118
0.188 123
0.1881 130
0.1882 131
0.1883 129
0.1884 127
0.1885 124
0.1886 132
0.1887 132
0.1888 123
0.1889 125
0.189 116
0.1891 113
0.1892 116
0.1893 127
0.1894 145
0.1895 142
0.1896 159
0.1897 160
0.1898 167
0.1899 168
0.19 150
0.1901 142
0.1902 140
0.1903 120
0.1904 111
0.1905 101
0.1906 101
0.1907 105
0.1908 108
0.1909 101
0.191 84
0.1911 96
0.1912 101
0.1913 91
0.1914 83
0.1915 83
0.1916 83
0.1917 81
0.1918 76
0.1919 70
0.192 67
0.1921 74
0.1922 57
0.1923 54
0.1924 61
0.1925 63
0.1926 70
0.1927 79
0.1928 93
0.1929 112
0.193 129
0.1931 150
0.1932 159
0.1933 177
0.1934 202
0.1935 227
0.1936 243
0.1937 261
0.1938 274
0.1939 292
0.194 307
0.1941 322
0.1942 322
0.1943 337
0.1944 351
0.1945 367
0.1946 398
0.1947 416
0.1948 432
0.1949 459
0.195 476
0.1951 497
0.1952 518
0.1953 545
0.1954 561
0.1955 587
0.1956 597
0.1957 619
0.1958 623
0.1959 639
0.196 660
0.1961 678
0.1962 691
0.1963 690
0.1964 692
0.1965 706
0.1966 726
0.1967 742
0.1968 756
0.1969 766
0.197 775
0.1971 793
0.1972 808
0.1973 817
0.1974 837
0.1975 855
0.1976 869
0.1977 881
0.1978 883
0.1979 894
0.198 906
0.1981 916
0.1982 916
0.1983 921
0.1984 919
0.1985 932
0.1986 941
0.1987 944
0.1988 944
0.1989 944
0.199 940
0.1991 946
0.1992 949
0.1993 951
0.1994 952
0.1995 955
0.1996 948
0.1997 945
0.1998 952
0.1999 941
0.2 940
0.2001 937
0.2002 933
0.2003 922
0.2004 903
0.2005 888
0.2006 864
0.2007 820
0.2008 781
0.2009 751
0.201 710
0.2011 651
0.2012 603
0.2013 571
0.2014 564
0.2015 549
0.2016 546
0.2017 534
0.2018 531
0.2019 538
0.202 536
0.2021 539
0.2022 539
0.2023 540
0.2024 541
0.2025 551
0.2026 550
0.2027 558
0.2028 574
0.2029 587
0.203 604
0.2031 614
0.2032 621
0.2033 627
0.2034 641
0.2035 653
0.2036 647
0.2037 651
0.2038 658
0.2039 664
0.204 677
0.2041 688
0.2042 693
0.2043 698
0.2044 702
0.2045 706
0.2046 708
0.2047 718
0.2048 713
0.2049 707
0.205 701
0.2051 702
0.2052 705
0.2053 706
0.2054 703
0.2055 706
0.2056 707
0.2057 708
0.2058 723
0.2059 729
0.206 721
0.2061 717
0.2062 702
0.2063 696
0.2064 695
0.2065 710
0.2066 710
0.2067 706
0.2068 717
0.2069 720
0.207 726
0.2071 722
0.2072 720
0.2073 716
0.2074 710
0.2075 702
0.2076 699
0.2077 688
0.2078 677
0.2079 679
0.208 680
0.2081 679
0.2082 672
0.2083 665
0.2084 653
0.2085 655
0.2086 652
0.2087 657
0.2088 668
0.2089 672
0.209 669
0.2091 656
0.2092 631
0.2093 607
0.2094 591
0.2095 561
0.2096 556
0.2097 542
0.2098 528
0.2099 518
0.21 509
0.2101 489
0.2102 476
0.2103 457
0.2104 437
0.2105 418
0.2106 386
0.2107 376
0.2108 367
0.2109 328
0.211 306
0.2111 289
0.2112 277
0.2113 267
0.2114 257
0.2115 241
0.2116 226
0.2117 214
0.2118 207
0.2119 203
0.212 191
0.2121 169
0.2122 171
0.2123 159
0.2124 159
0.2125 160
0.2126 178
0.2127 173
0.2128 188
0.2129 195
0.213 198
0.2131 197
0.2132 187
0.2133 168
0.2134 152
0.2135 144
0.2136 134
0.2137 132
0.2138 122
0.2139 116
0.214 119
0.2141 103
0.2142 95
0.2143 80
0.2144 66
0.2145 53
0.2146 58
0.2147 38
0.2148 37
0.2149 31
0.215 39
0.2151 34
0.2152 30
0.2153 25
0.2154 23
0.2155 20
0.2156 21
0.2157 20
0.2158 16
0.2159 11
0.216 17
0.2161 17
0.2162 11
0.2163 9
0.2164 13
0.2165 14
0.2166 12
0.2167 14
0.2168 10
0.2169 12
0.217 18
0.2171 9
0.2172 9
0.2173 9
0.2174 18
0.2175 15
0.2176 13
0.2177 12
0.2178 11
0.2179 10
0.218 12
0.2181 15
0.2182 19
0.2183 20
0.2184 16
0.2185 16
0.2186 11
0.2187 13
0.2188 8
0.2189 11
0.219 6
0.2191 8
0.2192 8
0.2193 12
0.2194 14
0.2195 13
0.2196 13
0.2197 12
0.2198 14
0.2199 9
0.22 13
0.2201 19
0.2202 12
0.2203 19
0.2204 10
0.2205 13
0.2206 14
0.2207 9
0.2208 8
0.2209 10
0.221 10
0.2211 10
0.2212 9
0.2213 11
0.2214 13
0.2215 10
0.2216 9
0.2217 11
0.2218 5
0.2219 15
0.222 12
0.2221 12
0.2222 12
0.2223 10
0.2224 13
0.2225 9
0.2226 15
0.2227 17
0.2228 19
0.2229 9
0.223 12
0.2231 12
0.2232 15
0.2233 11
0.2234 15
0.2235 12
0.2236 14
0.2237 13
0.2238 6
0.2239 8
0.224 9
0.2241 13
0.2242 14
0.2243 10
0.2244 12
0.2245 5
0.2246 17
0.2247 22
0.2248 12
0.2249 16
0.225 16
0.2251 17
0.2252 21
0.2253 12
0.2254 17
0.2255 21
0.2256 22
0.2257 9
0.2258 16
0.2259 26
0.226 15
0.2261 24
0.2262 18
0.2263 29
0.2264 29
0.2265 21
0.2266 24
0.2267 17
0.2268 28
0.2269 26
0.227 26
0.2271 19
0.2272 27
0.2273 32
0.2274 36
0.2275 34
0.2276 31
0.2277 39
0.2278 44
0.2279 46
0.228 42
0.2281 43
0.2282 41
0.2283 43
0.2284 50
0.2285 42
0.2286 42
0.2287 45
0.2288 46
0.2289 63
0.229 57
0.2291 58
0.2292 65
0.2293 63
0.2294 74
0.2295 73
0.2296 80
0.2297 82
0.2298 100
0.2299 123
0.23 131
0.2301 162
0.2302 190
0.2303 207
0.2304 244
0.2305 275
0.2306 302
0.2307 336
0.2308 374
0.2309 417
0.231 450
0.2311 481
0.2312 520
0.2313 533
0.2314 568
0.2315 588
0.2316 621
0.2317 644
0.2318 663
0.2319 664
0.232 678
0.2321 686
0.2322 700
0.2323 722
0.2324 729
0.2325 743
0.2326 760
0.2327 783
0.2328 804
0.2329 818
0.233 829
0.2331 862
0.2332 887
0.2333 899
0.2334 917
0.2335 935
0.2336 951
0.2337 974
0.2338 989
0.2339 998
0.234 999
0.2341 1012
0.2342 1021
0.2343 1042
0.2344 1054
0.2345 1057
0.2346 1063
0.2347 1067
0.2348 1080
0.2349 1090
0.235 1094
0.2351 1103
0.2352 1110
0.2353 1107
0.2354 1108
0.2355 1104
0.2356 1108
0.2357 1108
0.2358 1101
0.2359 1106
0.236 1108
0.2361 1114
0.2362 1109
0.2363 1115
0.2364 1110
0.2365 1112
0.2366 1110
0.2367 1104
0.2368 1089
0.2369 1083
0.237 1088
0.2371 1101
0.2372 1107
0.2373 1103
0.2374 1108
0.2375 1108
0.2376 1108
0.2377 1122
0.2378 1124
0.2379 1119
0.238 1117
0.2381 1120
0.2382 1127
0.2383 1127
0.2384 1128
0.2385 1132
0.2386 1131
0.2387 1126
0.2388 1132
0.2389 1135
0.239 1137
0.2391 1140
0.2392 1143
0.2393 1140
0.2394 1153
0.2395 1161
0.2396 1164
0.2397 1168
0.2398 1174
0.2399 1176
0.24 1170
0.2401 1173
0.2402 1177
0.2403 1175
0.2404 1175
0.2405 1177
0.2406 1175
0.2407 1178
0.2408 1180
0.2409 1185
0.241 1199
0.2411 1210
0.2412 1217
0.2413 1221
0.2414 1219
0.2415 1219
0.2416 1212
0.2417 1208
0.2418 1204
0.2419 1198
0.242 1197
0.2421 1208
0.2422 1208
0.2423 1214
0.2424 1214
0.2425 1208
0.2426 1202
0.2427 1198
0.2428 1200
0.2429 1199
0.243 1204
0.2431 1206
0.2432 1209
0.2433 1209
0.2434 1207
0.2435 1210
0.2436 1202
0.2437 1193
0.2438 1180
0.2439 1166
0.244 1160
0.2441 1152
0.2442 1145
0.2443 1124
0.2444 1107
0.2445 1094
0.2446 1072
0.2447 1064
0.2448 1056
0.2449 1053
0.245 1040
0.2451 1033
0.2452 1031
0.2453 1029
0.2454 1028
0.2455 1030
0.2456 1030
0.2457 1021
0.2458 1007
0.2459 987
0.246 982
0.2461 964
0.2462 952
0.2463 934
0.2464 889
0.2465 852
0.2466 797
0.2467 775
0.2468 753
0.2469 709
0.247 680
0.2471 641
0.2472 603
0.2473 569
0.2474 535
0.2475 516
0.2476 495
0.2477 479
0.2478 464
0.2479 455
0.248 456
0.2481 460
0.2482 469
0.2483 485
0.2484 502
0.2485 524
0.2486 532
0.2487 545
0.2488 549
0.2489 562
0.249 578
0.2491 572
0.2492 579
0.2493 584
0.2494 567
0.2495 553
0.2496 532
0.2497 502
0.2498 471
0.2499 430
0.25 401
