0 0
0.0001 0
0.0002 2
0.0003 20
0.0004 47
0.0005 74
0.0006 109
0.0007 131
0.0008 163
0.0009 198
0.001 252
0.0011 291
0.0012 325
0.0013 335
0.0014 379
0.0015 416
0.0016 439
0.0017 489
0.0018 515
0.0019 563
0.002 613
0.0021 646
0.0022 697
0.0023 723
0.0024 747
0.0025 758
0.0026 796
0.0027 822
0.0028 848
0.0029 882
0.003 931
0.0031 959
0.0032 993
0.0033 1022
0.0034 1051
0.0035 1073
0.0036 1089
0.0037 1122
0.0038 1149
0.0039 1183
0.004 1210
0.0041 1222
0.0042 1229
0.0043 1241
0.0044 1265
0.0045 1283
0.0046 1308
0.0047 1330
0.0048 1341
0.0049 1363
0.005 1381
0.0051 1396
0.0052 1395
0.0053 1403
0.0054 1411
0.0055 1417
0.0056 1425
0.0057 1455
0.0058 1476
0.0059 1489
0.006 1510
0.0061 1532
0.0062 1546
0.0063 1553
0.0064 1565
0.0065 1572
0.0066 1607
0.0067 1647
0.0068 1670
0.0069 1683
0.007 1716
0.0071 1737
0.0072 1742
0.0073 1765
0.0074 1773
0.0075 1801
0.0076 1802
0.0077 1803
0.0078 1784
0.0079 1799
0.008 1806
0.0081 1816
0.0082 1815
0.0083 1815
0.0084 1814
0.0085 1828
0.0086 1838
0.0087 1853
0.0088 1838
0.0089 1848
0.009 1840
0.0091 1854
0.0092 1856
0.0093 1862
0.0094 1881
0.0095 1897
0.0096 1920
0.0097 1942
0.0098 1907
0.0099 1885
0.01 1884
0.0101 1886
0.0102 1896
0.0103 1901
0.0104 1894
0.0105 1884
0.0106 1887
0.0107 1884
0.0108 1882
0.0109 1853
0.011 1841
0.0111 1817
0.0112 1815
0.0113 1821
0.0114 1844
0.0115 1845
0.0116 1843
0.0117 1835
0.0118 1847
0.0119 1860
0.012 1856
0.0121 1846
0.0122 1834
0.0123 1810
0.0124 1786
0.0125 1788
0.0126 1779
0.0127 1771
0.0128 1744
0.0129 1762
0.013 1759
0.0131 1747
0.0132 1749
0.0133 1737
0.0134 1723
0.0135 1705
0.0136 1689
0.0137 1689
0.0138 1669
0.0139 1659
0.014 1666
0.0141 1656
0.0142 1642
0.0143 1649
0.0144 1627
0.0145 1606
0.0146 1592
0.0147 1581
0.0148 1561
0.0149 1529
0.015 1501
0.0151 1511
0.0152 1512
0.0153 1515
0.0154 1501
0.0155 1512
0.0156 1503
0.0157 1490
0.0158 1483
0.0159 1490
0.016 1486
0.0161 1465
0.0162 1448
0.0163 1461
0.0164 1496
0.0165 1514
0.0166 1530
0.0167 1548
0.0168 1570
0.0169 1562
0.017 1536
0.0171 1533
0.0172 1536
0.0173 1512
0.0174 1504
0.0175 1508
0.0176 1500
0.0177 1497
0.0178 1506
0.0179 1526
0.018 1570
0.0181 1575
0.0182 1577
0.0183 1581
0.0184 1566
0.0185 1559
0.0186 1558
0.0187 1545
0.0188 1528
0.0189 1523
0.019 1515
0.0191 1514
0.0192 1515
0.0193 1493
0.0194 1482
0.0195 1480
0.0196 1469
0.0197 1445
0.0198 1432
0.0199 1398
0.02 1376
0.0201 1343
0.0202 1309
0.0203 1304
0.0204 1301
0.0205 1283
0.0206 1264
0.0207 1244
0.0208 1261
0.0209 1273
0.021 1241
0.0211 1214
0.0212 1209
0.0213 1189
0.0214 1164
0.0215 1161
0.0216 1122
0.0217 1074
0.0218 1040
0.0219 1016
0.022 984
0.0221 963
0.0222 951
0.0223 947
0.0224 932
0.0225 907
0.0226 884
0.0227 864
0.0228 846
0.0229 831
0.023 820
0.0231 831
0.0232 853
0.0233 847
0.0234 855
0.0235 848
0.0236 854
0.0237 859
0.0238 843
0.0239 858
0.024 879
0.0241 856
0.0242 850
0.0243 825
0.0244 803
0.0245 793
0.0246 808
0.0247 809
0.0248 805
0.0249 783
0.025 779
0.0251 762
0.0252 727
0.0253 715
0.0254 695
0.0255 669
0.0256 643
0.0257 617
0.0258 619
0.0259 599
0.026 573
0.0261 554
0.0262 557
0.0263 574
0.0264 567
0.0265 544
0.0266 517
0.0267 475
0.0268 446
0.0269 420
0.027 414
0.0271 392
0.0272 372
0.0273 347
0.0274 335
0.0275 326
0.0276 301
0.0277 273
0.0278 253
0.0279 223
0.028 206
0.0281 204
0.0282 204
0.0283 215
0.0284 210
0.0285 226
0.0286 217
0.0287 236
0.0288 242
0.0289 230
0.029 223
0.0291 219
0.0292 218
0.0293 194
0.0294 176
0.0295 154
0.0296 144
0.0297 121
0.0298 100
0.0299 99
0.03 106
0.0301 111
0.0302 103
0.0303 84
0.0304 62
0.0305 43
0.0306 27
0.0307 19
0.0308 9
0.0309 7
0.031 2
0.0311 3
0.0312 3
0.0313 2
0.0314 1
0.0315 4
0.0316 1
0.0317 0
0.0318 1
0.0319 2
0.032 4
0.0321 4
0.0322 0
0.0323 1
0.0324 1
0.0325 1
0.0326 2
0.0327 1
0.0328 2
0.0329 0
0.033 1
0.0331 2
0.0332 2
0.0333 2
0.0334 1
0.0335 2
0.0336 1
0.0337 1
0.0338 6
0.0339 6
0.034 4
0.0341 4
0.0342 4
0.0343 0
0.0344 1
0.0345 2
0.0346 1
0.0347 2
0.0348 2
0.0349 0
0.035 1
0.0351 1
0.0352 0
0.0353 1
0.0354 0
0.0355 0
0.0356 2
0.0357 2
0.0358 0
0.0359 2
0.036 1
0.0361 2
0.0362 0
0.0363 0
0.0364 0
0.0365 0
0.0366 0
0.0367 1
0.0368 0
0.0369 1
0.037 0
0.0371 3
0.0372 1
0.0373 1
0.0374 0
0.0375 1
0.0376 3
0.0377 0
0.0378 1
0.0379 0
0.038 2
0.0381 1
0.0382 1
0.0383 1
0.0384 0
0.0385 2
0.0386 1
0.0387 0
0.0388 1
0.0389 1
0.039 1
0.0391 0
0.0392 1
0.0393 0
0.0394 0
0.0395 0
0.0396 0
0.0397 2
0.0398 0
0.0399 0
0.04 1
0.0401 0
0.0402 0
0.0403 0
0.0404 1
0.0405 0
0.0406 0
0.0407 3
0.0408 3
0.0409 3
0.041 0
0.0411 1
0.0412 3
0.0413 0
0.0414 1
0.0415 1
0.0416 0
0.0417 2
0.0418 4
0.0419 5
0.042 4
0.0421 8
0.0422 1
0.0423 4
0.0424 5
0.0425 8
0.0426 3
0.0427 3
0.0428 4
0.0429 3
0.043 5
0.0431 1
0.0432 4
0.0433 3
0.0434 7
0.0435 1
0.0436 1
0.0437 0
0.0438 0
0.0439 0
0.044 2
0.0441 2
0.0442 1
0.0443 3
0.0444 1
0.0445 0
0.0446 5
0.0447 0
0.0448 1
0.0449 1
0.045 1
0.0451 0
0.0452 0
0.0453 1
0.0454 1
0.0455 2
0.0456 1
0.0457 0
0.0458 2
0.0459 1
0.046 3
0.0461 3
0.0462 1
0.0463 1
0.0464 1
0.0465 2
0.0466 0
0.0467 0
0.0468 2
0.0469 1
0.047 3
0.0471 0
0.0472 1
0.0473 1
0.0474 3
0.0475 1
0.0476 2
0.0477 2
0.0478 1
0.0479 0
0.048 4
0.0481 1
0.0482 2
0.0483 1
0.0484 3
0.0485 2
0.0486 0
0.0487 0
0.0488 0
0.0489 3
0.049 2
0.0491 0
0.0492 0
0.0493 1
0.0494 2
0.0495 2
0.0496 3
0.0497 3
0.0498 0
0.0499 3
0.05 3
0.0501 2
0.0502 2
0.0503 3
0.0504 1
0.0505 3
0.0506 1
0.0507 3
0.0508 1
0.0509 2
0.051 1
0.0511 2
0.0512 0
0.0513 0
0.0514 0
0.0515 0
0.0516 3
0.0517 3
0.0518 3
0.0519 2
0.052 4
0.0521 6
0.0522 12
0.0523 10
0.0524 7
0.0525 11
0.0526 2
0.0527 4
0.0528 5
0.0529 8
0.053 7
0.0531 13
0.0532 10
0.0533 5
0.0534 5
0.0535 3
0.0536 1
0.0537 7
0.0538 6
0.0539 2
0.054 12
0.0541 12
0.0542 9
0.0543 17
0.0544 22
0.0545 29
0.0546 33
0.0547 30
0.0548 35
0.0549 38
0.055 48
0.0551 44
0.0552 35
0.0553 37
0.0554 32
0.0555 21
0.0556 19
0.0557 27
0.0558 20
0.0559 18
0.056 11
0.0561 9
0.0562 13
0.0563 8
0.0564 11
0.0565 7
0.0566 12
0.0567 7
0.0568 3
0.0569 8
0.057 8
0.0571 6
0.0572 5
0.0573 6
0.0574 10
0.0575 10
0.0576 12
0.0577 4
0.0578 5
0.0579 7
0.058 6
0.0581 4
0.0582 0
0.0583 1
0.0584 4
0.0585 5
0.0586 5
0.0587 2
0.0588 4
0.0589 1
0.059 1
0.0591 4
0.0592 6
0.0593 3
0.0594 4
0.0595 2
0.0596 3
0.0597 3
0.0598 3
0.0599 2
0.06 2
0.0601 0
0.0602 0
0.0603 2
0.0604 7
0.0605 4
0.0606 1
0.0607 0
0.0608 3
0.0609 3
0.061 4
0.0611 3
0.0612 6
0.0613 6
0.0614 4
0.0615 9
0.0616 7
0.0617 23
0.0618 42
0.0619 52
0.062 57
0.0621 68
0.0622 78
0.0623 91
0.0624 76
0.0625 62
0.0626 56
0.0627 53
0.0628 40
0.0629 37
0.063 29
0.0631 26
0.0632 21
0.0633 11
0.0634 15
0.0635 17
0.0636 20
0.0637 18
0.0638 11
0.0639 12
0.064 7
0.0641 5
0.0642 6
0.0643 6
0.0644 6
0.0645 22
0.0646 39
0.0647 41
0.0648 29
0.0649 21
0.065 17
0.0651 16
0.0652 14
0.0653 18
0.0654 18
0.0655 14
0.0656 8
0.0657 17
0.0658 39
0.0659 51
0.066 69
0.0661 99
0.0662 112
0.0663 124
0.0664 136
0.0665 184
0.0666 206
0.0667 229
0.0668 280
0.0669 319
0.067 353
0.0671 390
0.0672 420
0.0673 422
0.0674 428
0.0675 435
0.0676 455
0.0677 468
0.0678 483
0.0679 468
0.068 448
0.0681 437
0.0682 412
0.0683 402
0.0684 393
0.0685 391
0.0686 385
0.0687 376
0.0688 361
0.0689 360
0.069 339
0.0691 327
0.0692 325
0.0693 335
0.0694 350
0.0695 376
0.0696 390
0.0697 431
0.0698 467
0.0699 498
0.07 509
0.0701 517
0.0702 539
0.0703 570
0.0704 592
0.0705 617
0.0706 651
0.0707 646
0.0708 659
0.0709 652
0.071 633
0.0711 644
0.0712 642
0.0713 670
0.0714 666
0.0715 677
0.0716 703
0.0717 723
0.0718 731
0.0719 727
0.072 744
0.0721 748
0.0722 738
0.0723 745
0.0724 751
0.0725 744
0.0726 753
0.0727 769
0.0728 790
0.0729 793
0.073 773
0.0731 787
0.0732 775
0.0733 788
0.0734 797
0.0735 805
0.0736 832
0.0737 845
0.0738 851
0.0739 865
0.074 848
0.0741 839
0.0742 829
0.0743 788
0.0744 774
0.0745 777
0.0746 751
0.0747 724
0.0748 721
0.0749 715
0.075 711
0.0751 696
0.0752 698
0.0753 706
0.0754 720
0.0755 726
0.0756 713
0.0757 723
0.0758 726
0.0759 726
0.076 733
0.0761 733
0.0762 758
0.0763 756
0.0764 753
0.0765 764
0.0766 769
0.0767 772
0.0768 787
0.0769 805
0.077 828
0.0771 827
0.0772 843
0.0773 881
0.0774 890
0.0775 876
0.0776 866
0.0777 848
0.0778 825
0.0779 822
0.078 821
0.0781 816
0.0782 821
0.0783 820
0.0784 815
0.0785 829
0.0786 816
0.0787 823
0.0788 818
0.0789 823
0.079 837
0.0791 823
0.0792 833
0.0793 847
0.0794 858
0.0795 855
0.0796 848
0.0797 830
0.0798 844
0.0799 864
0.08 890
0.0801 890
0.0802 886
0.0803 894
0.0804 887
0.0805 892
0.0806 895
0.0807 900
0.0808 884
0.0809 881
0.081 874
0.0811 872
0.0812 851
0.0813 822
0.0814 806
0.0815 787
0.0816 789
0.0817 786
0.0818 767
0.0819 751
0.082 733
0.0821 713
0.0822 705
0.0823 687
0.0824 648
0.0825 644
0.0826 658
0.0827 657
0.0828 656
0.0829 641
0.083 666
0.0831 673
0.0832 686
0.0833 684
0.0834 675
0.0835 667
0.0836 661
0.0837 650
0.0838 655
0.0839 674
0.084 652
0.0841 635
0.0842 621
0.0843 615
0.0844 580
0.0845 544
0.0846 545
0.0847 517
0.0848 505
0.0849 487
0.085 467
0.0851 462
0.0852 469
0.0853 473
0.0854 449
0.0855 445
0.0856 446
0.0857 458
0.0858 489
0.0859 504
0.086 514
0.0861 518
0.0862 527
0.0863 522
0.0864 505
0.0865 475
0.0866 451
0.0867 424
0.0868 393
0.0869 379
0.087 377
0.0871 382
0.0872 393
0.0873 397
0.0874 378
0.0875 384
0.0876 384
0.0877 379
0.0878 355
0.0879 360
0.088 348
0.0881 362
0.0882 378
0.0883 368
0.0884 391
0.0885 415
0.0886 433
0.0887 428
0.0888 434
0.0889 430
0.089 401
0.0891 417
0.0892 403
0.0893 393
0.0894 382
0.0895 384
0.0896 366
0.0897 361
0.0898 340
0.0899 322
0.09 313
0.0901 303
0.0902 320
0.0903 310
0.0904 308
0.0905 311
0.0906 338
0.0907 348
0.0908 350
0.0909 361
0.091 369
0.0911 390
0.0912 391
0.0913 395
0.0914 375
0.0915 373
0.0916 365
0.0917 366
0.0918 370
0.0919 353
0.092 351
0.0921 326
0.0922 286
0.0923 260
0.0924 240
0.0925 235
0.0926 235
0.0927 249
0.0928 268
0.0929 275
0.093 281
0.0931 267
0.0932 262
0.0933 253
0.0934 262
0.0935 243
0.0936 226
0.0937 204
0.0938 176
0.0939 142
0.094 110
0.0941 98
0.0942 87
0.0943 88
0.0944 78
0.0945 87
0.0946 77
0.0947 66
0.0948 60
0.0949 62
0.095 64
0.0951 59
0.0952 51
0.0953 45
0.0954 33
0.0955 24
0.0956 12
0.0957 12
0.0958 12
0.0959 6
0.096 5
0.0961 2
0.0962 5
0.0963 0
0.0964 4
0.0965 0
0.0966 0
0.0967 5
0.0968 2
0.0969 3
0.097 5
0.0971 2
0.0972 3
0.0973 2
0.0974 3
0.0975 2
0.0976 4
0.0977 2
0.0978 2
0.0979 4
0.098 4
0.0981 5
0.0982 0
0.0983 1
0.0984 2
0.0985 0
0.0986 4
0.0987 3
0.0988 3
0.0989 1
0.099 4
0.0991 1
0.0992 0
0.0993 1
0.0994 3
0.0995 1
0.0996 0
0.0997 1
0.0998 2
0.0999 0
0.1 1
0.1001 1
0.1002 1
0.1003 1
0.1004 1
0.1005 3
0.1006 4
0.1007 4
0.1008 3
0.1009 3
0.101 2
0.1011 1
0.1012 1
0.1013 1
0.1014 0
0.1015 1
0.1016 2
0.1017 0
0.1018 2
0.1019 0
0.102 0
0.1021 0
0.1022 1
0.1023 1
0.1024 0
0.1025 0
0.1026 2
0.1027 3
0.1028 2
0.1029 9
0.103 4
0.1031 1
0.1032 3
0.1033 1
0.1034 4
0.1035 3
0.1036 6
0.1037 4
0.1038 3
0.1039 3
0.104 3
0.1041 4
0.1042 7
0.1043 2
0.1044 3
0.1045 4
0.1046 8
0.1047 2
0.1048 3
0.1049 3
0.105 2
0.1051 2
0.1052 2
0.1053 3
0.1054 1
0.1055 1
0.1056 3
0.1057 6
0.1058 0
0.1059 5
0.106 5
0.1061 1
0.1062 3
0.1063 0
0.1064 2
0.1065 4
0.1066 3
0.1067 4
0.1068 1
0.1069 2
0.107 2
0.1071 1
0.1072 3
0.1073 0
0.1074 1
0.1075 2
0.1076 1
0.1077 1
0.1078 0
0.1079 1
0.108 1
0.1081 0
0.1082 0
0.1083 0
0.1084 0
0.1085 1
0.1086 2
0.1087 8
0.1088 8
0.1089 7
0.109 10
0.1091 8
0.1092 2
0.1093 0
0.1094 3
0.1095 1
0.1096 1
0.1097 3
0.1098 3
0.1099 1
0.11 2
0.1101 2
0.1102 1
0.1103 2
0.1104 5
0.1105 2
0.1106 0
0.1107 3
0.1108 9
0.1109 8
0.111 9
0.1111 6
0.1112 7
0.1113 4
0.1114 4
0.1115 2
0.1116 5
0.1117 2
0.1118 1
0.1119 2
0.112 3
0.1121 0
0.1122 2
0.1123 1
0.1124 2
0.1125 3
0.1126 0
0.1127 4
0.1128 2
0.1129 0
0.113 1
0.1131 1
0.1132 2
0.1133 4
0.1134 1
0.1135 2
0.1136 1
0.1137 0
0.1138 2
0.1139 0
0.114 3
0.1141 2
0.1142 3
0.1143 1
0.1144 0
0.1145 1
0.1146 1
0.1147 6
0.1148 2
0.1149 2
0.115 3
0.1151 2
0.1152 2
0.1153 2
0.1154 7
0.1155 8
0.1156 6
0.1157 7
0.1158 3
0.1159 5
0.116 2
0.1161 7
0.1162 6
0.1163 3
0.1164 6
0.1165 3
0.1166 4
0.1167 8
0.1168 0
0.1169 2
0.117 5
0.1171 2
0.1172 1
0.1173 2
0.1174 0
0.1175 4
0.1176 2
0.1177 6
0.1178 2
0.1179 1
0.118 0
0.1181 1
0.1182 1
0.1183 2
0.1184 3
0.1185 2
0.1186 2
0.1187 2
0.1188 2
0.1189 0
0.119 2
0.1191 0
0.1192 0
0.1193 0
0.1194 0
0.1195 0
0.1196 1
0.1197 2
0.1198 4
0.1199 2
0.12 7
0.1201 3
0.1202 5
0.1203 2
0.1204 4
0.1205 7
0.1206 2
0.1207 5
0.1208 6
0.1209 2
0.121 2
0.1211 2
0.1212 2
0.1213 1
0.1214 0
0.1215 1
0.1216 3
0.1217 7
0.1218 6
0.1219 3
0.122 4
0.1221 3
0.1222 5
0.1223 2
0.1224 2
0.1225 1
0.1226 2
0.1227 3
0.1228 3
0.1229 4
0.123 2
0.1231 4
0.1232 4
0.1233 2
0.1234 2
0.1235 5
0.1236 6
0.1237 2
0.1238 6
0.1239 7
0.124 3
0.1241 1
0.1242 0
0.1243 1
0.1244 2
0.1245 1
0.1246 1
0.1247 2
0.1248 1
0.1249 1
0.125 3
0.1251 1
0.1252 5
0.1253 4
0.1254 3
0.1255 1
0.1256 1
0.1257 0
0.1258 2
0.1259 0
0.126 1
0.1261 0
0.1262 1
0.1263 3
0.1264 2
0.1265 2
0.1266 0
0.1267 2
0.1268 0
0.1269 2
0.127 1
0.1271 0
0.1272 2
0.1273 1
0.1274 3
0.1275 6
0.1276 1
0.1277 3
0.1278 4
0.1279 3
0.128 2
0.1281 5
0.1282 1
0.1283 1
0.1284 6
0.1285 9
0.1286 4
0.1287 3
0.1288 3
0.1289 1
0.129 1
0.1291 1
0.1292 0
0.1293 0
0.1294 0
0.1295 0
0.1296 1
0.1297 2
0.1298 1
0.1299 3
0.13 2
0.1301 1
0.1302 3
0.1303 3
0.1304 5
0.1305 5
0.1306 3
0.1307 2
0.1308 1
0.1309 2
0.131 0
0.1311 2
0.1312 2
0.1313 0
0.1314 1
0.1315 1
0.1316 0
0.1317 3
0.1318 4
0.1319 4
0.132 6
0.1321 6
0.1322 2
0.1323 2
0.1324 3
0.1325 5
0.1326 5
0.1327 6
0.1328 5
0.1329 4
0.133 6
0.1331 5
0.1332 3
0.1333 8
0.1334 3
0.1335 3
0.1336 2
0.1337 4
0.1338 3
0.1339 2
0.134 3
0.1341 3
0.1342 4
0.1343 1
0.1344 4
0.1345 11
0.1346 16
0.1347 22
0.1348 22
0.1349 23
0.135 16
0.1351 24
0.1352 23
0.1353 12
0.1354 15
0.1355 33
0.1356 42
0.1357 41
0.1358 32
0.1359 28
0.136 39
0.1361 46
0.1362 58
0.1363 77
0.1364 71
0.1365 91
0.1366 83
0.1367 98
0.1368 99
0.1369 140
0.137 183
0.1371 182
0.1372 191
0.1373 203
0.1374 202
0.1375 193
0.1376 198
0.1377 189
0.1378 196
0.1379 194
0.138 189
0.1381 171
0.1382 166
0.1383 157
0.1384 166
0.1385 161
0.1386 158
0.1387 162
0.1388 166
0.1389 173
0.139 202
0.1391 226
0.1392 249
0.1393 273
0.1394 304
0.1395 325
0.1396 353
0.1397 369
0.1398 369
0.1399 384
0.14 395
0.1401 413
0.1402 421
0.1403 438
0.1404 457
0.1405 477
0.1406 510
0.1407 537
0.1408 545
0.1409 559
0.141 563
0.1411 586
0.1412 615
0.1413 627
0.1414 651
0.1415 658
0.1416 666
0.1417 678
0.1418 674
0.1419 678
0.142 712
0.1421 731
0.1422 723
0.1423 738
0.1424 746
0.1425 760
0.1426 768
0.1427 775
0.1428 780
0.1429 796
0.143 807
0.1431 818
0.1432 837
0.1433 834
0.1434 821
0.1435 825
0.1436 827
0.1437 832
0.1438 835
0.1439 848
0.144 884
0.1441 881
0.1442 889
0.1443 927
0.1444 930
0.1445 947
0.1446 972
0.1447 975
0.1448 964
0.1449 967
0.145 958
0.1451 954
0.1452 932
0.1453 914
0.1454 912
0.1455 913
0.1456 938
0.1457 920
0.1458 917
0.1459 921
0.146 934
0.1461 936
0.1462 925
0.1463 921
0.1464 904
0.1465 905
0.1466 903
0.1467 913
0.1468 888
0.1469 872
0.147 865
0.1471 856
0.1472 852
0.1473 849
0.1474 842
0.1475 815
0.1476 804
0.1477 798
0.1478 777
0.1479 778
0.148 763
0.1481 774
0.1482 765
0.1483 743
0.1484 733
0.1485 712
0.1486 717
0.1487 710
0.1488 695
0.1489 700
0.149 710
0.1491 697
0.1492 676
0.1493 670
0.1494 670
0.1495 668
0.1496 661
0.1497 651
0.1498 647
0.1499 668
0.15 654
0.1501 660
0.1502 635
0.1503 629
0.1504 617
0.1505 586
0.1506 560
0.1507 546
0.1508 541
0.1509 515
0.151 508
0.1511 490
0.1512 448
0.1513 416
0.1514 378
0.1515 342
0.1516 323
0.1517 310
0.1518 283
0.1519 275
0.152 267
0.1521 256
0.1522 253
0.1523 263
0.1524 274
0.1525 279
0.1526 290
0.1527 295
0.1528 328
0.1529 346
0.153 360
0.1531 384
0.1532 373
0.1533 377
0.1534 370
0.1535 346
0.1536 317
0.1537 292
0.1538 279
0.1539 248
0.154 243
0.1541 234
0.1542 214
0.1543 175
0.1544 146
0.1545 130
0.1546 137
0.1547 158
0.1548 139
0.1549 120
0.155 123
0.1551 112
0.1552 78
0.1553 66
0.1554 49
0.1555 37
0.1556 46
0.1557 37
0.1558 27
0.1559 18
0.156 22
0.1561 16
0.1562 12
0.1563 10
0.1564 7
0.1565 2
0.1566 3
0.1567 3
0.1568 3
0.1569 1
0.157 3
0.1571 2
0.1572 0
0.1573 1
0.1574 2
0.1575 1
0.1576 1
0.1577 0
0.1578 0
0.1579 0
0.158 0
0.1581 1
0.1582 2
0.1583 1
0.1584 0
0.1585 0
0.1586 1
0.1587 0
0.1588 0
0.1589 1
0.159 0
0.1591 0
0.1592 0
0.1593 2
0.1594 4
0.1595 2
0.1596 1
0.1597 1
0.1598 3
0.1599 1
0.16 0
0.1601 1
0.1602 1
0.1603 1
0.1604 0
0.1605 4
0.1606 3
0.1607 1
0.1608 2
0.1609 1
0.161 1
0.1611 0
0.1612 3
0.1613 1
0.1614 0
0.1615 0
0.1616 0
0.1617 0
0.1618 1
0.1619 0
0.162 2
0.1621 1
0.1622 0
0.1623 0
0.1624 2
0.1625 2
0.1626 1
0.1627 1
0.1628 0
0.1629 0
0.163 0
0.1631 1
0.1632 0
0.1633 0
0.1634 0
0.1635 1
0.1636 0
0.1637 1
0.1638 1
0.1639 0
0.164 1
0.1641 1
0.1642 0
0.1643 2
0.1644 2
0.1645 2
0.1646 0
0.1647 2
0.1648 0
0.1649 0
0.165 0
0.1651 0
0.1652 0
0.1653 0
0.1654 1
0.1655 0
0.1656 1
0.1657 1
0.1658 3
0.1659 0
0.166 2
0.1661 0
0.1662 0
0.1663 0
0.1664 3
0.1665 0
0.1666 1
0.1667 1
0.1668 0
0.1669 0
0.167 0
0.1671 0
0.1672 2
0.1673 0
0.1674 1
0.1675 2
0.1676 0
0.1677 0
0.1678 0
0.1679 0
0.168 0
0.1681 0
0.1682 0
0.1683 1
0.1684 0
0.1685 2
0.1686 1
0.1687 1
0.1688 2
0.1689 2
0.169 1
0.1691 0
0.1692 0
0.1693 0
0.1694 1
0.1695 2
0.1696 0
0.1697 0
0.1698 3
0.1699 1
0.17 3
0.1701 0
0.1702 1
0.1703 0
0.1704 1
0.1705 2
0.1706 2
0.1707 2
0.1708 1
0.1709 0
0.171 1
0.1711 1
0.1712 0
0.1713 1
0.1714 0
0.1715 0
0.1716 0
0.1717 0
0.1718 0
0.1719 0
0.172 2
0.1721 0
0.1722 1
0.1723 2
0.1724 0
0.1725 3
0.1726 0
0.1727 1
0.1728 0
0.1729 0
0.173 0
0.1731 1
0.1732 1
0.1733 0
0.1734 0
0.1735 0
0.1736 1
0.1737 1
0.1738 0
0.1739 0
0.174 0
0.1741 5
0.1742 0
0.1743 1
0.1744 1
0.1745 2
0.1746 0
0.1747 1
0.1748 1
0.1749 0
0.175 1
0.1751 0
0.1752 3
0.1753 0
0.1754 2
0.1755 1
0.1756 1
0.1757 1
0.1758 0
0.1759 0
0.176 0
0.1761 1
0.1762 0
0.1763 2
0.1764 1
0.1765 0
0.1766 0
0.1767 0
0.1768 1
0.1769 1
0.177 1
0.1771 1
0.1772 3
0.1773 3
0.1774 4
0.1775 1
0.1776 5
0.1777 7
0.1778 2
0.1779 3
0.178 0
0.1781 2
0.1782 4
0.1783 1
0.1784 0
0.1785 0
0.1786 0
0.1787 1
0.1788 3
0.1789 1
0.179 2
0.1791 1
0.1792 4
0.1793 4
0.1794 3
0.1795 7
0.1796 2
0.1797 3
0.1798 5
0.1799 9
0.18 16
0.1801 21
0.1802 22
0.1803 23
0.1804 33
0.1805 31
0.1806 35
0.1807 35
0.1808 44
0.1809 53
0.181 64
0.1811 63
0.1812 65
0.1813 64
0.1814 51
0.1815 72
0.1816 67
0.1817 81
0.1818 80
0.1819 81
0.182 68
0.1821 46
0.1822 44
0.1823 52
0.1824 75
0.1825 92
0.1826 99
0.1827 94
0.1828 94
0.1829 85
0.183 82
0.1831 84
0.1832 89
0.1833 105
0.1834 113
0.1835 105
0.1836 99
0.1837 102
0.1838 109
0.1839 117
0.184 134
0.1841 130
0.1842 128
0.1843 132
0.1844 119
0.1845 109
0.1846 120
0.1847 130
0.1848 140
0.1849 165
0.185 189
0.1851 213
0.1852 230
0.1853 259
0.1854 276
0.1855 309
0.1856 341
0.1857 366
0.1858 402
0.1859 430
0.186 449
0.1861 454
0.1862 481
0.1863 500
0.1864 531
0.1865 543
0.1866 551
0.1867 561
0.1868 545
0.1869 546
0.187 566
0.1871 573
0.1872 570
0.1873 574
0.1874 551
0.1875 528
0.1876 520
0.1877 513
0.1878 517
0.1879 511
0.188 513
0.1881 538
0.1882 557
0.1883 575
0.1884 589
0.1885 598
0.1886 644
0.1887 667
0.1888 700
0.1889 726
0.189 742
0.1891 759
0.1892 782
0.1893 773
0.1894 771
0.1895 780
0.1896 797
0.1897 810
0.1898 808
0.1899 812
0.19 828
0.1901 847
0.1902 857
0.1903 865
0.1904 883
0.1905 901
0.1906 910
0.1907 913
0.1908 920
0.1909 926
0.191 938
0.1911 964
0.1912 999
0.1913 1009
0.1914 1009
0.1915 1009
0.1916 994
0.1917 998
0.1918 1009
0.1919 1003
0.192 996
0.1921 1001
0.1922 998
0.1923 1006
0.1924 1015
0.1925 1005
0.1926 1012
0.1927 1012
0.1928 999
0.1929 989
0.193 1000
0.1931 977
0.1932 987
0.1933 978
0.1934 967
0.1935 963
0.1936 944
0.1937 951
0.1938 940
0.1939 946
0.194 963
0.1941 968
0.1942 990
0.1943 977
0.1944 974
0.1945 961
0.1946 955
0.1947 978
0.1948 982
0.1949 965
0.195 971
0.1951 991
0.1952 992
0.1953 1022
0.1954 1041
0.1955 1012
0.1956 982
0.1957 953
0.1958 939
0.1959 932
0.196 931
0.1961 929
0.1962 937
0.1963 902
0.1964 867
0.1965 835
0.1966 808
0.1967 778
0.1968 769
0.1969 764
0.197 746
0.1971 743
0.1972 722
0.1973 720
0.1974 706
0.1975 705
0.1976 719
0.1977 721
0.1978 719
0.1979 712
0.198 704
0.1981 681
0.1982 631
0.1983 613
0.1984 586
0.1985 563
0.1986 535
0.1987 510
0.1988 468
0.1989 454
0.199 437
0.1991 450
0.1992 496
0.1993 490
0.1994 500
0.1995 495
0.1996 494
0.1997 477
0.1998 503
0.1999 488
0.2 466
0.2001 446
0.2002 453
0.2003 458
0.2004 451
0.2005 436
0.2006 424
0.2007 419
0.2008 388
0.2009 368
0.201 359
0.2011 327
0.2012 297
0.2013 266
0.2014 266
0.2015 255
0.2016 225
0.2017 217
0.2018 198
0.2019 185
0.202 169
0.2021 159
0.2022 161
0.2023 139
0.2024 125
0.2025 92
0.2026 69
0.2027 50
0.2028 42
0.2029 35
0.203 29
0.2031 21
0.2032 17
0.2033 7
0.2034 20
0.2035 5
0.2036 4
0.2037 3
0.2038 8
0.2039 1
0.204 2
0.2041 0
0.2042 1
0.2043 3
0.2044 2
0.2045 2
0.2046 1
0.2047 8
0.2048 16
0.2049 17
0.205 8
0.2051 12
0.2052 14
0.2053 16
0.2054 18
0.2055 17
0.2056 15
0.2057 4
0.2058 2
0.2059 1
0.206 3
0.2061 2
0.2062 7
0.2063 8
0.2064 11
0.2065 6
0.2066 12
0.2067 4
0.2068 7
0.2069 10
0.207 18
0.2071 16
0.2072 13
0.2073 8
0.2074 12
0.2075 12
0.2076 15
0.2077 13
0.2078 12
0.2079 5
0.208 3
0.2081 6
0.2082 5
0.2083 4
0.2084 1
0.2085 1
0.2086 0
0.2087 4
0.2088 0
0.2089 0
0.209 0
0.2091 1
0.2092 5
0.2093 4
0.2094 3
0.2095 1
0.2096 0
0.2097 2
0.2098 1
0.2099 3
0.21 0
0.2101 2
0.2102 2
0.2103 2
0.2104 2
0.2105 0
0.2106 1
0.2107 2
0.2108 1
0.2109 1
0.211 2
0.2111 1
0.2112 4
0.2113 2
0.2114 2
0.2115 2
0.2116 2
0.2117 1
0.2118 1
0.2119 2
0.212 4
0.2121 1
0.2122 0
0.2123 0
0.2124 0
0.2125 1
0.2126 1
0.2127 1
0.2128 0
0.2129 0
0.213 0
0.2131 0
0.2132 0
0.2133 1
0.2134 1
0.2135 2
0.2136 2
0.2137 1
0.2138 0
0.2139 2
0.214 1
0.2141 0
0.2142 1
0.2143 2
0.2144 2
0.2145 0
0.2146 0
0.2147 1
0.2148 1
0.2149 1
0.215 1
0.2151 0
0.2152 1
0.2153 0
0.2154 1
0.2155 3
0.2156 3
0.2157 2
0.2158 1
0.2159 2
0.216 1
0.2161 2
0.2162 0
0.2163 4
0.2164 0
0.2165 2
0.2166 4
0.2167 2
0.2168 0
0.2169 2
0.217 0
0.2171 2
0.2172 1
0.2173 2
0.2174 1
0.2175 3
0.2176 4
0.2177 5
0.2178 1
0.2179 2
0.218 1
0.2181 1
0.2182 0
0.2183 1
0.2184 2
0.2185 1
0.2186 4
0.2187 4
0.2188 1
0.2189 1
0.219 1
0.2191 0
0.2192 0
0.2193 1
0.2194 1
0.2195 2
0.2196 4
0.2197 4
0.2198 1
0.2199 2
0.22 1
0.2201 5
0.2202 6
0.2203 1
0.2204 2
0.2205 3
0.2206 3
0.2207 0
0.2208 2
0.2209 1
0.221 1
0.2211 0
0.2212 3
0.2213 2
0.2214 1
0.2215 10
0.2216 4
0.2217 8
0.2218 8
0.2219 5
0.222 5
0.2221 2
0.2222 5
0.2223 3
0.2224 1
0.2225 1
0.2226 9
0.2227 8
0.2228 7
0.2229 5
0.223 15
0.2231 13
0.2232 8
0.2233 5
0.2234 3
0.2235 5
0.2236 4
0.2237 5
0.2238 2
0.2239 2
0.224 4
0.2241 0
0.2242 2
0.2243 0
0.2244 1
0.2245 1
0.2246 0
0.2247 0
0.2248 0
0.2249 1
0.225 5
0.2251 7
0.2252 7
0.2253 7
0.2254 6
0.2255 11
0.2256 4
0.2257 4
0.2258 2
0.2259 4
0.226 4
0.2261 11
0.2262 19
0.2263 17
0.2264 29
0.2265 46
0.2266 59
0.2267 68
0.2268 70
0.2269 88
0.227 98
0.2271 111
0.2272 111
0.2273 114
0.2274 133
0.2275 132
0.2276 120
0.2277 148
0.2278 150
0.2279 153
0.228 175
0.2281 219
0.2282 264
0.2283 293
0.2284 306
0.2285 319
0.2286 321
0.2287 348
0.2288 364
0.2289 357
0.229 345
0.2291 340
0.2292 340
0.2293 352
0.2294 354
0.2295 360
0.2296 382
0.2297 409
0.2298 437
0.2299 452
0.23 492
0.2301 524
0.2302 544
0.2303 588
0.2304 623
0.2305 652
0.2306 688
0.2307 717
0.2308 771
0.2309 779
0.231 796
0.2311 797
0.2312 801
0.2313 794
0.2314 796
0.2315 788
0.2316 790
0.2317 803
0.2318 796
0.2319 799
0.232 791
0.2321 788
0.2322 790
0.2323 776
0.2324 767
0.2325 743
0.2326 740
0.2327 736
0.2328 704
0.2329 698
0.233 691
0.2331 679
0.2332 683
0.2333 681
0.2334 671
0.2335 666
0.2336 645
0.2337 635
0.2338 627
0.2339 619
0.234 613
0.2341 613
0.2342 593
0.2343 573
0.2344 558
0.2345 564
0.2346 573
0.2347 574
0.2348 560
0.2349 548
0.235 566
0.2351 573
0.2352 574
0.2353 584
0.2354 594
0.2355 599
0.2356 617
0.2357 622
0.2358 631
0.2359 659
0.236 648
0.2361 656
0.2362 650
0.2363 637
0.2364 612
0.2365 597
0.2366 586
0.2367 582
0.2368 574
0.2369 565
0.237 578
0.2371 570
0.2372 585
0.2373 578
0.2374 589
0.2375 574
0.2376 596
0.2377 593
0.2378 602
0.2379 595
0.238 578
0.2381 592
0.2382 593
0.2383 589
0.2384 590
0.2385 593
0.2386 577
0.2387 551
0.2388 530
0.2389 531
0.239 530
0.2391 525
0.2392 515
0.2393 519
0.2394 514
0.2395 523
0.2396 542
0.2397 546
0.2398 547
0.2399 530
0.24 526
0.2401 512
0.2402 505
0.2403 514
0.2404 528
0.2405 517
0.2406 505
0.2407 511
0.2408 535
0.2409 535
0.241 527
0.2411 524
0.2412 527
0.2413 509
0.2414 502
0.2415 495
0.2416 465
0.2417 451
0.2418 450
0.2419 435
0.242 422
0.2421 389
0.2422 364
0.2423 367
0.2424 350
0.2425 326
0.2426 306
0.2427 301
0.2428 289
0.2429 267
0.243 280
0.2431 268
0.2432 281
0.2433 297
0.2434 296
0.2435 293
0.2436 295
0.2437 301
0.2438 291
0.2439 301
0.244 303
0.2441 290
0.2442 257
0.2443 225
0.2444 210
0.2445 175
0.2446 160
0.2447 130
0.2448 118
0.2449 102
0.245 83
0.2451 68
0.2452 47
0.2453 38
0.2454 28
0.2455 25
0.2456 18
0.2457 15
0.2458 19
0.2459 18
0.246 17
0.2461 9
0.2462 5
0.2463 5
0.2464 7
0.2465 4
0.2466 3
0.2467 4
0.2468 3
0.2469 3
0.247 1
0.2471 0
0.2472 1
0.2473 1
0.2474 4
0.2475 1
0.2476 7
0.2477 1
0.2478 11
0.2479 12
0.248 17
0.2481 13
0.2482 18
0.2483 12
0.2484 6
0.2485 6
0.2486 5
0.2487 4
0.2488 5
0.2489 2
0.249 2
0.2491 1
0.2492 1
0.2493 3
0.2494 0
0.2495 3
0.2496 1
0.2497 1
0.2498 0
0.2499 1
0.25 3
