0 3755
0.01 3662
0.02 3604
0.03 3554
0.04 3509
0.05 3465
0.06 3424
0.07 3386
0.08 3362
0.09 3326
0.1 3297
0.11 3276
0.12 3250
0.13 3219
0.14 3195
0.15 3170
0.16 3146
0.17 3124
0.18 3102
0.19 3086
0.2 3064
0.21 3038
0.22 3023
0.23 3004
0.24 2987
0.25 2966
0.26 2952
0.27 2935
0.28 2918
0.29 2903
0.3 2893
0.31 2882
0.32 2870
0.33 2862
0.34 2851
0.35 2835
0.36 2824
0.37 2811
0.38 2803
0.39 2797
0.4 2787
0.41 2777
0.42 2772
0.43 2760
0.44 2752
0.45 2745
0.46 2737
0.47 2724
0.48 2716
0.49 2707
0.5 2694
0.51 2687
0.52 2673
0.53 2669
0.54 2663
0.55 2654
0.56 2646
0.57 2642
0.58 2640
0.59 2629
0.6 2627
0.61 2624
0.62 2616
0.63 2606
0.64 2602
0.65 2599
0.66 2595
0.67 2587
0.68 2583
0.69 2578
0.7 2574
0.71 2571
0.72 2568
0.73 2564
0.74 2561
0.75 2555
0.76 2554
0.77 2550
0.78 2547
0.79 2543
0.8 2539
0.81 2537
0.82 2534
0.83 2531
0.84 2534
0.85 2528
0.86 2528
0.87 2526
0.88 2522
0.89 2518
0.9 2518
0.91 2519
0.92 2516
0.93 2514
0.94 2513
0.95 2511
0.96 2510
0.97 2507
0.98 2509
0.99 2506
1 2504
1.01 2502
1.02 2501
1.03 2497
1.04 2494
1.05 2489
1.06 2488
1.07 2485
1.08 2482
1.09 2483
1.1 2480
1.11 2481
1.12 2480
1.13 2479
1.14 2475
1.15 2476
1.16 2470
1.17 2470
1.18 2470
1.19 2469
1.2 2469
1.21 2467
1.22 2466
1.23 2465
1.24 2463
1.25 2462
1.26 2458
1.27 2456
1.28 2458
1.29 2457
1.3 2457
1.31 2455
1.32 2454
1.33 2457
1.34 2459
1.35 2460
1.36 2460
1.37 2459
1.38 2460
1.39 2460
1.4 2459
1.41 2456
1.42 2454
1.43 2452
1.44 2452
1.45 2452
1.46 2455
1.47 2453
1.48 2452
1.49 2452
1.5 2452
1.51 2452
1.52 2452
1.53 2452
1.54 2452
1.55 2454
1.56 2453
1.57 2455
1.58 2453
1.59 2453
1.6 2452
1.61 2450
1.62 2451
1.63 2453
1.64 2453
1.65 2455
1.66 2455
1.67 2455
1.68 2455
1.69 2456
1.7 2453
1.71 2453
1.72 2454
1.73 2454
1.74 2454
1.75 2453
1.76 2454
1.77 2454
1.78 2453
1.79 2453
1.8 2453
1.81 2454
1.82 2454
1.83 2454
1.84 2455
1.85 2455
1.86 2455
1.87 2456
1.88 2454
1.89 2455
1.9 2455
1.91 2455
1.92 2456
1.93 2456
1.94 2455
1.95 2455
1.96 2455
1.97 2458
1.98 2457
1.99 2457
2 2453
