0 0
0.01 49
0.02 76
0.03 94
0.04 101
0.05 102
0.06 106
0.07 110
0.08 113
0.09 115
0.1 109
0.11 112
0.12 108
0.13 102
0.14 97
0.15 89
0.16 89
0.17 84
0.18 87
0.19 86
0.2 79
0.21 76
0.22 75
0.23 67
0.24 65
0.25 59
0.26 58
0.27 65
0.28 61
0.29 65
0.3 67
0.31 73
0.32 73
0.33 71
0.34 70
0.35 68
0.36 71
0.37 67
0.38 65
0.39 68
0.4 71
0.41 66
0.42 66
0.43 67
0.44 67
0.45 59
0.46 55
0.47 56
0.48 58
0.49 59
0.5 61
0.51 59
0.52 63
0.53 57
0.54 56
0.55 57
0.56 59
0.57 57
0.58 59
0.59 64
0.6 63
0.61 58
0.62 57
0.63 53
0.64 52
0.65 50
0.66 51
0.67 52
0.68 57
0.69 56
0.7 60
0.71 58
0.72 57
0.73 52
0.74 58
0.75 54
0.76 58
0.77 57
0.78 64
0.79 65
0.8 56
0.81 55
0.82 55
0.83 60
0.84 55
0.85 52
0.86 52
0.87 57
0.88 55
0.89 59
0.9 66
0.91 67
0.92 63
0.93 63
0.94 59
0.95 57
0.96 60
0.97 62
0.98 59
0.99 61
1 60
1.01 63
1.02 62
1.03 61
1.04 55
1.05 56
1.06 54
1.07 52
1.08 53
1.09 55
1.1 61
1.11 61
1.12 58
1.13 57
1.14 51
1.15 52
1.16 49
1.17 52
1.18 58
1.19 57
1.2 54
1.21 51
1.22 54
1.23 55
1.24 53
1.25 54
1.26 58
1.27 60
1.28 55
1.29 57
1.3 60
1.31 62
1.32 63
1.33 62
1.34 59
1.35 61
1.36 57
1.37 56
1.38 51
1.39 58
1.4 56
1.41 56
1.42 59
1.43 58
1.44 61
1.45 54
1.46 52
1.47 46
1.48 45
1.49 52
1.5 50
1.51 51
1.52 54
1.53 53
1.54 48
1.55 48
1.56 49
1.57 50
1.58 47
1.59 42
1.6 47
1.61 51
1.62 52
1.63 54
1.64 59
1.65 55
1.66 54
1.67 59
1.68 57
1.69 60
1.7 59
1.71 58
1.72 56
1.73 54
1.74 49
1.75 51
1.76 57
1.77 60
1.78 57
1.79 63
1.8 65
1.81 63
1.82 62
1.83 59
1.84 61
1.85 64
1.86 61
1.87 67
1.88 68
1.89 61
1.9 68
1.91 64
1.92 62
1.93 60
1.94 61
1.95 62
1.96 62
1.97 60
1.98 66
1.99 67
2 68
