0 0
0.0001 0
0.0002 0
0.0003 0
0.0004 0
0.0005 0
0.0006 0
0.0007 0
0.0008 0
0.0009 0
0.001 0
0.0011 0
0.0012 1
0.0013 1
0.0014 1
0.0015 1
0.0016 0
0.0017 0
0.0018 0
0.0019 0
0.002 0
0.0021 0
0.0022 1
0.0023 0
0.0024 0
0.0025 1
0.0026 1
0.0027 1
0.0028 1
0.0029 1
0.003 1
0.0031 0
0.0032 0
0.0033 0
0.0034 0
0.0035 0
0.0036 0
0.0037 1
0.0038 0
0.0039 1
0.004 1
0.0041 0
0.0042 2
0.0043 0
0.0044 0
0.0045 0
0.0046 0
0.0047 1
0.0048 1
0.0049 2
0.005 1
0.0051 1
0.0052 4
0.0053 0
0.0054 0
0.0055 1
0.0056 0
0.0057 1
0.0058 1
0.0059 1
0.006 1
0.0061 1
0.0062 0
0.0063 3
0.0064 0
0.0065 0
0.0066 1
0.0067 3
0.0068 1
0.0069 1
0.007 5
0.0071 1
0.0072 2
0.0073 1
0.0074 2
0.0075 0
0.0076 0
0.0077 1
0.0078 4
0.0079 2
0.008 1
0.0081 0
0.0082 3
0.0083 0
0.0084 1
0.0085 1
0.0086 3
0.0087 1
0.0088 3
0.0089 6
0.009 0
0.0091 4
0.0092 5
0.0093 2
0.0094 3
0.0095 6
0.0096 3
0.0097 2
0.0098 1
0.0099 4
0.01 3
0.0101 3
0.0102 3
0.0103 1
0.0104 2
0.0105 2
0.0106 3
0.0107 0
0.0108 1
0.0109 4
0.011 4
0.0111 2
0.0112 1
0.0113 2
0.0114 3
0.0115 5
0.0116 5
0.0117 3
0.0118 4
0.0119 0
0.012 2
0.0121 3
0.0122 3
0.0123 3
0.0124 5
0.0125 2
0.0126 3
0.0127 4
0.0128 5
0.0129 7
0.013 3
0.0131 3
0.0132 5
0.0133 5
0.0134 4
0.0135 4
0.0136 6
0.0137 7
0.0138 6
0.0139 6
0.014 9
0.0141 3
0.0142 9
0.0143 6
0.0144 8
0.0145 9
0.0146 4
0.0147 2
0.0148 13
0.0149 3
0.015 8
0.0151 8
0.0152 3
0.0153 6
0.0154 3
0.0155 6
0.0156 6
0.0157 9
0.0158 3
0.0159 8
0.016 7
0.0161 4
0.0162 3
0.0163 8
0.0164 6
0.0165 6
0.0166 7
0.0167 15
0.0168 9
0.0169 6
0.017 8
0.0171 4
0.0172 11
0.0173 4
0.0174 5
0.0175 5
0.0176 5
0.0177 5
0.0178 5
0.0179 13
0.018 5
0.0181 8
0.0182 6
0.0183 8
0.0184 12
0.0185 8
0.0186 18
0.0187 8
0.0188 10
0.0189 14
0.019 8
0.0191 16
0.0192 16
0.0193 10
0.0194 12
0.0195 11
0.0196 17
0.0197 18
0.0198 14
0.0199 19
0.02 11
0.0201 13
0.0202 15
0.0203 20
0.0204 14
0.0205 14
0.0206 15
0.0207 14
0.0208 18
0.0209 14
0.021 14
0.0211 18
0.0212 22
0.0213 16
0.0214 11
0.0215 19
0.0216 26
0.0217 10
0.0218 22
0.0219 25
0.022 20
0.0221 25
0.0222 19
0.0223 22
0.0224 30
0.0225 33
0.0226 29
0.0227 35
0.0228 28
0.0229 32
0.023 32
0.0231 40
0.0232 33
0.0233 52
0.0234 46
0.0235 49
0.0236 47
0.0237 52
0.0238 50
0.0239 56
0.024 65
0.0241 59
0.0242 62
0.0243 77
0.0244 74
0.0245 81
0.0246 77
0.0247 86
0.0248 96
0.0249 100
0.025 94
0.0251 83
0.0252 92
0.0253 99
0.0254 105
0.0255 118
0.0256 112
0.0257 104
0.0258 123
0.0259 121
0.026 115
0.0261 123
0.0262 122
0.0263 121
0.0264 119
0.0265 110
0.0266 107
0.0267 102
0.0268 80
0.0269 83
0.027 80
0.0271 80
0.0272 68
0.0273 70
0.0274 67
0.0275 59
0.0276 59
0.0277 64
0.0278 73
0.0279 57
0.028 70
0.0281 71
0.0282 78
0.0283 81
0.0284 81
0.0285 78
0.0286 96
0.0287 94
0.0288 101
0.0289 99
0.029 99
0.0291 94
0.0292 81
0.0293 76
0.0294 73
0.0295 67
0.0296 62
0.0297 61
0.0298 71
0.0299 80
0.03 75
0.0301 93
0.0302 88
0.0303 98
0.0304 114
0.0305 116
0.0306 136
0.0307 156
0.0308 165
0.0309 175
0.031 186
0.0311 187
0.0312 190
0.0313 191
0.0314 175
0.0315 189
0.0316 194
0.0317 203
0.0318 228
0.0319 252
0.032 274
0.0321 304
0.0322 335
0.0323 358
0.0324 377
0.0325 385
0.0326 387
0.0327 390
0.0328 412
0.0329 415
0.033 423
0.0331 424
0.0332 425
0.0333 420
0.0334 421
0.0335 422
0.0336 419
0.0337 406
0.0338 425
0.0339 430
0.034 441
0.0341 442
0.0342 436
0.0343 442
0.0344 430
0.0345 415
0.0346 409
0.0347 401
0.0348 384
0.0349 371
0.035 374
0.0351 354
0.0352 340
0.0353 333
0.0354 309
0.0355 289
0.0356 276
0.0357 265
0.0358 261
0.0359 279
0.036 273
0.0361 259
0.0362 269
0.0363 263
0.0364 256
0.0365 266
0.0366 268
0.0367 272
0.0368 275
0.0369 258
0.037 270
0.0371 273
0.0372 260
0.0373 260
0.0374 261
0.0375 225
0.0376 210
0.0377 195
0.0378 184
0.0379 199
0.038 187
0.0381 182
0.0382 175
0.0383 178
0.0384 163
0.0385 169
0.0386 178
0.0387 202
0.0388 222
0.0389 239
0.039 254
0.0391 279
0.0392 284
0.0393 314
0.0394 319
0.0395 336
0.0396 341
0.0397 361
0.0398 366
0.0399 372
0.04 377
0.0401 401
0.0402 437
0.0403 460
0.0404 501
0.0405 542
0.0406 555
0.0407 589
0.0408 624
0.0409 650
0.041 672
0.0411 666
0.0412 658
0.0413 675
0.0414 656
0.0415 669
0.0416 666
0.0417 678
0.0418 696
0.0419 713
0.042 726
0.0421 752
0.0422 781
0.0423 796
0.0424 798
0.0425 805
0.0426 793
0.0427 783
0.0428 781
0.0429 785
0.043 779
0.0431 753
0.0432 730
0.0433 730
0.0434 736
0.0435 730
0.0436 726
0.0437 700
0.0438 676
0.0439 659
0.044 655
0.0441 646
0.0442 650
0.0443 666
0.0444 690
0.0445 708
0.0446 726
0.0447 739
0.0448 765
0.0449 794
0.045 806
0.0451 817
0.0452 843
0.0453 855
0.0454 873
0.0455 892
0.0456 908
0.0457 930
0.0458 934
0.0459 957
0.046 986
0.0461 1008
0.0462 1032
0.0463 1050
0.0464 1068
0.0465 1067
0.0466 1079
0.0467 1067
0.0468 1047
0.0469 1048
0.047 1030
0.0471 1016
0.0472 991
0.0473 968
0.0474 947
0.0475 913
0.0476 882
0.0477 845
0.0478 815
0.0479 803
0.048 781
0.0481 779
0.0482 775
0.0483 789
0.0484 796
0.0485 805
0.0486 815
0.0487 824
0.0488 841
0.0489 861
0.049 882
0.0491 879
0.0492 885
0.0493 881
0.0494 877
0.0495 881
0.0496 902
0.0497 904
0.0498 907
0.0499 913
0.05 924
0.0501 923
0.0502 936
0.0503 944
0.0504 957
0.0505 969
0.0506 981
0.0507 983
0.0508 990
0.0509 997
0.051 1020
0.0511 1035
0.0512 1051
0.0513 1066
0.0514 1075
0.0515 1083
0.0516 1094
0.0517 1107
0.0518 1127
0.0519 1141
0.052 1158
0.0521 1156
0.0522 1166
0.0523 1166
0.0524 1175
0.0525 1174
0.0526 1170
0.0527 1173
0.0528 1178
0.0529 1180
0.053 1188
0.0531 1193
0.0532 1193
0.0533 1193
0.0534 1169
0.0535 1153
0.0536 1141
0.0537 1133
0.0538 1134
0.0539 1129
0.054 1136
0.0541 1131
0.0542 1135
0.0543 1140
0.0544 1142
0.0545 1144
0.0546 1130
0.0547 1130
0.0548 1130
0.0549 1144
0.055 1134
0.0551 1132
0.0552 1135
0.0553 1137
0.0554 1132
0.0555 1134
0.0556 1135
0.0557 1136
0.0558 1138
0.0559 1133
0.056 1132
0.0561 1137
0.0562 1138
0.0563 1144
0.0564 1144
0.0565 1140
0.0566 1141
0.0567 1131
0.0568 1129
0.0569 1132
0.057 1132
0.0571 1135
0.0572 1146
0.0573 1149
0.0574 1154
0.0575 1159
0.0576 1158
0.0577 1152
0.0578 1150
0.0579 1151
0.058 1148
0.0581 1137
0.0582 1132
0.0583 1132
0.0584 1128
0.0585 1123
0.0586 1128
0.0587 1120
0.0588 1117
0.0589 1112
0.059 1109
0.0591 1102
0.0592 1097
0.0593 1090
0.0594 1090
0.0595 1090
0.0596 1094
0.0597 1090
0.0598 1088
0.0599 1090
0.06 1085
0.0601 1076
0.0602 1076
0.0603 1074
0.0604 1073
0.0605 1074
0.0606 1075
0.0607 1067
0.0608 1074
0.0609 1071
0.061 1067
0.0611 1063
0.0612 1055
0.0613 1050
0.0614 1044
0.0615 1040
0.0616 1035
0.0617 1032
0.0618 1035
0.0619 1018
0.062 1011
0.0621 1008
0.0622 1000
0.0623 996
0.0624 994
0.0625 988
0.0626 977
0.0627 969
0.0628 962
0.0629 958
0.063 955
0.0631 954
0.0632 942
0.0633 931
0.0634 920
0.0635 908
0.0636 908
0.0637 899
0.0638 895
0.0639 892
0.064 885
0.0641 880
0.0642 873
0.0643 867
0.0644 868
0.0645 864
0.0646 870
0.0647 868
0.0648 862
0.0649 862
0.065 856
0.0651 856
0.0652 851
0.0653 849
0.0654 844
0.0655 837
0.0656 828
0.0657 823
0.0658 818
0.0659 817
0.066 810
0.0661 804
0.0662 796
0.0663 789
0.0664 788
0.0665 783
0.0666 783
0.0667 778
0.0668 772
0.0669 763
0.067 757
0.0671 742
0.0672 730
0.0673 711
0.0674 673
0.0675 636
0.0676 606
0.0677 576
0.0678 547
0.0679 520
0.068 492
0.0681 441
0.0682 400
0.0683 359
0.0684 336
0.0685 304
0.0686 277
0.0687 246
0.0688 210
0.0689 186
0.069 175
0.0691 153
0.0692 137
0.0693 121
0.0694 98
0.0695 90
0.0696 77
0.0697 76
0.0698 65
0.0699 64
0.07 46
0.0701 40
0.0702 30
0.0703 26
0.0704 18
0.0705 26
0.0706 21
0.0707 16
0.0708 21
0.0709 12
0.071 13
0.0711 11
0.0712 12
0.0713 9
0.0714 11
0.0715 10
0.0716 9
0.0717 10
0.0718 9
0.0719 11
0.072 14
0.0721 9
0.0722 4
0.0723 9
0.0724 9
0.0725 7
0.0726 10
0.0727 13
0.0728 4
0.0729 9
0.073 10
0.0731 10
0.0732 12
0.0733 8
0.0734 8
0.0735 11
0.0736 10
0.0737 13
0.0738 20
0.0739 14
0.074 7
0.0741 7
0.0742 10
0.0743 7
0.0744 12
0.0745 11
0.0746 10
0.0747 11
0.0748 8
0.0749 8
0.075 7
0.0751 13
0.0752 7
0.0753 10
0.0754 7
0.0755 3
0.0756 8
0.0757 14
0.0758 10
0.0759 8
0.076 7
0.0761 5
0.0762 5
0.0763 5
0.0764 8
0.0765 14
0.0766 11
0.0767 7
0.0768 13
0.0769 10
0.077 10
0.0771 3
0.0772 13
0.0773 11
0.0774 8
0.0775 10
0.0776 10
0.0777 9
0.0778 4
0.0779 14
0.078 10
0.0781 8
0.0782 10
0.0783 10
0.0784 6
0.0785 8
0.0786 5
0.0787 3
0.0788 7
0.0789 10
0.079 8
0.0791 9
0.0792 16
0.0793 13
0.0794 12
0.0795 12
0.0796 11
0.0797 15
0.0798 16
0.0799 17
0.08 10
0.0801 15
0.0802 10
0.0803 19
0.0804 19
0.0805 15
0.0806 20
0.0807 21
0.0808 20
0.0809 14
0.081 19
0.0811 19
0.0812 17
0.0813 19
0.0814 18
0.0815 14
0.0816 16
0.0817 16
0.0818 21
0.0819 17
0.082 25
0.0821 22
0.0822 24
0.0823 21
0.0824 27
0.0825 18
0.0826 29
0.0827 18
0.0828 20
0.0829 29
0.083 30
0.0831 21
0.0832 33
0.0833 29
0.0834 25
0.0835 37
0.0836 40
0.0837 47
0.0838 43
0.0839 35
0.084 44
0.0841 57
0.0842 57
0.0843 60
0.0844 65
0.0845 66
0.0846 65
0.0847 79
0.0848 82
0.0849 87
0.085 99
0.0851 96
0.0852 105
0.0853 117
0.0854 141
0.0855 120
0.0856 124
0.0857 142
0.0858 151
0.0859 156
0.086 158
0.0861 167
0.0862 164
0.0863 176
0.0864 175
0.0865 184
0.0866 182
0.0867 191
0.0868 190
0.0869 192
0.087 203
0.0871 213
0.0872 242
0.0873 267
0.0874 283
0.0875 313
0.0876 335
0.0877 367
0.0878 380
0.0879 379
0.088 387
0.0881 404
0.0882 426
0.0883 416
0.0884 410
0.0885 433
0.0886 445
0.0887 452
0.0888 464
0.0889 455
0.089 451
0.0891 457
0.0892 445
0.0893 451
0.0894 463
0.0895 464
0.0896 487
0.0897 503
0.0898 518
0.0899 541
0.09 572
0.0901 595
0.0902 622
0.0903 650
0.0904 695
0.0905 717
0.0906 748
0.0907 773
0.0908 810
0.0909 829
0.091 847
0.0911 844
0.0912 841
0.0913 847
0.0914 849
0.0915 858
0.0916 854
0.0917 861
0.0918 906
0.0919 916
0.092 932
0.0921 938
0.0922 950
0.0923 972
0.0924 972
0.0925 983
0.0926 993
0.0927 1014
0.0928 1042
0.0929 1050
0.093 1055
0.0931 1066
0.0932 1093
0.0933 1106
0.0934 1123
0.0935 1150
0.0936 1163
0.0937 1178
0.0938 1192
0.0939 1192
0.094 1202
0.0941 1212
0.0942 1214
0.0943 1230
0.0944 1241
0.0945 1247
0.0946 1256
0.0947 1271
0.0948 1284
0.0949 1294
0.095 1300
0.0951 1311
0.0952 1327
0.0953 1335
0.0954 1345
0.0955 1355
0.0956 1364
0.0957 1377
0.0958 1392
0.0959 1402
0.096 1400
0.0961 1401
0.0962 1412
0.0963 1412
0.0964 1417
0.0965 1417
0.0966 1411
0.0967 1385
0.0968 1359
0.0969 1324
0.097 1304
0.0971 1272
0.0972 1253
0.0973 1231
0.0974 1213
0.0975 1202
0.0976 1192
0.0977 1178
0.0978 1172
0.0979 1164
0.098 1169
0.0981 1156
0.0982 1165
0.0983 1176
0.0984 1182
0.0985 1196
0.0986 1202
0.0987 1204
0.0988 1216
0.0989 1237
0.099 1237
0.0991 1228
0.0992 1221
0.0993 1220
0.0994 1221
0.0995 1222
0.0996 1198
0.0997 1199
0.0998 1195
0.0999 1207
0.1 1200
0.1001 1213
0.1002 1212
0.1003 1227
0.1004 1230
0.1005 1231
0.1006 1228
0.1007 1234
0.1008 1236
0.1009 1249
0.101 1264
0.1011 1264
0.1012 1270
0.1013 1276
0.1014 1279
0.1015 1284
0.1016 1280
0.1017 1267
0.1018 1256
0.1019 1263
0.102 1265
0.1021 1267
0.1022 1271
0.1023 1268
0.1024 1270
0.1025 1276
0.1026 1277
0.1027 1279
0.1028 1281
0.1029 1286
0.103 1288
0.1031 1282
0.1032 1278
0.1033 1264
0.1034 1245
0.1035 1239
0.1036 1235
0.1037 1230
0.1038 1235
0.1039 1237
0.104 1242
0.1041 1241
0.1042 1242
0.1043 1228
0.1044 1208
0.1045 1207
0.1046 1199
0.1047 1197
0.1048 1197
0.1049 1197
0.105 1188
0.1051 1176
0.1052 1164
0.1053 1160
0.1054 1153
0.1055 1149
0.1056 1156
0.1057 1150
0.1058 1141
0.1059 1136
0.106 1138
0.1061 1136
0.1062 1124
0.1063 1115
0.1064 1116
0.1065 1116
0.1066 1110
0.1067 1116
0.1068 1116
0.1069 1114
0.107 1101
0.1071 1097
0.1072 1092
0.1073 1088
0.1074 1078
0.1075 1077
0.1076 1078
0.1077 1079
0.1078 1084
0.1079 1081
0.108 1070
0.1081 1063
0.1082 1039
0.1083 1025
0.1084 1014
0.1085 1012
0.1086 1017
0.1087 1022
0.1088 1015
0.1089 1010
0.109 1010
0.1091 986
0.1092 969
0.1093 939
0.1094 911
0.1095 873
0.1096 822
0.1097 774
0.1098 721
0.1099 672
0.11 630
0.1101 596
0.1102 588
0.1103 569
0.1104 565
0.1105 552
0.1106 534
0.1107 525
0.1108 523
0.1109 505
0.111 496
0.1111 499
0.1112 496
0.1113 475
0.1114 464
0.1115 455
0.1116 442
0.1117 441
0.1118 441
0.1119 436
0.112 446
0.1121 452
0.1122 460
0.1123 472
0.1124 479
0.1125 487
0.1126 495
0.1127 492
0.1128 498
0.1129 501
0.113 504
0.1131 516
0.1132 525
0.1133 545
0.1134 559
0.1135 576
0.1136 586
0.1137 591
0.1138 601
0.1139 609
0.114 621
0.1141 633
0.1142 642
0.1143 644
0.1144 645
0.1145 653
0.1146 672
0.1147 679
0.1148 679
0.1149 680
0.115 684
0.1151 691
0.1152 692
0.1153 703
0.1154 712
0.1155 727
0.1156 737
0.1157 746
0.1158 755
0.1159 758
0.116 763
0.1161 758
0.1162 768
0.1163 768
0.1164 767
0.1165 770
0.1166 766
0.1167 769
0.1168 764
0.1169 772
0.117 770
0.1171 768
0.1172 765
0.1173 758
0.1174 761
0.1175 762
0.1176 756
0.1177 754
0.1178 760
0.1179 758
0.118 754
0.1181 754
0.1182 756
0.1183 756
0.1184 751
0.1185 748
0.1186 748
0.1187 761
0.1188 757
0.1189 760
0.119 756
0.1191 760
0.1192 769
0.1193 777
0.1194 777
0.1195 777
0.1196 780
0.1197 767
0.1198 771
0.1199 769
0.12 764
0.1201 764
0.1202 771
0.1203 770
0.1204 767
0.1205 754
0.1206 760
0.1207 761
0.1208 756
0.1209 755
0.121 751
0.1211 755
0.1212 760
0.1213 757
0.1214 753
0.1215 751
0.1216 757
0.1217 757
0.1218 756
0.1219 750
0.122 748
0.1221 750
0.1222 744
0.1223 749
0.1224 749
0.1225 753
0.1226 738
0.1227 738
0.1228 739
0.1229 743
0.123 747
0.1231 750
0.1232 739
0.1233 723
0.1234 719
0.1235 713
0.1236 706
0.1237 699
0.1238 690
0.1239 677
0.124 660
0.1241 652
0.1242 641
0.1243 634
0.1244 627
0.1245 623
0.1246 616
0.1247 610
0.1248 612
0.1249 613
0.125 618
0.1251 622
0.1252 627
0.1253 635
0.1254 639
0.1255 646
0.1256 651
0.1257 648
0.1258 642
0.1259 645
0.126 646
0.1261 646
0.1262 646
0.1263 644
0.1264 638
0.1265 632
0.1266 627
0.1267 619
0.1268 613
0.1269 606
0.127 603
0.1271 596
0.1272 592
0.1273 593
0.1274 595
0.1275 590
0.1276 579
0.1277 571
0.1278 553
0.1279 546
0.128 533
0.1281 532
0.1282 531
0.1283 523
0.1284 516
0.1285 517
0.1286 516
0.1287 517
0.1288 510
0.1289 515
0.129 517
0.1291 513
0.1292 514
0.1293 513
0.1294 511
0.1295 509
0.1296 500
0.1297 497
0.1298 496
0.1299 489
0.13 480
0.1301 482
0.1302 475
0.1303 469
0.1304 464
0.1305 456
0.1306 445
0.1307 426
0.1308 409
0.1309 397
0.131 377
0.1311 345
0.1312 322
0.1313 275
0.1314 245
0.1315 213
0.1316 196
0.1317 183
0.1318 170
0.1319 164
0.132 163
0.1321 164
0.1322 171
0.1323 174
0.1324 170
0.1325 168
0.1326 159
0.1327 160
0.1328 153
0.1329 146
0.133 134
0.1331 123
0.1332 118
0.1333 105
0.1334 93
0.1335 73
0.1336 56
0.1337 47
0.1338 42
0.1339 32
0.134 34
0.1341 19
0.1342 18
0.1343 14
0.1344 12
0.1345 11
0.1346 15
0.1347 12
0.1348 5
0.1349 6
0.135 5
0.1351 3
0.1352 10
0.1353 3
0.1354 2
0.1355 4
0.1356 7
0.1357 6
0.1358 3
0.1359 4
0.136 5
0.1361 3
0.1362 1
0.1363 1
0.1364 7
0.1365 3
0.1366 5
0.1367 1
0.1368 4
0.1369 5
0.137 7
0.1371 8
0.1372 5
0.1373 4
0.1374 5
0.1375 6
0.1376 6
0.1377 5
0.1378 2
0.1379 3
0.138 7
0.1381 6
0.1382 4
0.1383 4
0.1384 6
0.1385 3
0.1386 10
0.1387 4
0.1388 3
0.1389 4
0.139 4
0.1391 7
0.1392 6
0.1393 6
0.1394 0
0.1395 6
0.1396 0
0.1397 10
0.1398 0
0.1399 8
0.14 8
0.1401 4
0.1402 3
0.1403 4
0.1404 7
0.1405 9
0.1406 2
0.1407 9
0.1408 9
0.1409 8
0.141 7
0.1411 10
0.1412 8
0.1413 10
0.1414 9
0.1415 7
0.1416 12
0.1417 11
0.1418 8
0.1419 9
0.142 11
0.1421 5
0.1422 8
0.1423 7
0.1424 10
0.1425 12
0.1426 11
0.1427 9
0.1428 12
0.1429 13
0.143 8
0.1431 13
0.1432 21
0.1433 10
0.1434 10
0.1435 12
0.1436 14
0.1437 11
0.1438 9
0.1439 9
0.144 15
0.1441 18
0.1442 12
0.1443 16
0.1444 19
0.1445 16
0.1446 12
0.1447 10
0.1448 15
0.1449 17
0.145 14
0.1451 15
0.1452 14
0.1453 15
0.1454 13
0.1455 17
0.1456 14
0.1457 14
0.1458 23
0.1459 17
0.146 27
0.1461 24
0.1462 21
0.1463 21
0.1464 21
0.1465 19
0.1466 21
0.1467 15
0.1468 22
0.1469 16
0.147 19
0.1471 17
0.1472 19
0.1473 29
0.1474 28
0.1475 30
0.1476 27
0.1477 28
0.1478 32
0.1479 30
0.148 20
0.1481 34
0.1482 38
0.1483 38
0.1484 36
0.1485 41
0.1486 37
0.1487 26
0.1488 47
0.1489 50
0.149 53
0.1491 56
0.1492 72
0.1493 70
0.1494 73
0.1495 71
0.1496 66
0.1497 70
0.1498 82
0.1499 90
0.15 88
0.1501 89
0.1502 87
0.1503 83
0.1504 80
0.1505 85
0.1506 93
0.1507 88
0.1508 97
0.1509 104
0.151 113
0.1511 141
0.1512 167
0.1513 181
0.1514 210
0.1515 226
0.1516 261
0.1517 311
0.1518 357
0.1519 390
0.152 422
0.1521 460
0.1522 505
0.1523 533
0.1524 568
0.1525 604
0.1526 630
0.1527 654
0.1528 681
0.1529 710
0.153 743
0.1531 771
0.1532 799
0.1533 830
0.1534 849
0.1535 862
0.1536 866
0.1537 873
0.1538 885
0.1539 896
0.154 903
0.1541 928
0.1542 953
0.1543 974
0.1544 992
0.1545 1017
0.1546 1035
0.1547 1045
0.1548 1069
0.1549 1071
0.155 1093
0.1551 1111
0.1552 1130
0.1553 1155
0.1554 1163
0.1555 1183
0.1556 1208
0.1557 1214
0.1558 1233
0.1559 1254
0.156 1266
0.1561 1262
0.1562 1267
0.1563 1276
0.1564 1291
0.1565 1302
0.1566 1311
0.1567 1312
0.1568 1312
0.1569 1321
0.157 1332
0.1571 1335
0.1572 1336
0.1573 1311
0.1574 1285
0.1575 1255
0.1576 1231
0.1577 1189
0.1578 1160
0.1579 1134
0.158 1102
0.1581 1100
0.1582 1094
0.1583 1092
0.1584 1101
0.1585 1101
0.1586 1108
0.1587 1122
0.1588 1131
0.1589 1134
0.159 1117
0.1591 1105
0.1592 1106
0.1593 1105
0.1594 1082
0.1595 1057
0.1596 1058
0.1597 1059
0.1598 1069
0.1599 1077
0.16 1072
0.1601 1084
0.1602 1086
0.1603 1095
0.1604 1098
0.1605 1115
0.1606 1122
0.1607 1135
0.1608 1151
0.1609 1167
0.161 1172
0.1611 1180
0.1612 1191
0.1613 1204
0.1614 1214
0.1615 1224
0.1616 1225
0.1617 1235
0.1618 1243
0.1619 1251
0.162 1250
0.1621 1245
0.1622 1251
0.1623 1261
0.1624 1274
0.1625 1276
0.1626 1283
0.1627 1289
0.1628 1295
0.1629 1308
0.163 1320
0.1631 1328
0.1632 1332
0.1633 1325
0.1634 1323
0.1635 1309
0.1636 1300
0.1637 1290
0.1638 1284
0.1639 1278
0.164 1273
0.1641 1264
0.1642 1266
0.1643 1279
0.1644 1277
0.1645 1283
0.1646 1284
0.1647 1284
0.1648 1279
0.1649 1282
0.165 1277
0.1651 1271
0.1652 1274
0.1653 1278
0.1654 1273
0.1655 1271
0.1656 1279
0.1657 1284
0.1658 1285
0.1659 1284
0.166 1288
0.1661 1281
0.1662 1270
0.1663 1255
0.1664 1253
0.1665 1247
0.1666 1233
0.1667 1218
0.1668 1221
0.1669 1215
0.167 1212
0.1671 1208
0.1672 1206
0.1673 1208
0.1674 1203
0.1675 1202
0.1676 1201
0.1677 1196
0.1678 1190
0.1679 1195
0.168 1195
0.1681 1199
0.1682 1189
0.1683 1184
0.1684 1182
0.1685 1172
0.1686 1167
0.1687 1165
0.1688 1164
0.1689 1157
0.169 1151
0.1691 1150
0.1692 1144
0.1693 1140
0.1694 1137
0.1695 1141
0.1696 1137
0.1697 1142
0.1698 1135
0.1699 1135
0.17 1124
0.1701 1121
0.1702 1121
0.1703 1109
0.1704 1095
0.1705 1094
0.1706 1092
0.1707 1074
0.1708 1054
0.1709 1034
0.171 1010
0.1711 995
0.1712 983
0.1713 975
0.1714 970
0.1715 959
0.1716 962
0.1717 958
0.1718 959
0.1719 962
0.172 965
0.1721 973
0.1722 972
0.1723 962
0.1724 951
0.1725 946
0.1726 943
0.1727 947
0.1728 952
0.1729 949
0.173 950
0.1731 953
0.1732 951
0.1733 954
0.1734 950
0.1735 946
0.1736 946
0.1737 945
0.1738 945
0.1739 933
0.174 923
0.1741 918
0.1742 923
0.1743 920
0.1744 914
0.1745 912
0.1746 909
0.1747 890
0.1748 890
0.1749 891
0.175 893
0.1751 893
0.1752 896
0.1753 886
0.1754 877
0.1755 872
0.1756 867
0.1757 867
0.1758 855
0.1759 858
0.176 864
0.1761 852
0.1762 841
0.1763 828
0.1764 820
0.1765 809
0.1766 811
0.1767 817
0.1768 811
0.1769 814
0.177 805
0.1771 805
0.1772 804
0.1773 801
0.1774 799
0.1775 796
0.1776 785
0.1777 780
0.1778 776
0.1779 775
0.178 780
0.1781 782
0.1782 789
0.1783 783
0.1784 774
0.1785 779
0.1786 775
0.1787 769
0.1788 769
0.1789 766
0.179 769
0.1791 768
0.1792 765
0.1793 765
0.1794 758
0.1795 746
0.1796 739
0.1797 726
0.1798 720
0.1799 715
0.18 708
0.1801 705
0.1802 701
0.1803 695
0.1804 694
0.1805 691
0.1806 682
0.1807 678
0.1808 679
0.1809 680
0.181 680
0.1811 677
0.1812 667
0.1813 668
0.1814 667
0.1815 674
0.1816 676
0.1817 674
0.1818 677
0.1819 672
0.182 674
0.1821 670
0.1822 674
0.1823 669
0.1824 666
0.1825 666
0.1826 662
0.1827 660
0.1828 657
0.1829 650
0.183 648
0.1831 643
0.1832 637
0.1833 625
0.1834 612
0.1835 607
0.1836 597
0.1837 594
0.1838 597
0.1839 597
0.184 598
0.1841 599
0.1842 597
0.1843 586
0.1844 579
0.1845 569
0.1846 554
0.1847 538
0.1848 530
0.1849 527
0.185 521
0.1851 518
0.1852 513
0.1853 510
0.1854 503
0.1855 504
0.1856 505
0.1857 506
0.1858 508
0.1859 515
0.186 513
0.1861 514
0.1862 515
0.1863 502
0.1864 484
0.1865 459
0.1866 436
0.1867 406
0.1868 378
0.1869 351
0.187 329
0.1871 293
0.1872 271
0.1873 251
0.1874 247
0.1875 242
0.1876 235
0.1877 236
0.1878 239
0.1879 244
0.188 247
0.1881 248
0.1882 252
0.1883 238
0.1884 238
0.1885 237
0.1886 223
0.1887 193
0.1888 183
0.1889 159
0.189 143
0.1891 130
0.1892 112
0.1893 93
0.1894 99
0.1895 84
0.1896 80
0.1897 60
0.1898 57
0.1899 63
0.19 53
0.1901 42
0.1902 42
0.1903 42
0.1904 31
0.1905 26
0.1906 19
0.1907 19
0.1908 26
0.1909 14
0.191 12
0.1911 20
0.1912 14
0.1913 12
0.1914 5
0.1915 7
0.1916 9
0.1917 10
0.1918 5
0.1919 4
0.192 11
0.1921 10
0.1922 10
0.1923 8
0.1924 4
0.1925 8
0.1926 6
0.1927 6
0.1928 6
0.1929 4
0.193 6
0.1931 6
0.1932 7
0.1933 7
0.1934 3
0.1935 2
0.1936 4
0.1937 5
0.1938 4
0.1939 4
0.194 12
0.1941 3
0.1942 2
0.1943 6
0.1944 3
0.1945 3
0.1946 5
0.1947 4
0.1948 2
0.1949 5
0.195 7
0.1951 5
0.1952 4
0.1953 5
0.1954 4
0.1955 4
0.1956 4
0.1957 5
0.1958 7
0.1959 3
0.196 3
0.1961 3
0.1962 1
0.1963 7
0.1964 5
0.1965 3
0.1966 10
0.1967 10
0.1968 12
0.1969 11
0.197 6
0.1971 5
0.1972 10
0.1973 4
0.1974 8
0.1975 5
0.1976 8
0.1977 8
0.1978 5
0.1979 7
0.198 4
0.1981 6
0.1982 7
0.1983 3
0.1984 6
0.1985 6
0.1986 9
0.1987 8
0.1988 10
0.1989 8
0.199 9
0.1991 10
0.1992 6
0.1993 7
0.1994 7
0.1995 7
0.1996 8
0.1997 5
0.1998 6
0.1999 5
0.2 11
0.2001 10
0.2002 12
0.2003 9
0.2004 4
0.2005 3
0.2006 9
0.2007 11
0.2008 5
0.2009 5
0.201 9
0.2011 8
0.2012 7
0.2013 8
0.2014 9
0.2015 6
0.2016 4
0.2017 5
0.2018 7
0.2019 8
0.202 7
0.2021 14
0.2022 9
0.2023 11
0.2024 11
0.2025 8
0.2026 13
0.2027 12
0.2028 11
0.2029 5
0.203 9
0.2031 11
0.2032 13
0.2033 13
0.2034 8
0.2035 12
0.2036 7
0.2037 14
0.2038 11
0.2039 14
0.204 10
0.2041 9
0.2042 11
0.2043 10
0.2044 10
0.2045 12
0.2046 10
0.2047 13
0.2048 13
0.2049 14
0.205 12
0.2051 13
0.2052 18
0.2053 20
0.2054 16
0.2055 12
0.2056 18
0.2057 15
0.2058 19
0.2059 25
0.206 25
0.2061 19
0.2062 9
0.2063 17
0.2064 13
0.2065 13
0.2066 16
0.2067 13
0.2068 18
0.2069 19
0.207 18
0.2071 17
0.2072 21
0.2073 22
0.2074 24
0.2075 18
0.2076 28
0.2077 21
0.2078 20
0.2079 17
0.208 37
0.2081 27
0.2082 38
0.2083 26
0.2084 29
0.2085 46
0.2086 30
0.2087 28
0.2088 27
0.2089 24
0.209 21
0.2091 23
0.2092 29
0.2093 35
0.2094 26
0.2095 41
0.2096 35
0.2097 25
0.2098 44
0.2099 31
0.21 30
0.2101 29
0.2102 29
0.2103 35
0.2104 32
0.2105 29
0.2106 22
0.2107 25
0.2108 25
0.2109 33
0.211 24
0.2111 29
0.2112 38
0.2113 34
0.2114 35
0.2115 34
0.2116 35
0.2117 47
0.2118 48
0.2119 40
0.212 36
0.2121 44
0.2122 57
0.2123 56
0.2124 70
0.2125 69
0.2126 78
0.2127 83
0.2128 100
0.2129 112
0.213 130
0.2131 152
0.2132 187
0.2133 220
0.2134 245
0.2135 287
0.2136 312
0.2137 301
0.2138 288
0.2139 300
0.214 314
0.2141 314
0.2142 341
0.2143 373
0.2144 417
0.2145 463
0.2146 503
0.2147 539
0.2148 576
0.2149 607
0.215 648
0.2151 679
0.2152 712
0.2153 740
0.2154 767
0.2155 796
0.2156 843
0.2157 870
0.2158 896
0.2159 923
0.216 954
0.2161 985
0.2162 1008
0.2163 1035
0.2164 1049
0.2165 1067
0.2166 1088
0.2167 1094
0.2168 1093
0.2169 1096
0.217 1115
0.2171 1143
0.2172 1144
0.2173 1137
0.2174 1143
0.2175 1141
0.2176 1131
0.2177 1143
0.2178 1149
0.2179 1157
0.218 1159
0.2181 1152
0.2182 1143
0.2183 1133
0.2184 1129
0.2185 1133
0.2186 1145
0.2187 1162
0.2188 1171
0.2189 1181
0.219 1198
0.2191 1211
0.2192 1232
0.2193 1239
0.2194 1253
0.2195 1269
0.2196 1272
0.2197 1279
0.2198 1295
0.2199 1306
0.22 1311
0.2201 1319
0.2202 1327
0.2203 1332
0.2204 1346
0.2205 1354
0.2206 1365
0.2207 1370
0.2208 1366
0.2209 1379
0.221 1385
0.2211 1400
0.2212 1391
0.2213 1368
0.2214 1348
0.2215 1319
0.2216 1297
0.2217 1276
0.2218 1261
0.2219 1266
0.222 1264
0.2221 1231
0.2222 1220
0.2223 1186
0.2224 1157
0.2225 1131
0.2226 1105
0.2227 1081
0.2228 1059
0.2229 1051
0.223 1060
0.2231 1067
0.2232 1065
0.2233 1075
0.2234 1083
0.2235 1094
0.2236 1101
0.2237 1102
0.2238 1111
0.2239 1128
0.224 1140
0.2241 1161
0.2242 1171
0.2243 1187
0.2244 1200
0.2245 1221
0.2246 1228
0.2247 1231
0.2248 1239
0.2249 1236
0.225 1249
0.2251 1255
0.2252 1264
0.2253 1271
0.2254 1278
0.2255 1280
0.2256 1281
0.2257 1273
0.2258 1270
0.2259 1266
0.226 1258
0.2261 1262
0.2262 1261
0.2263 1270
0.2264 1268
0.2265 1259
0.2266 1264
0.2267 1258
0.2268 1263
0.2269 1271
0.227 1273
0.2271 1268
0.2272 1269
0.2273 1258
0.2274 1248
0.2275 1246
0.2276 1250
0.2277 1246
0.2278 1235
0.2279 1241
0.228 1243
0.2281 1230
0.2282 1222
0.2283 1217
0.2284 1211
0.2285 1207
0.2286 1212
0.2287 1220
0.2288 1221
0.2289 1217
0.229 1230
0.2291 1231
0.2292 1225
0.2293 1222
0.2294 1221
0.2295 1212
0.2296 1207
0.2297 1206
0.2298 1201
0.2299 1199
0.23 1196
0.2301 1192
0.2302 1188
0.2303 1188
0.2304 1193
0.2305 1199
0.2306 1197
0.2307 1201
0.2308 1200
0.2309 1205
0.231 1199
0.2311 1196
0.2312 1185
0.2313 1179
0.2314 1180
0.2315 1159
0.2316 1132
0.2317 1109
0.2318 1094
0.2319 1076
0.232 1053
0.2321 1014
0.2322 989
0.2323 961
0.2324 951
0.2325 948
0.2326 945
0.2327 941
0.2328 932
0.2329 937
0.233 943
0.2331 949
0.2332 948
0.2333 946
0.2334 943
0.2335 950
0.2336 957
0.2337 961
0.2338 960
0.2339 958
0.234 956
0.2341 960
0.2342 954
0.2343 962
0.2344 966
0.2345 966
0.2346 969
0.2347 965
0.2348 967
0.2349 970
0.235 958
0.2351 938
0.2352 931
0.2353 924
0.2354 899
0.2355 858
0.2356 838
0.2357 826
0.2358 821
0.2359 799
0.236 776
0.2361 774
0.2362 773
0.2363 774
0.2364 777
0.2365 777
0.2366 767
0.2367 770
0.2368 771
0.2369 779
0.237 788
0.2371 775
0.2372 772
0.2373 764
0.2374 747
0.2375 736
0.2376 722
0.2377 719
0.2378 713
0.2379 714
0.238 716
0.2381 716
0.2382 712
0.2383 699
0.2384 686
0.2385 660
0.2386 638
0.2387 611
0.2388 605
0.2389 582
0.239 560
0.2391 519
0.2392 474
0.2393 442
0.2394 426
0.2395 391
0.2396 360
0.2397 332
0.2398 311
0.2399 292
0.24 269
0.2401 252
0.2402 219
0.2403 198
0.2404 187
0.2405 169
0.2406 160
0.2407 131
0.2408 124
0.2409 109
0.241 111
0.2411 99
0.2412 94
0.2413 85
0.2414 88
0.2415 71
0.2416 68
0.2417 63
0.2418 55
0.2419 51
0.242 54
0.2421 47
0.2422 36
0.2423 41
0.2424 46
0.2425 40
0.2426 30
0.2427 36
0.2428 32
0.2429 28
0.243 29
0.2431 25
0.2432 35
0.2433 31
0.2434 30
0.2435 19
0.2436 14
0.2437 15
0.2438 14
0.2439 16
0.244 7
0.2441 13
0.2442 10
0.2443 11
0.2444 14
0.2445 9
0.2446 7
0.2447 6
0.2448 11
0.2449 13
0.245 15
0.2451 13
0.2452 17
0.2453 10
0.2454 17
0.2455 10
0.2456 10
0.2457 10
0.2458 17
0.2459 10
0.246 21
0.2461 15
0.2462 15
0.2463 19
0.2464 15
0.2465 17
0.2466 10
0.2467 16
0.2468 13
0.2469 12
0.247 19
0.2471 19
0.2472 17
0.2473 23
0.2474 25
0.2475 15
0.2476 16
0.2477 20
0.2478 18
0.2479 24
0.248 18
0.2481 22
0.2482 22
0.2483 34
0.2484 36
0.2485 25
0.2486 33
0.2487 33
0.2488 33
0.2489 36
0.249 35
0.2491 26
0.2492 25
0.2493 39
0.2494 26
0.2495 28
0.2496 27
0.2497 29
0.2498 31
0.2499 28
0.25 29
