0 0
0.0001 0
0.0002 0
0.0003 0
0.0004 0
0.0005 0
0.0006 0
0.0007 0
0.0008 0
0.0009 0
0.001 0
0.0011 0
0.0012 0
0.0013 0
0.0014 0
0.0015 0
0.0016 0
0.0017 0
0.0018 0
0.0019 0
0.002 0
0.0021 0
0.0022 0
0.0023 0
0.0024 0
0.0025 0
0.0026 0
0.0027 0
0.0028 0
0.0029 0
0.003 0
0.0031 0
0.0032 0
0.0033 1
0.0034 1
0.0035 1
0.0036 1
0.0037 1
0.0038 1
0.0039 2
0.004 2
0.0041 2
0.0042 2
0.0043 2
0.0044 2
0.0045 2
0.0046 2
0.0047 2
0.0048 2
0.0049 2
0.005 2
0.0051 2
0.0052 2
0.0053 2
0.0054 2
0.0055 2
0.0056 2
0.0057 2
0.0058 1
0.0059 1
0.006 1
0.0061 1
0.0062 1
0.0063 2
0.0064 2
0.0065 2
0.0066 2
0.0067 2
0.0068 2
0.0069 2
0.007 2
0.0071 2
0.0072 2
0.0073 2
0.0074 2
0.0075 2
0.0076 3
0.0077 3
0.0078 3
0.0079 3
0.008 4
0.0081 5
0.0082 5
0.0083 5
0.0084 5
0.0085 5
0.0086 5
0.0087 5
0.0088 5
0.0089 5
0.009 5
0.0091 5
0.0092 5
0.0093 5
0.0094 6
0.0095 7
0.0096 6
0.0097 6
0.0098 6
0.0099 7
0.01 8
0.0101 8
0.0102 7
0.0103 7
0.0104 7
0.0105 7
0.0106 7
0.0107 8
0.0108 8
0.0109 8
0.011 8
0.0111 7
0.0112 8
0.0113 8
0.0114 8
0.0115 8
0.0116 8
0.0117 8
0.0118 7
0.0119 7
0.012 7
0.0121 8
0.0122 8
0.0123 8
0.0124 9
0.0125 10
0.0126 10
0.0127 10
0.0128 10
0.0129 9
0.013 10
0.0131 9
0.0132 9
0.0133 9
0.0134 9
0.0135 8
0.0136 10
0.0137 10
0.0138 10
0.0139 10
0.014 10
0.0141 10
0.0142 10
0.0143 10
0.0144 9
0.0145 10
0.0146 11
0.0147 11
0.0148 12
0.0149 14
0.015 14
0.0151 13
0.0152 13
0.0153 12
0.0154 13
0.0155 14
0.0156 14
0.0157 15
0.0158 15
0.0159 16
0.016 16
0.0161 16
0.0162 16
0.0163 16
0.0164 16
0.0165 18
0.0166 18
0.0167 18
0.0168 20
0.0169 20
0.017 20
0.0171 21
0.0172 21
0.0173 21
0.0174 20
0.0175 21
0.0176 21
0.0177 23
0.0178 23
0.0179 24
0.018 24
0.0181 26
0.0182 25
0.0183 25
0.0184 25
0.0185 25
0.0186 23
0.0187 24
0.0188 24
0.0189 24
0.019 24
0.0191 23
0.0192 23
0.0193 23
0.0194 23
0.0195 22
0.0196 22
0.0197 22
0.0198 22
0.0199 22
0.02 22
0.0201 21
0.0202 21
0.0203 21
0.0204 21
0.0205 23
0.0206 24
0.0207 25
0.0208 23
0.0209 23
0.021 25
0.0211 25
0.0212 27
0.0213 26
0.0214 26
0.0215 26
0.0216 27
0.0217 27
0.0218 27
0.0219 28
0.022 28
0.0221 27
0.0222 26
0.0223 26
0.0224 26
0.0225 27
0.0226 28
0.0227 29
0.0228 29
0.0229 30
0.023 31
0.0231 33
0.0232 33
0.0233 32
0.0234 33
0.0235 33
0.0236 34
0.0237 33
0.0238 33
0.0239 33
0.024 33
0.0241 33
0.0242 34
0.0243 35
0.0244 36
0.0245 38
0.0246 38
0.0247 39
0.0248 40
0.0249 40
0.025 39
0.0251 39
0.0252 40
0.0253 39
0.0254 41
0.0255 39
0.0256 38
0.0257 39
0.0258 39
0.0259 39
0.026 39
0.0261 38
0.0262 39
0.0263 39
0.0264 38
0.0265 38
0.0266 39
0.0267 40
0.0268 40
0.0269 38
0.027 39
0.0271 39
0.0272 40
0.0273 40
0.0274 41
0.0275 42
0.0276 43
0.0277 43
0.0278 44
0.0279 45
0.028 45
0.0281 46
0.0282 46
0.0283 45
0.0284 46
0.0285 46
0.0286 46
0.0287 46
0.0288 46
0.0289 49
0.029 49
0.0291 49
0.0292 50
0.0293 51
0.0294 49
0.0295 48
0.0296 47
0.0297 47
0.0298 47
0.0299 49
0.03 49
0.0301 52
0.0302 51
0.0303 52
0.0304 52
0.0305 52
0.0306 50
0.0307 51
0.0308 52
0.0309 55
0.031 56
0.0311 56
0.0312 54
0.0313 54
0.0314 54
0.0315 54
0.0316 52
0.0317 52
0.0318 51
0.0319 52
0.032 54
0.0321 53
0.0322 53
0.0323 55
0.0324 56
0.0325 57
0.0326 59
0.0327 60
0.0328 62
0.0329 62
0.033 62
0.0331 61
0.0332 61
0.0333 61
0.0334 62
0.0335 62
0.0336 62
0.0337 62
0.0338 61
0.0339 62
0.034 61
0.0341 61
0.0342 62
0.0343 62
0.0344 62
0.0345 62
0.0346 64
0.0347 66
0.0348 67
0.0349 69
0.035 70
0.0351 72
0.0352 72
0.0353 73
0.0354 72
0.0355 72
0.0356 71
0.0357 71
0.0358 70
0.0359 70
0.036 70
0.0361 69
0.0362 68
0.0363 68
0.0364 69
0.0365 69
0.0366 70
0.0367 69
0.0368 68
0.0369 68
0.037 69
0.0371 69
0.0372 69
0.0373 69
0.0374 70
0.0375 70
0.0376 71
0.0377 71
0.0378 70
0.0379 71
0.038 71
0.0381 71
0.0382 74
0.0383 74
0.0384 73
0.0385 73
0.0386 75
0.0387 75
0.0388 75
0.0389 75
0.039 77
0.0391 75
0.0392 75
0.0393 75
0.0394 75
0.0395 75
0.0396 75
0.0397 77
0.0398 76
0.0399 77
0.04 77
0.0401 78
0.0402 81
0.0403 81
0.0404 81
0.0405 82
0.0406 81
0.0407 81
0.0408 80
0.0409 81
0.041 81
0.0411 81
0.0412 81
0.0413 81
0.0414 83
0.0415 82
0.0416 81
0.0417 82
0.0418 83
0.0419 81
0.042 83
0.0421 83
0.0422 84
0.0423 85
0.0424 85
0.0425 84
0.0426 84
0.0427 83
0.0428 84
0.0429 84
0.043 86
0.0431 85
0.0432 86
0.0433 86
0.0434 86
0.0435 85
0.0436 83
0.0437 84
0.0438 85
0.0439 86
0.044 85
0.0441 86
0.0442 88
0.0443 89
0.0444 88
0.0445 86
0.0446 86
0.0447 86
0.0448 88
0.0449 89
0.045 90
0.0451 93
0.0452 94
0.0453 94
0.0454 93
0.0455 93
0.0456 94
0.0457 95
0.0458 95
0.0459 97
0.046 96
0.0461 96
0.0462 96
0.0463 94
0.0464 94
0.0465 92
0.0466 90
0.0467 92
0.0468 92
0.0469 92
0.047 91
0.0471 92
0.0472 93
0.0473 92
0.0474 93
0.0475 90
0.0476 92
0.0477 91
0.0478 92
0.0479 93
0.048 93
0.0481 95
0.0482 95
0.0483 94
0.0484 93
0.0485 91
0.0486 91
0.0487 91
0.0488 92
0.0489 93
0.049 93
0.0491 93
0.0492 93
0.0493 96
0.0494 97
0.0495 97
0.0496 97
0.0497 98
0.0498 99
0.0499 99
0.05 99
0.0501 98
0.0502 98
0.0503 99
0.0504 98
0.0505 98
0.0506 98
0.0507 99
0.0508 99
0.0509 100
0.051 99
0.0511 100
0.0512 101
0.0513 103
0.0514 104
0.0515 104
0.0516 105
0.0517 102
0.0518 101
0.0519 101
0.052 100
0.0521 100
0.0522 100
0.0523 100
0.0524 101
0.0525 101
0.0526 101
0.0527 102
0.0528 101
0.0529 100
0.053 99
0.0531 98
0.0532 98
0.0533 98
0.0534 98
0.0535 98
0.0536 98
0.0537 100
0.0538 99
0.0539 101
0.054 101
0.0541 102
0.0542 104
0.0543 103
0.0544 103
0.0545 104
0.0546 105
0.0547 106
0.0548 106
0.0549 107
0.055 107
0.0551 108
0.0552 108
0.0553 108
0.0554 109
0.0555 110
0.0556 110
0.0557 109
0.0558 109
0.0559 109
0.056 109
0.0561 110
0.0562 112
0.0563 113
0.0564 112
0.0565 114
0.0566 113
0.0567 113
0.0568 112
0.0569 112
0.057 113
0.0571 113
0.0572 113
0.0573 113
0.0574 113
0.0575 113
0.0576 114
0.0577 114
0.0578 115
0.0579 115
0.058 115
0.0581 116
0.0582 115
0.0583 115
0.0584 115
0.0585 116
0.0586 117
0.0587 120
0.0588 118
0.0589 118
0.059 118
0.0591 119
0.0592 120
0.0593 119
0.0594 121
0.0595 121
0.0596 122
0.0597 120
0.0598 120
0.0599 121
0.06 121
0.0601 121
0.0602 121
0.0603 121
0.0604 120
0.0605 119
0.0606 119
0.0607 119
0.0608 118
0.0609 118
0.061 119
0.0611 119
0.0612 120
0.0613 121
0.0614 120
0.0615 121
0.0616 122
0.0617 121
0.0618 122
0.0619 123
0.062 121
0.0621 121
0.0622 120
0.0623 122
0.0624 122
0.0625 123
0.0626 123
0.0627 122
0.0628 123
0.0629 123
0.063 123
0.0631 124
0.0632 125
0.0633 125
0.0634 123
0.0635 124
0.0636 124
0.0637 123
0.0638 123
0.0639 120
0.064 118
0.0641 118
0.0642 119
0.0643 119
0.0644 120
0.0645 123
0.0646 124
0.0647 122
0.0648 122
0.0649 122
0.065 122
0.0651 123
0.0652 124
0.0653 123
0.0654 122
0.0655 120
0.0656 120
0.0657 119
0.0658 119
0.0659 120
0.066 120
0.0661 119
0.0662 120
0.0663 119
0.0664 119
0.0665 119
0.0666 120
0.0667 122
0.0668 124
0.0669 125
0.067 127
0.0671 128
0.0672 127
0.0673 127
0.0674 130
0.0675 127
0.0676 126
0.0677 126
0.0678 126
0.0679 128
0.068 129
0.0681 132
0.0682 132
0.0683 132
0.0684 133
0.0685 133
0.0686 133
0.0687 133
0.0688 134
0.0689 134
0.069 135
0.0691 135
0.0692 134
0.0693 133
0.0694 133
0.0695 133
0.0696 134
0.0697 134
0.0698 134
0.0699 135
0.07 137
0.0701 138
0.0702 138
0.0703 139
0.0704 140
0.0705 139
0.0706 137
0.0707 136
0.0708 136
0.0709 137
0.071 139
0.0711 139
0.0712 136
0.0713 136
0.0714 136
0.0715 136
0.0716 139
0.0717 139
0.0718 138
0.0719 138
0.072 138
0.0721 140
0.0722 139
0.0723 141
0.0724 140
0.0725 140
0.0726 139
0.0727 140
0.0728 139
0.0729 141
0.073 139
0.0731 139
0.0732 140
0.0733 140
0.0734 140
0.0735 139
0.0736 139
0.0737 139
0.0738 140
0.0739 141
0.074 142
0.0741 141
0.0742 140
0.0743 141
0.0744 141
0.0745 141
0.0746 141
0.0747 141
0.0748 140
0.0749 140
0.075 140
0.0751 139
0.0752 140
0.0753 141
0.0754 140
0.0755 141
0.0756 141
0.0757 141
0.0758 144
0.0759 142
0.076 141
0.0761 140
0.0762 137
0.0763 138
0.0764 138
0.0765 140
0.0766 141
0.0767 142
0.0768 143
0.0769 144
0.077 144
0.0771 142
0.0772 141
0.0773 143
0.0774 143
0.0775 143
0.0776 143
0.0777 144
0.0778 143
0.0779 143
0.078 142
0.0781 143
0.0782 142
0.0783 142
0.0784 144
0.0785 144
0.0786 144
0.0787 145
0.0788 147
0.0789 147
0.079 146
0.0791 148
0.0792 148
0.0793 150
0.0794 152
0.0795 152
0.0796 153
0.0797 153
0.0798 152
0.0799 152
0.08 152
0.0801 151
0.0802 150
0.0803 151
0.0804 154
0.0805 153
0.0806 154
0.0807 154
0.0808 154
0.0809 154
0.081 155
0.0811 155
0.0812 155
0.0813 155
0.0814 155
0.0815 156
0.0816 155
0.0817 155
0.0818 156
0.0819 156
0.082 157
0.0821 158
0.0822 159
0.0823 159
0.0824 158
0.0825 161
0.0826 162
0.0827 160
0.0828 162
0.0829 160
0.083 161
0.0831 163
0.0832 163
0.0833 163
0.0834 161
0.0835 162
0.0836 163
0.0837 161
0.0838 161
0.0839 162
0.084 162
0.0841 162
0.0842 163
0.0843 165
0.0844 165
0.0845 164
0.0846 162
0.0847 161
0.0848 160
0.0849 159
0.085 159
0.0851 158
0.0852 160
0.0853 160
0.0854 161
0.0855 160
0.0856 162
0.0857 161
0.0858 159
0.0859 160
0.086 158
0.0861 160
0.0862 159
0.0863 159
0.0864 159
0.0865 159
0.0866 161
0.0867 162
0.0868 161
0.0869 159
0.087 160
0.0871 161
0.0872 162
0.0873 161
0.0874 161
0.0875 162
0.0876 162
0.0877 163
0.0878 161
0.0879 158
0.088 159
0.0881 159
0.0882 162
0.0883 161
0.0884 161
0.0885 161
0.0886 160
0.0887 159
0.0888 161
0.0889 162
0.089 162
0.0891 159
0.0892 158
0.0893 158
0.0894 159
0.0895 158
0.0896 159
0.0897 160
0.0898 161
0.0899 160
0.09 159
0.0901 159
0.0902 158
0.0903 157
0.0904 157
0.0905 159
0.0906 161
0.0907 161
0.0908 162
0.0909 163
0.091 163
0.0911 165
0.0912 162
0.0913 161
0.0914 162
0.0915 161
0.0916 162
0.0917 161
0.0918 162
0.0919 164
0.092 166
0.0921 166
0.0922 165
0.0923 165
0.0924 166
0.0925 166
0.0926 166
0.0927 167
0.0928 166
0.0929 166
0.093 165
0.0931 167
0.0932 168
0.0933 168
0.0934 169
0.0935 168
0.0936 167
0.0937 168
0.0938 168
0.0939 168
0.094 169
0.0941 171
0.0942 171
0.0943 167
0.0944 168
0.0945 168
0.0946 167
0.0947 167
0.0948 165
0.0949 165
0.095 165
0.0951 165
0.0952 165
0.0953 166
0.0954 166
0.0955 166
0.0956 165
0.0957 166
0.0958 167
0.0959 167
0.096 169
0.0961 169
0.0962 170
0.0963 171
0.0964 172
0.0965 172
0.0966 172
0.0967 171
0.0968 172
0.0969 170
0.097 172
0.0971 170
0.0972 168
0.0973 168
0.0974 170
0.0975 168
0.0976 168
0.0977 167
0.0978 166
0.0979 166
0.098 164
0.0981 167
0.0982 167
0.0983 168
0.0984 168
0.0985 166
0.0986 165
0.0987 164
0.0988 165
0.0989 166
0.099 168
0.0991 167
0.0992 168
0.0993 167
0.0994 167
0.0995 167
0.0996 168
0.0997 171
0.0998 170
0.0999 170
0.1 171
