0 0
0.0001 0
0.0002 0
0.0003 0
0.0004 0
0.0005 0
0.0006 0
0.0007 0
0.0008 0
0.0009 0
0.001 0
0.0011 0
0.0012 0
0.0013 0
0.0014 0
0.0015 0
0.0016 0
0.0017 0
0.0018 0
0.0019 1
0.002 2
0.0021 2
0.0022 3
0.0023 5
0.0024 8
0.0025 9
0.0026 11
0.0027 17
0.0028 19
0.0029 21
0.003 23
0.0031 26
0.0032 30
0.0033 35
0.0034 39
0.0035 39
0.0036 43
0.0037 45
0.0038 48
0.0039 49
0.004 50
0.0041 58
0.0042 63
0.0043 67
0.0044 69
0.0045 71
0.0046 75
0.0047 77
0.0048 82
0.0049 85
0.005 89
0.0051 94
0.0052 98
0.0053 105
0.0054 108
0.0055 113
0.0056 113
0.0057 120
0.0058 125
0.0059 127
0.006 131
0.0061 137
0.0062 142
0.0063 149
0.0064 157
0.0065 163
0.0066 170
0.0067 174
0.0068 182
0.0069 184
0.007 190
0.0071 197
0.0072 203
0.0073 208
0.0074 214
0.0075 220
0.0076 228
0.0077 236
0.0078 243
0.0079 244
0.008 249
0.0081 256
0.0082 262
0.0083 268
0.0084 274
0.0085 278
0.0086 283
0.0087 286
0.0088 291
0.0089 301
0.009 305
0.0091 310
0.0092 317
0.0093 321
0.0094 330
0.0095 334
0.0096 344
0.0097 350
0.0098 355
0.0099 366
0.01 377
0.0101 385
0.0102 395
0.0103 401
0.0104 403
0.0105 411
0.0106 414
0.0107 423
0.0108 427
0.0109 436
0.011 445
0.0111 456
0.0112 460
0.0113 464
0.0114 465
0.0115 480
0.0116 493
0.0117 499
0.0118 509
0.0119 516
0.012 521
0.0121 530
0.0122 535
0.0123 539
0.0124 546
0.0125 553
0.0126 556
0.0127 566
0.0128 578
0.0129 586
0.013 596
0.0131 602
0.0132 607
0.0133 609
0.0134 621
0.0135 623
0.0136 638
0.0137 643
0.0138 653
0.0139 663
0.014 672
0.0141 683
0.0142 696
0.0143 707
0.0144 714
0.0145 728
0.0146 734
0.0147 743
0.0148 752
0.0149 760
0.015 766
0.0151 770
0.0152 790
0.0153 793
0.0154 803
0.0155 812
0.0156 819
0.0157 822
0.0158 833
0.0159 842
0.016 845
0.0161 855
0.0162 863
0.0163 871
0.0164 877
0.0165 883
0.0166 889
0.0167 893
0.0168 898
0.0169 906
0.017 916
0.0171 927
0.0172 937
0.0173 943
0.0174 954
0.0175 960
0.0176 966
0.0177 975
0.0178 984
0.0179 996
0.018 1008
0.0181 1011
0.0182 1020
0.0183 1029
0.0184 1037
0.0185 1047
0.0186 1053
0.0187 1062
0.0188 1074
0.0189 1080
0.019 1090
0.0191 1098
0.0192 1107
0.0193 1118
0.0194 1127
0.0195 1130
0.0196 1142
0.0197 1153
0.0198 1163
0.0199 1170
0.02 1180
0.0201 1192
0.0202 1197
0.0203 1207
0.0204 1213
0.0205 1221
0.0206 1224
0.0207 1231
0.0208 1245
0.0209 1254
0.021 1264
0.0211 1268
0.0212 1276
0.0213 1285
0.0214 1293
0.0215 1304
0.0216 1312
0.0217 1318
0.0218 1331
0.0219 1338
0.022 1352
0.0221 1364
0.0222 1378
0.0223 1383
0.0224 1392
0.0225 1399
0.0226 1402
0.0227 1415
0.0228 1419
0.0229 1429
0.023 1440
0.0231 1445
0.0232 1452
0.0233 1462
0.0234 1473
0.0235 1484
0.0236 1490
0.0237 1504
0.0238 1508
0.0239 1513
0.024 1517
0.0241 1526
0.0242 1529
0.0243 1536
0.0244 1556
0.0245 1558
0.0246 1572
0.0247 1588
0.0248 1595
0.0249 1607
0.025 1621
0.0251 1621
0.0252 1629
0.0253 1644
0.0254 1657
0.0255 1668
0.0256 1679
0.0257 1692
0.0258 1694
0.0259 1706
0.026 1716
0.0261 1722
0.0262 1735
0.0263 1745
0.0264 1748
0.0265 1756
0.0266 1764
0.0267 1765
0.0268 1783
0.0269 1792
0.027 1793
0.0271 1806
0.0272 1798
0.0273 1804
0.0274 1803
0.0275 1806
0.0276 1794
0.0277 1784
0.0278 1758
0.0279 1719
0.028 1681
0.0281 1643
0.0282 1600
0.0283 1569
0.0284 1532
0.0285 1500
0.0286 1468
0.0287 1443
0.0288 1408
0.0289 1368
0.029 1340
0.0291 1307
0.0292 1281
0.0293 1251
0.0294 1224
0.0295 1194
0.0296 1160
0.0297 1137
0.0298 1121
0.0299 1104
0.03 1081
0.0301 1057
0.0302 1037
0.0303 1009
0.0304 976
0.0305 947
0.0306 924
0.0307 900
0.0308 879
0.0309 868
0.031 839
0.0311 823
0.0312 792
0.0313 773
0.0314 756
0.0315 736
0.0316 735
0.0317 716
0.0318 708
0.0319 690
0.032 689
0.0321 688
0.0322 677
0.0323 664
0.0324 659
0.0325 660
0.0326 665
0.0327 657
0.0328 639
0.0329 620
0.033 607
0.0331 598
0.0332 591
0.0333 582
0.0334 578
0.0335 572
0.0336 572
0.0337 563
0.0338 553
0.0339 546
0.034 539
0.0341 529
0.0342 526
0.0343 520
0.0344 518
0.0345 506
0.0346 487
0.0347 479
0.0348 468
0.0349 469
0.035 465
0.0351 462
0.0352 466
0.0353 464
0.0354 474
0.0355 473
0.0356 485
0.0357 490
0.0358 487
0.0359 482
0.036 481
0.0361 480
0.0362 458
0.0363 453
0.0364 448
0.0365 438
0.0366 434
0.0367 428
0.0368 418
0.0369 421
0.037 407
0.0371 405
0.0372 394
0.0373 390
0.0374 389
0.0375 382
0.0376 366
0.0377 356
0.0378 350
0.0379 342
0.038 339
0.0381 338
0.0382 338
0.0383 335
0.0384 338
0.0385 337
0.0386 337
0.0387 330
0.0388 329
0.0389 330
0.039 329
0.0391 331
0.0392 328
0.0393 331
0.0394 332
0.0395 325
0.0396 318
0.0397 311
0.0398 308
0.0399 306
0.04 302
0.0401 298
0.0402 294
0.0403 289
0.0404 284
0.0405 288
0.0406 289
0.0407 288
0.0408 294
0.0409 294
0.041 295
0.0411 296
0.0412 300
0.0413 297
0.0414 300
0.0415 301
0.0416 293
0.0417 292
0.0418 291
0.0419 283
0.042 282
0.0421 276
0.0422 279
0.0423 279
0.0424 283
0.0425 278
0.0426 285
0.0427 283
0.0428 279
0.0429 279
0.043 277
0.0431 269
0.0432 268
0.0433 267
0.0434 258
0.0435 255
0.0436 256
0.0437 256
0.0438 256
0.0439 252
0.044 250
0.0441 250
0.0442 251
0.0443 255
0.0444 257
0.0445 253
0.0446 260
0.0447 263
0.0448 263
0.0449 266
0.045 259
0.0451 263
0.0452 263
0.0453 259
0.0454 261
0.0455 261
0.0456 256
0.0457 265
0.0458 258
0.0459 257
0.046 264
0.0461 263
0.0462 262
0.0463 267
0.0464 264
0.0465 262
0.0466 265
0.0467 258
0.0468 256
0.0469 259
0.047 263
0.0471 264
0.0472 266
0.0473 264
0.0474 263
0.0475 268
0.0476 267
0.0477 263
0.0478 265
0.0479 270
0.048 276
0.0481 285
0.0482 286
0.0483 289
0.0484 292
0.0485 303
0.0486 302
0.0487 303
0.0488 302
0.0489 296
0.049 293
0.0491 299
0.0492 300
0.0493 320
0.0494 322
0.0495 322
0.0496 314
0.0497 314
0.0498 309
0.0499 312
0.05 307
0.0501 311
0.0502 308
0.0503 303
0.0504 303
0.0505 296
0.0506 291
0.0507 289
0.0508 285
0.0509 284
0.051 283
0.0511 284
0.0512 280
0.0513 277
0.0514 271
0.0515 268
0.0516 266
0.0517 265
0.0518 265
0.0519 269
0.052 262
0.0521 252
0.0522 254
0.0523 246
0.0524 240
0.0525 234
0.0526 229
0.0527 233
0.0528 231
0.0529 228
0.053 227
0.0531 231
0.0532 232
0.0533 227
0.0534 221
0.0535 215
0.0536 210
0.0537 207
0.0538 207
0.0539 205
0.054 211
0.0541 214
0.0542 215
0.0543 215
0.0544 219
0.0545 215
0.0546 215
0.0547 217
0.0548 211
0.0549 210
0.055 211
0.0551 213
0.0552 212
0.0553 208
0.0554 209
0.0555 209
0.0556 211
0.0557 208
0.0558 206
0.0559 201
0.056 203
0.0561 201
0.0562 199
0.0563 201
0.0564 196
0.0565 194
0.0566 195
0.0567 193
0.0568 187
0.0569 186
0.057 180
0.0571 183
0.0572 181
0.0573 175
0.0574 168
0.0575 163
0.0576 163
0.0577 160
0.0578 163
0.0579 158
0.058 154
0.0581 157
0.0582 157
0.0583 159
0.0584 162
0.0585 163
0.0586 163
0.0587 163
0.0588 166
0.0589 164
0.059 163
0.0591 164
0.0592 163
0.0593 163
0.0594 164
0.0595 167
0.0596 166
0.0597 166
0.0598 163
0.0599 161
0.06 155
0.0601 162
0.0602 161
0.0603 164
0.0604 167
0.0605 170
0.0606 175
0.0607 179
0.0608 179
0.0609 177
0.061 180
0.0611 181
0.0612 180
0.0613 177
0.0614 179
0.0615 180
0.0616 185
0.0617 191
0.0618 195
0.0619 192
0.062 191
0.0621 192
0.0622 192
0.0623 196
0.0624 192
0.0625 194
0.0626 194
0.0627 195
0.0628 194
0.0629 190
0.063 183
0.0631 189
0.0632 186
0.0633 188
0.0634 185
0.0635 187
0.0636 192
0.0637 190
0.0638 195
0.0639 197
0.064 201
0.0641 207
0.0642 203
0.0643 201
0.0644 197
0.0645 197
0.0646 201
0.0647 209
0.0648 211
0.0649 210
0.065 208
0.0651 201
0.0652 201
0.0653 203
0.0654 206
0.0655 208
0.0656 199
0.0657 195
0.0658 194
0.0659 198
0.066 197
0.0661 190
0.0662 189
0.0663 190
0.0664 193
0.0665 191
0.0666 190
0.0667 195
0.0668 198
0.0669 198
0.067 198
0.0671 191
0.0672 186
0.0673 179
0.0674 177
0.0675 178
0.0676 180
0.0677 179
0.0678 179
0.0679 177
0.068 177
0.0681 181
0.0682 184
0.0683 183
0.0684 178
0.0685 177
0.0686 180
0.0687 180
0.0688 177
0.0689 177
0.069 178
0.0691 183
0.0692 179
0.0693 177
0.0694 184
0.0695 188
0.0696 186
0.0697 191
0.0698 195
0.0699 186
0.07 189
0.0701 188
0.0702 199
0.0703 202
0.0704 211
0.0705 214
0.0706 214
0.0707 223
0.0708 230
0.0709 235
0.071 244
0.0711 245
0.0712 244
0.0713 240
0.0714 243
0.0715 250
0.0716 253
0.0717 256
0.0718 250
0.0719 261
0.072 262
0.0721 268
0.0722 269
0.0723 274
0.0724 270
0.0725 266
0.0726 260
0.0727 263
0.0728 262
0.0729 259
0.073 254
0.0731 257
0.0732 260
0.0733 260
0.0734 265
0.0735 266
0.0736 264
0.0737 263
0.0738 259
0.0739 256
0.074 260
0.0741 255
0.0742 256
0.0743 257
0.0744 258
0.0745 255
0.0746 250
0.0747 249
0.0748 240
0.0749 241
0.075 235
0.0751 232
0.0752 232
0.0753 230
0.0754 231
0.0755 231
0.0756 237
0.0757 232
0.0758 231
0.0759 238
0.076 233
0.0761 226
0.0762 229
0.0763 228
0.0764 228
0.0765 220
0.0766 214
0.0767 216
0.0768 215
0.0769 216
0.077 213
0.0771 206
0.0772 206
0.0773 206
0.0774 208
0.0775 207
0.0776 204
0.0777 199
0.0778 199
0.0779 198
0.078 197
0.0781 192
0.0782 194
0.0783 190
0.0784 190
0.0785 187
0.0786 187
0.0787 192
0.0788 199
0.0789 202
0.079 202
0.0791 201
0.0792 197
0.0793 200
0.0794 197
0.0795 193
0.0796 193
0.0797 191
0.0798 195
0.0799 205
0.08 209
0.0801 210
0.0802 204
0.0803 200
0.0804 198
0.0805 194
0.0806 198
0.0807 196
0.0808 200
0.0809 200
0.081 200
0.0811 200
0.0812 200
0.0813 196
0.0814 192
0.0815 191
0.0816 193
0.0817 193
0.0818 191
0.0819 192
0.082 194
0.0821 195
0.0822 201
0.0823 203
0.0824 204
0.0825 199
0.0826 203
0.0827 202
0.0828 203
0.0829 208
0.083 221
0.0831 222
0.0832 225
0.0833 225
0.0834 233
0.0835 236
0.0836 241
0.0837 234
0.0838 240
0.0839 238
0.084 235
0.0841 234
0.0842 242
0.0843 234
0.0844 236
0.0845 237
0.0846 235
0.0847 237
0.0848 235
0.0849 233
0.085 230
0.0851 227
0.0852 222
0.0853 221
0.0854 218
0.0855 217
0.0856 214
0.0857 212
0.0858 212
0.0859 219
0.086 222
0.0861 217
0.0862 227
0.0863 230
0.0864 231
0.0865 229
0.0866 228
0.0867 228
0.0868 225
0.0869 220
0.087 211
0.0871 208
0.0872 208
0.0873 203
0.0874 200
0.0875 199
0.0876 197
0.0877 200
0.0878 200
0.0879 199
0.088 199
0.0881 201
0.0882 199
0.0883 195
0.0884 192
0.0885 183
0.0886 179
0.0887 176
0.0888 181
0.0889 181
0.089 186
0.0891 187
0.0892 188
0.0893 191
0.0894 190
0.0895 190
0.0896 199
0.0897 208
0.0898 208
0.0899 216
0.09 221
0.0901 221
0.0902 223
0.0903 222
0.0904 221
0.0905 220
0.0906 218
0.0907 214
0.0908 210
0.0909 208
0.091 206
0.0911 207
0.0912 208
0.0913 209
0.0914 205
0.0915 206
0.0916 208
0.0917 208
0.0918 209
0.0919 221
0.092 224
0.0921 234
0.0922 236
0.0923 242
0.0924 248
0.0925 250
0.0926 252
0.0927 247
0.0928 251
0.0929 255
0.093 257
0.0931 257
0.0932 251
0.0933 248
0.0934 254
0.0935 259
0.0936 257
0.0937 261
0.0938 260
0.0939 256
0.094 254
0.0941 258
0.0942 252
0.0943 247
0.0944 249
0.0945 253
0.0946 254
0.0947 255
0.0948 257
0.0949 251
0.095 257
0.0951 256
0.0952 255
0.0953 256
0.0954 255
0.0955 252
0.0956 247
0.0957 250
0.0958 252
0.0959 250
0.096 246
0.0961 242
0.0962 244
0.0963 243
0.0964 233
0.0965 229
0.0966 228
0.0967 218
0.0968 211
0.0969 213
0.097 211
0.0971 207
0.0972 206
0.0973 208
0.0974 208
0.0975 207
0.0976 204
0.0977 198
0.0978 194
0.0979 193
0.098 192
0.0981 191
0.0982 189
0.0983 186
0.0984 181
0.0985 179
0.0986 180
0.0987 175
0.0988 169
0.0989 169
0.099 171
0.0991 174
0.0992 181
0.0993 182
0.0994 183
0.0995 182
0.0996 186
0.0997 185
0.0998 184
0.0999 187
0.1 186
0.1001 194
0.1002 200
0.1003 198
0.1004 195
0.1005 194
0.1006 197
0.1007 197
0.1008 193
0.1009 198
0.101 198
0.1011 199
0.1012 197
0.1013 199
0.1014 206
0.1015 208
0.1016 210
0.1017 209
0.1018 208
0.1019 208
0.102 206
0.1021 206
0.1022 201
0.1023 200
0.1024 199
0.1025 203
0.1026 200
0.1027 202
0.1028 217
0.1029 220
0.103 229
0.1031 228
0.1032 228
0.1033 230
0.1034 230
0.1035 228
0.1036 227
0.1037 227
0.1038 231
0.1039 235
0.104 238
0.1041 243
0.1042 238
0.1043 235
0.1044 235
0.1045 233
0.1046 225
0.1047 221
0.1048 217
0.1049 213
0.105 209
0.1051 208
0.1052 204
0.1053 205
0.1054 207
0.1055 208
0.1056 212
0.1057 220
0.1058 226
0.1059 223
0.106 225
0.1061 226
0.1062 223
0.1063 225
0.1064 219
0.1065 219
0.1066 225
0.1067 222
0.1068 220
0.1069 213
0.107 209
0.1071 212
0.1072 211
0.1073 211
0.1074 205
0.1075 205
0.1076 203
0.1077 205
0.1078 204
0.1079 207
0.108 204
0.1081 204
0.1082 202
0.1083 207
0.1084 200
0.1085 198
0.1086 203
0.1087 202
0.1088 203
0.1089 203
0.109 204
0.1091 206
0.1092 210
0.1093 211
0.1094 214
0.1095 221
0.1096 228
0.1097 239
0.1098 241
0.1099 246
0.11 244
0.1101 248
0.1102 249
0.1103 256
0.1104 261
0.1105 257
0.1106 258
0.1107 260
0.1108 263
0.1109 264
0.111 261
0.1111 266
0.1112 273
0.1113 273
0.1114 274
0.1115 275
0.1116 273
0.1117 278
0.1118 281
0.1119 282
0.112 282
0.1121 286
0.1122 283
0.1123 290
0.1124 291
0.1125 289
0.1126 294
0.1127 294
0.1128 293
0.1129 296
0.113 298
0.1131 299
0.1132 301
0.1133 301
0.1134 302
0.1135 304
0.1136 305
0.1137 311
0.1138 312
0.1139 318
0.114 321
0.1141 322
0.1142 326
0.1143 328
0.1144 329
0.1145 329
0.1146 337
0.1147 336
0.1148 340
0.1149 343
0.115 346
0.1151 349
0.1152 351
0.1153 352
0.1154 353
0.1155 357
0.1156 360
0.1157 364
0.1158 370
0.1159 379
0.116 384
0.1161 387
0.1162 388
0.1163 394
0.1164 400
0.1165 409
0.1166 412
0.1167 415
0.1168 424
0.1169 427
0.117 430
0.1171 435
0.1172 439
0.1173 445
0.1174 445
0.1175 455
0.1176 459
0.1177 470
0.1178 477
0.1179 483
0.118 487
0.1181 492
0.1182 501
0.1183 507
0.1184 515
0.1185 527
0.1186 533
0.1187 541
0.1188 550
0.1189 553
0.119 565
0.1191 571
0.1192 574
0.1193 586
0.1194 595
0.1195 601
0.1196 612
0.1197 619
0.1198 630
0.1199 641
0.12 648
0.1201 653
0.1202 657
0.1203 658
0.1204 669
0.1205 674
0.1206 680
0.1207 689
0.1208 697
0.1209 707
0.121 717
0.1211 722
0.1212 734
0.1213 745
0.1214 751
0.1215 764
0.1216 774
0.1217 780
0.1218 785
0.1219 794
0.122 802
0.1221 809
0.1222 816
0.1223 820
0.1224 829
0.1225 838
0.1226 847
0.1227 849
0.1228 857
0.1229 866
0.123 874
0.1231 885
0.1232 894
0.1233 907
0.1234 914
0.1235 920
0.1236 929
0.1237 935
0.1238 939
0.1239 952
0.124 957
0.1241 961
0.1242 974
0.1243 982
0.1244 994
0.1245 1004
0.1246 1008
0.1247 1012
0.1248 1023
0.1249 1025
0.125 1039
0.1251 1052
0.1252 1058
0.1253 1066
0.1254 1070
0.1255 1081
0.1256 1085
0.1257 1086
0.1258 1103
0.1259 1113
0.126 1125
0.1261 1135
0.1262 1142
0.1263 1155
0.1264 1167
0.1265 1177
0.1266 1190
0.1267 1198
0.1268 1216
0.1269 1227
0.127 1238
0.1271 1253
0.1272 1263
0.1273 1273
0.1274 1293
0.1275 1300
0.1276 1309
0.1277 1322
0.1278 1337
0.1279 1353
0.128 1358
0.1281 1376
0.1282 1389
0.1283 1394
0.1284 1397
0.1285 1414
0.1286 1422
0.1287 1426
0.1288 1441
0.1289 1451
0.129 1455
0.1291 1470
0.1292 1476
0.1293 1487
0.1294 1496
0.1295 1509
0.1296 1515
0.1297 1522
0.1298 1537
0.1299 1556
0.13 1558
0.1301 1574
0.1302 1587
0.1303 1595
0.1304 1600
0.1305 1616
0.1306 1632
0.1307 1639
0.1308 1650
0.1309 1656
0.131 1665
0.1311 1674
0.1312 1687
0.1313 1695
0.1314 1697
0.1315 1718
0.1316 1729
0.1317 1736
0.1318 1736
0.1319 1747
0.132 1754
0.1321 1764
0.1322 1768
0.1323 1777
0.1324 1767
0.1325 1757
0.1326 1757
0.1327 1750
0.1328 1745
0.1329 1726
0.133 1707
0.1331 1684
0.1332 1645
0.1333 1638
0.1334 1611
0.1335 1592
0.1336 1572
0.1337 1539
0.1338 1505
0.1339 1484
0.134 1476
0.1341 1457
0.1342 1431
0.1343 1408
0.1344 1392
0.1345 1365
0.1346 1339
0.1347 1299
0.1348 1267
0.1349 1246
0.135 1235
0.1351 1215
0.1352 1199
0.1353 1180
0.1354 1167
0.1355 1142
0.1356 1128
0.1357 1104
0.1358 1085
0.1359 1042
0.136 1016
0.1361 999
0.1362 973
0.1363 944
0.1364 922
0.1365 903
0.1366 883
0.1367 860
0.1368 840
0.1369 820
0.137 808
0.1371 795
0.1372 775
0.1373 762
0.1374 749
0.1375 740
0.1376 726
0.1377 720
0.1378 700
0.1379 688
0.138 683
0.1381 677
0.1382 665
0.1383 660
0.1384 644
0.1385 636
0.1386 631
0.1387 612
0.1388 595
0.1389 588
0.139 571
0.1391 561
0.1392 554
0.1393 550
0.1394 537
0.1395 524
0.1396 515
0.1397 503
0.1398 499
0.1399 499
0.14 490
0.1401 477
0.1402 472
0.1403 465
0.1404 460
0.1405 458
0.1406 461
0.1407 459
0.1408 457
0.1409 456
0.141 455
0.1411 457
0.1412 449
0.1413 445
0.1414 440
0.1415 437
0.1416 440
0.1417 432
0.1418 426
0.1419 415
0.142 405
0.1421 404
0.1422 398
0.1423 390
0.1424 382
0.1425 386
0.1426 376
0.1427 384
0.1428 383
0.1429 385
0.143 384
0.1431 378
0.1432 372
0.1433 368
0.1434 361
0.1435 356
0.1436 360
0.1437 356
0.1438 349
0.1439 335
0.144 329
0.1441 323
0.1442 319
0.1443 317
0.1444 312
0.1445 308
0.1446 305
0.1447 305
0.1448 304
0.1449 301
0.145 300
0.1451 298
0.1452 293
0.1453 298
0.1454 293
0.1455 290
0.1456 289
0.1457 287
0.1458 288
0.1459 287
0.146 291
0.1461 292
0.1462 300
0.1463 307
0.1464 316
0.1465 311
0.1466 309
0.1467 301
0.1468 300
0.1469 297
0.147 298
0.1471 301
0.1472 299
0.1473 288
0.1474 288
0.1475 281
0.1476 279
0.1477 272
0.1478 272
0.1479 275
0.148 276
0.1481 278
0.1482 281
0.1483 278
0.1484 282
0.1485 288
0.1486 292
0.1487 297
0.1488 294
0.1489 291
0.149 288
0.1491 293
0.1492 294
0.1493 284
0.1494 289
0.1495 298
0.1496 300
0.1497 308
0.1498 317
0.1499 320
0.15 318
0.1501 318
0.1502 311
0.1503 313
0.1504 305
0.1505 299
0.1506 294
0.1507 294
0.1508 298
0.1509 297
0.151 296
0.1511 301
0.1512 301
0.1513 303
0.1514 299
0.1515 296
0.1516 291
0.1517 284
0.1518 285
0.1519 282
0.152 280
0.1521 282
0.1522 283
0.1523 274
0.1524 271
0.1525 278
0.1526 281
0.1527 282
0.1528 282
0.1529 286
0.153 289
0.1531 290
0.1532 290
0.1533 290
0.1534 291
0.1535 290
0.1536 290
0.1537 289
0.1538 284
0.1539 282
0.154 281
0.1541 283
0.1542 280
0.1543 280
0.1544 276
0.1545 270
0.1546 270
0.1547 273
0.1548 282
0.1549 289
0.155 291
0.1551 295
0.1552 295
0.1553 297
0.1554 302
0.1555 299
0.1556 299
0.1557 295
0.1558 291
0.1559 287
0.156 286
0.1561 285
0.1562 282
0.1563 285
0.1564 282
0.1565 283
0.1566 297
0.1567 297
0.1568 292
0.1569 286
0.157 284
0.1571 288
0.1572 284
0.1573 279
0.1574 272
0.1575 270
0.1576 277
0.1577 284
0.1578 287
0.1579 278
0.158 272
0.1581 265
0.1582 264
0.1583 260
0.1584 262
0.1585 263
0.1586 262
0.1587 268
0.1588 269
0.1589 268
0.159 270
0.1591 268
0.1592 271
0.1593 264
0.1594 260
0.1595 256
0.1596 248
0.1597 247
0.1598 241
0.1599 239
0.16 234
0.1601 243
0.1602 240
0.1603 240
0.1604 237
0.1605 243
0.1606 242
0.1607 251
0.1608 251
0.1609 250
0.161 246
0.1611 248
0.1612 253
0.1613 256
0.1614 256
0.1615 260
0.1616 267
0.1617 271
0.1618 274
0.1619 282
0.162 284
0.1621 290
0.1622 287
0.1623 288
0.1624 291
0.1625 290
0.1626 288
0.1627 283
0.1628 276
0.1629 270
0.163 261
0.1631 262
0.1632 255
0.1633 255
0.1634 249
0.1635 256
0.1636 255
0.1637 258
0.1638 250
0.1639 255
0.164 254
0.1641 254
0.1642 254
0.1643 256
0.1644 254
0.1645 257
0.1646 263
0.1647 261
0.1648 262
0.1649 264
0.165 262
0.1651 259
0.1652 260
0.1653 255
0.1654 259
0.1655 259
0.1656 258
0.1657 255
0.1658 252
0.1659 244
0.166 240
0.1661 232
0.1662 232
0.1663 231
0.1664 236
0.1665 236
0.1666 238
0.1667 234
0.1668 239
0.1669 236
0.167 238
0.1671 240
0.1672 241
0.1673 244
0.1674 246
0.1675 242
0.1676 241
0.1677 235
0.1678 240
0.1679 245
0.168 246
0.1681 241
0.1682 239
0.1683 239
0.1684 247
0.1685 252
0.1686 256
0.1687 252
0.1688 262
0.1689 266
0.169 267
0.1691 274
0.1692 278
0.1693 288
0.1694 285
0.1695 285
0.1696 287
0.1697 285
0.1698 281
0.1699 288
0.17 287
0.1701 278
0.1702 282
0.1703 275
0.1704 277
0.1705 276
0.1706 274
0.1707 273
0.1708 280
0.1709 285
0.171 275
0.1711 270
0.1712 271
0.1713 266
0.1714 257
0.1715 257
0.1716 253
0.1717 252
0.1718 252
0.1719 251
0.172 250
0.1721 250
0.1722 249
0.1723 250
0.1724 249
0.1725 249
0.1726 250
0.1727 255
0.1728 256
0.1729 254
0.173 259
0.1731 258
0.1732 258
0.1733 251
0.1734 248
0.1735 247
0.1736 249
0.1737 250
0.1738 257
0.1739 261
0.174 265
0.1741 264
0.1742 259
0.1743 269
0.1744 270
0.1745 276
0.1746 278
0.1747 285
0.1748 290
0.1749 294
0.175 295
0.1751 301
0.1752 301
0.1753 300
0.1754 295
0.1755 295
0.1756 285
0.1757 276
0.1758 274
0.1759 280
0.176 286
0.1761 281
0.1762 276
0.1763 270
0.1764 263
0.1765 262
0.1766 262
0.1767 264
0.1768 260
0.1769 258
0.177 262
0.1771 259
0.1772 255
0.1773 258
0.1774 258
0.1775 255
0.1776 250
0.1777 244
0.1778 244
0.1779 243
0.178 245
0.1781 251
0.1782 251
0.1783 257
0.1784 246
0.1785 247
0.1786 252
0.1787 255
0.1788 257
0.1789 256
0.179 253
0.1791 248
0.1792 241
0.1793 237
0.1794 228
0.1795 225
0.1796 218
0.1797 216
0.1798 219
0.1799 217
0.18 219
0.1801 221
0.1802 221
0.1803 229
0.1804 231
0.1805 227
0.1806 224
0.1807 219
0.1808 222
0.1809 228
0.181 230
0.1811 231
0.1812 233
0.1813 236
0.1814 235
0.1815 242
0.1816 243
0.1817 244
0.1818 250
0.1819 248
0.182 245
0.1821 243
0.1822 249
0.1823 251
0.1824 247
0.1825 249
0.1826 253
0.1827 258
0.1828 258
0.1829 259
0.183 261
0.1831 263
0.1832 263
0.1833 258
0.1834 258
0.1835 257
0.1836 254
0.1837 257
0.1838 257
0.1839 256
0.184 255
0.1841 262
0.1842 266
0.1843 265
0.1844 266
0.1845 258
0.1846 261
0.1847 263
0.1848 255
0.1849 260
0.185 257
0.1851 259
0.1852 254
0.1853 250
0.1854 242
0.1855 235
0.1856 236
0.1857 237
0.1858 236
0.1859 234
0.186 237
0.1861 233
0.1862 229
0.1863 227
0.1864 229
0.1865 226
0.1866 221
0.1867 217
0.1868 211
0.1869 211
0.187 210
0.1871 208
0.1872 206
0.1873 208
0.1874 217
0.1875 216
0.1876 221
0.1877 224
0.1878 220
0.1879 221
0.188 226
0.1881 234
0.1882 243
0.1883 240
0.1884 235
0.1885 233
0.1886 230
0.1887 227
0.1888 228
0.1889 231
0.189 238
0.1891 244
0.1892 249
0.1893 262
0.1894 266
0.1895 273
0.1896 277
0.1897 281
0.1898 292
0.1899 298
0.19 300
0.1901 301
0.1902 292
0.1903 294
0.1904 292
0.1905 283
0.1906 278
0.1907 277
0.1908 273
0.1909 279
0.191 281
0.1911 285
0.1912 290
0.1913 294
0.1914 317
0.1915 336
0.1916 356
0.1917 366
0.1918 376
0.1919 387
0.192 386
0.1921 384
0.1922 391
0.1923 391
0.1924 391
0.1925 394
0.1926 396
0.1927 393
0.1928 395
0.1929 399
0.193 399
0.1931 398
0.1932 399
0.1933 402
0.1934 404
0.1935 400
0.1936 405
0.1937 404
0.1938 406
0.1939 407
0.194 408
0.1941 409
0.1942 407
0.1943 409
0.1944 410
0.1945 412
0.1946 415
0.1947 418
0.1948 422
0.1949 426
0.195 427
0.1951 431
0.1952 434
0.1953 437
0.1954 444
0.1955 448
0.1956 446
0.1957 450
0.1958 457
0.1959 457
0.196 463
0.1961 465
0.1962 469
0.1963 474
0.1964 475
0.1965 478
0.1966 483
0.1967 487
0.1968 492
0.1969 496
0.197 498
0.1971 504
0.1972 509
0.1973 516
0.1974 521
0.1975 524
0.1976 530
0.1977 529
0.1978 535
0.1979 548
0.198 559
0.1981 569
0.1982 574
0.1983 580
0.1984 594
0.1985 598
0.1986 605
0.1987 617
0.1988 625
0.1989 630
0.199 640
0.1991 644
0.1992 658
0.1993 663
0.1994 674
0.1995 676
0.1996 684
0.1997 689
0.1998 697
0.1999 709
0.2 716
0.2001 727
0.2002 735
0.2003 742
0.2004 748
0.2005 757
0.2006 766
0.2007 771
0.2008 775
0.2009 779
0.201 785
0.2011 794
0.2012 798
0.2013 808
0.2014 816
0.2015 825
0.2016 830
0.2017 837
0.2018 853
0.2019 858
0.202 863
0.2021 881
0.2022 881
0.2023 898
0.2024 909
0.2025 914
0.2026 918
0.2027 931
0.2028 936
0.2029 942
0.203 952
0.2031 957
0.2032 968
0.2033 971
0.2034 981
0.2035 993
0.2036 1000
0.2037 1005
0.2038 1011
0.2039 1021
0.204 1036
0.2041 1048
0.2042 1057
0.2043 1069
0.2044 1072
0.2045 1081
0.2046 1095
0.2047 1095
0.2048 1106
0.2049 1118
0.205 1122
0.2051 1139
0.2052 1148
0.2053 1152
0.2054 1158
0.2055 1163
0.2056 1178
0.2057 1179
0.2058 1188
0.2059 1202
0.206 1204
0.2061 1211
0.2062 1220
0.2063 1228
0.2064 1239
0.2065 1246
0.2066 1255
0.2067 1256
0.2068 1263
0.2069 1271
0.207 1280
0.2071 1289
0.2072 1293
0.2073 1299
0.2074 1307
0.2075 1308
0.2076 1316
0.2077 1326
0.2078 1333
0.2079 1339
0.208 1347
0.2081 1353
0.2082 1361
0.2083 1364
0.2084 1370
0.2085 1383
0.2086 1388
0.2087 1391
0.2088 1402
0.2089 1408
0.209 1414
0.2091 1418
0.2092 1426
0.2093 1436
0.2094 1439
0.2095 1445
0.2096 1450
0.2097 1458
0.2098 1469
0.2099 1476
0.21 1480
0.2101 1481
0.2102 1494
0.2103 1500
0.2104 1504
0.2105 1511
0.2106 1519
0.2107 1528
0.2108 1529
0.2109 1540
0.211 1540
0.2111 1556
0.2112 1562
0.2113 1569
0.2114 1576
0.2115 1580
0.2116 1594
0.2117 1585
0.2118 1599
0.2119 1610
0.212 1621
0.2121 1625
0.2122 1628
0.2123 1626
0.2124 1641
0.2125 1648
0.2126 1657
0.2127 1670
0.2128 1684
0.2129 1692
0.213 1690
0.2131 1690
0.2132 1701
0.2133 1705
0.2134 1692
0.2135 1708
0.2136 1689
0.2137 1675
0.2138 1674
0.2139 1665
0.214 1643
0.2141 1636
0.2142 1615
0.2143 1591
0.2144 1559
0.2145 1527
0.2146 1490
0.2147 1451
0.2148 1405
0.2149 1382
0.215 1341
0.2151 1300
0.2152 1270
0.2153 1241
0.2154 1224
0.2155 1183
0.2156 1174
0.2157 1183
0.2158 1187
0.2159 1172
0.216 1142
0.2161 1131
0.2162 1127
0.2163 1101
0.2164 1079
0.2165 1063
0.2166 1045
0.2167 1032
0.2168 1008
0.2169 997
0.217 977
0.2171 952
0.2172 936
0.2173 918
0.2174 894
0.2175 874
0.2176 851
0.2177 830
0.2178 814
0.2179 798
0.218 785
0.2181 758
0.2182 737
0.2183 719
0.2184 700
0.2185 686
0.2186 672
0.2187 669
0.2188 658
0.2189 642
0.219 631
0.2191 615
0.2192 601
0.2193 589
0.2194 578
0.2195 570
0.2196 560
0.2197 550
0.2198 545
0.2199 549
0.22 546
0.2201 546
0.2202 541
0.2203 529
0.2204 522
0.2205 513
0.2206 503
0.2207 504
0.2208 498
0.2209 486
0.221 476
0.2211 467
0.2212 460
0.2213 460
0.2214 464
0.2215 450
0.2216 437
0.2217 436
0.2218 438
0.2219 424
0.222 423
0.2221 415
0.2222 413
0.2223 410
0.2224 404
0.2225 403
0.2226 403
0.2227 397
0.2228 396
0.2229 395
0.223 394
0.2231 383
0.2232 381
0.2233 375
0.2234 371
0.2235 366
0.2236 360
0.2237 360
0.2238 361
0.2239 356
0.224 359
0.2241 357
0.2242 360
0.2243 361
0.2244 365
0.2245 367
0.2246 373
0.2247 372
0.2248 376
0.2249 377
0.225 374
0.2251 371
0.2252 374
0.2253 378
0.2254 377
0.2255 374
0.2256 373
0.2257 369
0.2258 367
0.2259 366
0.226 358
0.2261 359
0.2262 357
0.2263 351
0.2264 343
0.2265 339
0.2266 337
0.2267 334
0.2268 326
0.2269 325
0.227 327
0.2271 328
0.2272 328
0.2273 325
0.2274 320
0.2275 314
0.2276 308
0.2277 301
0.2278 294
0.2279 288
0.228 288
0.2281 287
0.2282 290
0.2283 292
0.2284 291
0.2285 291
0.2286 296
0.2287 301
0.2288 293
0.2289 295
0.229 297
0.2291 298
0.2292 301
0.2293 301
0.2294 303
0.2295 307
0.2296 310
0.2297 316
0.2298 313
0.2299 308
0.23 306
0.2301 304
0.2302 303
0.2303 306
0.2304 307
0.2305 310
0.2306 306
0.2307 298
0.2308 298
0.2309 294
0.231 293
0.2311 298
0.2312 295
0.2313 294
0.2314 291
0.2315 294
0.2316 288
0.2317 283
0.2318 293
0.2319 290
0.232 283
0.2321 275
0.2322 270
0.2323 272
0.2324 273
0.2325 278
0.2326 283
0.2327 286
0.2328 287
0.2329 287
0.233 288
0.2331 287
0.2332 286
0.2333 284
0.2334 276
0.2335 275
0.2336 278
0.2337 277
0.2338 277
0.2339 281
0.234 287
0.2341 288
0.2342 282
0.2343 281
0.2344 281
0.2345 286
0.2346 283
0.2347 288
0.2348 284
0.2349 278
0.235 272
0.2351 274
0.2352 259
0.2353 253
0.2354 260
0.2355 259
0.2356 260
0.2357 261
0.2358 267
0.2359 267
0.236 273
0.2361 276
0.2362 286
0.2363 294
0.2364 292
0.2365 291
0.2366 293
0.2367 299
0.2368 299
0.2369 291
0.237 295
0.2371 300
0.2372 297
0.2373 295
0.2374 292
0.2375 286
0.2376 283
0.2377 276
0.2378 272
0.2379 268
0.238 271
0.2381 266
0.2382 266
0.2383 259
0.2384 254
0.2385 242
0.2386 236
0.2387 233
0.2388 229
0.2389 229
0.239 229
0.2391 224
0.2392 219
0.2393 216
0.2394 212
0.2395 206
0.2396 203
0.2397 213
0.2398 226
0.2399 237
0.24 242
0.2401 240
0.2402 241
0.2403 241
0.2404 241
0.2405 247
0.2406 246
0.2407 246
0.2408 244
0.2409 243
0.241 240
0.2411 240
0.2412 243
0.2413 246
0.2414 248
0.2415 256
0.2416 266
0.2417 264
0.2418 266
0.2419 268
0.242 264
0.2421 266
0.2422 269
0.2423 264
0.2424 263
0.2425 263
0.2426 258
0.2427 262
0.2428 261
0.2429 255
0.243 259
0.2431 264
0.2432 268
0.2433 266
0.2434 274
0.2435 280
0.2436 278
0.2437 285
0.2438 280
0.2439 283
0.244 281
0.2441 292
0.2442 295
0.2443 305
0.2444 314
0.2445 313
0.2446 310
0.2447 319
0.2448 330
0.2449 329
0.245 325
0.2451 325
0.2452 312
0.2453 309
0.2454 301
0.2455 295
0.2456 292
0.2457 292
0.2458 285
0.2459 278
0.246 272
0.2461 263
0.2462 264
0.2463 258
0.2464 255
0.2465 247
0.2466 239
0.2467 234
0.2468 235
0.2469 227
0.247 226
0.2471 221
0.2472 218
0.2473 215
0.2474 213
0.2475 210
0.2476 212
0.2477 220
0.2478 222
0.2479 229
0.248 233
0.2481 224
0.2482 225
0.2483 224
0.2484 224
0.2485 225
0.2486 229
0.2487 234
0.2488 237
0.2489 238
0.249 240
0.2491 246
0.2492 256
0.2493 273
0.2494 283
0.2495 287
0.2496 290
0.2497 297
0.2498 292
0.2499 290
0.25 283
