0 0
0.01 56
0.02 81
0.03 99
0.04 103
0.05 104
0.06 105
0.07 107
0.08 101
0.09 103
0.1 104
0.11 106
0.12 107
0.13 111
0.14 110
0.15 104
0.16 97
0.17 99
0.18 88
0.19 90
0.2 92
0.21 91
0.22 95
0.23 100
0.24 103
0.25 98
0.26 94
0.27 94
0.28 89
0.29 88
0.3 91
0.31 87
0.32 87
0.33 90
0.34 95
0.35 88
0.36 86
0.37 85
0.38 83
0.39 85
0.4 86
0.41 88
0.42 84
0.43 83
0.44 83
0.45 81
0.46 75
0.47 71
0.48 71
0.49 73
0.5 72
0.51 69
0.52 73
0.53 76
0.54 75
0.55 74
0.56 69
0.57 67
0.58 72
0.59 71
0.6 69
0.61 68
0.62 74
0.63 77
0.64 80
0.65 74
0.66 70
0.67 66
0.68 67
0.69 57
0.7 62
0.71 59
0.72 59
0.73 60
0.74 54
0.75 60
0.76 63
0.77 64
0.78 66
0.79 69
0.8 74
0.81 66
0.82 67
0.83 69
0.84 65
0.85 66
0.86 65
0.87 69
0.88 66
0.89 63
0.9 59
0.91 57
0.92 61
0.93 62
0.94 60
0.95 60
0.96 58
0.97 48
0.98 50
0.99 53
1 52
1.01 60
1.02 65
1.03 64
1.04 59
1.05 59
1.06 65
1.07 63
1.08 62
1.09 62
1.1 55
1.11 55
1.12 51
1.13 55
1.14 60
1.15 56
1.16 63
1.17 59
1.18 62
1.19 62
1.2 61
1.21 61
1.22 59
1.23 57
1.24 57
1.25 55
1.26 49
1.27 50
1.28 47
1.29 44
1.3 44
1.31 44
1.32 49
1.33 46
1.34 46
1.35 52
1.36 57
1.37 60
1.38 57
1.39 59
1.4 61
1.41 54
1.42 52
1.43 50
1.44 53
1.45 56
1.46 59
1.47 67
1.48 67
1.49 66
1.5 72
1.51 68
1.52 61
1.53 60
1.54 56
1.55 54
1.56 54
1.57 53
1.58 55
1.59 57
1.6 55
1.61 57
1.62 58
1.63 59
1.64 56
1.65 52
1.66 50
1.67 54
1.68 53
1.69 53
1.7 52
1.71 52
1.72 50
1.73 59
1.74 58
1.75 64
1.76 64
1.77 66
1.78 63
1.79 59
1.8 62
1.81 61
1.82 53
1.83 53
1.84 48
1.85 51
1.86 53
1.87 55
1.88 54
1.89 57
1.9 56
1.91 60
1.92 58
1.93 60
1.94 59
1.95 57
1.96 55
1.97 62
1.98 57
1.99 54
2 55
