0 0
0.0001 1
0.0002 1
0.0003 0
0.0004 0
0.0005 0
0.0006 0
0.0007 0
0.0008 0
0.0009 0
0.001 0
0.0011 0
0.0012 0
0.0013 0
0.0014 0
0.0015 0
0.0016 0
0.0017 0
0.0018 0
0.0019 0
0.002 0
0.0021 0
0.0022 1
0.0023 1
0.0024 1
0.0025 1
0.0026 1
0.0027 1
0.0028 1
0.0029 1
0.003 1
0.0031 1
0.0032 1
0.0033 1
0.0034 1
0.0035 0
0.0036 0
0.0037 0
0.0038 0
0.0039 0
0.004 0
0.0041 0
0.0042 0
0.0043 0
0.0044 0
0.0045 0
0.0046 0
0.0047 0
0.0048 0
0.0049 1
0.005 1
0.0051 1
0.0052 1
0.0053 1
0.0054 1
0.0055 1
0.0056 1
0.0057 1
0.0058 1
0.0059 1
0.006 1
0.0061 1
0.0062 1
0.0063 2
0.0064 2
0.0065 2
0.0066 2
0.0067 2
0.0068 2
0.0069 2
0.007 0
0.0071 0
0.0072 0
0.0073 0
0.0074 0
0.0075 0
0.0076 0
0.0077 0
0.0078 0
0.0079 0
0.008 0
0.0081 0
0.0082 0
0.0083 0
0.0084 0
0.0085 0
0.0086 0
0.0087 0
0.0088 0
0.0089 0
0.009 0
0.0091 0
0.0092 0
0.0093 0
0.0094 0
0.0095 0
0.0096 0
0.0097 0
0.0098 0
0.0099 0
0.01 0
0.0101 0
0.0102 0
0.0103 0
0.0104 0
0.0105 0
0.0106 0
0.0107 0
0.0108 0
0.0109 0
0.011 0
0.0111 0
0.0112 0
0.0113 0
0.0114 0
0.0115 0
0.0116 0
0.0117 0
0.0118 0
0.0119 0
0.012 1
0.0121 0
0.0122 0
0.0123 0
0.0124 0
0.0125 0
0.0126 0
0.0127 0
0.0128 0
0.0129 0
0.013 0
0.0131 0
0.0132 0
0.0133 0
0.0134 1
0.0135 1
0.0136 2
0.0137 3
0.0138 3
0.0139 3
0.014 3
0.0141 3
0.0142 2
0.0143 2
0.0144 2
0.0145 2
0.0146 2
0.0147 2
0.0148 2
0.0149 2
0.015 2
0.0151 2
0.0152 2
0.0153 2
0.0154 2
0.0155 2
0.0156 2
0.0157 1
0.0158 1
0.0159 1
0.016 1
0.0161 1
0.0162 1
0.0163 1
0.0164 1
0.0165 1
0.0166 1
0.0167 1
0.0168 1
0.0169 1
0.017 1
0.0171 1
0.0172 1
0.0173 1
0.0174 1
0.0175 1
0.0176 1
0.0177 1
0.0178 1
0.0179 1
0.018 1
0.0181 1
0.0182 1
0.0183 1
0.0184 1
0.0185 2
0.0186 2
0.0187 2
0.0188 2
0.0189 3
0.019 3
0.0191 3
0.0192 2
0.0193 2
0.0194 2
0.0195 2
0.0196 2
0.0197 2
0.0198 2
0.0199 2
0.02 2
0.0201 2
0.0202 3
0.0203 3
0.0204 3
0.0205 3
0.0206 3
0.0207 3
0.0208 4
0.0209 5
0.021 4
0.0211 3
0.0212 2
0.0213 2
0.0214 1
0.0215 1
0.0216 1
0.0217 1
0.0218 1
0.0219 1
0.022 1
0.0221 1
0.0222 1
0.0223 1
0.0224 1
0.0225 1
0.0226 1
0.0227 1
0.0228 1
0.0229 1
0.023 1
0.0231 1
0.0232 2
0.0233 2
0.0234 2
0.0235 4
0.0236 5
0.0237 5
0.0238 5
0.0239 5
0.024 5
0.0241 5
0.0242 5
0.0243 6
0.0244 5
0.0245 4
0.0246 4
0.0247 4
0.0248 4
0.0249 4
0.025 4
0.0251 6
0.0252 6
0.0253 6
0.0254 6
0.0255 6
0.0256 7
0.0257 7
0.0258 6
0.0259 6
0.026 6
0.0261 6
0.0262 6
0.0263 6
0.0264 7
0.0265 6
0.0266 6
0.0267 6
0.0268 6
0.0269 6
0.027 6
0.0271 5
0.0272 4
0.0273 4
0.0274 4
0.0275 4
0.0276 4
0.0277 3
0.0278 3
0.0279 4
0.028 4
0.0281 4
0.0282 3
0.0283 3
0.0284 2
0.0285 2
0.0286 2
0.0287 2
0.0288 2
0.0289 2
0.029 2
0.0291 2
0.0292 2
0.0293 2
0.0294 2
0.0295 2
0.0296 2
0.0297 3
0.0298 3
0.0299 3
0.03 4
0.0301 4
0.0302 3
0.0303 3
0.0304 3
0.0305 3
0.0306 3
0.0307 3
0.0308 4
0.0309 3
0.031 3
0.0311 2
0.0312 2
0.0313 2
0.0314 3
0.0315 3
0.0316 3
0.0317 3
0.0318 3
0.0319 3
0.032 3
0.0321 3
0.0322 4
0.0323 4
0.0324 3
0.0325 4
0.0326 4
0.0327 3
0.0328 3
0.0329 3
0.033 2
0.0331 2
0.0332 2
0.0333 2
0.0334 4
0.0335 4
0.0336 4
0.0337 4
0.0338 4
0.0339 4
0.034 5
0.0341 5
0.0342 5
0.0343 5
0.0344 6
0.0345 7
0.0346 7
0.0347 7
0.0348 7
0.0349 7
0.035 8
0.0351 8
0.0352 9
0.0353 9
0.0354 9
0.0355 8
0.0356 8
0.0357 8
0.0358 8
0.0359 8
0.036 8
0.0361 8
0.0362 9
0.0363 9
0.0364 10
0.0365 11
0.0366 11
0.0367 11
0.0368 10
0.0369 10
0.037 9
0.0371 9
0.0372 8
0.0373 8
0.0374 8
0.0375 7
0.0376 8
0.0377 8
0.0378 8
0.0379 7
0.038 7
0.0381 7
0.0382 7
0.0383 6
0.0384 6
0.0385 5
0.0386 5
0.0387 5
0.0388 5
0.0389 6
0.039 6
0.0391 6
0.0392 7
0.0393 8
0.0394 8
0.0395 8
0.0396 7
0.0397 7
0.0398 8
0.0399 8
0.04 8
0.0401 8
0.0402 8
0.0403 8
0.0404 8
0.0405 9
0.0406 10
0.0407 9
0.0408 9
0.0409 8
0.041 8
0.0411 8
0.0412 8
0.0413 8
0.0414 8
0.0415 8
0.0416 8
0.0417 8
0.0418 8
0.0419 8
0.042 7
0.0421 6
0.0422 5
0.0423 5
0.0424 5
0.0425 5
0.0426 4
0.0427 4
0.0428 4
0.0429 4
0.043 4
0.0431 4
0.0432 3
0.0433 3
0.0434 3
0.0435 3
0.0436 4
0.0437 4
0.0438 5
0.0439 5
0.044 4
0.0441 4
0.0442 4
0.0443 4
0.0444 4
0.0445 4
0.0446 4
0.0447 4
0.0448 4
0.0449 4
0.045 4
0.0451 3
0.0452 3
0.0453 3
0.0454 3
0.0455 2
0.0456 2
0.0457 2
0.0458 2
0.0459 3
0.046 3
0.0461 3
0.0462 4
0.0463 4
0.0464 4
0.0465 4
0.0466 4
0.0467 4
0.0468 4
0.0469 4
0.047 3
0.0471 3
0.0472 3
0.0473 3
0.0474 3
0.0475 3
0.0476 4
0.0477 4
0.0478 3
0.0479 4
0.048 4
0.0481 5
0.0482 4
0.0483 5
0.0484 5
0.0485 5
0.0486 6
0.0487 6
0.0488 6
0.0489 6
0.049 7
0.0491 7
0.0492 6
0.0493 6
0.0494 6
0.0495 5
0.0496 5
0.0497 5
0.0498 5
0.0499 6
0.05 6
0.0501 6
0.0502 6
0.0503 6
0.0504 5
0.0505 5
0.0506 5
0.0507 5
0.0508 5
0.0509 5
0.051 5
0.0511 5
0.0512 5
0.0513 5
0.0514 5
0.0515 4
0.0516 4
0.0517 4
0.0518 5
0.0519 4
0.052 4
0.0521 3
0.0522 3
0.0523 3
0.0524 1
0.0525 2
0.0526 2
0.0527 3
0.0528 3
0.0529 3
0.053 3
0.0531 3
0.0532 3
0.0533 3
0.0534 3
0.0535 4
0.0536 4
0.0537 5
0.0538 6
0.0539 7
0.054 7
0.0541 5
0.0542 5
0.0543 5
0.0544 5
0.0545 4
0.0546 4
0.0547 4
0.0548 3
0.0549 3
0.055 3
0.0551 4
0.0552 5
0.0553 6
0.0554 6
0.0555 6
0.0556 6
0.0557 6
0.0558 6
0.0559 5
0.056 6
0.0561 6
0.0562 7
0.0563 7
0.0564 6
0.0565 6
0.0566 6
0.0567 5
0.0568 5
0.0569 6
0.057 6
0.0571 7
0.0572 6
0.0573 5
0.0574 6
0.0575 6
0.0576 6
0.0577 4
0.0578 5
0.0579 6
0.058 6
0.0581 5
0.0582 6
0.0583 5
0.0584 5
0.0585 5
0.0586 5
0.0587 4
0.0588 4
0.0589 4
0.059 4
0.0591 4
0.0592 4
0.0593 4
0.0594 4
0.0595 4
0.0596 4
0.0597 4
0.0598 4
0.0599 4
0.06 4
0.0601 2
0.0602 2
0.0603 2
0.0604 2
0.0605 2
0.0606 1
0.0607 1
0.0608 1
0.0609 1
0.061 2
0.0611 2
0.0612 2
0.0613 2
0.0614 3
0.0615 3
0.0616 3
0.0617 3
0.0618 3
0.0619 4
0.062 4
0.0621 4
0.0622 4
0.0623 4
0.0624 4
0.0625 4
0.0626 4
0.0627 5
0.0628 5
0.0629 6
0.063 7
0.0631 7
0.0632 7
0.0633 7
0.0634 8
0.0635 8
0.0636 8
0.0637 8
0.0638 8
0.0639 9
0.064 8
0.0641 7
0.0642 7
0.0643 7
0.0644 6
0.0645 6
0.0646 7
0.0647 6
0.0648 6
0.0649 6
0.065 6
0.0651 6
0.0652 6
0.0653 6
0.0654 5
0.0655 3
0.0656 3
0.0657 4
0.0658 4
0.0659 3
0.066 3
0.0661 3
0.0662 3
0.0663 3
0.0664 3
0.0665 3
0.0666 3
0.0667 4
0.0668 4
0.0669 4
0.067 4
0.0671 4
0.0672 4
0.0673 4
0.0674 3
0.0675 3
0.0676 3
0.0677 3
0.0678 1
0.0679 1
0.068 1
0.0681 2
0.0682 3
0.0683 3
0.0684 3
0.0685 3
0.0686 3
0.0687 3
0.0688 3
0.0689 3
0.069 3
0.0691 2
0.0692 2
0.0693 2
0.0694 3
0.0695 3
0.0696 3
0.0697 3
0.0698 3
0.0699 3
0.07 3
0.0701 3
0.0702 3
0.0703 3
0.0704 3
0.0705 3
0.0706 3
0.0707 4
0.0708 4
0.0709 4
0.071 4
0.0711 4
0.0712 4
0.0713 5
0.0714 5
0.0715 5
0.0716 6
0.0717 5
0.0718 5
0.0719 4
0.072 4
0.0721 4
0.0722 5
0.0723 5
0.0724 6
0.0725 6
0.0726 6
0.0727 6
0.0728 6
0.0729 6
0.073 6
0.0731 6
0.0732 6
0.0733 6
0.0734 7
0.0735 7
0.0736 8
0.0737 8
0.0738 8
0.0739 8
0.074 8
0.0741 7
0.0742 6
0.0743 6
0.0744 6
0.0745 8
0.0746 8
0.0747 8
0.0748 8
0.0749 8
0.075 8
0.0751 8
0.0752 8
0.0753 8
0.0754 9
0.0755 9
0.0756 9
0.0757 10
0.0758 10
0.0759 10
0.076 10
0.0761 9
0.0762 9
0.0763 8
0.0764 8
0.0765 8
0.0766 7
0.0767 7
0.0768 7
0.0769 8
0.077 8
0.0771 7
0.0772 7
0.0773 6
0.0774 6
0.0775 6
0.0776 6
0.0777 6
0.0778 6
0.0779 6
0.078 6
0.0781 5
0.0782 5
0.0783 6
0.0784 6
0.0785 6
0.0786 6
0.0787 6
0.0788 6
0.0789 6
0.079 6
0.0791 6
0.0792 6
0.0793 5
0.0794 5
0.0795 5
0.0796 5
0.0797 5
0.0798 5
0.0799 5
0.08 5
0.0801 4
0.0802 4
0.0803 4
0.0804 4
0.0805 4
0.0806 4
0.0807 4
0.0808 4
0.0809 4
0.081 4
0.0811 3
0.0812 3
0.0813 3
0.0814 3
0.0815 3
0.0816 3
0.0817 2
0.0818 1
0.0819 2
0.082 2
0.0821 2
0.0822 2
0.0823 2
0.0824 2
0.0825 2
0.0826 1
0.0827 1
0.0828 1
0.0829 1
0.083 1
0.0831 1
0.0832 1
0.0833 1
0.0834 1
0.0835 1
0.0836 1
0.0837 2
0.0838 2
0.0839 2
0.084 2
0.0841 2
0.0842 2
0.0843 3
0.0844 3
0.0845 3
0.0846 3
0.0847 3
0.0848 3
0.0849 3
0.085 4
0.0851 4
0.0852 4
0.0853 4
0.0854 4
0.0855 4
0.0856 4
0.0857 4
0.0858 4
0.0859 4
0.086 5
0.0861 5
0.0862 5
0.0863 4
0.0864 4
0.0865 4
0.0866 4
0.0867 4
0.0868 2
0.0869 2
0.087 2
0.0871 2
0.0872 2
0.0873 2
0.0874 2
0.0875 2
0.0876 2
0.0877 2
0.0878 2
0.0879 2
0.088 2
0.0881 2
0.0882 4
0.0883 3
0.0884 3
0.0885 3
0.0886 3
0.0887 4
0.0888 3
0.0889 3
0.089 3
0.0891 3
0.0892 2
0.0893 2
0.0894 2
0.0895 2
0.0896 2
0.0897 2
0.0898 3
0.0899 3
0.09 3
0.0901 3
0.0902 4
0.0903 3
0.0904 2
0.0905 2
0.0906 2
0.0907 2
0.0908 2
0.0909 2
0.091 2
0.0911 2
0.0912 2
0.0913 2
0.0914 2
0.0915 1
0.0916 1
0.0917 1
0.0918 1
0.0919 1
0.092 1
0.0921 1
0.0922 1
0.0923 1
0.0924 1
0.0925 1
0.0926 2
0.0927 2
0.0928 2
0.0929 2
0.093 2
0.0931 2
0.0932 2
0.0933 2
0.0934 3
0.0935 3
0.0936 4
0.0937 4
0.0938 4
0.0939 4
0.094 4
0.0941 4
0.0942 4
0.0943 4
0.0944 4
0.0945 4
0.0946 3
0.0947 3
0.0948 3
0.0949 3
0.095 3
0.0951 3
0.0952 3
0.0953 3
0.0954 3
0.0955 3
0.0956 4
0.0957 5
0.0958 5
0.0959 5
0.096 5
0.0961 5
0.0962 4
0.0963 4
0.0964 5
0.0965 5
0.0966 5
0.0967 6
0.0968 6
0.0969 6
0.097 6
0.0971 6
0.0972 6
0.0973 6
0.0974 6
0.0975 6
0.0976 6
0.0977 5
0.0978 4
0.0979 5
0.098 5
0.0981 5
0.0982 4
0.0983 4
0.0984 4
0.0985 4
0.0986 4
0.0987 4
0.0988 4
0.0989 5
0.099 4
0.0991 3
0.0992 3
0.0993 3
0.0994 4
0.0995 4
0.0996 4
0.0997 4
0.0998 3
0.0999 3
0.1 3
