0 0
0.0001 1
0.0002 1
0.0003 2
0.0004 3
0.0005 4
0.0006 3
0.0007 2
0.0008 2
0.0009 1
0.001 0
0.0011 0
0.0012 1
0.0013 3
0.0014 3
0.0015 4
0.0016 2
0.0017 2
0.0018 2
0.0019 2
0.002 4
0.0021 4
0.0022 8
0.0023 7
0.0024 7
0.0025 6
0.0026 5
0.0027 6
0.0028 8
0.0029 9
0.003 9
0.0031 12
0.0032 11
0.0033 11
0.0034 13
0.0035 8
0.0036 10
0.0037 8
0.0038 6
0.0039 8
0.004 11
0.0041 9
0.0042 11
0.0043 12
0.0044 20
0.0045 14
0.0046 14
0.0047 11
0.0048 11
0.0049 13
0.005 9
0.0051 11
0.0052 10
0.0053 11
0.0054 10
0.0055 12
0.0056 14
0.0057 12
0.0058 10
0.0059 13
0.006 12
0.0061 16
0.0062 11
0.0063 14
0.0064 16
0.0065 17
0.0066 14
0.0067 12
0.0068 12
0.0069 10
0.007 12
0.0071 11
0.0072 13
0.0073 14
0.0074 15
0.0075 11
0.0076 11
0.0077 8
0.0078 17
0.0079 20
0.008 17
0.0081 12
0.0082 12
0.0083 14
0.0084 15
0.0085 17
0.0086 12
0.0087 16
0.0088 18
0.0089 19
0.009 25
0.0091 18
0.0092 16
0.0093 14
0.0094 16
0.0095 16
0.0096 17
0.0097 16
0.0098 13
0.0099 10
0.01 9
0.0101 8
0.0102 9
0.0103 11
0.0104 14
0.0105 15
0.0106 16
0.0107 20
0.0108 16
0.0109 14
0.011 12
0.0111 11
0.0112 9
0.0113 9
0.0114 7
0.0115 5
0.0116 5
0.0117 7
0.0118 17
0.0119 19
0.012 20
0.0121 11
0.0122 12
0.0123 14
0.0124 10
0.0125 10
0.0126 10
0.0127 11
0.0128 14
0.0129 17
0.013 16
0.0131 15
0.0132 11
0.0133 16
0.0134 23
0.0135 17
0.0136 20
0.0137 19
0.0138 17
0.0139 16
0.014 13
0.0141 12
0.0142 11
0.0143 11
0.0144 12
0.0145 12
0.0146 13
0.0147 10
0.0148 9
0.0149 10
0.015 7
0.0151 8
0.0152 12
0.0153 13
0.0154 13
0.0155 16
0.0156 16
0.0157 15
0.0158 15
0.0159 20
0.016 15
0.0161 14
0.0162 11
0.0163 15
0.0164 16
0.0165 14
0.0166 14
0.0167 14
0.0168 14
0.0169 15
0.017 13
0.0171 15
0.0172 15
0.0173 16
0.0174 13
0.0175 12
0.0176 15
0.0177 13
0.0178 13
0.0179 12
0.018 12
0.0181 16
0.0182 14
0.0183 13
0.0184 12
0.0185 10
0.0186 13
0.0187 11
0.0188 9
0.0189 7
0.019 9
0.0191 11
0.0192 12
0.0193 13
0.0194 14
0.0195 14
0.0196 11
0.0197 11
0.0198 13
0.0199 11
0.02 11
0.0201 11
0.0202 17
0.0203 16
0.0204 11
0.0205 12
0.0206 9
0.0207 10
0.0208 11
0.0209 10
0.021 12
0.0211 13
0.0212 13
0.0213 14
0.0214 13
0.0215 13
0.0216 11
0.0217 12
0.0218 13
0.0219 14
0.022 15
0.0221 11
0.0222 8
0.0223 13
0.0224 14
0.0225 9
0.0226 8
0.0227 8
0.0228 8
0.0229 7
0.023 4
0.0231 7
0.0232 6
0.0233 5
0.0234 4
0.0235 5
0.0236 7
0.0237 8
0.0238 8
0.0239 8
0.024 7
0.0241 10
0.0242 11
0.0243 12
0.0244 10
0.0245 8
0.0246 11
0.0247 15
0.0248 13
0.0249 17
0.025 16
0.0251 15
0.0252 18
0.0253 13
0.0254 8
0.0255 11
0.0256 10
0.0257 13
0.0258 11
0.0259 12
0.026 13
0.0261 14
0.0262 12
0.0263 9
0.0264 11
0.0265 14
0.0266 14
0.0267 13
0.0268 7
0.0269 11
0.027 11
0.0271 10
0.0272 12
0.0273 16
0.0274 19
0.0275 20
0.0276 20
0.0277 17
0.0278 15
0.0279 16
0.028 12
0.0281 12
0.0282 14
0.0283 12
0.0284 11
0.0285 8
0.0286 8
0.0287 10
0.0288 9
0.0289 8
0.029 8
0.0291 9
0.0292 7
0.0293 7
0.0294 9
0.0295 4
0.0296 5
0.0297 6
0.0298 4
0.0299 8
0.03 11
0.0301 12
0.0302 11
0.0303 9
0.0304 7
0.0305 7
0.0306 9
0.0307 5
0.0308 5
0.0309 6
0.031 8
0.0311 12
0.0312 13
0.0313 12
0.0314 13
0.0315 10
0.0316 8
0.0317 11
0.0318 11
0.0319 11
0.032 10
0.0321 7
0.0322 6
0.0323 8
0.0324 7
0.0325 8
0.0326 10
0.0327 10
0.0328 11
0.0329 8
0.033 9
0.0331 9
0.0332 7
0.0333 7
0.0334 8
0.0335 9
0.0336 7
0.0337 10
0.0338 12
0.0339 13
0.034 13
0.0341 15
0.0342 15
0.0343 16
0.0344 16
0.0345 16
0.0346 11
0.0347 14
0.0348 12
0.0349 13
0.035 9
0.0351 7
0.0352 6
0.0353 8
0.0354 7
0.0355 8
0.0356 8
0.0357 9
0.0358 8
0.0359 10
0.036 9
0.0361 7
0.0362 7
0.0363 6
0.0364 9
0.0365 6
0.0366 5
0.0367 6
0.0368 9
0.0369 10
0.037 9
0.0371 7
0.0372 8
0.0373 5
0.0374 5
0.0375 3
0.0376 3
0.0377 4
0.0378 4
0.0379 6
0.038 6
0.0381 4
0.0382 10
0.0383 8
0.0384 8
0.0385 8
0.0386 7
0.0387 8
0.0388 6
0.0389 5
0.039 3
0.0391 6
0.0392 7
0.0393 7
0.0394 8
0.0395 7
0.0396 8
0.0397 7
0.0398 6
0.0399 6
0.04 5
0.0401 6
0.0402 7
0.0403 3
0.0404 3
0.0405 3
0.0406 6
0.0407 4
0.0408 4
0.0409 3
0.041 2
0.0411 3
0.0412 3
0.0413 3
0.0414 5
0.0415 3
0.0416 3
0.0417 4
0.0418 2
0.0419 1
0.042 3
0.0421 5
0.0422 5
0.0423 7
0.0424 9
0.0425 8
0.0426 9
0.0427 6
0.0428 5
0.0429 5
0.043 2
0.0431 5
0.0432 5
0.0433 3
0.0434 3
0.0435 5
0.0436 5
0.0437 6
0.0438 7
0.0439 5
0.044 2
0.0441 3
0.0442 4
0.0443 3
0.0444 5
0.0445 7
0.0446 7
0.0447 8
0.0448 11
0.0449 11
0.045 10
0.0451 10
0.0452 6
0.0453 7
0.0454 5
0.0455 3
0.0456 3
0.0457 5
0.0458 5
0.0459 4
0.046 5
0.0461 4
0.0462 3
0.0463 4
0.0464 6
0.0465 8
0.0466 6
0.0467 5
0.0468 2
0.0469 0
0.047 0
0.0471 1
0.0472 4
0.0473 7
0.0474 6
0.0475 5
0.0476 5
0.0477 3
0.0478 4
0.0479 1
0.048 1
0.0481 2
0.0482 2
0.0483 4
0.0484 1
0.0485 4
0.0486 6
0.0487 6
0.0488 4
0.0489 9
0.049 7
0.0491 9
0.0492 6
0.0493 6
0.0494 5
0.0495 6
0.0496 2
0.0497 2
0.0498 3
0.0499 2
0.05 3
0.0501 2
0.0502 1
0.0503 4
0.0504 3
0.0505 3
0.0506 3
0.0507 3
0.0508 3
0.0509 4
0.051 3
0.0511 2
0.0512 1
0.0513 1
0.0514 3
0.0515 4
0.0516 4
0.0517 4
0.0518 4
0.0519 3
0.052 1
0.0521 2
0.0522 1
0.0523 2
0.0524 0
0.0525 3
0.0526 4
0.0527 5
0.0528 3
0.0529 4
0.053 7
0.0531 9
0.0532 11
0.0533 8
0.0534 6
0.0535 8
0.0536 7
0.0537 9
0.0538 6
0.0539 4
0.054 3
0.0541 3
0.0542 2
0.0543 3
0.0544 3
0.0545 6
0.0546 6
0.0547 7
0.0548 7
0.0549 10
0.055 9
0.0551 8
0.0552 9
0.0553 11
0.0554 10
0.0555 8
0.0556 9
0.0557 8
0.0558 9
0.0559 8
0.056 7
0.0561 5
0.0562 4
0.0563 4
0.0564 2
0.0565 2
0.0566 2
0.0567 4
0.0568 4
0.0569 5
0.057 6
0.0571 5
0.0572 5
0.0573 3
0.0574 3
0.0575 4
0.0576 6
0.0577 7
0.0578 6
0.0579 5
0.058 3
0.0581 4
0.0582 4
0.0583 4
0.0584 4
0.0585 4
0.0586 1
0.0587 2
0.0588 3
0.0589 5
0.059 5
0.0591 5
0.0592 5
0.0593 5
0.0594 4
0.0595 4
0.0596 5
0.0597 4
0.0598 5
0.0599 5
0.06 7
0.0601 6
0.0602 9
0.0603 7
0.0604 6
0.0605 6
0.0606 2
0.0607 2
0.0608 1
0.0609 1
0.061 5
0.0611 5
0.0612 5
0.0613 6
0.0614 6
0.0615 6
0.0616 6
0.0617 7
0.0618 8
0.0619 9
0.062 5
0.0621 2
0.0622 1
0.0623 1
0.0624 0
0.0625 0
0.0626 0
0.0627 0
0.0628 0
0.0629 0
0.063 1
0.0631 3
0.0632 2
0.0633 6
0.0634 6
0.0635 4
0.0636 5
0.0637 7
0.0638 4
0.0639 5
0.064 3
0.0641 4
0.0642 1
0.0643 3
0.0644 3
0.0645 5
0.0646 8
0.0647 5
0.0648 3
0.0649 3
0.065 3
0.0651 5
0.0652 5
0.0653 7
0.0654 7
0.0655 5
0.0656 3
0.0657 4
0.0658 3
0.0659 4
0.066 4
0.0661 4
0.0662 3
0.0663 5
0.0664 5
0.0665 5
0.0666 5
0.0667 5
0.0668 4
0.0669 1
0.067 1
0.0671 3
0.0672 3
0.0673 4
0.0674 4
0.0675 4
0.0676 2
0.0677 3
0.0678 2
0.0679 3
0.068 4
0.0681 2
0.0682 1
0.0683 3
0.0684 3
0.0685 3
0.0686 3
0.0687 2
0.0688 1
0.0689 5
0.069 4
0.0691 6
0.0692 5
0.0693 4
0.0694 4
0.0695 3
0.0696 5
0.0697 3
0.0698 5
0.0699 4
0.07 4
0.0701 2
0.0702 3
0.0703 3
0.0704 3
0.0705 2
0.0706 3
0.0707 3
0.0708 3
0.0709 4
0.071 2
0.0711 5
0.0712 6
0.0713 5
0.0714 6
0.0715 6
0.0716 6
0.0717 3
0.0718 2
0.0719 1
0.072 3
0.0721 4
0.0722 6
0.0723 6
0.0724 8
0.0725 7
0.0726 6
0.0727 6
0.0728 7
0.0729 6
0.073 6
0.0731 6
0.0732 4
0.0733 4
0.0734 4
0.0735 4
0.0736 5
0.0737 6
0.0738 4
0.0739 3
0.074 2
0.0741 2
0.0742 3
0.0743 2
0.0744 2
0.0745 2
0.0746 2
0.0747 1
0.0748 2
0.0749 2
0.075 2
0.0751 3
0.0752 3
0.0753 5
0.0754 3
0.0755 3
0.0756 4
0.0757 1
0.0758 0
0.0759 1
0.076 1
0.0761 3
0.0762 3
0.0763 4
0.0764 4
0.0765 3
0.0766 4
0.0767 5
0.0768 5
0.0769 6
0.077 3
0.0771 3
0.0772 5
0.0773 4
0.0774 2
0.0775 1
0.0776 0
0.0777 1
0.0778 1
0.0779 3
0.078 4
0.0781 3
0.0782 2
0.0783 4
0.0784 2
0.0785 2
0.0786 7
0.0787 7
0.0788 4
0.0789 5
0.079 4
0.0791 3
0.0792 4
0.0793 4
0.0794 1
0.0795 1
0.0796 1
0.0797 1
0.0798 0
0.0799 1
0.08 1
0.0801 1
0.0802 1
0.0803 2
0.0804 2
0.0805 1
0.0806 2
0.0807 2
0.0808 3
0.0809 3
0.081 1
0.0811 2
0.0812 3
0.0813 3
0.0814 1
0.0815 3
0.0816 1
0.0817 2
0.0818 1
0.0819 1
0.082 1
0.0821 1
0.0822 1
0.0823 2
0.0824 4
0.0825 6
0.0826 6
0.0827 4
0.0828 3
0.0829 3
0.083 2
0.0831 1
0.0832 2
0.0833 2
0.0834 3
0.0835 3
0.0836 3
0.0837 2
0.0838 2
0.0839 2
0.084 2
0.0841 3
0.0842 2
0.0843 3
0.0844 4
0.0845 5
0.0846 4
0.0847 5
0.0848 3
0.0849 2
0.085 2
0.0851 2
0.0852 3
0.0853 5
0.0854 5
0.0855 5
0.0856 3
0.0857 3
0.0858 3
0.0859 5
0.086 5
0.0861 3
0.0862 3
0.0863 3
0.0864 3
0.0865 2
0.0866 1
0.0867 2
0.0868 1
0.0869 0
0.087 1
0.0871 1
0.0872 1
0.0873 0
0.0874 2
0.0875 2
0.0876 2
0.0877 2
0.0878 0
0.0879 0
0.088 0
0.0881 1
0.0882 1
0.0883 0
0.0884 0
0.0885 0
0.0886 2
0.0887 3
0.0888 2
0.0889 2
0.089 2
0.0891 3
0.0892 3
0.0893 3
0.0894 2
0.0895 2
0.0896 1
0.0897 2
0.0898 2
0.0899 1
0.09 1
0.0901 2
0.0902 2
0.0903 2
0.0904 2
0.0905 3
0.0906 2
0.0907 3
0.0908 4
0.0909 5
0.091 5
0.0911 5
0.0912 3
0.0913 1
0.0914 1
0.0915 2
0.0916 2
0.0917 1
0.0918 1
0.0919 1
0.092 2
0.0921 2
0.0922 2
0.0923 2
0.0924 2
0.0925 2
0.0926 2
0.0927 3
0.0928 3
0.0929 3
0.093 4
0.0931 4
0.0932 5
0.0933 5
0.0934 5
0.0935 5
0.0936 4
0.0937 2
0.0938 2
0.0939 3
0.094 2
0.0941 2
0.0942 3
0.0943 1
0.0944 2
0.0945 1
0.0946 0
0.0947 1
0.0948 1
0.0949 0
0.095 0
0.0951 0
0.0952 1
0.0953 1
0.0954 2
0.0955 2
0.0956 2
0.0957 2
0.0958 0
0.0959 2
0.096 2
0.0961 4
0.0962 4
0.0963 4
0.0964 3
0.0965 4
0.0966 4
0.0967 2
0.0968 2
0.0969 1
0.097 3
0.0971 2
0.0972 2
0.0973 3
0.0974 3
0.0975 3
0.0976 3
0.0977 2
0.0978 2
0.0979 3
0.098 3
0.0981 2
0.0982 0
0.0983 1
0.0984 1
0.0985 2
0.0986 2
0.0987 2
0.0988 3
0.0989 3
0.099 0
0.0991 0
0.0992 0
0.0993 1
0.0994 1
0.0995 2
0.0996 4
0.0997 2
0.0998 1
0.0999 2
0.1 3
