0 0
0.0001 0
0.0002 0
0.0003 0
0.0004 0
0.0005 0
0.0006 0
0.0007 0
0.0008 0
0.0009 0
0.001 0
0.0011 0
0.0012 1
0.0013 1
0.0014 1
0.0015 1
0.0016 2
0.0017 3
0.0018 5
0.0019 5
0.002 5
0.0021 4
0.0022 4
0.0023 5
0.0024 5
0.0025 5
0.0026 5
0.0027 5
0.0028 5
0.0029 5
0.003 5
0.0031 5
0.0032 7
0.0033 7
0.0034 8
0.0035 8
0.0036 11
0.0037 14
0.0038 15
0.0039 16
0.004 18
0.0041 20
0.0042 22
0.0043 25
0.0044 28
0.0045 31
0.0046 31
0.0047 33
0.0048 35
0.0049 37
0.005 40
0.0051 43
0.0052 47
0.0053 48
0.0054 52
0.0055 55
0.0056 58
0.0057 64
0.0058 69
0.0059 71
0.006 80
0.0061 87
0.0062 91
0.0063 95
0.0064 96
0.0065 97
0.0066 102
0.0067 102
0.0068 108
0.0069 111
0.007 115
0.0071 120
0.0072 122
0.0073 128
0.0074 135
0.0075 137
0.0076 142
0.0077 148
0.0078 154
0.0079 160
0.008 163
0.0081 169
0.0082 176
0.0083 180
0.0084 186
0.0085 189
0.0086 193
0.0087 204
0.0088 211
0.0089 216
0.009 220
0.0091 228
0.0092 233
0.0093 241
0.0094 246
0.0095 248
0.0096 257
0.0097 267
0.0098 279
0.0099 286
0.01 288
0.0101 294
0.0102 301
0.0103 306
0.0104 314
0.0105 320
0.0106 325
0.0107 336
0.0108 341
0.0109 351
0.011 358
0.0111 362
0.0112 368
0.0113 379
0.0114 387
0.0115 398
0.0116 411
0.0117 416
0.0118 428
0.0119 433
0.012 439
0.0121 446
0.0122 452
0.0123 458
0.0124 470
0.0125 475
0.0126 482
0.0127 486
0.0128 496
0.0129 504
0.013 517
0.0131 529
0.0132 538
0.0133 542
0.0134 548
0.0135 556
0.0136 559
0.0137 567
0.0138 575
0.0139 585
0.014 596
0.0141 604
0.0142 612
0.0143 620
0.0144 629
0.0145 638
0.0146 647
0.0147 656
0.0148 661
0.0149 673
0.015 678
0.0151 683
0.0152 694
0.0153 699
0.0154 710
0.0155 720
0.0156 722
0.0157 728
0.0158 735
0.0159 746
0.016 760
0.0161 767
0.0162 776
0.0163 793
0.0164 803
0.0165 811
0.0166 819
0.0167 826
0.0168 839
0.0169 841
0.017 845
0.0171 856
0.0172 869
0.0173 877
0.0174 890
0.0175 897
0.0176 899
0.0177 904
0.0178 919
0.0179 928
0.018 940
0.0181 958
0.0182 968
0.0183 981
0.0184 991
0.0185 998
0.0186 1006
0.0187 1010
0.0188 1019
0.0189 1038
0.019 1046
0.0191 1059
0.0192 1069
0.0193 1079
0.0194 1088
0.0195 1093
0.0196 1102
0.0197 1115
0.0198 1126
0.0199 1136
0.02 1144
0.0201 1155
0.0202 1164
0.0203 1178
0.0204 1192
0.0205 1206
0.0206 1216
0.0207 1225
0.0208 1231
0.0209 1246
0.021 1253
0.0211 1269
0.0212 1275
0.0213 1288
0.0214 1303
0.0215 1322
0.0216 1336
0.0217 1347
0.0218 1355
0.0219 1365
0.022 1382
0.0221 1390
0.0222 1399
0.0223 1404
0.0224 1407
0.0225 1420
0.0226 1428
0.0227 1440
0.0228 1446
0.0229 1457
0.023 1470
0.0231 1478
0.0232 1484
0.0233 1491
0.0234 1503
0.0235 1508
0.0236 1518
0.0237 1517
0.0238 1533
0.0239 1541
0.024 1555
0.0241 1565
0.0242 1579
0.0243 1582
0.0244 1603
0.0245 1607
0.0246 1621
0.0247 1630
0.0248 1646
0.0249 1664
0.025 1668
0.0251 1675
0.0252 1691
0.0253 1687
0.0254 1691
0.0255 1695
0.0256 1698
0.0257 1689
0.0258 1676
0.0259 1661
0.026 1627
0.0261 1589
0.0262 1548
0.0263 1505
0.0264 1480
0.0265 1445
0.0266 1420
0.0267 1379
0.0268 1343
0.0269 1311
0.027 1280
0.0271 1259
0.0272 1237
0.0273 1212
0.0274 1197
0.0275 1170
0.0276 1146
0.0277 1114
0.0278 1089
0.0279 1062
0.028 1041
0.0281 1016
0.0282 986
0.0283 967
0.0284 949
0.0285 936
0.0286 918
0.0287 902
0.0288 886
0.0289 864
0.029 842
0.0291 821
0.0292 797
0.0293 775
0.0294 756
0.0295 747
0.0296 728
0.0297 713
0.0298 706
0.0299 697
0.03 684
0.0301 675
0.0302 675
0.0303 669
0.0304 654
0.0305 645
0.0306 637
0.0307 624
0.0308 616
0.0309 614
0.031 596
0.0311 583
0.0312 567
0.0313 561
0.0314 555
0.0315 548
0.0316 540
0.0317 532
0.0318 524
0.0319 526
0.032 514
0.0321 498
0.0322 486
0.0323 482
0.0324 468
0.0325 456
0.0326 452
0.0327 451
0.0328 442
0.0329 432
0.033 421
0.0331 409
0.0332 400
0.0333 390
0.0334 387
0.0335 375
0.0336 365
0.0337 362
0.0338 361
0.0339 357
0.034 350
0.0341 354
0.0342 336
0.0343 328
0.0344 319
0.0345 306
0.0346 299
0.0347 302
0.0348 306
0.0349 308
0.035 312
0.0351 310
0.0352 308
0.0353 307
0.0354 304
0.0355 303
0.0356 298
0.0357 296
0.0358 295
0.0359 292
0.036 293
0.0361 287
0.0362 287
0.0363 282
0.0364 281
0.0365 283
0.0366 285
0.0367 281
0.0368 292
0.0369 286
0.037 289
0.0371 302
0.0372 303
0.0373 307
0.0374 317
0.0375 321
0.0376 320
0.0377 323
0.0378 316
0.0379 321
0.038 332
0.0381 325
0.0382 320
0.0383 317
0.0384 320
0.0385 323
0.0386 313
0.0387 314
0.0388 314
0.0389 316
0.039 320
0.0391 313
0.0392 304
0.0393 298
0.0394 292
0.0395 291
0.0396 286
0.0397 288
0.0398 285
0.0399 287
0.04 289
0.0401 285
0.0402 289
0.0403 291
0.0404 287
0.0405 281
0.0406 277
0.0407 276
0.0408 274
0.0409 275
0.041 271
0.0411 264
0.0412 260
0.0413 257
0.0414 253
0.0415 253
0.0416 254
0.0417 251
0.0418 243
0.0419 237
0.042 232
0.0421 232
0.0422 233
0.0423 235
0.0424 238
0.0425 236
0.0426 236
0.0427 235
0.0428 236
0.0429 228
0.043 226
0.0431 226
0.0432 225
0.0433 227
0.0434 227
0.0435 224
0.0436 229
0.0437 237
0.0438 243
0.0439 247
0.044 252
0.0441 248
0.0442 249
0.0443 252
0.0444 255
0.0445 251
0.0446 250
0.0447 247
0.0448 254
0.0449 252
0.045 251
0.0451 247
0.0452 245
0.0453 247
0.0454 250
0.0455 251
0.0456 259
0.0457 271
0.0458 267
0.0459 263
0.046 274
0.0461 276
0.0462 276
0.0463 272
0.0464 270
0.0465 272
0.0466 268
0.0467 268
0.0468 264
0.0469 262
0.047 261
0.0471 265
0.0472 265
0.0473 268
0.0474 288
0.0475 291
0.0476 291
0.0477 288
0.0478 283
0.0479 277
0.048 276
0.0481 271
0.0482 272
0.0483 272
0.0484 277
0.0485 287
0.0486 282
0.0487 286
0.0488 282
0.0489 274
0.049 267
0.0491 262
0.0492 255
0.0493 252
0.0494 257
0.0495 249
0.0496 244
0.0497 250
0.0498 248
0.0499 245
0.05 244
0.0501 242
0.0502 244
0.0503 250
0.0504 252
0.0505 261
0.0506 264
0.0507 269
0.0508 265
0.0509 264
0.051 263
0.0511 260
0.0512 257
0.0513 258
0.0514 251
0.0515 245
0.0516 238
0.0517 233
0.0518 230
0.0519 223
0.052 220
0.0521 223
0.0522 227
0.0523 222
0.0524 217
0.0525 211
0.0526 209
0.0527 208
0.0528 211
0.0529 210
0.053 203
0.0531 199
0.0532 204
0.0533 203
0.0534 200
0.0535 198
0.0536 198
0.0537 192
0.0538 202
0.0539 200
0.054 200
0.0541 199
0.0542 198
0.0543 202
0.0544 199
0.0545 204
0.0546 212
0.0547 209
0.0548 207
0.0549 200
0.055 194
0.0551 192
0.0552 195
0.0553 193
0.0554 197
0.0555 196
0.0556 198
0.0557 189
0.0558 188
0.0559 187
0.056 195
0.0561 198
0.0562 198
0.0563 205
0.0564 210
0.0565 219
0.0566 230
0.0567 235
0.0568 235
0.0569 241
0.057 234
0.0571 236
0.0572 230
0.0573 227
0.0574 226
0.0575 226
0.0576 224
0.0577 233
0.0578 233
0.0579 233
0.058 231
0.0581 235
0.0582 237
0.0583 244
0.0584 246
0.0585 254
0.0586 250
0.0587 245
0.0588 239
0.0589 238
0.059 235
0.0591 232
0.0592 227
0.0593 222
0.0594 216
0.0595 215
0.0596 210
0.0597 202
0.0598 199
0.0599 201
0.06 202
0.0601 204
0.0602 208
0.0603 206
0.0604 209
0.0605 210
0.0606 212
0.0607 214
0.0608 214
0.0609 223
0.061 224
0.0611 223
0.0612 224
0.0613 228
0.0614 225
0.0615 221
0.0616 222
0.0617 225
0.0618 224
0.0619 219
0.062 220
0.0621 214
0.0622 211
0.0623 215
0.0624 221
0.0625 216
0.0626 219
0.0627 220
0.0628 217
0.0629 222
0.063 219
0.0631 219
0.0632 223
0.0633 226
0.0634 235
0.0635 245
0.0636 250
0.0637 249
0.0638 251
0.0639 252
0.064 252
0.0641 256
0.0642 255
0.0643 258
0.0644 261
0.0645 258
0.0646 258
0.0647 262
0.0648 255
0.0649 251
0.065 253
0.0651 246
0.0652 245
0.0653 256
0.0654 262
0.0655 261
0.0656 262
0.0657 261
0.0658 260
0.0659 254
0.066 250
0.0661 251
0.0662 258
0.0663 253
0.0664 251
0.0665 248
0.0666 250
0.0667 247
0.0668 259
0.0669 274
0.067 274
0.0671 280
0.0672 282
0.0673 277
0.0674 279
0.0675 281
0.0676 279
0.0677 283
0.0678 287
0.0679 291
0.068 287
0.0681 286
0.0682 286
0.0683 275
0.0684 276
0.0685 272
0.0686 262
0.0687 258
0.0688 252
0.0689 244
0.069 245
0.0691 240
0.0692 240
0.0693 238
0.0694 236
0.0695 234
0.0696 234
0.0697 235
0.0698 239
0.0699 240
0.07 236
0.0701 238
0.0702 240
0.0703 239
0.0704 237
0.0705 241
0.0706 239
0.0707 243
0.0708 244
0.0709 247
0.071 252
0.0711 263
0.0712 267
0.0713 266
0.0714 270
0.0715 267
0.0716 268
0.0717 268
0.0718 268
0.0719 268
0.072 276
0.0721 284
0.0722 288
0.0723 297
0.0724 300
0.0725 307
0.0726 308
0.0727 305
0.0728 311
0.0729 311
0.073 319
0.0731 319
0.0732 315
0.0733 306
0.0734 303
0.0735 293
0.0736 291
0.0737 297
0.0738 293
0.0739 286
0.074 283
0.0741 279
0.0742 279
0.0743 280
0.0744 281
0.0745 279
0.0746 275
0.0747 274
0.0748 273
0.0749 279
0.075 277
0.0751 274
0.0752 273
0.0753 269
0.0754 265
0.0755 256
0.0756 252
0.0757 252
0.0758 252
0.0759 253
0.076 252
0.0761 253
0.0762 250
0.0763 241
0.0764 241
0.0765 234
0.0766 228
0.0767 229
0.0768 233
0.0769 234
0.077 234
0.0771 242
0.0772 248
0.0773 250
0.0774 247
0.0775 241
0.0776 237
0.0777 230
0.0778 223
0.0779 217
0.078 214
0.0781 209
0.0782 202
0.0783 206
0.0784 208
0.0785 213
0.0786 221
0.0787 220
0.0788 224
0.0789 224
0.079 226
0.0791 228
0.0792 234
0.0793 236
0.0794 239
0.0795 232
0.0796 232
0.0797 237
0.0798 239
0.0799 242
0.08 241
0.0801 240
0.0802 242
0.0803 245
0.0804 244
0.0805 243
0.0806 246
0.0807 240
0.0808 238
0.0809 236
0.081 237
0.0811 232
0.0812 229
0.0813 224
0.0814 223
0.0815 226
0.0816 233
0.0817 235
0.0818 239
0.0819 238
0.082 239
0.0821 235
0.0822 233
0.0823 236
0.0824 238
0.0825 236
0.0826 241
0.0827 245
0.0828 240
0.0829 237
0.083 233
0.0831 233
0.0832 235
0.0833 233
0.0834 237
0.0835 233
0.0836 238
0.0837 247
0.0838 258
0.0839 264
0.084 271
0.0841 272
0.0842 272
0.0843 264
0.0844 255
0.0845 245
0.0846 238
0.0847 228
0.0848 221
0.0849 222
0.085 219
0.0851 223
0.0852 226
0.0853 225
0.0854 219
0.0855 214
0.0856 212
0.0857 217
0.0858 218
0.0859 219
0.086 224
0.0861 231
0.0862 228
0.0863 226
0.0864 223
0.0865 226
0.0866 229
0.0867 231
0.0868 234
0.0869 238
0.087 235
0.0871 243
0.0872 245
0.0873 246
0.0874 243
0.0875 248
0.0876 248
0.0877 251
0.0878 248
0.0879 250
0.088 248
0.0881 253
0.0882 258
0.0883 264
0.0884 263
0.0885 268
0.0886 268
0.0887 266
0.0888 262
0.0889 255
0.089 259
0.0891 252
0.0892 254
0.0893 251
0.0894 251
0.0895 248
0.0896 245
0.0897 246
0.0898 237
0.0899 240
0.09 237
0.0901 239
0.0902 243
0.0903 244
0.0904 244
0.0905 239
0.0906 235
0.0907 231
0.0908 228
0.0909 232
0.091 235
0.0911 233
0.0912 233
0.0913 241
0.0914 246
0.0915 244
0.0916 244
0.0917 241
0.0918 236
0.0919 233
0.092 228
0.0921 223
0.0922 220
0.0923 217
0.0924 214
0.0925 213
0.0926 212
0.0927 222
0.0928 218
0.0929 224
0.093 227
0.0931 224
0.0932 223
0.0933 226
0.0934 233
0.0935 239
0.0936 243
0.0937 248
0.0938 250
0.0939 248
0.094 249
0.0941 255
0.0942 255
0.0943 251
0.0944 245
0.0945 251
0.0946 254
0.0947 268
0.0948 278
0.0949 296
0.095 302
0.0951 307
0.0952 313
0.0953 317
0.0954 312
0.0955 320
0.0956 324
0.0957 320
0.0958 321
0.0959 321
0.096 323
0.0961 322
0.0962 324
0.0963 324
0.0964 328
0.0965 330
0.0966 329
0.0967 332
0.0968 329
0.0969 330
0.097 334
0.0971 333
0.0972 332
0.0973 334
0.0974 336
0.0975 336
0.0976 338
0.0977 341
0.0978 343
0.0979 348
0.098 349
0.0981 353
0.0982 357
0.0983 359
0.0984 362
0.0985 365
0.0986 366
0.0987 371
0.0988 375
0.0989 375
0.099 378
0.0991 381
0.0992 390
0.0993 392
0.0994 397
0.0995 402
0.0996 403
0.0997 412
0.0998 414
0.0999 416
0.1 417
0.1001 422
0.1002 429
0.1003 430
0.1004 435
0.1005 439
0.1006 446
0.1007 450
0.1008 456
0.1009 459
0.101 462
0.1011 466
0.1012 471
0.1013 477
0.1014 480
0.1015 485
0.1016 490
0.1017 492
0.1018 494
0.1019 497
0.102 504
0.1021 507
0.1022 508
0.1023 511
0.1024 516
0.1025 521
0.1026 525
0.1027 531
0.1028 535
0.1029 539
0.103 548
0.1031 550
0.1032 556
0.1033 563
0.1034 567
0.1035 568
0.1036 572
0.1037 576
0.1038 579
0.1039 587
0.104 597
0.1041 604
0.1042 607
0.1043 613
0.1044 617
0.1045 622
0.1046 629
0.1047 633
0.1048 640
0.1049 643
0.105 650
0.1051 661
0.1052 663
0.1053 670
0.1054 672
0.1055 678
0.1056 683
0.1057 684
0.1058 692
0.1059 702
0.106 706
0.1061 714
0.1062 720
0.1063 730
0.1064 736
0.1065 745
0.1066 753
0.1067 762
0.1068 767
0.1069 777
0.107 782
0.1071 792
0.1072 792
0.1073 803
0.1074 809
0.1075 815
0.1076 823
0.1077 825
0.1078 834
0.1079 839
0.108 847
0.1081 856
0.1082 863
0.1083 870
0.1084 878
0.1085 888
0.1086 891
0.1087 902
0.1088 904
0.1089 910
0.109 919
0.1091 923
0.1092 935
0.1093 944
0.1094 950
0.1095 959
0.1096 967
0.1097 974
0.1098 984
0.1099 987
0.11 994
0.1101 998
0.1102 1012
0.1103 1013
0.1104 1024
0.1105 1025
0.1106 1027
0.1107 1037
0.1108 1040
0.1109 1052
0.111 1056
0.1111 1072
0.1112 1080
0.1113 1092
0.1114 1102
0.1115 1111
0.1116 1121
0.1117 1130
0.1118 1137
0.1119 1148
0.112 1159
0.1121 1163
0.1122 1175
0.1123 1183
0.1124 1189
0.1125 1199
0.1126 1209
0.1127 1219
0.1128 1226
0.1129 1232
0.113 1240
0.1131 1242
0.1132 1246
0.1133 1256
0.1134 1253
0.1135 1274
0.1136 1283
0.1137 1288
0.1138 1298
0.1139 1307
0.114 1307
0.1141 1315
0.1142 1325
0.1143 1333
0.1144 1347
0.1145 1353
0.1146 1366
0.1147 1371
0.1148 1379
0.1149 1387
0.115 1403
0.1151 1409
0.1152 1412
0.1153 1423
0.1154 1426
0.1155 1436
0.1156 1445
0.1157 1458
0.1158 1462
0.1159 1471
0.116 1479
0.1161 1486
0.1162 1499
0.1163 1497
0.1164 1518
0.1165 1525
0.1166 1543
0.1167 1555
0.1168 1563
0.1169 1584
0.117 1586
0.1171 1598
0.1172 1607
0.1173 1614
0.1174 1619
0.1175 1625
0.1176 1639
0.1177 1660
0.1178 1664
0.1179 1669
0.118 1674
0.1181 1682
0.1182 1687
0.1183 1687
0.1184 1686
0.1185 1699
0.1186 1709
0.1187 1712
0.1188 1710
0.1189 1722
0.119 1729
0.1191 1734
0.1192 1731
0.1193 1715
0.1194 1692
0.1195 1669
0.1196 1651
0.1197 1611
0.1198 1576
0.1199 1537
0.12 1505
0.1201 1481
0.1202 1461
0.1203 1432
0.1204 1415
0.1205 1392
0.1206 1362
0.1207 1342
0.1208 1311
0.1209 1284
0.121 1251
0.1211 1223
0.1212 1205
0.1213 1182
0.1214 1152
0.1215 1139
0.1216 1124
0.1217 1101
0.1218 1080
0.1219 1059
0.122 1043
0.1221 1014
0.1222 994
0.1223 980
0.1224 963
0.1225 947
0.1226 929
0.1227 921
0.1228 909
0.1229 890
0.123 870
0.1231 844
0.1232 822
0.1233 799
0.1234 780
0.1235 770
0.1236 750
0.1237 736
0.1238 727
0.1239 715
0.124 704
0.1241 690
0.1242 678
0.1243 667
0.1244 647
0.1245 631
0.1246 620
0.1247 613
0.1248 609
0.1249 607
0.125 597
0.1251 587
0.1252 577
0.1253 563
0.1254 552
0.1255 536
0.1256 525
0.1257 517
0.1258 510
0.1259 500
0.126 494
0.1261 484
0.1262 484
0.1263 479
0.1264 473
0.1265 470
0.1266 467
0.1267 457
0.1268 448
0.1269 441
0.127 436
0.1271 436
0.1272 429
0.1273 430
0.1274 415
0.1275 409
0.1276 407
0.1277 399
0.1278 394
0.1279 382
0.128 377
0.1281 379
0.1282 370
0.1283 359
0.1284 357
0.1285 353
0.1286 353
0.1287 349
0.1288 345
0.1289 338
0.129 341
0.1291 336
0.1292 337
0.1293 333
0.1294 327
0.1295 331
0.1296 329
0.1297 330
0.1298 326
0.1299 330
0.13 323
0.1301 323
0.1302 321
0.1303 328
0.1304 331
0.1305 338
0.1306 336
0.1307 334
0.1308 331
0.1309 335
0.131 334
0.1311 331
0.1312 327
0.1313 331
0.1314 344
0.1315 349
0.1316 348
0.1317 351
0.1318 346
0.1319 341
0.132 343
0.1321 340
0.1322 335
0.1323 336
0.1324 328
0.1325 326
0.1326 324
0.1327 325
0.1328 321
0.1329 319
0.133 317
0.1331 327
0.1332 333
0.1333 337
0.1334 334
0.1335 336
0.1336 342
0.1337 341
0.1338 340
0.1339 341
0.134 347
0.1341 352
0.1342 349
0.1343 362
0.1344 362
0.1345 356
0.1346 358
0.1347 354
0.1348 351
0.1349 344
0.135 336
0.1351 332
0.1352 324
0.1353 316
0.1354 310
0.1355 304
0.1356 302
0.1357 297
0.1358 295
0.1359 293
0.136 296
0.1361 293
0.1362 297
0.1363 297
0.1364 296
0.1365 291
0.1366 282
0.1367 276
0.1368 278
0.1369 276
0.137 275
0.1371 273
0.1372 266
0.1373 263
0.1374 252
0.1375 250
0.1376 244
0.1377 245
0.1378 243
0.1379 241
0.138 240
0.1381 241
0.1382 240
0.1383 234
0.1384 229
0.1385 230
0.1386 224
0.1387 220
0.1388 219
0.1389 212
0.139 210
0.1391 206
0.1392 206
0.1393 207
0.1394 201
0.1395 202
0.1396 199
0.1397 191
0.1398 185
0.1399 182
0.14 178
0.1401 174
0.1402 174
0.1403 171
0.1404 174
0.1405 171
0.1406 174
0.1407 175
0.1408 176
0.1409 177
0.141 176
0.1411 175
0.1412 181
0.1413 181
0.1414 186
0.1415 181
0.1416 179
0.1417 177
0.1418 179
0.1419 176
0.142 175
0.1421 171
0.1422 173
0.1423 173
0.1424 176
0.1425 182
0.1426 188
0.1427 194
0.1428 199
0.1429 198
0.143 201
0.1431 207
0.1432 220
0.1433 225
0.1434 225
0.1435 231
0.1436 236
0.1437 233
0.1438 232
0.1439 228
0.144 221
0.1441 217
0.1442 215
0.1443 219
0.1444 214
0.1445 215
0.1446 218
0.1447 219
0.1448 225
0.1449 225
0.145 223
0.1451 229
0.1452 227
0.1453 223
0.1454 223
0.1455 224
0.1456 219
0.1457 221
0.1458 216
0.1459 217
0.146 214
0.1461 211
0.1462 214
0.1463 222
0.1464 227
0.1465 237
0.1466 243
0.1467 250
0.1468 251
0.1469 254
0.147 255
0.1471 264
0.1472 267
0.1473 272
0.1474 276
0.1475 272
0.1476 272
0.1477 274
0.1478 269
0.1479 267
0.148 261
0.1481 255
0.1482 253
0.1483 260
0.1484 260
0.1485 260
0.1486 262
0.1487 265
0.1488 267
0.1489 265
0.149 261
0.1491 265
0.1492 260
0.1493 261
0.1494 268
0.1495 262
0.1496 260
0.1497 267
0.1498 270
0.1499 270
0.15 268
0.1501 269
0.1502 270
0.1503 270
0.1504 266
0.1505 259
0.1506 255
0.1507 241
0.1508 235
0.1509 227
0.151 223
0.1511 232
0.1512 232
0.1513 248
0.1514 249
0.1515 255
0.1516 251
0.1517 252
0.1518 252
0.1519 255
0.152 258
0.1521 261
0.1522 258
0.1523 258
0.1524 252
0.1525 260
0.1526 260
0.1527 254
0.1528 248
0.1529 244
0.153 245
0.1531 241
0.1532 235
0.1533 232
0.1534 230
0.1535 227
0.1536 222
0.1537 219
0.1538 214
0.1539 208
0.154 202
0.1541 203
0.1542 210
0.1543 205
0.1544 209
0.1545 208
0.1546 210
0.1547 210
0.1548 216
0.1549 220
0.155 224
0.1551 224
0.1552 216
0.1553 210
0.1554 202
0.1555 195
0.1556 191
0.1557 188
0.1558 186
0.1559 188
0.156 185
0.1561 187
0.1562 190
0.1563 186
0.1564 185
0.1565 183
0.1566 189
0.1567 195
0.1568 200
0.1569 200
0.157 207
0.1571 214
0.1572 218
0.1573 222
0.1574 220
0.1575 222
0.1576 226
0.1577 226
0.1578 235
0.1579 230
0.158 225
0.1581 223
0.1582 217
0.1583 211
0.1584 205
0.1585 198
0.1586 200
0.1587 203
0.1588 204
0.1589 212
0.159 208
0.1591 213
0.1592 222
0.1593 223
0.1594 228
0.1595 228
0.1596 227
0.1597 225
0.1598 220
0.1599 225
0.16 220
0.1601 216
0.1602 214
0.1603 213
0.1604 210
0.1605 210
0.1606 210
0.1607 211
0.1608 214
0.1609 212
0.161 210
0.1611 210
0.1612 208
0.1613 211
0.1614 206
0.1615 212
0.1616 214
0.1617 218
0.1618 227
0.1619 223
0.162 220
0.1621 218
0.1622 219
0.1623 219
0.1624 219
0.1625 226
0.1626 224
0.1627 222
0.1628 220
0.1629 228
0.163 236
0.1631 237
0.1632 236
0.1633 236
0.1634 237
0.1635 237
0.1636 238
0.1637 244
0.1638 256
0.1639 261
0.164 264
0.1641 266
0.1642 267
0.1643 270
0.1644 272
0.1645 272
0.1646 267
0.1647 268
0.1648 272
0.1649 268
0.165 266
0.1651 262
0.1652 258
0.1653 251
0.1654 245
0.1655 241
0.1656 237
0.1657 236
0.1658 235
0.1659 234
0.166 235
0.1661 234
0.1662 243
0.1663 242
0.1664 249
0.1665 246
0.1666 253
0.1667 254
0.1668 250
0.1669 246
0.167 241
0.1671 237
0.1672 235
0.1673 240
0.1674 237
0.1675 234
0.1676 238
0.1677 242
0.1678 239
0.1679 236
0.168 231
0.1681 231
0.1682 228
0.1683 221
0.1684 222
0.1685 216
0.1686 211
0.1687 207
0.1688 208
0.1689 224
0.169 245
0.1691 250
0.1692 258
0.1693 263
0.1694 273
0.1695 284
0.1696 300
0.1697 310
0.1698 315
0.1699 317
0.17 310
0.1701 311
0.1702 309
0.1703 305
0.1704 307
0.1705 303
0.1706 298
0.1707 293
0.1708 291
0.1709 286
0.171 286
0.1711 285
0.1712 280
0.1713 280
0.1714 278
0.1715 275
0.1716 274
0.1717 271
0.1718 269
0.1719 268
0.172 263
0.1721 257
0.1722 251
0.1723 247
0.1724 244
0.1725 242
0.1726 239
0.1727 232
0.1728 226
0.1729 223
0.173 230
0.1731 243
0.1732 244
0.1733 246
0.1734 255
0.1735 253
0.1736 252
0.1737 255
0.1738 258
0.1739 258
0.174 261
0.1741 261
0.1742 260
0.1743 259
0.1744 262
0.1745 264
0.1746 266
0.1747 267
0.1748 258
0.1749 255
0.175 257
0.1751 255
0.1752 256
0.1753 251
0.1754 257
0.1755 260
0.1756 261
0.1757 261
0.1758 262
0.1759 268
0.176 273
0.1761 277
0.1762 280
0.1763 285
0.1764 286
0.1765 293
0.1766 300
0.1767 301
0.1768 318
0.1769 328
0.177 336
0.1771 351
0.1772 358
0.1773 372
0.1774 370
0.1775 374
0.1776 376
0.1777 375
0.1778 378
0.1779 379
0.178 381
0.1781 381
0.1782 381
0.1783 379
0.1784 370
0.1785 374
0.1786 376
0.1787 372
0.1788 370
0.1789 367
0.179 361
0.1791 361
0.1792 352
0.1793 355
0.1794 353
0.1795 355
0.1796 359
0.1797 355
0.1798 357
0.1799 357
0.18 355
0.1801 359
0.1802 359
0.1803 362
0.1804 359
0.1805 355
0.1806 352
0.1807 344
0.1808 342
0.1809 340
0.181 333
0.1811 334
0.1812 325
0.1813 327
0.1814 327
0.1815 326
0.1816 325
0.1817 326
0.1818 320
0.1819 318
0.182 319
0.1821 316
0.1822 308
0.1823 304
0.1824 289
0.1825 280
0.1826 272
0.1827 274
0.1828 276
0.1829 275
0.183 278
0.1831 284
0.1832 279
0.1833 279
0.1834 276
0.1835 275
0.1836 268
0.1837 265
0.1838 266
0.1839 265
0.184 261
0.1841 261
0.1842 260
0.1843 259
0.1844 258
0.1845 255
0.1846 248
0.1847 243
0.1848 245
0.1849 243
0.185 243
0.1851 240
0.1852 238
0.1853 237
0.1854 234
0.1855 233
0.1856 232
0.1857 231
0.1858 225
0.1859 219
0.186 215
0.1861 210
0.1862 210
0.1863 201
0.1864 201
0.1865 193
0.1866 193
0.1867 199
0.1868 209
0.1869 211
0.187 209
0.1871 212
0.1872 210
0.1873 206
0.1874 206
0.1875 206
0.1876 205
0.1877 213
0.1878 219
0.1879 223
0.188 226
0.1881 226
0.1882 236
0.1883 237
0.1884 245
0.1885 249
0.1886 251
0.1887 258
0.1888 260
0.1889 279
0.189 288
0.1891 304
0.1892 310
0.1893 320
0.1894 323
0.1895 336
0.1896 338
0.1897 344
0.1898 351
0.1899 353
0.19 356
0.1901 356
0.1902 350
0.1903 355
0.1904 355
0.1905 359
0.1906 357
0.1907 357
0.1908 362
0.1909 359
0.191 361
0.1911 361
0.1912 363
0.1913 364
0.1914 366
0.1915 366
0.1916 365
0.1917 370
0.1918 368
0.1919 369
0.192 371
0.1921 374
0.1922 372
0.1923 379
0.1924 377
0.1925 380
0.1926 387
0.1927 386
0.1928 387
0.1929 388
0.193 389
0.1931 397
0.1932 400
0.1933 400
0.1934 407
0.1935 407
0.1936 409
0.1937 413
0.1938 417
0.1939 418
0.194 419
0.1941 421
0.1942 424
0.1943 425
0.1944 431
0.1945 434
0.1946 438
0.1947 443
0.1948 447
0.1949 453
0.195 454
0.1951 459
0.1952 462
0.1953 465
0.1954 472
0.1955 476
0.1956 481
0.1957 485
0.1958 489
0.1959 492
0.196 492
0.1961 495
0.1962 505
0.1963 510
0.1964 520
0.1965 524
0.1966 528
0.1967 528
0.1968 532
0.1969 536
0.197 542
0.1971 547
0.1972 553
0.1973 558
0.1974 566
0.1975 575
0.1976 581
0.1977 583
0.1978 587
0.1979 596
0.198 596
0.1981 599
0.1982 604
0.1983 604
0.1984 606
0.1985 612
0.1986 617
0.1987 621
0.1988 631
0.1989 631
0.199 640
0.1991 645
0.1992 651
0.1993 664
0.1994 663
0.1995 671
0.1996 675
0.1997 682
0.1998 686
0.1999 694
0.2 700
0.2001 705
0.2002 711
0.2003 716
0.2004 720
0.2005 726
0.2006 732
0.2007 743
0.2008 747
0.2009 758
0.201 764
0.2011 771
0.2012 773
0.2013 775
0.2014 777
0.2015 780
0.2016 786
0.2017 789
0.2018 793
0.2019 794
0.202 801
0.2021 804
0.2022 811
0.2023 816
0.2024 823
0.2025 831
0.2026 834
0.2027 840
0.2028 851
0.2029 852
0.203 861
0.2031 865
0.2032 865
0.2033 869
0.2034 873
0.2035 878
0.2036 883
0.2037 886
0.2038 893
0.2039 899
0.204 910
0.2041 913
0.2042 917
0.2043 916
0.2044 923
0.2045 931
0.2046 938
0.2047 947
0.2048 950
0.2049 956
0.205 965
0.2051 971
0.2052 974
0.2053 982
0.2054 981
0.2055 988
0.2056 991
0.2057 997
0.2058 1003
0.2059 1005
0.206 1006
0.2061 1020
0.2062 1026
0.2063 1033
0.2064 1039
0.2065 1041
0.2066 1045
0.2067 1050
0.2068 1055
0.2069 1064
0.207 1072
0.2071 1084
0.2072 1091
0.2073 1097
0.2074 1105
0.2075 1112
0.2076 1120
0.2077 1126
0.2078 1128
0.2079 1133
0.208 1148
0.2081 1150
0.2082 1151
0.2083 1159
0.2084 1158
0.2085 1169
0.2086 1174
0.2087 1174
0.2088 1178
0.2089 1195
0.209 1196
0.2091 1206
0.2092 1211
0.2093 1217
0.2094 1229
0.2095 1241
0.2096 1248
0.2097 1252
0.2098 1254
0.2099 1264
0.21 1271
0.2101 1279
0.2102 1286
0.2103 1293
0.2104 1296
0.2105 1301
0.2106 1303
0.2107 1312
0.2108 1320
0.2109 1322
0.211 1335
0.2111 1339
0.2112 1347
0.2113 1350
0.2114 1361
0.2115 1366
0.2116 1372
0.2117 1375
0.2118 1385
0.2119 1401
0.212 1408
0.2121 1419
0.2122 1424
0.2123 1433
0.2124 1435
0.2125 1439
0.2126 1441
0.2127 1450
0.2128 1461
0.2129 1472
0.213 1480
0.2131 1481
0.2132 1489
0.2133 1499
0.2134 1501
0.2135 1513
0.2136 1525
0.2137 1533
0.2138 1540
0.2139 1554
0.214 1561
0.2141 1563
0.2142 1563
0.2143 1569
0.2144 1581
0.2145 1586
0.2146 1600
0.2147 1600
0.2148 1606
0.2149 1609
0.215 1627
0.2151 1627
0.2152 1642
0.2153 1648
0.2154 1646
0.2155 1658
0.2156 1665
0.2157 1674
0.2158 1675
0.2159 1677
0.216 1683
0.2161 1701
0.2162 1709
0.2163 1714
0.2164 1721
0.2165 1725
0.2166 1738
0.2167 1745
0.2168 1749
0.2169 1757
0.217 1767
0.2171 1778
0.2172 1795
0.2173 1810
0.2174 1794
0.2175 1806
0.2176 1823
0.2177 1820
0.2178 1816
0.2179 1813
0.218 1818
0.2181 1815
0.2182 1814
0.2183 1810
0.2184 1783
0.2185 1781
0.2186 1755
0.2187 1759
0.2188 1771
0.2189 1769
0.219 1752
0.2191 1723
0.2192 1698
0.2193 1670
0.2194 1619
0.2195 1592
0.2196 1564
0.2197 1529
0.2198 1497
0.2199 1463
0.22 1428
0.2201 1404
0.2202 1374
0.2203 1356
0.2204 1325
0.2205 1288
0.2206 1264
0.2207 1238
0.2208 1211
0.2209 1190
0.221 1178
0.2211 1157
0.2212 1133
0.2213 1119
0.2214 1086
0.2215 1055
0.2216 1027
0.2217 1007
0.2218 976
0.2219 956
0.222 931
0.2221 912
0.2222 902
0.2223 886
0.2224 877
0.2225 866
0.2226 853
0.2227 851
0.2228 834
0.2229 822
0.223 805
0.2231 791
0.2232 779
0.2233 767
0.2234 762
0.2235 748
0.2236 736
0.2237 718
0.2238 708
0.2239 692
0.224 691
0.2241 681
0.2242 668
0.2243 656
0.2244 640
0.2245 630
0.2246 624
0.2247 604
0.2248 590
0.2249 578
0.225 570
0.2251 557
0.2252 540
0.2253 528
0.2254 522
0.2255 513
0.2256 509
0.2257 503
0.2258 499
0.2259 500
0.226 494
0.2261 491
0.2262 480
0.2263 479
0.2264 471
0.2265 467
0.2266 456
0.2267 455
0.2268 451
0.2269 443
0.227 442
0.2271 442
0.2272 434
0.2273 432
0.2274 424
0.2275 420
0.2276 413
0.2277 407
0.2278 405
0.2279 400
0.228 399
0.2281 398
0.2282 392
0.2283 392
0.2284 380
0.2285 374
0.2286 357
0.2287 347
0.2288 333
0.2289 329
0.229 325
0.2291 327
0.2292 321
0.2293 323
0.2294 322
0.2295 327
0.2296 324
0.2297 324
0.2298 321
0.2299 327
0.23 335
0.2301 349
0.2302 356
0.2303 358
0.2304 355
0.2305 348
0.2306 353
0.2307 350
0.2308 352
0.2309 351
0.231 349
0.2311 351
0.2312 345
0.2313 346
0.2314 353
0.2315 357
0.2316 357
0.2317 356
0.2318 361
0.2319 366
0.232 374
0.2321 372
0.2322 377
0.2323 381
0.2324 378
0.2325 367
0.2326 359
0.2327 358
0.2328 350
0.2329 342
0.233 338
0.2331 333
0.2332 326
0.2333 320
0.2334 315
0.2335 311
0.2336 305
0.2337 302
0.2338 303
0.2339 295
0.234 302
0.2341 302
0.2342 296
0.2343 294
0.2344 290
0.2345 288
0.2346 286
0.2347 281
0.2348 285
0.2349 276
0.235 281
0.2351 276
0.2352 275
0.2353 272
0.2354 274
0.2355 270
0.2356 270
0.2357 269
0.2358 262
0.2359 260
0.236 257
0.2361 250
0.2362 254
0.2363 251
0.2364 250
0.2365 254
0.2366 255
0.2367 255
0.2368 262
0.2369 264
0.237 263
0.2371 262
0.2372 259
0.2373 260
0.2374 254
0.2375 252
0.2376 255
0.2377 256
0.2378 257
0.2379 259
0.238 257
0.2381 258
0.2382 251
0.2383 251
0.2384 254
0.2385 252
0.2386 253
0.2387 255
0.2388 253
0.2389 257
0.239 260
0.2391 266
0.2392 271
0.2393 265
0.2394 268
0.2395 262
0.2396 255
0.2397 255
0.2398 257
0.2399 255
0.24 250
0.2401 251
0.2402 253
0.2403 255
0.2404 255
0.2405 252
0.2406 249
0.2407 246
0.2408 243
0.2409 239
0.241 236
0.2411 232
0.2412 224
0.2413 227
0.2414 231
0.2415 230
0.2416 224
0.2417 223
0.2418 217
0.2419 218
0.242 212
0.2421 216
0.2422 220
0.2423 213
0.2424 210
0.2425 211
0.2426 211
0.2427 213
0.2428 213
0.2429 217
0.243 221
0.2431 223
0.2432 225
0.2433 230
0.2434 237
0.2435 248
0.2436 252
0.2437 254
0.2438 256
0.2439 253
0.244 249
0.2441 246
0.2442 244
0.2443 240
0.2444 241
0.2445 244
0.2446 244
0.2447 238
0.2448 238
0.2449 234
0.245 229
0.2451 229
0.2452 225
0.2453 218
0.2454 220
0.2455 216
0.2456 223
0.2457 234
0.2458 243
0.2459 241
0.246 245
0.2461 241
0.2462 238
0.2463 236
0.2464 237
0.2465 236
0.2466 233
0.2467 233
0.2468 234
0.2469 233
0.247 233
0.2471 226
0.2472 221
0.2473 219
0.2474 219
0.2475 219
0.2476 217
0.2477 223
0.2478 228
0.2479 229
0.248 233
0.2481 237
0.2482 247
0.2483 249
0.2484 240
0.2485 246
0.2486 246
0.2487 248
0.2488 245
0.2489 246
0.249 254
0.2491 249
0.2492 243
0.2493 243
0.2494 242
0.2495 236
0.2496 231
0.2497 228
0.2498 233
0.2499 235
0.25 233
