0 0
0.0001 0
0.0002 0
0.0003 0
0.0004 0
0.0005 0
0.0006 0
0.0007 0
0.0008 0
0.0009 0
0.001 1
0.0011 2
0.0012 2
0.0013 3
0.0014 4
0.0015 5
0.0016 6
0.0017 6
0.0018 7
0.0019 7
0.002 8
0.0021 9
0.0022 9
0.0023 9
0.0024 9
0.0025 10
0.0026 15
0.0027 18
0.0028 23
0.0029 25
0.003 27
0.0031 28
0.0032 29
0.0033 31
0.0034 32
0.0035 35
0.0036 37
0.0037 39
0.0038 42
0.0039 45
0.004 51
0.0041 55
0.0042 56
0.0043 61
0.0044 62
0.0045 67
0.0046 75
0.0047 80
0.0048 86
0.0049 93
0.005 98
0.0051 103
0.0052 108
0.0053 111
0.0054 117
0.0055 119
0.0056 121
0.0057 125
0.0058 131
0.0059 133
0.006 146
0.0061 153
0.0062 154
0.0063 157
0.0064 165
0.0065 170
0.0066 178
0.0067 185
0.0068 191
0.0069 200
0.007 205
0.0071 211
0.0072 216
0.0073 224
0.0074 235
0.0075 243
0.0076 248
0.0077 251
0.0078 256
0.0079 263
0.008 271
0.0081 280
0.0082 289
0.0083 295
0.0084 298
0.0085 308
0.0086 312
0.0087 317
0.0088 326
0.0089 333
0.009 338
0.0091 343
0.0092 342
0.0093 353
0.0094 360
0.0095 361
0.0096 373
0.0097 383
0.0098 390
0.0099 396
0.01 404
0.0101 416
0.0102 427
0.0103 435
0.0104 439
0.0105 456
0.0106 460
0.0107 473
0.0108 482
0.0109 487
0.011 494
0.0111 503
0.0112 506
0.0113 516
0.0114 526
0.0115 536
0.0116 542
0.0117 553
0.0118 562
0.0119 572
0.012 581
0.0121 585
0.0122 597
0.0123 608
0.0124 615
0.0125 626
0.0126 637
0.0127 644
0.0128 653
0.0129 660
0.013 668
0.0131 675
0.0132 689
0.0133 698
0.0134 709
0.0135 722
0.0136 732
0.0137 737
0.0138 749
0.0139 752
0.014 759
0.0141 775
0.0142 781
0.0143 790
0.0144 803
0.0145 805
0.0146 810
0.0147 820
0.0148 830
0.0149 839
0.015 850
0.0151 862
0.0152 873
0.0153 878
0.0154 888
0.0155 899
0.0156 906
0.0157 922
0.0158 937
0.0159 942
0.016 949
0.0161 950
0.0162 955
0.0163 967
0.0164 975
0.0165 983
0.0166 996
0.0167 1004
0.0168 1009
0.0169 1023
0.017 1026
0.0171 1038
0.0172 1045
0.0173 1056
0.0174 1060
0.0175 1060
0.0176 1065
0.0177 1080
0.0178 1093
0.0179 1099
0.018 1111
0.0181 1126
0.0182 1132
0.0183 1139
0.0184 1144
0.0185 1147
0.0186 1154
0.0187 1168
0.0188 1172
0.0189 1181
0.019 1189
0.0191 1201
0.0192 1207
0.0193 1222
0.0194 1228
0.0195 1239
0.0196 1240
0.0197 1251
0.0198 1260
0.0199 1265
0.02 1281
0.0201 1279
0.0202 1292
0.0203 1294
0.0204 1305
0.0205 1308
0.0206 1314
0.0207 1321
0.0208 1320
0.0209 1332
0.021 1345
0.0211 1350
0.0212 1363
0.0213 1368
0.0214 1381
0.0215 1382
0.0216 1394
0.0217 1407
0.0218 1414
0.0219 1419
0.022 1423
0.0221 1428
0.0222 1438
0.0223 1444
0.0224 1461
0.0225 1470
0.0226 1470
0.0227 1479
0.0228 1494
0.0229 1503
0.023 1506
0.0231 1511
0.0232 1525
0.0233 1538
0.0234 1539
0.0235 1534
0.0236 1552
0.0237 1557
0.0238 1554
0.0239 1564
0.024 1563
0.0241 1576
0.0242 1589
0.0243 1611
0.0244 1610
0.0245 1620
0.0246 1632
0.0247 1641
0.0248 1640
0.0249 1647
0.025 1653
0.0251 1668
0.0252 1668
0.0253 1680
0.0254 1687
0.0255 1700
0.0256 1712
0.0257 1716
0.0258 1717
0.0259 1729
0.026 1741
0.0261 1752
0.0262 1754
0.0263 1757
0.0264 1772
0.0265 1774
0.0266 1782
0.0267 1789
0.0268 1801
0.0269 1807
0.027 1810
0.0271 1822
0.0272 1824
0.0273 1831
0.0274 1832
0.0275 1849
0.0276 1860
0.0277 1863
0.0278 1859
0.0279 1865
0.028 1872
0.0281 1890
0.0282 1893
0.0283 1898
0.0284 1902
0.0285 1908
0.0286 1921
0.0287 1919
0.0288 1917
0.0289 1929
0.029 1922
0.0291 1931
0.0292 1939
0.0293 1937
0.0294 1944
0.0295 1946
0.0296 1947
0.0297 1948
0.0298 1950
0.0299 1955
0.03 1950
0.0301 1949
0.0302 1946
0.0303 1941
0.0304 1949
0.0305 1955
0.0306 1947
0.0307 1939
0.0308 1945
0.0309 1952
0.031 1952
0.0311 1959
0.0312 1974
0.0313 1975
0.0314 1969
0.0315 1986
0.0316 1989
0.0317 1986
0.0318 1986
0.0319 1993
0.032 1989
0.0321 1988
0.0322 1999
0.0323 2009
0.0324 1994
0.0325 1971
0.0326 1954
0.0327 1913
0.0328 1880
0.0329 1849
0.033 1842
0.0331 1827
0.0332 1809
0.0333 1788
0.0334 1774
0.0335 1754
0.0336 1745
0.0337 1729
0.0338 1716
0.0339 1707
0.034 1689
0.0341 1684
0.0342 1695
0.0343 1690
0.0344 1704
0.0345 1721
0.0346 1731
0.0347 1749
0.0348 1757
0.0349 1758
0.035 1769
0.0351 1780
0.0352 1778
0.0353 1760
0.0354 1751
0.0355 1767
0.0356 1772
0.0357 1782
0.0358 1790
0.0359 1794
0.036 1806
0.0361 1799
0.0362 1804
0.0363 1807
0.0364 1796
0.0365 1797
0.0366 1802
0.0367 1831
0.0368 1850
0.0369 1872
0.037 1868
0.0371 1874
0.0372 1887
0.0373 1890
0.0374 1901
0.0375 1911
0.0376 1937
0.0377 1932
0.0378 1914
0.0379 1909
0.038 1920
0.0381 1928
0.0382 1927
0.0383 1917
0.0384 1915
0.0385 1912
0.0386 1898
0.0387 1896
0.0388 1919
0.0389 1928
0.039 1943
0.0391 1946
0.0392 1951
0.0393 1957
0.0394 1960
0.0395 1968
0.0396 1973
0.0397 1975
0.0398 1978
0.0399 1993
0.04 1996
0.0401 1988
0.0402 1974
0.0403 1981
0.0404 1984
0.0405 1992
0.0406 1989
0.0407 1985
0.0408 1974
0.0409 1982
0.041 1998
0.0411 1982
0.0412 1945
0.0413 1912
0.0414 1878
0.0415 1839
0.0416 1807
0.0417 1765
0.0418 1725
0.0419 1680
0.042 1643
0.0421 1613
0.0422 1580
0.0423 1561
0.0424 1525
0.0425 1494
0.0426 1470
0.0427 1462
0.0428 1474
0.0429 1446
0.043 1436
0.0431 1427
0.0432 1404
0.0433 1383
0.0434 1353
0.0435 1321
0.0436 1294
0.0437 1265
0.0438 1234
0.0439 1205
0.044 1176
0.0441 1146
0.0442 1128
0.0443 1113
0.0444 1082
0.0445 1068
0.0446 1044
0.0447 1022
0.0448 1013
0.0449 994
0.045 960
0.0451 943
0.0452 927
0.0453 909
0.0454 893
0.0455 874
0.0456 862
0.0457 843
0.0458 824
0.0459 819
0.046 808
0.0461 789
0.0462 774
0.0463 752
0.0464 735
0.0465 720
0.0466 713
0.0467 703
0.0468 688
0.0469 670
0.047 659
0.0471 655
0.0472 647
0.0473 636
0.0474 621
0.0475 608
0.0476 588
0.0477 576
0.0478 569
0.0479 560
0.048 558
0.0481 541
0.0482 537
0.0483 523
0.0484 509
0.0485 500
0.0486 490
0.0487 490
0.0488 489
0.0489 481
0.049 466
0.0491 464
0.0492 466
0.0493 459
0.0494 462
0.0495 456
0.0496 452
0.0497 451
0.0498 441
0.0499 440
0.05 429
0.0501 424
0.0502 422
0.0503 421
0.0504 412
0.0505 402
0.0506 391
0.0507 395
0.0508 396
0.0509 400
0.051 394
0.0511 387
0.0512 390
0.0513 392
0.0514 392
0.0515 394
0.0516 388
0.0517 391
0.0518 388
0.0519 384
0.052 382
0.0521 381
0.0522 377
0.0523 370
0.0524 370
0.0525 364
0.0526 363
0.0527 366
0.0528 362
0.0529 357
0.053 355
0.0531 349
0.0532 344
0.0533 343
0.0534 338
0.0535 330
0.0536 333
0.0537 326
0.0538 323
0.0539 329
0.054 331
0.0541 326
0.0542 323
0.0543 329
0.0544 338
0.0545 333
0.0546 331
0.0547 326
0.0548 315
0.0549 306
0.055 303
0.0551 306
0.0552 304
0.0553 304
0.0554 294
0.0555 295
0.0556 294
0.0557 292
0.0558 288
0.0559 289
0.056 287
0.0561 287
0.0562 282
0.0563 282
0.0564 285
0.0565 292
0.0566 311
0.0567 337
0.0568 369
0.0569 402
0.057 434
0.0571 463
0.0572 480
0.0573 488
0.0574 497
0.0575 507
0.0576 507
0.0577 513
0.0578 501
0.0579 495
0.058 479
0.0581 477
0.0582 480
0.0583 478
0.0584 471
0.0585 464
0.0586 456
0.0587 450
0.0588 448
0.0589 449
0.059 450
0.0591 439
0.0592 437
0.0593 446
0.0594 447
0.0595 446
0.0596 441
0.0597 436
0.0598 428
0.0599 418
0.06 411
0.0601 415
0.0602 412
0.0603 409
0.0604 395
0.0605 402
0.0606 397
0.0607 403
0.0608 403
0.0609 399
0.061 401
0.0611 411
0.0612 429
0.0613 438
0.0614 449
0.0615 455
0.0616 451
0.0617 441
0.0618 439
0.0619 437
0.062 429
0.0621 427
0.0622 431
0.0623 423
0.0624 426
0.0625 430
0.0626 431
0.0627 426
0.0628 421
0.0629 415
0.063 412
0.0631 419
0.0632 411
0.0633 404
0.0634 404
0.0635 400
0.0636 399
0.0637 389
0.0638 389
0.0639 391
0.064 391
0.0641 381
0.0642 383
0.0643 379
0.0644 375
0.0645 375
0.0646 372
0.0647 379
0.0648 376
0.0649 378
0.065 372
0.0651 369
0.0652 359
0.0653 358
0.0654 352
0.0655 347
0.0656 347
0.0657 342
0.0658 346
0.0659 343
0.066 342
0.0661 350
0.0662 378
0.0663 411
0.0664 460
0.0665 517
0.0666 567
0.0667 583
0.0668 595
0.0669 609
0.067 598
0.0671 596
0.0672 607
0.0673 626
0.0674 659
0.0675 678
0.0676 714
0.0677 738
0.0678 776
0.0679 808
0.068 816
0.0681 815
0.0682 825
0.0683 828
0.0684 854
0.0685 873
0.0686 882
0.0687 891
0.0688 906
0.0689 928
0.069 941
0.0691 945
0.0692 961
0.0693 966
0.0694 972
0.0695 982
0.0696 998
0.0697 1012
0.0698 1028
0.0699 1032
0.07 1030
0.0701 1037
0.0702 1049
0.0703 1058
0.0704 1066
0.0705 1060
0.0706 1068
0.0707 1074
0.0708 1076
0.0709 1079
0.071 1091
0.0711 1086
0.0712 1083
0.0713 1086
0.0714 1089
0.0715 1090
0.0716 1087
0.0717 1087
0.0718 1090
0.0719 1097
0.072 1098
0.0721 1098
0.0722 1100
0.0723 1105
0.0724 1106
0.0725 1127
0.0726 1115
0.0727 1116
0.0728 1123
0.0729 1131
0.073 1132
0.0731 1139
0.0732 1149
0.0733 1150
0.0734 1147
0.0735 1157
0.0736 1153
0.0737 1164
0.0738 1177
0.0739 1179
0.074 1186
0.0741 1193
0.0742 1186
0.0743 1189
0.0744 1199
0.0745 1195
0.0746 1201
0.0747 1208
0.0748 1214
0.0749 1214
0.075 1220
0.0751 1221
0.0752 1227
0.0753 1231
0.0754 1231
0.0755 1247
0.0756 1252
0.0757 1249
0.0758 1259
0.0759 1262
0.076 1269
0.0761 1272
0.0762 1280
0.0763 1273
0.0764 1281
0.0765 1284
0.0766 1290
0.0767 1291
0.0768 1308
0.0769 1312
0.077 1319
0.0771 1324
0.0772 1325
0.0773 1326
0.0774 1327
0.0775 1333
0.0776 1329
0.0777 1331
0.0778 1341
0.0779 1346
0.078 1351
0.0781 1363
0.0782 1362
0.0783 1361
0.0784 1369
0.0785 1373
0.0786 1385
0.0787 1388
0.0788 1399
0.0789 1390
0.079 1401
0.0791 1405
0.0792 1414
0.0793 1419
0.0794 1426
0.0795 1426
0.0796 1436
0.0797 1439
0.0798 1436
0.0799 1449
0.08 1442
0.0801 1461
0.0802 1459
0.0803 1463
0.0804 1467
0.0805 1471
0.0806 1474
0.0807 1479
0.0808 1483
0.0809 1487
0.081 1497
0.0811 1498
0.0812 1504
0.0813 1506
0.0814 1503
0.0815 1508
0.0816 1508
0.0817 1520
0.0818 1523
0.0819 1533
0.082 1535
0.0821 1545
0.0822 1544
0.0823 1549
0.0824 1558
0.0825 1560
0.0826 1561
0.0827 1572
0.0828 1576
0.0829 1572
0.083 1569
0.0831 1579
0.0832 1583
0.0833 1586
0.0834 1591
0.0835 1587
0.0836 1601
0.0837 1599
0.0838 1600
0.0839 1593
0.084 1606
0.0841 1615
0.0842 1619
0.0843 1612
0.0844 1620
0.0845 1625
0.0846 1619
0.0847 1627
0.0848 1635
0.0849 1629
0.085 1634
0.0851 1647
0.0852 1657
0.0853 1667
0.0854 1668
0.0855 1675
0.0856 1685
0.0857 1683
0.0858 1700
0.0859 1701
0.086 1715
0.0861 1715
0.0862 1722
0.0863 1726
0.0864 1733
0.0865 1720
0.0866 1727
0.0867 1741
0.0868 1745
0.0869 1749
0.087 1752
0.0871 1750
0.0872 1749
0.0873 1755
0.0874 1758
0.0875 1758
0.0876 1770
0.0877 1775
0.0878 1767
0.0879 1785
0.088 1784
0.0881 1776
0.0882 1793
0.0883 1783
0.0884 1788
0.0885 1800
0.0886 1818
0.0887 1812
0.0888 1824
0.0889 1825
0.089 1841
0.0891 1842
0.0892 1850
0.0893 1858
0.0894 1878
0.0895 1870
0.0896 1875
0.0897 1874
0.0898 1879
0.0899 1879
0.09 1876
0.0901 1885
0.0902 1875
0.0903 1884
0.0904 1875
0.0905 1871
0.0906 1862
0.0907 1857
0.0908 1851
0.0909 1848
0.091 1833
0.0911 1835
0.0912 1826
0.0913 1817
0.0914 1804
0.0915 1811
0.0916 1816
0.0917 1810
0.0918 1814
0.0919 1836
0.092 1831
0.0921 1829
0.0922 1826
0.0923 1816
0.0924 1818
0.0925 1805
0.0926 1795
0.0927 1787
0.0928 1782
0.0929 1757
0.093 1724
0.0931 1700
0.0932 1664
0.0933 1626
0.0934 1591
0.0935 1560
0.0936 1528
0.0937 1493
0.0938 1453
0.0939 1415
0.094 1383
0.0941 1360
0.0942 1336
0.0943 1308
0.0944 1276
0.0945 1247
0.0946 1223
0.0947 1188
0.0948 1150
0.0949 1121
0.095 1097
0.0951 1068
0.0952 1050
0.0953 1030
0.0954 1002
0.0955 984
0.0956 955
0.0957 932
0.0958 911
0.0959 886
0.096 886
0.0961 897
0.0962 908
0.0963 922
0.0964 927
0.0965 919
0.0966 914
0.0967 921
0.0968 943
0.0969 966
0.097 988
0.0971 993
0.0972 998
0.0973 1006
0.0974 1000
0.0975 995
0.0976 987
0.0977 980
0.0978 968
0.0979 948
0.098 924
0.0981 906
0.0982 890
0.0983 880
0.0984 868
0.0985 869
0.0986 876
0.0987 864
0.0988 843
0.0989 822
0.099 818
0.0991 801
0.0992 789
0.0993 769
0.0994 764
0.0995 751
0.0996 751
0.0997 743
0.0998 725
0.0999 707
0.1 686
0.1001 674
0.1002 662
0.1003 650
0.1004 638
0.1005 626
0.1006 606
0.1007 594
0.1008 581
0.1009 570
0.101 568
0.1011 559
0.1012 546
0.1013 532
0.1014 519
0.1015 508
0.1016 499
0.1017 490
0.1018 479
0.1019 469
0.102 468
0.1021 476
0.1022 470
0.1023 465
0.1024 464
0.1025 458
0.1026 455
0.1027 451
0.1028 452
0.1029 448
0.103 445
0.1031 452
0.1032 452
0.1033 446
0.1034 442
0.1035 439
0.1036 437
0.1037 446
0.1038 446
0.1039 436
0.104 435
0.1041 430
0.1042 430
0.1043 433
0.1044 432
0.1045 428
0.1046 423
0.1047 415
0.1048 412
0.1049 400
0.105 394
0.1051 385
0.1052 379
0.1053 375
0.1054 364
0.1055 357
0.1056 355
0.1057 349
0.1058 347
0.1059 342
0.106 339
0.1061 335
0.1062 336
0.1063 332
0.1064 339
0.1065 342
0.1066 342
0.1067 341
0.1068 332
0.1069 333
0.107 349
0.1071 366
0.1072 381
0.1073 402
0.1074 434
0.1075 451
0.1076 463
0.1077 472
0.1078 475
0.1079 473
0.108 476
0.1081 470
0.1082 471
0.1083 461
0.1084 461
0.1085 453
0.1086 460
0.1087 465
0.1088 469
0.1089 482
0.109 484
0.1091 483
0.1092 479
0.1093 478
0.1094 471
0.1095 463
0.1096 457
0.1097 452
0.1098 447
0.1099 445
0.11 438
0.1101 445
0.1102 457
0.1103 479
0.1104 501
0.1105 528
0.1106 547
0.1107 586
0.1108 611
0.1109 623
0.111 644
0.1111 655
0.1112 659
0.1113 668
0.1114 663
0.1115 661
0.1116 664
0.1117 649
0.1118 645
0.1119 628
0.112 632
0.1121 628
0.1122 629
0.1123 618
0.1124 615
0.1125 606
0.1126 597
0.1127 588
0.1128 579
0.1129 567
0.113 572
0.1131 567
0.1132 565
0.1133 554
0.1134 550
0.1135 540
0.1136 535
0.1137 528
0.1138 524
0.1139 533
0.114 534
0.1141 525
0.1142 517
0.1143 513
0.1144 507
0.1145 501
0.1146 488
0.1147 488
0.1148 478
0.1149 464
0.115 446
0.1151 434
0.1152 434
0.1153 431
0.1154 423
0.1155 420
0.1156 411
0.1157 401
0.1158 395
0.1159 389
0.116 382
0.1161 378
0.1162 372
0.1163 366
0.1164 361
0.1165 362
0.1166 357
0.1167 352
0.1168 353
0.1169 356
0.117 349
0.1171 350
0.1172 347
0.1173 354
0.1174 355
0.1175 356
0.1176 350
0.1177 346
0.1178 344
0.1179 337
0.118 342
0.1181 341
0.1182 354
0.1183 379
0.1184 403
0.1185 433
0.1186 451
0.1187 465
0.1188 474
0.1189 475
0.119 480
0.1191 481
0.1192 477
0.1193 485
0.1194 496
0.1195 504
0.1196 525
0.1197 542
0.1198 557
0.1199 572
0.12 603
0.1201 625
0.1202 635
0.1203 656
0.1204 684
0.1205 713
0.1206 733
0.1207 754
0.1208 781
0.1209 807
0.121 828
0.1211 841
0.1212 860
0.1213 865
0.1214 875
0.1215 885
0.1216 909
0.1217 918
0.1218 919
0.1219 938
0.122 956
0.1221 965
0.1222 974
0.1223 984
0.1224 979
0.1225 980
0.1226 982
0.1227 980
0.1228 989
0.1229 993
0.123 994
0.1231 988
0.1232 997
0.1233 991
0.1234 995
0.1235 1006
0.1236 1007
0.1237 1004
0.1238 1006
0.1239 999
0.124 992
0.1241 991
0.1242 990
0.1243 981
0.1244 972
0.1245 982
0.1246 980
0.1247 975
0.1248 973
0.1249 983
0.125 986
0.1251 1004
0.1252 1008
0.1253 1018
0.1254 1024
0.1255 1037
0.1256 1033
0.1257 1056
0.1258 1064
0.1259 1058
0.126 1069
0.1261 1067
0.1262 1063
0.1263 1080
0.1264 1081
0.1265 1083
0.1266 1089
0.1267 1099
0.1268 1097
0.1269 1106
0.127 1106
0.1271 1108
0.1272 1125
0.1273 1124
0.1274 1117
0.1275 1131
0.1276 1128
0.1277 1130
0.1278 1136
0.1279 1150
0.128 1159
0.1281 1156
0.1282 1143
0.1283 1158
0.1284 1168
0.1285 1162
0.1286 1166
0.1287 1171
0.1288 1180
0.1289 1178
0.129 1183
0.1291 1184
0.1292 1190
0.1293 1190
0.1294 1194
0.1295 1193
0.1296 1202
0.1297 1210
0.1298 1212
0.1299 1216
0.13 1212
0.1301 1223
0.1302 1222
0.1303 1223
0.1304 1233
0.1305 1234
0.1306 1232
0.1307 1236
0.1308 1247
0.1309 1247
0.131 1262
0.1311 1274
0.1312 1275
0.1313 1279
0.1314 1287
0.1315 1283
0.1316 1300
0.1317 1306
0.1318 1304
0.1319 1311
0.132 1317
0.1321 1328
0.1322 1333
0.1323 1340
0.1324 1343
0.1325 1350
0.1326 1359
0.1327 1362
0.1328 1370
0.1329 1373
0.133 1381
0.1331 1387
0.1332 1387
0.1333 1395
0.1334 1400
0.1335 1403
0.1336 1413
0.1337 1408
0.1338 1422
0.1339 1426
0.134 1429
0.1341 1440
0.1342 1448
0.1343 1456
0.1344 1459
0.1345 1462
0.1346 1467
0.1347 1470
0.1348 1481
0.1349 1487
0.135 1475
0.1351 1496
0.1352 1499
0.1353 1504
0.1354 1503
0.1355 1507
0.1356 1519
0.1357 1533
0.1358 1543
0.1359 1544
0.136 1551
0.1361 1560
0.1362 1566
0.1363 1573
0.1364 1576
0.1365 1589
0.1366 1581
0.1367 1587
0.1368 1601
0.1369 1604
0.137 1610
0.1371 1617
0.1372 1630
0.1373 1633
0.1374 1643
0.1375 1645
0.1376 1644
0.1377 1650
0.1378 1653
0.1379 1665
0.138 1664
0.1381 1663
0.1382 1675
0.1383 1687
0.1384 1699
0.1385 1704
0.1386 1699
0.1387 1715
0.1388 1715
0.1389 1731
0.139 1736
0.1391 1746
0.1392 1753
0.1393 1759
0.1394 1770
0.1395 1779
0.1396 1784
0.1397 1790
0.1398 1803
0.1399 1797
0.14 1811
0.1401 1812
0.1402 1822
0.1403 1821
0.1404 1826
0.1405 1841
0.1406 1847
0.1407 1850
0.1408 1858
0.1409 1873
0.141 1881
0.1411 1895
0.1412 1888
0.1413 1887
0.1414 1892
0.1415 1902
0.1416 1912
0.1417 1913
0.1418 1923
0.1419 1918
0.142 1929
0.1421 1941
0.1422 1936
0.1423 1946
0.1424 1939
0.1425 1942
0.1426 1943
0.1427 1960
0.1428 1965
0.1429 1975
0.143 1978
0.1431 1978
0.1432 1991
0.1433 1993
0.1434 1984
0.1435 1988
0.1436 1994
0.1437 2001
0.1438 1994
0.1439 2006
0.144 2009
0.1441 2000
0.1442 2005
0.1443 2003
0.1444 1985
0.1445 1991
0.1446 1994
0.1447 1988
0.1448 2002
0.1449 2005
0.145 2006
0.1451 2000
0.1452 2017
0.1453 1999
0.1454 2001
0.1455 2008
0.1456 2023
0.1457 2026
0.1458 2038
0.1459 2041
0.146 2032
0.1461 2006
0.1462 2000
0.1463 1998
0.1464 1982
0.1465 1962
0.1466 1954
0.1467 1949
0.1468 1931
0.1469 1905
0.147 1872
0.1471 1865
0.1472 1843
0.1473 1828
0.1474 1811
0.1475 1769
0.1476 1732
0.1477 1698
0.1478 1659
0.1479 1621
0.148 1598
0.1481 1574
0.1482 1539
0.1483 1509
0.1484 1477
0.1485 1438
0.1486 1408
0.1487 1380
0.1488 1351
0.1489 1326
0.149 1294
0.1491 1261
0.1492 1239
0.1493 1217
0.1494 1185
0.1495 1163
0.1496 1137
0.1497 1115
0.1498 1091
0.1499 1061
0.15 1036
0.1501 1012
0.1502 991
0.1503 971
0.1504 947
0.1505 927
0.1506 908
0.1507 889
0.1508 861
0.1509 835
0.151 822
0.1511 813
0.1512 800
0.1513 791
0.1514 778
0.1515 770
0.1516 752
0.1517 741
0.1518 732
0.1519 737
0.152 739
0.1521 731
0.1522 731
0.1523 720
0.1524 728
0.1525 716
0.1526 705
0.1527 710
0.1528 693
0.1529 676
0.153 667
0.1531 664
0.1532 659
0.1533 652
0.1534 644
0.1535 632
0.1536 628
0.1537 630
0.1538 648
0.1539 693
0.154 731
0.1541 776
0.1542 801
0.1543 807
0.1544 812
0.1545 813
0.1546 806
0.1547 798
0.1548 788
0.1549 781
0.155 771
0.1551 754
0.1552 741
0.1553 739
0.1554 730
0.1555 715
0.1556 700
0.1557 694
0.1558 688
0.1559 682
0.156 668
0.1561 657
0.1562 654
0.1563 647
0.1564 648
0.1565 647
0.1566 636
0.1567 638
0.1568 625
0.1569 614
0.157 609
0.1571 599
0.1572 588
0.1573 575
0.1574 560
0.1575 546
0.1576 537
0.1577 513
0.1578 501
0.1579 489
0.158 490
0.1581 480
0.1582 464
0.1583 464
0.1584 462
0.1585 462
0.1586 459
0.1587 448
0.1588 444
0.1589 428
0.159 421
0.1591 424
0.1592 421
0.1593 422
0.1594 434
0.1595 436
0.1596 438
0.1597 450
0.1598 460
0.1599 466
0.16 467
0.1601 472
0.1602 472
0.1603 471
0.1604 466
0.1605 451
0.1606 450
0.1607 457
0.1608 467
0.1609 496
0.161 525
0.1611 554
0.1612 591
0.1613 616
0.1614 655
0.1615 689
0.1616 737
0.1617 769
0.1618 777
0.1619 773
0.162 778
0.1621 788
0.1622 805
0.1623 801
0.1624 783
0.1625 776
0.1626 771
0.1627 752
0.1628 756
0.1629 743
0.163 734
0.1631 728
0.1632 722
0.1633 712
0.1634 698
0.1635 684
0.1636 664
0.1637 640
0.1638 623
0.1639 607
0.164 599
0.1641 588
0.1642 577
0.1643 570
0.1644 557
0.1645 547
0.1646 537
0.1647 534
0.1648 521
0.1649 513
0.165 507
0.1651 507
0.1652 514
0.1653 505
0.1654 498
0.1655 493
0.1656 484
0.1657 476
0.1658 476
0.1659 473
0.166 463
0.1661 453
0.1662 451
0.1663 452
0.1664 451
0.1665 457
0.1666 450
0.1667 442
0.1668 431
0.1669 429
0.167 426
0.1671 417
0.1672 415
0.1673 408
0.1674 400
0.1675 405
0.1676 395
0.1677 394
0.1678 394
0.1679 387
0.168 393
0.1681 391
0.1682 393
0.1683 391
0.1684 391
0.1685 383
0.1686 383
0.1687 381
0.1688 375
0.1689 373
0.169 356
0.1691 347
0.1692 344
0.1693 345
0.1694 346
0.1695 343
0.1696 347
0.1697 351
0.1698 354
0.1699 352
0.17 351
0.1701 352
0.1702 355
0.1703 359
0.1704 383
0.1705 403
0.1706 418
0.1707 435
0.1708 448
0.1709 456
0.171 461
0.1711 467
0.1712 460
0.1713 454
0.1714 451
0.1715 454
0.1716 451
0.1717 452
0.1718 460
0.1719 487
0.172 512
0.1721 530
0.1722 536
0.1723 548
0.1724 559
0.1725 559
0.1726 547
0.1727 549
0.1728 544
0.1729 524
0.173 515
0.1731 508
0.1732 498
0.1733 497
0.1734 488
0.1735 478
0.1736 476
0.1737 474
0.1738 470
0.1739 466
0.174 453
0.1741 442
0.1742 443
0.1743 438
0.1744 435
0.1745 447
0.1746 453
0.1747 465
0.1748 468
0.1749 472
0.175 483
0.1751 498
0.1752 506
0.1753 514
0.1754 517
0.1755 519
0.1756 533
0.1757 521
0.1758 517
0.1759 513
0.176 512
0.1761 512
0.1762 514
0.1763 518
0.1764 519
0.1765 525
0.1766 518
0.1767 512
0.1768 500
0.1769 495
0.177 493
0.1771 487
0.1772 489
0.1773 482
0.1774 474
0.1775 469
0.1776 464
0.1777 453
0.1778 447
0.1779 442
0.178 434
0.1781 425
0.1782 426
0.1783 432
0.1784 439
0.1785 456
0.1786 461
0.1787 480
0.1788 514
0.1789 516
0.179 524
0.1791 537
0.1792 549
0.1793 555
0.1794 570
0.1795 573
0.1796 570
0.1797 566
0.1798 560
0.1799 550
0.18 539
0.1801 529
0.1802 518
0.1803 514
0.1804 505
0.1805 499
0.1806 491
0.1807 494
0.1808 491
0.1809 476
0.181 469
0.1811 459
0.1812 457
0.1813 456
0.1814 453
0.1815 453
0.1816 449
0.1817 453
0.1818 453
0.1819 445
0.182 441
0.1821 430
0.1822 425
0.1823 430
0.1824 435
0.1825 447
0.1826 463
0.1827 485
0.1828 515
0.1829 537
0.183 563
0.1831 586
0.1832 618
0.1833 645
0.1834 660
0.1835 676
0.1836 699
0.1837 718
0.1838 736
0.1839 748
0.184 751
0.1841 767
0.1842 781
0.1843 781
0.1844 783
0.1845 773
0.1846 780
0.1847 782
0.1848 784
0.1849 788
0.185 793
0.1851 794
0.1852 796
0.1853 797
0.1854 809
0.1855 804
0.1856 807
0.1857 802
0.1858 812
0.1859 816
0.186 821
0.1861 829
0.1862 830
0.1863 832
0.1864 836
0.1865 844
0.1866 840
0.1867 844
0.1868 849
0.1869 847
0.187 849
0.1871 856
0.1872 861
0.1873 862
0.1874 867
0.1875 869
0.1876 877
0.1877 878
0.1878 881
0.1879 886
0.188 891
0.1881 891
0.1882 892
0.1883 898
0.1884 899
0.1885 904
0.1886 909
0.1887 915
0.1888 919
0.1889 926
0.189 932
0.1891 942
0.1892 941
0.1893 950
0.1894 958
0.1895 965
0.1896 973
0.1897 986
0.1898 991
0.1899 1002
0.19 1004
0.1901 1012
0.1902 1006
0.1903 1015
0.1904 1021
0.1905 1020
0.1906 1024
0.1907 1031
0.1908 1032
0.1909 1036
0.191 1045
0.1911 1055
0.1912 1064
0.1913 1071
0.1914 1066
0.1915 1076
0.1916 1082
0.1917 1080
0.1918 1085
0.1919 1097
0.192 1098
0.1921 1108
0.1922 1114
0.1923 1116
0.1924 1123
0.1925 1122
0.1926 1128
0.1927 1139
0.1928 1137
0.1929 1152
0.193 1151
0.1931 1162
0.1932 1175
0.1933 1181
0.1934 1176
0.1935 1195
0.1936 1200
0.1937 1208
0.1938 1211
0.1939 1217
0.194 1227
0.1941 1233
0.1942 1243
0.1943 1242
0.1944 1254
0.1945 1265
0.1946 1265
0.1947 1283
0.1948 1280
0.1949 1295
0.195 1302
0.1951 1311
0.1952 1315
0.1953 1321
0.1954 1332
0.1955 1337
0.1956 1342
0.1957 1351
0.1958 1362
0.1959 1365
0.196 1366
0.1961 1374
0.1962 1378
0.1963 1384
0.1964 1387
0.1965 1396
0.1966 1406
0.1967 1415
0.1968 1416
0.1969 1427
0.197 1431
0.1971 1442
0.1972 1446
0.1973 1454
0.1974 1452
0.1975 1456
0.1976 1463
0.1977 1465
0.1978 1469
0.1979 1481
0.198 1489
0.1981 1493
0.1982 1505
0.1983 1515
0.1984 1524
0.1985 1533
0.1986 1533
0.1987 1540
0.1988 1550
0.1989 1551
0.199 1568
0.1991 1560
0.1992 1571
0.1993 1579
0.1994 1580
0.1995 1605
0.1996 1607
0.1997 1609
0.1998 1624
0.1999 1631
0.2 1642
0.2001 1648
0.2002 1656
0.2003 1665
0.2004 1667
0.2005 1674
0.2006 1684
0.2007 1689
0.2008 1705
0.2009 1714
0.201 1718
0.2011 1723
0.2012 1739
0.2013 1742
0.2014 1740
0.2015 1763
0.2016 1772
0.2017 1793
0.2018 1787
0.2019 1793
0.202 1799
0.2021 1817
0.2022 1820
0.2023 1817
0.2024 1820
0.2025 1845
0.2026 1854
0.2027 1858
0.2028 1857
0.2029 1863
0.203 1872
0.2031 1878
0.2032 1881
0.2033 1896
0.2034 1914
0.2035 1919
0.2036 1923
0.2037 1917
0.2038 1921
0.2039 1935
0.204 1934
0.2041 1942
0.2042 1950
0.2043 1953
0.2044 1945
0.2045 1953
0.2046 1937
0.2047 1912
0.2048 1898
0.2049 1899
0.205 1876
0.2051 1853
0.2052 1855
0.2053 1862
0.2054 1873
0.2055 1877
0.2056 1877
0.2057 1882
0.2058 1875
0.2059 1877
0.206 1864
0.2061 1850
0.2062 1858
0.2063 1857
0.2064 1876
0.2065 1884
0.2066 1900
0.2067 1883
0.2068 1855
0.2069 1848
0.207 1837
0.2071 1837
0.2072 1823
0.2073 1809
0.2074 1780
0.2075 1761
0.2076 1732
0.2077 1700
0.2078 1670
0.2079 1637
0.208 1607
0.2081 1583
0.2082 1542
0.2083 1514
0.2084 1494
0.2085 1463
0.2086 1441
0.2087 1404
0.2088 1364
0.2089 1358
0.209 1357
0.2091 1357
0.2092 1349
0.2093 1340
0.2094 1314
0.2095 1299
0.2096 1277
0.2097 1249
0.2098 1220
0.2099 1199
0.21 1169
0.2101 1147
0.2102 1123
0.2103 1094
0.2104 1098
0.2105 1098
0.2106 1091
0.2107 1095
0.2108 1087
0.2109 1078
0.211 1061
0.2111 1048
0.2112 1027
0.2113 1007
0.2114 990
0.2115 970
0.2116 951
0.2117 923
0.2118 914
0.2119 895
0.212 871
0.2121 854
0.2122 834
0.2123 816
0.2124 803
0.2125 788
0.2126 777
0.2127 766
0.2128 746
0.2129 737
0.213 717
0.2131 707
0.2132 694
0.2133 688
0.2134 680
0.2135 667
0.2136 661
0.2137 651
0.2138 642
0.2139 627
0.214 623
0.2141 613
0.2142 601
0.2143 598
0.2144 592
0.2145 577
0.2146 568
0.2147 562
0.2148 556
0.2149 551
0.215 546
0.2151 531
0.2152 524
0.2153 519
0.2154 504
0.2155 496
0.2156 485
0.2157 485
0.2158 479
0.2159 469
0.216 459
0.2161 445
0.2162 437
0.2163 427
0.2164 418
0.2165 412
0.2166 410
0.2167 410
0.2168 403
0.2169 397
0.217 399
0.2171 398
0.2172 400
0.2173 397
0.2174 390
0.2175 391
0.2176 384
0.2177 385
0.2178 391
0.2179 398
0.218 407
0.2181 417
0.2182 410
0.2183 409
0.2184 419
0.2185 429
0.2186 421
0.2187 437
0.2188 446
0.2189 455
0.219 502
0.2191 521
0.2192 533
0.2193 550
0.2194 557
0.2195 566
0.2196 569
0.2197 563
0.2198 555
0.2199 543
0.22 537
0.2201 536
0.2202 536
0.2203 520
0.2204 514
0.2205 510
0.2206 496
0.2207 487
0.2208 471
0.2209 455
0.221 447
0.2211 442
0.2212 435
0.2213 434
0.2214 430
0.2215 428
0.2216 428
0.2217 431
0.2218 431
0.2219 425
0.222 429
0.2221 424
0.2222 416
0.2223 406
0.2224 396
0.2225 396
0.2226 399
0.2227 401
0.2228 401
0.2229 398
0.223 392
0.2231 392
0.2232 380
0.2233 376
0.2234 368
0.2235 360
0.2236 353
0.2237 345
0.2238 334
0.2239 321
0.224 306
0.2241 302
0.2242 295
0.2243 291
0.2244 290
0.2245 288
0.2246 284
0.2247 286
0.2248 284
0.2249 279
0.225 276
0.2251 260
0.2252 249
0.2253 247
0.2254 246
0.2255 250
0.2256 244
0.2257 251
0.2258 257
0.2259 263
0.226 271
0.2261 278
0.2262 283
0.2263 279
0.2264 282
0.2265 273
0.2266 271
0.2267 271
0.2268 264
0.2269 260
0.227 263
0.2271 264
0.2272 269
0.2273 268
0.2274 274
0.2275 273
0.2276 275
0.2277 283
0.2278 282
0.2279 287
0.228 284
0.2281 311
0.2282 335
0.2283 337
0.2284 352
0.2285 345
0.2286 343
0.2287 343
0.2288 340
0.2289 341
0.229 343
0.2291 338
0.2292 342
0.2293 371
0.2294 386
0.2295 421
0.2296 461
0.2297 493
0.2298 530
0.2299 558
0.23 584
0.2301 593
0.2302 601
0.2303 600
0.2304 591
0.2305 586
0.2306 579
0.2307 577
0.2308 567
0.2309 565
0.231 561
0.2311 556
0.2312 545
0.2313 540
0.2314 534
0.2315 526
0.2316 512
0.2317 504
0.2318 490
0.2319 485
0.232 480
0.2321 476
0.2322 470
0.2323 459
0.2324 446
0.2325 438
0.2326 429
0.2327 420
0.2328 413
0.2329 412
0.233 403
0.2331 413
0.2332 412
0.2333 410
0.2334 409
0.2335 405
0.2336 398
0.2337 393
0.2338 391
0.2339 392
0.234 386
0.2341 394
0.2342 389
0.2343 390
0.2344 392
0.2345 392
0.2346 392
0.2347 390
0.2348 384
0.2349 386
0.235 376
0.2351 366
0.2352 358
0.2353 353
0.2354 345
0.2355 347
0.2356 348
0.2357 351
0.2358 346
0.2359 345
0.236 343
0.2361 340
0.2362 338
0.2363 341
0.2364 365
0.2365 384
0.2366 402
0.2367 403
0.2368 427
0.2369 433
0.237 436
0.2371 454
0.2372 472
0.2373 480
0.2374 494
0.2375 493
0.2376 491
0.2377 486
0.2378 503
0.2379 522
0.238 539
0.2381 562
0.2382 582
0.2383 619
0.2384 649
0.2385 666
0.2386 678
0.2387 703
0.2388 716
0.2389 708
0.239 709
0.2391 715
0.2392 708
0.2393 705
0.2394 702
0.2395 695
0.2396 694
0.2397 681
0.2398 673
0.2399 667
0.24 678
0.2401 675
0.2402 681
0.2403 673
0.2404 678
0.2405 689
0.2406 705
0.2407 715
0.2408 741
0.2409 752
0.241 764
0.2411 766
0.2412 778
0.2413 789
0.2414 801
0.2415 808
0.2416 811
0.2417 819
0.2418 835
0.2419 828
0.242 837
0.2421 842
0.2422 842
0.2423 832
0.2424 821
0.2425 818
0.2426 813
0.2427 816
0.2428 813
0.2429 824
0.243 831
0.2431 830
0.2432 836
0.2433 844
0.2434 853
0.2435 853
0.2436 848
0.2437 853
0.2438 863
0.2439 868
0.244 876
0.2441 883
0.2442 886
0.2443 873
0.2444 876
0.2445 884
0.2446 895
0.2447 892
0.2448 895
0.2449 902
0.245 903
0.2451 908
0.2452 906
0.2453 910
0.2454 910
0.2455 910
0.2456 918
0.2457 928
0.2458 927
0.2459 934
0.246 938
0.2461 941
0.2462 942
0.2463 943
0.2464 944
0.2465 950
0.2466 950
0.2467 950
0.2468 951
0.2469 962
0.247 976
0.2471 978
0.2472 981
0.2473 987
0.2474 989
0.2475 994
0.2476 995
0.2477 1004
0.2478 1011
0.2479 1012
0.248 1010
0.2481 1020
0.2482 1029
0.2483 1027
0.2484 1032
0.2485 1040
0.2486 1040
0.2487 1046
0.2488 1049
0.2489 1059
0.249 1064
0.2491 1059
0.2492 1066
0.2493 1070
0.2494 1075
0.2495 1083
0.2496 1088
0.2497 1089
0.2498 1098
0.2499 1103
0.25 1102
