0 0
0.0001 0
0.0002 0
0.0003 0
0.0004 0
0.0005 0
0.0006 0
0.0007 0
0.0008 0
0.0009 0
0.001 0
0.0011 0
0.0012 0
0.0013 0
0.0014 0
0.0015 0
0.0016 0
0.0017 0
0.0018 0
0.0019 0
0.002 0
0.0021 0
0.0022 0
0.0023 0
0.0024 0
0.0025 1
0.0026 1
0.0027 1
0.0028 2
0.0029 3
0.003 3
0.0031 4
0.0032 6
0.0033 7
0.0034 9
0.0035 11
0.0036 13
0.0037 16
0.0038 18
0.0039 21
0.004 24
0.0041 26
0.0042 30
0.0043 33
0.0044 36
0.0045 39
0.0046 42
0.0047 45
0.0048 49
0.0049 52
0.005 56
0.0051 59
0.0052 63
0.0053 66
0.0054 70
0.0055 74
0.0056 78
0.0057 83
0.0058 86
0.0059 90
0.006 95
0.0061 97
0.0062 103
0.0063 107
0.0064 111
0.0065 115
0.0066 121
0.0067 126
0.0068 131
0.0069 136
0.007 143
0.0071 147
0.0072 152
0.0073 156
0.0074 162
0.0075 167
0.0076 174
0.0077 177
0.0078 185
0.0079 192
0.008 195
0.0081 205
0.0082 210
0.0083 217
0.0084 223
0.0085 230
0.0086 237
0.0087 243
0.0088 251
0.0089 258
0.009 263
0.0091 270
0.0092 278
0.0093 285
0.0094 292
0.0095 298
0.0096 305
0.0097 313
0.0098 319
0.0099 327
0.01 332
0.0101 343
0.0102 350
0.0103 358
0.0104 364
0.0105 371
0.0106 382
0.0107 390
0.0108 397
0.0109 405
0.011 413
0.0111 421
0.0112 431
0.0113 439
0.0114 448
0.0115 455
0.0116 464
0.0117 473
0.0118 482
0.0119 490
0.012 498
0.0121 510
0.0122 518
0.0123 527
0.0124 539
0.0125 547
0.0126 556
0.0127 566
0.0128 574
0.0129 584
0.013 594
0.0131 602
0.0132 613
0.0133 622
0.0134 633
0.0135 641
0.0136 649
0.0137 658
0.0138 667
0.0139 678
0.014 686
0.0141 694
0.0142 706
0.0143 715
0.0144 720
0.0145 733
0.0146 743
0.0147 751
0.0148 762
0.0149 772
0.015 779
0.0151 792
0.0152 802
0.0153 811
0.0154 824
0.0155 835
0.0156 844
0.0157 852
0.0158 864
0.0159 876
0.016 888
0.0161 896
0.0162 903
0.0163 914
0.0164 924
0.0165 935
0.0166 942
0.0167 950
0.0168 963
0.0169 971
0.017 979
0.0171 991
0.0172 999
0.0173 1007
0.0174 1017
0.0175 1023
0.0176 1033
0.0177 1045
0.0178 1051
0.0179 1062
0.018 1070
0.0181 1071
0.0182 1087
0.0183 1095
0.0184 1103
0.0185 1113
0.0186 1121
0.0187 1130
0.0188 1139
0.0189 1149
0.019 1156
0.0191 1168
0.0192 1177
0.0193 1187
0.0194 1196
0.0195 1208
0.0196 1218
0.0197 1225
0.0198 1232
0.0199 1246
0.02 1255
0.0201 1264
0.0202 1273
0.0203 1285
0.0204 1294
0.0205 1302
0.0206 1311
0.0207 1320
0.0208 1330
0.0209 1338
0.021 1346
0.0211 1358
0.0212 1366
0.0213 1372
0.0214 1382
0.0215 1386
0.0216 1398
0.0217 1408
0.0218 1414
0.0219 1427
0.022 1434
0.0221 1444
0.0222 1454
0.0223 1457
0.0224 1469
0.0225 1474
0.0226 1481
0.0227 1493
0.0228 1502
0.0229 1510
0.023 1519
0.0231 1529
0.0232 1537
0.0233 1544
0.0234 1558
0.0235 1562
0.0236 1572
0.0237 1582
0.0238 1597
0.0239 1606
0.024 1610
0.0241 1616
0.0242 1629
0.0243 1639
0.0244 1646
0.0245 1654
0.0246 1663
0.0247 1672
0.0248 1677
0.0249 1692
0.025 1693
0.0251 1700
0.0252 1716
0.0253 1715
0.0254 1724
0.0255 1731
0.0256 1746
0.0257 1734
0.0258 1720
0.0259 1724
0.026 1698
0.0261 1675
0.0262 1655
0.0263 1636
0.0264 1628
0.0265 1617
0.0266 1603
0.0267 1589
0.0268 1595
0.0269 1589
0.027 1589
0.0271 1578
0.0272 1561
0.0273 1543
0.0274 1518
0.0275 1493
0.0276 1463
0.0277 1429
0.0278 1401
0.0279 1373
0.028 1335
0.0281 1307
0.0282 1280
0.0283 1250
0.0284 1207
0.0285 1168
0.0286 1140
0.0287 1116
0.0288 1086
0.0289 1062
0.029 1035
0.0291 1008
0.0292 983
0.0293 959
0.0294 943
0.0295 921
0.0296 902
0.0297 877
0.0298 874
0.0299 864
0.03 852
0.0301 845
0.0302 850
0.0303 843
0.0304 832
0.0305 819
0.0306 808
0.0307 788
0.0308 782
0.0309 777
0.031 764
0.0311 757
0.0312 747
0.0313 738
0.0314 726
0.0315 719
0.0316 718
0.0317 714
0.0318 703
0.0319 689
0.032 678
0.0321 669
0.0322 663
0.0323 649
0.0324 639
0.0325 631
0.0326 626
0.0327 629
0.0328 617
0.0329 610
0.033 600
0.0331 606
0.0332 598
0.0333 589
0.0334 584
0.0335 580
0.0336 579
0.0337 575
0.0338 559
0.0339 547
0.034 538
0.0341 526
0.0342 519
0.0343 501
0.0344 487
0.0345 477
0.0346 476
0.0347 468
0.0348 462
0.0349 454
0.035 444
0.0351 440
0.0352 425
0.0353 420
0.0354 421
0.0355 418
0.0356 424
0.0357 421
0.0358 426
0.0359 433
0.036 433
0.0361 443
0.0362 441
0.0363 439
0.0364 428
0.0365 415
0.0366 408
0.0367 391
0.0368 385
0.0369 390
0.037 399
0.0371 423
0.0372 420
0.0373 425
0.0374 424
0.0375 423
0.0376 416
0.0377 412
0.0378 405
0.0379 398
0.038 394
0.0381 390
0.0382 386
0.0383 388
0.0384 386
0.0385 381
0.0386 380
0.0387 372
0.0388 374
0.0389 374
0.039 367
0.0391 364
0.0392 364
0.0393 364
0.0394 372
0.0395 373
0.0396 377
0.0397 380
0.0398 381
0.0399 378
0.04 368
0.0401 371
0.0402 370
0.0403 365
0.0404 358
0.0405 346
0.0406 352
0.0407 348
0.0408 347
0.0409 344
0.041 344
0.0411 343
0.0412 336
0.0413 327
0.0414 324
0.0415 315
0.0416 316
0.0417 304
0.0418 305
0.0419 307
0.042 310
0.0421 307
0.0422 309
0.0423 311
0.0424 310
0.0425 314
0.0426 308
0.0427 302
0.0428 301
0.0429 301
0.043 303
0.0431 307
0.0432 313
0.0433 319
0.0434 321
0.0435 322
0.0436 322
0.0437 320
0.0438 318
0.0439 322
0.044 318
0.0441 320
0.0442 322
0.0443 323
0.0444 325
0.0445 323
0.0446 316
0.0447 311
0.0448 301
0.0449 298
0.045 301
0.0451 296
0.0452 297
0.0453 298
0.0454 299
0.0455 296
0.0456 295
0.0457 291
0.0458 289
0.0459 293
0.046 292
0.0461 290
0.0462 287
0.0463 280
0.0464 272
0.0465 266
0.0466 265
0.0467 265
0.0468 259
0.0469 259
0.047 263
0.0471 263
0.0472 264
0.0473 266
0.0474 262
0.0475 263
0.0476 265
0.0477 262
0.0478 252
0.0479 249
0.048 248
0.0481 244
0.0482 239
0.0483 237
0.0484 232
0.0485 229
0.0486 231
0.0487 231
0.0488 231
0.0489 232
0.049 243
0.0491 249
0.0492 265
0.0493 271
0.0494 275
0.0495 274
0.0496 286
0.0497 285
0.0498 287
0.0499 285
0.05 289
0.0501 279
0.0502 286
0.0503 291
0.0504 287
0.0505 283
0.0506 288
0.0507 286
0.0508 284
0.0509 291
0.051 289
0.0511 295
0.0512 302
0.0513 306
0.0514 308
0.0515 310
0.0516 313
0.0517 316
0.0518 314
0.0519 325
0.052 323
0.0521 324
0.0522 324
0.0523 329
0.0524 325
0.0525 318
0.0526 325
0.0527 330
0.0528 323
0.0529 318
0.053 316
0.0531 317
0.0532 321
0.0533 322
0.0534 325
0.0535 318
0.0536 318
0.0537 319
0.0538 317
0.0539 317
0.054 324
0.0541 328
0.0542 333
0.0543 337
0.0544 339
0.0545 333
0.0546 334
0.0547 328
0.0548 324
0.0549 316
0.055 312
0.0551 312
0.0552 314
0.0553 306
0.0554 300
0.0555 292
0.0556 292
0.0557 293
0.0558 296
0.0559 295
0.056 302
0.0561 340
0.0562 378
0.0563 404
0.0564 443
0.0565 472
0.0566 487
0.0567 502
0.0568 503
0.0569 507
0.057 504
0.0571 499
0.0572 496
0.0573 507
0.0574 526
0.0575 531
0.0576 541
0.0577 539
0.0578 533
0.0579 532
0.058 527
0.0581 522
0.0582 523
0.0583 524
0.0584 520
0.0585 507
0.0586 501
0.0587 501
0.0588 497
0.0589 491
0.059 488
0.0591 485
0.0592 478
0.0593 465
0.0594 456
0.0595 452
0.0596 438
0.0597 427
0.0598 418
0.0599 419
0.06 407
0.0601 397
0.0602 389
0.0603 383
0.0604 377
0.0605 368
0.0606 360
0.0607 352
0.0608 343
0.0609 334
0.061 333
0.0611 331
0.0612 330
0.0613 329
0.0614 330
0.0615 327
0.0616 325
0.0617 324
0.0618 323
0.0619 322
0.062 330
0.0621 342
0.0622 350
0.0623 355
0.0624 364
0.0625 363
0.0626 361
0.0627 363
0.0628 352
0.0629 343
0.063 342
0.0631 340
0.0632 339
0.0633 339
0.0634 337
0.0635 338
0.0636 335
0.0637 332
0.0638 328
0.0639 329
0.064 326
0.0641 325
0.0642 317
0.0643 315
0.0644 314
0.0645 307
0.0646 305
0.0647 300
0.0648 298
0.0649 299
0.065 308
0.0651 324
0.0652 338
0.0653 345
0.0654 346
0.0655 347
0.0656 350
0.0657 359
0.0658 360
0.0659 362
0.066 365
0.0661 363
0.0662 357
0.0663 358
0.0664 361
0.0665 353
0.0666 351
0.0667 357
0.0668 357
0.0669 346
0.067 339
0.0671 339
0.0672 340
0.0673 338
0.0674 342
0.0675 343
0.0676 342
0.0677 330
0.0678 325
0.0679 329
0.068 325
0.0681 331
0.0682 326
0.0683 323
0.0684 318
0.0685 317
0.0686 315
0.0687 315
0.0688 316
0.0689 315
0.069 313
0.0691 315
0.0692 311
0.0693 316
0.0694 307
0.0695 304
0.0696 308
0.0697 314
0.0698 313
0.0699 314
0.07 318
0.0701 314
0.0702 318
0.0703 325
0.0704 328
0.0705 322
0.0706 316
0.0707 324
0.0708 335
0.0709 343
0.071 341
0.0711 337
0.0712 347
0.0713 346
0.0714 343
0.0715 338
0.0716 334
0.0717 333
0.0718 332
0.0719 325
0.072 318
0.0721 314
0.0722 315
0.0723 306
0.0724 301
0.0725 298
0.0726 294
0.0727 289
0.0728 284
0.0729 277
0.073 275
0.0731 271
0.0732 268
0.0733 269
0.0734 272
0.0735 267
0.0736 265
0.0737 262
0.0738 256
0.0739 265
0.074 283
0.0741 295
0.0742 306
0.0743 307
0.0744 310
0.0745 318
0.0746 320
0.0747 336
0.0748 346
0.0749 368
0.075 383
0.0751 384
0.0752 376
0.0753 372
0.0754 367
0.0755 365
0.0756 358
0.0757 351
0.0758 347
0.0759 342
0.076 338
0.0761 340
0.0762 343
0.0763 344
0.0764 366
0.0765 381
0.0766 393
0.0767 403
0.0768 405
0.0769 403
0.077 415
0.0771 450
0.0772 465
0.0773 486
0.0774 499
0.0775 508
0.0776 517
0.0777 520
0.0778 519
0.0779 522
0.078 525
0.0781 537
0.0782 529
0.0783 524
0.0784 520
0.0785 509
0.0786 509
0.0787 499
0.0788 498
0.0789 496
0.079 489
0.0791 476
0.0792 467
0.0793 454
0.0794 444
0.0795 435
0.0796 427
0.0797 423
0.0798 418
0.0799 416
0.08 414
0.0801 414
0.0802 410
0.0803 402
0.0804 401
0.0805 398
0.0806 396
0.0807 395
0.0808 382
0.0809 375
0.081 369
0.0811 365
0.0812 352
0.0813 349
0.0814 340
0.0815 338
0.0816 331
0.0817 328
0.0818 319
0.0819 322
0.082 318
0.0821 322
0.0822 348
0.0823 370
0.0824 376
0.0825 383
0.0826 389
0.0827 386
0.0828 387
0.0829 384
0.083 382
0.0831 378
0.0832 381
0.0833 375
0.0834 368
0.0835 371
0.0836 373
0.0837 380
0.0838 390
0.0839 405
0.084 423
0.0841 420
0.0842 423
0.0843 434
0.0844 456
0.0845 474
0.0846 488
0.0847 488
0.0848 492
0.0849 502
0.085 506
0.0851 507
0.0852 517
0.0853 519
0.0854 522
0.0855 526
0.0856 527
0.0857 530
0.0858 526
0.0859 525
0.086 527
0.0861 533
0.0862 529
0.0863 527
0.0864 526
0.0865 529
0.0866 531
0.0867 538
0.0868 537
0.0869 536
0.087 545
0.0871 544
0.0872 547
0.0873 549
0.0874 551
0.0875 555
0.0876 557
0.0877 562
0.0878 561
0.0879 566
0.088 571
0.0881 575
0.0882 575
0.0883 582
0.0884 583
0.0885 588
0.0886 592
0.0887 596
0.0888 599
0.0889 603
0.089 611
0.0891 613
0.0892 617
0.0893 621
0.0894 628
0.0895 631
0.0896 634
0.0897 637
0.0898 645
0.0899 649
0.09 651
0.0901 658
0.0902 666
0.0903 670
0.0904 675
0.0905 681
0.0906 688
0.0907 693
0.0908 700
0.0909 704
0.091 709
0.0911 717
0.0912 722
0.0913 726
0.0914 734
0.0915 740
0.0916 743
0.0917 754
0.0918 761
0.0919 763
0.092 772
0.0921 779
0.0922 784
0.0923 793
0.0924 796
0.0925 804
0.0926 815
0.0927 822
0.0928 827
0.0929 835
0.093 843
0.0931 851
0.0932 856
0.0933 865
0.0934 870
0.0935 878
0.0936 885
0.0937 893
0.0938 898
0.0939 904
0.094 914
0.0941 919
0.0942 928
0.0943 935
0.0944 942
0.0945 947
0.0946 955
0.0947 961
0.0948 965
0.0949 975
0.095 982
0.0951 990
0.0952 994
0.0953 1002
0.0954 1011
0.0955 1016
0.0956 1026
0.0957 1028
0.0958 1038
0.0959 1045
0.096 1049
0.0961 1061
0.0962 1068
0.0963 1074
0.0964 1084
0.0965 1092
0.0966 1096
0.0967 1105
0.0968 1111
0.0969 1120
0.097 1128
0.0971 1134
0.0972 1142
0.0973 1150
0.0974 1160
0.0975 1166
0.0976 1172
0.0977 1182
0.0978 1191
0.0979 1193
0.098 1203
0.0981 1211
0.0982 1222
0.0983 1226
0.0984 1235
0.0985 1246
0.0986 1256
0.0987 1262
0.0988 1271
0.0989 1278
0.099 1292
0.0991 1299
0.0992 1306
0.0993 1315
0.0994 1323
0.0995 1331
0.0996 1342
0.0997 1349
0.0998 1358
0.0999 1366
0.1 1373
0.1001 1385
0.1002 1390
0.1003 1401
0.1004 1413
0.1005 1415
0.1006 1428
0.1007 1438
0.1008 1449
0.1009 1455
0.101 1463
0.1011 1474
0.1012 1481
0.1013 1488
0.1014 1501
0.1015 1507
0.1016 1520
0.1017 1524
0.1018 1532
0.1019 1542
0.102 1547
0.1021 1556
0.1022 1567
0.1023 1576
0.1024 1579
0.1025 1593
0.1026 1599
0.1027 1609
0.1028 1616
0.1029 1628
0.103 1634
0.1031 1642
0.1032 1644
0.1033 1657
0.1034 1663
0.1035 1675
0.1036 1683
0.1037 1686
0.1038 1697
0.1039 1707
0.104 1716
0.1041 1721
0.1042 1730
0.1043 1737
0.1044 1735
0.1045 1749
0.1046 1755
0.1047 1765
0.1048 1774
0.1049 1779
0.105 1786
0.1051 1792
0.1052 1803
0.1053 1807
0.1054 1816
0.1055 1818
0.1056 1829
0.1057 1838
0.1058 1844
0.1059 1854
0.106 1857
0.1061 1869
0.1062 1878
0.1063 1887
0.1064 1886
0.1065 1898
0.1066 1900
0.1067 1915
0.1068 1917
0.1069 1927
0.107 1935
0.1071 1939
0.1072 1949
0.1073 1951
0.1074 1963
0.1075 1954
0.1076 1961
0.1077 1974
0.1078 1978
0.1079 1975
0.108 1982
0.1081 1981
0.1082 1979
0.1083 1969
0.1084 1966
0.1085 1965
0.1086 1956
0.1087 1948
0.1088 1937
0.1089 1929
0.109 1913
0.1091 1895
0.1092 1876
0.1093 1883
0.1094 1860
0.1095 1837
0.1096 1816
0.1097 1815
0.1098 1830
0.1099 1836
0.11 1868
0.1101 1870
0.1102 1874
0.1103 1863
0.1104 1833
0.1105 1832
0.1106 1800
0.1107 1758
0.1108 1723
0.1109 1689
0.111 1655
0.1111 1629
0.1112 1599
0.1113 1569
0.1114 1543
0.1115 1505
0.1116 1479
0.1117 1455
0.1118 1429
0.1119 1408
0.112 1380
0.1121 1345
0.1122 1324
0.1123 1295
0.1124 1279
0.1125 1247
0.1126 1220
0.1127 1188
0.1128 1154
0.1129 1135
0.113 1115
0.1131 1105
0.1132 1087
0.1133 1058
0.1134 1036
0.1135 1012
0.1136 997
0.1137 966
0.1138 940
0.1139 921
0.114 903
0.1141 885
0.1142 863
0.1143 846
0.1144 824
0.1145 815
0.1146 800
0.1147 785
0.1148 771
0.1149 765
0.115 758
0.1151 743
0.1152 723
0.1153 713
0.1154 704
0.1155 687
0.1156 682
0.1157 677
0.1158 655
0.1159 649
0.116 640
0.1161 634
0.1162 630
0.1163 620
0.1164 603
0.1165 599
0.1166 592
0.1167 584
0.1168 578
0.1169 570
0.117 570
0.1171 560
0.1172 547
0.1173 539
0.1174 529
0.1175 519
0.1176 514
0.1177 505
0.1178 496
0.1179 481
0.118 476
0.1181 472
0.1182 466
0.1183 464
0.1184 466
0.1185 455
0.1186 458
0.1187 452
0.1188 444
0.1189 438
0.119 429
0.1191 424
0.1192 416
0.1193 420
0.1194 411
0.1195 405
0.1196 397
0.1197 400
0.1198 424
0.1199 426
0.12 428
0.1201 434
0.1202 432
0.1203 427
0.1204 422
0.1205 415
0.1206 410
0.1207 403
0.1208 393
0.1209 389
0.121 387
0.1211 386
0.1212 388
0.1213 397
0.1214 404
0.1215 408
0.1216 422
0.1217 422
0.1218 423
0.1219 432
0.122 428
0.1221 426
0.1222 415
0.1223 409
0.1224 401
0.1225 405
0.1226 404
0.1227 396
0.1228 389
0.1229 383
0.123 382
0.1231 376
0.1232 373
0.1233 369
0.1234 363
0.1235 355
0.1236 348
0.1237 347
0.1238 343
0.1239 339
0.124 331
0.1241 324
0.1242 318
0.1243 313
0.1244 307
0.1245 301
0.1246 294
0.1247 287
0.1248 281
0.1249 271
0.125 267
0.1251 265
0.1252 267
0.1253 269
0.1254 267
0.1255 266
0.1256 269
0.1257 272
0.1258 274
0.1259 274
0.126 274
0.1261 277
0.1262 272
0.1263 275
0.1264 277
0.1265 272
0.1266 268
0.1267 264
0.1268 260
0.1269 267
0.127 265
0.1271 266
0.1272 263
0.1273 264
0.1274 259
0.1275 249
0.1276 251
0.1277 251
0.1278 248
0.1279 244
0.128 235
0.1281 231
0.1282 228
0.1283 223
0.1284 228
0.1285 239
0.1286 244
0.1287 249
0.1288 252
0.1289 247
0.129 251
0.1291 255
0.1292 252
0.1293 249
0.1294 256
0.1295 256
0.1296 255
0.1297 261
0.1298 256
0.1299 250
0.13 240
0.1301 238
0.1302 239
0.1303 231
0.1304 229
0.1305 228
0.1306 224
0.1307 227
0.1308 225
0.1309 223
0.131 225
0.1311 224
0.1312 223
0.1313 219
0.1314 218
0.1315 215
0.1316 219
0.1317 221
0.1318 216
0.1319 213
0.132 212
0.1321 214
0.1322 219
0.1323 223
0.1324 236
0.1325 236
0.1326 238
0.1327 236
0.1328 236
0.1329 229
0.133 226
0.1331 226
0.1332 221
0.1333 220
0.1334 217
0.1335 222
0.1336 208
0.1337 209
0.1338 219
0.1339 229
0.134 231
0.1341 239
0.1342 240
0.1343 246
0.1344 246
0.1345 246
0.1346 252
0.1347 253
0.1348 252
0.1349 248
0.135 244
0.1351 239
0.1352 235
0.1353 234
0.1354 227
0.1355 228
0.1356 227
0.1357 223
0.1358 232
0.1359 232
0.136 231
0.1361 226
0.1362 223
0.1363 227
0.1364 231
0.1365 238
0.1366 242
0.1367 239
0.1368 241
0.1369 239
0.137 239
0.1371 239
0.1372 237
0.1373 236
0.1374 234
0.1375 232
0.1376 233
0.1377 238
0.1378 240
0.1379 246
0.138 252
0.1381 251
0.1382 248
0.1383 245
0.1384 243
0.1385 262
0.1386 291
0.1387 327
0.1388 361
0.1389 381
0.139 404
0.1391 405
0.1392 402
0.1393 403
0.1394 399
0.1395 398
0.1396 398
0.1397 393
0.1398 382
0.1399 370
0.14 362
0.1401 363
0.1402 356
0.1403 349
0.1404 342
0.1405 336
0.1406 336
0.1407 329
0.1408 328
0.1409 325
0.141 314
0.1411 311
0.1412 307
0.1413 321
0.1414 355
0.1415 394
0.1416 414
0.1417 448
0.1418 489
0.1419 525
0.142 578
0.1421 606
0.1422 615
0.1423 627
0.1424 635
0.1425 642
0.1426 656
0.1427 662
0.1428 660
0.1429 667
0.143 664
0.1431 664
0.1432 656
0.1433 657
0.1434 651
0.1435 635
0.1436 625
0.1437 619
0.1438 610
0.1439 606
0.144 598
0.1441 585
0.1442 573
0.1443 560
0.1444 552
0.1445 538
0.1446 523
0.1447 522
0.1448 517
0.1449 512
0.145 499
0.1451 494
0.1452 495
0.1453 491
0.1454 490
0.1455 480
0.1456 471
0.1457 469
0.1458 462
0.1459 456
0.146 453
0.1461 447
0.1462 434
0.1463 424
0.1464 416
0.1465 407
0.1466 402
0.1467 397
0.1468 394
0.1469 392
0.147 380
0.1471 391
0.1472 398
0.1473 399
0.1474 397
0.1475 392
0.1476 386
0.1477 383
0.1478 389
0.1479 396
0.148 397
0.1481 395
0.1482 395
0.1483 400
0.1484 401
0.1485 391
0.1486 391
0.1487 385
0.1488 389
0.1489 382
0.149 377
0.1491 394
0.1492 417
0.1493 431
0.1494 441
0.1495 445
0.1496 450
0.1497 447
0.1498 446
0.1499 442
0.15 440
0.1501 434
0.1502 433
0.1503 426
0.1504 425
0.1505 420
0.1506 413
0.1507 412
0.1508 414
0.1509 408
0.151 407
0.1511 402
0.1512 398
0.1513 398
0.1514 408
0.1515 410
0.1516 420
0.1517 434
0.1518 444
0.1519 453
0.152 463
0.1521 476
0.1522 486
0.1523 507
0.1524 509
0.1525 530
0.1526 550
0.1527 577
0.1528 596
0.1529 615
0.153 625
0.1531 644
0.1532 655
0.1533 645
0.1534 654
0.1535 658
0.1536 662
0.1537 667
0.1538 666
0.1539 664
0.154 666
0.1541 665
0.1542 663
0.1543 664
0.1544 667
0.1545 671
0.1546 672
0.1547 670
0.1548 673
0.1549 665
0.155 672
0.1551 673
0.1552 674
0.1553 672
0.1554 679
0.1555 674
0.1556 677
0.1557 678
0.1558 683
0.1559 680
0.156 684
0.1561 684
0.1562 682
0.1563 685
0.1564 688
0.1565 685
0.1566 689
0.1567 687
0.1568 690
0.1569 691
0.157 693
0.1571 693
0.1572 696
0.1573 691
0.1574 698
0.1575 694
0.1576 698
0.1577 703
0.1578 703
0.1579 703
0.158 706
0.1581 710
0.1582 713
0.1583 711
0.1584 714
0.1585 718
0.1586 719
0.1587 724
0.1588 726
0.1589 728
0.159 731
0.1591 732
0.1592 736
0.1593 738
0.1594 741
0.1595 744
0.1596 748
0.1597 750
0.1598 756
0.1599 761
0.16 763
0.1601 768
0.1602 770
0.1603 775
0.1604 780
0.1605 782
0.1606 784
0.1607 789
0.1608 794
0.1609 793
0.161 800
0.1611 803
0.1612 807
0.1613 812
0.1614 815
0.1615 819
0.1616 824
0.1617 827
0.1618 832
0.1619 838
0.162 841
0.1621 847
0.1622 850
0.1623 859
0.1624 864
0.1625 871
0.1626 878
0.1627 884
0.1628 890
0.1629 895
0.163 901
0.1631 910
0.1632 916
0.1633 921
0.1634 926
0.1635 933
0.1636 939
0.1637 946
0.1638 953
0.1639 960
0.164 961
0.1641 972
0.1642 981
0.1643 984
0.1644 993
0.1645 1002
0.1646 1010
0.1647 1016
0.1648 1020
0.1649 1030
0.165 1039
0.1651 1045
0.1652 1052
0.1653 1060
0.1654 1064
0.1655 1074
0.1656 1080
0.1657 1091
0.1658 1094
0.1659 1104
0.166 1113
0.1661 1119
0.1662 1124
0.1663 1131
0.1664 1140
0.1665 1147
0.1666 1154
0.1667 1161
0.1668 1170
0.1669 1179
0.167 1182
0.1671 1190
0.1672 1198
0.1673 1202
0.1674 1214
0.1675 1219
0.1676 1229
0.1677 1231
0.1678 1244
0.1679 1247
0.168 1257
0.1681 1262
0.1682 1268
0.1683 1277
0.1684 1282
0.1685 1283
0.1686 1298
0.1687 1303
0.1688 1306
0.1689 1316
0.169 1323
0.1691 1332
0.1692 1330
0.1693 1344
0.1694 1351
0.1695 1360
0.1696 1360
0.1697 1369
0.1698 1377
0.1699 1381
0.17 1395
0.1701 1402
0.1702 1400
0.1703 1412
0.1704 1411
0.1705 1425
0.1706 1429
0.1707 1443
0.1708 1448
0.1709 1453
0.171 1464
0.1711 1469
0.1712 1475
0.1713 1486
0.1714 1492
0.1715 1491
0.1716 1501
0.1717 1507
0.1718 1511
0.1719 1523
0.172 1524
0.1721 1532
0.1722 1538
0.1723 1544
0.1724 1551
0.1725 1554
0.1726 1564
0.1727 1572
0.1728 1575
0.1729 1587
0.173 1596
0.1731 1603
0.1732 1603
0.1733 1614
0.1734 1618
0.1735 1624
0.1736 1628
0.1737 1637
0.1738 1642
0.1739 1647
0.174 1654
0.1741 1664
0.1742 1665
0.1743 1678
0.1744 1686
0.1745 1684
0.1746 1696
0.1747 1701
0.1748 1704
0.1749 1715
0.175 1723
0.1751 1721
0.1752 1728
0.1753 1738
0.1754 1742
0.1755 1745
0.1756 1754
0.1757 1765
0.1758 1762
0.1759 1776
0.176 1775
0.1761 1785
0.1762 1785
0.1763 1794
0.1764 1793
0.1765 1795
0.1766 1802
0.1767 1802
0.1768 1811
0.1769 1806
0.177 1799
0.1771 1775
0.1772 1760
0.1773 1734
0.1774 1699
0.1775 1674
0.1776 1646
0.1777 1606
0.1778 1561
0.1779 1523
0.178 1493
0.1781 1467
0.1782 1428
0.1783 1402
0.1784 1364
0.1785 1333
0.1786 1304
0.1787 1281
0.1788 1258
0.1789 1243
0.179 1222
0.1791 1199
0.1792 1183
0.1793 1167
0.1794 1138
0.1795 1117
0.1796 1089
0.1797 1061
0.1798 1040
0.1799 1018
0.18 995
0.1801 975
0.1802 952
0.1803 929
0.1804 901
0.1805 881
0.1806 858
0.1807 846
0.1808 822
0.1809 801
0.181 795
0.1811 782
0.1812 774
0.1813 798
0.1814 824
0.1815 859
0.1816 871
0.1817 896
0.1818 888
0.1819 893
0.182 885
0.1821 874
0.1822 855
0.1823 842
0.1824 856
0.1825 872
0.1826 881
0.1827 874
0.1828 870
0.1829 873
0.183 880
0.1831 874
0.1832 867
0.1833 859
0.1834 845
0.1835 823
0.1836 812
0.1837 792
0.1838 770
0.1839 757
0.184 749
0.1841 725
0.1842 703
0.1843 689
0.1844 666
0.1845 654
0.1846 648
0.1847 627
0.1848 611
0.1849 601
0.185 589
0.1851 571
0.1852 550
0.1853 547
0.1854 536
0.1855 527
0.1856 519
0.1857 501
0.1858 491
0.1859 482
0.186 466
0.1861 460
0.1862 459
0.1863 461
0.1864 458
0.1865 452
0.1866 440
0.1867 433
0.1868 427
0.1869 419
0.187 425
0.1871 426
0.1872 424
0.1873 420
0.1874 418
0.1875 418
0.1876 415
0.1877 411
0.1878 407
0.1879 401
0.188 402
0.1881 396
0.1882 397
0.1883 411
0.1884 426
0.1885 429
0.1886 434
0.1887 437
0.1888 445
0.1889 441
0.189 432
0.1891 423
0.1892 416
0.1893 407
0.1894 395
0.1895 388
0.1896 380
0.1897 375
0.1898 367
0.1899 365
0.19 359
0.1901 348
0.1902 350
0.1903 348
0.1904 338
0.1905 339
0.1906 327
0.1907 316
0.1908 311
0.1909 301
0.191 296
0.1911 292
0.1912 283
0.1913 281
0.1914 271
0.1915 269
0.1916 266
0.1917 270
0.1918 274
0.1919 276
0.192 282
0.1921 283
0.1922 282
0.1923 287
0.1924 290
0.1925 289
0.1926 292
0.1927 298
0.1928 298
0.1929 300
0.193 297
0.1931 292
0.1932 283
0.1933 279
0.1934 273
0.1935 269
0.1936 264
0.1937 260
0.1938 251
0.1939 245
0.194 249
0.1941 246
0.1942 240
0.1943 238
0.1944 238
0.1945 231
0.1946 231
0.1947 237
0.1948 241
0.1949 246
0.195 250
0.1951 254
0.1952 251
0.1953 256
0.1954 263
0.1955 263
0.1956 261
0.1957 260
0.1958 259
0.1959 260
0.196 257
0.1961 255
0.1962 250
0.1963 247
0.1964 245
0.1965 247
0.1966 244
0.1967 239
0.1968 245
0.1969 249
0.197 250
0.1971 251
0.1972 245
0.1973 248
0.1974 245
0.1975 246
0.1976 250
0.1977 256
0.1978 251
0.1979 248
0.198 250
0.1981 245
0.1982 252
0.1983 255
0.1984 250
0.1985 250
0.1986 254
0.1987 254
0.1988 261
0.1989 258
0.199 259
0.1991 259
0.1992 256
0.1993 249
0.1994 244
0.1995 236
0.1996 234
0.1997 231
0.1998 225
0.1999 227
0.2 225
0.2001 225
0.2002 231
0.2003 230
0.2004 239
0.2005 236
0.2006 239
0.2007 239
0.2008 239
0.2009 239
0.201 229
0.2011 226
0.2012 223
0.2013 218
0.2014 221
0.2015 222
0.2016 225
0.2017 226
0.2018 231
0.2019 233
0.202 237
0.2021 236
0.2022 242
0.2023 238
0.2024 241
0.2025 245
0.2026 247
0.2027 251
0.2028 247
0.2029 244
0.203 258
0.2031 264
0.2032 276
0.2033 281
0.2034 285
0.2035 288
0.2036 295
0.2037 300
0.2038 305
0.2039 298
0.204 296
0.2041 284
0.2042 285
0.2043 285
0.2044 278
0.2045 281
0.2046 273
0.2047 280
0.2048 300
0.2049 308
0.205 305
0.2051 299
0.2052 304
0.2053 300
0.2054 301
0.2055 300
0.2056 299
0.2057 296
0.2058 297
0.2059 290
0.206 292
0.2061 297
0.2062 306
0.2063 307
0.2064 303
0.2065 299
0.2066 306
0.2067 315
0.2068 316
0.2069 300
0.207 295
0.2071 288
0.2072 291
0.2073 303
0.2074 306
0.2075 312
0.2076 310
0.2077 307
0.2078 308
0.2079 307
0.208 307
0.2081 300
0.2082 300
0.2083 296
0.2084 304
0.2085 298
0.2086 298
0.2087 297
0.2088 292
0.2089 286
0.209 284
0.2091 280
0.2092 284
0.2093 282
0.2094 291
0.2095 294
0.2096 293
0.2097 300
0.2098 300
0.2099 300
0.21 295
0.2101 293
0.2102 298
0.2103 305
0.2104 297
0.2105 303
0.2106 305
0.2107 306
0.2108 304
0.2109 299
0.211 297
0.2111 293
0.2112 291
0.2113 288
0.2114 290
0.2115 290
0.2116 287
0.2117 286
0.2118 286
0.2119 285
0.212 282
0.2121 277
0.2122 268
0.2123 272
0.2124 267
0.2125 266
0.2126 264
0.2127 260
0.2128 257
0.2129 256
0.213 257
0.2131 257
0.2132 252
0.2133 251
0.2134 254
0.2135 258
0.2136 263
0.2137 260
0.2138 262
0.2139 262
0.214 259
0.2141 259
0.2142 255
0.2143 253
0.2144 247
0.2145 249
0.2146 249
0.2147 258
0.2148 267
0.2149 278
0.215 297
0.2151 321
0.2152 343
0.2153 349
0.2154 353
0.2155 360
0.2156 365
0.2157 365
0.2158 364
0.2159 359
0.216 367
0.2161 387
0.2162 415
0.2163 431
0.2164 433
0.2165 434
0.2166 427
0.2167 423
0.2168 408
0.2169 402
0.217 402
0.2171 396
0.2172 382
0.2173 375
0.2174 371
0.2175 367
0.2176 366
0.2177 365
0.2178 362
0.2179 356
0.218 345
0.2181 336
0.2182 336
0.2183 329
0.2184 328
0.2185 331
0.2186 327
0.2187 330
0.2188 325
0.2189 335
0.219 344
0.2191 346
0.2192 346
0.2193 360
0.2194 394
0.2195 417
0.2196 439
0.2197 450
0.2198 470
0.2199 475
0.22 479
0.2201 476
0.2202 472
0.2203 465
0.2204 462
0.2205 455
0.2206 454
0.2207 442
0.2208 433
0.2209 425
0.221 427
0.2211 425
0.2212 427
0.2213 421
0.2214 430
0.2215 438
0.2216 447
0.2217 450
0.2218 454
0.2219 466
0.222 458
0.2221 450
0.2222 443
0.2223 443
0.2224 449
0.2225 444
0.2226 434
0.2227 428
0.2228 418
0.2229 415
0.223 405
0.2231 403
0.2232 392
0.2233 382
0.2234 373
0.2235 363
0.2236 358
0.2237 355
0.2238 353
0.2239 354
0.224 344
0.2241 345
0.2242 349
0.2243 345
0.2244 348
0.2245 347
0.2246 340
0.2247 349
0.2248 347
0.2249 343
0.225 335
0.2251 334
0.2252 337
0.2253 331
0.2254 337
0.2255 327
0.2256 321
0.2257 322
0.2258 322
0.2259 320
0.226 318
0.2261 310
0.2262 314
0.2263 303
0.2264 299
0.2265 289
0.2266 280
0.2267 275
0.2268 266
0.2269 264
0.227 270
0.2271 276
0.2272 280
0.2273 282
0.2274 285
0.2275 281
0.2276 276
0.2277 280
0.2278 285
0.2279 281
0.228 281
0.2281 280
0.2282 279
0.2283 283
0.2284 281
0.2285 275
0.2286 271
0.2287 270
0.2288 267
0.2289 264
0.229 262
0.2291 262
0.2292 262
0.2293 275
0.2294 283
0.2295 291
0.2296 294
0.2297 292
0.2298 288
0.2299 291
0.23 287
0.2301 279
0.2302 277
0.2303 277
0.2304 276
0.2305 282
0.2306 284
0.2307 287
0.2308 286
0.2309 281
0.231 276
0.2311 278
0.2312 280
0.2313 284
0.2314 285
0.2315 285
0.2316 285
0.2317 286
0.2318 286
0.2319 285
0.232 282
0.2321 285
0.2322 285
0.2323 280
0.2324 288
0.2325 293
0.2326 297
0.2327 306
0.2328 316
0.2329 325
0.233 329
0.2331 340
0.2332 340
0.2333 346
0.2334 360
0.2335 375
0.2336 394
0.2337 397
0.2338 404
0.2339 401
0.234 400
0.2341 400
0.2342 402
0.2343 401
0.2344 401
0.2345 390
0.2346 390
0.2347 382
0.2348 380
0.2349 376
0.235 380
0.2351 372
0.2352 365
0.2353 359
0.2354 362
0.2355 367
0.2356 367
0.2357 386
0.2358 406
0.2359 416
0.236 428
0.2361 424
0.2362 423
0.2363 428
0.2364 425
0.2365 419
0.2366 412
0.2367 411
0.2368 399
0.2369 393
0.237 379
0.2371 378
0.2372 374
0.2373 370
0.2374 364
0.2375 352
0.2376 348
0.2377 344
0.2378 339
0.2379 344
0.238 340
0.2381 336
0.2382 338
0.2383 337
0.2384 337
0.2385 334
0.2386 334
0.2387 336
0.2388 331
0.2389 328
0.239 322
0.2391 318
0.2392 317
0.2393 315
0.2394 319
0.2395 319
0.2396 321
0.2397 324
0.2398 322
0.2399 317
0.24 317
0.2401 331
0.2402 350
0.2403 358
0.2404 373
0.2405 380
0.2406 392
0.2407 395
0.2408 404
0.2409 418
0.241 427
0.2411 438
0.2412 439
0.2413 447
0.2414 457
0.2415 464
0.2416 461
0.2417 465
0.2418 468
0.2419 469
0.242 472
0.2421 474
0.2422 474
0.2423 475
0.2424 476
0.2425 480
0.2426 481
0.2427 480
0.2428 484
0.2429 483
0.243 485
0.2431 489
0.2432 489
0.2433 492
0.2434 492
0.2435 494
0.2436 493
0.2437 497
0.2438 497
0.2439 499
0.244 502
0.2441 504
0.2442 508
0.2443 509
0.2444 511
0.2445 518
0.2446 517
0.2447 523
0.2448 525
0.2449 528
0.245 532
0.2451 538
0.2452 540
0.2453 545
0.2454 548
0.2455 553
0.2456 556
0.2457 561
0.2458 566
0.2459 571
0.246 573
0.2461 574
0.2462 581
0.2463 588
0.2464 592
0.2465 597
0.2466 600
0.2467 607
0.2468 611
0.2469 618
0.247 619
0.2471 629
0.2472 634
0.2473 638
0.2474 643
0.2475 650
0.2476 654
0.2477 661
0.2478 667
0.2479 672
0.248 678
0.2481 681
0.2482 689
0.2483 692
0.2484 700
0.2485 707
0.2486 711
0.2487 717
0.2488 721
0.2489 726
0.249 734
0.2491 742
0.2492 748
0.2493 753
0.2494 761
0.2495 770
0.2496 773
0.2497 781
0.2498 787
0.2499 794
0.25 804
