0 0
0.0001 0
0.0002 0
0.0003 0
0.0004 0
0.0005 0
0.0006 1
0.0007 1
0.0008 2
0.0009 2
0.001 2
0.0011 2
0.0012 2
0.0013 3
0.0014 3
0.0015 3
0.0016 3
0.0017 4
0.0018 4
0.0019 4
0.002 4
0.0021 4
0.0022 4
0.0023 4
0.0024 3
0.0025 3
0.0026 3
0.0027 3
0.0028 3
0.0029 3
0.003 3
0.0031 3
0.0032 2
0.0033 2
0.0034 2
0.0035 2
0.0036 2
0.0037 2
0.0038 2
0.0039 3
0.004 3
0.0041 4
0.0042 4
0.0043 3
0.0044 3
0.0045 3
0.0046 2
0.0047 2
0.0048 2
0.0049 2
0.005 2
0.0051 2
0.0052 2
0.0053 2
0.0054 2
0.0055 2
0.0056 2
0.0057 2
0.0058 3
0.0059 3
0.006 3
0.0061 3
0.0062 4
0.0063 4
0.0064 4
0.0065 4
0.0066 3
0.0067 3
0.0068 3
0.0069 3
0.007 3
0.0071 4
0.0072 4
0.0073 4
0.0074 4
0.0075 4
0.0076 4
0.0077 4
0.0078 4
0.0079 4
0.008 4
0.0081 4
0.0082 5
0.0083 4
0.0084 4
0.0085 4
0.0086 4
0.0087 4
0.0088 4
0.0089 4
0.009 4
0.0091 4
0.0092 4
0.0093 4
0.0094 4
0.0095 4
0.0096 4
0.0097 4
0.0098 4
0.0099 4
0.01 5
0.0101 5
0.0102 5
0.0103 5
0.0104 5
0.0105 5
0.0106 5
0.0107 5
0.0108 4
0.0109 3
0.011 3
0.0111 3
0.0112 3
0.0113 3
0.0114 3
0.0115 2
0.0116 2
0.0117 2
0.0118 2
0.0119 2
0.012 2
0.0121 2
0.0122 3
0.0123 3
0.0124 2
0.0125 2
0.0126 2
0.0127 3
0.0128 3
0.0129 3
0.013 3
0.0131 2
0.0132 2
0.0133 2
0.0134 2
0.0135 2
0.0136 2
0.0137 2
0.0138 2
0.0139 2
0.014 2
0.0141 3
0.0142 3
0.0143 3
0.0144 3
0.0145 3
0.0146 4
0.0147 3
0.0148 4
0.0149 4
0.015 5
0.0151 5
0.0152 6
0.0153 6
0.0154 6
0.0155 5
0.0156 5
0.0157 5
0.0158 5
0.0159 5
0.016 5
0.0161 5
0.0162 5
0.0163 5
0.0164 5
0.0165 5
0.0166 5
0.0167 5
0.0168 5
0.0169 5
0.017 7
0.0171 7
0.0172 7
0.0173 7
0.0174 7
0.0175 7
0.0176 7
0.0177 7
0.0178 6
0.0179 7
0.018 6
0.0181 5
0.0182 5
0.0183 5
0.0184 5
0.0185 5
0.0186 5
0.0187 5
0.0188 5
0.0189 5
0.019 5
0.0191 5
0.0192 5
0.0193 5
0.0194 4
0.0195 3
0.0196 3
0.0197 3
0.0198 3
0.0199 3
0.02 3
0.0201 3
0.0202 3
0.0203 2
0.0204 2
0.0205 2
0.0206 2
0.0207 2
0.0208 2
0.0209 2
0.021 3
0.0211 3
0.0212 3
0.0213 3
0.0214 3
0.0215 3
0.0216 3
0.0217 4
0.0218 4
0.0219 4
0.022 4
0.0221 4
0.0222 4
0.0223 4
0.0224 4
0.0225 4
0.0226 4
0.0227 4
0.0228 3
0.0229 3
0.023 3
0.0231 3
0.0232 3
0.0233 3
0.0234 3
0.0235 3
0.0236 3
0.0237 3
0.0238 3
0.0239 3
0.024 3
0.0241 3
0.0242 3
0.0243 3
0.0244 4
0.0245 4
0.0246 4
0.0247 4
0.0248 4
0.0249 4
0.025 5
0.0251 5
0.0252 5
0.0253 4
0.0254 4
0.0255 4
0.0256 4
0.0257 4
0.0258 4
0.0259 4
0.026 4
0.0261 4
0.0262 4
0.0263 5
0.0264 5
0.0265 5
0.0266 4
0.0267 4
0.0268 5
0.0269 5
0.027 5
0.0271 6
0.0272 5
0.0273 6
0.0274 6
0.0275 6
0.0276 6
0.0277 6
0.0278 6
0.0279 6
0.028 7
0.0281 7
0.0282 7
0.0283 7
0.0284 7
0.0285 7
0.0286 7
0.0287 7
0.0288 7
0.0289 7
0.029 7
0.0291 8
0.0292 8
0.0293 9
0.0294 9
0.0295 9
0.0296 10
0.0297 10
0.0298 10
0.0299 9
0.03 9
0.0301 9
0.0302 9
0.0303 9
0.0304 9
0.0305 9
0.0306 9
0.0307 9
0.0308 9
0.0309 10
0.031 11
0.0311 10
0.0312 10
0.0313 10
0.0314 10
0.0315 10
0.0316 10
0.0317 11
0.0318 11
0.0319 11
0.032 11
0.0321 11
0.0322 11
0.0323 11
0.0324 11
0.0325 12
0.0326 12
0.0327 12
0.0328 10
0.0329 10
0.033 10
0.0331 10
0.0332 9
0.0333 9
0.0334 10
0.0335 10
0.0336 11
0.0337 11
0.0338 11
0.0339 11
0.034 11
0.0341 12
0.0342 12
0.0343 12
0.0344 13
0.0345 12
0.0346 12
0.0347 11
0.0348 10
0.0349 10
0.035 10
0.0351 10
0.0352 10
0.0353 10
0.0354 10
0.0355 10
0.0356 10
0.0357 10
0.0358 10
0.0359 10
0.036 10
0.0361 10
0.0362 9
0.0363 9
0.0364 9
0.0365 9
0.0366 9
0.0367 11
0.0368 11
0.0369 10
0.037 10
0.0371 10
0.0372 10
0.0373 11
0.0374 11
0.0375 11
0.0376 11
0.0377 11
0.0378 11
0.0379 11
0.038 12
0.0381 13
0.0382 13
0.0383 14
0.0384 14
0.0385 15
0.0386 14
0.0387 15
0.0388 15
0.0389 15
0.039 15
0.0391 15
0.0392 16
0.0393 17
0.0394 17
0.0395 16
0.0396 16
0.0397 16
0.0398 16
0.0399 16
0.04 16
0.0401 16
0.0402 16
0.0403 17
0.0404 17
0.0405 17
0.0406 16
0.0407 16
0.0408 16
0.0409 17
0.041 17
0.0411 17
0.0412 17
0.0413 17
0.0414 17
0.0415 17
0.0416 17
0.0417 18
0.0418 17
0.0419 17
0.042 17
0.0421 17
0.0422 17
0.0423 17
0.0424 16
0.0425 15
0.0426 15
0.0427 15
0.0428 16
0.0429 16
0.043 17
0.0431 17
0.0432 17
0.0433 17
0.0434 17
0.0435 17
0.0436 17
0.0437 17
0.0438 17
0.0439 17
0.044 17
0.0441 17
0.0442 17
0.0443 17
0.0444 18
0.0445 18
0.0446 18
0.0447 19
0.0448 19
0.0449 18
0.045 18
0.0451 18
0.0452 18
0.0453 18
0.0454 18
0.0455 18
0.0456 19
0.0457 18
0.0458 17
0.0459 16
0.046 16
0.0461 15
0.0462 15
0.0463 16
0.0464 15
0.0465 16
0.0466 16
0.0467 16
0.0468 17
0.0469 17
0.047 17
0.0471 17
0.0472 18
0.0473 18
0.0474 18
0.0475 19
0.0476 19
0.0477 19
0.0478 20
0.0479 20
0.048 20
0.0481 20
0.0482 20
0.0483 20
0.0484 20
0.0485 20
0.0486 20
0.0487 20
0.0488 20
0.0489 20
0.049 20
0.0491 20
0.0492 20
0.0493 21
0.0494 21
0.0495 21
0.0496 20
0.0497 20
0.0498 20
0.0499 20
0.05 20
0.0501 20
0.0502 20
0.0503 20
0.0504 20
0.0505 20
0.0506 20
0.0507 19
0.0508 17
0.0509 17
0.051 17
0.0511 17
0.0512 17
0.0513 17
0.0514 17
0.0515 17
0.0516 17
0.0517 17
0.0518 17
0.0519 17
0.052 17
0.0521 15
0.0522 15
0.0523 15
0.0524 15
0.0525 15
0.0526 15
0.0527 15
0.0528 15
0.0529 16
0.053 17
0.0531 17
0.0532 17
0.0533 17
0.0534 17
0.0535 17
0.0536 17
0.0537 17
0.0538 17
0.0539 17
0.054 17
0.0541 18
0.0542 18
0.0543 18
0.0544 18
0.0545 18
0.0546 19
0.0547 20
0.0548 21
0.0549 21
0.055 22
0.0551 21
0.0552 21
0.0553 21
0.0554 21
0.0555 22
0.0556 24
0.0557 25
0.0558 25
0.0559 24
0.056 24
0.0561 24
0.0562 24
0.0563 24
0.0564 24
0.0565 24
0.0566 24
0.0567 23
0.0568 23
0.0569 23
0.057 23
0.0571 24
0.0572 24
0.0573 24
0.0574 24
0.0575 23
0.0576 23
0.0577 23
0.0578 23
0.0579 23
0.058 23
0.0581 23
0.0582 22
0.0583 23
0.0584 24
0.0585 24
0.0586 24
0.0587 26
0.0588 27
0.0589 27
0.059 27
0.0591 28
0.0592 28
0.0593 28
0.0594 27
0.0595 27
0.0596 26
0.0597 26
0.0598 26
0.0599 27
0.06 27
0.0601 26
0.0602 26
0.0603 27
0.0604 27
0.0605 27
0.0606 29
0.0607 29
0.0608 28
0.0609 28
0.061 29
0.0611 29
0.0612 28
0.0613 28
0.0614 29
0.0615 30
0.0616 30
0.0617 29
0.0618 29
0.0619 29
0.062 30
0.0621 30
0.0622 30
0.0623 30
0.0624 31
0.0625 29
0.0626 29
0.0627 30
0.0628 32
0.0629 32
0.063 31
0.0631 31
0.0632 30
0.0633 31
0.0634 31
0.0635 31
0.0636 31
0.0637 31
0.0638 31
0.0639 31
0.064 31
0.0641 32
0.0642 32
0.0643 32
0.0644 32
0.0645 32
0.0646 32
0.0647 32
0.0648 30
0.0649 30
0.065 31
0.0651 31
0.0652 29
0.0653 29
0.0654 30
0.0655 30
0.0656 29
0.0657 29
0.0658 31
0.0659 31
0.066 32
0.0661 32
0.0662 32
0.0663 32
0.0664 32
0.0665 33
0.0666 34
0.0667 34
0.0668 34
0.0669 35
0.067 35
0.0671 35
0.0672 36
0.0673 36
0.0674 36
0.0675 35
0.0676 34
0.0677 34
0.0678 34
0.0679 34
0.068 34
0.0681 34
0.0682 34
0.0683 34
0.0684 35
0.0685 35
0.0686 35
0.0687 34
0.0688 35
0.0689 34
0.069 34
0.0691 34
0.0692 35
0.0693 35
0.0694 35
0.0695 35
0.0696 35
0.0697 35
0.0698 35
0.0699 35
0.07 35
0.0701 35
0.0702 35
0.0703 36
0.0704 37
0.0705 37
0.0706 37
0.0707 36
0.0708 35
0.0709 36
0.071 36
0.0711 36
0.0712 37
0.0713 36
0.0714 35
0.0715 35
0.0716 35
0.0717 36
0.0718 36
0.0719 37
0.072 37
0.0721 37
0.0722 36
0.0723 36
0.0724 36
0.0725 36
0.0726 36
0.0727 35
0.0728 36
0.0729 36
0.073 37
0.0731 37
0.0732 38
0.0733 38
0.0734 38
0.0735 38
0.0736 37
0.0737 37
0.0738 37
0.0739 36
0.074 36
0.0741 36
0.0742 36
0.0743 35
0.0744 35
0.0745 35
0.0746 35
0.0747 35
0.0748 36
0.0749 35
0.075 35
0.0751 35
0.0752 35
0.0753 35
0.0754 35
0.0755 35
0.0756 35
0.0757 36
0.0758 36
0.0759 36
0.076 34
0.0761 35
0.0762 36
0.0763 36
0.0764 36
0.0765 36
0.0766 36
0.0767 36
0.0768 35
0.0769 36
0.077 36
0.0771 36
0.0772 37
0.0773 37
0.0774 37
0.0775 38
0.0776 36
0.0777 36
0.0778 36
0.0779 36
0.078 36
0.0781 36
0.0782 36
0.0783 36
0.0784 36
0.0785 35
0.0786 34
0.0787 34
0.0788 34
0.0789 34
0.079 33
0.0791 34
0.0792 34
0.0793 34
0.0794 33
0.0795 33
0.0796 33
0.0797 36
0.0798 36
0.0799 36
0.08 36
0.0801 36
0.0802 36
0.0803 36
0.0804 36
0.0805 36
0.0806 35
0.0807 36
0.0808 35
0.0809 35
0.081 34
0.0811 34
0.0812 35
0.0813 35
0.0814 35
0.0815 34
0.0816 34
0.0817 34
0.0818 34
0.0819 34
0.082 34
0.0821 33
0.0822 33
0.0823 34
0.0824 34
0.0825 34
0.0826 34
0.0827 34
0.0828 33
0.0829 33
0.083 33
0.0831 34
0.0832 34
0.0833 34
0.0834 35
0.0835 35
0.0836 35
0.0837 35
0.0838 35
0.0839 35
0.084 34
0.0841 34
0.0842 36
0.0843 36
0.0844 36
0.0845 36
0.0846 36
0.0847 37
0.0848 37
0.0849 38
0.085 38
0.0851 37
0.0852 38
0.0853 37
0.0854 36
0.0855 38
0.0856 38
0.0857 37
0.0858 37
0.0859 37
0.086 37
0.0861 38
0.0862 38
0.0863 38
0.0864 39
0.0865 40
0.0866 40
0.0867 41
0.0868 42
0.0869 41
0.087 42
0.0871 42
0.0872 43
0.0873 42
0.0874 43
0.0875 43
0.0876 44
0.0877 45
0.0878 45
0.0879 45
0.088 45
0.0881 43
0.0882 43
0.0883 43
0.0884 42
0.0885 41
0.0886 41
0.0887 42
0.0888 42
0.0889 42
0.089 43
0.0891 43
0.0892 42
0.0893 43
0.0894 43
0.0895 44
0.0896 44
0.0897 45
0.0898 46
0.0899 47
0.09 46
0.0901 44
0.0902 44
0.0903 44
0.0904 44
0.0905 44
0.0906 45
0.0907 45
0.0908 46
0.0909 46
0.091 46
0.0911 46
0.0912 46
0.0913 44
0.0914 44
0.0915 45
0.0916 45
0.0917 45
0.0918 45
0.0919 45
0.092 46
0.0921 47
0.0922 47
0.0923 48
0.0924 48
0.0925 48
0.0926 48
0.0927 47
0.0928 47
0.0929 46
0.093 45
0.0931 44
0.0932 44
0.0933 44
0.0934 44
0.0935 44
0.0936 44
0.0937 43
0.0938 43
0.0939 43
0.094 46
0.0941 47
0.0942 47
0.0943 47
0.0944 49
0.0945 47
0.0946 48
0.0947 49
0.0948 49
0.0949 49
0.095 48
0.0951 50
0.0952 49
0.0953 49
0.0954 48
0.0955 48
0.0956 48
0.0957 48
0.0958 49
0.0959 50
0.096 50
0.0961 50
0.0962 50
0.0963 50
0.0964 49
0.0965 49
0.0966 49
0.0967 49
0.0968 49
0.0969 49
0.097 49
0.0971 49
0.0972 49
0.0973 46
0.0974 46
0.0975 45
0.0976 45
0.0977 46
0.0978 46
0.0979 46
0.098 45
0.0981 46
0.0982 46
0.0983 47
0.0984 47
0.0985 46
0.0986 47
0.0987 46
0.0988 45
0.0989 45
0.099 45
0.0991 45
0.0992 46
0.0993 46
0.0994 45
0.0995 45
0.0996 45
0.0997 46
0.0998 46
0.0999 48
0.1 48
