0 0
0.0001 0
0.0002 0
0.0003 0
0.0004 0
0.0005 0
0.0006 0
0.0007 0
0.0008 0
0.0009 0
0.001 0
0.0011 0
0.0012 0
0.0013 0
0.0014 0
0.0015 0
0.0016 0
0.0017 0
0.0018 0
0.0019 0
0.002 0
0.0021 0
0.0022 0
0.0023 0
0.0024 0
0.0025 0
0.0026 0
0.0027 0
0.0028 0
0.0029 0
0.003 0
0.0031 0
0.0032 0
0.0033 0
0.0034 0
0.0035 0
0.0036 0
0.0037 0
0.0038 0
0.0039 0
0.004 0
0.0041 0
0.0042 0
0.0043 0
0.0044 0
0.0045 0
0.0046 0
0.0047 0
0.0048 0
0.0049 0
0.005 1
0.0051 1
0.0052 0
0.0053 0
0.0054 0
0.0055 1
0.0056 0
0.0057 0
0.0058 0
0.0059 0
0.006 0
0.0061 1
0.0062 1
0.0063 0
0.0064 1
0.0065 0
0.0066 2
0.0067 0
0.0068 1
0.0069 0
0.007 0
0.0071 0
0.0072 1
0.0073 0
0.0074 1
0.0075 0
0.0076 2
0.0077 0
0.0078 0
0.0079 1
0.008 0
0.0081 1
0.0082 0
0.0083 0
0.0084 0
0.0085 0
0.0086 0
0.0087 2
0.0088 1
0.0089 0
0.009 0
0.0091 1
0.0092 0
0.0093 0
0.0094 0
0.0095 1
0.0096 1
0.0097 1
0.0098 1
0.0099 1
0.01 1
0.0101 0
0.0102 1
0.0103 1
0.0104 2
0.0105 0
0.0106 0
0.0107 0
0.0108 0
0.0109 0
0.011 0
0.0111 0
0.0112 0
0.0113 0
0.0114 0
0.0115 0
0.0116 0
0.0117 0
0.0118 2
0.0119 0
0.012 0
0.0121 1
0.0122 0
0.0123 1
0.0124 0
0.0125 1
0.0126 3
0.0127 0
0.0128 0
0.0129 1
0.013 1
0.0131 0
0.0132 1
0.0133 1
0.0134 1
0.0135 0
0.0136 1
0.0137 1
0.0138 1
0.0139 1
0.014 1
0.0141 1
0.0142 2
0.0143 2
0.0144 0
0.0145 0
0.0146 0
0.0147 2
0.0148 0
0.0149 1
0.015 1
0.0151 1
0.0152 1
0.0153 1
0.0154 2
0.0155 3
0.0156 3
0.0157 2
0.0158 4
0.0159 0
0.016 0
0.0161 1
0.0162 2
0.0163 3
0.0164 2
0.0165 3
0.0166 0
0.0167 1
0.0168 0
0.0169 2
0.017 2
0.0171 1
0.0172 2
0.0173 2
0.0174 3
0.0175 2
0.0176 1
0.0177 1
0.0178 2
0.0179 3
0.018 4
0.0181 3
0.0182 1
0.0183 3
0.0184 4
0.0185 0
0.0186 4
0.0187 3
0.0188 1
0.0189 2
0.019 0
0.0191 2
0.0192 2
0.0193 3
0.0194 4
0.0195 1
0.0196 4
0.0197 2
0.0198 5
0.0199 7
0.02 2
0.0201 1
0.0202 1
0.0203 2
0.0204 2
0.0205 2
0.0206 3
0.0207 7
0.0208 4
0.0209 1
0.021 3
0.0211 1
0.0212 4
0.0213 4
0.0214 2
0.0215 2
0.0216 2
0.0217 8
0.0218 1
0.0219 6
0.022 4
0.0221 5
0.0222 3
0.0223 8
0.0224 2
0.0225 3
0.0226 2
0.0227 10
0.0228 5
0.0229 3
0.023 5
0.0231 3
0.0232 4
0.0233 9
0.0234 3
0.0235 3
0.0236 6
0.0237 5
0.0238 10
0.0239 5
0.024 6
0.0241 10
0.0242 9
0.0243 2
0.0244 7
0.0245 4
0.0246 6
0.0247 3
0.0248 12
0.0249 6
0.025 7
0.0251 7
0.0252 9
0.0253 8
0.0254 6
0.0255 4
0.0256 10
0.0257 3
0.0258 7
0.0259 8
0.026 4
0.0261 9
0.0262 8
0.0263 10
0.0264 10
0.0265 8
0.0266 7
0.0267 7
0.0268 6
0.0269 7
0.027 7
0.0271 8
0.0272 10
0.0273 8
0.0274 7
0.0275 7
0.0276 13
0.0277 13
0.0278 18
0.0279 14
0.028 17
0.0281 25
0.0282 25
0.0283 29
0.0284 27
0.0285 49
0.0286 57
0.0287 68
0.0288 90
0.0289 118
0.029 153
0.0291 192
0.0292 230
0.0293 270
0.0294 307
0.0295 340
0.0296 370
0.0297 402
0.0298 427
0.0299 459
0.03 488
0.0301 513
0.0302 543
0.0303 563
0.0304 589
0.0305 616
0.0306 646
0.0307 679
0.0308 698
0.0309 727
0.031 762
0.0311 785
0.0312 801
0.0313 823
0.0314 839
0.0315 860
0.0316 892
0.0317 916
0.0318 950
0.0319 968
0.032 986
0.0321 1011
0.0322 1021
0.0323 1037
0.0324 1053
0.0325 1068
0.0326 1097
0.0327 1118
0.0328 1124
0.0329 1138
0.033 1139
0.0331 1153
0.0332 1163
0.0333 1168
0.0334 1170
0.0335 1165
0.0336 1167
0.0337 1176
0.0338 1181
0.0339 1192
0.034 1195
0.0341 1192
0.0342 1197
0.0343 1208
0.0344 1208
0.0345 1225
0.0346 1229
0.0347 1234
0.0348 1231
0.0349 1238
0.035 1248
0.0351 1251
0.0352 1259
0.0353 1264
0.0354 1274
0.0355 1289
0.0356 1302
0.0357 1308
0.0358 1315
0.0359 1311
0.036 1316
0.0361 1317
0.0362 1327
0.0363 1336
0.0364 1340
0.0365 1340
0.0366 1341
0.0367 1349
0.0368 1350
0.0369 1350
0.037 1345
0.0371 1347
0.0372 1348
0.0373 1347
0.0374 1346
0.0375 1344
0.0376 1342
0.0377 1341
0.0378 1335
0.0379 1327
0.038 1322
0.0381 1316
0.0382 1316
0.0383 1322
0.0384 1317
0.0385 1319
0.0386 1321
0.0387 1324
0.0388 1318
0.0389 1318
0.039 1316
0.0391 1308
0.0392 1305
0.0393 1300
0.0394 1286
0.0395 1276
0.0396 1266
0.0397 1265
0.0398 1253
0.0399 1254
0.04 1252
0.0401 1239
0.0402 1236
0.0403 1239
0.0404 1232
0.0405 1230
0.0406 1221
0.0407 1204
0.0408 1183
0.0409 1174
0.041 1161
0.0411 1147
0.0412 1141
0.0413 1144
0.0414 1153
0.0415 1152
0.0416 1140
0.0417 1142
0.0418 1139
0.0419 1136
0.042 1132
0.0421 1129
0.0422 1130
0.0423 1128
0.0424 1126
0.0425 1115
0.0426 1101
0.0427 1093
0.0428 1091
0.0429 1087
0.043 1078
0.0431 1071
0.0432 1066
0.0433 1055
0.0434 1043
0.0435 1031
0.0436 1031
0.0437 1036
0.0438 1030
0.0439 1026
0.044 1004
0.0441 984
0.0442 965
0.0443 940
0.0444 938
0.0445 945
0.0446 940
0.0447 941
0.0448 941
0.0449 930
0.045 937
0.0451 937
0.0452 934
0.0453 920
0.0454 922
0.0455 911
0.0456 920
0.0457 927
0.0458 926
0.0459 924
0.046 924
0.0461 923
0.0462 936
0.0463 935
0.0464 935
0.0465 937
0.0466 937
0.0467 931
0.0468 929
0.0469 923
0.047 919
0.0471 924
0.0472 919
0.0473 919
0.0474 922
0.0475 923
0.0476 922
0.0477 935
0.0478 936
0.0479 936
0.048 930
0.0481 929
0.0482 932
0.0483 933
0.0484 943
0.0485 942
0.0486 932
0.0487 926
0.0488 925
0.0489 910
0.049 912
0.0491 917
0.0492 919
0.0493 915
0.0494 914
0.0495 916
0.0496 905
0.0497 898
0.0498 900
0.0499 908
0.05 907
0.0501 902
0.0502 905
0.0503 898
0.0504 891
0.0505 885
0.0506 877
0.0507 884
0.0508 891
0.0509 876
0.051 874
0.0511 865
0.0512 844
0.0513 830
0.0514 825
0.0515 818
0.0516 810
0.0517 806
0.0518 808
0.0519 800
0.052 789
0.0521 786
0.0522 779
0.0523 775
0.0524 777
0.0525 774
0.0526 770
0.0527 769
0.0528 771
0.0529 769
0.053 750
0.0531 739
0.0532 733
0.0533 729
0.0534 728
0.0535 723
0.0536 713
0.0537 710
0.0538 705
0.0539 703
0.054 695
0.0541 687
0.0542 678
0.0543 681
0.0544 675
0.0545 676
0.0546 669
0.0547 663
0.0548 662
0.0549 670
0.055 674
0.0551 682
0.0552 681
0.0553 687
0.0554 682
0.0555 684
0.0556 687
0.0557 689
0.0558 689
0.0559 684
0.056 678
0.0561 673
0.0562 672
0.0563 666
0.0564 652
0.0565 645
0.0566 634
0.0567 634
0.0568 625
0.0569 610
0.057 601
0.0571 602
0.0572 597
0.0573 591
0.0574 582
0.0575 575
0.0576 572
0.0577 577
0.0578 572
0.0579 562
0.058 555
0.0581 555
0.0582 557
0.0583 557
0.0584 557
0.0585 557
0.0586 554
0.0587 561
0.0588 558
0.0589 561
0.059 561
0.0591 561
0.0592 561
0.0593 550
0.0594 544
0.0595 538
0.0596 534
0.0597 534
0.0598 531
0.0599 521
0.06 520
0.0601 524
0.0602 526
0.0603 534
0.0604 528
0.0605 531
0.0606 524
0.0607 523
0.0608 525
0.0609 530
0.061 521
0.0611 518
0.0612 520
0.0613 512
0.0614 509
0.0615 511
0.0616 503
0.0617 499
0.0618 500
0.0619 500
0.062 493
0.0621 492
0.0622 487
0.0623 495
0.0624 492
0.0625 492
0.0626 491
0.0627 490
0.0628 486
0.0629 486
0.063 487
0.0631 473
0.0632 458
0.0633 446
0.0634 449
0.0635 442
0.0636 435
0.0637 433
0.0638 427
0.0639 420
0.064 415
0.0641 414
0.0642 421
0.0643 429
0.0644 432
0.0645 432
0.0646 433
0.0647 423
0.0648 425
0.0649 425
0.065 433
0.0651 433
0.0652 437
0.0653 432
0.0654 431
0.0655 436
0.0656 441
0.0657 444
0.0658 444
0.0659 445
0.066 436
0.0661 438
0.0662 438
0.0663 441
0.0664 441
0.0665 436
0.0666 434
0.0667 434
0.0668 432
0.0669 433
0.067 428
0.0671 416
0.0672 411
0.0673 408
0.0674 410
0.0675 411
0.0676 409
0.0677 408
0.0678 403
0.0679 410
0.068 411
0.0681 414
0.0682 406
0.0683 412
0.0684 415
0.0685 415
0.0686 413
0.0687 410
0.0688 411
0.0689 407
0.069 402
0.0691 399
0.0692 401
0.0693 404
0.0694 403
0.0695 397
0.0696 384
0.0697 381
0.0698 380
0.0699 373
0.07 369
0.0701 354
0.0702 342
0.0703 336
0.0704 335
0.0705 330
0.0706 323
0.0707 323
0.0708 325
0.0709 324
0.071 331
0.0711 331
0.0712 337
0.0713 340
0.0714 342
0.0715 338
0.0716 347
0.0717 342
0.0718 344
0.0719 335
0.072 325
0.0721 316
0.0722 321
0.0723 316
0.0724 314
0.0725 316
0.0726 320
0.0727 329
0.0728 327
0.0729 324
0.073 323
0.0731 321
0.0732 312
0.0733 300
0.0734 298
0.0735 292
0.0736 291
0.0737 287
0.0738 281
0.0739 281
0.074 278
0.0741 277
0.0742 277
0.0743 282
0.0744 282
0.0745 284
0.0746 290
0.0747 288
0.0748 290
0.0749 286
0.075 279
0.0751 280
0.0752 279
0.0753 268
0.0754 264
0.0755 259
0.0756 257
0.0757 257
0.0758 264
0.0759 270
0.076 271
0.0761 275
0.0762 275
0.0763 266
0.0764 269
0.0765 273
0.0766 274
0.0767 278
0.0768 277
0.0769 274
0.077 273
0.0771 272
0.0772 268
0.0773 273
0.0774 271
0.0775 276
0.0776 275
0.0777 273
0.0778 279
0.0779 284
0.078 286
0.0781 291
0.0782 286
0.0783 280
0.0784 277
0.0785 270
0.0786 269
0.0787 262
0.0788 259
0.0789 258
0.079 252
0.0791 258
0.0792 253
0.0793 252
0.0794 251
0.0795 246
0.0796 239
0.0797 223
0.0798 222
0.0799 220
0.08 204
0.0801 187
0.0802 181
0.0803 178
0.0804 172
0.0805 173
0.0806 169
0.0807 162
0.0808 159
0.0809 159
0.081 157
0.0811 154
0.0812 150
0.0813 162
0.0814 167
0.0815 169
0.0816 173
0.0817 177
0.0818 177
0.0819 172
0.082 171
0.0821 172
0.0822 174
0.0823 177
0.0824 177
0.0825 177
0.0826 180
0.0827 185
0.0828 183
0.0829 189
0.083 184
0.0831 191
0.0832 190
0.0833 193
0.0834 186
0.0835 189
0.0836 186
0.0837 189
0.0838 193
0.0839 199
0.084 201
0.0841 202
0.0842 206
0.0843 210
0.0844 207
0.0845 207
0.0846 210
0.0847 211
0.0848 214
0.0849 208
0.085 209
0.0851 213
0.0852 212
0.0853 213
0.0854 208
0.0855 202
0.0856 197
0.0857 196
0.0858 204
0.0859 198
0.086 190
0.0861 189
0.0862 190
0.0863 194
0.0864 196
0.0865 201
0.0866 199
0.0867 200
0.0868 204
0.0869 203
0.087 205
0.0871 197
0.0872 200
0.0873 200
0.0874 202
0.0875 208
0.0876 204
0.0877 199
0.0878 192
0.0879 184
0.088 185
0.0881 181
0.0882 181
0.0883 180
0.0884 176
0.0885 174
0.0886 174
0.0887 176
0.0888 168
0.0889 158
0.089 149
0.0891 152
0.0892 155
0.0893 154
0.0894 152
0.0895 147
0.0896 146
0.0897 147
0.0898 148
0.0899 151
0.09 145
0.0901 145
0.0902 143
0.0903 141
0.0904 140
0.0905 136
0.0906 130
0.0907 133
0.0908 126
0.0909 120
0.091 114
0.0911 107
0.0912 94
0.0913 82
0.0914 74
0.0915 73
0.0916 69
0.0917 64
0.0918 69
0.0919 66
0.092 66
0.0921 65
0.0922 73
0.0923 79
0.0924 71
0.0925 69
0.0926 67
0.0927 62
0.0928 69
0.0929 71
0.093 76
0.0931 74
0.0932 72
0.0933 79
0.0934 88
0.0935 86
0.0936 89
0.0937 90
0.0938 99
0.0939 96
0.094 91
0.0941 82
0.0942 84
0.0943 88
0.0944 89
0.0945 92
0.0946 96
0.0947 97
0.0948 103
0.0949 103
0.095 104
0.0951 106
0.0952 108
0.0953 107
0.0954 102
0.0955 94
0.0956 89
0.0957 91
0.0958 99
0.0959 96
0.096 97
0.0961 103
0.0962 99
0.0963 94
0.0964 95
0.0965 95
0.0966 92
0.0967 95
0.0968 95
0.0969 82
0.097 66
0.0971 57
0.0972 51
0.0973 41
0.0974 36
0.0975 28
0.0976 25
0.0977 20
0.0978 19
0.0979 20
0.098 16
0.0981 17
0.0982 16
0.0983 10
0.0984 12
0.0985 11
0.0986 9
0.0987 8
0.0988 7
0.0989 8
0.099 11
0.0991 5
0.0992 1
0.0993 3
0.0994 3
0.0995 1
0.0996 4
0.0997 3
0.0998 0
0.0999 3
0.1 3
0.1001 6
0.1002 1
0.1003 1
0.1004 3
0.1005 1
0.1006 2
0.1007 1
0.1008 1
0.1009 1
0.101 0
0.1011 0
0.1012 3
0.1013 3
0.1014 0
0.1015 1
0.1016 0
0.1017 2
0.1018 3
0.1019 0
0.102 2
0.1021 1
0.1022 1
0.1023 1
0.1024 1
0.1025 1
0.1026 2
0.1027 1
0.1028 1
0.1029 0
0.103 1
0.1031 1
0.1032 1
0.1033 0
0.1034 2
0.1035 1
0.1036 0
0.1037 1
0.1038 0
0.1039 3
0.104 0
0.1041 3
0.1042 0
0.1043 0
0.1044 0
0.1045 2
0.1046 1
0.1047 3
0.1048 1
0.1049 0
0.105 0
0.1051 0
0.1052 1
0.1053 2
0.1054 0
0.1055 1
0.1056 0
0.1057 1
0.1058 4
0.1059 2
0.106 0
0.1061 2
0.1062 1
0.1063 2
0.1064 2
0.1065 5
0.1066 1
0.1067 3
0.1068 1
0.1069 3
0.107 1
0.1071 0
0.1072 1
0.1073 4
0.1074 1
0.1075 1
0.1076 1
0.1077 0
0.1078 5
0.1079 2
0.108 2
0.1081 0
0.1082 3
0.1083 0
0.1084 2
0.1085 0
0.1086 1
0.1087 3
0.1088 2
0.1089 2
0.109 3
0.1091 1
0.1092 4
0.1093 3
0.1094 1
0.1095 2
0.1096 3
0.1097 0
0.1098 2
0.1099 3
0.11 6
0.1101 6
0.1102 2
0.1103 3
0.1104 1
0.1105 1
0.1106 1
0.1107 2
0.1108 4
0.1109 2
0.111 1
0.1111 0
0.1112 4
0.1113 4
0.1114 3
0.1115 0
0.1116 0
0.1117 0
0.1118 6
0.1119 7
0.112 5
0.1121 5
0.1122 3
0.1123 1
0.1124 3
0.1125 3
0.1126 3
0.1127 2
0.1128 5
0.1129 2
0.113 4
0.1131 4
0.1132 3
0.1133 3
0.1134 0
0.1135 4
0.1136 6
0.1137 3
0.1138 2
0.1139 2
0.114 5
0.1141 3
0.1142 3
0.1143 3
0.1144 5
0.1145 1
0.1146 3
0.1147 0
0.1148 2
0.1149 3
0.115 3
0.1151 3
0.1152 1
0.1153 3
0.1154 2
0.1155 3
0.1156 4
0.1157 4
0.1158 4
0.1159 5
0.116 6
0.1161 6
0.1162 4
0.1163 6
0.1164 4
0.1165 4
0.1166 6
0.1167 6
0.1168 5
0.1169 7
0.117 6
0.1171 5
0.1172 11
0.1173 5
0.1174 4
0.1175 3
0.1176 8
0.1177 1
0.1178 5
0.1179 7
0.118 3
0.1181 2
0.1182 8
0.1183 6
0.1184 7
0.1185 10
0.1186 3
0.1187 8
0.1188 5
0.1189 5
0.119 7
0.1191 4
0.1192 9
0.1193 5
0.1194 11
0.1195 8
0.1196 6
0.1197 9
0.1198 6
0.1199 6
0.12 7
0.1201 10
0.1202 6
0.1203 9
0.1204 8
0.1205 1
0.1206 13
0.1207 12
0.1208 6
0.1209 9
0.121 9
0.1211 9
0.1212 8
0.1213 10
0.1214 9
0.1215 8
0.1216 11
0.1217 19
0.1218 18
0.1219 12
0.122 10
0.1221 18
0.1222 13
0.1223 11
0.1224 15
0.1225 13
0.1226 11
0.1227 13
0.1228 9
0.1229 19
0.123 21
0.1231 21
0.1232 30
0.1233 27
0.1234 44
0.1235 37
0.1236 54
0.1237 87
0.1238 119
0.1239 151
0.124 184
0.1241 227
0.1242 267
0.1243 299
0.1244 338
0.1245 378
0.1246 413
0.1247 439
0.1248 466
0.1249 500
0.125 537
0.1251 563
0.1252 594
0.1253 629
0.1254 654
0.1255 694
0.1256 714
0.1257 747
0.1258 777
0.1259 807
0.126 831
0.1261 853
0.1262 870
0.1263 879
0.1264 904
0.1265 925
0.1266 949
0.1267 966
0.1268 978
0.1269 1002
0.127 1012
0.1271 1015
0.1272 1030
0.1273 1032
0.1274 1036
0.1275 1037
0.1276 1048
0.1277 1055
0.1278 1077
0.1279 1090
0.128 1107
0.1281 1123
0.1282 1147
0.1283 1152
0.1284 1162
0.1285 1191
0.1286 1196
0.1287 1201
0.1288 1210
0.1289 1210
0.129 1221
0.1291 1222
0.1292 1231
0.1293 1244
0.1294 1246
0.1295 1245
0.1296 1257
0.1297 1260
0.1298 1269
0.1299 1275
0.13 1282
0.1301 1294
0.1302 1301
0.1303 1313
0.1304 1305
0.1305 1303
0.1306 1307
0.1307 1309
0.1308 1308
0.1309 1322
0.131 1322
0.1311 1314
0.1312 1306
0.1313 1301
0.1314 1314
0.1315 1319
0.1316 1314
0.1317 1320
0.1318 1329
0.1319 1330
0.132 1327
0.1321 1331
0.1322 1333
0.1323 1323
0.1324 1322
0.1325 1321
0.1326 1333
0.1327 1343
0.1328 1343
0.1329 1346
0.133 1353
0.1331 1352
0.1332 1359
0.1333 1353
0.1334 1356
0.1335 1357
0.1336 1355
0.1337 1344
0.1338 1333
0.1339 1325
0.134 1318
0.1341 1315
0.1342 1320
0.1343 1322
0.1344 1327
0.1345 1315
0.1346 1296
0.1347 1283
0.1348 1270
0.1349 1261
0.135 1245
0.1351 1231
0.1352 1226
0.1353 1221
0.1354 1219
0.1355 1211
0.1356 1203
0.1357 1191
0.1358 1191
0.1359 1189
0.136 1189
0.1361 1184
0.1362 1191
0.1363 1191
0.1364 1189
0.1365 1181
0.1366 1174
0.1367 1165
0.1368 1166
0.1369 1166
0.137 1147
0.1371 1143
0.1372 1141
0.1373 1137
0.1374 1133
0.1375 1137
0.1376 1135
0.1377 1130
0.1378 1117
0.1379 1103
0.138 1101
0.1381 1091
0.1382 1085
0.1383 1088
0.1384 1079
0.1385 1074
0.1386 1060
0.1387 1057
0.1388 1042
0.1389 1043
0.139 1042
0.1391 1032
0.1392 1034
0.1393 1037
0.1394 1042
0.1395 1038
0.1396 1038
0.1397 1030
0.1398 1026
0.1399 1026
0.14 1032
0.1401 1035
0.1402 1033
0.1403 1032
0.1404 1033
0.1405 1028
0.1406 1029
0.1407 1021
0.1408 1014
0.1409 1020
0.141 1008
0.1411 1009
0.1412 1000
0.1413 997
0.1414 1003
0.1415 998
0.1416 1000
0.1417 1000
0.1418 1004
0.1419 999
0.142 994
0.1421 1002
0.1422 1001
0.1423 990
0.1424 993
0.1425 983
0.1426 988
0.1427 981
0.1428 983
0.1429 976
0.143 975
0.1431 973
0.1432 966
0.1433 956
0.1434 943
0.1435 933
0.1436 928
0.1437 926
0.1438 909
0.1439 898
0.144 894
0.1441 889
0.1442 895
0.1443 888
0.1444 886
0.1445 883
0.1446 877
0.1447 878
0.1448 871
0.1449 870
0.145 865
0.1451 871
0.1452 873
0.1453 872
0.1454 877
0.1455 882
0.1456 886
0.1457 887
0.1458 878
0.1459 887
0.146 879
0.1461 870
0.1462 857
0.1463 850
0.1464 846
0.1465 846
0.1466 850
0.1467 854
0.1468 857
0.1469 856
0.147 852
0.1471 847
0.1472 845
0.1473 844
0.1474 841
0.1475 826
0.1476 826
0.1477 824
0.1478 821
0.1479 817
0.148 814
0.1481 815
0.1482 820
0.1483 818
0.1484 816
0.1485 819
0.1486 819
0.1487 824
0.1488 825
0.1489 814
0.149 808
0.1491 806
0.1492 806
0.1493 797
0.1494 788
0.1495 784
0.1496 779
0.1497 774
0.1498 777
0.1499 777
0.15 781
0.1501 774
0.1502 764
0.1503 761
0.1504 743
0.1505 738
0.1506 735
0.1507 734
0.1508 723
0.1509 715
0.151 714
0.1511 711
0.1512 706
0.1513 704
0.1514 706
0.1515 704
0.1516 696
0.1517 698
0.1518 692
0.1519 693
0.152 695
0.1521 686
0.1522 677
0.1523 676
0.1524 672
0.1525 663
0.1526 659
0.1527 654
0.1528 652
0.1529 646
0.153 640
0.1531 635
0.1532 629
0.1533 625
0.1534 618
0.1535 614
0.1536 614
0.1537 610
0.1538 601
0.1539 592
0.154 580
0.1541 565
0.1542 556
0.1543 547
0.1544 533
0.1545 522
0.1546 516
0.1547 509
0.1548 501
0.1549 499
0.155 499
0.1551 493
0.1552 484
0.1553 475
0.1554 465
0.1555 453
0.1556 451
0.1557 455
0.1558 452
0.1559 446
0.156 437
0.1561 425
0.1562 426
0.1563 425
0.1564 435
0.1565 437
0.1566 430
0.1567 431
0.1568 431
0.1569 433
0.157 428
0.1571 428
0.1572 429
0.1573 430
0.1574 438
0.1575 437
0.1576 426
0.1577 422
0.1578 414
0.1579 393
0.158 392
0.1581 385
0.1582 386
0.1583 386
0.1584 390
0.1585 388
0.1586 385
0.1587 391
0.1588 395
0.1589 400
0.159 402
0.1591 401
0.1592 402
0.1593 402
0.1594 407
0.1595 405
0.1596 403
0.1597 407
0.1598 413
0.1599 415
0.16 410
0.1601 411
0.1602 412
0.1603 414
0.1604 417
0.1605 408
0.1606 410
0.1607 418
0.1608 423
0.1609 431
0.161 437
0.1611 444
0.1612 441
0.1613 441
0.1614 446
0.1615 446
0.1616 448
0.1617 444
0.1618 454
0.1619 454
0.162 452
0.1621 460
0.1622 459
0.1623 457
0.1624 455
0.1625 452
0.1626 447
0.1627 448
0.1628 452
0.1629 445
0.163 444
0.1631 442
0.1632 441
0.1633 432
0.1634 430
0.1635 425
0.1636 430
0.1637 429
0.1638 427
0.1639 431
0.164 432
0.1641 431
0.1642 432
0.1643 422
0.1644 422
0.1645 424
0.1646 430
0.1647 427
0.1648 411
0.1649 405
0.165 394
0.1651 391
0.1652 388
0.1653 382
0.1654 371
0.1655 364
0.1656 358
0.1657 363
0.1658 368
0.1659 370
0.166 367
0.1661 370
0.1662 366
0.1663 370
0.1664 370
0.1665 363
0.1666 366
0.1667 365
0.1668 364
0.1669 363
0.167 364
0.1671 361
0.1672 360
0.1673 366
0.1674 366
0.1675 365
0.1676 361
0.1677 359
0.1678 358
0.1679 355
0.168 350
0.1681 350
0.1682 348
0.1683 344
0.1684 345
0.1685 343
0.1686 337
0.1687 337
0.1688 336
0.1689 338
0.169 343
0.1691 346
0.1692 344
0.1693 339
0.1694 333
0.1695 337
0.1696 339
0.1697 336
0.1698 340
0.1699 333
0.17 331
0.1701 325
0.1702 325
0.1703 322
0.1704 319
0.1705 324
0.1706 319
0.1707 317
0.1708 320
0.1709 320
0.171 319
0.1711 318
0.1712 315
0.1713 314
0.1714 311
0.1715 303
0.1716 305
0.1717 305
0.1718 304
0.1719 303
0.172 301
0.1721 292
0.1722 285
0.1723 289
0.1724 286
0.1725 285
0.1726 286
0.1727 286
0.1728 287
0.1729 288
0.173 281
0.1731 276
0.1732 275
0.1733 274
0.1734 275
0.1735 273
0.1736 272
0.1737 267
0.1738 264
0.1739 261
0.174 261
0.1741 258
0.1742 259
0.1743 254
0.1744 250
0.1745 244
0.1746 234
0.1747 217
0.1748 218
0.1749 212
0.175 209
0.1751 207
0.1752 214
0.1753 217
0.1754 214
0.1755 213
0.1756 219
0.1757 225
0.1758 223
0.1759 217
0.176 210
0.1761 198
0.1762 198
0.1763 192
0.1764 191
0.1765 192
0.1766 190
0.1767 190
0.1768 188
0.1769 184
0.177 180
0.1771 178
0.1772 172
0.1773 173
0.1774 170
0.1775 172
0.1776 168
0.1777 165
0.1778 159
0.1779 154
0.178 153
0.1781 153
0.1782 148
0.1783 142
0.1784 137
0.1785 125
0.1786 117
0.1787 106
0.1788 103
0.1789 97
0.179 95
0.1791 97
0.1792 100
0.1793 100
0.1794 105
0.1795 101
0.1796 101
0.1797 98
0.1798 99
0.1799 98
0.18 105
0.1801 101
0.1802 106
0.1803 105
0.1804 100
0.1805 95
0.1806 93
0.1807 92
0.1808 82
0.1809 75
0.181 68
0.1811 71
0.1812 67
0.1813 69
0.1814 56
0.1815 52
0.1816 47
0.1817 42
0.1818 41
0.1819 32
0.182 31
0.1821 40
0.1822 38
0.1823 35
0.1824 34
0.1825 33
0.1826 31
0.1827 21
0.1828 23
0.1829 13
0.183 10
0.1831 8
0.1832 9
0.1833 11
0.1834 6
0.1835 12
0.1836 7
0.1837 7
0.1838 2
0.1839 9
0.184 13
0.1841 5
0.1842 2
0.1843 5
0.1844 3
0.1845 4
0.1846 1
0.1847 3
0.1848 0
0.1849 0
0.185 1
0.1851 3
0.1852 1
0.1853 2
0.1854 2
0.1855 4
0.1856 1
0.1857 3
0.1858 1
0.1859 0
0.186 0
0.1861 0
0.1862 1
0.1863 2
0.1864 1
0.1865 0
0.1866 1
0.1867 0
0.1868 1
0.1869 2
0.187 2
0.1871 1
0.1872 1
0.1873 2
0.1874 1
0.1875 0
0.1876 1
0.1877 0
0.1878 0
0.1879 1
0.188 1
0.1881 2
0.1882 0
0.1883 1
0.1884 2
0.1885 1
0.1886 1
0.1887 2
0.1888 1
0.1889 1
0.189 1
0.1891 3
0.1892 1
0.1893 3
0.1894 2
0.1895 0
0.1896 0
0.1897 1
0.1898 0
0.1899 1
0.19 0
0.1901 1
0.1902 3
0.1903 2
0.1904 1
0.1905 1
0.1906 2
0.1907 4
0.1908 2
0.1909 0
0.191 3
0.1911 0
0.1912 2
0.1913 1
0.1914 1
0.1915 1
0.1916 3
0.1917 3
0.1918 0
0.1919 1
0.192 2
0.1921 1
0.1922 1
0.1923 0
0.1924 1
0.1925 2
0.1926 1
0.1927 3
0.1928 0
0.1929 2
0.193 2
0.1931 1
0.1932 5
0.1933 3
0.1934 2
0.1935 0
0.1936 4
0.1937 1
0.1938 0
0.1939 1
0.194 2
0.1941 1
0.1942 3
0.1943 4
0.1944 1
0.1945 1
0.1946 1
0.1947 1
0.1948 1
0.1949 4
0.195 0
0.1951 1
0.1952 1
0.1953 3
0.1954 0
0.1955 0
0.1956 3
0.1957 0
0.1958 1
0.1959 4
0.196 3
0.1961 2
0.1962 4
0.1963 3
0.1964 1
0.1965 1
0.1966 0
0.1967 3
0.1968 3
0.1969 1
0.197 0
0.1971 0
0.1972 3
0.1973 4
0.1974 4
0.1975 3
0.1976 4
0.1977 0
0.1978 6
0.1979 0
0.198 1
0.1981 2
0.1982 5
0.1983 4
0.1984 3
0.1985 2
0.1986 1
0.1987 3
0.1988 4
0.1989 3
0.199 2
0.1991 6
0.1992 6
0.1993 2
0.1994 2
0.1995 2
0.1996 6
0.1997 8
0.1998 3
0.1999 2
0.2 4
0.2001 4
0.2002 7
0.2003 4
0.2004 6
0.2005 2
0.2006 3
0.2007 7
0.2008 4
0.2009 6
0.201 7
0.2011 7
0.2012 4
0.2013 4
0.2014 4
0.2015 6
0.2016 5
0.2017 4
0.2018 4
0.2019 7
0.202 7
0.2021 6
0.2022 3
0.2023 3
0.2024 6
0.2025 7
0.2026 3
0.2027 8
0.2028 5
0.2029 11
0.203 2
0.2031 2
0.2032 5
0.2033 11
0.2034 3
0.2035 7
0.2036 7
0.2037 5
0.2038 8
0.2039 8
0.204 5
0.2041 10
0.2042 2
0.2043 8
0.2044 9
0.2045 8
0.2046 6
0.2047 4
0.2048 9
0.2049 9
0.205 11
0.2051 16
0.2052 9
0.2053 15
0.2054 12
0.2055 8
0.2056 8
0.2057 12
0.2058 15
0.2059 10
0.206 8
0.2061 13
0.2062 17
0.2063 10
0.2064 22
0.2065 17
0.2066 10
0.2067 11
0.2068 21
0.2069 17
0.207 24
0.2071 19
0.2072 14
0.2073 13
0.2074 14
0.2075 12
0.2076 11
0.2077 24
0.2078 20
0.2079 17
0.208 20
0.2081 31
0.2082 34
0.2083 49
0.2084 73
0.2085 101
0.2086 133
0.2087 174
0.2088 211
0.2089 258
0.209 287
0.2091 315
0.2092 342
0.2093 371
0.2094 411
0.2095 448
0.2096 484
0.2097 500
0.2098 544
0.2099 565
0.21 602
0.2101 624
0.2102 647
0.2103 679
0.2104 697
0.2105 705
0.2106 712
0.2107 733
0.2108 754
0.2109 769
0.211 796
0.2111 808
0.2112 831
0.2113 860
0.2114 880
0.2115 908
0.2116 926
0.2117 933
0.2118 950
0.2119 950
0.212 959
0.2121 965
0.2122 972
0.2123 977
0.2124 988
0.2125 996
0.2126 1005
0.2127 1010
0.2128 1019
0.2129 1030
0.213 1043
0.2131 1049
0.2132 1057
0.2133 1063
0.2134 1064
0.2135 1075
0.2136 1083
0.2137 1098
0.2138 1111
0.2139 1103
0.214 1109
0.2141 1104
0.2142 1106
0.2143 1111
0.2144 1114
0.2145 1121
0.2146 1120
0.2147 1122
0.2148 1125
0.2149 1137
0.215 1146
0.2151 1150
0.2152 1158
0.2153 1166
0.2154 1168
0.2155 1171
0.2156 1171
0.2157 1165
0.2158 1162
0.2159 1162
0.216 1160
0.2161 1154
0.2162 1152
0.2163 1140
0.2164 1151
0.2165 1155
0.2166 1159
0.2167 1160
0.2168 1168
0.2169 1173
0.217 1171
0.2171 1170
0.2172 1169
0.2173 1173
0.2174 1174
0.2175 1168
0.2176 1174
0.2177 1172
0.2178 1165
0.2179 1161
0.218 1161
0.2181 1162
0.2182 1160
0.2183 1146
0.2184 1144
0.2185 1143
0.2186 1144
0.2187 1140
0.2188 1133
0.2189 1136
0.219 1126
0.2191 1129
0.2192 1129
0.2193 1130
0.2194 1132
0.2195 1128
0.2196 1127
0.2197 1121
0.2198 1125
0.2199 1128
0.22 1123
0.2201 1124
0.2202 1116
0.2203 1110
0.2204 1110
0.2205 1111
0.2206 1115
0.2207 1115
0.2208 1112
0.2209 1102
0.221 1094
0.2211 1087
0.2212 1081
0.2213 1079
0.2214 1082
0.2215 1081
0.2216 1076
0.2217 1079
0.2218 1075
0.2219 1074
0.222 1078
0.2221 1081
0.2222 1079
0.2223 1071
0.2224 1066
0.2225 1053
0.2226 1036
0.2227 1031
0.2228 1028
0.2229 1021
0.223 1013
0.2231 1018
0.2232 1009
0.2233 1009
0.2234 1010
0.2235 1013
0.2236 1014
0.2237 1014
0.2238 1014
0.2239 993
0.224 986
0.2241 972
0.2242 960
0.2243 956
0.2244 952
0.2245 950
0.2246 952
0.2247 950
0.2248 948
0.2249 939
0.225 936
0.2251 925
0.2252 921
0.2253 917
0.2254 914
0.2255 904
0.2256 894
0.2257 880
0.2258 876
0.2259 870
0.226 861
0.2261 859
0.2262 864
0.2263 861
0.2264 866
0.2265 866
0.2266 859
0.2267 865
0.2268 864
0.2269 859
0.227 853
0.2271 850
0.2272 839
0.2273 828
0.2274 818
0.2275 812
0.2276 807
0.2277 807
0.2278 811
0.2279 813
0.228 807
0.2281 808
0.2282 808
0.2283 808
0.2284 804
0.2285 792
0.2286 793
0.2287 788
0.2288 780
0.2289 770
0.229 759
0.2291 750
0.2292 749
0.2293 746
0.2294 745
0.2295 745
0.2296 736
0.2297 730
0.2298 730
0.2299 733
0.23 735
0.2301 734
0.2302 733
0.2303 742
0.2304 747
0.2305 738
0.2306 736
0.2307 730
0.2308 730
0.2309 726
0.231 725
0.2311 729
0.2312 722
0.2313 719
0.2314 714
0.2315 700
0.2316 691
0.2317 683
0.2318 673
0.2319 659
0.232 657
0.2321 649
0.2322 643
0.2323 628
0.2324 621
0.2325 613
0.2326 609
0.2327 600
0.2328 599
0.2329 591
0.233 588
0.2331 582
0.2332 573
0.2333 570
0.2334 568
0.2335 561
0.2336 558
0.2337 545
0.2338 538
0.2339 539
0.234 546
0.2341 542
0.2342 548
0.2343 552
0.2344 553
0.2345 552
0.2346 556
0.2347 557
0.2348 560
0.2349 567
0.235 571
0.2351 569
0.2352 569
0.2353 563
0.2354 566
0.2355 564
0.2356 558
0.2357 555
0.2358 557
0.2359 558
0.236 554
0.2361 547
0.2362 545
0.2363 536
0.2364 532
0.2365 529
0.2366 527
0.2367 524
0.2368 522
0.2369 524
0.237 525
0.2371 526
0.2372 526
0.2373 526
0.2374 529
0.2375 532
0.2376 530
0.2377 527
0.2378 527
0.2379 518
0.238 520
0.2381 508
0.2382 511
0.2383 506
0.2384 505
0.2385 496
0.2386 490
0.2387 483
0.2388 479
0.2389 483
0.239 479
0.2391 476
0.2392 467
0.2393 464
0.2394 462
0.2395 455
0.2396 448
0.2397 447
0.2398 447
0.2399 453
0.24 463
0.2401 465
0.2402 466
0.2403 462
0.2404 459
0.2405 451
0.2406 446
0.2407 441
0.2408 429
0.2409 427
0.241 424
0.2411 429
0.2412 433
0.2413 426
0.2414 428
0.2415 421
0.2416 418
0.2417 413
0.2418 409
0.2419 401
0.242 396
0.2421 397
0.2422 392
0.2423 389
0.2424 383
0.2425 372
0.2426 362
0.2427 354
0.2428 348
0.2429 340
0.243 327
0.2431 324
0.2432 317
0.2433 307
0.2434 314
0.2435 323
0.2436 326
0.2437 328
0.2438 326
0.2439 329
0.244 328
0.2441 326
0.2442 325
0.2443 324
0.2444 323
0.2445 324
0.2446 316
0.2447 308
0.2448 306
0.2449 313
0.245 313
0.2451 311
0.2452 308
0.2453 311
0.2454 310
0.2455 314
0.2456 317
0.2457 311
0.2458 316
0.2459 319
0.246 320
0.2461 322
0.2462 323
0.2463 326
0.2464 328
0.2465 333
0.2466 332
0.2467 324
0.2468 311
0.2469 305
0.247 308
0.2471 309
0.2472 309
0.2473 313
0.2474 314
0.2475 310
0.2476 304
0.2477 311
0.2478 318
0.2479 316
0.248 310
0.2481 303
0.2482 303
0.2483 275
0.2484 252
0.2485 239
0.2486 230
0.2487 219
0.2488 212
0.2489 209
0.249 207
0.2491 215
0.2492 214
0.2493 210
0.2494 198
0.2495 200
0.2496 199
0.2497 199
0.2498 198
0.2499 199
0.25 201
