0 0
0.0001 0
0.0002 0
0.0003 0
0.0004 0
0.0005 0
0.0006 0
0.0007 0
0.0008 0
0.0009 0
0.001 0
0.0011 0
0.0012 0
0.0013 0
0.0014 0
0.0015 0
0.0016 0
0.0017 0
0.0018 0
0.0019 1
0.002 1
0.0021 1
0.0022 1
0.0023 1
0.0024 1
0.0025 1
0.0026 1
0.0027 1
0.0028 1
0.0029 1
0.003 1
0.0031 2
0.0032 2
0.0033 2
0.0034 2
0.0035 2
0.0036 2
0.0037 2
0.0038 2
0.0039 2
0.004 2
0.0041 2
0.0042 2
0.0043 3
0.0044 3
0.0045 3
0.0046 3
0.0047 3
0.0048 3
0.0049 3
0.005 3
0.0051 3
0.0052 3
0.0053 4
0.0054 4
0.0055 4
0.0056 3
0.0057 3
0.0058 3
0.0059 3
0.006 3
0.0061 3
0.0062 3
0.0063 4
0.0064 4
0.0065 4
0.0066 4
0.0067 4
0.0068 4
0.0069 4
0.007 3
0.0071 4
0.0072 4
0.0073 3
0.0074 4
0.0075 4
0.0076 6
0.0077 6
0.0078 6
0.0079 6
0.008 6
0.0081 6
0.0082 6
0.0083 7
0.0084 7
0.0085 7
0.0086 7
0.0087 7
0.0088 7
0.0089 7
0.009 8
0.0091 8
0.0092 8
0.0093 8
0.0094 8
0.0095 6
0.0096 8
0.0097 8
0.0098 8
0.0099 8
0.01 8
0.0101 9
0.0102 9
0.0103 9
0.0104 9
0.0105 9
0.0106 9
0.0107 9
0.0108 10
0.0109 10
0.011 12
0.0111 12
0.0112 12
0.0113 12
0.0114 13
0.0115 12
0.0116 14
0.0117 15
0.0118 14
0.0119 14
0.012 14
0.0121 15
0.0122 15
0.0123 14
0.0124 13
0.0125 13
0.0126 13
0.0127 14
0.0128 13
0.0129 13
0.013 13
0.0131 13
0.0132 15
0.0133 15
0.0134 15
0.0135 15
0.0136 16
0.0137 16
0.0138 16
0.0139 18
0.014 18
0.0141 16
0.0142 16
0.0143 16
0.0144 16
0.0145 16
0.0146 16
0.0147 16
0.0148 16
0.0149 17
0.015 17
0.0151 17
0.0152 17
0.0153 16
0.0154 16
0.0155 19
0.0156 18
0.0157 18
0.0158 18
0.0159 19
0.016 19
0.0161 19
0.0162 19
0.0163 18
0.0164 18
0.0165 20
0.0166 20
0.0167 21
0.0168 20
0.0169 20
0.017 21
0.0171 21
0.0172 21
0.0173 21
0.0174 21
0.0175 22
0.0176 23
0.0177 23
0.0178 25
0.0179 25
0.018 25
0.0181 26
0.0182 26
0.0183 26
0.0184 26
0.0185 27
0.0186 26
0.0187 26
0.0188 26
0.0189 29
0.019 29
0.0191 29
0.0192 29
0.0193 30
0.0194 30
0.0195 29
0.0196 30
0.0197 30
0.0198 30
0.0199 30
0.02 29
0.0201 30
0.0202 30
0.0203 31
0.0204 31
0.0205 33
0.0206 32
0.0207 32
0.0208 31
0.0209 31
0.021 30
0.0211 31
0.0212 31
0.0213 33
0.0214 33
0.0215 32
0.0216 33
0.0217 35
0.0218 35
0.0219 34
0.022 34
0.0221 32
0.0222 32
0.0223 32
0.0224 33
0.0225 35
0.0226 36
0.0227 36
0.0228 36
0.0229 38
0.023 38
0.0231 39
0.0232 39
0.0233 39
0.0234 39
0.0235 40
0.0236 40
0.0237 40
0.0238 41
0.0239 42
0.024 42
0.0241 39
0.0242 39
0.0243 39
0.0244 39
0.0245 39
0.0246 39
0.0247 40
0.0248 40
0.0249 39
0.025 40
0.0251 41
0.0252 43
0.0253 41
0.0254 42
0.0255 42
0.0256 40
0.0257 40
0.0258 41
0.0259 41
0.026 41
0.0261 41
0.0262 42
0.0263 43
0.0264 43
0.0265 43
0.0266 44
0.0267 44
0.0268 47
0.0269 47
0.027 47
0.0271 48
0.0272 47
0.0273 49
0.0274 50
0.0275 51
0.0276 49
0.0277 49
0.0278 49
0.0279 49
0.028 49
0.0281 49
0.0282 49
0.0283 50
0.0284 50
0.0285 51
0.0286 51
0.0287 51
0.0288 49
0.0289 46
0.029 45
0.0291 45
0.0292 44
0.0293 43
0.0294 44
0.0295 44
0.0296 43
0.0297 42
0.0298 43
0.0299 43
0.03 43
0.0301 44
0.0302 45
0.0303 44
0.0304 42
0.0305 42
0.0306 43
0.0307 44
0.0308 46
0.0309 46
0.031 46
0.0311 45
0.0312 44
0.0313 44
0.0314 45
0.0315 44
0.0316 45
0.0317 44
0.0318 45
0.0319 46
0.032 46
0.0321 47
0.0322 48
0.0323 48
0.0324 49
0.0325 50
0.0326 50
0.0327 52
0.0328 53
0.0329 54
0.033 56
0.0331 57
0.0332 57
0.0333 60
0.0334 62
0.0335 61
0.0336 62
0.0337 62
0.0338 62
0.0339 64
0.034 65
0.0341 65
0.0342 65
0.0343 64
0.0344 64
0.0345 64
0.0346 63
0.0347 63
0.0348 64
0.0349 66
0.035 67
0.0351 66
0.0352 66
0.0353 64
0.0354 66
0.0355 66
0.0356 65
0.0357 65
0.0358 66
0.0359 66
0.036 68
0.0361 68
0.0362 68
0.0363 68
0.0364 68
0.0365 69
0.0366 68
0.0367 67
0.0368 67
0.0369 68
0.037 73
0.0371 74
0.0372 74
0.0373 74
0.0374 73
0.0375 74
0.0376 74
0.0377 74
0.0378 74
0.0379 76
0.038 76
0.0381 73
0.0382 74
0.0383 76
0.0384 76
0.0385 76
0.0386 77
0.0387 77
0.0388 77
0.0389 76
0.039 76
0.0391 77
0.0392 75
0.0393 75
0.0394 75
0.0395 74
0.0396 75
0.0397 72
0.0398 73
0.0399 74
0.04 75
0.0401 76
0.0402 76
0.0403 77
0.0404 78
0.0405 77
0.0406 76
0.0407 76
0.0408 77
0.0409 76
0.041 77
0.0411 76
0.0412 78
0.0413 78
0.0414 78
0.0415 79
0.0416 80
0.0417 79
0.0418 77
0.0419 77
0.042 77
0.0421 78
0.0422 78
0.0423 79
0.0424 77
0.0425 79
0.0426 80
0.0427 79
0.0428 79
0.0429 80
0.043 80
0.0431 79
0.0432 79
0.0433 80
0.0434 80
0.0435 80
0.0436 81
0.0437 83
0.0438 82
0.0439 82
0.044 82
0.0441 82
0.0442 83
0.0443 83
0.0444 83
0.0445 83
0.0446 84
0.0447 84
0.0448 84
0.0449 83
0.045 81
0.0451 83
0.0452 83
0.0453 83
0.0454 84
0.0455 83
0.0456 83
0.0457 84
0.0458 83
0.0459 83
0.046 83
0.0461 83
0.0462 82
0.0463 83
0.0464 86
0.0465 87
0.0466 88
0.0467 87
0.0468 89
0.0469 90
0.047 91
0.0471 90
0.0472 90
0.0473 90
0.0474 89
0.0475 89
0.0476 89
0.0477 89
0.0478 90
0.0479 91
0.048 91
0.0481 91
0.0482 90
0.0483 89
0.0484 88
0.0485 89
0.0486 89
0.0487 89
0.0488 89
0.0489 89
0.049 90
0.0491 90
0.0492 89
0.0493 89
0.0494 89
0.0495 91
0.0496 92
0.0497 93
0.0498 92
0.0499 90
0.05 89
0.0501 90
0.0502 91
0.0503 92
0.0504 92
0.0505 92
0.0506 93
0.0507 93
0.0508 95
0.0509 94
0.051 95
0.0511 96
0.0512 97
0.0513 101
0.0514 101
0.0515 101
0.0516 99
0.0517 99
0.0518 101
0.0519 102
0.052 102
0.0521 103
0.0522 101
0.0523 102
0.0524 104
0.0525 104
0.0526 106
0.0527 108
0.0528 107
0.0529 110
0.053 110
0.0531 109
0.0532 109
0.0533 107
0.0534 105
0.0535 103
0.0536 103
0.0537 104
0.0538 104
0.0539 101
0.054 101
0.0541 101
0.0542 102
0.0543 103
0.0544 104
0.0545 106
0.0546 106
0.0547 106
0.0548 105
0.0549 105
0.055 104
0.0551 101
0.0552 100
0.0553 103
0.0554 101
0.0555 102
0.0556 103
0.0557 105
0.0558 105
0.0559 105
0.056 106
0.0561 104
0.0562 104
0.0563 107
0.0564 107
0.0565 108
0.0566 109
0.0567 110
0.0568 109
0.0569 111
0.057 113
0.0571 114
0.0572 114
0.0573 115
0.0574 114
0.0575 114
0.0576 113
0.0577 113
0.0578 113
0.0579 113
0.058 112
0.0581 111
0.0582 111
0.0583 114
0.0584 114
0.0585 113
0.0586 112
0.0587 110
0.0588 110
0.0589 110
0.059 109
0.0591 110
0.0592 110
0.0593 110
0.0594 110
0.0595 110
0.0596 109
0.0597 110
0.0598 114
0.0599 113
0.06 113
0.0601 115
0.0602 116
0.0603 112
0.0604 112
0.0605 112
0.0606 112
0.0607 113
0.0608 114
0.0609 114
0.061 113
0.0611 114
0.0612 113
0.0613 114
0.0614 113
0.0615 112
0.0616 112
0.0617 112
0.0618 113
0.0619 113
0.062 113
0.0621 114
0.0622 115
0.0623 115
0.0624 115
0.0625 118
0.0626 119
0.0627 118
0.0628 117
0.0629 117
0.063 119
0.0631 118
0.0632 118
0.0633 117
0.0634 117
0.0635 117
0.0636 117
0.0637 117
0.0638 117
0.0639 118
0.064 119
0.0641 118
0.0642 119
0.0643 117
0.0644 116
0.0645 116
0.0646 116
0.0647 115
0.0648 113
0.0649 114
0.065 114
0.0651 115
0.0652 114
0.0653 113
0.0654 113
0.0655 113
0.0656 117
0.0657 118
0.0658 118
0.0659 118
0.066 118
0.0661 118
0.0662 118
0.0663 118
0.0664 117
0.0665 118
0.0666 119
0.0667 118
0.0668 120
0.0669 119
0.067 120
0.0671 120
0.0672 121
0.0673 120
0.0674 118
0.0675 119
0.0676 121
0.0677 122
0.0678 121
0.0679 122
0.068 122
0.0681 122
0.0682 122
0.0683 123
0.0684 124
0.0685 125
0.0686 128
0.0687 129
0.0688 131
0.0689 132
0.069 132
0.0691 130
0.0692 130
0.0693 130
0.0694 131
0.0695 130
0.0696 131
0.0697 132
0.0698 132
0.0699 132
0.07 131
0.0701 134
0.0702 135
0.0703 136
0.0704 136
0.0705 135
0.0706 133
0.0707 131
0.0708 130
0.0709 130
0.071 129
0.0711 131
0.0712 131
0.0713 133
0.0714 132
0.0715 130
0.0716 132
0.0717 134
0.0718 133
0.0719 135
0.072 136
0.0721 136
0.0722 136
0.0723 138
0.0724 137
0.0725 137
0.0726 138
0.0727 139
0.0728 140
0.0729 137
0.073 139
0.0731 139
0.0732 140
0.0733 140
0.0734 141
0.0735 142
0.0736 141
0.0737 142
0.0738 142
0.0739 143
0.074 144
0.0741 144
0.0742 142
0.0743 140
0.0744 141
0.0745 139
0.0746 141
0.0747 138
0.0748 137
0.0749 137
0.075 137
0.0751 135
0.0752 135
0.0753 138
0.0754 138
0.0755 139
0.0756 137
0.0757 138
0.0758 137
0.0759 137
0.076 138
0.0761 138
0.0762 139
0.0763 140
0.0764 141
0.0765 140
0.0766 140
0.0767 141
0.0768 139
0.0769 142
0.077 142
0.0771 144
0.0772 143
0.0773 143
0.0774 143
0.0775 143
0.0776 143
0.0777 145
0.0778 145
0.0779 146
0.078 146
0.0781 146
0.0782 146
0.0783 145
0.0784 149
0.0785 149
0.0786 149
0.0787 148
0.0788 149
0.0789 150
0.079 150
0.0791 153
0.0792 155
0.0793 154
0.0794 155
0.0795 155
0.0796 153
0.0797 154
0.0798 153
0.0799 155
0.08 156
0.0801 156
0.0802 156
0.0803 155
0.0804 156
0.0805 155
0.0806 154
0.0807 152
0.0808 154
0.0809 155
0.081 155
0.0811 155
0.0812 153
0.0813 155
0.0814 155
0.0815 155
0.0816 155
0.0817 154
0.0818 155
0.0819 157
0.082 157
0.0821 156
0.0822 155
0.0823 154
0.0824 152
0.0825 153
0.0826 156
0.0827 157
0.0828 157
0.0829 159
0.083 161
0.0831 159
0.0832 161
0.0833 162
0.0834 162
0.0835 161
0.0836 161
0.0837 161
0.0838 159
0.0839 157
0.084 157
0.0841 157
0.0842 156
0.0843 157
0.0844 158
0.0845 156
0.0846 158
0.0847 158
0.0848 156
0.0849 156
0.085 155
0.0851 155
0.0852 155
0.0853 156
0.0854 157
0.0855 156
0.0856 156
0.0857 158
0.0858 157
0.0859 158
0.086 159
0.0861 159
0.0862 161
0.0863 162
0.0864 160
0.0865 159
0.0866 160
0.0867 158
0.0868 160
0.0869 158
0.087 158
0.0871 157
0.0872 155
0.0873 154
0.0874 154
0.0875 155
0.0876 153
0.0877 153
0.0878 154
0.0879 157
0.088 157
0.0881 158
0.0882 157
0.0883 156
0.0884 157
0.0885 158
0.0886 157
0.0887 158
0.0888 158
0.0889 158
0.089 158
0.0891 159
0.0892 158
0.0893 159
0.0894 160
0.0895 160
0.0896 160
0.0897 161
0.0898 162
0.0899 162
0.09 161
0.0901 160
0.0902 161
0.0903 164
0.0904 166
0.0905 166
0.0906 164
0.0907 164
0.0908 165
0.0909 165
0.091 165
0.0911 166
0.0912 166
0.0913 166
0.0914 168
0.0915 169
0.0916 169
0.0917 169
0.0918 168
0.0919 167
0.092 166
0.0921 166
0.0922 165
0.0923 167
0.0924 167
0.0925 167
0.0926 166
0.0927 164
0.0928 164
0.0929 164
0.093 166
0.0931 166
0.0932 166
0.0933 163
0.0934 165
0.0935 165
0.0936 163
0.0937 165
0.0938 163
0.0939 163
0.094 162
0.0941 163
0.0942 162
0.0943 161
0.0944 161
0.0945 161
0.0946 159
0.0947 161
0.0948 162
0.0949 162
0.095 160
0.0951 161
0.0952 163
0.0953 163
0.0954 162
0.0955 164
0.0956 165
0.0957 165
0.0958 164
0.0959 165
0.096 163
0.0961 161
0.0962 162
0.0963 163
0.0964 164
0.0965 165
0.0966 166
0.0967 167
0.0968 169
0.0969 168
0.097 166
0.0971 163
0.0972 163
0.0973 166
0.0974 168
0.0975 169
0.0976 168
0.0977 169
0.0978 170
0.0979 171
0.098 170
0.0981 170
0.0982 168
0.0983 169
0.0984 168
0.0985 168
0.0986 169
0.0987 171
0.0988 170
0.0989 171
0.099 173
0.0991 172
0.0992 172
0.0993 170
0.0994 171
0.0995 171
0.0996 171
0.0997 172
0.0998 171
0.0999 170
0.1 171
