0 0
0.0001 1
0.0002 6
0.0003 9
0.0004 13
0.0005 26
0.0006 44
0.0007 55
0.0008 76
0.0009 117
0.001 157
0.0011 205
0.0012 230
0.0013 270
0.0014 309
0.0015 352
0.0016 393
0.0017 435
0.0018 471
0.0019 533
0.002 587
0.0021 630
0.0022 674
0.0023 714
0.0024 759
0.0025 794
0.0026 834
0.0027 868
0.0028 883
0.0029 900
0.003 932
0.0031 986
0.0032 1023
0.0033 1042
0.0034 1064
0.0035 1131
0.0036 1175
0.0037 1194
0.0038 1223
0.0039 1250
0.004 1271
0.0041 1284
0.0042 1301
0.0043 1327
0.0044 1332
0.0045 1329
0.0046 1346
0.0047 1322
0.0048 1352
0.0049 1350
0.005 1359
0.0051 1352
0.0052 1365
0.0053 1387
0.0054 1387
0.0055 1377
0.0056 1373
0.0057 1370
0.0058 1378
0.0059 1396
0.006 1413
0.0061 1415
0.0062 1434
0.0063 1455
0.0064 1465
0.0065 1492
0.0066 1507
0.0067 1502
0.0068 1523
0.0069 1530
0.007 1551
0.0071 1541
0.0072 1564
0.0073 1584
0.0074 1595
0.0075 1609
0.0076 1624
0.0077 1634
0.0078 1653
0.0079 1653
0.008 1657
0.0081 1693
0.0082 1700
0.0083 1710
0.0084 1691
0.0085 1693
0.0086 1702
0.0087 1708
0.0088 1721
0.0089 1718
0.009 1718
0.0091 1737
0.0092 1748
0.0093 1749
0.0094 1745
0.0095 1750
0.0096 1765
0.0097 1752
0.0098 1750
0.0099 1715
0.01 1715
0.0101 1685
0.0102 1673
0.0103 1676
0.0104 1670
0.0105 1662
0.0106 1638
0.0107 1636
0.0108 1646
0.0109 1649
0.011 1640
0.0111 1654
0.0112 1647
0.0113 1640
0.0114 1630
0.0115 1637
0.0116 1635
0.0117 1618
0.0118 1620
0.0119 1629
0.012 1635
0.0121 1640
0.0122 1635
0.0123 1640
0.0124 1659
0.0125 1630
0.0126 1618
0.0127 1579
0.0128 1571
0.0129 1553
0.013 1533
0.0131 1510
0.0132 1487
0.0133 1449
0.0134 1445
0.0135 1412
0.0136 1413
0.0137 1417
0.0138 1415
0.0139 1403
0.014 1413
0.0141 1409
0.0142 1396
0.0143 1389
0.0144 1387
0.0145 1393
0.0146 1394
0.0147 1372
0.0148 1365
0.0149 1345
0.015 1342
0.0151 1319
0.0152 1317
0.0153 1309
0.0154 1296
0.0155 1298
0.0156 1297
0.0157 1285
0.0158 1281
0.0159 1280
0.016 1268
0.0161 1286
0.0162 1297
0.0163 1298
0.0164 1312
0.0165 1321
0.0166 1321
0.0167 1320
0.0168 1309
0.0169 1292
0.017 1276
0.0171 1276
0.0172 1258
0.0173 1245
0.0174 1228
0.0175 1224
0.0176 1192
0.0177 1181
0.0178 1163
0.0179 1162
0.018 1166
0.0181 1139
0.0182 1125
0.0183 1104
0.0184 1095
0.0185 1072
0.0186 1059
0.0187 1038
0.0188 1046
0.0189 1022
0.019 1015
0.0191 1008
0.0192 993
0.0193 989
0.0194 982
0.0195 981
0.0196 964
0.0197 958
0.0198 940
0.0199 925
0.02 906
0.0201 883
0.0202 871
0.0203 851
0.0204 822
0.0205 815
0.0206 826
0.0207 825
0.0208 833
0.0209 823
0.021 806
0.0211 785
0.0212 775
0.0213 753
0.0214 745
0.0215 747
0.0216 748
0.0217 737
0.0218 729
0.0219 753
0.022 744
0.0221 755
0.0222 743
0.0223 728
0.0224 718
0.0225 713
0.0226 712
0.0227 711
0.0228 696
0.0229 664
0.023 635
0.0231 622
0.0232 617
0.0233 604
0.0234 585
0.0235 588
0.0236 589
0.0237 588
0.0238 572
0.0239 579
0.024 559
0.0241 546
0.0242 546
0.0243 544
0.0244 540
0.0245 549
0.0246 559
0.0247 533
0.0248 510
0.0249 489
0.025 465
0.0251 449
0.0252 436
0.0253 403
0.0254 375
0.0255 350
0.0256 331
0.0257 311
0.0258 289
0.0259 245
0.026 239
0.0261 216
0.0262 193
0.0263 203
0.0264 210
0.0265 212
0.0266 226
0.0267 227
0.0268 222
0.0269 221
0.027 218
0.0271 202
0.0272 197
0.0273 199
0.0274 188
0.0275 169
0.0276 164
0.0277 162
0.0278 146
0.0279 127
0.028 101
0.0281 77
0.0282 54
0.0283 41
0.0284 22
0.0285 17
0.0286 5
0.0287 5
0.0288 9
0.0289 12
0.029 8
0.0291 7
0.0292 6
0.0293 4
0.0294 1
0.0295 3
0.0296 1
0.0297 4
0.0298 4
0.0299 3
0.03 2
0.0301 4
0.0302 1
0.0303 1
0.0304 9
0.0305 18
0.0306 22
0.0307 16
0.0308 10
0.0309 14
0.031 10
0.0311 3
0.0312 0
0.0313 4
0.0314 0
0.0315 2
0.0316 3
0.0317 2
0.0318 0
0.0319 1
0.032 6
0.0321 3
0.0322 1
0.0323 6
0.0324 4
0.0325 2
0.0326 3
0.0327 5
0.0328 3
0.0329 0
0.033 0
0.0331 1
0.0332 0
0.0333 1
0.0334 0
0.0335 4
0.0336 1
0.0337 0
0.0338 2
0.0339 1
0.034 0
0.0341 0
0.0342 0
0.0343 0
0.0344 1
0.0345 5
0.0346 5
0.0347 8
0.0348 0
0.0349 2
0.035 0
0.0351 2
0.0352 2
0.0353 1
0.0354 0
0.0355 0
0.0356 0
0.0357 0
0.0358 0
0.0359 0
0.036 0
0.0361 1
0.0362 0
0.0363 0
0.0364 1
0.0365 4
0.0366 0
0.0367 0
0.0368 3
0.0369 3
0.037 1
0.0371 2
0.0372 0
0.0373 1
0.0374 2
0.0375 5
0.0376 8
0.0377 9
0.0378 4
0.0379 4
0.038 6
0.0381 4
0.0382 3
0.0383 4
0.0384 2
0.0385 5
0.0386 6
0.0387 4
0.0388 2
0.0389 2
0.039 5
0.0391 0
0.0392 2
0.0393 4
0.0394 0
0.0395 2
0.0396 0
0.0397 2
0.0398 0
0.0399 3
0.04 1
0.0401 2
0.0402 1
0.0403 1
0.0404 1
0.0405 1
0.0406 0
0.0407 1
0.0408 0
0.0409 0
0.041 0
0.0411 1
0.0412 4
0.0413 2
0.0414 0
0.0415 3
0.0416 2
0.0417 1
0.0418 1
0.0419 2
0.042 1
0.0421 0
0.0422 0
0.0423 0
0.0424 1
0.0425 0
0.0426 1
0.0427 1
0.0428 0
0.0429 5
0.043 0
0.0431 1
0.0432 0
0.0433 0
0.0434 1
0.0435 0
0.0436 1
0.0437 0
0.0438 0
0.0439 0
0.044 0
0.0441 1
0.0442 1
0.0443 1
0.0444 1
0.0445 0
0.0446 1
0.0447 0
0.0448 0
0.0449 0
0.045 0
0.0451 1
0.0452 0
0.0453 0
0.0454 0
0.0455 0
0.0456 0
0.0457 0
0.0458 0
0.0459 2
0.046 0
0.0461 0
0.0462 2
0.0463 1
0.0464 1
0.0465 5
0.0466 1
0.0467 3
0.0468 2
0.0469 1
0.047 1
0.0471 3
0.0472 0
0.0473 1
0.0474 2
0.0475 2
0.0476 1
0.0477 6
0.0478 2
0.0479 3
0.048 3
0.0481 5
0.0482 3
0.0483 1
0.0484 0
0.0485 1
0.0486 2
0.0487 2
0.0488 0
0.0489 0
0.049 2
0.0491 4
0.0492 2
0.0493 2
0.0494 3
0.0495 1
0.0496 1
0.0497 3
0.0498 1
0.0499 2
0.05 3
0.0501 3
0.0502 5
0.0503 1
0.0504 1
0.0505 0
0.0506 1
0.0507 0
0.0508 1
0.0509 0
0.051 0
0.0511 5
0.0512 6
0.0513 5
0.0514 19
0.0515 6
0.0516 5
0.0517 10
0.0518 5
0.0519 5
0.052 4
0.0521 3
0.0522 3
0.0523 1
0.0524 1
0.0525 1
0.0526 1
0.0527 1
0.0528 0
0.0529 3
0.053 1
0.0531 5
0.0532 7
0.0533 8
0.0534 5
0.0535 5
0.0536 10
0.0537 15
0.0538 18
0.0539 15
0.054 20
0.0541 13
0.0542 15
0.0543 14
0.0544 8
0.0545 3
0.0546 5
0.0547 3
0.0548 1
0.0549 0
0.055 0
0.0551 0
0.0552 0
0.0553 0
0.0554 1
0.0555 1
0.0556 4
0.0557 2
0.0558 1
0.0559 2
0.056 4
0.0561 2
0.0562 3
0.0563 3
0.0564 11
0.0565 26
0.0566 24
0.0567 24
0.0568 12
0.0569 15
0.057 13
0.0571 16
0.0572 10
0.0573 6
0.0574 6
0.0575 4
0.0576 2
0.0577 1
0.0578 1
0.0579 2
0.058 0
0.0581 1
0.0582 5
0.0583 6
0.0584 15
0.0585 19
0.0586 17
0.0587 9
0.0588 8
0.0589 8
0.059 4
0.0591 5
0.0592 3
0.0593 3
0.0594 1
0.0595 5
0.0596 6
0.0597 9
0.0598 11
0.0599 17
0.06 19
0.0601 12
0.0602 20
0.0603 28
0.0604 28
0.0605 25
0.0606 12
0.0607 13
0.0608 6
0.0609 6
0.061 1
0.0611 2
0.0612 2
0.0613 4
0.0614 10
0.0615 18
0.0616 25
0.0617 36
0.0618 50
0.0619 60
0.062 73
0.0621 60
0.0622 56
0.0623 53
0.0624 53
0.0625 52
0.0626 40
0.0627 35
0.0628 35
0.0629 37
0.063 38
0.0631 50
0.0632 60
0.0633 72
0.0634 69
0.0635 76
0.0636 84
0.0637 99
0.0638 106
0.0639 106
0.064 102
0.0641 97
0.0642 85
0.0643 68
0.0644 60
0.0645 67
0.0646 91
0.0647 104
0.0648 109
0.0649 120
0.065 121
0.0651 114
0.0652 108
0.0653 118
0.0654 128
0.0655 139
0.0656 152
0.0657 149
0.0658 145
0.0659 143
0.066 137
0.0661 129
0.0662 141
0.0663 148
0.0664 147
0.0665 149
0.0666 149
0.0667 182
0.0668 180
0.0669 189
0.067 206
0.0671 206
0.0672 201
0.0673 197
0.0674 216
0.0675 223
0.0676 230
0.0677 231
0.0678 237
0.0679 232
0.068 242
0.0681 258
0.0682 265
0.0683 266
0.0684 285
0.0685 275
0.0686 268
0.0687 265
0.0688 267
0.0689 259
0.069 265
0.0691 280
0.0692 298
0.0693 312
0.0694 323
0.0695 335
0.0696 342
0.0697 365
0.0698 389
0.0699 400
0.07 406
0.0701 403
0.0702 452
0.0703 481
0.0704 496
0.0705 523
0.0706 541
0.0707 541
0.0708 556
0.0709 582
0.071 605
0.0711 633
0.0712 653
0.0713 687
0.0714 701
0.0715 701
0.0716 729
0.0717 750
0.0718 741
0.0719 746
0.072 742
0.0721 748
0.0722 761
0.0723 764
0.0724 784
0.0725 794
0.0726 793
0.0727 809
0.0728 805
0.0729 823
0.073 835
0.0731 852
0.0732 860
0.0733 883
0.0734 916
0.0735 943
0.0736 934
0.0737 956
0.0738 952
0.0739 943
0.074 953
0.0741 961
0.0742 966
0.0743 972
0.0744 978
0.0745 984
0.0746 991
0.0747 986
0.0748 1010
0.0749 1014
0.075 1016
0.0751 1027
0.0752 1026
0.0753 1039
0.0754 1064
0.0755 1072
0.0756 1082
0.0757 1075
0.0758 1051
0.0759 1049
0.076 1045
0.0761 1040
0.0762 1026
0.0763 1021
0.0764 1025
0.0765 1014
0.0766 1019
0.0767 1012
0.0768 1020
0.0769 1026
0.077 1041
0.0771 1051
0.0772 1043
0.0773 1023
0.0774 1000
0.0775 984
0.0776 963
0.0777 942
0.0778 940
0.0779 944
0.078 928
0.0781 909
0.0782 874
0.0783 856
0.0784 852
0.0785 849
0.0786 854
0.0787 840
0.0788 834
0.0789 853
0.079 855
0.0791 878
0.0792 859
0.0793 860
0.0794 873
0.0795 865
0.0796 892
0.0797 889
0.0798 893
0.0799 870
0.08 879
0.0801 883
0.0802 898
0.0803 889
0.0804 892
0.0805 900
0.0806 890
0.0807 881
0.0808 868
0.0809 882
0.081 876
0.0811 867
0.0812 853
0.0813 850
0.0814 829
0.0815 801
0.0816 792
0.0817 785
0.0818 758
0.0819 734
0.082 732
0.0821 728
0.0822 708
0.0823 708
0.0824 694
0.0825 695
0.0826 688
0.0827 691
0.0828 668
0.0829 667
0.083 685
0.0831 693
0.0832 701
0.0833 679
0.0834 662
0.0835 649
0.0836 643
0.0837 611
0.0838 609
0.0839 595
0.084 581
0.0841 559
0.0842 537
0.0843 529
0.0844 527
0.0845 524
0.0846 504
0.0847 486
0.0848 484
0.0849 470
0.085 458
0.0851 434
0.0852 432
0.0853 415
0.0854 394
0.0855 370
0.0856 350
0.0857 351
0.0858 339
0.0859 329
0.086 305
0.0861 291
0.0862 301
0.0863 281
0.0864 253
0.0865 231
0.0866 224
0.0867 204
0.0868 206
0.0869 185
0.087 170
0.0871 157
0.0872 143
0.0873 124
0.0874 117
0.0875 103
0.0876 110
0.0877 120
0.0878 117
0.0879 120
0.088 110
0.0881 119
0.0882 127
0.0883 125
0.0884 122
0.0885 132
0.0886 134
0.0887 115
0.0888 96
0.0889 77
0.089 52
0.0891 56
0.0892 44
0.0893 48
0.0894 41
0.0895 49
0.0896 48
0.0897 38
0.0898 33
0.0899 17
0.09 9
0.0901 11
0.0902 8
0.0903 3
0.0904 2
0.0905 11
0.0906 9
0.0907 4
0.0908 1
0.0909 6
0.091 2
0.0911 1
0.0912 2
0.0913 2
0.0914 0
0.0915 1
0.0916 2
0.0917 5
0.0918 2
0.0919 3
0.092 4
0.0921 5
0.0922 0
0.0923 5
0.0924 4
0.0925 7
0.0926 13
0.0927 12
0.0928 19
0.0929 15
0.093 11
0.0931 9
0.0932 6
0.0933 7
0.0934 7
0.0935 2
0.0936 2
0.0937 1
0.0938 2
0.0939 0
0.094 1
0.0941 0
0.0942 3
0.0943 1
0.0944 2
0.0945 1
0.0946 1
0.0947 3
0.0948 0
0.0949 1
0.095 1
0.0951 3
0.0952 1
0.0953 1
0.0954 2
0.0955 1
0.0956 0
0.0957 0
0.0958 1
0.0959 1
0.096 1
0.0961 1
0.0962 0
0.0963 0
0.0964 1
0.0965 1
0.0966 2
0.0967 1
0.0968 3
0.0969 8
0.097 12
0.0971 6
0.0972 7
0.0973 6
0.0974 5
0.0975 4
0.0976 0
0.0977 1
0.0978 0
0.0979 0
0.098 0
0.0981 0
0.0982 4
0.0983 1
0.0984 4
0.0985 2
0.0986 0
0.0987 3
0.0988 0
0.0989 1
0.099 1
0.0991 2
0.0992 0
0.0993 0
0.0994 0
0.0995 2
0.0996 1
0.0997 0
0.0998 4
0.0999 0
0.1 1
0.1001 0
0.1002 3
0.1003 0
0.1004 0
0.1005 0
0.1006 0
0.1007 2
0.1008 0
0.1009 0
0.101 0
0.1011 2
0.1012 5
0.1013 5
0.1014 6
0.1015 12
0.1016 3
0.1017 7
0.1018 18
0.1019 5
0.102 17
0.1021 9
0.1022 5
0.1023 4
0.1024 5
0.1025 14
0.1026 6
0.1027 8
0.1028 3
0.1029 3
0.103 3
0.1031 3
0.1032 1
0.1033 3
0.1034 3
0.1035 1
0.1036 3
0.1037 3
0.1038 2
0.1039 1
0.104 1
0.1041 0
0.1042 3
0.1043 2
0.1044 1
0.1045 1
0.1046 0
0.1047 0
0.1048 0
0.1049 0
0.105 0
0.1051 1
0.1052 0
0.1053 0
0.1054 4
0.1055 1
0.1056 1
0.1057 1
0.1058 1
0.1059 0
0.106 3
0.1061 1
0.1062 0
0.1063 1
0.1064 0
0.1065 2
0.1066 0
0.1067 4
0.1068 2
0.1069 0
0.107 0
0.1071 3
0.1072 0
0.1073 2
0.1074 1
0.1075 1
0.1076 3
0.1077 1
0.1078 1
0.1079 4
0.108 0
0.1081 3
0.1082 1
0.1083 1
0.1084 2
0.1085 1
0.1086 2
0.1087 1
0.1088 1
0.1089 3
0.109 0
0.1091 1
0.1092 2
0.1093 4
0.1094 3
0.1095 2
0.1096 3
0.1097 3
0.1098 0
0.1099 3
0.11 2
0.1101 3
0.1102 1
0.1103 2
0.1104 4
0.1105 0
0.1106 4
0.1107 1
0.1108 0
0.1109 3
0.111 4
0.1111 1
0.1112 2
0.1113 1
0.1114 0
0.1115 0
0.1116 2
0.1117 5
0.1118 3
0.1119 0
0.112 1
0.1121 2
0.1122 0
0.1123 0
0.1124 1
0.1125 2
0.1126 2
0.1127 1
0.1128 3
0.1129 3
0.113 1
0.1131 1
0.1132 0
0.1133 2
0.1134 1
0.1135 0
0.1136 2
0.1137 5
0.1138 6
0.1139 12
0.114 8
0.1141 4
0.1142 2
0.1143 3
0.1144 2
0.1145 3
0.1146 1
0.1147 3
0.1148 5
0.1149 3
0.115 2
0.1151 1
0.1152 2
0.1153 2
0.1154 2
0.1155 1
0.1156 1
0.1157 2
0.1158 0
0.1159 5
0.116 5
0.1161 2
0.1162 4
0.1163 12
0.1164 14
0.1165 21
0.1166 20
0.1167 22
0.1168 18
0.1169 12
0.117 7
0.1171 6
0.1172 3
0.1173 6
0.1174 3
0.1175 4
0.1176 2
0.1177 1
0.1178 0
0.1179 1
0.118 0
0.1181 2
0.1182 0
0.1183 1
0.1184 3
0.1185 1
0.1186 0
0.1187 2
0.1188 2
0.1189 1
0.119 4
0.1191 4
0.1192 4
0.1193 1
0.1194 0
0.1195 0
0.1196 6
0.1197 2
0.1198 0
0.1199 4
0.12 2
0.1201 0
0.1202 3
0.1203 1
0.1204 0
0.1205 1
0.1206 0
0.1207 3
0.1208 2
0.1209 0
0.121 5
0.1211 3
0.1212 0
0.1213 0
0.1214 1
0.1215 2
0.1216 1
0.1217 0
0.1218 0
0.1219 0
0.122 1
0.1221 1
0.1222 0
0.1223 2
0.1224 4
0.1225 7
0.1226 10
0.1227 4
0.1228 1
0.1229 1
0.123 1
0.1231 3
0.1232 2
0.1233 0
0.1234 5
0.1235 2
0.1236 2
0.1237 2
0.1238 12
0.1239 21
0.124 27
0.1241 40
0.1242 46
0.1243 50
0.1244 67
0.1245 86
0.1246 116
0.1247 127
0.1248 142
0.1249 144
0.125 158
0.1251 161
0.1252 180
0.1253 176
0.1254 191
0.1255 192
0.1256 215
0.1257 234
0.1258 235
0.1259 230
0.126 259
0.1261 305
0.1262 324
0.1263 346
0.1264 375
0.1265 389
0.1266 426
0.1267 450
0.1268 476
0.1269 502
0.127 518
0.1271 532
0.1272 528
0.1273 543
0.1274 549
0.1275 558
0.1276 586
0.1277 591
0.1278 576
0.1279 572
0.128 582
0.1281 597
0.1282 616
0.1283 625
0.1284 634
0.1285 634
0.1286 634
0.1287 645
0.1288 648
0.1289 675
0.129 688
0.1291 710
0.1292 723
0.1293 754
0.1294 763
0.1295 774
0.1296 774
0.1297 789
0.1298 770
0.1299 757
0.13 754
0.1301 775
0.1302 779
0.1303 778
0.1304 786
0.1305 810
0.1306 815
0.1307 815
0.1308 823
0.1309 835
0.131 862
0.1311 869
0.1312 861
0.1313 876
0.1314 886
0.1315 894
0.1316 891
0.1317 903
0.1318 901
0.1319 917
0.132 920
0.1321 946
0.1322 946
0.1323 971
0.1324 978
0.1325 985
0.1326 986
0.1327 996
0.1328 990
0.1329 975
0.133 977
0.1331 977
0.1332 980
0.1333 989
0.1334 967
0.1335 977
0.1336 995
0.1337 973
0.1338 964
0.1339 977
0.134 979
0.1341 976
0.1342 966
0.1343 957
0.1344 960
0.1345 946
0.1346 948
0.1347 946
0.1348 958
0.1349 970
0.135 972
0.1351 967
0.1352 954
0.1353 945
0.1354 940
0.1355 958
0.1356 956
0.1357 951
0.1358 924
0.1359 897
0.136 873
0.1361 871
0.1362 851
0.1363 849
0.1364 839
0.1365 825
0.1366 798
0.1367 816
0.1368 841
0.1369 847
0.137 843
0.1371 845
0.1372 857
0.1373 865
0.1374 909
0.1375 943
0.1376 967
0.1377 988
0.1378 1011
0.1379 1012
0.138 1018
0.1381 1008
0.1382 989
0.1383 978
0.1384 952
0.1385 950
0.1386 944
0.1387 948
0.1388 938
0.1389 927
0.139 893
0.1391 882
0.1392 845
0.1393 824
0.1394 787
0.1395 760
0.1396 718
0.1397 698
0.1398 674
0.1399 668
0.14 653
0.1401 643
0.1402 629
0.1403 626
0.1404 640
0.1405 646
0.1406 668
0.1407 643
0.1408 621
0.1409 602
0.141 584
0.1411 568
0.1412 536
0.1413 497
0.1414 478
0.1415 464
0.1416 463
0.1417 484
0.1418 491
0.1419 470
0.142 463
0.1421 460
0.1422 457
0.1423 429
0.1424 430
0.1425 440
0.1426 427
0.1427 428
0.1428 470
0.1429 499
0.143 489
0.1431 487
0.1432 502
0.1433 513
0.1434 514
0.1435 516
0.1436 533
0.1437 527
0.1438 532
0.1439 539
0.144 567
0.1441 566
0.1442 542
0.1443 505
0.1444 497
0.1445 488
0.1446 464
0.1447 463
0.1448 433
0.1449 415
0.145 399
0.1451 380
0.1452 369
0.1453 367
0.1454 356
0.1455 343
0.1456 334
0.1457 325
0.1458 292
0.1459 276
0.146 238
0.1461 222
0.1462 205
0.1463 202
0.1464 189
0.1465 203
0.1466 207
0.1467 208
0.1468 219
0.1469 230
0.147 229
0.1471 230
0.1472 227
0.1473 227
0.1474 227
0.1475 223
0.1476 210
0.1477 201
0.1478 188
0.1479 200
0.148 196
0.1481 202
0.1482 207
0.1483 219
0.1484 211
0.1485 220
0.1486 198
0.1487 166
0.1488 140
0.1489 124
0.149 105
0.1491 84
0.1492 62
0.1493 48
0.1494 34
0.1495 18
0.1496 12
0.1497 7
0.1498 6
0.1499 8
0.15 11
0.1501 14
0.1502 22
0.1503 25
0.1504 27
0.1505 24
0.1506 17
0.1507 6
0.1508 8
0.1509 7
0.151 5
0.1511 1
0.1512 2
0.1513 0
0.1514 1
0.1515 0
0.1516 2
0.1517 1
0.1518 3
0.1519 0
0.152 0
0.1521 1
0.1522 1
0.1523 4
0.1524 5
0.1525 5
0.1526 2
0.1527 2
0.1528 5
0.1529 2
0.153 3
0.1531 3
0.1532 2
0.1533 3
0.1534 2
0.1535 0
0.1536 5
0.1537 0
0.1538 2
0.1539 0
0.154 0
0.1541 0
0.1542 0
0.1543 2
0.1544 1
0.1545 1
0.1546 1
0.1547 1
0.1548 3
0.1549 8
0.155 1
0.1551 5
0.1552 3
0.1553 6
0.1554 2
0.1555 2
0.1556 1
0.1557 1
0.1558 6
0.1559 5
0.156 1
0.1561 0
0.1562 3
0.1563 2
0.1564 0
0.1565 2
0.1566 3
0.1567 2
0.1568 1
0.1569 0
0.157 2
0.1571 2
0.1572 6
0.1573 8
0.1574 4
0.1575 7
0.1576 5
0.1577 4
0.1578 3
0.1579 2
0.158 5
0.1581 4
0.1582 7
0.1583 10
0.1584 8
0.1585 7
0.1586 5
0.1587 10
0.1588 0
0.1589 2
0.159 1
0.1591 1
0.1592 2
0.1593 3
0.1594 4
0.1595 4
0.1596 6
0.1597 5
0.1598 11
0.1599 6
0.16 22
0.1601 17
0.1602 6
0.1603 11
0.1604 8
0.1605 5
0.1606 11
0.1607 2
0.1608 2
0.1609 4
0.161 2
0.1611 4
0.1612 4
0.1613 3
0.1614 5
0.1615 4
0.1616 6
0.1617 6
0.1618 4
0.1619 5
0.162 1
0.1621 4
0.1622 0
0.1623 3
0.1624 1
0.1625 2
0.1626 0
0.1627 0
0.1628 4
0.1629 5
0.163 5
0.1631 7
0.1632 6
0.1633 13
0.1634 13
0.1635 10
0.1636 11
0.1637 24
0.1638 27
0.1639 25
0.164 24
0.1641 28
0.1642 37
0.1643 53
0.1644 47
0.1645 41
0.1646 53
0.1647 47
0.1648 54
0.1649 46
0.165 46
0.1651 41
0.1652 45
0.1653 34
0.1654 44
0.1655 59
0.1656 69
0.1657 85
0.1658 91
0.1659 105
0.166 121
0.1661 118
0.1662 110
0.1663 107
0.1664 99
0.1665 104
0.1666 96
0.1667 103
0.1668 95
0.1669 75
0.167 68
0.1671 93
0.1672 88
0.1673 83
0.1674 75
0.1675 63
0.1676 46
0.1677 40
0.1678 42
0.1679 41
0.168 24
0.1681 24
0.1682 11
0.1683 14
0.1684 10
0.1685 8
0.1686 6
0.1687 10
0.1688 11
0.1689 8
0.169 5
0.1691 2
0.1692 7
0.1693 4
0.1694 3
0.1695 3
0.1696 5
0.1697 5
0.1698 3
0.1699 5
0.17 6
0.1701 2
0.1702 1
0.1703 1
0.1704 0
0.1705 0
0.1706 2
0.1707 0
0.1708 3
0.1709 2
0.171 9
0.1711 7
0.1712 5
0.1713 6
0.1714 5
0.1715 7
0.1716 2
0.1717 7
0.1718 9
0.1719 9
0.172 7
0.1721 1
0.1722 5
0.1723 1
0.1724 1
0.1725 4
0.1726 2
0.1727 0
0.1728 3
0.1729 2
0.173 1
0.1731 2
0.1732 1
0.1733 0
0.1734 1
0.1735 1
0.1736 1
0.1737 2
0.1738 0
0.1739 2
0.174 1
0.1741 5
0.1742 3
0.1743 2
0.1744 3
0.1745 4
0.1746 1
0.1747 4
0.1748 3
0.1749 4
0.175 1
0.1751 0
0.1752 2
0.1753 1
0.1754 1
0.1755 6
0.1756 1
0.1757 3
0.1758 2
0.1759 1
0.176 0
0.1761 1
0.1762 1
0.1763 2
0.1764 1
0.1765 1
0.1766 2
0.1767 2
0.1768 2
0.1769 0
0.177 2
0.1771 1
0.1772 5
0.1773 1
0.1774 0
0.1775 4
0.1776 7
0.1777 9
0.1778 8
0.1779 2
0.178 4
0.1781 4
0.1782 6
0.1783 5
0.1784 5
0.1785 3
0.1786 2
0.1787 0
0.1788 3
0.1789 2
0.179 2
0.1791 1
0.1792 4
0.1793 2
0.1794 4
0.1795 3
0.1796 0
0.1797 1
0.1798 1
0.1799 2
0.18 4
0.1801 10
0.1802 3
0.1803 4
0.1804 4
0.1805 1
0.1806 4
0.1807 2
0.1808 1
0.1809 4
0.181 1
0.1811 2
0.1812 0
0.1813 1
0.1814 1
0.1815 0
0.1816 1
0.1817 1
0.1818 0
0.1819 0
0.182 0
0.1821 0
0.1822 2
0.1823 0
0.1824 4
0.1825 0
0.1826 5
0.1827 2
0.1828 3
0.1829 5
0.183 2
0.1831 1
0.1832 3
0.1833 2
0.1834 2
0.1835 2
0.1836 1
0.1837 3
0.1838 3
0.1839 2
0.184 1
0.1841 1
0.1842 1
0.1843 2
0.1844 5
0.1845 10
0.1846 5
0.1847 6
0.1848 3
0.1849 4
0.185 0
0.1851 3
0.1852 9
0.1853 5
0.1854 4
0.1855 5
0.1856 4
0.1857 2
0.1858 1
0.1859 0
0.186 1
0.1861 4
0.1862 0
0.1863 0
0.1864 0
0.1865 1
0.1866 0
0.1867 1
0.1868 1
0.1869 1
0.187 1
0.1871 0
0.1872 0
0.1873 1
0.1874 0
0.1875 0
0.1876 3
0.1877 4
0.1878 1
0.1879 2
0.188 3
0.1881 2
0.1882 2
0.1883 6
0.1884 2
0.1885 2
0.1886 1
0.1887 1
0.1888 4
0.1889 1
0.189 2
0.1891 1
0.1892 1
0.1893 1
0.1894 1
0.1895 2
0.1896 1
0.1897 3
0.1898 3
0.1899 13
0.19 15
0.1901 13
0.1902 24
0.1903 26
0.1904 12
0.1905 11
0.1906 13
0.1907 11
0.1908 21
0.1909 26
0.191 32
0.1911 31
0.1912 49
0.1913 37
0.1914 24
0.1915 14
0.1916 23
0.1917 35
0.1918 50
0.1919 61
0.192 69
0.1921 65
0.1922 63
0.1923 59
0.1924 81
0.1925 110
0.1926 145
0.1927 182
0.1928 197
0.1929 202
0.193 210
0.1931 232
0.1932 234
0.1933 250
0.1934 245
0.1935 275
0.1936 290
0.1937 314
0.1938 327
0.1939 351
0.194 349
0.1941 377
0.1942 406
0.1943 420
0.1944 433
0.1945 455
0.1946 463
0.1947 479
0.1948 493
0.1949 505
0.195 537
0.1951 533
0.1952 552
0.1953 560
0.1954 570
0.1955 571
0.1956 592
0.1957 602
0.1958 617
0.1959 626
0.196 643
0.1961 637
0.1962 672
0.1963 683
0.1964 691
0.1965 704
0.1966 703
0.1967 720
0.1968 741
0.1969 750
0.197 773
0.1971 791
0.1972 810
0.1973 820
0.1974 802
0.1975 778
0.1976 780
0.1977 785
0.1978 774
0.1979 767
0.198 772
0.1981 782
0.1982 790
0.1983 814
0.1984 803
0.1985 823
0.1986 822
0.1987 822
0.1988 836
0.1989 855
0.199 851
0.1991 866
0.1992 872
0.1993 893
0.1994 906
0.1995 934
0.1996 942
0.1997 963
0.1998 942
0.1999 953
0.2 935
0.2001 943
0.2002 946
0.2003 947
0.2004 944
0.2005 950
0.2006 960
0.2007 969
0.2008 986
0.2009 995
0.201 979
0.2011 966
0.2012 961
0.2013 968
0.2014 966
0.2015 988
0.2016 997
0.2017 1006
0.2018 1015
0.2019 1027
0.202 1048
0.2021 1049
0.2022 1052
0.2023 1057
0.2024 1030
0.2025 1003
0.2026 975
0.2027 969
0.2028 951
0.2029 929
0.203 922
0.2031 935
0.2032 933
0.2033 961
0.2034 983
0.2035 996
0.2036 994
0.2037 1003
0.2038 997
0.2039 975
0.204 941
0.2041 908
0.2042 910
0.2043 895
0.2044 866
0.2045 848
0.2046 840
0.2047 831
0.2048 818
0.2049 804
0.205 808
0.2051 816
0.2052 812
0.2053 824
0.2054 840
0.2055 827
0.2056 834
0.2057 810
0.2058 787
0.2059 784
0.206 772
0.2061 756
0.2062 739
0.2063 717
0.2064 697
0.2065 678
0.2066 655
0.2067 648
0.2068 633
0.2069 601
0.207 600
0.2071 596
0.2072 596
0.2073 594
0.2074 604
0.2075 611
0.2076 627
0.2077 644
0.2078 672
0.2079 668
0.208 671
0.2081 673
0.2082 667
0.2083 664
0.2084 658
0.2085 674
0.2086 673
0.2087 656
0.2088 622
0.2089 606
0.209 585
0.2091 559
0.2092 538
0.2093 508
0.2094 516
0.2095 519
0.2096 521
0.2097 506
0.2098 518
0.2099 495
0.21 482
0.2101 476
0.2102 454
0.2103 434
0.2104 428
0.2105 429
0.2106 408
0.2107 431
0.2108 435
0.2109 437
0.211 447
0.2111 455
0.2112 439
0.2113 433
0.2114 419
0.2115 421
0.2116 417
0.2117 398
0.2118 373
0.2119 354
0.212 349
0.2121 331
0.2122 337
0.2123 321
0.2124 284
0.2125 269
0.2126 255
0.2127 254
0.2128 262
0.2129 255
0.213 232
0.2131 220
0.2132 199
0.2133 192
0.2134 193
0.2135 177
0.2136 146
0.2137 149
0.2138 146
0.2139 151
0.214 140
0.2141 123
0.2142 132
0.2143 119
0.2144 99
0.2145 74
0.2146 81
0.2147 83
0.2148 76
0.2149 84
0.215 84
0.2151 79
0.2152 63
0.2153 45
0.2154 27
0.2155 14
0.2156 7
0.2157 6
0.2158 5
0.2159 1
0.216 2
0.2161 1
0.2162 2
0.2163 0
0.2164 4
0.2165 1
0.2166 1
0.2167 1
0.2168 2
0.2169 1
0.217 2
0.2171 1
0.2172 0
0.2173 0
0.2174 2
0.2175 1
0.2176 2
0.2177 1
0.2178 1
0.2179 2
0.218 1
0.2181 3
0.2182 3
0.2183 0
0.2184 3
0.2185 1
0.2186 1
0.2187 1
0.2188 0
0.2189 1
0.219 0
0.2191 4
0.2192 0
0.2193 0
0.2194 0
0.2195 5
0.2196 8
0.2197 14
0.2198 16
0.2199 8
0.22 7
0.2201 7
0.2202 5
0.2203 6
0.2204 1
0.2205 0
0.2206 5
0.2207 5
0.2208 2
0.2209 1
0.221 4
0.2211 1
0.2212 1
0.2213 1
0.2214 0
0.2215 2
0.2216 6
0.2217 2
0.2218 8
0.2219 4
0.222 2
0.2221 3
0.2222 0
0.2223 1
0.2224 3
0.2225 3
0.2226 1
0.2227 0
0.2228 2
0.2229 3
0.223 2
0.2231 4
0.2232 2
0.2233 3
0.2234 0
0.2235 2
0.2236 3
0.2237 0
0.2238 1
0.2239 1
0.224 0
0.2241 0
0.2242 1
0.2243 2
0.2244 3
0.2245 4
0.2246 4
0.2247 5
0.2248 10
0.2249 7
0.225 5
0.2251 6
0.2252 3
0.2253 3
0.2254 0
0.2255 2
0.2256 6
0.2257 5
0.2258 5
0.2259 3
0.226 3
0.2261 1
0.2262 2
0.2263 1
0.2264 1
0.2265 3
0.2266 0
0.2267 5
0.2268 0
0.2269 1
0.227 4
0.2271 1
0.2272 2
0.2273 4
0.2274 1
0.2275 1
0.2276 5
0.2277 5
0.2278 3
0.2279 4
0.228 3
0.2281 8
0.2282 5
0.2283 1
0.2284 0
0.2285 3
0.2286 2
0.2287 0
0.2288 2
0.2289 3
0.229 0
0.2291 0
0.2292 2
0.2293 3
0.2294 1
0.2295 0
0.2296 1
0.2297 1
0.2298 2
0.2299 0
0.23 1
0.2301 0
0.2302 0
0.2303 0
0.2304 0
0.2305 2
0.2306 0
0.2307 3
0.2308 2
0.2309 5
0.231 4
0.2311 2
0.2312 2
0.2313 1
0.2314 1
0.2315 3
0.2316 8
0.2317 10
0.2318 14
0.2319 24
0.232 33
0.2321 28
0.2322 24
0.2323 18
0.2324 9
0.2325 11
0.2326 3
0.2327 5
0.2328 6
0.2329 4
0.233 0
0.2331 0
0.2332 4
0.2333 2
0.2334 3
0.2335 2
0.2336 1
0.2337 2
0.2338 2
0.2339 3
0.234 1
0.2341 0
0.2342 2
0.2343 3
0.2344 1
0.2345 2
0.2346 1
0.2347 3
0.2348 0
0.2349 2
0.235 0
0.2351 3
0.2352 1
0.2353 1
0.2354 1
0.2355 2
0.2356 3
0.2357 1
0.2358 6
0.2359 4
0.236 4
0.2361 0
0.2362 2
0.2363 4
0.2364 3
0.2365 2
0.2366 1
0.2367 1
0.2368 2
0.2369 3
0.237 1
0.2371 2
0.2372 3
0.2373 1
0.2374 1
0.2375 1
0.2376 2
0.2377 0
0.2378 2
0.2379 1
0.238 1
0.2381 2
0.2382 2
0.2383 2
0.2384 1
0.2385 3
0.2386 9
0.2387 17
0.2388 6
0.2389 9
0.239 10
0.2391 10
0.2392 4
0.2393 1
0.2394 2
0.2395 3
0.2396 5
0.2397 5
0.2398 14
0.2399 14
0.24 17
0.2401 14
0.2402 8
0.2403 5
0.2404 7
0.2405 11
0.2406 6
0.2407 5
0.2408 6
0.2409 5
0.241 2
0.2411 3
0.2412 9
0.2413 3
0.2414 1
0.2415 7
0.2416 4
0.2417 11
0.2418 10
0.2419 16
0.242 15
0.2421 13
0.2422 19
0.2423 19
0.2424 10
0.2425 21
0.2426 18
0.2427 25
0.2428 37
0.2429 45
0.243 36
0.2431 36
0.2432 33
0.2433 20
0.2434 13
0.2435 16
0.2436 14
0.2437 10
0.2438 5
0.2439 5
0.244 6
0.2441 1
0.2442 4
0.2443 3
0.2444 1
0.2445 1
0.2446 3
0.2447 3
0.2448 2
0.2449 4
0.245 0
0.2451 5
0.2452 5
0.2453 7
0.2454 2
0.2455 0
0.2456 2
0.2457 5
0.2458 1
0.2459 6
0.246 6
0.2461 3
0.2462 2
0.2463 2
0.2464 4
0.2465 2
0.2466 4
0.2467 1
0.2468 2
0.2469 1
0.247 2
0.2471 1
0.2472 3
0.2473 5
0.2474 4
0.2475 2
0.2476 4
0.2477 2
0.2478 3
0.2479 6
0.248 4
0.2481 0
0.2482 2
0.2483 2
0.2484 10
0.2485 10
0.2486 19
0.2487 39
0.2488 47
0.2489 43
0.249 42
0.2491 30
0.2492 22
0.2493 20
0.2494 18
0.2495 20
0.2496 20
0.2497 31
0.2498 34
0.2499 32
0.25 39
