0 3755
0.01 3672
0.02 3607
0.03 3547
0.04 3504
0.05 3447
0.06 3416
0.07 3381
0.08 3350
0.09 3325
0.1 3295
0.11 3271
0.12 3242
0.13 3224
0.14 3202
0.15 3167
0.16 3147
0.17 3121
0.18 3099
0.19 3072
0.2 3053
0.21 3039
0.22 3015
0.23 3000
0.24 2983
0.25 2968
0.26 2955
0.27 2942
0.28 2926
0.29 2911
0.3 2894
0.31 2878
0.32 2859
0.33 2838
0.34 2832
0.35 2822
0.36 2803
0.37 2793
0.38 2784
0.39 2773
0.4 2765
0.41 2753
0.42 2740
0.43 2726
0.44 2718
0.45 2708
0.46 2703
0.47 2689
0.48 2677
0.49 2664
0.5 2655
0.51 2645
0.52 2639
0.53 2637
0.54 2632
0.55 2627
0.56 2625
0.57 2615
0.58 2608
0.59 2605
0.6 2598
0.61 2594
0.62 2596
0.63 2593
0.64 2586
0.65 2579
0.66 2571
0.67 2564
0.68 2565
0.69 2557
0.7 2555
0.71 2555
0.72 2550
0.73 2550
0.74 2548
0.75 2548
0.76 2547
0.77 2547
0.78 2544
0.79 2541
0.8 2538
0.81 2533
0.82 2526
0.83 2521
0.84 2520
0.85 2516
0.86 2514
0.87 2514
0.88 2513
0.89 2514
0.9 2509
0.91 2509
0.92 2508
0.93 2505
0.94 2505
0.95 2506
0.96 2505
0.97 2504
0.98 2500
0.99 2497
1 2494
1.01 2494
1.02 2491
1.03 2491
1.04 2489
1.05 2487
1.06 2486
1.07 2485
1.08 2485
1.09 2486
1.1 2484
1.11 2485
1.12 2479
1.13 2479
1.14 2478
1.15 2473
1.16 2473
1.17 2469
1.18 2468
1.19 2465
1.2 2467
1.21 2467
1.22 2467
1.23 2463
1.24 2460
1.25 2458
1.26 2456
1.27 2456
1.28 2455
1.29 2454
1.3 2453
1.31 2453
1.32 2453
1.33 2454
1.34 2454
1.35 2455
1.36 2452
1.37 2454
1.38 2454
1.39 2454
1.4 2453
1.41 2453
1.42 2453
1.43 2450
1.44 2450
1.45 2450
1.46 2449
1.47 2450
1.48 2449
1.49 2447
1.5 2445
1.51 2443
1.52 2443
1.53 2444
1.54 2443
1.55 2443
1.56 2443
1.57 2443
1.58 2443
1.59 2444
1.6 2445
1.61 2444
1.62 2442
1.63 2437
1.64 2438
1.65 2441
1.66 2442
1.67 2442
1.68 2439
1.69 2438
1.7 2438
1.71 2438
1.72 2438
1.73 2438
1.74 2437
1.75 2436
1.76 2435
1.77 2436
1.78 2436
1.79 2438
1.8 2437
1.81 2437
1.82 2439
1.83 2438
1.84 2438
1.85 2442
1.86 2438
1.87 2438
1.88 2439
1.89 2437
1.9 2437
1.91 2437
1.92 2437
1.93 2437
1.94 2437
1.95 2437
1.96 2436
1.97 2436
1.98 2436
1.99 2438
2 2438
