0 0
0.0001 5
0.0002 11
0.0003 19
0.0004 24
0.0005 31
0.0006 33
0.0007 35
0.0008 43
0.0009 46
0.001 46
0.0011 46
0.0012 51
0.0013 59
0.0014 61
0.0015 63
0.0016 66
0.0017 70
0.0018 70
0.0019 69
0.002 68
0.0021 70
0.0022 72
0.0023 74
0.0024 82
0.0025 83
0.0026 80
0.0027 83
0.0028 84
0.0029 83
0.003 87
0.0031 91
0.0032 95
0.0033 97
0.0034 95
0.0035 99
0.0036 100
0.0037 101
0.0038 103
0.0039 107
0.004 106
0.0041 104
0.0042 104
0.0043 109
0.0044 112
0.0045 115
0.0046 112
0.0047 117
0.0048 122
0.0049 126
0.005 124
0.0051 125
0.0052 123
0.0053 120
0.0054 120
0.0055 120
0.0056 122
0.0057 133
0.0058 130
0.0059 136
0.006 140
0.0061 136
0.0062 139
0.0063 143
0.0064 140
0.0065 143
0.0066 143
0.0067 148
0.0068 150
0.0069 155
0.007 153
0.0071 153
0.0072 149
0.0073 154
0.0074 152
0.0075 156
0.0076 161
0.0077 162
0.0078 160
0.0079 164
0.008 165
0.0081 166
0.0082 167
0.0083 169
0.0084 172
0.0085 173
0.0086 173
0.0087 172
0.0088 171
0.0089 170
0.009 170
0.0091 175
0.0092 172
0.0093 173
0.0094 171
0.0095 173
0.0096 174
0.0097 174
0.0098 175
0.0099 180
0.01 179
0.0101 181
0.0102 176
0.0103 177
0.0104 178
0.0105 184
0.0106 185
0.0107 181
0.0108 184
0.0109 185
0.011 183
0.0111 189
0.0112 191
0.0113 194
0.0114 196
0.0115 196
0.0116 194
0.0117 195
0.0118 193
0.0119 198
0.012 196
0.0121 195
0.0122 197
0.0123 198
0.0124 195
0.0125 197
0.0126 199
0.0127 197
0.0128 201
0.0129 203
0.013 199
0.0131 197
0.0132 195
0.0133 196
0.0134 194
0.0135 193
0.0136 194
0.0137 192
0.0138 191
0.0139 196
0.014 198
0.0141 196
0.0142 195
0.0143 202
0.0144 200
0.0145 196
0.0146 196
0.0147 200
0.0148 200
0.0149 200
0.015 199
0.0151 201
0.0152 205
0.0153 204
0.0154 209
0.0155 206
0.0156 213
0.0157 211
0.0158 209
0.0159 211
0.016 211
0.0161 202
0.0162 200
0.0163 203
0.0164 207
0.0165 208
0.0166 213
0.0167 208
0.0168 208
0.0169 213
0.017 203
0.0171 205
0.0172 208
0.0173 210
0.0174 208
0.0175 204
0.0176 207
0.0177 205
0.0178 205
0.0179 204
0.018 206
0.0181 209
0.0182 209
0.0183 208
0.0184 211
0.0185 212
0.0186 215
0.0187 211
0.0188 207
0.0189 207
0.019 206
0.0191 205
0.0192 205
0.0193 205
0.0194 205
0.0195 208
0.0196 203
0.0197 203
0.0198 203
0.0199 202
0.02 202
0.0201 203
0.0202 203
0.0203 205
0.0204 205
0.0205 208
0.0206 207
0.0207 206
0.0208 210
0.0209 211
0.021 207
0.0211 204
0.0212 202
0.0213 207
0.0214 208
0.0215 209
0.0216 210
0.0217 215
0.0218 212
0.0219 212
0.022 214
0.0221 206
0.0222 208
0.0223 208
0.0224 207
0.0225 206
0.0226 205
0.0227 211
0.0228 211
0.0229 210
0.023 214
0.0231 215
0.0232 216
0.0233 219
0.0234 220
0.0235 219
0.0236 222
0.0237 224
0.0238 220
0.0239 221
0.024 219
0.0241 222
0.0242 226
0.0243 221
0.0244 220
0.0245 221
0.0246 220
0.0247 217
0.0248 216
0.0249 217
0.025 217
0.0251 218
0.0252 217
0.0253 221
0.0254 225
0.0255 225
0.0256 225
0.0257 226
0.0258 229
0.0259 227
0.026 221
0.0261 223
0.0262 218
0.0263 218
0.0264 217
0.0265 216
0.0266 213
0.0267 211
0.0268 210
0.0269 215
0.027 214
0.0271 216
0.0272 213
0.0273 217
0.0274 216
0.0275 217
0.0276 211
0.0277 210
0.0278 208
0.0279 202
0.028 204
0.0281 202
0.0282 206
0.0283 206
0.0284 207
0.0285 203
0.0286 205
0.0287 209
0.0288 208
0.0289 207
0.029 210
0.0291 209
0.0292 208
0.0293 208
0.0294 207
0.0295 205
0.0296 202
0.0297 204
0.0298 202
0.0299 202
0.03 203
0.0301 201
0.0302 201
0.0303 196
0.0304 199
0.0305 198
0.0306 200
0.0307 197
0.0308 195
0.0309 196
0.031 197
0.0311 193
0.0312 191
0.0313 190
0.0314 190
0.0315 192
0.0316 191
0.0317 195
0.0318 196
0.0319 201
0.032 200
0.0321 199
0.0322 200
0.0323 196
0.0324 194
0.0325 193
0.0326 191
0.0327 192
0.0328 193
0.0329 191
0.033 195
0.0331 198
0.0332 197
0.0333 199
0.0334 199
0.0335 199
0.0336 196
0.0337 196
0.0338 195
0.0339 198
0.034 194
0.0341 192
0.0342 191
0.0343 194
0.0344 195
0.0345 197
0.0346 194
0.0347 198
0.0348 199
0.0349 202
0.035 199
0.0351 198
0.0352 188
0.0353 191
0.0354 192
0.0355 195
0.0356 196
0.0357 197
0.0358 197
0.0359 197
0.036 198
0.0361 196
0.0362 192
0.0363 193
0.0364 191
0.0365 193
0.0366 193
0.0367 192
0.0368 190
0.0369 191
0.037 193
0.0371 194
0.0372 193
0.0373 191
0.0374 191
0.0375 191
0.0376 192
0.0377 196
0.0378 194
0.0379 193
0.038 197
0.0381 197
0.0382 196
0.0383 193
0.0384 191
0.0385 189
0.0386 189
0.0387 193
0.0388 194
0.0389 191
0.039 192
0.0391 190
0.0392 188
0.0393 188
0.0394 186
0.0395 185
0.0396 187
0.0397 185
0.0398 186
0.0399 187
0.04 189
0.0401 191
0.0402 192
0.0403 192
0.0404 191
0.0405 190
0.0406 189
0.0407 193
0.0408 192
0.0409 191
0.041 189
0.0411 189
0.0412 189
0.0413 190
0.0414 189
0.0415 189
0.0416 192
0.0417 193
0.0418 192
0.0419 186
0.042 186
0.0421 187
0.0422 191
0.0423 189
0.0424 186
0.0425 187
0.0426 188
0.0427 187
0.0428 191
0.0429 191
0.043 188
0.0431 185
0.0432 186
0.0433 184
0.0434 185
0.0435 183
0.0436 179
0.0437 179
0.0438 176
0.0439 177
0.044 180
0.0441 183
0.0442 183
0.0443 181
0.0444 177
0.0445 179
0.0446 181
0.0447 182
0.0448 180
0.0449 178
0.045 176
0.0451 177
0.0452 179
0.0453 179
0.0454 179
0.0455 179
0.0456 179
0.0457 179
0.0458 180
0.0459 176
0.046 177
0.0461 179
0.0462 178
0.0463 181
0.0464 178
0.0465 179
0.0466 178
0.0467 178
0.0468 176
0.0469 173
0.047 175
0.0471 177
0.0472 176
0.0473 177
0.0474 178
0.0475 177
0.0476 172
0.0477 171
0.0478 172
0.0479 172
0.048 169
0.0481 168
0.0482 168
0.0483 168
0.0484 166
0.0485 163
0.0486 165
0.0487 168
0.0488 170
0.0489 172
0.049 172
0.0491 171
0.0492 166
0.0493 164
0.0494 168
0.0495 170
0.0496 167
0.0497 169
0.0498 170
0.0499 168
0.05 167
0.0501 165
0.0502 166
0.0503 168
0.0504 167
0.0505 166
0.0506 169
0.0507 172
0.0508 170
0.0509 170
0.051 171
0.0511 170
0.0512 170
0.0513 170
0.0514 174
0.0515 177
0.0516 176
0.0517 176
0.0518 174
0.0519 175
0.052 177
0.0521 173
0.0522 171
0.0523 171
0.0524 171
0.0525 174
0.0526 176
0.0527 176
0.0528 176
0.0529 178
0.053 176
0.0531 172
0.0532 171
0.0533 171
0.0534 173
0.0535 171
0.0536 170
0.0537 169
0.0538 171
0.0539 170
0.054 169
0.0541 167
0.0542 169
0.0543 168
0.0544 165
0.0545 164
0.0546 165
0.0547 165
0.0548 166
0.0549 162
0.055 163
0.0551 164
0.0552 163
0.0553 161
0.0554 159
0.0555 162
0.0556 163
0.0557 164
0.0558 166
0.0559 167
0.056 167
0.0561 168
0.0562 168
0.0563 167
0.0564 166
0.0565 167
0.0566 166
0.0567 167
0.0568 166
0.0569 165
0.057 163
0.0571 164
0.0572 161
0.0573 159
0.0574 158
0.0575 158
0.0576 164
0.0577 164
0.0578 163
0.0579 162
0.058 163
0.0581 161
0.0582 157
0.0583 160
0.0584 159
0.0585 159
0.0586 157
0.0587 159
0.0588 159
0.0589 158
0.059 158
0.0591 158
0.0592 157
0.0593 158
0.0594 158
0.0595 157
0.0596 155
0.0597 154
0.0598 156
0.0599 156
0.06 157
0.0601 158
0.0602 158
0.0603 156
0.0604 156
0.0605 160
0.0606 160
0.0607 160
0.0608 163
0.0609 165
0.061 166
0.0611 167
0.0612 166
0.0613 163
0.0614 163
0.0615 165
0.0616 164
0.0617 163
0.0618 161
0.0619 161
0.062 157
0.0621 154
0.0622 156
0.0623 157
0.0624 153
0.0625 154
0.0626 157
0.0627 156
0.0628 156
0.0629 153
0.063 152
0.0631 151
0.0632 153
0.0633 153
0.0634 157
0.0635 155
0.0636 154
0.0637 154
0.0638 154
0.0639 157
0.064 158
0.0641 157
0.0642 159
0.0643 162
0.0644 159
0.0645 160
0.0646 163
0.0647 164
0.0648 164
0.0649 165
0.065 163
0.0651 163
0.0652 163
0.0653 161
0.0654 160
0.0655 161
0.0656 162
0.0657 160
0.0658 158
0.0659 158
0.066 158
0.0661 157
0.0662 156
0.0663 158
0.0664 157
0.0665 155
0.0666 153
0.0667 151
0.0668 149
0.0669 152
0.067 152
0.0671 156
0.0672 155
0.0673 154
0.0674 154
0.0675 155
0.0676 155
0.0677 157
0.0678 159
0.0679 159
0.068 158
0.0681 157
0.0682 161
0.0683 160
0.0684 161
0.0685 160
0.0686 160
0.0687 159
0.0688 157
0.0689 158
0.069 155
0.0691 157
0.0692 156
0.0693 154
0.0694 153
0.0695 151
0.0696 150
0.0697 152
0.0698 152
0.0699 154
0.07 153
0.0701 153
0.0702 151
0.0703 152
0.0704 155
0.0705 154
0.0706 153
0.0707 151
0.0708 150
0.0709 151
0.071 151
0.0711 152
0.0712 151
0.0713 151
0.0714 149
0.0715 150
0.0716 148
0.0717 149
0.0718 150
0.0719 147
0.072 150
0.0721 150
0.0722 149
0.0723 147
0.0724 143
0.0725 142
0.0726 142
0.0727 139
0.0728 137
0.0729 138
0.073 138
0.0731 144
0.0732 143
0.0733 144
0.0734 145
0.0735 143
0.0736 143
0.0737 142
0.0738 143
0.0739 141
0.074 142
0.0741 140
0.0742 142
0.0743 146
0.0744 146
0.0745 146
0.0746 143
0.0747 143
0.0748 144
0.0749 142
0.075 138
0.0751 140
0.0752 141
0.0753 141
0.0754 142
0.0755 143
0.0756 142
0.0757 141
0.0758 141
0.0759 141
0.076 139
0.0761 138
0.0762 142
0.0763 143
0.0764 141
0.0765 145
0.0766 147
0.0767 147
0.0768 146
0.0769 144
0.077 141
0.0771 143
0.0772 144
0.0773 143
0.0774 144
0.0775 145
0.0776 146
0.0777 147
0.0778 144
0.0779 144
0.078 145
0.0781 145
0.0782 144
0.0783 143
0.0784 141
0.0785 141
0.0786 141
0.0787 142
0.0788 142
0.0789 142
0.079 142
0.0791 137
0.0792 140
0.0793 138
0.0794 138
0.0795 141
0.0796 144
0.0797 144
0.0798 144
0.0799 144
0.08 145
0.0801 147
0.0802 146
0.0803 143
0.0804 141
0.0805 141
0.0806 142
0.0807 142
0.0808 142
0.0809 140
0.081 138
0.0811 138
0.0812 138
0.0813 138
0.0814 137
0.0815 137
0.0816 139
0.0817 138
0.0818 139
0.0819 136
0.082 137
0.0821 139
0.0822 138
0.0823 139
0.0824 140
0.0825 141
0.0826 140
0.0827 138
0.0828 136
0.0829 139
0.083 139
0.0831 140
0.0832 142
0.0833 140
0.0834 136
0.0835 135
0.0836 133
0.0837 132
0.0838 133
0.0839 129
0.084 131
0.0841 134
0.0842 135
0.0843 133
0.0844 133
0.0845 133
0.0846 132
0.0847 129
0.0848 130
0.0849 131
0.085 130
0.0851 128
0.0852 128
0.0853 127
0.0854 126
0.0855 129
0.0856 129
0.0857 129
0.0858 129
0.0859 125
0.086 125
0.0861 126
0.0862 130
0.0863 129
0.0864 127
0.0865 127
0.0866 126
0.0867 124
0.0868 123
0.0869 120
0.087 118
0.0871 117
0.0872 119
0.0873 117
0.0874 119
0.0875 118
0.0876 117
0.0877 116
0.0878 117
0.0879 117
0.088 117
0.0881 120
0.0882 120
0.0883 123
0.0884 124
0.0885 123
0.0886 124
0.0887 124
0.0888 124
0.0889 124
0.089 125
0.0891 125
0.0892 126
0.0893 124
0.0894 122
0.0895 126
0.0896 126
0.0897 125
0.0898 122
0.0899 122
0.09 120
0.0901 122
0.0902 124
0.0903 125
0.0904 123
0.0905 124
0.0906 128
0.0907 129
0.0908 129
0.0909 130
0.091 129
0.0911 130
0.0912 129
0.0913 129
0.0914 128
0.0915 127
0.0916 123
0.0917 125
0.0918 121
0.0919 122
0.092 123
0.0921 121
0.0922 124
0.0923 126
0.0924 126
0.0925 126
0.0926 126
0.0927 126
0.0928 125
0.0929 124
0.093 123
0.0931 126
0.0932 125
0.0933 124
0.0934 127
0.0935 125
0.0936 126
0.0937 128
0.0938 126
0.0939 123
0.094 124
0.0941 126
0.0942 127
0.0943 130
0.0944 131
0.0945 132
0.0946 132
0.0947 127
0.0948 128
0.0949 128
0.095 128
0.0951 129
0.0952 130
0.0953 129
0.0954 127
0.0955 125
0.0956 123
0.0957 123
0.0958 124
0.0959 124
0.096 124
0.0961 124
0.0962 124
0.0963 124
0.0964 123
0.0965 123
0.0966 124
0.0967 124
0.0968 125
0.0969 125
0.097 126
0.0971 123
0.0972 120
0.0973 118
0.0974 118
0.0975 118
0.0976 118
0.0977 118
0.0978 118
0.0979 118
0.098 119
0.0981 116
0.0982 116
0.0983 116
0.0984 117
0.0985 118
0.0986 118
0.0987 121
0.0988 118
0.0989 119
0.099 119
0.0991 120
0.0992 120
0.0993 122
0.0994 123
0.0995 124
0.0996 125
0.0997 125
0.0998 125
0.0999 124
0.1 124
