0 0
0.0001 0
0.0002 0
0.0003 0
0.0004 0
0.0005 0
0.0006 0
0.0007 0
0.0008 0
0.0009 0
0.001 0
0.0011 0
0.0012 0
0.0013 0
0.0014 0
0.0015 0
0.0016 0
0.0017 0
0.0018 1
0.0019 1
0.002 1
0.0021 1
0.0022 1
0.0023 1
0.0024 1
0.0025 1
0.0026 1
0.0027 1
0.0028 1
0.0029 1
0.003 1
0.0031 1
0.0032 1
0.0033 1
0.0034 1
0.0035 1
0.0036 1
0.0037 1
0.0038 1
0.0039 1
0.004 0
0.0041 0
0.0042 0
0.0043 0
0.0044 0
0.0045 1
0.0046 1
0.0047 1
0.0048 1
0.0049 1
0.005 1
0.0051 1
0.0052 1
0.0053 1
0.0054 1
0.0055 1
0.0056 1
0.0057 1
0.0058 1
0.0059 1
0.006 1
0.0061 1
0.0062 1
0.0063 1
0.0064 3
0.0065 3
0.0066 3
0.0067 3
0.0068 3
0.0069 3
0.007 3
0.0071 3
0.0072 3
0.0073 3
0.0074 4
0.0075 4
0.0076 4
0.0077 4
0.0078 4
0.0079 4
0.008 4
0.0081 4
0.0082 5
0.0083 4
0.0084 4
0.0085 4
0.0086 4
0.0087 3
0.0088 3
0.0089 3
0.009 4
0.0091 4
0.0092 4
0.0093 4
0.0094 4
0.0095 4
0.0096 4
0.0097 4
0.0098 4
0.0099 4
0.01 4
0.0101 3
0.0102 4
0.0103 5
0.0104 7
0.0105 7
0.0106 10
0.0107 10
0.0108 11
0.0109 11
0.011 11
0.0111 11
0.0112 11
0.0113 11
0.0114 11
0.0115 10
0.0116 10
0.0117 9
0.0118 9
0.0119 10
0.012 9
0.0121 10
0.0122 10
0.0123 10
0.0124 10
0.0125 10
0.0126 10
0.0127 10
0.0128 9
0.0129 8
0.013 7
0.0131 7
0.0132 7
0.0133 7
0.0134 7
0.0135 6
0.0136 6
0.0137 6
0.0138 5
0.0139 5
0.014 5
0.0141 5
0.0142 6
0.0143 6
0.0144 6
0.0145 8
0.0146 8
0.0147 8
0.0148 9
0.0149 11
0.015 11
0.0151 11
0.0152 11
0.0153 11
0.0154 11
0.0155 11
0.0156 11
0.0157 12
0.0158 12
0.0159 12
0.016 13
0.0161 15
0.0162 15
0.0163 15
0.0164 15
0.0165 15
0.0166 15
0.0167 14
0.0168 14
0.0169 14
0.017 14
0.0171 13
0.0172 11
0.0173 11
0.0174 10
0.0175 10
0.0176 10
0.0177 10
0.0178 10
0.0179 11
0.018 11
0.0181 10
0.0182 10
0.0183 10
0.0184 12
0.0185 12
0.0186 12
0.0187 13
0.0188 13
0.0189 13
0.019 15
0.0191 14
0.0192 14
0.0193 13
0.0194 13
0.0195 13
0.0196 13
0.0197 13
0.0198 12
0.0199 14
0.02 14
0.0201 13
0.0202 13
0.0203 12
0.0204 11
0.0205 11
0.0206 12
0.0207 11
0.0208 11
0.0209 12
0.021 12
0.0211 12
0.0212 12
0.0213 12
0.0214 12
0.0215 12
0.0216 12
0.0217 12
0.0218 13
0.0219 13
0.022 14
0.0221 15
0.0222 16
0.0223 16
0.0224 16
0.0225 16
0.0226 16
0.0227 16
0.0228 15
0.0229 15
0.023 15
0.0231 15
0.0232 15
0.0233 13
0.0234 14
0.0235 14
0.0236 14
0.0237 14
0.0238 15
0.0239 15
0.024 15
0.0241 17
0.0242 18
0.0243 16
0.0244 16
0.0245 16
0.0246 17
0.0247 17
0.0248 16
0.0249 16
0.025 16
0.0251 16
0.0252 16
0.0253 16
0.0254 16
0.0255 15
0.0256 14
0.0257 14
0.0258 14
0.0259 14
0.026 15
0.0261 15
0.0262 14
0.0263 14
0.0264 15
0.0265 16
0.0266 15
0.0267 15
0.0268 15
0.0269 15
0.027 15
0.0271 15
0.0272 15
0.0273 15
0.0274 15
0.0275 15
0.0276 14
0.0277 14
0.0278 14
0.0279 13
0.028 12
0.0281 12
0.0282 12
0.0283 13
0.0284 14
0.0285 14
0.0286 13
0.0287 13
0.0288 12
0.0289 12
0.029 11
0.0291 12
0.0292 12
0.0293 12
0.0294 11
0.0295 12
0.0296 12
0.0297 11
0.0298 11
0.0299 11
0.03 11
0.0301 12
0.0302 13
0.0303 13
0.0304 13
0.0305 12
0.0306 12
0.0307 11
0.0308 10
0.0309 11
0.031 11
0.0311 13
0.0312 13
0.0313 11
0.0314 10
0.0315 10
0.0316 11
0.0317 12
0.0318 12
0.0319 13
0.032 14
0.0321 12
0.0322 13
0.0323 15
0.0324 15
0.0325 14
0.0326 15
0.0327 17
0.0328 18
0.0329 19
0.033 19
0.0331 19
0.0332 19
0.0333 19
0.0334 18
0.0335 20
0.0336 20
0.0337 20
0.0338 19
0.0339 19
0.034 20
0.0341 20
0.0342 20
0.0343 20
0.0344 20
0.0345 20
0.0346 19
0.0347 21
0.0348 21
0.0349 20
0.035 20
0.0351 20
0.0352 20
0.0353 20
0.0354 20
0.0355 22
0.0356 22
0.0357 22
0.0358 22
0.0359 21
0.036 21
0.0361 21
0.0362 22
0.0363 22
0.0364 23
0.0365 24
0.0366 25
0.0367 25
0.0368 24
0.0369 24
0.037 24
0.0371 24
0.0372 24
0.0373 24
0.0374 24
0.0375 25
0.0376 26
0.0377 25
0.0378 23
0.0379 23
0.038 24
0.0381 24
0.0382 25
0.0383 27
0.0384 26
0.0385 24
0.0386 24
0.0387 22
0.0388 23
0.0389 23
0.039 23
0.0391 24
0.0392 25
0.0393 25
0.0394 25
0.0395 25
0.0396 25
0.0397 25
0.0398 26
0.0399 26
0.04 27
0.0401 26
0.0402 26
0.0403 27
0.0404 26
0.0405 25
0.0406 27
0.0407 27
0.0408 28
0.0409 29
0.041 29
0.0411 29
0.0412 29
0.0413 28
0.0414 27
0.0415 27
0.0416 27
0.0417 27
0.0418 27
0.0419 27
0.042 26
0.0421 26
0.0422 26
0.0423 26
0.0424 24
0.0425 23
0.0426 25
0.0427 23
0.0428 23
0.0429 23
0.043 23
0.0431 23
0.0432 23
0.0433 23
0.0434 23
0.0435 24
0.0436 26
0.0437 26
0.0438 25
0.0439 25
0.044 23
0.0441 23
0.0442 22
0.0443 22
0.0444 20
0.0445 19
0.0446 18
0.0447 18
0.0448 19
0.0449 19
0.045 19
0.0451 18
0.0452 18
0.0453 19
0.0454 19
0.0455 19
0.0456 19
0.0457 19
0.0458 20
0.0459 20
0.046 20
0.0461 20
0.0462 20
0.0463 22
0.0464 23
0.0465 23
0.0466 24
0.0467 24
0.0468 24
0.0469 26
0.047 25
0.0471 25
0.0472 25
0.0473 25
0.0474 25
0.0475 25
0.0476 26
0.0477 26
0.0478 25
0.0479 25
0.048 26
0.0481 26
0.0482 26
0.0483 26
0.0484 27
0.0485 27
0.0486 28
0.0487 28
0.0488 28
0.0489 28
0.049 28
0.0491 28
0.0492 27
0.0493 26
0.0494 27
0.0495 28
0.0496 28
0.0497 29
0.0498 29
0.0499 28
0.05 28
0.0501 28
0.0502 27
0.0503 28
0.0504 28
0.0505 28
0.0506 28
0.0507 28
0.0508 27
0.0509 27
0.051 26
0.0511 24
0.0512 25
0.0513 25
0.0514 24
0.0515 24
0.0516 24
0.0517 27
0.0518 27
0.0519 28
0.052 26
0.0521 27
0.0522 27
0.0523 27
0.0524 27
0.0525 26
0.0526 26
0.0527 26
0.0528 26
0.0529 26
0.053 27
0.0531 27
0.0532 26
0.0533 26
0.0534 27
0.0535 26
0.0536 26
0.0537 26
0.0538 26
0.0539 26
0.054 26
0.0541 26
0.0542 26
0.0543 27
0.0544 27
0.0545 27
0.0546 27
0.0547 27
0.0548 27
0.0549 29
0.055 27
0.0551 27
0.0552 27
0.0553 25
0.0554 26
0.0555 25
0.0556 25
0.0557 25
0.0558 25
0.0559 26
0.056 23
0.0561 24
0.0562 24
0.0563 24
0.0564 24
0.0565 24
0.0566 25
0.0567 25
0.0568 25
0.0569 23
0.057 23
0.0571 24
0.0572 23
0.0573 22
0.0574 22
0.0575 22
0.0576 22
0.0577 22
0.0578 21
0.0579 21
0.058 20
0.0581 21
0.0582 21
0.0583 21
0.0584 19
0.0585 19
0.0586 19
0.0587 19
0.0588 18
0.0589 19
0.059 18
0.0591 18
0.0592 18
0.0593 18
0.0594 18
0.0595 17
0.0596 18
0.0597 17
0.0598 17
0.0599 17
0.06 17
0.0601 18
0.0602 18
0.0603 18
0.0604 17
0.0605 17
0.0606 17
0.0607 17
0.0608 18
0.0609 18
0.061 19
0.0611 19
0.0612 19
0.0613 18
0.0614 18
0.0615 19
0.0616 21
0.0617 21
0.0618 21
0.0619 21
0.062 21
0.0621 21
0.0622 21
0.0623 21
0.0624 22
0.0625 21
0.0626 21
0.0627 22
0.0628 21
0.0629 22
0.063 22
0.0631 21
0.0632 21
0.0633 21
0.0634 21
0.0635 22
0.0636 22
0.0637 23
0.0638 24
0.0639 23
0.064 24
0.0641 24
0.0642 24
0.0643 24
0.0644 24
0.0645 24
0.0646 24
0.0647 24
0.0648 24
0.0649 24
0.065 24
0.0651 24
0.0652 25
0.0653 26
0.0654 27
0.0655 26
0.0656 26
0.0657 26
0.0658 25
0.0659 25
0.066 24
0.0661 24
0.0662 23
0.0663 22
0.0664 23
0.0665 22
0.0666 23
0.0667 24
0.0668 24
0.0669 25
0.067 25
0.0671 25
0.0672 25
0.0673 25
0.0674 25
0.0675 24
0.0676 24
0.0677 24
0.0678 24
0.0679 24
0.068 24
0.0681 24
0.0682 24
0.0683 25
0.0684 25
0.0685 24
0.0686 24
0.0687 23
0.0688 24
0.0689 25
0.069 25
0.0691 26
0.0692 26
0.0693 27
0.0694 27
0.0695 27
0.0696 27
0.0697 28
0.0698 27
0.0699 26
0.07 26
0.0701 25
0.0702 26
0.0703 26
0.0704 26
0.0705 26
0.0706 26
0.0707 26
0.0708 26
0.0709 27
0.071 29
0.0711 29
0.0712 26
0.0713 26
0.0714 25
0.0715 25
0.0716 25
0.0717 25
0.0718 23
0.0719 23
0.072 22
0.0721 22
0.0722 22
0.0723 23
0.0724 23
0.0725 24
0.0726 24
0.0727 24
0.0728 24
0.0729 24
0.073 25
0.0731 24
0.0732 24
0.0733 24
0.0734 24
0.0735 24
0.0736 25
0.0737 23
0.0738 22
0.0739 22
0.074 23
0.0741 24
0.0742 25
0.0743 26
0.0744 25
0.0745 25
0.0746 25
0.0747 24
0.0748 25
0.0749 26
0.075 26
0.0751 24
0.0752 25
0.0753 25
0.0754 24
0.0755 24
0.0756 24
0.0757 24
0.0758 23
0.0759 22
0.076 23
0.0761 23
0.0762 23
0.0763 24
0.0764 23
0.0765 22
0.0766 22
0.0767 22
0.0768 22
0.0769 23
0.077 24
0.0771 24
0.0772 24
0.0773 24
0.0774 25
0.0775 25
0.0776 26
0.0777 26
0.0778 26
0.0779 26
0.078 26
0.0781 27
0.0782 27
0.0783 27
0.0784 26
0.0785 26
0.0786 26
0.0787 27
0.0788 27
0.0789 26
0.079 26
0.0791 28
0.0792 27
0.0793 27
0.0794 27
0.0795 27
0.0796 27
0.0797 27
0.0798 26
0.0799 26
0.08 25
0.0801 24
0.0802 25
0.0803 26
0.0804 25
0.0805 25
0.0806 25
0.0807 25
0.0808 25
0.0809 24
0.081 25
0.0811 24
0.0812 24
0.0813 24
0.0814 24
0.0815 24
0.0816 24
0.0817 24
0.0818 24
0.0819 24
0.082 24
0.0821 23
0.0822 24
0.0823 25
0.0824 25
0.0825 25
0.0826 24
0.0827 23
0.0828 24
0.0829 24
0.083 24
0.0831 24
0.0832 24
0.0833 24
0.0834 25
0.0835 25
0.0836 24
0.0837 24
0.0838 24
0.0839 24
0.084 24
0.0841 24
0.0842 24
0.0843 24
0.0844 24
0.0845 24
0.0846 24
0.0847 24
0.0848 24
0.0849 25
0.085 25
0.0851 26
0.0852 26
0.0853 26
0.0854 26
0.0855 26
0.0856 26
0.0857 26
0.0858 25
0.0859 25
0.086 25
0.0861 23
0.0862 24
0.0863 24
0.0864 26
0.0865 26
0.0866 25
0.0867 26
0.0868 25
0.0869 26
0.087 26
0.0871 26
0.0872 25
0.0873 25
0.0874 25
0.0875 25
0.0876 25
0.0877 26
0.0878 26
0.0879 26
0.088 27
0.0881 26
0.0882 26
0.0883 26
0.0884 26
0.0885 26
0.0886 27
0.0887 27
0.0888 27
0.0889 27
0.089 24
0.0891 24
0.0892 24
0.0893 24
0.0894 24
0.0895 25
0.0896 26
0.0897 26
0.0898 27
0.0899 26
0.09 26
0.0901 27
0.0902 27
0.0903 26
0.0904 26
0.0905 27
0.0906 27
0.0907 27
0.0908 25
0.0909 25
0.091 27
0.0911 28
0.0912 27
0.0913 27
0.0914 28
0.0915 28
0.0916 29
0.0917 29
0.0918 30
0.0919 30
0.092 30
0.0921 31
0.0922 32
0.0923 31
0.0924 30
0.0925 30
0.0926 30
0.0927 31
0.0928 31
0.0929 30
0.093 30
0.0931 29
0.0932 29
0.0933 30
0.0934 30
0.0935 29
0.0936 28
0.0937 28
0.0938 29
0.0939 29
0.094 30
0.0941 29
0.0942 28
0.0943 28
0.0944 28
0.0945 28
0.0946 26
0.0947 26
0.0948 26
0.0949 26
0.095 25
0.0951 25
0.0952 25
0.0953 26
0.0954 26
0.0955 25
0.0956 26
0.0957 26
0.0958 26
0.0959 25
0.096 27
0.0961 26
0.0962 25
0.0963 24
0.0964 24
0.0965 24
0.0966 23
0.0967 23
0.0968 24
0.0969 25
0.097 25
0.0971 24
0.0972 23
0.0973 25
0.0974 24
0.0975 24
0.0976 25
0.0977 26
0.0978 26
0.0979 26
0.098 26
0.0981 25
0.0982 25
0.0983 25
0.0984 25
0.0985 25
0.0986 25
0.0987 25
0.0988 27
0.0989 27
0.099 27
0.0991 26
0.0992 26
0.0993 27
0.0994 27
0.0995 27
0.0996 27
0.0997 27
0.0998 27
0.0999 27
0.1 28
