0 0
0.0001 0
0.0002 0
0.0003 0
0.0004 0
0.0005 0
0.0006 0
0.0007 0
0.0008 0
0.0009 0
0.001 0
0.0011 0
0.0012 0
0.0013 0
0.0014 0
0.0015 0
0.0016 0
0.0017 0
0.0018 0
0.0019 0
0.002 0
0.0021 1
0.0022 2
0.0023 2
0.0024 3
0.0025 4
0.0026 6
0.0027 7
0.0028 8
0.0029 10
0.003 11
0.0031 13
0.0032 15
0.0033 17
0.0034 18
0.0035 20
0.0036 22
0.0037 24
0.0038 25
0.0039 28
0.004 30
0.0041 33
0.0042 35
0.0043 38
0.0044 41
0.0045 43
0.0046 47
0.0047 49
0.0048 52
0.0049 54
0.005 57
0.0051 60
0.0052 64
0.0053 68
0.0054 71
0.0055 75
0.0056 79
0.0057 84
0.0058 88
0.0059 92
0.006 98
0.0061 103
0.0062 108
0.0063 112
0.0064 116
0.0065 122
0.0066 126
0.0067 132
0.0068 137
0.0069 141
0.007 148
0.0071 153
0.0072 157
0.0073 162
0.0074 168
0.0075 173
0.0076 179
0.0077 182
0.0078 190
0.0079 196
0.008 202
0.0081 206
0.0082 213
0.0083 221
0.0084 227
0.0085 233
0.0086 241
0.0087 247
0.0088 253
0.0089 260
0.009 265
0.0091 272
0.0092 279
0.0093 282
0.0094 290
0.0095 298
0.0096 303
0.0097 311
0.0098 316
0.0099 323
0.01 333
0.0101 340
0.0102 347
0.0103 354
0.0104 361
0.0105 368
0.0106 375
0.0107 383
0.0108 390
0.0109 398
0.011 405
0.0111 413
0.0112 421
0.0113 426
0.0114 435
0.0115 441
0.0116 450
0.0117 457
0.0118 463
0.0119 473
0.012 481
0.0121 490
0.0122 497
0.0123 504
0.0124 513
0.0125 520
0.0126 528
0.0127 535
0.0128 540
0.0129 551
0.013 557
0.0131 565
0.0132 574
0.0133 582
0.0134 590
0.0135 597
0.0136 603
0.0137 611
0.0138 618
0.0139 625
0.014 635
0.0141 640
0.0142 649
0.0143 658
0.0144 665
0.0145 674
0.0146 679
0.0147 690
0.0148 696
0.0149 704
0.015 713
0.0151 721
0.0152 731
0.0153 738
0.0154 747
0.0155 757
0.0156 765
0.0157 777
0.0158 781
0.0159 795
0.016 806
0.0161 813
0.0162 821
0.0163 831
0.0164 839
0.0165 848
0.0166 856
0.0167 863
0.0168 872
0.0169 881
0.017 889
0.0171 897
0.0172 905
0.0173 916
0.0174 922
0.0175 932
0.0176 941
0.0177 950
0.0178 959
0.0179 965
0.018 974
0.0181 983
0.0182 992
0.0183 1000
0.0184 1008
0.0185 1019
0.0186 1029
0.0187 1038
0.0188 1045
0.0189 1055
0.019 1064
0.0191 1075
0.0192 1084
0.0193 1094
0.0194 1104
0.0195 1113
0.0196 1121
0.0197 1133
0.0198 1144
0.0199 1152
0.02 1161
0.0201 1168
0.0202 1181
0.0203 1187
0.0204 1198
0.0205 1210
0.0206 1215
0.0207 1226
0.0208 1232
0.0209 1245
0.021 1250
0.0211 1259
0.0212 1270
0.0213 1278
0.0214 1288
0.0215 1300
0.0216 1306
0.0217 1308
0.0218 1323
0.0219 1332
0.022 1335
0.0221 1349
0.0222 1351
0.0223 1364
0.0224 1373
0.0225 1378
0.0226 1390
0.0227 1398
0.0228 1407
0.0229 1417
0.023 1428
0.0231 1434
0.0232 1441
0.0233 1453
0.0234 1461
0.0235 1471
0.0236 1480
0.0237 1486
0.0238 1494
0.0239 1501
0.024 1513
0.0241 1520
0.0242 1526
0.0243 1537
0.0244 1546
0.0245 1556
0.0246 1562
0.0247 1564
0.0248 1581
0.0249 1583
0.025 1595
0.0251 1603
0.0252 1612
0.0253 1621
0.0254 1629
0.0255 1634
0.0256 1646
0.0257 1654
0.0258 1658
0.0259 1666
0.026 1679
0.0261 1684
0.0262 1692
0.0263 1701
0.0264 1714
0.0265 1720
0.0266 1727
0.0267 1736
0.0268 1745
0.0269 1753
0.027 1755
0.0271 1768
0.0272 1769
0.0273 1782
0.0274 1790
0.0275 1791
0.0276 1803
0.0277 1801
0.0278 1813
0.0279 1814
0.028 1810
0.0281 1799
0.0282 1798
0.0283 1795
0.0284 1780
0.0285 1770
0.0286 1759
0.0287 1739
0.0288 1697
0.0289 1667
0.029 1642
0.0291 1622
0.0292 1595
0.0293 1568
0.0294 1542
0.0295 1514
0.0296 1486
0.0297 1452
0.0298 1432
0.0299 1415
0.03 1388
0.0301 1365
0.0302 1337
0.0303 1323
0.0304 1282
0.0305 1252
0.0306 1231
0.0307 1204
0.0308 1184
0.0309 1172
0.031 1138
0.0311 1130
0.0312 1112
0.0313 1103
0.0314 1083
0.0315 1056
0.0316 1032
0.0317 1015
0.0318 1003
0.0319 985
0.032 967
0.0321 946
0.0322 922
0.0323 900
0.0324 879
0.0325 870
0.0326 860
0.0327 845
0.0328 826
0.0329 808
0.033 796
0.0331 783
0.0332 760
0.0333 743
0.0334 732
0.0335 723
0.0336 700
0.0337 699
0.0338 690
0.0339 670
0.034 667
0.0341 655
0.0342 644
0.0343 643
0.0344 639
0.0345 631
0.0346 627
0.0347 623
0.0348 618
0.0349 601
0.035 584
0.0351 571
0.0352 569
0.0353 564
0.0354 567
0.0355 569
0.0356 569
0.0357 568
0.0358 559
0.0359 562
0.036 555
0.0361 547
0.0362 541
0.0363 530
0.0364 516
0.0365 501
0.0366 498
0.0367 484
0.0368 482
0.0369 482
0.037 474
0.0371 477
0.0372 474
0.0373 471
0.0374 476
0.0375 467
0.0376 465
0.0377 465
0.0378 466
0.0379 460
0.038 459
0.0381 457
0.0382 456
0.0383 452
0.0384 441
0.0385 432
0.0386 414
0.0387 397
0.0388 388
0.0389 381
0.039 375
0.0391 372
0.0392 369
0.0393 361
0.0394 358
0.0395 366
0.0396 359
0.0397 354
0.0398 357
0.0399 364
0.04 358
0.0401 357
0.0402 369
0.0403 374
0.0404 373
0.0405 365
0.0406 368
0.0407 372
0.0408 375
0.0409 378
0.041 381
0.0411 375
0.0412 368
0.0413 359
0.0414 350
0.0415 340
0.0416 343
0.0417 352
0.0418 352
0.0419 373
0.042 387
0.0421 409
0.0422 415
0.0423 417
0.0424 430
0.0425 444
0.0426 465
0.0427 466
0.0428 473
0.0429 482
0.043 481
0.0431 485
0.0432 483
0.0433 479
0.0434 466
0.0435 454
0.0436 445
0.0437 434
0.0438 424
0.0439 424
0.044 414
0.0441 408
0.0442 409
0.0443 403
0.0444 395
0.0445 385
0.0446 392
0.0447 388
0.0448 384
0.0449 377
0.045 375
0.0451 372
0.0452 369
0.0453 366
0.0454 367
0.0455 363
0.0456 354
0.0457 348
0.0458 343
0.0459 337
0.046 327
0.0461 323
0.0462 320
0.0463 310
0.0464 307
0.0465 312
0.0466 310
0.0467 309
0.0468 310
0.0469 310
0.047 302
0.0471 293
0.0472 293
0.0473 290
0.0474 291
0.0475 287
0.0476 285
0.0477 285
0.0478 292
0.0479 290
0.048 293
0.0481 293
0.0482 287
0.0483 281
0.0484 284
0.0485 292
0.0486 296
0.0487 292
0.0488 294
0.0489 290
0.049 289
0.0491 296
0.0492 293
0.0493 285
0.0494 286
0.0495 284
0.0496 278
0.0497 282
0.0498 283
0.0499 281
0.05 286
0.0501 284
0.0502 287
0.0503 290
0.0504 301
0.0505 306
0.0506 311
0.0507 304
0.0508 305
0.0509 301
0.051 299
0.0511 318
0.0512 327
0.0513 327
0.0514 320
0.0515 313
0.0516 307
0.0517 310
0.0518 307
0.0519 307
0.052 301
0.0521 297
0.0522 295
0.0523 294
0.0524 292
0.0525 289
0.0526 295
0.0527 298
0.0528 303
0.0529 302
0.053 306
0.0531 311
0.0532 313
0.0533 309
0.0534 309
0.0535 305
0.0536 301
0.0537 296
0.0538 295
0.0539 297
0.054 299
0.0541 304
0.0542 305
0.0543 305
0.0544 298
0.0545 301
0.0546 298
0.0547 295
0.0548 299
0.0549 300
0.055 297
0.0551 291
0.0552 290
0.0553 288
0.0554 291
0.0555 285
0.0556 278
0.0557 274
0.0558 271
0.0559 275
0.056 275
0.0561 275
0.0562 273
0.0563 268
0.0564 273
0.0565 272
0.0566 269
0.0567 264
0.0568 261
0.0569 263
0.057 267
0.0571 263
0.0572 260
0.0573 259
0.0574 261
0.0575 262
0.0576 259
0.0577 261
0.0578 258
0.0579 253
0.058 250
0.0581 248
0.0582 248
0.0583 247
0.0584 246
0.0585 248
0.0586 240
0.0587 236
0.0588 237
0.0589 233
0.059 229
0.0591 229
0.0592 231
0.0593 230
0.0594 227
0.0595 227
0.0596 224
0.0597 228
0.0598 229
0.0599 233
0.06 237
0.0601 237
0.0602 237
0.0603 234
0.0604 235
0.0605 240
0.0606 235
0.0607 233
0.0608 226
0.0609 228
0.061 245
0.0611 265
0.0612 291
0.0613 323
0.0614 338
0.0615 356
0.0616 367
0.0617 361
0.0618 363
0.0619 361
0.062 356
0.0621 353
0.0622 353
0.0623 357
0.0624 348
0.0625 345
0.0626 337
0.0627 339
0.0628 334
0.0629 328
0.063 321
0.0631 310
0.0632 308
0.0633 303
0.0634 306
0.0635 310
0.0636 307
0.0637 312
0.0638 307
0.0639 310
0.064 308
0.0641 307
0.0642 301
0.0643 295
0.0644 293
0.0645 287
0.0646 282
0.0647 287
0.0648 288
0.0649 292
0.065 295
0.0651 296
0.0652 308
0.0653 310
0.0654 325
0.0655 352
0.0656 391
0.0657 431
0.0658 475
0.0659 520
0.066 548
0.0661 579
0.0662 599
0.0663 624
0.0664 641
0.0665 648
0.0666 655
0.0667 646
0.0668 649
0.0669 652
0.067 649
0.0671 654
0.0672 659
0.0673 658
0.0674 661
0.0675 661
0.0676 663
0.0677 661
0.0678 664
0.0679 663
0.068 665
0.0681 667
0.0682 666
0.0683 667
0.0684 670
0.0685 673
0.0686 673
0.0687 671
0.0688 674
0.0689 671
0.069 679
0.0691 680
0.0692 682
0.0693 686
0.0694 687
0.0695 687
0.0696 688
0.0697 693
0.0698 694
0.0699 698
0.07 700
0.0701 704
0.0702 704
0.0703 708
0.0704 710
0.0705 713
0.0706 715
0.0707 722
0.0708 724
0.0709 727
0.071 731
0.0711 729
0.0712 735
0.0713 739
0.0714 743
0.0715 749
0.0716 752
0.0717 755
0.0718 758
0.0719 760
0.072 764
0.0721 766
0.0722 769
0.0723 774
0.0724 778
0.0725 778
0.0726 783
0.0727 787
0.0728 792
0.0729 795
0.073 797
0.0731 801
0.0732 803
0.0733 808
0.0734 811
0.0735 811
0.0736 815
0.0737 819
0.0738 821
0.0739 827
0.074 828
0.0741 833
0.0742 838
0.0743 844
0.0744 845
0.0745 851
0.0746 850
0.0747 861
0.0748 863
0.0749 866
0.075 869
0.0751 872
0.0752 877
0.0753 883
0.0754 887
0.0755 892
0.0756 895
0.0757 901
0.0758 906
0.0759 910
0.076 914
0.0761 920
0.0762 922
0.0763 928
0.0764 930
0.0765 935
0.0766 943
0.0767 948
0.0768 952
0.0769 955
0.077 960
0.0771 963
0.0772 969
0.0773 973
0.0774 975
0.0775 983
0.0776 987
0.0777 995
0.0778 998
0.0779 1004
0.078 1009
0.0781 1012
0.0782 1020
0.0783 1026
0.0784 1029
0.0785 1036
0.0786 1040
0.0787 1047
0.0788 1055
0.0789 1058
0.079 1064
0.0791 1070
0.0792 1075
0.0793 1080
0.0794 1089
0.0795 1091
0.0796 1099
0.0797 1102
0.0798 1107
0.0799 1114
0.08 1122
0.0801 1123
0.0802 1132
0.0803 1136
0.0804 1139
0.0805 1148
0.0806 1154
0.0807 1160
0.0808 1163
0.0809 1171
0.081 1172
0.0811 1179
0.0812 1186
0.0813 1188
0.0814 1193
0.0815 1199
0.0816 1206
0.0817 1211
0.0818 1217
0.0819 1222
0.082 1232
0.0821 1238
0.0822 1241
0.0823 1251
0.0824 1253
0.0825 1264
0.0826 1270
0.0827 1275
0.0828 1279
0.0829 1289
0.083 1296
0.0831 1302
0.0832 1313
0.0833 1320
0.0834 1326
0.0835 1334
0.0836 1341
0.0837 1350
0.0838 1358
0.0839 1364
0.084 1374
0.0841 1381
0.0842 1388
0.0843 1393
0.0844 1404
0.0845 1410
0.0846 1417
0.0847 1426
0.0848 1436
0.0849 1438
0.085 1446
0.0851 1457
0.0852 1463
0.0853 1473
0.0854 1475
0.0855 1485
0.0856 1494
0.0857 1499
0.0858 1508
0.0859 1518
0.086 1521
0.0861 1533
0.0862 1541
0.0863 1548
0.0864 1550
0.0865 1564
0.0866 1565
0.0867 1575
0.0868 1585
0.0869 1589
0.087 1596
0.0871 1602
0.0872 1610
0.0873 1614
0.0874 1629
0.0875 1633
0.0876 1634
0.0877 1643
0.0878 1646
0.0879 1655
0.088 1656
0.0881 1675
0.0882 1673
0.0883 1678
0.0884 1691
0.0885 1692
0.0886 1688
0.0887 1696
0.0888 1706
0.0889 1712
0.089 1715
0.0891 1725
0.0892 1726
0.0893 1724
0.0894 1738
0.0895 1751
0.0896 1755
0.0897 1755
0.0898 1757
0.0899 1760
0.09 1767
0.0901 1766
0.0902 1775
0.0903 1790
0.0904 1790
0.0905 1794
0.0906 1781
0.0907 1784
0.0908 1770
0.0909 1744
0.091 1711
0.0911 1678
0.0912 1647
0.0913 1618
0.0914 1587
0.0915 1545
0.0916 1516
0.0917 1476
0.0918 1447
0.0919 1413
0.092 1385
0.0921 1362
0.0922 1323
0.0923 1282
0.0924 1266
0.0925 1237
0.0926 1217
0.0927 1184
0.0928 1166
0.0929 1144
0.093 1121
0.0931 1105
0.0932 1071
0.0933 1056
0.0934 1033
0.0935 1013
0.0936 993
0.0937 967
0.0938 948
0.0939 922
0.094 903
0.0941 891
0.0942 874
0.0943 854
0.0944 835
0.0945 814
0.0946 799
0.0947 778
0.0948 760
0.0949 740
0.095 725
0.0951 719
0.0952 707
0.0953 695
0.0954 683
0.0955 674
0.0956 671
0.0957 655
0.0958 647
0.0959 633
0.096 616
0.0961 612
0.0962 598
0.0963 587
0.0964 582
0.0965 571
0.0966 561
0.0967 554
0.0968 548
0.0969 543
0.097 537
0.0971 530
0.0972 514
0.0973 507
0.0974 498
0.0975 495
0.0976 491
0.0977 494
0.0978 487
0.0979 485
0.098 483
0.0981 479
0.0982 473
0.0983 464
0.0984 466
0.0985 463
0.0986 459
0.0987 460
0.0988 461
0.0989 450
0.099 450
0.0991 451
0.0992 451
0.0993 438
0.0994 430
0.0995 431
0.0996 431
0.0997 432
0.0998 451
0.0999 454
0.1 456
0.1001 443
0.1002 442
0.1003 444
0.1004 436
0.1005 433
0.1006 430
0.1007 421
0.1008 409
0.1009 400
0.101 399
0.1011 400
0.1012 409
0.1013 406
0.1014 403
0.1015 398
0.1016 395
0.1017 388
0.1018 386
0.1019 389
0.102 383
0.1021 378
0.1022 374
0.1023 372
0.1024 374
0.1025 373
0.1026 372
0.1027 380
0.1028 390
0.1029 377
0.103 365
0.1031 350
0.1032 340
0.1033 336
0.1034 335
0.1035 330
0.1036 333
0.1037 325
0.1038 314
0.1039 305
0.104 297
0.1041 293
0.1042 291
0.1043 283
0.1044 280
0.1045 286
0.1046 287
0.1047 284
0.1048 279
0.1049 278
0.105 280
0.1051 272
0.1052 273
0.1053 269
0.1054 276
0.1055 277
0.1056 288
0.1057 305
0.1058 314
0.1059 326
0.106 339
0.1061 343
0.1062 348
0.1063 350
0.1064 351
0.1065 343
0.1066 336
0.1067 330
0.1068 328
0.1069 325
0.107 322
0.1071 318
0.1072 315
0.1073 315
0.1074 311
0.1075 310
0.1076 308
0.1077 310
0.1078 309
0.1079 313
0.108 315
0.1081 312
0.1082 303
0.1083 298
0.1084 301
0.1085 305
0.1086 305
0.1087 302
0.1088 305
0.1089 313
0.109 315
0.1091 320
0.1092 321
0.1093 321
0.1094 319
0.1095 317
0.1096 305
0.1097 299
0.1098 285
0.1099 282
0.11 276
0.1101 264
0.1102 262
0.1103 257
0.1104 254
0.1105 247
0.1106 242
0.1107 245
0.1108 238
0.1109 235
0.111 235
0.1111 232
0.1112 226
0.1113 227
0.1114 225
0.1115 226
0.1116 224
0.1117 226
0.1118 223
0.1119 224
0.112 229
0.1121 228
0.1122 224
0.1123 231
0.1124 243
0.1125 252
0.1126 259
0.1127 262
0.1128 269
0.1129 272
0.113 261
0.1131 276
0.1132 275
0.1133 276
0.1134 277
0.1135 285
0.1136 286
0.1137 280
0.1138 280
0.1139 280
0.114 283
0.1141 283
0.1142 282
0.1143 281
0.1144 281
0.1145 279
0.1146 275
0.1147 272
0.1148 270
0.1149 268
0.115 260
0.1151 257
0.1152 256
0.1153 247
0.1154 246
0.1155 241
0.1156 236
0.1157 233
0.1158 232
0.1159 226
0.116 219
0.1161 220
0.1162 220
0.1163 221
0.1164 227
0.1165 228
0.1166 232
0.1167 241
0.1168 242
0.1169 243
0.117 247
0.1171 241
0.1172 237
0.1173 230
0.1174 232
0.1175 234
0.1176 241
0.1177 245
0.1178 235
0.1179 235
0.118 238
0.1181 238
0.1182 234
0.1183 234
0.1184 236
0.1185 234
0.1186 228
0.1187 227
0.1188 228
0.1189 231
0.119 230
0.1191 236
0.1192 243
0.1193 245
0.1194 247
0.1195 243
0.1196 241
0.1197 238
0.1198 227
0.1199 226
0.12 226
0.1201 226
0.1202 226
0.1203 224
0.1204 223
0.1205 221
0.1206 220
0.1207 224
0.1208 225
0.1209 233
0.121 233
0.1211 233
0.1212 227
0.1213 228
0.1214 226
0.1215 218
0.1216 211
0.1217 209
0.1218 203
0.1219 205
0.122 200
0.1221 200
0.1222 208
0.1223 204
0.1224 209
0.1225 215
0.1226 218
0.1227 229
0.1228 227
0.1229 232
0.123 239
0.1231 248
0.1232 251
0.1233 251
0.1234 256
0.1235 252
0.1236 253
0.1237 249
0.1238 248
0.1239 246
0.124 246
0.1241 244
0.1242 238
0.1243 234
0.1244 239
0.1245 234
0.1246 229
0.1247 225
0.1248 224
0.1249 223
0.125 220
0.1251 221
0.1252 222
0.1253 220
0.1254 223
0.1255 220
0.1256 222
0.1257 226
0.1258 224
0.1259 233
0.126 233
0.1261 236
0.1262 247
0.1263 249
0.1264 248
0.1265 248
0.1266 250
0.1267 255
0.1268 280
0.1269 300
0.127 313
0.1271 323
0.1272 324
0.1273 322
0.1274 322
0.1275 321
0.1276 319
0.1277 324
0.1278 321
0.1279 316
0.128 309
0.1281 304
0.1282 302
0.1283 307
0.1284 304
0.1285 302
0.1286 294
0.1287 291
0.1288 286
0.1289 292
0.129 302
0.1291 306
0.1292 312
0.1293 326
0.1294 329
0.1295 332
0.1296 333
0.1297 330
0.1298 335
0.1299 335
0.13 334
0.1301 341
0.1302 346
0.1303 347
0.1304 342
0.1305 341
0.1306 338
0.1307 330
0.1308 327
0.1309 315
0.131 313
0.1311 311
0.1312 300
0.1313 294
0.1314 292
0.1315 290
0.1316 289
0.1317 296
0.1318 297
0.1319 293
0.132 288
0.1321 286
0.1322 287
0.1323 286
0.1324 286
0.1325 285
0.1326 286
0.1327 294
0.1328 294
0.1329 290
0.133 291
0.1331 283
0.1332 289
0.1333 289
0.1334 288
0.1335 289
0.1336 293
0.1337 294
0.1338 298
0.1339 292
0.134 299
0.1341 295
0.1342 292
0.1343 293
0.1344 294
0.1345 298
0.1346 302
0.1347 310
0.1348 311
0.1349 313
0.135 322
0.1351 339
0.1352 352
0.1353 363
0.1354 381
0.1355 386
0.1356 392
0.1357 392
0.1358 398
0.1359 398
0.136 399
0.1361 396
0.1362 392
0.1363 390
0.1364 387
0.1365 383
0.1366 383
0.1367 377
0.1368 371
0.1369 373
0.137 375
0.1371 389
0.1372 420
0.1373 440
0.1374 455
0.1375 472
0.1376 487
0.1377 513
0.1378 525
0.1379 549
0.138 558
0.1381 557
0.1382 562
0.1383 554
0.1384 558
0.1385 557
0.1386 555
0.1387 564
0.1388 565
0.1389 563
0.139 559
0.1391 561
0.1392 562
0.1393 570
0.1394 570
0.1395 571
0.1396 569
0.1397 572
0.1398 571
0.1399 576
0.14 573
0.1401 576
0.1402 574
0.1403 579
0.1404 577
0.1405 578
0.1406 576
0.1407 576
0.1408 576
0.1409 579
0.141 582
0.1411 583
0.1412 581
0.1413 583
0.1414 585
0.1415 582
0.1416 585
0.1417 588
0.1418 590
0.1419 586
0.142 591
0.1421 590
0.1422 589
0.1423 594
0.1424 591
0.1425 596
0.1426 595
0.1427 600
0.1428 597
0.1429 600
0.143 602
0.1431 604
0.1432 605
0.1433 608
0.1434 610
0.1435 616
0.1436 619
0.1437 620
0.1438 625
0.1439 629
0.144 633
0.1441 637
0.1442 640
0.1443 647
0.1444 651
0.1445 655
0.1446 661
0.1447 662
0.1448 668
0.1449 671
0.145 677
0.1451 685
0.1452 688
0.1453 693
0.1454 698
0.1455 702
0.1456 708
0.1457 713
0.1458 717
0.1459 720
0.146 727
0.1461 734
0.1462 738
0.1463 742
0.1464 747
0.1465 754
0.1466 759
0.1467 763
0.1468 769
0.1469 775
0.147 780
0.1471 787
0.1472 792
0.1473 797
0.1474 801
0.1475 809
0.1476 815
0.1477 823
0.1478 829
0.1479 834
0.148 840
0.1481 847
0.1482 852
0.1483 860
0.1484 866
0.1485 875
0.1486 882
0.1487 888
0.1488 897
0.1489 904
0.149 909
0.1491 916
0.1492 921
0.1493 931
0.1494 938
0.1495 948
0.1496 954
0.1497 958
0.1498 968
0.1499 977
0.15 985
0.1501 988
0.1502 998
0.1503 1006
0.1504 1015
0.1505 1026
0.1506 1034
0.1507 1042
0.1508 1050
0.1509 1057
0.151 1066
0.1511 1071
0.1512 1085
0.1513 1093
0.1514 1101
0.1515 1108
0.1516 1113
0.1517 1121
0.1518 1131
0.1519 1137
0.152 1145
0.1521 1154
0.1522 1162
0.1523 1166
0.1524 1173
0.1525 1183
0.1526 1188
0.1527 1195
0.1528 1205
0.1529 1212
0.153 1219
0.1531 1225
0.1532 1236
0.1533 1242
0.1534 1250
0.1535 1260
0.1536 1268
0.1537 1277
0.1538 1284
0.1539 1293
0.154 1299
0.1541 1302
0.1542 1311
0.1543 1317
0.1544 1329
0.1545 1339
0.1546 1342
0.1547 1353
0.1548 1363
0.1549 1370
0.155 1375
0.1551 1380
0.1552 1390
0.1553 1400
0.1554 1410
0.1555 1416
0.1556 1422
0.1557 1427
0.1558 1436
0.1559 1444
0.156 1450
0.1561 1458
0.1562 1470
0.1563 1475
0.1564 1482
0.1565 1491
0.1566 1499
0.1567 1509
0.1568 1513
0.1569 1522
0.157 1531
0.1571 1540
0.1572 1550
0.1573 1563
0.1574 1567
0.1575 1572
0.1576 1584
0.1577 1593
0.1578 1594
0.1579 1609
0.158 1616
0.1581 1619
0.1582 1632
0.1583 1642
0.1584 1656
0.1585 1659
0.1586 1672
0.1587 1678
0.1588 1687
0.1589 1699
0.159 1707
0.1591 1719
0.1592 1728
0.1593 1737
0.1594 1743
0.1595 1753
0.1596 1764
0.1597 1769
0.1598 1775
0.1599 1789
0.16 1790
0.1601 1810
0.1602 1809
0.1603 1824
0.1604 1828
0.1605 1836
0.1606 1844
0.1607 1858
0.1608 1867
0.1609 1873
0.161 1884
0.1611 1899
0.1612 1897
0.1613 1912
0.1614 1919
0.1615 1935
0.1616 1949
0.1617 1950
0.1618 1959
0.1619 1957
0.162 1978
0.1621 1983
0.1622 1997
0.1623 2003
0.1624 2015
0.1625 2023
0.1626 2033
0.1627 2032
0.1628 2038
0.1629 2061
0.163 2065
0.1631 2075
0.1632 2071
0.1633 2086
0.1634 2091
0.1635 2101
0.1636 2102
0.1637 2114
0.1638 2110
0.1639 2104
0.164 2116
0.1641 2108
0.1642 2094
0.1643 2105
0.1644 2086
0.1645 2099
0.1646 2093
0.1647 2082
0.1648 2063
0.1649 2064
0.165 2061
0.1651 2035
0.1652 2024
0.1653 2017
0.1654 2009
0.1655 1991
0.1656 1980
0.1657 2002
0.1658 2009
0.1659 2021
0.166 2043
0.1661 2058
0.1662 2062
0.1663 2060
0.1664 2045
0.1665 2024
0.1666 1994
0.1667 1948
0.1668 1911
0.1669 1877
0.167 1847
0.1671 1812
0.1672 1768
0.1673 1734
0.1674 1693
0.1675 1664
0.1676 1615
0.1677 1589
0.1678 1553
0.1679 1527
0.168 1488
0.1681 1449
0.1682 1417
0.1683 1392
0.1684 1359
0.1685 1328
0.1686 1296
0.1687 1259
0.1688 1215
0.1689 1192
0.169 1168
0.1691 1143
0.1692 1122
0.1693 1101
0.1694 1091
0.1695 1077
0.1696 1061
0.1697 1032
0.1698 1022
0.1699 1009
0.17 989
0.1701 976
0.1702 955
0.1703 938
0.1704 922
0.1705 903
0.1706 887
0.1707 871
0.1708 872
0.1709 853
0.171 837
0.1711 822
0.1712 817
0.1713 809
0.1714 805
0.1715 788
0.1716 774
0.1717 758
0.1718 745
0.1719 737
0.172 728
0.1721 723
0.1722 723
0.1723 719
0.1724 711
0.1725 699
0.1726 689
0.1727 686
0.1728 682
0.1729 661
0.173 658
0.1731 654
0.1732 640
0.1733 633
0.1734 617
0.1735 599
0.1736 590
0.1737 576
0.1738 567
0.1739 555
0.174 548
0.1741 529
0.1742 518
0.1743 517
0.1744 526
0.1745 538
0.1746 538
0.1747 540
0.1748 546
0.1749 539
0.175 537
0.1751 535
0.1752 525
0.1753 515
0.1754 501
0.1755 501
0.1756 496
0.1757 493
0.1758 496
0.1759 494
0.176 496
0.1761 502
0.1762 499
0.1763 489
0.1764 481
0.1765 483
0.1766 475
0.1767 468
0.1768 466
0.1769 458
0.177 455
0.1771 452
0.1772 442
0.1773 436
0.1774 427
0.1775 417
0.1776 408
0.1777 407
0.1778 406
0.1779 400
0.178 400
0.1781 395
0.1782 394
0.1783 386
0.1784 380
0.1785 375
0.1786 368
0.1787 363
0.1788 353
0.1789 354
0.179 355
0.1791 346
0.1792 345
0.1793 335
0.1794 327
0.1795 320
0.1796 316
0.1797 312
0.1798 307
0.1799 310
0.18 306
0.1801 304
0.1802 296
0.1803 290
0.1804 284
0.1805 286
0.1806 275
0.1807 275
0.1808 272
0.1809 278
0.181 282
0.1811 271
0.1812 273
0.1813 275
0.1814 270
0.1815 267
0.1816 264
0.1817 269
0.1818 275
0.1819 290
0.182 306
0.1821 313
0.1822 330
0.1823 327
0.1824 319
0.1825 325
0.1826 320
0.1827 320
0.1828 313
0.1829 312
0.183 310
0.1831 297
0.1832 296
0.1833 286
0.1834 288
0.1835 284
0.1836 276
0.1837 267
0.1838 266
0.1839 268
0.184 268
0.1841 267
0.1842 269
0.1843 264
0.1844 255
0.1845 255
0.1846 257
0.1847 257
0.1848 256
0.1849 252
0.185 255
0.1851 268
0.1852 279
0.1853 280
0.1854 279
0.1855 271
0.1856 268
0.1857 266
0.1858 264
0.1859 256
0.186 250
0.1861 243
0.1862 240
0.1863 239
0.1864 236
0.1865 238
0.1866 231
0.1867 225
0.1868 218
0.1869 214
0.187 209
0.1871 213
0.1872 215
0.1873 216
0.1874 219
0.1875 232
0.1876 234
0.1877 241
0.1878 256
0.1879 262
0.188 266
0.1881 267
0.1882 274
0.1883 280
0.1884 285
0.1885 285
0.1886 285
0.1887 286
0.1888 286
0.1889 285
0.189 290
0.1891 290
0.1892 288
0.1893 288
0.1894 286
0.1895 287
0.1896 287
0.1897 281
0.1898 279
0.1899 271
0.19 275
0.1901 277
0.1902 282
0.1903 275
0.1904 278
0.1905 275
0.1906 271
0.1907 265
0.1908 265
0.1909 268
0.191 275
0.1911 275
0.1912 273
0.1913 270
0.1914 270
0.1915 273
0.1916 282
0.1917 271
0.1918 276
0.1919 273
0.192 277
0.1921 281
0.1922 276
0.1923 278
0.1924 282
0.1925 283
0.1926 293
0.1927 297
0.1928 301
0.1929 304
0.193 297
0.1931 292
0.1932 290
0.1933 289
0.1934 291
0.1935 290
0.1936 292
0.1937 284
0.1938 289
0.1939 296
0.194 315
0.1941 337
0.1942 353
0.1943 350
0.1944 345
0.1945 344
0.1946 342
0.1947 342
0.1948 344
0.1949 335
0.195 330
0.1951 323
0.1952 329
0.1953 341
0.1954 357
0.1955 382
0.1956 408
0.1957 433
0.1958 452
0.1959 464
0.196 475
0.1961 475
0.1962 471
0.1963 472
0.1964 481
0.1965 485
0.1966 492
0.1967 494
0.1968 491
0.1969 490
0.197 489
0.1971 484
0.1972 490
0.1973 502
0.1974 493
0.1975 486
0.1976 479
0.1977 482
0.1978 484
0.1979 489
0.198 501
0.1981 494
0.1982 498
0.1983 491
0.1984 506
0.1985 514
0.1986 502
0.1987 498
0.1988 502
0.1989 496
0.199 495
0.1991 493
0.1992 512
0.1993 531
0.1994 549
0.1995 561
0.1996 567
0.1997 581
0.1998 582
0.1999 588
0.2 600
0.2001 605
0.2002 601
0.2003 601
0.2004 591
0.2005 598
0.2006 594
0.2007 587
0.2008 579
0.2009 582
0.201 582
0.2011 577
0.2012 576
0.2013 564
0.2014 558
0.2015 546
0.2016 535
0.2017 528
0.2018 519
0.2019 505
0.202 506
0.2021 510
0.2022 506
0.2023 500
0.2024 494
0.2025 485
0.2026 471
0.2027 470
0.2028 466
0.2029 453
0.203 442
0.2031 432
0.2032 431
0.2033 422
0.2034 415
0.2035 406
0.2036 415
0.2037 439
0.2038 461
0.2039 480
0.204 501
0.2041 512
0.2042 513
0.2043 519
0.2044 518
0.2045 521
0.2046 508
0.2047 503
0.2048 499
0.2049 499
0.205 506
0.2051 523
0.2052 542
0.2053 561
0.2054 576
0.2055 587
0.2056 595
0.2057 599
0.2058 596
0.2059 598
0.206 603
0.2061 603
0.2062 601
0.2063 597
0.2064 593
0.2065 592
0.2066 587
0.2067 578
0.2068 561
0.2069 550
0.207 543
0.2071 537
0.2072 519
0.2073 507
0.2074 498
0.2075 489
0.2076 471
0.2077 455
0.2078 448
0.2079 438
0.208 432
0.2081 433
0.2082 420
0.2083 412
0.2084 409
0.2085 406
0.2086 408
0.2087 401
0.2088 400
0.2089 397
0.209 392
0.2091 396
0.2092 395
0.2093 389
0.2094 386
0.2095 381
0.2096 378
0.2097 379
0.2098 373
0.2099 369
0.21 362
0.2101 354
0.2102 353
0.2103 341
0.2104 337
0.2105 331
0.2106 329
0.2107 321
0.2108 316
0.2109 317
0.211 332
0.2111 334
0.2112 335
0.2113 330
0.2114 337
0.2115 329
0.2116 327
0.2117 333
0.2118 341
0.2119 349
0.212 356
0.2121 361
0.2122 361
0.2123 351
0.2124 350
0.2125 348
0.2126 342
0.2127 341
0.2128 340
0.2129 339
0.213 344
0.2131 350
0.2132 353
0.2133 360
0.2134 362
0.2135 356
0.2136 372
0.2137 398
0.2138 410
0.2139 438
0.214 442
0.2141 448
0.2142 448
0.2143 451
0.2144 444
0.2145 453
0.2146 471
0.2147 501
0.2148 511
0.2149 514
0.215 511
0.2151 506
0.2152 502
0.2153 492
0.2154 482
0.2155 476
0.2156 468
0.2157 459
0.2158 448
0.2159 436
0.216 431
0.2161 428
0.2162 427
0.2163 425
0.2164 427
0.2165 433
0.2166 446
0.2167 448
0.2168 451
0.2169 475
0.217 483
0.2171 495
0.2172 501
0.2173 510
0.2174 505
0.2175 495
0.2176 493
0.2177 491
0.2178 486
0.2179 491
0.218 496
0.2181 504
0.2182 507
0.2183 511
0.2184 515
0.2185 511
0.2186 508
0.2187 497
0.2188 491
0.2189 481
0.219 483
0.2191 473
0.2192 468
0.2193 463
0.2194 460
0.2195 470
0.2196 469
0.2197 464
0.2198 460
0.2199 460
0.22 456
0.2201 449
0.2202 445
0.2203 440
0.2204 435
0.2205 430
0.2206 427
0.2207 432
0.2208 443
0.2209 452
0.221 457
0.2211 460
0.2212 474
0.2213 490
0.2214 496
0.2215 506
0.2216 515
0.2217 525
0.2218 525
0.2219 535
0.222 541
0.2221 529
0.2222 514
0.2223 513
0.2224 512
0.2225 516
0.2226 533
0.2227 547
0.2228 550
0.2229 548
0.223 554
0.2231 554
0.2232 543
0.2233 537
0.2234 532
0.2235 538
0.2236 561
0.2237 572
0.2238 588
0.2239 596
0.224 595
0.2241 606
0.2242 612
0.2243 616
0.2244 628
0.2245 632
0.2246 636
0.2247 636
0.2248 641
0.2249 644
0.225 646
0.2251 647
0.2252 649
0.2253 651
0.2254 653
0.2255 658
0.2256 659
0.2257 657
0.2258 655
0.2259 662
0.226 661
0.2261 668
0.2262 667
0.2263 667
0.2264 668
0.2265 673
0.2266 674
0.2267 676
0.2268 676
0.2269 679
0.227 682
0.2271 684
0.2272 686
0.2273 685
0.2274 690
0.2275 692
0.2276 692
0.2277 693
0.2278 695
0.2279 701
0.228 703
0.2281 703
0.2282 707
0.2283 708
0.2284 713
0.2285 713
0.2286 717
0.2287 720
0.2288 723
0.2289 722
0.229 727
0.2291 727
0.2292 732
0.2293 734
0.2294 735
0.2295 740
0.2296 741
0.2297 744
0.2298 750
0.2299 751
0.23 754
0.2301 758
0.2302 763
0.2303 762
0.2304 767
0.2305 771
0.2306 774
0.2307 780
0.2308 783
0.2309 785
0.231 791
0.2311 793
0.2312 796
0.2313 801
0.2314 807
0.2315 810
0.2316 813
0.2317 820
0.2318 822
0.2319 827
0.232 837
0.2321 837
0.2322 846
0.2323 854
0.2324 858
0.2325 866
0.2326 872
0.2327 877
0.2328 884
0.2329 891
0.233 898
0.2331 905
0.2332 910
0.2333 915
0.2334 921
0.2335 929
0.2336 934
0.2337 938
0.2338 947
0.2339 953
0.234 961
0.2341 968
0.2342 977
0.2343 981
0.2344 989
0.2345 994
0.2346 1000
0.2347 1011
0.2348 1016
0.2349 1025
0.235 1029
0.2351 1040
0.2352 1043
0.2353 1051
0.2354 1059
0.2355 1069
0.2356 1075
0.2357 1082
0.2358 1093
0.2359 1099
0.236 1109
0.2361 1112
0.2362 1123
0.2363 1132
0.2364 1139
0.2365 1148
0.2366 1156
0.2367 1166
0.2368 1169
0.2369 1183
0.237 1191
0.2371 1199
0.2372 1207
0.2373 1215
0.2374 1223
0.2375 1227
0.2376 1244
0.2377 1249
0.2378 1256
0.2379 1265
0.238 1275
0.2381 1277
0.2382 1291
0.2383 1302
0.2384 1312
0.2385 1315
0.2386 1330
0.2387 1337
0.2388 1348
0.2389 1357
0.239 1366
0.2391 1378
0.2392 1384
0.2393 1394
0.2394 1398
0.2395 1410
0.2396 1424
0.2397 1434
0.2398 1439
0.2399 1454
0.24 1467
0.2401 1474
0.2402 1483
0.2403 1492
0.2404 1501
0.2405 1510
0.2406 1523
0.2407 1536
0.2408 1543
0.2409 1553
0.241 1556
0.2411 1573
0.2412 1580
0.2413 1592
0.2414 1601
0.2415 1607
0.2416 1618
0.2417 1625
0.2418 1634
0.2419 1641
0.242 1651
0.2421 1662
0.2422 1669
0.2423 1680
0.2424 1688
0.2425 1693
0.2426 1707
0.2427 1714
0.2428 1719
0.2429 1728
0.243 1736
0.2431 1740
0.2432 1751
0.2433 1757
0.2434 1767
0.2435 1770
0.2436 1781
0.2437 1786
0.2438 1786
0.2439 1805
0.244 1810
0.2441 1810
0.2442 1830
0.2443 1835
0.2444 1824
0.2445 1838
0.2446 1842
0.2447 1848
0.2448 1858
0.2449 1870
0.245 1874
0.2451 1884
0.2452 1888
0.2453 1896
0.2454 1905
0.2455 1908
0.2456 1916
0.2457 1917
0.2458 1920
0.2459 1929
0.246 1936
0.2461 1919
0.2462 1926
0.2463 1930
0.2464 1922
0.2465 1921
0.2466 1910
0.2467 1882
0.2468 1856
0.2469 1809
0.247 1755
0.2471 1715
0.2472 1677
0.2473 1640
0.2474 1599
0.2475 1562
0.2476 1530
0.2477 1495
0.2478 1455
0.2479 1432
0.248 1403
0.2481 1380
0.2482 1382
0.2483 1395
0.2484 1398
0.2485 1392
0.2486 1385
0.2487 1360
0.2488 1326
0.2489 1305
0.249 1280
0.2491 1248
0.2492 1221
0.2493 1204
0.2494 1170
0.2495 1141
0.2496 1115
0.2497 1097
0.2498 1065
0.2499 1047
0.25 1043
