0 0
0.0001 0
0.0002 1
0.0003 1
0.0004 1
0.0005 2
0.0006 5
0.0007 11
0.0008 14
0.0009 19
0.001 21
0.0011 23
0.0012 26
0.0013 28
0.0014 29
0.0015 35
0.0016 43
0.0017 51
0.0018 68
0.0019 87
0.002 117
0.0021 147
0.0022 180
0.0023 201
0.0024 259
0.0025 300
0.0026 323
0.0027 345
0.0028 381
0.0029 413
0.003 455
0.0031 495
0.0032 537
0.0033 571
0.0034 599
0.0035 620
0.0036 645
0.0037 663
0.0038 695
0.0039 747
0.004 789
0.0041 802
0.0042 813
0.0043 834
0.0044 858
0.0045 874
0.0046 876
0.0047 891
0.0048 901
0.0049 936
0.005 979
0.0051 997
0.0052 1029
0.0053 1055
0.0054 1085
0.0055 1106
0.0056 1109
0.0057 1148
0.0058 1155
0.0059 1168
0.006 1194
0.0061 1221
0.0062 1253
0.0063 1295
0.0064 1333
0.0065 1367
0.0066 1390
0.0067 1417
0.0068 1412
0.0069 1429
0.007 1433
0.0071 1449
0.0072 1484
0.0073 1478
0.0074 1499
0.0075 1511
0.0076 1532
0.0077 1516
0.0078 1508
0.0079 1525
0.008 1549
0.0081 1561
0.0082 1582
0.0083 1612
0.0084 1636
0.0085 1678
0.0086 1676
0.0087 1681
0.0088 1716
0.0089 1717
0.009 1722
0.0091 1726
0.0092 1748
0.0093 1759
0.0094 1765
0.0095 1767
0.0096 1768
0.0097 1745
0.0098 1747
0.0099 1750
0.01 1756
0.0101 1761
0.0102 1774
0.0103 1788
0.0104 1789
0.0105 1780
0.0106 1780
0.0107 1795
0.0108 1803
0.0109 1803
0.011 1796
0.0111 1801
0.0112 1808
0.0113 1798
0.0114 1786
0.0115 1768
0.0116 1759
0.0117 1731
0.0118 1717
0.0119 1718
0.012 1735
0.0121 1722
0.0122 1723
0.0123 1710
0.0124 1695
0.0125 1687
0.0126 1673
0.0127 1663
0.0128 1645
0.0129 1665
0.013 1691
0.0131 1686
0.0132 1690
0.0133 1700
0.0134 1715
0.0135 1701
0.0136 1729
0.0137 1739
0.0138 1735
0.0139 1722
0.014 1726
0.0141 1717
0.0142 1694
0.0143 1666
0.0144 1637
0.0145 1620
0.0146 1603
0.0147 1577
0.0148 1558
0.0149 1579
0.015 1571
0.0151 1545
0.0152 1520
0.0153 1496
0.0154 1480
0.0155 1469
0.0156 1450
0.0157 1433
0.0158 1402
0.0159 1384
0.016 1374
0.0161 1357
0.0162 1329
0.0163 1306
0.0164 1309
0.0165 1289
0.0166 1288
0.0167 1289
0.0168 1274
0.0169 1254
0.017 1244
0.0171 1244
0.0172 1231
0.0173 1208
0.0174 1200
0.0175 1203
0.0176 1189
0.0177 1176
0.0178 1153
0.0179 1134
0.018 1111
0.0181 1102
0.0182 1071
0.0183 1044
0.0184 1031
0.0185 1015
0.0186 1009
0.0187 1003
0.0188 987
0.0189 970
0.019 972
0.0191 965
0.0192 983
0.0193 981
0.0194 975
0.0195 964
0.0196 976
0.0197 975
0.0198 970
0.0199 966
0.02 975
0.0201 979
0.0202 975
0.0203 978
0.0204 976
0.0205 968
0.0206 978
0.0207 995
0.0208 996
0.0209 1011
0.021 1007
0.0211 975
0.0212 954
0.0213 938
0.0214 940
0.0215 942
0.0216 928
0.0217 911
0.0218 922
0.0219 908
0.022 886
0.0221 874
0.0222 854
0.0223 848
0.0224 830
0.0225 838
0.0226 834
0.0227 805
0.0228 796
0.0229 809
0.023 814
0.0231 857
0.0232 864
0.0233 877
0.0234 900
0.0235 899
0.0236 878
0.0237 881
0.0238 865
0.0239 878
0.024 873
0.0241 868
0.0242 849
0.0243 830
0.0244 844
0.0245 825
0.0246 839
0.0247 838
0.0248 821
0.0249 808
0.025 788
0.0251 757
0.0252 728
0.0253 697
0.0254 688
0.0255 674
0.0256 674
0.0257 680
0.0258 667
0.0259 670
0.026 660
0.0261 654
0.0262 648
0.0263 634
0.0264 669
0.0265 676
0.0266 698
0.0267 698
0.0268 717
0.0269 713
0.027 740
0.0271 759
0.0272 772
0.0273 764
0.0274 740
0.0275 724
0.0276 735
0.0277 737
0.0278 748
0.0279 739
0.028 754
0.0281 770
0.0282 764
0.0283 785
0.0284 809
0.0285 801
0.0286 776
0.0287 770
0.0288 764
0.0289 755
0.029 731
0.0291 710
0.0292 692
0.0293 668
0.0294 651
0.0295 645
0.0296 651
0.0297 622
0.0298 590
0.0299 580
0.03 575
0.0301 551
0.0302 538
0.0303 505
0.0304 471
0.0305 445
0.0306 413
0.0307 395
0.0308 368
0.0309 379
0.031 373
0.0311 340
0.0312 340
0.0313 319
0.0314 287
0.0315 288
0.0316 276
0.0317 267
0.0318 252
0.0319 247
0.032 250
0.0321 260
0.0322 274
0.0323 277
0.0324 262
0.0325 246
0.0326 253
0.0327 219
0.0328 210
0.0329 220
0.033 225
0.0331 225
0.0332 228
0.0333 241
0.0334 248
0.0335 245
0.0336 237
0.0337 223
0.0338 212
0.0339 222
0.034 218
0.0341 207
0.0342 163
0.0343 139
0.0344 113
0.0345 87
0.0346 64
0.0347 50
0.0348 35
0.0349 24
0.035 18
0.0351 12
0.0352 6
0.0353 1
0.0354 11
0.0355 12
0.0356 21
0.0357 14
0.0358 16
0.0359 15
0.036 6
0.0361 8
0.0362 13
0.0363 7
0.0364 3
0.0365 2
0.0366 1
0.0367 0
0.0368 1
0.0369 0
0.037 0
0.0371 1
0.0372 2
0.0373 1
0.0374 0
0.0375 1
0.0376 0
0.0377 1
0.0378 1
0.0379 0
0.038 3
0.0381 0
0.0382 1
0.0383 1
0.0384 0
0.0385 1
0.0386 2
0.0387 1
0.0388 2
0.0389 0
0.039 0
0.0391 0
0.0392 2
0.0393 2
0.0394 0
0.0395 5
0.0396 0
0.0397 0
0.0398 1
0.0399 1
0.04 0
0.0401 2
0.0402 1
0.0403 0
0.0404 1
0.0405 3
0.0406 2
0.0407 0
0.0408 2
0.0409 1
0.041 1
0.0411 0
0.0412 1
0.0413 1
0.0414 1
0.0415 0
0.0416 2
0.0417 2
0.0418 3
0.0419 2
0.042 0
0.0421 2
0.0422 0
0.0423 0
0.0424 1
0.0425 0
0.0426 0
0.0427 1
0.0428 0
0.0429 0
0.043 1
0.0431 0
0.0432 2
0.0433 1
0.0434 2
0.0435 1
0.0436 1
0.0437 0
0.0438 0
0.0439 2
0.044 1
0.0441 0
0.0442 2
0.0443 0
0.0444 0
0.0445 1
0.0446 0
0.0447 1
0.0448 2
0.0449 0
0.045 0
0.0451 1
0.0452 2
0.0453 2
0.0454 1
0.0455 5
0.0456 7
0.0457 7
0.0458 7
0.0459 9
0.046 8
0.0461 7
0.0462 3
0.0463 5
0.0464 0
0.0465 3
0.0466 1
0.0467 2
0.0468 0
0.0469 0
0.047 1
0.0471 2
0.0472 5
0.0473 3
0.0474 5
0.0475 3
0.0476 3
0.0477 1
0.0478 2
0.0479 0
0.048 2
0.0481 1
0.0482 2
0.0483 1
0.0484 5
0.0485 3
0.0486 1
0.0487 0
0.0488 0
0.0489 1
0.049 1
0.0491 3
0.0492 3
0.0493 2
0.0494 0
0.0495 1
0.0496 0
0.0497 1
0.0498 1
0.0499 0
0.05 1
0.0501 0
0.0502 5
0.0503 0
0.0504 1
0.0505 1
0.0506 2
0.0507 3
0.0508 3
0.0509 2
0.051 1
0.0511 2
0.0512 1
0.0513 0
0.0514 1
0.0515 0
0.0516 0
0.0517 0
0.0518 1
0.0519 2
0.052 0
0.0521 1
0.0522 1
0.0523 1
0.0524 2
0.0525 1
0.0526 1
0.0527 3
0.0528 0
0.0529 0
0.053 5
0.0531 12
0.0532 10
0.0533 2
0.0534 1
0.0535 3
0.0536 1
0.0537 5
0.0538 4
0.0539 2
0.054 2
0.0541 3
0.0542 5
0.0543 3
0.0544 2
0.0545 10
0.0546 8
0.0547 1
0.0548 3
0.0549 2
0.055 2
0.0551 2
0.0552 3
0.0553 0
0.0554 0
0.0555 1
0.0556 2
0.0557 0
0.0558 0
0.0559 3
0.056 0
0.0561 1
0.0562 2
0.0563 1
0.0564 1
0.0565 2
0.0566 2
0.0567 3
0.0568 4
0.0569 10
0.057 13
0.0571 9
0.0572 9
0.0573 7
0.0574 4
0.0575 10
0.0576 3
0.0577 2
0.0578 5
0.0579 9
0.058 9
0.0581 7
0.0582 11
0.0583 14
0.0584 8
0.0585 5
0.0586 16
0.0587 8
0.0588 6
0.0589 6
0.059 3
0.0591 1
0.0592 7
0.0593 10
0.0594 3
0.0595 5
0.0596 6
0.0597 5
0.0598 3
0.0599 2
0.06 3
0.0601 5
0.0602 4
0.0603 6
0.0604 8
0.0605 14
0.0606 5
0.0607 4
0.0608 3
0.0609 4
0.061 1
0.0611 1
0.0612 2
0.0613 1
0.0614 2
0.0615 1
0.0616 0
0.0617 1
0.0618 2
0.0619 1
0.062 2
0.0621 2
0.0622 0
0.0623 0
0.0624 4
0.0625 3
0.0626 4
0.0627 1
0.0628 4
0.0629 0
0.063 2
0.0631 2
0.0632 2
0.0633 1
0.0634 3
0.0635 3
0.0636 1
0.0637 0
0.0638 3
0.0639 1
0.064 3
0.0641 0
0.0642 1
0.0643 1
0.0644 2
0.0645 1
0.0646 4
0.0647 1
0.0648 0
0.0649 2
0.065 2
0.0651 0
0.0652 3
0.0653 2
0.0654 2
0.0655 10
0.0656 5
0.0657 3
0.0658 4
0.0659 4
0.066 4
0.0661 0
0.0662 1
0.0663 5
0.0664 5
0.0665 1
0.0666 4
0.0667 3
0.0668 1
0.0669 2
0.067 1
0.0671 1
0.0672 2
0.0673 5
0.0674 4
0.0675 2
0.0676 6
0.0677 1
0.0678 4
0.0679 1
0.068 1
0.0681 4
0.0682 3
0.0683 0
0.0684 1
0.0685 1
0.0686 0
0.0687 1
0.0688 1
0.0689 2
0.069 1
0.0691 2
0.0692 0
0.0693 0
0.0694 2
0.0695 1
0.0696 7
0.0697 4
0.0698 11
0.0699 3
0.07 3
0.0701 4
0.0702 5
0.0703 2
0.0704 3
0.0705 2
0.0706 2
0.0707 9
0.0708 3
0.0709 6
0.071 5
0.0711 3
0.0712 3
0.0713 6
0.0714 4
0.0715 11
0.0716 11
0.0717 10
0.0718 13
0.0719 18
0.072 19
0.0721 12
0.0722 13
0.0723 13
0.0724 13
0.0725 11
0.0726 8
0.0727 5
0.0728 6
0.0729 6
0.073 11
0.0731 3
0.0732 6
0.0733 3
0.0734 15
0.0735 19
0.0736 30
0.0737 59
0.0738 88
0.0739 92
0.074 92
0.0741 81
0.0742 84
0.0743 97
0.0744 95
0.0745 113
0.0746 102
0.0747 107
0.0748 121
0.0749 122
0.075 133
0.0751 159
0.0752 159
0.0753 199
0.0754 233
0.0755 247
0.0756 265
0.0757 259
0.0758 257
0.0759 246
0.076 239
0.0761 241
0.0762 259
0.0763 284
0.0764 308
0.0765 332
0.0766 336
0.0767 347
0.0768 366
0.0769 397
0.077 432
0.0771 464
0.0772 498
0.0773 531
0.0774 566
0.0775 602
0.0776 612
0.0777 621
0.0778 623
0.0779 636
0.078 691
0.0781 732
0.0782 742
0.0783 766
0.0784 777
0.0785 776
0.0786 764
0.0787 758
0.0788 765
0.0789 785
0.079 796
0.0791 826
0.0792 853
0.0793 881
0.0794 898
0.0795 915
0.0796 933
0.0797 971
0.0798 985
0.0799 1004
0.08 1032
0.0801 1037
0.0802 1037
0.0803 1025
0.0804 1039
0.0805 1056
0.0806 1051
0.0807 1044
0.0808 1064
0.0809 1069
0.081 1070
0.0811 1060
0.0812 1056
0.0813 1065
0.0814 1063
0.0815 1071
0.0816 1073
0.0817 1068
0.0818 1062
0.0819 1068
0.082 1066
0.0821 1064
0.0822 1064
0.0823 1074
0.0824 1093
0.0825 1091
0.0826 1094
0.0827 1092
0.0828 1097
0.0829 1114
0.083 1111
0.0831 1121
0.0832 1122
0.0833 1126
0.0834 1119
0.0835 1088
0.0836 1073
0.0837 1083
0.0838 1101
0.0839 1118
0.084 1135
0.0841 1147
0.0842 1157
0.0843 1174
0.0844 1183
0.0845 1178
0.0846 1174
0.0847 1147
0.0848 1166
0.0849 1179
0.085 1179
0.0851 1173
0.0852 1185
0.0853 1182
0.0854 1183
0.0855 1181
0.0856 1186
0.0857 1189
0.0858 1172
0.0859 1159
0.086 1152
0.0861 1158
0.0862 1135
0.0863 1143
0.0864 1151
0.0865 1160
0.0866 1150
0.0867 1152
0.0868 1127
0.0869 1101
0.087 1086
0.0871 1081
0.0872 1073
0.0873 1096
0.0874 1100
0.0875 1094
0.0876 1065
0.0877 1049
0.0878 1020
0.0879 1004
0.088 989
0.0881 953
0.0882 931
0.0883 917
0.0884 890
0.0885 871
0.0886 856
0.0887 844
0.0888 822
0.0889 824
0.089 818
0.0891 803
0.0892 807
0.0893 790
0.0894 823
0.0895 823
0.0896 810
0.0897 802
0.0898 779
0.0899 752
0.09 738
0.0901 724
0.0902 700
0.0903 686
0.0904 677
0.0905 668
0.0906 652
0.0907 625
0.0908 599
0.0909 578
0.091 551
0.0911 523
0.0912 516
0.0913 507
0.0914 480
0.0915 476
0.0916 457
0.0917 442
0.0918 410
0.0919 405
0.092 394
0.0921 399
0.0922 395
0.0923 368
0.0924 345
0.0925 316
0.0926 299
0.0927 282
0.0928 266
0.0929 265
0.093 253
0.0931 256
0.0932 256
0.0933 261
0.0934 267
0.0935 276
0.0936 286
0.0937 290
0.0938 289
0.0939 296
0.094 305
0.0941 326
0.0942 327
0.0943 336
0.0944 325
0.0945 314
0.0946 292
0.0947 267
0.0948 258
0.0949 240
0.095 219
0.0951 187
0.0952 165
0.0953 157
0.0954 160
0.0955 155
0.0956 148
0.0957 151
0.0958 145
0.0959 143
0.096 138
0.0961 149
0.0962 147
0.0963 171
0.0964 181
0.0965 211
0.0966 210
0.0967 211
0.0968 201
0.0969 198
0.097 189
0.0971 186
0.0972 192
0.0973 198
0.0974 206
0.0975 209
0.0976 201
0.0977 195
0.0978 170
0.0979 170
0.098 178
0.0981 188
0.0982 205
0.0983 200
0.0984 182
0.0985 188
0.0986 201
0.0987 197
0.0988 189
0.0989 167
0.099 148
0.0991 125
0.0992 128
0.0993 94
0.0994 68
0.0995 40
0.0996 32
0.0997 20
0.0998 15
0.0999 9
0.1 4
0.1001 0
0.1002 0
0.1003 1
0.1004 2
0.1005 0
0.1006 9
0.1007 8
0.1008 1
0.1009 4
0.101 5
0.1011 11
0.1012 13
0.1013 23
0.1014 21
0.1015 11
0.1016 8
0.1017 13
0.1018 15
0.1019 13
0.102 11
0.1021 8
0.1022 10
0.1023 13
0.1024 16
0.1025 9
0.1026 18
0.1027 20
0.1028 12
0.1029 11
0.103 4
0.1031 10
0.1032 5
0.1033 6
0.1034 4
0.1035 2
0.1036 1
0.1037 0
0.1038 2
0.1039 3
0.104 3
0.1041 5
0.1042 8
0.1043 5
0.1044 3
0.1045 1
0.1046 2
0.1047 3
0.1048 5
0.1049 2
0.105 0
0.1051 0
0.1052 1
0.1053 2
0.1054 1
0.1055 0
0.1056 1
0.1057 0
0.1058 1
0.1059 0
0.106 2
0.1061 4
0.1062 2
0.1063 1
0.1064 0
0.1065 2
0.1066 0
0.1067 0
0.1068 0
0.1069 1
0.107 1
0.1071 0
0.1072 1
0.1073 2
0.1074 3
0.1075 1
0.1076 8
0.1077 5
0.1078 4
0.1079 5
0.108 0
0.1081 0
0.1082 2
0.1083 1
0.1084 1
0.1085 2
0.1086 3
0.1087 0
0.1088 0
0.1089 0
0.109 6
0.1091 2
0.1092 5
0.1093 2
0.1094 1
0.1095 0
0.1096 2
0.1097 7
0.1098 5
0.1099 8
0.11 3
0.1101 3
0.1102 5
0.1103 2
0.1104 3
0.1105 1
0.1106 1
0.1107 1
0.1108 1
0.1109 0
0.111 1
0.1111 2
0.1112 1
0.1113 4
0.1114 0
0.1115 3
0.1116 2
0.1117 1
0.1118 2
0.1119 0
0.112 4
0.1121 3
0.1122 2
0.1123 3
0.1124 4
0.1125 1
0.1126 4
0.1127 0
0.1128 0
0.1129 2
0.113 0
0.1131 0
0.1132 1
0.1133 0
0.1134 1
0.1135 1
0.1136 0
0.1137 0
0.1138 0
0.1139 0
0.114 0
0.1141 1
0.1142 1
0.1143 1
0.1144 5
0.1145 1
0.1146 1
0.1147 0
0.1148 0
0.1149 1
0.115 1
0.1151 0
0.1152 1
0.1153 1
0.1154 0
0.1155 0
0.1156 1
0.1157 1
0.1158 4
0.1159 0
0.116 1
0.1161 7
0.1162 8
0.1163 5
0.1164 5
0.1165 1
0.1166 1
0.1167 1
0.1168 5
0.1169 4
0.117 3
0.1171 3
0.1172 3
0.1173 1
0.1174 1
0.1175 1
0.1176 2
0.1177 2
0.1178 3
0.1179 0
0.118 4
0.1181 2
0.1182 2
0.1183 1
0.1184 1
0.1185 0
0.1186 1
0.1187 1
0.1188 2
0.1189 3
0.119 5
0.1191 3
0.1192 5
0.1193 2
0.1194 1
0.1195 0
0.1196 4
0.1197 0
0.1198 4
0.1199 4
0.12 7
0.1201 6
0.1202 8
0.1203 5
0.1204 5
0.1205 7
0.1206 2
0.1207 3
0.1208 2
0.1209 3
0.121 3
0.1211 5
0.1212 1
0.1213 6
0.1214 2
0.1215 1
0.1216 4
0.1217 1
0.1218 1
0.1219 4
0.122 3
0.1221 2
0.1222 2
0.1223 1
0.1224 1
0.1225 0
0.1226 1
0.1227 0
0.1228 1
0.1229 3
0.123 4
0.1231 0
0.1232 1
0.1233 1
0.1234 3
0.1235 0
0.1236 5
0.1237 1
0.1238 2
0.1239 3
0.124 3
0.1241 3
0.1242 2
0.1243 4
0.1244 7
0.1245 6
0.1246 3
0.1247 5
0.1248 3
0.1249 6
0.125 1
0.1251 4
0.1252 2
0.1253 5
0.1254 3
0.1255 6
0.1256 2
0.1257 3
0.1258 3
0.1259 2
0.126 1
0.1261 1
0.1262 1
0.1263 0
0.1264 2
0.1265 2
0.1266 1
0.1267 3
0.1268 4
0.1269 2
0.127 5
0.1271 2
0.1272 2
0.1273 4
0.1274 1
0.1275 0
0.1276 1
0.1277 5
0.1278 5
0.1279 12
0.128 24
0.1281 35
0.1282 26
0.1283 34
0.1284 39
0.1285 42
0.1286 65
0.1287 75
0.1288 90
0.1289 79
0.129 86
0.1291 96
0.1292 109
0.1293 120
0.1294 143
0.1295 155
0.1296 169
0.1297 193
0.1298 224
0.1299 252
0.13 268
0.1301 311
0.1302 312
0.1303 328
0.1304 335
0.1305 367
0.1306 391
0.1307 396
0.1308 435
0.1309 454
0.131 482
0.1311 498
0.1312 498
0.1313 512
0.1314 545
0.1315 563
0.1316 573
0.1317 564
0.1318 570
0.1319 589
0.132 605
0.1321 632
0.1322 655
0.1323 672
0.1324 684
0.1325 689
0.1326 690
0.1327 682
0.1328 665
0.1329 661
0.133 664
0.1331 658
0.1332 654
0.1333 646
0.1334 642
0.1335 628
0.1336 625
0.1337 651
0.1338 651
0.1339 662
0.134 652
0.1341 662
0.1342 666
0.1343 661
0.1344 680
0.1345 709
0.1346 725
0.1347 756
0.1348 776
0.1349 780
0.135 796
0.1351 798
0.1352 817
0.1353 842
0.1354 862
0.1355 877
0.1356 889
0.1357 894
0.1358 914
0.1359 934
0.136 940
0.1361 949
0.1362 970
0.1363 973
0.1364 979
0.1365 978
0.1366 982
0.1367 995
0.1368 993
0.1369 990
0.137 972
0.1371 950
0.1372 949
0.1373 936
0.1374 915
0.1375 904
0.1376 913
0.1377 900
0.1378 889
0.1379 897
0.138 893
0.1381 873
0.1382 839
0.1383 813
0.1384 788
0.1385 788
0.1386 778
0.1387 770
0.1388 762
0.1389 762
0.139 768
0.1391 783
0.1392 753
0.1393 758
0.1394 756
0.1395 727
0.1396 707
0.1397 689
0.1398 706
0.1399 697
0.14 685
0.1401 684
0.1402 646
0.1403 635
0.1404 624
0.1405 615
0.1406 582
0.1407 565
0.1408 552
0.1409 534
0.141 529
0.1411 541
0.1412 521
0.1413 527
0.1414 514
0.1415 502
0.1416 486
0.1417 466
0.1418 469
0.1419 492
0.142 487
0.1421 470
0.1422 482
0.1423 483
0.1424 473
0.1425 467
0.1426 452
0.1427 423
0.1428 412
0.1429 393
0.143 383
0.1431 364
0.1432 383
0.1433 384
0.1434 397
0.1435 385
0.1436 380
0.1437 352
0.1438 349
0.1439 348
0.144 364
0.1441 361
0.1442 387
0.1443 386
0.1444 375
0.1445 375
0.1446 367
0.1447 363
0.1448 373
0.1449 378
0.145 386
0.1451 369
0.1452 362
0.1453 384
0.1454 353
0.1455 342
0.1456 339
0.1457 332
0.1458 307
0.1459 320
0.146 322
0.1461 334
0.1462 345
0.1463 366
0.1464 368
0.1465 347
0.1466 359
0.1467 361
0.1468 368
0.1469 367
0.147 378
0.1471 398
0.1472 396
0.1473 409
0.1474 421
0.1475 413
0.1476 412
0.1477 397
0.1478 375
0.1479 378
0.148 371
0.1481 368
0.1482 372
0.1483 381
0.1484 401
0.1485 401
0.1486 386
0.1487 394
0.1488 412
0.1489 438
0.149 439
0.1491 426
0.1492 424
0.1493 433
0.1494 410
0.1495 417
0.1496 430
0.1497 427
0.1498 421
0.1499 419
0.15 413
0.1501 406
0.1502 408
0.1503 409
0.1504 422
0.1505 437
0.1506 431
0.1507 441
0.1508 440
0.1509 457
0.151 477
0.1511 486
0.1512 468
0.1513 472
0.1514 447
0.1515 435
0.1516 426
0.1517 414
0.1518 417
0.1519 421
0.152 429
0.1521 453
0.1522 467
0.1523 480
0.1524 471
0.1525 468
0.1526 427
0.1527 417
0.1528 389
0.1529 382
0.153 348
0.1531 332
0.1532 331
0.1533 336
0.1534 342
0.1535 349
0.1536 342
0.1537 301
0.1538 257
0.1539 215
0.154 186
0.1541 185
0.1542 167
0.1543 158
0.1544 156
0.1545 134
0.1546 103
0.1547 83
0.1548 62
0.1549 44
0.155 30
0.1551 62
0.1552 77
0.1553 69
0.1554 56
0.1555 44
0.1556 41
0.1557 42
0.1558 43
0.1559 23
0.156 23
0.1561 26
0.1562 29
0.1563 32
0.1564 28
0.1565 28
0.1566 32
0.1567 34
0.1568 45
0.1569 45
0.157 40
0.1571 60
0.1572 68
0.1573 67
0.1574 60
0.1575 67
0.1576 62
0.1577 47
0.1578 34
0.1579 28
0.158 21
0.1581 18
0.1582 27
0.1583 39
0.1584 38
0.1585 47
0.1586 34
0.1587 54
0.1588 37
0.1589 36
0.159 45
0.1591 53
0.1592 58
0.1593 68
0.1594 69
0.1595 90
0.1596 77
0.1597 84
0.1598 98
0.1599 86
0.16 82
0.1601 61
0.1602 39
0.1603 28
0.1604 18
0.1605 14
0.1606 4
0.1607 3
0.1608 3
0.1609 2
0.161 3
0.1611 4
0.1612 2
0.1613 3
0.1614 1
0.1615 1
0.1616 4
0.1617 0
0.1618 1
0.1619 1
0.162 1
0.1621 0
0.1622 3
0.1623 1
0.1624 1
0.1625 0
0.1626 2
0.1627 2
0.1628 6
0.1629 8
0.163 4
0.1631 8
0.1632 3
0.1633 2
0.1634 1
0.1635 2
0.1636 3
0.1637 0
0.1638 3
0.1639 2
0.164 1
0.1641 0
0.1642 0
0.1643 0
0.1644 0
0.1645 3
0.1646 4
0.1647 1
0.1648 2
0.1649 4
0.165 0
0.1651 0
0.1652 2
0.1653 3
0.1654 4
0.1655 5
0.1656 4
0.1657 7
0.1658 3
0.1659 6
0.166 4
0.1661 5
0.1662 4
0.1663 5
0.1664 4
0.1665 3
0.1666 10
0.1667 9
0.1668 8
0.1669 14
0.167 8
0.1671 7
0.1672 6
0.1673 9
0.1674 10
0.1675 12
0.1676 5
0.1677 4
0.1678 3
0.1679 2
0.168 4
0.1681 0
0.1682 5
0.1683 3
0.1684 1
0.1685 0
0.1686 0
0.1687 0
0.1688 2
0.1689 1
0.169 0
0.1691 3
0.1692 6
0.1693 0
0.1694 1
0.1695 2
0.1696 1
0.1697 2
0.1698 2
0.1699 1
0.17 0
0.1701 0
0.1702 1
0.1703 0
0.1704 3
0.1705 2
0.1706 3
0.1707 0
0.1708 1
0.1709 1
0.171 2
0.1711 2
0.1712 0
0.1713 2
0.1714 2
0.1715 2
0.1716 0
0.1717 5
0.1718 1
0.1719 3
0.172 1
0.1721 1
0.1722 5
0.1723 2
0.1724 2
0.1725 1
0.1726 1
0.1727 0
0.1728 1
0.1729 3
0.173 1
0.1731 0
0.1732 0
0.1733 0
0.1734 2
0.1735 1
0.1736 1
0.1737 0
0.1738 0
0.1739 0
0.174 4
0.1741 3
0.1742 10
0.1743 3
0.1744 3
0.1745 3
0.1746 5
0.1747 4
0.1748 8
0.1749 6
0.175 13
0.1751 13
0.1752 12
0.1753 13
0.1754 7
0.1755 5
0.1756 6
0.1757 5
0.1758 6
0.1759 5
0.176 1
0.1761 1
0.1762 1
0.1763 4
0.1764 2
0.1765 1
0.1766 0
0.1767 0
0.1768 1
0.1769 1
0.177 0
0.1771 0
0.1772 1
0.1773 2
0.1774 2
0.1775 1
0.1776 3
0.1777 0
0.1778 0
0.1779 1
0.178 2
0.1781 3
0.1782 3
0.1783 2
0.1784 2
0.1785 11
0.1786 12
0.1787 27
0.1788 24
0.1789 18
0.179 23
0.1791 28
0.1792 34
0.1793 22
0.1794 16
0.1795 18
0.1796 13
0.1797 10
0.1798 9
0.1799 5
0.18 5
0.1801 1
0.1802 4
0.1803 6
0.1804 1
0.1805 0
0.1806 9
0.1807 15
0.1808 19
0.1809 15
0.181 15
0.1811 7
0.1812 8
0.1813 9
0.1814 6
0.1815 6
0.1816 4
0.1817 4
0.1818 4
0.1819 3
0.182 2
0.1821 0
0.1822 8
0.1823 0
0.1824 0
0.1825 2
0.1826 1
0.1827 3
0.1828 1
0.1829 0
0.183 3
0.1831 0
0.1832 2
0.1833 2
0.1834 4
0.1835 4
0.1836 0
0.1837 3
0.1838 1
0.1839 3
0.184 2
0.1841 2
0.1842 2
0.1843 2
0.1844 0
0.1845 9
0.1846 5
0.1847 3
0.1848 5
0.1849 2
0.185 3
0.1851 3
0.1852 1
0.1853 2
0.1854 1
0.1855 4
0.1856 3
0.1857 0
0.1858 0
0.1859 0
0.186 1
0.1861 4
0.1862 6
0.1863 8
0.1864 8
0.1865 16
0.1866 16
0.1867 10
0.1868 8
0.1869 12
0.187 5
0.1871 9
0.1872 5
0.1873 5
0.1874 4
0.1875 2
0.1876 6
0.1877 6
0.1878 6
0.1879 4
0.188 3
0.1881 2
0.1882 1
0.1883 4
0.1884 6
0.1885 3
0.1886 1
0.1887 3
0.1888 4
0.1889 2
0.189 4
0.1891 4
0.1892 4
0.1893 0
0.1894 1
0.1895 4
0.1896 4
0.1897 5
0.1898 4
0.1899 4
0.19 2
0.1901 2
0.1902 2
0.1903 3
0.1904 0
0.1905 1
0.1906 2
0.1907 1
0.1908 3
0.1909 1
0.191 4
0.1911 2
0.1912 6
0.1913 9
0.1914 10
0.1915 12
0.1916 16
0.1917 17
0.1918 21
0.1919 32
0.192 30
0.1921 30
0.1922 52
0.1923 65
0.1924 70
0.1925 74
0.1926 73
0.1927 88
0.1928 108
0.1929 128
0.193 143
0.1931 149
0.1932 154
0.1933 163
0.1934 169
0.1935 169
0.1936 176
0.1937 194
0.1938 205
0.1939 230
0.194 240
0.1941 249
0.1942 260
0.1943 280
0.1944 308
0.1945 331
0.1946 351
0.1947 374
0.1948 394
0.1949 416
0.195 434
0.1951 442
0.1952 450
0.1953 469
0.1954 500
0.1955 538
0.1956 554
0.1957 572
0.1958 572
0.1959 583
0.196 600
0.1961 596
0.1962 612
0.1963 637
0.1964 656
0.1965 660
0.1966 658
0.1967 663
0.1968 705
0.1969 743
0.197 757
0.1971 764
0.1972 771
0.1973 766
0.1974 757
0.1975 752
0.1976 734
0.1977 717
0.1978 701
0.1979 685
0.198 670
0.1981 649
0.1982 628
0.1983 641
0.1984 647
0.1985 645
0.1986 643
0.1987 639
0.1988 611
0.1989 609
0.199 598
0.1991 584
0.1992 572
0.1993 569
0.1994 566
0.1995 561
0.1996 559
0.1997 562
0.1998 574
0.1999 598
0.2 596
0.2001 597
0.2002 623
0.2003 639
0.2004 634
0.2005 644
0.2006 649
0.2007 641
0.2008 661
0.2009 667
0.201 669
0.2011 673
0.2012 691
0.2013 682
0.2014 678
0.2015 709
0.2016 733
0.2017 732
0.2018 739
0.2019 728
0.202 738
0.2021 742
0.2022 758
0.2023 784
0.2024 789
0.2025 779
0.2026 757
0.2027 773
0.2028 798
0.2029 781
0.203 788
0.2031 806
0.2032 823
0.2033 825
0.2034 817
0.2035 816
0.2036 811
0.2037 836
0.2038 849
0.2039 859
0.204 870
0.2041 859
0.2042 855
0.2043 871
0.2044 898
0.2045 901
0.2046 918
0.2047 908
0.2048 900
0.2049 887
0.205 892
0.2051 889
0.2052 880
0.2053 900
0.2054 917
0.2055 891
0.2056 882
0.2057 850
0.2058 831
0.2059 814
0.206 806
0.2061 797
0.2062 773
0.2063 767
0.2064 753
0.2065 771
0.2066 788
0.2067 788
0.2068 792
0.2069 777
0.207 766
0.2071 764
0.2072 744
0.2073 715
0.2074 700
0.2075 716
0.2076 716
0.2077 708
0.2078 698
0.2079 687
0.208 664
0.2081 651
0.2082 634
0.2083 632
0.2084 623
0.2085 636
0.2086 634
0.2087 615
0.2088 585
0.2089 579
0.209 542
0.2091 506
0.2092 500
0.2093 459
0.2094 449
0.2095 473
0.2096 478
0.2097 493
0.2098 507
0.2099 512
0.21 504
0.2101 512
0.2102 538
0.2103 536
0.2104 524
0.2105 517
0.2106 501
0.2107 506
0.2108 499
0.2109 494
0.211 493
0.2111 478
0.2112 484
0.2113 498
0.2114 490
0.2115 479
0.2116 474
0.2117 486
0.2118 480
0.2119 478
0.212 474
0.2121 474
0.2122 468
0.2123 458
0.2124 448
0.2125 454
0.2126 445
0.2127 430
0.2128 425
0.2129 434
0.213 423
0.2131 417
0.2132 427
0.2133 406
0.2134 398
0.2135 378
0.2136 359
0.2137 337
0.2138 332
0.2139 308
0.214 288
0.2141 260
0.2142 267
0.2143 288
0.2144 309
0.2145 300
0.2146 301
0.2147 301
0.2148 309
0.2149 313
0.215 323
0.2151 335
0.2152 325
0.2153 311
0.2154 305
0.2155 279
0.2156 244
0.2157 238
0.2158 238
0.2159 211
0.216 202
0.2161 195
0.2162 185
0.2163 172
0.2164 154
0.2165 144
0.2166 129
0.2167 106
0.2168 89
0.2169 75
0.217 61
0.2171 30
0.2172 19
0.2173 10
0.2174 24
0.2175 32
0.2176 38
0.2177 40
0.2178 40
0.2179 39
0.218 22
0.2181 18
0.2182 13
0.2183 10
0.2184 8
0.2185 1
0.2186 3
0.2187 4
0.2188 1
0.2189 4
0.219 3
0.2191 3
0.2192 2
0.2193 3
0.2194 1
0.2195 0
0.2196 2
0.2197 1
0.2198 0
0.2199 6
0.22 1
0.2201 1
0.2202 2
0.2203 1
0.2204 1
0.2205 3
0.2206 2
0.2207 0
0.2208 0
0.2209 0
0.221 2
0.2211 1
0.2212 2
0.2213 0
0.2214 4
0.2215 1
0.2216 0
0.2217 1
0.2218 2
0.2219 2
0.222 2
0.2221 1
0.2222 1
0.2223 2
0.2224 0
0.2225 2
0.2226 2
0.2227 1
0.2228 4
0.2229 2
0.223 0
0.2231 0
0.2232 0
0.2233 0
0.2234 0
0.2235 1
0.2236 0
0.2237 0
0.2238 1
0.2239 2
0.224 2
0.2241 1
0.2242 1
0.2243 0
0.2244 0
0.2245 2
0.2246 0
0.2247 3
0.2248 0
0.2249 0
0.225 0
0.2251 0
0.2252 1
0.2253 0
0.2254 1
0.2255 0
0.2256 0
0.2257 2
0.2258 2
0.2259 0
0.226 2
0.2261 0
0.2262 1
0.2263 0
0.2264 0
0.2265 2
0.2266 2
0.2267 0
0.2268 3
0.2269 1
0.227 2
0.2271 0
0.2272 0
0.2273 0
0.2274 0
0.2275 1
0.2276 1
0.2277 3
0.2278 3
0.2279 1
0.228 1
0.2281 1
0.2282 1
0.2283 1
0.2284 1
0.2285 1
0.2286 1
0.2287 1
0.2288 2
0.2289 0
0.229 0
0.2291 1
0.2292 4
0.2293 2
0.2294 0
0.2295 1
0.2296 0
0.2297 0
0.2298 3
0.2299 3
0.23 1
0.2301 1
0.2302 2
0.2303 0
0.2304 0
0.2305 1
0.2306 1
0.2307 0
0.2308 1
0.2309 1
0.231 1
0.2311 0
0.2312 2
0.2313 3
0.2314 7
0.2315 10
0.2316 11
0.2317 13
0.2318 7
0.2319 10
0.232 9
0.2321 7
0.2322 2
0.2323 4
0.2324 2
0.2325 4
0.2326 5
0.2327 5
0.2328 2
0.2329 4
0.233 2
0.2331 1
0.2332 0
0.2333 1
0.2334 0
0.2335 1
0.2336 1
0.2337 0
0.2338 0
0.2339 0
0.234 1
0.2341 0
0.2342 0
0.2343 0
0.2344 3
0.2345 0
0.2346 0
0.2347 1
0.2348 0
0.2349 0
0.235 2
0.2351 0
0.2352 0
0.2353 0
0.2354 0
0.2355 2
0.2356 1
0.2357 4
0.2358 0
0.2359 0
0.236 3
0.2361 2
0.2362 2
0.2363 2
0.2364 0
0.2365 2
0.2366 9
0.2367 15
0.2368 18
0.2369 11
0.237 13
0.2371 6
0.2372 6
0.2373 6
0.2374 5
0.2375 15
0.2376 22
0.2377 25
0.2378 19
0.2379 26
0.238 25
0.2381 22
0.2382 27
0.2383 39
0.2384 41
0.2385 46
0.2386 46
0.2387 47
0.2388 42
0.2389 50
0.239 61
0.2391 72
0.2392 83
0.2393 114
0.2394 139
0.2395 152
0.2396 165
0.2397 165
0.2398 170
0.2399 182
0.24 204
0.2401 208
0.2402 203
0.2403 194
0.2404 186
0.2405 188
0.2406 196
0.2407 219
0.2408 221
0.2409 217
0.241 216
0.2411 237
0.2412 264
0.2413 257
0.2414 263
0.2415 271
0.2416 287
0.2417 288
0.2418 266
0.2419 250
0.242 237
0.2421 224
0.2422 206
0.2423 190
0.2424 194
0.2425 204
0.2426 219
0.2427 251
0.2428 261
0.2429 268
0.243 287
0.2431 305
0.2432 333
0.2433 348
0.2434 348
0.2435 354
0.2436 367
0.2437 370
0.2438 382
0.2439 396
0.244 404
0.2441 418
0.2442 406
0.2443 395
0.2444 401
0.2445 390
0.2446 421
0.2447 461
0.2448 487
0.2449 506
0.245 516
0.2451 531
0.2452 533
0.2453 561
0.2454 569
0.2455 586
0.2456 602
0.2457 614
0.2458 632
0.2459 648
0.246 674
0.2461 673
0.2462 688
0.2463 703
0.2464 734
0.2465 731
0.2466 751
0.2467 738
0.2468 731
0.2469 730
0.247 718
0.2471 702
0.2472 672
0.2473 629
0.2474 620
0.2475 613
0.2476 617
0.2477 619
0.2478 625
0.2479 632
0.248 595
0.2481 573
0.2482 577
0.2483 564
0.2484 549
0.2485 557
0.2486 551
0.2487 563
0.2488 581
0.2489 588
0.249 587
0.2491 584
0.2492 557
0.2493 555
0.2494 562
0.2495 564
0.2496 573
0.2497 575
0.2498 565
0.2499 540
0.25 529
