0 0
0.0001 0
0.0002 0
0.0003 0
0.0004 0
0.0005 0
0.0006 0
0.0007 0
0.0008 0
0.0009 0
0.001 0
0.0011 0
0.0012 0
0.0013 0
0.0014 0
0.0015 0
0.0016 0
0.0017 0
0.0018 0
0.0019 0
0.002 0
0.0021 0
0.0022 0
0.0023 0
0.0024 0
0.0025 0
0.0026 0
0.0027 0
0.0028 0
0.0029 0
0.003 0
0.0031 0
0.0032 1
0.0033 1
0.0034 0
0.0035 1
0.0036 0
0.0037 0
0.0038 0
0.0039 1
0.004 2
0.0041 1
0.0042 0
0.0043 1
0.0044 0
0.0045 1
0.0046 0
0.0047 0
0.0048 0
0.0049 1
0.005 0
0.0051 0
0.0052 0
0.0053 0
0.0054 1
0.0055 2
0.0056 0
0.0057 0
0.0058 0
0.0059 2
0.006 1
0.0061 1
0.0062 0
0.0063 0
0.0064 1
0.0065 0
0.0066 0
0.0067 1
0.0068 1
0.0069 1
0.007 0
0.0071 1
0.0072 0
0.0073 1
0.0074 0
0.0075 1
0.0076 0
0.0077 0
0.0078 0
0.0079 1
0.008 1
0.0081 2
0.0082 0
0.0083 0
0.0084 0
0.0085 1
0.0086 0
0.0087 0
0.0088 1
0.0089 0
0.009 1
0.0091 0
0.0092 0
0.0093 0
0.0094 3
0.0095 0
0.0096 1
0.0097 0
0.0098 1
0.0099 0
0.01 0
0.0101 2
0.0102 0
0.0103 1
0.0104 1
0.0105 0
0.0106 0
0.0107 0
0.0108 3
0.0109 0
0.011 3
0.0111 1
0.0112 2
0.0113 0
0.0114 0
0.0115 2
0.0116 1
0.0117 1
0.0118 1
0.0119 4
0.012 1
0.0121 1
0.0122 0
0.0123 1
0.0124 1
0.0125 0
0.0126 0
0.0127 1
0.0128 0
0.0129 0
0.013 0
0.0131 0
0.0132 0
0.0133 2
0.0134 4
0.0135 2
0.0136 1
0.0137 3
0.0138 0
0.0139 0
0.014 1
0.0141 0
0.0142 3
0.0143 2
0.0144 2
0.0145 2
0.0146 2
0.0147 1
0.0148 2
0.0149 1
0.015 1
0.0151 2
0.0152 0
0.0153 1
0.0154 2
0.0155 1
0.0156 1
0.0157 1
0.0158 3
0.0159 1
0.016 0
0.0161 1
0.0162 2
0.0163 0
0.0164 1
0.0165 3
0.0166 1
0.0167 0
0.0168 2
0.0169 2
0.017 0
0.0171 0
0.0172 1
0.0173 2
0.0174 1
0.0175 3
0.0176 3
0.0177 0
0.0178 5
0.0179 2
0.018 2
0.0181 3
0.0182 0
0.0183 4
0.0184 2
0.0185 1
0.0186 3
0.0187 3
0.0188 1
0.0189 1
0.019 1
0.0191 4
0.0192 2
0.0193 5
0.0194 1
0.0195 3
0.0196 1
0.0197 2
0.0198 3
0.0199 4
0.02 0
0.0201 0
0.0202 4
0.0203 3
0.0204 1
0.0205 2
0.0206 4
0.0207 2
0.0208 2
0.0209 4
0.021 3
0.0211 3
0.0212 0
0.0213 1
0.0214 2
0.0215 2
0.0216 9
0.0217 0
0.0218 5
0.0219 6
0.022 5
0.0221 4
0.0222 1
0.0223 3
0.0224 5
0.0225 3
0.0226 6
0.0227 4
0.0228 5
0.0229 6
0.023 6
0.0231 3
0.0232 3
0.0233 3
0.0234 4
0.0235 3
0.0236 4
0.0237 2
0.0238 2
0.0239 2
0.024 3
0.0241 6
0.0242 4
0.0243 9
0.0244 4
0.0245 3
0.0246 5
0.0247 6
0.0248 4
0.0249 3
0.025 5
0.0251 3
0.0252 5
0.0253 8
0.0254 5
0.0255 3
0.0256 6
0.0257 5
0.0258 6
0.0259 6
0.026 7
0.0261 2
0.0262 8
0.0263 6
0.0264 7
0.0265 4
0.0266 4
0.0267 8
0.0268 6
0.0269 7
0.027 4
0.0271 8
0.0272 10
0.0273 3
0.0274 9
0.0275 11
0.0276 15
0.0277 12
0.0278 10
0.0279 7
0.028 3
0.0281 6
0.0282 11
0.0283 7
0.0284 10
0.0285 18
0.0286 15
0.0287 6
0.0288 6
0.0289 11
0.029 16
0.0291 15
0.0292 15
0.0293 16
0.0294 21
0.0295 17
0.0296 27
0.0297 25
0.0298 40
0.0299 29
0.03 28
0.0301 34
0.0302 35
0.0303 31
0.0304 44
0.0305 46
0.0306 53
0.0307 77
0.0308 85
0.0309 134
0.031 155
0.0311 198
0.0312 229
0.0313 268
0.0314 310
0.0315 360
0.0316 402
0.0317 460
0.0318 500
0.0319 545
0.032 592
0.0321 635
0.0322 666
0.0323 702
0.0324 743
0.0325 782
0.0326 807
0.0327 839
0.0328 870
0.0329 899
0.033 913
0.0331 930
0.0332 955
0.0333 984
0.0334 1007
0.0335 1013
0.0336 1037
0.0337 1064
0.0338 1083
0.0339 1095
0.034 1125
0.0341 1146
0.0342 1165
0.0343 1161
0.0344 1157
0.0345 1171
0.0346 1197
0.0347 1209
0.0348 1214
0.0349 1229
0.035 1244
0.0351 1262
0.0352 1263
0.0353 1285
0.0354 1311
0.0355 1317
0.0356 1332
0.0357 1340
0.0358 1355
0.0359 1371
0.036 1383
0.0361 1399
0.0362 1405
0.0363 1405
0.0364 1419
0.0365 1421
0.0366 1439
0.0367 1443
0.0368 1446
0.0369 1449
0.037 1448
0.0371 1449
0.0372 1466
0.0373 1461
0.0374 1464
0.0375 1469
0.0376 1469
0.0377 1476
0.0378 1480
0.0379 1484
0.038 1488
0.0381 1502
0.0382 1495
0.0383 1497
0.0384 1500
0.0385 1487
0.0386 1481
0.0387 1484
0.0388 1481
0.0389 1476
0.039 1483
0.0391 1480
0.0392 1477
0.0393 1484
0.0394 1489
0.0395 1495
0.0396 1493
0.0397 1498
0.0398 1497
0.0399 1493
0.04 1490
0.0401 1488
0.0402 1485
0.0403 1486
0.0404 1484
0.0405 1485
0.0406 1477
0.0407 1479
0.0408 1481
0.0409 1481
0.041 1485
0.0411 1488
0.0412 1481
0.0413 1485
0.0414 1484
0.0415 1472
0.0416 1458
0.0417 1448
0.0418 1439
0.0419 1436
0.042 1434
0.0421 1430
0.0422 1425
0.0423 1424
0.0424 1425
0.0425 1423
0.0426 1425
0.0427 1419
0.0428 1407
0.0429 1396
0.043 1390
0.0431 1383
0.0432 1376
0.0433 1356
0.0434 1345
0.0435 1340
0.0436 1339
0.0437 1339
0.0438 1331
0.0439 1318
0.044 1315
0.0441 1311
0.0442 1307
0.0443 1307
0.0444 1299
0.0445 1294
0.0446 1284
0.0447 1276
0.0448 1271
0.0449 1261
0.045 1257
0.0451 1258
0.0452 1253
0.0453 1254
0.0454 1255
0.0455 1248
0.0456 1242
0.0457 1243
0.0458 1237
0.0459 1238
0.046 1236
0.0461 1226
0.0462 1219
0.0463 1212
0.0464 1203
0.0465 1191
0.0466 1183
0.0467 1189
0.0468 1183
0.0469 1184
0.047 1181
0.0471 1172
0.0472 1164
0.0473 1154
0.0474 1145
0.0475 1142
0.0476 1139
0.0477 1135
0.0478 1127
0.0479 1125
0.048 1120
0.0481 1110
0.0482 1112
0.0483 1113
0.0484 1117
0.0485 1116
0.0486 1116
0.0487 1108
0.0488 1100
0.0489 1090
0.049 1089
0.0491 1097
0.0492 1100
0.0493 1093
0.0494 1088
0.0495 1082
0.0496 1066
0.0497 1066
0.0498 1058
0.0499 1058
0.05 1049
0.0501 1047
0.0502 1049
0.0503 1053
0.0504 1046
0.0505 1037
0.0506 1034
0.0507 1029
0.0508 1014
0.0509 1007
0.051 1005
0.0511 995
0.0512 989
0.0513 985
0.0514 977
0.0515 973
0.0516 956
0.0517 944
0.0518 935
0.0519 932
0.052 922
0.0521 911
0.0522 914
0.0523 902
0.0524 896
0.0525 902
0.0526 904
0.0527 902
0.0528 901
0.0529 893
0.053 880
0.0531 861
0.0532 853
0.0533 844
0.0534 838
0.0535 833
0.0536 838
0.0537 832
0.0538 833
0.0539 842
0.054 842
0.0541 841
0.0542 835
0.0543 828
0.0544 824
0.0545 820
0.0546 817
0.0547 809
0.0548 815
0.0549 806
0.055 802
0.0551 803
0.0552 793
0.0553 787
0.0554 783
0.0555 786
0.0556 787
0.0557 776
0.0558 773
0.0559 773
0.056 762
0.0561 762
0.0562 751
0.0563 744
0.0564 737
0.0565 735
0.0566 738
0.0567 748
0.0568 750
0.0569 741
0.057 738
0.0571 730
0.0572 726
0.0573 720
0.0574 710
0.0575 706
0.0576 702
0.0577 696
0.0578 687
0.0579 683
0.058 675
0.0581 676
0.0582 666
0.0583 668
0.0584 669
0.0585 665
0.0586 666
0.0587 657
0.0588 654
0.0589 654
0.059 649
0.0591 650
0.0592 648
0.0593 648
0.0594 642
0.0595 634
0.0596 630
0.0597 622
0.0598 624
0.0599 616
0.06 608
0.0601 603
0.0602 594
0.0603 593
0.0604 593
0.0605 592
0.0606 583
0.0607 575
0.0608 575
0.0609 576
0.061 576
0.0611 578
0.0612 580
0.0613 577
0.0614 584
0.0615 584
0.0616 579
0.0617 568
0.0618 557
0.0619 549
0.062 534
0.0621 520
0.0622 514
0.0623 514
0.0624 516
0.0625 511
0.0626 510
0.0627 511
0.0628 508
0.0629 508
0.063 511
0.0631 510
0.0632 516
0.0633 517
0.0634 517
0.0635 522
0.0636 525
0.0637 520
0.0638 518
0.0639 520
0.064 526
0.0641 524
0.0642 515
0.0643 508
0.0644 501
0.0645 505
0.0646 505
0.0647 500
0.0648 491
0.0649 480
0.065 463
0.0651 445
0.0652 433
0.0653 426
0.0654 424
0.0655 422
0.0656 423
0.0657 423
0.0658 420
0.0659 420
0.066 419
0.0661 415
0.0662 415
0.0663 415
0.0664 410
0.0665 404
0.0666 409
0.0667 412
0.0668 407
0.0669 404
0.067 407
0.0671 405
0.0672 406
0.0673 404
0.0674 403
0.0675 402
0.0676 401
0.0677 407
0.0678 402
0.0679 408
0.068 411
0.0681 412
0.0682 411
0.0683 414
0.0684 413
0.0685 418
0.0686 414
0.0687 414
0.0688 399
0.0689 387
0.069 383
0.0691 379
0.0692 372
0.0693 373
0.0694 375
0.0695 376
0.0696 377
0.0697 381
0.0698 394
0.0699 396
0.07 401
0.0701 394
0.0702 393
0.0703 394
0.0704 396
0.0705 396
0.0706 396
0.0707 390
0.0708 391
0.0709 395
0.071 391
0.0711 386
0.0712 384
0.0713 381
0.0714 378
0.0715 373
0.0716 366
0.0717 366
0.0718 355
0.0719 344
0.072 339
0.0721 341
0.0722 342
0.0723 343
0.0724 346
0.0725 351
0.0726 352
0.0727 349
0.0728 346
0.0729 341
0.073 334
0.0731 335
0.0732 336
0.0733 336
0.0734 328
0.0735 329
0.0736 327
0.0737 319
0.0738 311
0.0739 311
0.074 305
0.0741 302
0.0742 301
0.0743 300
0.0744 299
0.0745 296
0.0746 297
0.0747 298
0.0748 292
0.0749 287
0.075 285
0.0751 280
0.0752 280
0.0753 272
0.0754 266
0.0755 261
0.0756 261
0.0757 263
0.0758 257
0.0759 257
0.076 255
0.0761 248
0.0762 242
0.0763 240
0.0764 229
0.0765 227
0.0766 221
0.0767 213
0.0768 212
0.0769 203
0.077 202
0.0771 207
0.0772 205
0.0773 207
0.0774 205
0.0775 205
0.0776 202
0.0777 201
0.0778 199
0.0779 192
0.078 193
0.0781 184
0.0782 171
0.0783 146
0.0784 135
0.0785 130
0.0786 127
0.0787 123
0.0788 119
0.0789 121
0.079 122
0.0791 128
0.0792 128
0.0793 129
0.0794 129
0.0795 131
0.0796 131
0.0797 137
0.0798 134
0.0799 133
0.08 131
0.0801 127
0.0802 134
0.0803 140
0.0804 141
0.0805 143
0.0806 141
0.0807 144
0.0808 133
0.0809 134
0.081 138
0.0811 136
0.0812 136
0.0813 138
0.0814 133
0.0815 133
0.0816 131
0.0817 132
0.0818 130
0.0819 126
0.082 128
0.0821 127
0.0822 128
0.0823 130
0.0824 126
0.0825 123
0.0826 123
0.0827 123
0.0828 120
0.0829 118
0.083 118
0.0831 117
0.0832 120
0.0833 114
0.0834 121
0.0835 117
0.0836 121
0.0837 127
0.0838 126
0.0839 133
0.084 133
0.0841 139
0.0842 142
0.0843 142
0.0844 154
0.0845 153
0.0846 162
0.0847 164
0.0848 165
0.0849 163
0.085 159
0.0851 164
0.0852 164
0.0853 148
0.0854 142
0.0855 141
0.0856 135
0.0857 136
0.0858 133
0.0859 127
0.086 126
0.0861 128
0.0862 130
0.0863 131
0.0864 130
0.0865 133
0.0866 138
0.0867 136
0.0868 133
0.0869 130
0.087 125
0.0871 120
0.0872 124
0.0873 127
0.0874 127
0.0875 131
0.0876 128
0.0877 134
0.0878 135
0.0879 129
0.088 137
0.0881 144
0.0882 148
0.0883 148
0.0884 154
0.0885 144
0.0886 132
0.0887 135
0.0888 125
0.0889 123
0.089 125
0.0891 113
0.0892 109
0.0893 111
0.0894 109
0.0895 116
0.0896 116
0.0897 120
0.0898 129
0.0899 123
0.09 119
0.0901 120
0.0902 113
0.0903 105
0.0904 101
0.0905 96
0.0906 98
0.0907 98
0.0908 91
0.0909 91
0.091 93
0.0911 100
0.0912 106
0.0913 110
0.0914 113
0.0915 114
0.0916 113
0.0917 114
0.0918 116
0.0919 118
0.092 116
0.0921 118
0.0922 115
0.0923 115
0.0924 109
0.0925 105
0.0926 104
0.0927 85
0.0928 70
0.0929 54
0.093 46
0.0931 33
0.0932 21
0.0933 15
0.0934 15
0.0935 10
0.0936 8
0.0937 6
0.0938 3
0.0939 7
0.094 8
0.0941 6
0.0942 5
0.0943 6
0.0944 9
0.0945 6
0.0946 4
0.0947 1
0.0948 6
0.0949 5
0.095 3
0.0951 5
0.0952 5
0.0953 4
0.0954 2
0.0955 2
0.0956 3
0.0957 5
0.0958 2
0.0959 3
0.096 4
0.0961 3
0.0962 2
0.0963 3
0.0964 1
0.0965 1
0.0966 1
0.0967 3
0.0968 2
0.0969 3
0.097 0
0.0971 1
0.0972 0
0.0973 2
0.0974 2
0.0975 1
0.0976 2
0.0977 0
0.0978 0
0.0979 0
0.098 2
0.0981 0
0.0982 1
0.0983 1
0.0984 3
0.0985 2
0.0986 0
0.0987 4
0.0988 1
0.0989 2
0.099 0
0.0991 3
0.0992 0
0.0993 2
0.0994 4
0.0995 2
0.0996 1
0.0997 2
0.0998 1
0.0999 0
0.1 4
0.1001 0
0.1002 2
0.1003 4
0.1004 2
0.1005 2
0.1006 1
0.1007 2
0.1008 0
0.1009 3
0.101 0
0.1011 0
0.1012 1
0.1013 2
0.1014 1
0.1015 0
0.1016 1
0.1017 2
0.1018 0
0.1019 1
0.102 1
0.1021 0
0.1022 0
0.1023 0
0.1024 1
0.1025 0
0.1026 0
0.1027 1
0.1028 1
0.1029 2
0.103 4
0.1031 5
0.1032 1
0.1033 1
0.1034 3
0.1035 1
0.1036 0
0.1037 2
0.1038 2
0.1039 3
0.104 1
0.1041 3
0.1042 2
0.1043 0
0.1044 0
0.1045 1
0.1046 2
0.1047 2
0.1048 2
0.1049 1
0.105 7
0.1051 2
0.1052 1
0.1053 3
0.1054 2
0.1055 2
0.1056 1
0.1057 1
0.1058 2
0.1059 3
0.106 2
0.1061 2
0.1062 1
0.1063 3
0.1064 2
0.1065 4
0.1066 3
0.1067 2
0.1068 3
0.1069 1
0.107 3
0.1071 4
0.1072 1
0.1073 1
0.1074 1
0.1075 1
0.1076 4
0.1077 3
0.1078 2
0.1079 6
0.108 4
0.1081 2
0.1082 5
0.1083 2
0.1084 3
0.1085 0
0.1086 0
0.1087 1
0.1088 0
0.1089 1
0.109 0
0.1091 3
0.1092 2
0.1093 0
0.1094 8
0.1095 3
0.1096 3
0.1097 5
0.1098 3
0.1099 8
0.11 3
0.1101 4
0.1102 4
0.1103 8
0.1104 3
0.1105 5
0.1106 3
0.1107 4
0.1108 2
0.1109 3
0.111 1
0.1111 5
0.1112 5
0.1113 3
0.1114 3
0.1115 6
0.1116 4
0.1117 5
0.1118 4
0.1119 1
0.112 5
0.1121 6
0.1122 4
0.1123 6
0.1124 4
0.1125 1
0.1126 0
0.1127 3
0.1128 3
0.1129 1
0.113 0
0.1131 8
0.1132 3
0.1133 7
0.1134 2
0.1135 6
0.1136 4
0.1137 1
0.1138 6
0.1139 3
0.114 8
0.1141 7
0.1142 12
0.1143 8
0.1144 5
0.1145 8
0.1146 3
0.1147 5
0.1148 5
0.1149 6
0.115 6
0.1151 7
0.1152 8
0.1153 11
0.1154 4
0.1155 5
0.1156 5
0.1157 7
0.1158 2
0.1159 9
0.116 6
0.1161 10
0.1162 6
0.1163 9
0.1164 12
0.1165 12
0.1166 12
0.1167 6
0.1168 11
0.1169 10
0.117 7
0.1171 9
0.1172 8
0.1173 7
0.1174 5
0.1175 8
0.1176 8
0.1177 7
0.1178 14
0.1179 9
0.118 8
0.1181 8
0.1182 9
0.1183 14
0.1184 7
0.1185 13
0.1186 6
0.1187 8
0.1188 9
0.1189 14
0.119 12
0.1191 17
0.1192 17
0.1193 15
0.1194 26
0.1195 20
0.1196 16
0.1197 23
0.1198 32
0.1199 32
0.12 43
0.1201 45
0.1202 65
0.1203 82
0.1204 85
0.1205 107
0.1206 113
0.1207 147
0.1208 188
0.1209 231
0.121 269
0.1211 314
0.1212 345
0.1213 372
0.1214 396
0.1215 433
0.1216 463
0.1217 504
0.1218 532
0.1219 558
0.122 573
0.1221 603
0.1222 624
0.1223 655
0.1224 682
0.1225 709
0.1226 743
0.1227 765
0.1228 785
0.1229 805
0.123 820
0.1231 833
0.1232 854
0.1233 874
0.1234 884
0.1235 917
0.1236 932
0.1237 952
0.1238 962
0.1239 972
0.124 990
0.1241 1018
0.1242 1032
0.1243 1060
0.1244 1078
0.1245 1086
0.1246 1091
0.1247 1096
0.1248 1104
0.1249 1104
0.125 1111
0.1251 1112
0.1252 1128
0.1253 1138
0.1254 1142
0.1255 1154
0.1256 1168
0.1257 1177
0.1258 1180
0.1259 1191
0.126 1203
0.1261 1212
0.1262 1218
0.1263 1221
0.1264 1225
0.1265 1231
0.1266 1237
0.1267 1245
0.1268 1249
0.1269 1252
0.127 1259
0.1271 1261
0.1272 1267
0.1273 1279
0.1274 1289
0.1275 1291
0.1276 1296
0.1277 1296
0.1278 1305
0.1279 1309
0.128 1303
0.1281 1308
0.1282 1311
0.1283 1310
0.1284 1317
0.1285 1321
0.1286 1321
0.1287 1319
0.1288 1308
0.1289 1308
0.129 1312
0.1291 1319
0.1292 1336
0.1293 1337
0.1294 1335
0.1295 1334
0.1296 1326
0.1297 1320
0.1298 1331
0.1299 1326
0.13 1320
0.1301 1320
0.1302 1317
0.1303 1304
0.1304 1309
0.1305 1307
0.1306 1302
0.1307 1297
0.1308 1289
0.1309 1285
0.131 1290
0.1311 1288
0.1312 1281
0.1313 1279
0.1314 1271
0.1315 1274
0.1316 1275
0.1317 1273
0.1318 1273
0.1319 1263
0.132 1265
0.1321 1268
0.1322 1256
0.1323 1255
0.1324 1272
0.1325 1268
0.1326 1268
0.1327 1261
0.1328 1266
0.1329 1266
0.133 1253
0.1331 1244
0.1332 1248
0.1333 1246
0.1334 1250
0.1335 1248
0.1336 1240
0.1337 1239
0.1338 1240
0.1339 1240
0.134 1235
0.1341 1242
0.1342 1241
0.1343 1241
0.1344 1249
0.1345 1249
0.1346 1244
0.1347 1245
0.1348 1248
0.1349 1254
0.135 1255
0.1351 1257
0.1352 1260
0.1353 1253
0.1354 1247
0.1355 1246
0.1356 1244
0.1357 1242
0.1358 1254
0.1359 1263
0.136 1265
0.1361 1256
0.1362 1260
0.1363 1258
0.1364 1254
0.1365 1247
0.1366 1232
0.1367 1221
0.1368 1211
0.1369 1202
0.137 1194
0.1371 1183
0.1372 1177
0.1373 1175
0.1374 1174
0.1375 1170
0.1376 1170
0.1377 1161
0.1378 1155
0.1379 1157
0.138 1151
0.1381 1141
0.1382 1138
0.1383 1129
0.1384 1120
0.1385 1109
0.1386 1111
0.1387 1106
0.1388 1107
0.1389 1106
0.139 1107
0.1391 1104
0.1392 1097
0.1393 1105
0.1394 1094
0.1395 1089
0.1396 1090
0.1397 1084
0.1398 1076
0.1399 1079
0.14 1077
0.1401 1074
0.1402 1074
0.1403 1070
0.1404 1072
0.1405 1072
0.1406 1076
0.1407 1079
0.1408 1074
0.1409 1074
0.141 1071
0.1411 1069
0.1412 1067
0.1413 1063
0.1414 1066
0.1415 1066
0.1416 1065
0.1417 1060
0.1418 1053
0.1419 1045
0.142 1040
0.1421 1039
0.1422 1033
0.1423 1019
0.1424 1010
0.1425 1006
0.1426 1008
0.1427 1006
0.1428 998
0.1429 1000
0.143 993
0.1431 986
0.1432 983
0.1433 970
0.1434 963
0.1435 959
0.1436 958
0.1437 951
0.1438 947
0.1439 946
0.144 940
0.1441 938
0.1442 932
0.1443 935
0.1444 929
0.1445 922
0.1446 922
0.1447 910
0.1448 903
0.1449 897
0.145 897
0.1451 887
0.1452 872
0.1453 865
0.1454 868
0.1455 862
0.1456 855
0.1457 859
0.1458 851
0.1459 841
0.146 841
0.1461 839
0.1462 834
0.1463 830
0.1464 823
0.1465 821
0.1466 815
0.1467 812
0.1468 811
0.1469 806
0.147 809
0.1471 798
0.1472 798
0.1473 793
0.1474 790
0.1475 791
0.1476 783
0.1477 781
0.1478 784
0.1479 786
0.148 779
0.1481 771
0.1482 768
0.1483 767
0.1484 767
0.1485 762
0.1486 753
0.1487 745
0.1488 744
0.1489 747
0.149 745
0.1491 745
0.1492 740
0.1493 738
0.1494 733
0.1495 736
0.1496 727
0.1497 724
0.1498 716
0.1499 713
0.15 710
0.1501 708
0.1502 710
0.1503 705
0.1504 705
0.1505 703
0.1506 694
0.1507 690
0.1508 681
0.1509 677
0.151 676
0.1511 671
0.1512 669
0.1513 666
0.1514 659
0.1515 651
0.1516 648
0.1517 641
0.1518 639
0.1519 638
0.152 627
0.1521 629
0.1522 629
0.1523 625
0.1524 616
0.1525 614
0.1526 601
0.1527 594
0.1528 593
0.1529 571
0.153 550
0.1531 545
0.1532 532
0.1533 519
0.1534 519
0.1535 517
0.1536 511
0.1537 513
0.1538 513
0.1539 506
0.154 508
0.1541 512
0.1542 511
0.1543 510
0.1544 514
0.1545 521
0.1546 521
0.1547 515
0.1548 519
0.1549 515
0.155 517
0.1551 513
0.1552 512
0.1553 521
0.1554 522
0.1555 521
0.1556 523
0.1557 517
0.1558 511
0.1559 510
0.156 510
0.1561 504
0.1562 498
0.1563 498
0.1564 501
0.1565 504
0.1566 501
0.1567 503
0.1568 507
0.1569 500
0.157 493
0.1571 465
0.1572 454
0.1573 443
0.1574 440
0.1575 428
0.1576 432
0.1577 431
0.1578 438
0.1579 435
0.158 441
0.1581 446
0.1582 442
0.1583 444
0.1584 441
0.1585 439
0.1586 439
0.1587 436
0.1588 438
0.1589 437
0.159 436
0.1591 437
0.1592 433
0.1593 425
0.1594 421
0.1595 414
0.1596 402
0.1597 402
0.1598 398
0.1599 396
0.16 391
0.1601 394
0.1602 391
0.1603 385
0.1604 385
0.1605 387
0.1606 388
0.1607 388
0.1608 392
0.1609 388
0.161 383
0.1611 384
0.1612 377
0.1613 377
0.1614 370
0.1615 364
0.1616 367
0.1617 370
0.1618 374
0.1619 373
0.162 377
0.1621 370
0.1622 366
0.1623 365
0.1624 367
0.1625 362
0.1626 364
0.1627 364
0.1628 366
0.1629 368
0.163 369
0.1631 371
0.1632 371
0.1633 371
0.1634 368
0.1635 365
0.1636 369
0.1637 369
0.1638 357
0.1639 351
0.164 346
0.1641 337
0.1642 330
0.1643 318
0.1644 316
0.1645 319
0.1646 322
0.1647 322
0.1648 322
0.1649 322
0.165 322
0.1651 322
0.1652 326
0.1653 315
0.1654 315
0.1655 322
0.1656 325
0.1657 325
0.1658 319
0.1659 315
0.166 321
0.1661 318
0.1662 314
0.1663 319
0.1664 320
0.1665 311
0.1666 306
0.1667 301
0.1668 296
0.1669 287
0.167 282
0.1671 276
0.1672 273
0.1673 267
0.1674 261
0.1675 262
0.1676 254
0.1677 253
0.1678 245
0.1679 243
0.168 237
0.1681 232
0.1682 217
0.1683 189
0.1684 155
0.1685 124
0.1686 103
0.1687 95
0.1688 82
0.1689 76
0.169 69
0.1691 59
0.1692 55
0.1693 50
0.1694 50
0.1695 54
0.1696 52
0.1697 49
0.1698 37
0.1699 29
0.17 23
0.1701 23
0.1702 21
0.1703 20
0.1704 15
0.1705 10
0.1706 12
0.1707 12
0.1708 7
0.1709 4
0.171 9
0.1711 8
0.1712 3
0.1713 1
0.1714 4
0.1715 4
0.1716 1
0.1717 6
0.1718 7
0.1719 8
0.172 3
0.1721 2
0.1722 3
0.1723 7
0.1724 8
0.1725 1
0.1726 3
0.1727 2
0.1728 3
0.1729 2
0.173 3
0.1731 1
0.1732 1
0.1733 4
0.1734 1
0.1735 4
0.1736 3
0.1737 3
0.1738 0
0.1739 2
0.174 2
0.1741 3
0.1742 0
0.1743 1
0.1744 2
0.1745 3
0.1746 3
0.1747 3
0.1748 2
0.1749 2
0.175 3
0.1751 3
0.1752 1
0.1753 2
0.1754 2
0.1755 0
0.1756 6
0.1757 0
0.1758 2
0.1759 0
0.176 1
0.1761 2
0.1762 1
0.1763 1
0.1764 1
0.1765 2
0.1766 1
0.1767 0
0.1768 3
0.1769 3
0.177 0
0.1771 3
0.1772 4
0.1773 1
0.1774 0
0.1775 2
0.1776 0
0.1777 1
0.1778 3
0.1779 3
0.178 1
0.1781 1
0.1782 2
0.1783 1
0.1784 0
0.1785 2
0.1786 2
0.1787 2
0.1788 1
0.1789 1
0.179 1
0.1791 1
0.1792 3
0.1793 1
0.1794 5
0.1795 1
0.1796 0
0.1797 1
0.1798 1
0.1799 2
0.18 1
0.1801 2
0.1802 1
0.1803 6
0.1804 0
0.1805 1
0.1806 1
0.1807 0
0.1808 2
0.1809 2
0.181 1
0.1811 3
0.1812 4
0.1813 2
0.1814 3
0.1815 0
0.1816 2
0.1817 3
0.1818 1
0.1819 3
0.182 3
0.1821 3
0.1822 1
0.1823 4
0.1824 5
0.1825 0
0.1826 1
0.1827 0
0.1828 1
0.1829 2
0.183 1
0.1831 0
0.1832 2
0.1833 3
0.1834 0
0.1835 5
0.1836 1
0.1837 4
0.1838 1
0.1839 1
0.184 4
0.1841 2
0.1842 4
0.1843 1
0.1844 3
0.1845 6
0.1846 2
0.1847 4
0.1848 1
0.1849 2
0.185 4
0.1851 1
0.1852 4
0.1853 1
0.1854 2
0.1855 2
0.1856 4
0.1857 1
0.1858 5
0.1859 4
0.186 1
0.1861 6
0.1862 2
0.1863 0
0.1864 4
0.1865 3
0.1866 2
0.1867 3
0.1868 4
0.1869 1
0.187 3
0.1871 6
0.1872 2
0.1873 4
0.1874 6
0.1875 6
0.1876 3
0.1877 9
0.1878 4
0.1879 6
0.188 6
0.1881 4
0.1882 6
0.1883 9
0.1884 5
0.1885 5
0.1886 7
0.1887 5
0.1888 6
0.1889 3
0.189 4
0.1891 5
0.1892 5
0.1893 10
0.1894 4
0.1895 8
0.1896 7
0.1897 4
0.1898 10
0.1899 8
0.19 4
0.1901 11
0.1902 8
0.1903 7
0.1904 6
0.1905 8
0.1906 4
0.1907 12
0.1908 1
0.1909 13
0.191 7
0.1911 9
0.1912 11
0.1913 8
0.1914 5
0.1915 7
0.1916 11
0.1917 3
0.1918 7
0.1919 4
0.192 14
0.1921 4
0.1922 14
0.1923 3
0.1924 12
0.1925 18
0.1926 16
0.1927 17
0.1928 14
0.1929 12
0.193 15
0.1931 12
0.1932 12
0.1933 14
0.1934 12
0.1935 15
0.1936 20
0.1937 15
0.1938 15
0.1939 24
0.194 28
0.1941 20
0.1942 20
0.1943 24
0.1944 23
0.1945 33
0.1946 28
0.1947 40
0.1948 65
0.1949 69
0.195 89
0.1951 136
0.1952 171
0.1953 224
0.1954 261
0.1955 290
0.1956 313
0.1957 354
0.1958 400
0.1959 437
0.196 468
0.1961 505
0.1962 537
0.1963 573
0.1964 593
0.1965 626
0.1966 661
0.1967 699
0.1968 724
0.1969 756
0.197 785
0.1971 809
0.1972 834
0.1973 869
0.1974 902
0.1975 934
0.1976 972
0.1977 1000
0.1978 1013
0.1979 1035
0.198 1049
0.1981 1065
0.1982 1081
0.1983 1099
0.1984 1113
0.1985 1133
0.1986 1149
0.1987 1176
0.1988 1187
0.1989 1201
0.199 1219
0.1991 1243
0.1992 1256
0.1993 1279
0.1994 1287
0.1995 1303
0.1996 1302
0.1997 1314
0.1998 1325
0.1999 1338
0.2 1341
0.2001 1355
0.2002 1358
0.2003 1343
0.2004 1356
0.2005 1372
0.2006 1371
0.2007 1377
0.2008 1387
0.2009 1394
0.201 1407
0.2011 1417
0.2012 1410
0.2013 1412
0.2014 1416
0.2015 1422
0.2016 1431
0.2017 1434
0.2018 1439
0.2019 1430
0.202 1425
0.2021 1419
0.2022 1422
0.2023 1432
0.2024 1431
0.2025 1440
0.2026 1438
0.2027 1427
0.2028 1430
0.2029 1434
0.203 1434
0.2031 1436
0.2032 1439
0.2033 1436
0.2034 1430
0.2035 1426
0.2036 1434
0.2037 1425
0.2038 1416
0.2039 1410
0.204 1410
0.2041 1405
0.2042 1408
0.2043 1401
0.2044 1393
0.2045 1386
0.2046 1386
0.2047 1386
0.2048 1393
0.2049 1389
0.205 1383
0.2051 1382
0.2052 1367
0.2053 1377
0.2054 1368
0.2055 1367
0.2056 1359
0.2057 1359
0.2058 1364
0.2059 1365
0.206 1371
0.2061 1371
0.2062 1376
0.2063 1376
0.2064 1366
0.2065 1363
0.2066 1349
0.2067 1348
0.2068 1338
0.2069 1340
0.207 1340
0.2071 1336
0.2072 1331
0.2073 1310
0.2074 1299
0.2075 1292
0.2076 1288
0.2077 1291
0.2078 1285
0.2079 1281
0.208 1268
0.2081 1276
0.2082 1276
0.2083 1274
0.2084 1269
0.2085 1261
0.2086 1255
0.2087 1250
0.2088 1247
0.2089 1250
0.209 1248
0.2091 1244
0.2092 1238
0.2093 1242
0.2094 1242
0.2095 1235
0.2096 1236
0.2097 1236
0.2098 1240
0.2099 1234
0.21 1232
0.2101 1225
0.2102 1221
0.2103 1219
0.2104 1210
0.2105 1205
0.2106 1206
0.2107 1195
0.2108 1184
0.2109 1180
0.211 1180
0.2111 1157
0.2112 1148
0.2113 1145
0.2114 1144
0.2115 1137
0.2116 1134
0.2117 1135
0.2118 1132
0.2119 1129
0.212 1124
0.2121 1119
0.2122 1112
0.2123 1106
0.2124 1095
0.2125 1100
0.2126 1089
0.2127 1086
0.2128 1082
0.2129 1079
0.213 1079
0.2131 1071
0.2132 1071
0.2133 1061
0.2134 1057
0.2135 1051
0.2136 1052
0.2137 1049
0.2138 1056
0.2139 1058
0.214 1055
0.2141 1048
0.2142 1053
0.2143 1051
0.2144 1049
0.2145 1044
0.2146 1047
0.2147 1036
0.2148 1032
0.2149 1022
0.215 1011
0.2151 1004
0.2152 1000
0.2153 1002
0.2154 1006
0.2155 1001
0.2156 1006
0.2157 1000
0.2158 995
0.2159 980
0.216 980
0.2161 971
0.2162 963
0.2163 962
0.2164 959
0.2165 953
0.2166 942
0.2167 947
0.2168 947
0.2169 950
0.217 951
0.2171 946
0.2172 937
0.2173 929
0.2174 933
0.2175 921
0.2176 914
0.2177 914
0.2178 919
0.2179 909
0.218 913
0.2181 911
0.2182 911
0.2183 912
0.2184 914
0.2185 909
0.2186 905
0.2187 896
0.2188 893
0.2189 885
0.219 878
0.2191 874
0.2192 869
0.2193 862
0.2194 859
0.2195 853
0.2196 850
0.2197 845
0.2198 845
0.2199 841
0.22 840
0.2201 828
0.2202 823
0.2203 818
0.2204 817
0.2205 811
0.2206 809
0.2207 789
0.2208 785
0.2209 787
0.221 782
0.2211 776
0.2212 771
0.2213 767
0.2214 759
0.2215 751
0.2216 746
0.2217 746
0.2218 742
0.2219 739
0.222 745
0.2221 741
0.2222 741
0.2223 740
0.2224 741
0.2225 732
0.2226 724
0.2227 718
0.2228 722
0.2229 719
0.223 711
0.2231 710
0.2232 704
0.2233 703
0.2234 700
0.2235 691
0.2236 679
0.2237 676
0.2238 677
0.2239 670
0.224 659
0.2241 652
0.2242 651
0.2243 648
0.2244 638
0.2245 633
0.2246 629
0.2247 625
0.2248 624
0.2249 618
0.225 614
0.2251 605
0.2252 599
0.2253 601
0.2254 594
0.2255 594
0.2256 595
0.2257 598
0.2258 603
0.2259 603
0.226 598
0.2261 596
0.2262 597
0.2263 592
0.2264 590
0.2265 591
0.2266 589
0.2267 582
0.2268 579
0.2269 571
0.227 558
0.2271 550
0.2272 545
0.2273 534
0.2274 529
0.2275 525
0.2276 515
0.2277 513
0.2278 516
0.2279 515
0.228 513
0.2281 509
0.2282 509
0.2283 509
0.2284 508
0.2285 504
0.2286 502
0.2287 505
0.2288 500
0.2289 496
0.229 493
0.2291 490
0.2292 492
0.2293 492
0.2294 494
0.2295 498
0.2296 490
0.2297 492
0.2298 489
0.2299 483
0.23 481
0.2301 475
0.2302 469
0.2303 466
0.2304 464
0.2305 458
0.2306 455
0.2307 453
0.2308 454
0.2309 458
0.231 464
0.2311 466
0.2312 467
0.2313 471
0.2314 466
0.2315 474
0.2316 475
0.2317 470
0.2318 466
0.2319 464
0.232 465
0.2321 462
0.2322 457
0.2323 463
0.2324 467
0.2325 465
0.2326 466
0.2327 462
0.2328 462
0.2329 458
0.233 453
0.2331 446
0.2332 440
0.2333 440
0.2334 432
0.2335 418
0.2336 414
0.2337 413
0.2338 407
0.2339 395
0.234 389
0.2341 375
0.2342 370
0.2343 373
0.2344 367
0.2345 369
0.2346 368
0.2347 376
0.2348 373
0.2349 375
0.235 377
0.2351 371
0.2352 367
0.2353 362
0.2354 360
0.2355 363
0.2356 366
0.2357 369
0.2358 365
0.2359 372
0.236 375
0.2361 378
0.2362 380
0.2363 383
0.2364 384
0.2365 386
0.2366 387
0.2367 393
0.2368 394
0.2369 395
0.237 396
0.2371 392
0.2372 395
0.2373 397
0.2374 396
0.2375 394
0.2376 387
0.2377 384
0.2378 374
0.2379 366
0.238 348
0.2381 331
0.2382 326
0.2383 326
0.2384 318
0.2385 315
0.2386 310
0.2387 310
0.2388 301
0.2389 299
0.239 296
0.2391 289
0.2392 289
0.2393 290
0.2394 290
0.2395 292
0.2396 296
0.2397 297
0.2398 298
0.2399 294
0.24 286
0.2401 281
0.2402 278
0.2403 279
0.2404 275
0.2405 265
0.2406 246
0.2407 245
0.2408 232
0.2409 235
0.241 224
0.2411 214
0.2412 212
0.2413 212
0.2414 214
0.2415 218
0.2416 208
0.2417 204
0.2418 200
0.2419 196
0.242 197
0.2421 189
0.2422 187
0.2423 181
0.2424 185
0.2425 176
0.2426 178
0.2427 182
0.2428 175
0.2429 178
0.243 181
0.2431 187
0.2432 188
0.2433 195
0.2434 195
0.2435 192
0.2436 199
0.2437 199
0.2438 201
0.2439 198
0.244 195
0.2441 196
0.2442 198
0.2443 200
0.2444 200
0.2445 197
0.2446 200
0.2447 196
0.2448 200
0.2449 197
0.245 191
0.2451 192
0.2452 182
0.2453 178
0.2454 178
0.2455 167
0.2456 162
0.2457 151
0.2458 143
0.2459 143
0.246 142
0.2461 139
0.2462 134
0.2463 132
0.2464 130
0.2465 123
0.2466 127
0.2467 136
0.2468 137
0.2469 132
0.247 134
0.2471 130
0.2472 128
0.2473 122
0.2474 129
0.2475 119
0.2476 115
0.2477 114
0.2478 106
0.2479 113
0.248 116
0.2481 120
0.2482 118
0.2483 122
0.2484 120
0.2485 120
0.2486 122
0.2487 122
0.2488 129
0.2489 136
0.249 138
0.2491 135
0.2492 136
0.2493 143
0.2494 141
0.2495 135
0.2496 118
0.2497 90
0.2498 62
0.2499 40
0.25 25
