0 0
0.0001 0
0.0002 0
0.0003 0
0.0004 0
0.0005 0
0.0006 0
0.0007 0
0.0008 0
0.0009 0
0.001 0
0.0011 0
0.0012 0
0.0013 0
0.0014 0
0.0015 0
0.0016 0
0.0017 0
0.0018 0
0.0019 2
0.002 2
0.0021 3
0.0022 6
0.0023 7
0.0024 7
0.0025 9
0.0026 11
0.0027 11
0.0028 13
0.0029 15
0.003 15
0.0031 15
0.0032 15
0.0033 16
0.0034 17
0.0035 20
0.0036 23
0.0037 27
0.0038 29
0.0039 31
0.004 39
0.0041 40
0.0042 41
0.0043 45
0.0044 48
0.0045 52
0.0046 54
0.0047 60
0.0048 63
0.0049 68
0.005 71
0.0051 74
0.0052 76
0.0053 83
0.0054 88
0.0055 90
0.0056 95
0.0057 99
0.0058 107
0.0059 113
0.006 116
0.0061 122
0.0062 126
0.0063 131
0.0064 136
0.0065 142
0.0066 144
0.0067 147
0.0068 150
0.0069 155
0.007 162
0.0071 167
0.0072 172
0.0073 178
0.0074 183
0.0075 190
0.0076 199
0.0077 202
0.0078 208
0.0079 211
0.008 212
0.0081 219
0.0082 231
0.0083 244
0.0084 253
0.0085 263
0.0086 269
0.0087 283
0.0088 292
0.0089 300
0.009 306
0.0091 315
0.0092 323
0.0093 330
0.0094 337
0.0095 350
0.0096 354
0.0097 364
0.0098 368
0.0099 380
0.01 388
0.0101 399
0.0102 405
0.0103 413
0.0104 419
0.0105 425
0.0106 430
0.0107 438
0.0108 443
0.0109 448
0.011 461
0.0111 474
0.0112 475
0.0113 487
0.0114 496
0.0115 506
0.0116 516
0.0117 524
0.0118 528
0.0119 541
0.012 553
0.0121 559
0.0122 566
0.0123 575
0.0124 583
0.0125 588
0.0126 593
0.0127 607
0.0128 613
0.0129 620
0.013 624
0.0131 633
0.0132 640
0.0133 646
0.0134 651
0.0135 655
0.0136 661
0.0137 662
0.0138 673
0.0139 680
0.014 688
0.0141 692
0.0142 703
0.0143 709
0.0144 716
0.0145 723
0.0146 730
0.0147 745
0.0148 756
0.0149 769
0.015 778
0.0151 781
0.0152 788
0.0153 795
0.0154 797
0.0155 809
0.0156 816
0.0157 824
0.0158 831
0.0159 838
0.016 852
0.0161 859
0.0162 863
0.0163 873
0.0164 890
0.0165 897
0.0166 899
0.0167 907
0.0168 910
0.0169 918
0.017 924
0.0171 929
0.0172 938
0.0173 952
0.0174 961
0.0175 972
0.0176 984
0.0177 993
0.0178 1004
0.0179 1021
0.018 1035
0.0181 1038
0.0182 1046
0.0183 1055
0.0184 1063
0.0185 1075
0.0186 1089
0.0187 1096
0.0188 1110
0.0189 1119
0.019 1125
0.0191 1135
0.0192 1139
0.0193 1151
0.0194 1164
0.0195 1180
0.0196 1189
0.0197 1196
0.0198 1217
0.0199 1225
0.02 1249
0.0201 1255
0.0202 1260
0.0203 1272
0.0204 1283
0.0205 1295
0.0206 1306
0.0207 1318
0.0208 1324
0.0209 1335
0.021 1349
0.0211 1359
0.0212 1368
0.0213 1385
0.0214 1396
0.0215 1407
0.0216 1416
0.0217 1435
0.0218 1446
0.0219 1470
0.022 1481
0.0221 1481
0.0222 1499
0.0223 1511
0.0224 1518
0.0225 1523
0.0226 1534
0.0227 1544
0.0228 1550
0.0229 1560
0.023 1569
0.0231 1579
0.0232 1587
0.0233 1595
0.0234 1611
0.0235 1621
0.0236 1622
0.0237 1631
0.0238 1636
0.0239 1660
0.024 1670
0.0241 1673
0.0242 1686
0.0243 1686
0.0244 1702
0.0245 1704
0.0246 1703
0.0247 1718
0.0248 1731
0.0249 1741
0.025 1741
0.0251 1752
0.0252 1764
0.0253 1766
0.0254 1772
0.0255 1776
0.0256 1781
0.0257 1785
0.0258 1797
0.0259 1792
0.026 1802
0.0261 1815
0.0262 1824
0.0263 1826
0.0264 1822
0.0265 1837
0.0266 1845
0.0267 1837
0.0268 1846
0.0269 1843
0.027 1844
0.0271 1847
0.0272 1823
0.0273 1792
0.0274 1756
0.0275 1735
0.0276 1711
0.0277 1679
0.0278 1656
0.0279 1627
0.028 1591
0.0281 1561
0.0282 1533
0.0283 1502
0.0284 1461
0.0285 1437
0.0286 1400
0.0287 1363
0.0288 1315
0.0289 1277
0.029 1242
0.0291 1210
0.0292 1181
0.0293 1157
0.0294 1135
0.0295 1115
0.0296 1102
0.0297 1078
0.0298 1066
0.0299 1059
0.03 1039
0.0301 1026
0.0302 1009
0.0303 982
0.0304 966
0.0305 946
0.0306 924
0.0307 913
0.0308 898
0.0309 877
0.031 869
0.0311 843
0.0312 823
0.0313 807
0.0314 787
0.0315 772
0.0316 759
0.0317 748
0.0318 737
0.0319 728
0.032 721
0.0321 719
0.0322 707
0.0323 696
0.0324 681
0.0325 669
0.0326 662
0.0327 664
0.0328 661
0.0329 650
0.033 637
0.0331 634
0.0332 626
0.0333 615
0.0334 604
0.0335 596
0.0336 590
0.0337 593
0.0338 590
0.0339 586
0.034 578
0.0341 580
0.0342 577
0.0343 566
0.0344 550
0.0345 539
0.0346 530
0.0347 523
0.0348 511
0.0349 500
0.035 499
0.0351 494
0.0352 490
0.0353 479
0.0354 474
0.0355 470
0.0356 472
0.0357 471
0.0358 459
0.0359 452
0.036 453
0.0361 446
0.0362 453
0.0363 453
0.0364 448
0.0365 439
0.0366 434
0.0367 427
0.0368 416
0.0369 411
0.037 414
0.0371 405
0.0372 400
0.0373 402
0.0374 399
0.0375 387
0.0376 380
0.0377 379
0.0378 366
0.0379 364
0.038 361
0.0381 358
0.0382 355
0.0383 353
0.0384 344
0.0385 346
0.0386 346
0.0387 354
0.0388 348
0.0389 346
0.039 352
0.0391 352
0.0392 353
0.0393 344
0.0394 347
0.0395 345
0.0396 344
0.0397 345
0.0398 340
0.0399 337
0.04 334
0.0401 334
0.0402 333
0.0403 330
0.0404 334
0.0405 330
0.0406 331
0.0407 330
0.0408 330
0.0409 328
0.041 330
0.0411 331
0.0412 323
0.0413 323
0.0414 323
0.0415 325
0.0416 332
0.0417 326
0.0418 321
0.0419 315
0.042 311
0.0421 309
0.0422 303
0.0423 308
0.0424 316
0.0425 313
0.0426 314
0.0427 315
0.0428 319
0.0429 322
0.043 320
0.0431 321
0.0432 317
0.0433 312
0.0434 306
0.0435 303
0.0436 295
0.0437 289
0.0438 282
0.0439 278
0.044 282
0.0441 282
0.0442 302
0.0443 310
0.0444 313
0.0445 312
0.0446 310
0.0447 313
0.0448 318
0.0449 313
0.045 312
0.0451 306
0.0452 302
0.0453 293
0.0454 297
0.0455 299
0.0456 292
0.0457 282
0.0458 271
0.0459 267
0.046 264
0.0461 255
0.0462 246
0.0463 241
0.0464 235
0.0465 238
0.0466 239
0.0467 237
0.0468 239
0.0469 242
0.047 240
0.0471 241
0.0472 238
0.0473 236
0.0474 240
0.0475 240
0.0476 236
0.0477 240
0.0478 244
0.0479 249
0.048 251
0.0481 264
0.0482 261
0.0483 258
0.0484 257
0.0485 263
0.0486 264
0.0487 265
0.0488 263
0.0489 263
0.049 262
0.0491 265
0.0492 267
0.0493 270
0.0494 275
0.0495 272
0.0496 275
0.0497 275
0.0498 290
0.0499 296
0.05 310
0.0501 310
0.0502 309
0.0503 314
0.0504 317
0.0505 321
0.0506 314
0.0507 324
0.0508 329
0.0509 321
0.051 325
0.0511 322
0.0512 326
0.0513 328
0.0514 322
0.0515 318
0.0516 321
0.0517 320
0.0518 315
0.0519 314
0.052 312
0.0521 306
0.0522 303
0.0523 297
0.0524 293
0.0525 299
0.0526 293
0.0527 292
0.0528 289
0.0529 288
0.053 283
0.0531 275
0.0532 271
0.0533 268
0.0534 260
0.0535 256
0.0536 253
0.0537 247
0.0538 248
0.0539 244
0.054 236
0.0541 237
0.0542 230
0.0543 223
0.0544 219
0.0545 218
0.0546 225
0.0547 230
0.0548 225
0.0549 221
0.055 212
0.0551 210
0.0552 207
0.0553 202
0.0554 201
0.0555 199
0.0556 197
0.0557 192
0.0558 188
0.0559 186
0.056 185
0.0561 182
0.0562 177
0.0563 173
0.0564 169
0.0565 170
0.0566 174
0.0567 177
0.0568 188
0.0569 195
0.057 206
0.0571 213
0.0572 215
0.0573 218
0.0574 226
0.0575 227
0.0576 231
0.0577 229
0.0578 231
0.0579 234
0.058 234
0.0581 236
0.0582 243
0.0583 254
0.0584 256
0.0585 255
0.0586 253
0.0587 247
0.0588 251
0.0589 244
0.059 248
0.0591 262
0.0592 298
0.0593 327
0.0594 341
0.0595 344
0.0596 338
0.0597 346
0.0598 342
0.0599 347
0.06 347
0.0601 351
0.0602 349
0.0603 345
0.0604 346
0.0605 337
0.0606 333
0.0607 329
0.0608 322
0.0609 318
0.061 309
0.0611 307
0.0612 308
0.0613 309
0.0614 300
0.0615 302
0.0616 304
0.0617 298
0.0618 292
0.0619 290
0.062 284
0.0621 276
0.0622 271
0.0623 270
0.0624 269
0.0625 277
0.0626 280
0.0627 281
0.0628 282
0.0629 282
0.063 280
0.0631 279
0.0632 279
0.0633 277
0.0634 275
0.0635 272
0.0636 268
0.0637 262
0.0638 265
0.0639 258
0.064 260
0.0641 257
0.0642 260
0.0643 259
0.0644 258
0.0645 262
0.0646 257
0.0647 254
0.0648 253
0.0649 259
0.065 259
0.0651 262
0.0652 266
0.0653 264
0.0654 267
0.0655 273
0.0656 279
0.0657 281
0.0658 283
0.0659 287
0.066 288
0.0661 294
0.0662 293
0.0663 293
0.0664 291
0.0665 288
0.0666 288
0.0667 285
0.0668 286
0.0669 293
0.067 296
0.0671 302
0.0672 298
0.0673 306
0.0674 324
0.0675 332
0.0676 339
0.0677 342
0.0678 336
0.0679 331
0.068 319
0.0681 313
0.0682 308
0.0683 307
0.0684 306
0.0685 305
0.0686 304
0.0687 297
0.0688 287
0.0689 286
0.069 277
0.0691 277
0.0692 278
0.0693 276
0.0694 282
0.0695 283
0.0696 281
0.0697 290
0.0698 294
0.0699 293
0.07 294
0.0701 293
0.0702 291
0.0703 287
0.0704 287
0.0705 281
0.0706 276
0.0707 275
0.0708 272
0.0709 274
0.071 271
0.0711 267
0.0712 271
0.0713 279
0.0714 281
0.0715 283
0.0716 282
0.0717 283
0.0718 281
0.0719 282
0.072 283
0.0721 277
0.0722 277
0.0723 285
0.0724 288
0.0725 292
0.0726 290
0.0727 294
0.0728 295
0.0729 295
0.073 299
0.0731 300
0.0732 302
0.0733 297
0.0734 294
0.0735 296
0.0736 293
0.0737 293
0.0738 294
0.0739 299
0.074 295
0.0741 287
0.0742 280
0.0743 282
0.0744 282
0.0745 286
0.0746 289
0.0747 287
0.0748 288
0.0749 278
0.075 272
0.0751 270
0.0752 258
0.0753 258
0.0754 259
0.0755 263
0.0756 262
0.0757 267
0.0758 271
0.0759 273
0.076 277
0.0761 283
0.0762 283
0.0763 291
0.0764 288
0.0765 291
0.0766 290
0.0767 290
0.0768 299
0.0769 301
0.077 313
0.0771 332
0.0772 337
0.0773 338
0.0774 356
0.0775 358
0.0776 361
0.0777 362
0.0778 363
0.0779 361
0.078 358
0.0781 354
0.0782 351
0.0783 351
0.0784 351
0.0785 357
0.0786 346
0.0787 337
0.0788 334
0.0789 334
0.079 338
0.0791 331
0.0792 338
0.0793 335
0.0794 332
0.0795 330
0.0796 329
0.0797 325
0.0798 320
0.0799 321
0.08 321
0.0801 323
0.0802 323
0.0803 319
0.0804 313
0.0805 312
0.0806 316
0.0807 317
0.0808 320
0.0809 319
0.081 323
0.0811 317
0.0812 313
0.0813 311
0.0814 309
0.0815 312
0.0816 308
0.0817 312
0.0818 307
0.0819 302
0.082 305
0.0821 311
0.0822 318
0.0823 316
0.0824 318
0.0825 318
0.0826 319
0.0827 322
0.0828 326
0.0829 329
0.083 335
0.0831 340
0.0832 343
0.0833 347
0.0834 353
0.0835 366
0.0836 374
0.0837 390
0.0838 396
0.0839 407
0.084 411
0.0841 414
0.0842 418
0.0843 417
0.0844 414
0.0845 418
0.0846 420
0.0847 421
0.0848 417
0.0849 420
0.085 419
0.0851 419
0.0852 416
0.0853 418
0.0854 418
0.0855 406
0.0856 402
0.0857 405
0.0858 405
0.0859 405
0.086 401
0.0861 397
0.0862 395
0.0863 404
0.0864 407
0.0865 405
0.0866 404
0.0867 402
0.0868 407
0.0869 408
0.087 409
0.0871 409
0.0872 412
0.0873 407
0.0874 396
0.0875 391
0.0876 392
0.0877 397
0.0878 403
0.0879 406
0.088 404
0.0881 407
0.0882 408
0.0883 411
0.0884 406
0.0885 406
0.0886 406
0.0887 403
0.0888 398
0.0889 391
0.089 391
0.0891 384
0.0892 385
0.0893 382
0.0894 387
0.0895 391
0.0896 388
0.0897 381
0.0898 380
0.0899 372
0.09 374
0.0901 371
0.0902 363
0.0903 361
0.0904 356
0.0905 355
0.0906 351
0.0907 354
0.0908 357
0.0909 351
0.091 357
0.0911 359
0.0912 354
0.0913 348
0.0914 345
0.0915 340
0.0916 340
0.0917 345
0.0918 344
0.0919 349
0.092 354
0.0921 350
0.0922 342
0.0923 339
0.0924 334
0.0925 327
0.0926 318
0.0927 313
0.0928 305
0.0929 301
0.093 300
0.0931 296
0.0932 291
0.0933 283
0.0934 284
0.0935 279
0.0936 280
0.0937 281
0.0938 279
0.0939 279
0.094 273
0.0941 274
0.0942 272
0.0943 269
0.0944 264
0.0945 265
0.0946 264
0.0947 257
0.0948 253
0.0949 250
0.095 246
0.0951 253
0.0952 264
0.0953 268
0.0954 273
0.0955 272
0.0956 274
0.0957 273
0.0958 282
0.0959 276
0.096 279
0.0961 280
0.0962 280
0.0963 291
0.0964 299
0.0965 302
0.0966 304
0.0967 306
0.0968 310
0.0969 309
0.097 309
0.0971 304
0.0972 303
0.0973 303
0.0974 301
0.0975 304
0.0976 296
0.0977 300
0.0978 302
0.0979 300
0.098 292
0.0981 304
0.0982 310
0.0983 312
0.0984 314
0.0985 317
0.0986 314
0.0987 310
0.0988 301
0.0989 294
0.099 283
0.0991 269
0.0992 262
0.0993 262
0.0994 261
0.0995 263
0.0996 259
0.0997 255
0.0998 256
0.0999 256
0.1 253
0.1001 254
0.1002 248
0.1003 249
0.1004 244
0.1005 236
0.1006 232
0.1007 230
0.1008 226
0.1009 222
0.101 224
0.1011 212
0.1012 216
0.1013 212
0.1014 215
0.1015 214
0.1016 214
0.1017 217
0.1018 219
0.1019 215
0.102 217
0.1021 217
0.1022 223
0.1023 231
0.1024 236
0.1025 232
0.1026 232
0.1027 225
0.1028 228
0.1029 226
0.103 229
0.1031 237
0.1032 240
0.1033 237
0.1034 235
0.1035 239
0.1036 245
0.1037 251
0.1038 253
0.1039 247
0.104 243
0.1041 244
0.1042 246
0.1043 250
0.1044 254
0.1045 256
0.1046 260
0.1047 262
0.1048 260
0.1049 266
0.105 266
0.1051 266
0.1052 270
0.1053 273
0.1054 282
0.1055 280
0.1056 280
0.1057 286
0.1058 289
0.1059 288
0.106 287
0.1061 285
0.1062 280
0.1063 280
0.1064 278
0.1065 276
0.1066 273
0.1067 272
0.1068 274
0.1069 273
0.107 268
0.1071 267
0.1072 259
0.1073 256
0.1074 256
0.1075 247
0.1076 245
0.1077 243
0.1078 239
0.1079 233
0.108 238
0.1081 246
0.1082 246
0.1083 254
0.1084 258
0.1085 258
0.1086 262
0.1087 263
0.1088 260
0.1089 265
0.109 257
0.1091 252
0.1092 249
0.1093 246
0.1094 242
0.1095 247
0.1096 247
0.1097 246
0.1098 250
0.1099 247
0.11 241
0.1101 240
0.1102 243
0.1103 244
0.1104 240
0.1105 238
0.1106 242
0.1107 245
0.1108 249
0.1109 250
0.111 248
0.1111 250
0.1112 252
0.1113 255
0.1114 264
0.1115 260
0.1116 257
0.1117 250
0.1118 253
0.1119 252
0.112 249
0.1121 241
0.1122 236
0.1123 231
0.1124 228
0.1125 226
0.1126 228
0.1127 230
0.1128 223
0.1129 217
0.113 223
0.1131 225
0.1132 229
0.1133 236
0.1134 234
0.1135 233
0.1136 234
0.1137 236
0.1138 233
0.1139 242
0.114 246
0.1141 253
0.1142 258
0.1143 253
0.1144 253
0.1145 253
0.1146 252
0.1147 252
0.1148 255
0.1149 263
0.115 278
0.1151 279
0.1152 281
0.1153 284
0.1154 286
0.1155 285
0.1156 283
0.1157 281
0.1158 280
0.1159 286
0.116 288
0.1161 290
0.1162 290
0.1163 296
0.1164 292
0.1165 293
0.1166 294
0.1167 296
0.1168 296
0.1169 302
0.117 299
0.1171 298
0.1172 298
0.1173 303
0.1174 297
0.1175 302
0.1176 307
0.1177 310
0.1178 309
0.1179 311
0.118 309
0.1181 310
0.1182 311
0.1183 309
0.1184 313
0.1185 312
0.1186 310
0.1187 309
0.1188 312
0.1189 311
0.119 312
0.1191 313
0.1192 314
0.1193 314
0.1194 314
0.1195 317
0.1196 317
0.1197 317
0.1198 319
0.1199 318
0.12 318
0.1201 319
0.1202 323
0.1203 321
0.1204 324
0.1205 322
0.1206 326
0.1207 324
0.1208 329
0.1209 333
0.121 333
0.1211 335
0.1212 334
0.1213 336
0.1214 339
0.1215 342
0.1216 342
0.1217 343
0.1218 348
0.1219 348
0.122 350
0.1221 357
0.1222 359
0.1223 363
0.1224 367
0.1225 369
0.1226 372
0.1227 377
0.1228 384
0.1229 389
0.123 391
0.1231 397
0.1232 402
0.1233 410
0.1234 416
0.1235 420
0.1236 421
0.1237 427
0.1238 430
0.1239 436
0.124 438
0.1241 445
0.1242 450
0.1243 456
0.1244 461
0.1245 466
0.1246 468
0.1247 471
0.1248 473
0.1249 473
0.125 480
0.1251 482
0.1252 488
0.1253 494
0.1254 495
0.1255 499
0.1256 503
0.1257 507
0.1258 509
0.1259 514
0.126 522
0.1261 528
0.1262 535
0.1263 541
0.1264 549
0.1265 552
0.1266 559
0.1267 566
0.1268 571
0.1269 581
0.127 586
0.1271 588
0.1272 590
0.1273 595
0.1274 597
0.1275 605
0.1276 611
0.1277 621
0.1278 625
0.1279 634
0.128 637
0.1281 642
0.1282 654
0.1283 658
0.1284 662
0.1285 670
0.1286 671
0.1287 683
0.1288 692
0.1289 697
0.129 707
0.1291 708
0.1292 710
0.1293 715
0.1294 730
0.1295 733
0.1296 742
0.1297 751
0.1298 757
0.1299 765
0.13 770
0.1301 776
0.1302 786
0.1303 790
0.1304 793
0.1305 798
0.1306 813
0.1307 817
0.1308 828
0.1309 834
0.131 839
0.1311 848
0.1312 855
0.1313 866
0.1314 870
0.1315 877
0.1316 885
0.1317 895
0.1318 898
0.1319 901
0.132 909
0.1321 919
0.1322 924
0.1323 934
0.1324 941
0.1325 946
0.1326 952
0.1327 957
0.1328 972
0.1329 978
0.133 986
0.1331 988
0.1332 1000
0.1333 1017
0.1334 1025
0.1335 1026
0.1336 1038
0.1337 1041
0.1338 1042
0.1339 1056
0.134 1061
0.1341 1071
0.1342 1075
0.1343 1083
0.1344 1092
0.1345 1104
0.1346 1113
0.1347 1121
0.1348 1130
0.1349 1134
0.135 1141
0.1351 1152
0.1352 1158
0.1353 1172
0.1354 1177
0.1355 1193
0.1356 1205
0.1357 1212
0.1358 1215
0.1359 1232
0.136 1240
0.1361 1248
0.1362 1252
0.1363 1255
0.1364 1271
0.1365 1276
0.1366 1288
0.1367 1297
0.1368 1303
0.1369 1314
0.137 1323
0.1371 1330
0.1372 1342
0.1373 1354
0.1374 1354
0.1375 1362
0.1376 1368
0.1377 1370
0.1378 1377
0.1379 1384
0.138 1390
0.1381 1402
0.1382 1406
0.1383 1409
0.1384 1422
0.1385 1438
0.1386 1445
0.1387 1454
0.1388 1467
0.1389 1470
0.139 1476
0.1391 1481
0.1392 1491
0.1393 1498
0.1394 1499
0.1395 1507
0.1396 1515
0.1397 1524
0.1398 1534
0.1399 1547
0.14 1549
0.1401 1561
0.1402 1570
0.1403 1573
0.1404 1579
0.1405 1594
0.1406 1589
0.1407 1597
0.1408 1605
0.1409 1613
0.141 1614
0.1411 1626
0.1412 1631
0.1413 1632
0.1414 1644
0.1415 1655
0.1416 1656
0.1417 1662
0.1418 1683
0.1419 1686
0.142 1690
0.1421 1706
0.1422 1712
0.1423 1718
0.1424 1715
0.1425 1721
0.1426 1719
0.1427 1730
0.1428 1724
0.1429 1714
0.143 1695
0.1431 1672
0.1432 1634
0.1433 1591
0.1434 1552
0.1435 1519
0.1436 1487
0.1437 1454
0.1438 1422
0.1439 1400
0.144 1361
0.1441 1340
0.1442 1303
0.1443 1273
0.1444 1246
0.1445 1240
0.1446 1217
0.1447 1187
0.1448 1149
0.1449 1122
0.145 1109
0.1451 1085
0.1452 1054
0.1453 1031
0.1454 1023
0.1455 1014
0.1456 1003
0.1457 985
0.1458 962
0.1459 946
0.146 932
0.1461 912
0.1462 898
0.1463 882
0.1464 864
0.1465 846
0.1466 828
0.1467 809
0.1468 791
0.1469 762
0.147 741
0.1471 727
0.1472 707
0.1473 694
0.1474 686
0.1475 668
0.1476 658
0.1477 640
0.1478 633
0.1479 621
0.148 610
0.1481 592
0.1482 579
0.1483 559
0.1484 544
0.1485 534
0.1486 523
0.1487 511
0.1488 497
0.1489 496
0.149 489
0.1491 479
0.1492 470
0.1493 468
0.1494 467
0.1495 456
0.1496 448
0.1497 446
0.1498 444
0.1499 445
0.15 436
0.1501 426
0.1502 414
0.1503 402
0.1504 389
0.1505 389
0.1506 381
0.1507 377
0.1508 376
0.1509 377
0.151 377
0.1511 377
0.1512 380
0.1513 377
0.1514 369
0.1515 361
0.1516 365
0.1517 356
0.1518 353
0.1519 345
0.152 339
0.1521 335
0.1522 333
0.1523 334
0.1524 333
0.1525 331
0.1526 330
0.1527 328
0.1528 329
0.1529 328
0.153 329
0.1531 329
0.1532 321
0.1533 312
0.1534 307
0.1535 308
0.1536 311
0.1537 306
0.1538 300
0.1539 294
0.154 293
0.1541 291
0.1542 289
0.1543 283
0.1544 284
0.1545 279
0.1546 272
0.1547 266
0.1548 261
0.1549 263
0.155 254
0.1551 245
0.1552 242
0.1553 237
0.1554 236
0.1555 231
0.1556 229
0.1557 229
0.1558 229
0.1559 227
0.156 224
0.1561 221
0.1562 218
0.1563 221
0.1564 217
0.1565 219
0.1566 213
0.1567 211
0.1568 213
0.1569 210
0.157 203
0.1571 199
0.1572 197
0.1573 187
0.1574 184
0.1575 181
0.1576 179
0.1577 177
0.1578 176
0.1579 181
0.158 180
0.1581 182
0.1582 186
0.1583 190
0.1584 192
0.1585 199
0.1586 198
0.1587 209
0.1588 218
0.1589 225
0.159 229
0.1591 230
0.1592 226
0.1593 229
0.1594 229
0.1595 233
0.1596 236
0.1597 237
0.1598 238
0.1599 234
0.16 231
0.1601 232
0.1602 227
0.1603 225
0.1604 222
0.1605 218
0.1606 218
0.1607 218
0.1608 214
0.1609 213
0.161 209
0.1611 210
0.1612 210
0.1613 218
0.1614 220
0.1615 222
0.1616 223
0.1617 222
0.1618 220
0.1619 210
0.162 208
0.1621 211
0.1622 214
0.1623 211
0.1624 210
0.1625 210
0.1626 203
0.1627 206
0.1628 202
0.1629 202
0.163 200
0.1631 200
0.1632 208
0.1633 211
0.1634 212
0.1635 210
0.1636 213
0.1637 222
0.1638 220
0.1639 223
0.164 221
0.1641 217
0.1642 214
0.1643 219
0.1644 219
0.1645 220
0.1646 220
0.1647 218
0.1648 223
0.1649 225
0.165 226
0.1651 221
0.1652 219
0.1653 218
0.1654 212
0.1655 211
0.1656 212
0.1657 215
0.1658 213
0.1659 215
0.166 214
0.1661 214
0.1662 220
0.1663 225
0.1664 226
0.1665 227
0.1666 226
0.1667 225
0.1668 228
0.1669 226
0.167 222
0.1671 224
0.1672 220
0.1673 221
0.1674 219
0.1675 213
0.1676 214
0.1677 222
0.1678 218
0.1679 217
0.168 214
0.1681 218
0.1682 221
0.1683 219
0.1684 209
0.1685 202
0.1686 201
0.1687 195
0.1688 190
0.1689 190
0.169 186
0.1691 186
0.1692 187
0.1693 184
0.1694 178
0.1695 177
0.1696 186
0.1697 186
0.1698 188
0.1699 185
0.17 183
0.1701 187
0.1702 189
0.1703 190
0.1704 193
0.1705 196
0.1706 207
0.1707 214
0.1708 210
0.1709 208
0.171 204
0.1711 203
0.1712 209
0.1713 205
0.1714 214
0.1715 218
0.1716 224
0.1717 225
0.1718 225
0.1719 230
0.172 230
0.1721 233
0.1722 233
0.1723 228
0.1724 224
0.1725 218
0.1726 216
0.1727 218
0.1728 223
0.1729 218
0.173 217
0.1731 216
0.1732 221
0.1733 220
0.1734 220
0.1735 227
0.1736 224
0.1737 232
0.1738 231
0.1739 236
0.174 241
0.1741 250
0.1742 256
0.1743 266
0.1744 259
0.1745 253
0.1746 252
0.1747 255
0.1748 253
0.1749 255
0.175 250
0.1751 249
0.1752 244
0.1753 242
0.1754 242
0.1755 238
0.1756 237
0.1757 235
0.1758 240
0.1759 242
0.176 236
0.1761 230
0.1762 224
0.1763 228
0.1764 226
0.1765 220
0.1766 221
0.1767 220
0.1768 223
0.1769 228
0.177 228
0.1771 236
0.1772 238
0.1773 234
0.1774 236
0.1775 235
0.1776 247
0.1777 243
0.1778 247
0.1779 255
0.178 256
0.1781 259
0.1782 268
0.1783 265
0.1784 272
0.1785 281
0.1786 287
0.1787 292
0.1788 295
0.1789 302
0.179 306
0.1791 309
0.1792 318
0.1793 323
0.1794 327
0.1795 324
0.1796 325
0.1797 326
0.1798 326
0.1799 319
0.18 318
0.1801 311
0.1802 304
0.1803 300
0.1804 299
0.1805 292
0.1806 288
0.1807 286
0.1808 285
0.1809 286
0.181 284
0.1811 280
0.1812 277
0.1813 268
0.1814 262
0.1815 261
0.1816 259
0.1817 258
0.1818 257
0.1819 259
0.182 256
0.1821 252
0.1822 248
0.1823 248
0.1824 247
0.1825 247
0.1826 242
0.1827 240
0.1828 241
0.1829 245
0.183 246
0.1831 244
0.1832 247
0.1833 253
0.1834 258
0.1835 258
0.1836 260
0.1837 261
0.1838 264
0.1839 270
0.184 275
0.1841 281
0.1842 278
0.1843 271
0.1844 270
0.1845 267
0.1846 267
0.1847 270
0.1848 266
0.1849 268
0.185 272
0.1851 269
0.1852 265
0.1853 260
0.1854 254
0.1855 251
0.1856 243
0.1857 243
0.1858 243
0.1859 232
0.186 227
0.1861 222
0.1862 216
0.1863 209
0.1864 202
0.1865 201
0.1866 200
0.1867 196
0.1868 193
0.1869 190
0.187 184
0.1871 181
0.1872 179
0.1873 176
0.1874 171
0.1875 171
0.1876 173
0.1877 170
0.1878 169
0.1879 170
0.188 166
0.1881 166
0.1882 162
0.1883 163
0.1884 171
0.1885 182
0.1886 185
0.1887 185
0.1888 189
0.1889 190
0.189 185
0.1891 178
0.1892 179
0.1893 179
0.1894 184
0.1895 184
0.1896 181
0.1897 182
0.1898 182
0.1899 179
0.19 178
0.1901 177
0.1902 174
0.1903 174
0.1904 174
0.1905 170
0.1906 168
0.1907 167
0.1908 165
0.1909 161
0.191 160
0.1911 159
0.1912 156
0.1913 156
0.1914 153
0.1915 151
0.1916 149
0.1917 146
0.1918 146
0.1919 141
0.192 144
0.1921 142
0.1922 149
0.1923 153
0.1924 156
0.1925 160
0.1926 161
0.1927 155
0.1928 154
0.1929 149
0.193 145
0.1931 141
0.1932 138
0.1933 134
0.1934 136
0.1935 140
0.1936 144
0.1937 149
0.1938 154
0.1939 156
0.194 158
0.1941 163
0.1942 162
0.1943 161
0.1944 162
0.1945 164
0.1946 164
0.1947 164
0.1948 168
0.1949 165
0.195 165
0.1951 177
0.1952 178
0.1953 187
0.1954 191
0.1955 187
0.1956 186
0.1957 181
0.1958 178
0.1959 179
0.196 185
0.1961 191
0.1962 191
0.1963 195
0.1964 198
0.1965 204
0.1966 206
0.1967 207
0.1968 212
0.1969 213
0.197 207
0.1971 208
0.1972 212
0.1973 209
0.1974 209
0.1975 218
0.1976 210
0.1977 212
0.1978 213
0.1979 211
0.198 209
0.1981 208
0.1982 202
0.1983 200
0.1984 199
0.1985 198
0.1986 196
0.1987 189
0.1988 195
0.1989 204
0.199 206
0.1991 206
0.1992 211
0.1993 211
0.1994 208
0.1995 205
0.1996 209
0.1997 203
0.1998 202
0.1999 204
0.2 208
0.2001 205
0.2002 206
0.2003 207
0.2004 209
0.2005 211
0.2006 216
0.2007 214
0.2008 225
0.2009 221
0.201 223
0.2011 230
0.2012 235
0.2013 234
0.2014 232
0.2015 234
0.2016 232
0.2017 235
0.2018 234
0.2019 234
0.202 236
0.2021 236
0.2022 245
0.2023 245
0.2024 244
0.2025 248
0.2026 251
0.2027 250
0.2028 254
0.2029 249
0.203 246
0.2031 251
0.2032 254
0.2033 255
0.2034 254
0.2035 256
0.2036 259
0.2037 255
0.2038 250
0.2039 246
0.204 237
0.2041 231
0.2042 236
0.2043 236
0.2044 236
0.2045 249
0.2046 255
0.2047 258
0.2048 251
0.2049 251
0.205 250
0.2051 248
0.2052 247
0.2053 237
0.2054 237
0.2055 243
0.2056 244
0.2057 250
0.2058 249
0.2059 251
0.206 250
0.2061 245
0.2062 245
0.2063 244
0.2064 243
0.2065 244
0.2066 248
0.2067 246
0.2068 248
0.2069 242
0.207 244
0.2071 236
0.2072 234
0.2073 231
0.2074 228
0.2075 231
0.2076 228
0.2077 227
0.2078 235
0.2079 241
0.208 241
0.2081 240
0.2082 240
0.2083 237
0.2084 235
0.2085 237
0.2086 241
0.2087 243
0.2088 241
0.2089 237
0.209 236
0.2091 230
0.2092 228
0.2093 227
0.2094 230
0.2095 228
0.2096 224
0.2097 223
0.2098 228
0.2099 231
0.21 236
0.2101 235
0.2102 240
0.2103 240
0.2104 241
0.2105 240
0.2106 243
0.2107 245
0.2108 243
0.2109 240
0.211 238
0.2111 240
0.2112 235
0.2113 240
0.2114 242
0.2115 237
0.2116 238
0.2117 241
0.2118 248
0.2119 249
0.212 245
0.2121 241
0.2122 235
0.2123 229
0.2124 224
0.2125 220
0.2126 221
0.2127 226
0.2128 218
0.2129 212
0.213 212
0.2131 205
0.2132 208
0.2133 208
0.2134 204
0.2135 209
0.2136 213
0.2137 214
0.2138 209
0.2139 211
0.214 207
0.2141 206
0.2142 213
0.2143 215
0.2144 216
0.2145 220
0.2146 222
0.2147 219
0.2148 215
0.2149 216
0.215 213
0.2151 211
0.2152 210
0.2153 212
0.2154 216
0.2155 218
0.2156 226
0.2157 224
0.2158 222
0.2159 225
0.216 226
0.2161 226
0.2162 230
0.2163 228
0.2164 227
0.2165 225
0.2166 225
0.2167 228
0.2168 232
0.2169 236
0.217 236
0.2171 234
0.2172 235
0.2173 233
0.2174 225
0.2175 221
0.2176 219
0.2177 216
0.2178 211
0.2179 215
0.218 218
0.2181 218
0.2182 216
0.2183 215
0.2184 214
0.2185 208
0.2186 209
0.2187 214
0.2188 214
0.2189 210
0.219 219
0.2191 223
0.2192 227
0.2193 233
0.2194 236
0.2195 244
0.2196 251
0.2197 261
0.2198 270
0.2199 272
0.22 271
0.2201 277
0.2202 287
0.2203 288
0.2204 292
0.2205 295
0.2206 297
0.2207 297
0.2208 301
0.2209 300
0.221 300
0.2211 298
0.2212 300
0.2213 298
0.2214 302
0.2215 304
0.2216 304
0.2217 307
0.2218 306
0.2219 309
0.222 310
0.2221 311
0.2222 315
0.2223 315
0.2224 316
0.2225 317
0.2226 322
0.2227 320
0.2228 320
0.2229 323
0.223 324
0.2231 329
0.2232 330
0.2233 333
0.2234 337
0.2235 341
0.2236 345
0.2237 351
0.2238 357
0.2239 357
0.224 361
0.2241 364
0.2242 364
0.2243 371
0.2244 377
0.2245 379
0.2246 386
0.2247 393
0.2248 397
0.2249 402
0.225 404
0.2251 409
0.2252 409
0.2253 412
0.2254 418
0.2255 419
0.2256 426
0.2257 431
0.2258 434
0.2259 439
0.226 443
0.2261 448
0.2262 452
0.2263 460
0.2264 461
0.2265 464
0.2266 469
0.2267 474
0.2268 478
0.2269 484
0.227 486
0.2271 490
0.2272 494
0.2273 498
0.2274 505
0.2275 507
0.2276 512
0.2277 518
0.2278 524
0.2279 533
0.228 541
0.2281 547
0.2282 554
0.2283 561
0.2284 567
0.2285 576
0.2286 586
0.2287 592
0.2288 597
0.2289 607
0.229 611
0.2291 618
0.2292 631
0.2293 637
0.2294 639
0.2295 650
0.2296 654
0.2297 662
0.2298 672
0.2299 679
0.23 683
0.2301 691
0.2302 702
0.2303 707
0.2304 716
0.2305 727
0.2306 739
0.2307 747
0.2308 750
0.2309 756
0.231 765
0.2311 771
0.2312 781
0.2313 786
0.2314 795
0.2315 799
0.2316 804
0.2317 809
0.2318 818
0.2319 829
0.232 838
0.2321 849
0.2322 856
0.2323 867
0.2324 871
0.2325 883
0.2326 901
0.2327 913
0.2328 923
0.2329 935
0.233 948
0.2331 958
0.2332 970
0.2333 984
0.2334 994
0.2335 1002
0.2336 1014
0.2337 1024
0.2338 1030
0.2339 1045
0.234 1051
0.2341 1063
0.2342 1076
0.2343 1088
0.2344 1104
0.2345 1110
0.2346 1127
0.2347 1139
0.2348 1149
0.2349 1164
0.235 1175
0.2351 1184
0.2352 1188
0.2353 1196
0.2354 1211
0.2355 1225
0.2356 1231
0.2357 1239
0.2358 1253
0.2359 1259
0.236 1269
0.2361 1274
0.2362 1279
0.2363 1288
0.2364 1300
0.2365 1303
0.2366 1321
0.2367 1327
0.2368 1333
0.2369 1343
0.237 1348
0.2371 1357
0.2372 1364
0.2373 1376
0.2374 1382
0.2375 1392
0.2376 1404
0.2377 1415
0.2378 1425
0.2379 1431
0.238 1437
0.2381 1444
0.2382 1455
0.2383 1468
0.2384 1472
0.2385 1481
0.2386 1489
0.2387 1493
0.2388 1504
0.2389 1513
0.239 1519
0.2391 1529
0.2392 1534
0.2393 1545
0.2394 1552
0.2395 1559
0.2396 1563
0.2397 1569
0.2398 1584
0.2399 1594
0.24 1600
0.2401 1600
0.2402 1610
0.2403 1617
0.2404 1628
0.2405 1629
0.2406 1637
0.2407 1654
0.2408 1661
0.2409 1658
0.241 1661
0.2411 1664
0.2412 1653
0.2413 1653
0.2414 1658
0.2415 1649
0.2416 1643
0.2417 1626
0.2418 1596
0.2419 1573
0.242 1532
0.2421 1501
0.2422 1469
0.2423 1437
0.2424 1407
0.2425 1384
0.2426 1359
0.2427 1329
0.2428 1288
0.2429 1253
0.243 1220
0.2431 1176
0.2432 1138
0.2433 1113
0.2434 1090
0.2435 1065
0.2436 1031
0.2437 1001
0.2438 968
0.2439 940
0.244 914
0.2441 890
0.2442 868
0.2443 851
0.2444 828
0.2445 816
0.2446 804
0.2447 788
0.2448 771
0.2449 754
0.245 742
0.2451 734
0.2452 715
0.2453 698
0.2454 686
0.2455 675
0.2456 659
0.2457 640
0.2458 626
0.2459 617
0.246 607
0.2461 591
0.2462 581
0.2463 564
0.2464 560
0.2465 542
0.2466 534
0.2467 521
0.2468 515
0.2469 514
0.247 505
0.2471 495
0.2472 492
0.2473 483
0.2474 476
0.2475 475
0.2476 478
0.2477 473
0.2478 478
0.2479 473
0.248 470
0.2481 468
0.2482 468
0.2483 464
0.2484 464
0.2485 459
0.2486 456
0.2487 452
0.2488 441
0.2489 447
0.249 439
0.2491 429
0.2492 422
0.2493 422
0.2494 413
0.2495 404
0.2496 398
0.2497 394
0.2498 394
0.2499 396
0.25 402
