0 0
0.0001 0
0.0002 0
0.0003 0
0.0004 0
0.0005 0
0.0006 0
0.0007 0
0.0008 0
0.0009 0
0.001 0
0.0011 0
0.0012 0
0.0013 0
0.0014 0
0.0015 0
0.0016 0
0.0017 0
0.0018 0
0.0019 0
0.002 0
0.0021 0
0.0022 0
0.0023 0
0.0024 0
0.0025 0
0.0026 0
0.0027 0
0.0028 0
0.0029 0
0.003 0
0.0031 0
0.0032 0
0.0033 0
0.0034 0
0.0035 0
0.0036 0
0.0037 0
0.0038 0
0.0039 0
0.004 0
0.0041 0
0.0042 0
0.0043 0
0.0044 0
0.0045 0
0.0046 0
0.0047 0
0.0048 0
0.0049 0
0.005 1
0.0051 1
0.0052 2
0.0053 2
0.0054 2
0.0055 2
0.0056 2
0.0057 2
0.0058 2
0.0059 1
0.006 1
0.0061 1
0.0062 1
0.0063 1
0.0064 1
0.0065 1
0.0066 1
0.0067 1
0.0068 1
0.0069 2
0.007 2
0.0071 3
0.0072 3
0.0073 3
0.0074 3
0.0075 2
0.0076 2
0.0077 2
0.0078 2
0.0079 2
0.008 2
0.0081 2
0.0082 3
0.0083 4
0.0084 4
0.0085 5
0.0086 5
0.0087 5
0.0088 5
0.0089 5
0.009 5
0.0091 5
0.0092 5
0.0093 5
0.0094 5
0.0095 5
0.0096 5
0.0097 5
0.0098 6
0.0099 6
0.01 6
0.0101 5
0.0102 5
0.0103 5
0.0104 5
0.0105 5
0.0106 5
0.0107 5
0.0108 5
0.0109 8
0.011 9
0.0111 9
0.0112 9
0.0113 9
0.0114 8
0.0115 9
0.0116 9
0.0117 9
0.0118 11
0.0119 11
0.012 11
0.0121 11
0.0122 11
0.0123 10
0.0124 9
0.0125 9
0.0126 10
0.0127 10
0.0128 10
0.0129 10
0.013 10
0.0131 11
0.0132 11
0.0133 11
0.0134 13
0.0135 13
0.0136 13
0.0137 12
0.0138 12
0.0139 12
0.014 12
0.0141 13
0.0142 12
0.0143 12
0.0144 12
0.0145 12
0.0146 11
0.0147 11
0.0148 11
0.0149 11
0.015 12
0.0151 11
0.0152 12
0.0153 12
0.0154 13
0.0155 14
0.0156 13
0.0157 15
0.0158 15
0.0159 15
0.016 15
0.0161 15
0.0162 15
0.0163 16
0.0164 15
0.0165 12
0.0166 15
0.0167 15
0.0168 15
0.0169 14
0.017 15
0.0171 16
0.0172 17
0.0173 17
0.0174 17
0.0175 17
0.0176 17
0.0177 18
0.0178 19
0.0179 19
0.018 19
0.0181 19
0.0182 17
0.0183 17
0.0184 16
0.0185 16
0.0186 14
0.0187 14
0.0188 14
0.0189 14
0.019 14
0.0191 16
0.0192 16
0.0193 16
0.0194 17
0.0195 17
0.0196 18
0.0197 19
0.0198 19
0.0199 19
0.02 20
0.0201 20
0.0202 20
0.0203 19
0.0204 22
0.0205 22
0.0206 22
0.0207 23
0.0208 22
0.0209 23
0.021 21
0.0211 23
0.0212 23
0.0213 22
0.0214 24
0.0215 24
0.0216 26
0.0217 26
0.0218 27
0.0219 27
0.022 27
0.0221 26
0.0222 27
0.0223 26
0.0224 27
0.0225 28
0.0226 29
0.0227 29
0.0228 29
0.0229 30
0.023 30
0.0231 31
0.0232 31
0.0233 32
0.0234 33
0.0235 34
0.0236 35
0.0237 35
0.0238 36
0.0239 35
0.024 37
0.0241 38
0.0242 38
0.0243 40
0.0244 40
0.0245 40
0.0246 40
0.0247 40
0.0248 40
0.0249 40
0.025 41
0.0251 42
0.0252 42
0.0253 43
0.0254 41
0.0255 42
0.0256 43
0.0257 44
0.0258 44
0.0259 44
0.026 43
0.0261 43
0.0262 44
0.0263 45
0.0264 46
0.0265 47
0.0266 48
0.0267 48
0.0268 49
0.0269 53
0.027 53
0.0271 53
0.0272 54
0.0273 54
0.0274 53
0.0275 54
0.0276 53
0.0277 52
0.0278 52
0.0279 53
0.028 56
0.0281 55
0.0282 53
0.0283 52
0.0284 52
0.0285 52
0.0286 52
0.0287 53
0.0288 53
0.0289 53
0.029 53
0.0291 54
0.0292 52
0.0293 53
0.0294 55
0.0295 54
0.0296 55
0.0297 57
0.0298 57
0.0299 59
0.03 62
0.0301 59
0.0302 60
0.0303 60
0.0304 63
0.0305 63
0.0306 63
0.0307 62
0.0308 63
0.0309 63
0.031 62
0.0311 64
0.0312 64
0.0313 64
0.0314 64
0.0315 64
0.0316 63
0.0317 62
0.0318 60
0.0319 59
0.032 58
0.0321 57
0.0322 58
0.0323 59
0.0324 58
0.0325 59
0.0326 58
0.0327 60
0.0328 59
0.0329 59
0.033 60
0.0331 61
0.0332 61
0.0333 62
0.0334 62
0.0335 62
0.0336 60
0.0337 60
0.0338 60
0.0339 61
0.034 62
0.0341 62
0.0342 63
0.0343 62
0.0344 61
0.0345 62
0.0346 63
0.0347 64
0.0348 65
0.0349 66
0.035 67
0.0351 69
0.0352 69
0.0353 69
0.0354 69
0.0355 68
0.0356 67
0.0357 69
0.0358 69
0.0359 69
0.036 70
0.0361 72
0.0362 71
0.0363 72
0.0364 73
0.0365 71
0.0366 71
0.0367 71
0.0368 69
0.0369 73
0.037 73
0.0371 73
0.0372 73
0.0373 77
0.0374 76
0.0375 76
0.0376 77
0.0377 78
0.0378 78
0.0379 77
0.038 78
0.0381 79
0.0382 78
0.0383 78
0.0384 79
0.0385 80
0.0386 80
0.0387 79
0.0388 79
0.0389 78
0.039 78
0.0391 78
0.0392 78
0.0393 78
0.0394 78
0.0395 77
0.0396 75
0.0397 73
0.0398 74
0.0399 75
0.04 75
0.0401 76
0.0402 76
0.0403 77
0.0404 77
0.0405 76
0.0406 77
0.0407 77
0.0408 79
0.0409 78
0.041 76
0.0411 77
0.0412 79
0.0413 78
0.0414 78
0.0415 78
0.0416 79
0.0417 80
0.0418 80
0.0419 80
0.042 82
0.0421 81
0.0422 82
0.0423 82
0.0424 82
0.0425 82
0.0426 81
0.0427 82
0.0428 84
0.0429 85
0.043 86
0.0431 88
0.0432 87
0.0433 86
0.0434 86
0.0435 85
0.0436 87
0.0437 86
0.0438 86
0.0439 87
0.044 87
0.0441 88
0.0442 88
0.0443 87
0.0444 86
0.0445 85
0.0446 86
0.0447 87
0.0448 87
0.0449 87
0.045 86
0.0451 88
0.0452 89
0.0453 88
0.0454 89
0.0455 89
0.0456 89
0.0457 88
0.0458 86
0.0459 84
0.046 82
0.0461 81
0.0462 81
0.0463 81
0.0464 81
0.0465 84
0.0466 85
0.0467 85
0.0468 86
0.0469 85
0.047 86
0.0471 87
0.0472 87
0.0473 89
0.0474 89
0.0475 89
0.0476 91
0.0477 94
0.0478 96
0.0479 95
0.048 94
0.0481 95
0.0482 94
0.0483 93
0.0484 93
0.0485 95
0.0486 95
0.0487 95
0.0488 94
0.0489 95
0.049 95
0.0491 96
0.0492 94
0.0493 95
0.0494 98
0.0495 98
0.0496 96
0.0497 96
0.0498 97
0.0499 96
0.05 96
0.0501 96
0.0502 96
0.0503 95
0.0504 96
0.0505 95
0.0506 97
0.0507 97
0.0508 99
0.0509 99
0.051 97
0.0511 101
0.0512 102
0.0513 101
0.0514 101
0.0515 101
0.0516 101
0.0517 101
0.0518 101
0.0519 104
0.052 105
0.0521 106
0.0522 106
0.0523 108
0.0524 108
0.0525 108
0.0526 108
0.0527 106
0.0528 106
0.0529 105
0.053 105
0.0531 108
0.0532 108
0.0533 109
0.0534 110
0.0535 113
0.0536 111
0.0537 112
0.0538 112
0.0539 112
0.054 112
0.0541 112
0.0542 112
0.0543 115
0.0544 114
0.0545 114
0.0546 116
0.0547 117
0.0548 118
0.0549 118
0.055 119
0.0551 118
0.0552 117
0.0553 114
0.0554 115
0.0555 116
0.0556 117
0.0557 116
0.0558 118
0.0559 118
0.056 118
0.0561 120
0.0562 122
0.0563 121
0.0564 121
0.0565 121
0.0566 121
0.0567 123
0.0568 123
0.0569 122
0.057 120
0.0571 121
0.0572 122
0.0573 123
0.0574 121
0.0575 123
0.0576 123
0.0577 123
0.0578 124
0.0579 124
0.058 125
0.0581 125
0.0582 126
0.0583 126
0.0584 126
0.0585 127
0.0586 128
0.0587 128
0.0588 127
0.0589 127
0.059 128
0.0591 129
0.0592 128
0.0593 129
0.0594 128
0.0595 128
0.0596 125
0.0597 126
0.0598 124
0.0599 124
0.06 125
0.0601 126
0.0602 127
0.0603 127
0.0604 128
0.0605 129
0.0606 131
0.0607 131
0.0608 132
0.0609 132
0.061 131
0.0611 132
0.0612 130
0.0613 130
0.0614 131
0.0615 130
0.0616 130
0.0617 130
0.0618 131
0.0619 132
0.062 130
0.0621 130
0.0622 131
0.0623 132
0.0624 131
0.0625 128
0.0626 126
0.0627 125
0.0628 125
0.0629 124
0.063 125
0.0631 125
0.0632 124
0.0633 122
0.0634 122
0.0635 124
0.0636 125
0.0637 124
0.0638 124
0.0639 124
0.064 125
0.0641 124
0.0642 127
0.0643 126
0.0644 127
0.0645 127
0.0646 128
0.0647 127
0.0648 126
0.0649 129
0.065 130
0.0651 130
0.0652 130
0.0653 131
0.0654 129
0.0655 130
0.0656 130
0.0657 130
0.0658 130
0.0659 130
0.066 130
0.0661 129
0.0662 128
0.0663 129
0.0664 130
0.0665 129
0.0666 128
0.0667 129
0.0668 130
0.0669 128
0.067 126
0.0671 127
0.0672 128
0.0673 128
0.0674 129
0.0675 129
0.0676 130
0.0677 130
0.0678 130
0.0679 129
0.068 129
0.0681 128
0.0682 129
0.0683 129
0.0684 129
0.0685 129
0.0686 129
0.0687 129
0.0688 131
0.0689 129
0.069 130
0.0691 129
0.0692 129
0.0693 129
0.0694 131
0.0695 131
0.0696 131
0.0697 132
0.0698 132
0.0699 131
0.07 129
0.0701 129
0.0702 128
0.0703 129
0.0704 133
0.0705 133
0.0706 133
0.0707 134
0.0708 133
0.0709 133
0.071 131
0.0711 131
0.0712 130
0.0713 131
0.0714 132
0.0715 132
0.0716 132
0.0717 133
0.0718 132
0.0719 135
0.072 138
0.0721 138
0.0722 139
0.0723 140
0.0724 141
0.0725 141
0.0726 142
0.0727 144
0.0728 145
0.0729 145
0.073 145
0.0731 146
0.0732 147
0.0733 148
0.0734 149
0.0735 148
0.0736 148
0.0737 148
0.0738 150
0.0739 147
0.074 147
0.0741 148
0.0742 147
0.0743 148
0.0744 145
0.0745 146
0.0746 146
0.0747 145
0.0748 145
0.0749 144
0.075 143
0.0751 144
0.0752 145
0.0753 144
0.0754 139
0.0755 139
0.0756 139
0.0757 138
0.0758 139
0.0759 138
0.076 138
0.0761 137
0.0762 137
0.0763 138
0.0764 140
0.0765 140
0.0766 140
0.0767 141
0.0768 141
0.0769 141
0.077 141
0.0771 139
0.0772 140
0.0773 140
0.0774 140
0.0775 141
0.0776 143
0.0777 142
0.0778 142
0.0779 140
0.078 141
0.0781 141
0.0782 143
0.0783 143
0.0784 145
0.0785 145
0.0786 148
0.0787 149
0.0788 151
0.0789 151
0.079 151
0.0791 151
0.0792 152
0.0793 151
0.0794 153
0.0795 151
0.0796 151
0.0797 151
0.0798 150
0.0799 152
0.08 152
0.0801 152
0.0802 152
0.0803 154
0.0804 152
0.0805 153
0.0806 153
0.0807 155
0.0808 154
0.0809 154
0.081 156
0.0811 156
0.0812 156
0.0813 157
0.0814 158
0.0815 157
0.0816 158
0.0817 158
0.0818 160
0.0819 160
0.082 161
0.0821 162
0.0822 161
0.0823 160
0.0824 159
0.0825 158
0.0826 159
0.0827 158
0.0828 160
0.0829 158
0.083 158
0.0831 159
0.0832 156
0.0833 154
0.0834 155
0.0835 155
0.0836 157
0.0837 157
0.0838 159
0.0839 159
0.084 161
0.0841 162
0.0842 165
0.0843 165
0.0844 166
0.0845 166
0.0846 165
0.0847 167
0.0848 166
0.0849 165
0.085 164
0.0851 164
0.0852 163
0.0853 162
0.0854 162
0.0855 162
0.0856 160
0.0857 160
0.0858 160
0.0859 159
0.086 159
0.0861 159
0.0862 159
0.0863 159
0.0864 160
0.0865 163
0.0866 162
0.0867 161
0.0868 163
0.0869 163
0.087 162
0.0871 162
0.0872 161
0.0873 162
0.0874 164
0.0875 165
0.0876 165
0.0877 164
0.0878 163
0.0879 162
0.088 163
0.0881 164
0.0882 164
0.0883 163
0.0884 162
0.0885 163
0.0886 162
0.0887 165
0.0888 162
0.0889 161
0.089 164
0.0891 167
0.0892 166
0.0893 165
0.0894 163
0.0895 161
0.0896 164
0.0897 165
0.0898 165
0.0899 164
0.09 163
0.0901 161
0.0902 161
0.0903 162
0.0904 163
0.0905 165
0.0906 165
0.0907 166
0.0908 168
0.0909 168
0.091 169
0.0911 169
0.0912 169
0.0913 170
0.0914 171
0.0915 171
0.0916 173
0.0917 173
0.0918 172
0.0919 171
0.092 168
0.0921 170
0.0922 171
0.0923 172
0.0924 173
0.0925 173
0.0926 174
0.0927 175
0.0928 176
0.0929 177
0.093 177
0.0931 179
0.0932 179
0.0933 179
0.0934 179
0.0935 180
0.0936 179
0.0937 178
0.0938 177
0.0939 178
0.094 178
0.0941 180
0.0942 180
0.0943 178
0.0944 177
0.0945 178
0.0946 179
0.0947 178
0.0948 179
0.0949 180
0.095 180
0.0951 179
0.0952 179
0.0953 176
0.0954 176
0.0955 175
0.0956 174
0.0957 177
0.0958 179
0.0959 179
0.096 178
0.0961 177
0.0962 178
0.0963 178
0.0964 179
0.0965 181
0.0966 180
0.0967 180
0.0968 180
0.0969 180
0.097 178
0.0971 177
0.0972 176
0.0973 176
0.0974 177
0.0975 178
0.0976 176
0.0977 177
0.0978 176
0.0979 177
0.098 177
0.0981 177
0.0982 176
0.0983 176
0.0984 177
0.0985 178
0.0986 178
0.0987 180
0.0988 179
0.0989 177
0.099 178
0.0991 178
0.0992 177
0.0993 176
0.0994 173
0.0995 172
0.0996 171
0.0997 173
0.0998 174
0.0999 174
0.1 174
