0 0
0.0001 0
0.0002 0
0.0003 0
0.0004 1
0.0005 1
0.0006 1
0.0007 1
0.0008 2
0.0009 2
0.001 2
0.0011 2
0.0012 2
0.0013 3
0.0014 4
0.0015 4
0.0016 4
0.0017 4
0.0018 3
0.0019 2
0.002 1
0.0021 1
0.0022 1
0.0023 1
0.0024 1
0.0025 1
0.0026 0
0.0027 0
0.0028 0
0.0029 0
0.003 0
0.0031 0
0.0032 0
0.0033 0
0.0034 0
0.0035 0
0.0036 0
0.0037 0
0.0038 0
0.0039 0
0.004 0
0.0041 0
0.0042 0
0.0043 0
0.0044 0
0.0045 0
0.0046 0
0.0047 0
0.0048 0
0.0049 0
0.005 0
0.0051 0
0.0052 0
0.0053 0
0.0054 0
0.0055 0
0.0056 0
0.0057 0
0.0058 1
0.0059 1
0.006 1
0.0061 0
0.0062 1
0.0063 1
0.0064 1
0.0065 1
0.0066 1
0.0067 1
0.0068 1
0.0069 1
0.007 1
0.0071 1
0.0072 1
0.0073 1
0.0074 1
0.0075 2
0.0076 1
0.0077 1
0.0078 1
0.0079 1
0.008 1
0.0081 1
0.0082 1
0.0083 1
0.0084 1
0.0085 1
0.0086 1
0.0087 1
0.0088 1
0.0089 1
0.009 2
0.0091 2
0.0092 3
0.0093 4
0.0094 4
0.0095 4
0.0096 4
0.0097 4
0.0098 4
0.0099 3
0.01 3
0.0101 3
0.0102 3
0.0103 3
0.0104 3
0.0105 3
0.0106 3
0.0107 3
0.0108 2
0.0109 2
0.011 2
0.0111 2
0.0112 2
0.0113 3
0.0114 3
0.0115 3
0.0116 3
0.0117 4
0.0118 5
0.0119 5
0.012 4
0.0121 4
0.0122 4
0.0123 5
0.0124 5
0.0125 5
0.0126 5
0.0127 5
0.0128 5
0.0129 5
0.013 5
0.0131 5
0.0132 5
0.0133 6
0.0134 6
0.0135 6
0.0136 6
0.0137 6
0.0138 6
0.0139 6
0.014 5
0.0141 4
0.0142 4
0.0143 4
0.0144 4
0.0145 4
0.0146 4
0.0147 5
0.0148 5
0.0149 5
0.015 5
0.0151 5
0.0152 5
0.0153 5
0.0154 5
0.0155 6
0.0156 5
0.0157 5
0.0158 6
0.0159 6
0.016 6
0.0161 6
0.0162 6
0.0163 5
0.0164 5
0.0165 5
0.0166 6
0.0167 6
0.0168 6
0.0169 7
0.017 7
0.0171 8
0.0172 8
0.0173 8
0.0174 7
0.0175 7
0.0176 7
0.0177 7
0.0178 7
0.0179 6
0.018 6
0.0181 6
0.0182 6
0.0183 6
0.0184 6
0.0185 8
0.0186 8
0.0187 9
0.0188 10
0.0189 10
0.019 10
0.0191 11
0.0192 11
0.0193 11
0.0194 11
0.0195 11
0.0196 11
0.0197 10
0.0198 9
0.0199 9
0.02 9
0.0201 8
0.0202 7
0.0203 7
0.0204 7
0.0205 7
0.0206 7
0.0207 7
0.0208 7
0.0209 8
0.021 8
0.0211 8
0.0212 8
0.0213 8
0.0214 8
0.0215 8
0.0216 8
0.0217 9
0.0218 9
0.0219 9
0.022 9
0.0221 10
0.0222 10
0.0223 10
0.0224 10
0.0225 10
0.0226 10
0.0227 10
0.0228 10
0.0229 12
0.023 12
0.0231 12
0.0232 12
0.0233 12
0.0234 12
0.0235 12
0.0236 12
0.0237 11
0.0238 10
0.0239 11
0.024 11
0.0241 11
0.0242 11
0.0243 12
0.0244 12
0.0245 11
0.0246 11
0.0247 10
0.0248 10
0.0249 10
0.025 10
0.0251 10
0.0252 10
0.0253 10
0.0254 12
0.0255 12
0.0256 12
0.0257 13
0.0258 13
0.0259 12
0.026 12
0.0261 12
0.0262 12
0.0263 12
0.0264 12
0.0265 13
0.0266 14
0.0267 13
0.0268 12
0.0269 12
0.027 12
0.0271 11
0.0272 11
0.0273 11
0.0274 11
0.0275 11
0.0276 10
0.0277 10
0.0278 9
0.0279 9
0.028 8
0.0281 9
0.0282 9
0.0283 10
0.0284 10
0.0285 10
0.0286 9
0.0287 8
0.0288 8
0.0289 8
0.029 8
0.0291 9
0.0292 9
0.0293 9
0.0294 9
0.0295 9
0.0296 9
0.0297 9
0.0298 9
0.0299 9
0.03 9
0.0301 10
0.0302 10
0.0303 10
0.0304 10
0.0305 9
0.0306 9
0.0307 9
0.0308 9
0.0309 10
0.031 7
0.0311 7
0.0312 7
0.0313 7
0.0314 8
0.0315 8
0.0316 8
0.0317 10
0.0318 10
0.0319 11
0.032 11
0.0321 11
0.0322 12
0.0323 11
0.0324 11
0.0325 11
0.0326 11
0.0327 11
0.0328 11
0.0329 11
0.033 11
0.0331 11
0.0332 12
0.0333 12
0.0334 12
0.0335 12
0.0336 12
0.0337 12
0.0338 12
0.0339 12
0.034 12
0.0341 12
0.0342 13
0.0343 12
0.0344 13
0.0345 12
0.0346 12
0.0347 12
0.0348 12
0.0349 12
0.035 10
0.0351 10
0.0352 9
0.0353 10
0.0354 9
0.0355 9
0.0356 10
0.0357 10
0.0358 10
0.0359 9
0.036 9
0.0361 8
0.0362 9
0.0363 10
0.0364 10
0.0365 10
0.0366 10
0.0367 10
0.0368 10
0.0369 11
0.037 11
0.0371 11
0.0372 11
0.0373 12
0.0374 12
0.0375 12
0.0376 11
0.0377 12
0.0378 12
0.0379 12
0.038 12
0.0381 11
0.0382 11
0.0383 11
0.0384 12
0.0385 12
0.0386 13
0.0387 13
0.0388 14
0.0389 14
0.039 14
0.0391 14
0.0392 14
0.0393 14
0.0394 14
0.0395 14
0.0396 14
0.0397 14
0.0398 14
0.0399 14
0.04 14
0.0401 14
0.0402 15
0.0403 15
0.0404 15
0.0405 15
0.0406 14
0.0407 15
0.0408 14
0.0409 14
0.041 14
0.0411 14
0.0412 14
0.0413 14
0.0414 14
0.0415 15
0.0416 15
0.0417 16
0.0418 16
0.0419 16
0.042 17
0.0421 17
0.0422 17
0.0423 17
0.0424 16
0.0425 16
0.0426 15
0.0427 16
0.0428 16
0.0429 16
0.043 16
0.0431 16
0.0432 16
0.0433 16
0.0434 16
0.0435 17
0.0436 17
0.0437 18
0.0438 18
0.0439 19
0.044 20
0.0441 22
0.0442 22
0.0443 23
0.0444 22
0.0445 22
0.0446 22
0.0447 22
0.0448 22
0.0449 22
0.045 22
0.0451 22
0.0452 23
0.0453 23
0.0454 23
0.0455 23
0.0456 24
0.0457 23
0.0458 23
0.0459 23
0.046 22
0.0461 22
0.0462 22
0.0463 22
0.0464 22
0.0465 22
0.0466 22
0.0467 23
0.0468 22
0.0469 22
0.047 22
0.0471 22
0.0472 22
0.0473 22
0.0474 22
0.0475 22
0.0476 23
0.0477 23
0.0478 23
0.0479 23
0.048 23
0.0481 23
0.0482 23
0.0483 23
0.0484 23
0.0485 23
0.0486 23
0.0487 23
0.0488 23
0.0489 22
0.049 22
0.0491 23
0.0492 23
0.0493 22
0.0494 23
0.0495 23
0.0496 24
0.0497 24
0.0498 23
0.0499 23
0.05 23
0.0501 23
0.0502 23
0.0503 24
0.0504 24
0.0505 24
0.0506 26
0.0507 26
0.0508 26
0.0509 26
0.051 23
0.0511 23
0.0512 23
0.0513 23
0.0514 23
0.0515 23
0.0516 23
0.0517 24
0.0518 24
0.0519 26
0.052 27
0.0521 27
0.0522 26
0.0523 26
0.0524 27
0.0525 27
0.0526 27
0.0527 28
0.0528 28
0.0529 28
0.053 27
0.0531 26
0.0532 26
0.0533 25
0.0534 24
0.0535 25
0.0536 26
0.0537 26
0.0538 26
0.0539 26
0.054 27
0.0541 27
0.0542 27
0.0543 27
0.0544 27
0.0545 26
0.0546 25
0.0547 26
0.0548 26
0.0549 25
0.055 26
0.0551 26
0.0552 25
0.0553 25
0.0554 25
0.0555 23
0.0556 23
0.0557 23
0.0558 22
0.0559 22
0.056 22
0.0561 22
0.0562 22
0.0563 22
0.0564 22
0.0565 22
0.0566 22
0.0567 22
0.0568 23
0.0569 23
0.057 23
0.0571 22
0.0572 22
0.0573 23
0.0574 23
0.0575 23
0.0576 22
0.0577 21
0.0578 21
0.0579 21
0.058 22
0.0581 22
0.0582 21
0.0583 21
0.0584 21
0.0585 22
0.0586 22
0.0587 22
0.0588 22
0.0589 22
0.059 22
0.0591 22
0.0592 22
0.0593 22
0.0594 22
0.0595 22
0.0596 21
0.0597 21
0.0598 20
0.0599 21
0.06 22
0.0601 22
0.0602 21
0.0603 21
0.0604 21
0.0605 21
0.0606 22
0.0607 22
0.0608 22
0.0609 22
0.061 23
0.0611 24
0.0612 25
0.0613 25
0.0614 25
0.0615 24
0.0616 25
0.0617 25
0.0618 25
0.0619 24
0.062 23
0.0621 24
0.0622 24
0.0623 25
0.0624 25
0.0625 24
0.0626 25
0.0627 25
0.0628 25
0.0629 25
0.063 27
0.0631 27
0.0632 27
0.0633 26
0.0634 26
0.0635 26
0.0636 26
0.0637 26
0.0638 26
0.0639 28
0.064 27
0.0641 27
0.0642 27
0.0643 27
0.0644 27
0.0645 27
0.0646 28
0.0647 29
0.0648 29
0.0649 29
0.065 28
0.0651 28
0.0652 28
0.0653 27
0.0654 27
0.0655 27
0.0656 28
0.0657 28
0.0658 28
0.0659 28
0.066 28
0.0661 28
0.0662 28
0.0663 28
0.0664 27
0.0665 29
0.0666 29
0.0667 29
0.0668 29
0.0669 29
0.067 29
0.0671 29
0.0672 30
0.0673 31
0.0674 31
0.0675 31
0.0676 30
0.0677 29
0.0678 29
0.0679 29
0.068 30
0.0681 30
0.0682 29
0.0683 30
0.0684 30
0.0685 28
0.0686 28
0.0687 29
0.0688 29
0.0689 29
0.069 29
0.0691 28
0.0692 28
0.0693 28
0.0694 28
0.0695 28
0.0696 28
0.0697 29
0.0698 29
0.0699 29
0.07 29
0.0701 31
0.0702 32
0.0703 32
0.0704 34
0.0705 34
0.0706 34
0.0707 34
0.0708 34
0.0709 34
0.071 35
0.0711 36
0.0712 36
0.0713 36
0.0714 36
0.0715 36
0.0716 36
0.0717 36
0.0718 36
0.0719 36
0.072 38
0.0721 38
0.0722 38
0.0723 38
0.0724 38
0.0725 38
0.0726 40
0.0727 40
0.0728 40
0.0729 40
0.073 40
0.0731 40
0.0732 41
0.0733 41
0.0734 41
0.0735 42
0.0736 42
0.0737 42
0.0738 41
0.0739 40
0.074 41
0.0741 41
0.0742 41
0.0743 41
0.0744 41
0.0745 41
0.0746 41
0.0747 43
0.0748 43
0.0749 42
0.075 41
0.0751 42
0.0752 42
0.0753 41
0.0754 41
0.0755 42
0.0756 42
0.0757 42
0.0758 41
0.0759 42
0.076 41
0.0761 41
0.0762 41
0.0763 40
0.0764 41
0.0765 41
0.0766 41
0.0767 41
0.0768 40
0.0769 39
0.077 39
0.0771 40
0.0772 40
0.0773 40
0.0774 40
0.0775 42
0.0776 42
0.0777 43
0.0778 45
0.0779 44
0.078 44
0.0781 43
0.0782 42
0.0783 42
0.0784 42
0.0785 41
0.0786 41
0.0787 40
0.0788 39
0.0789 40
0.079 39
0.0791 39
0.0792 39
0.0793 38
0.0794 38
0.0795 38
0.0796 38
0.0797 40
0.0798 40
0.0799 41
0.08 41
0.0801 41
0.0802 42
0.0803 42
0.0804 42
0.0805 42
0.0806 41
0.0807 42
0.0808 41
0.0809 40
0.081 40
0.0811 40
0.0812 40
0.0813 39
0.0814 39
0.0815 38
0.0816 38
0.0817 39
0.0818 39
0.0819 39
0.082 39
0.0821 40
0.0822 40
0.0823 40
0.0824 41
0.0825 41
0.0826 39
0.0827 39
0.0828 39
0.0829 38
0.083 37
0.0831 37
0.0832 38
0.0833 39
0.0834 40
0.0835 39
0.0836 39
0.0837 39
0.0838 40
0.0839 40
0.084 41
0.0841 41
0.0842 41
0.0843 40
0.0844 40
0.0845 40
0.0846 40
0.0847 40
0.0848 40
0.0849 40
0.085 40
0.0851 40
0.0852 41
0.0853 41
0.0854 41
0.0855 40
0.0856 40
0.0857 41
0.0858 41
0.0859 41
0.086 41
0.0861 41
0.0862 41
0.0863 41
0.0864 41
0.0865 41
0.0866 41
0.0867 42
0.0868 43
0.0869 42
0.087 43
0.0871 44
0.0872 44
0.0873 45
0.0874 46
0.0875 46
0.0876 46
0.0877 46
0.0878 46
0.0879 46
0.088 44
0.0881 44
0.0882 45
0.0883 46
0.0884 46
0.0885 46
0.0886 45
0.0887 45
0.0888 45
0.0889 45
0.089 45
0.0891 44
0.0892 44
0.0893 44
0.0894 43
0.0895 43
0.0896 43
0.0897 44
0.0898 43
0.0899 43
0.09 43
0.0901 44
0.0902 42
0.0903 41
0.0904 41
0.0905 41
0.0906 42
0.0907 42
0.0908 41
0.0909 42
0.091 42
0.0911 42
0.0912 43
0.0913 43
0.0914 44
0.0915 43
0.0916 44
0.0917 43
0.0918 43
0.0919 42
0.092 42
0.0921 42
0.0922 42
0.0923 43
0.0924 43
0.0925 43
0.0926 43
0.0927 44
0.0928 44
0.0929 45
0.093 45
0.0931 43
0.0932 43
0.0933 42
0.0934 42
0.0935 42
0.0936 44
0.0937 45
0.0938 45
0.0939 46
0.094 47
0.0941 47
0.0942 47
0.0943 48
0.0944 47
0.0945 46
0.0946 46
0.0947 46
0.0948 46
0.0949 46
0.095 46
0.0951 46
0.0952 45
0.0953 44
0.0954 44
0.0955 44
0.0956 44
0.0957 43
0.0958 44
0.0959 45
0.096 46
0.0961 47
0.0962 47
0.0963 46
0.0964 47
0.0965 47
0.0966 47
0.0967 47
0.0968 48
0.0969 47
0.097 48
0.0971 47
0.0972 47
0.0973 45
0.0974 45
0.0975 45
0.0976 45
0.0977 45
0.0978 46
0.0979 45
0.098 45
0.0981 45
0.0982 45
0.0983 44
0.0984 44
0.0985 44
0.0986 45
0.0987 45
0.0988 46
0.0989 46
0.099 46
0.0991 48
0.0992 48
0.0993 49
0.0994 48
0.0995 50
0.0996 52
0.0997 52
0.0998 52
0.0999 52
0.1 52
