0 0
0.0001 0
0.0002 0
0.0003 1
0.0004 1
0.0005 1
0.0006 2
0.0007 2
0.0008 2
0.0009 3
0.001 3
0.0011 3
0.0012 3
0.0013 3
0.0014 3
0.0015 3
0.0016 4
0.0017 4
0.0018 4
0.0019 4
0.002 5
0.0021 6
0.0022 7
0.0023 7
0.0024 7
0.0025 7
0.0026 7
0.0027 7
0.0028 7
0.0029 8
0.003 8
0.0031 10
0.0032 11
0.0033 13
0.0034 13
0.0035 13
0.0036 14
0.0037 15
0.0038 15
0.0039 15
0.004 15
0.0041 16
0.0042 16
0.0043 17
0.0044 17
0.0045 17
0.0046 17
0.0047 17
0.0048 17
0.0049 17
0.005 17
0.0051 18
0.0052 18
0.0053 18
0.0054 18
0.0055 18
0.0056 19
0.0057 19
0.0058 19
0.0059 19
0.006 19
0.0061 19
0.0062 20
0.0063 20
0.0064 20
0.0065 22
0.0066 23
0.0067 23
0.0068 23
0.0069 24
0.007 24
0.0071 24
0.0072 24
0.0073 24
0.0074 24
0.0075 24
0.0076 24
0.0077 25
0.0078 28
0.0079 28
0.008 31
0.0081 31
0.0082 32
0.0083 32
0.0084 32
0.0085 33
0.0086 33
0.0087 33
0.0088 33
0.0089 33
0.009 34
0.0091 35
0.0092 36
0.0093 36
0.0094 36
0.0095 36
0.0096 36
0.0097 36
0.0098 37
0.0099 37
0.01 38
0.0101 39
0.0102 39
0.0103 39
0.0104 39
0.0105 39
0.0106 41
0.0107 41
0.0108 44
0.0109 44
0.011 44
0.0111 45
0.0112 45
0.0113 45
0.0114 45
0.0115 45
0.0116 45
0.0117 46
0.0118 46
0.0119 47
0.012 48
0.0121 48
0.0122 49
0.0123 49
0.0124 49
0.0125 49
0.0126 49
0.0127 50
0.0128 51
0.0129 51
0.013 51
0.0131 51
0.0132 51
0.0133 51
0.0134 51
0.0135 51
0.0136 51
0.0137 52
0.0138 53
0.0139 53
0.014 53
0.0141 53
0.0142 54
0.0143 55
0.0144 55
0.0145 55
0.0146 54
0.0147 54
0.0148 54
0.0149 54
0.015 54
0.0151 54
0.0152 57
0.0153 56
0.0154 58
0.0155 59
0.0156 59
0.0157 59
0.0158 59
0.0159 59
0.016 59
0.0161 59
0.0162 61
0.0163 61
0.0164 61
0.0165 63
0.0166 64
0.0167 66
0.0168 68
0.0169 68
0.017 68
0.0171 69
0.0172 69
0.0173 69
0.0174 70
0.0175 70
0.0176 70
0.0177 71
0.0178 71
0.0179 72
0.018 74
0.0181 75
0.0182 76
0.0183 76
0.0184 78
0.0185 78
0.0186 79
0.0187 79
0.0188 79
0.0189 79
0.019 80
0.0191 81
0.0192 82
0.0193 82
0.0194 82
0.0195 81
0.0196 81
0.0197 81
0.0198 81
0.0199 82
0.02 82
0.0201 82
0.0202 82
0.0203 82
0.0204 83
0.0205 84
0.0206 86
0.0207 86
0.0208 88
0.0209 88
0.021 89
0.0211 91
0.0212 91
0.0213 92
0.0214 93
0.0215 94
0.0216 95
0.0217 96
0.0218 97
0.0219 97
0.022 98
0.0221 100
0.0222 101
0.0223 101
0.0224 102
0.0225 103
0.0226 103
0.0227 102
0.0228 102
0.0229 102
0.023 105
0.0231 106
0.0232 106
0.0233 106
0.0234 106
0.0235 108
0.0236 108
0.0237 108
0.0238 108
0.0239 108
0.024 108
0.0241 109
0.0242 109
0.0243 110
0.0244 112
0.0245 112
0.0246 112
0.0247 114
0.0248 114
0.0249 115
0.025 115
0.0251 115
0.0252 116
0.0253 117
0.0254 117
0.0255 116
0.0256 115
0.0257 117
0.0258 119
0.0259 120
0.026 120
0.0261 120
0.0262 120
0.0263 121
0.0264 121
0.0265 121
0.0266 121
0.0267 122
0.0268 124
0.0269 124
0.027 125
0.0271 126
0.0272 126
0.0273 127
0.0274 127
0.0275 128
0.0276 128
0.0277 128
0.0278 129
0.0279 130
0.028 130
0.0281 130
0.0282 130
0.0283 130
0.0284 131
0.0285 131
0.0286 131
0.0287 130
0.0288 131
0.0289 131
0.029 133
0.0291 133
0.0292 134
0.0293 135
0.0294 138
0.0295 138
0.0296 139
0.0297 138
0.0298 139
0.0299 141
0.03 141
0.0301 141
0.0302 141
0.0303 142
0.0304 142
0.0305 143
0.0306 146
0.0307 146
0.0308 146
0.0309 147
0.031 147
0.0311 148
0.0312 148
0.0313 148
0.0314 148
0.0315 148
0.0316 149
0.0317 150
0.0318 150
0.0319 150
0.032 151
0.0321 151
0.0322 152
0.0323 153
0.0324 153
0.0325 153
0.0326 155
0.0327 155
0.0328 155
0.0329 155
0.033 158
0.0331 158
0.0332 159
0.0333 159
0.0334 160
0.0335 160
0.0336 160
0.0337 161
0.0338 162
0.0339 163
0.034 164
0.0341 166
0.0342 166
0.0343 167
0.0344 168
0.0345 169
0.0346 170
0.0347 169
0.0348 169
0.0349 170
0.035 171
0.0351 172
0.0352 173
0.0353 173
0.0354 173
0.0355 174
0.0356 174
0.0357 174
0.0358 174
0.0359 176
0.036 176
0.0361 176
0.0362 175
0.0363 176
0.0364 176
0.0365 178
0.0366 178
0.0367 178
0.0368 178
0.0369 178
0.037 178
0.0371 178
0.0372 178
0.0373 179
0.0374 179
0.0375 179
0.0376 179
0.0377 179
0.0378 179
0.0379 181
0.038 182
0.0381 183
0.0382 184
0.0383 184
0.0384 184
0.0385 184
0.0386 184
0.0387 185
0.0388 185
0.0389 186
0.039 187
0.0391 188
0.0392 189
0.0393 188
0.0394 187
0.0395 187
0.0396 188
0.0397 188
0.0398 188
0.0399 188
0.04 188
0.0401 189
0.0402 189
0.0403 191
0.0404 191
0.0405 191
0.0406 192
0.0407 192
0.0408 192
0.0409 192
0.041 192
0.0411 192
0.0412 192
0.0413 192
0.0414 192
0.0415 193
0.0416 193
0.0417 193
0.0418 193
0.0419 193
0.042 193
0.0421 193
0.0422 193
0.0423 193
0.0424 193
0.0425 193
0.0426 193
0.0427 192
0.0428 197
0.0429 198
0.043 199
0.0431 199
0.0432 200
0.0433 202
0.0434 202
0.0435 202
0.0436 203
0.0437 203
0.0438 203
0.0439 203
0.044 203
0.0441 203
0.0442 202
0.0443 203
0.0444 202
0.0445 202
0.0446 202
0.0447 200
0.0448 200
0.0449 200
0.045 200
0.0451 203
0.0452 203
0.0453 203
0.0454 205
0.0455 206
0.0456 208
0.0457 209
0.0458 210
0.0459 210
0.046 210
0.0461 210
0.0462 211
0.0463 212
0.0464 213
0.0465 214
0.0466 214
0.0467 214
0.0468 214
0.0469 215
0.047 216
0.0471 217
0.0472 218
0.0473 219
0.0474 220
0.0475 220
0.0476 220
0.0477 220
0.0478 220
0.0479 220
0.048 220
0.0481 220
0.0482 221
0.0483 221
0.0484 222
0.0485 223
0.0486 224
0.0487 224
0.0488 225
0.0489 225
0.049 226
0.0491 226
0.0492 226
0.0493 226
0.0494 226
0.0495 226
0.0496 226
0.0497 226
0.0498 226
0.0499 226
0.05 226
0.0501 226
0.0502 227
0.0503 228
0.0504 229
0.0505 230
0.0506 232
0.0507 232
0.0508 231
0.0509 232
0.051 233
0.0511 233
0.0512 234
0.0513 236
0.0514 236
0.0515 236
0.0516 236
0.0517 236
0.0518 237
0.0519 236
0.052 236
0.0521 236
0.0522 237
0.0523 236
0.0524 237
0.0525 238
0.0526 239
0.0527 238
0.0528 238
0.0529 238
0.053 238
0.0531 239
0.0532 240
0.0533 240
0.0534 240
0.0535 241
0.0536 241
0.0537 241
0.0538 241
0.0539 242
0.054 243
0.0541 243
0.0542 242
0.0543 243
0.0544 244
0.0545 244
0.0546 244
0.0547 244
0.0548 245
0.0549 246
0.055 246
0.0551 247
0.0552 247
0.0553 248
0.0554 249
0.0555 247
0.0556 247
0.0557 248
0.0558 248
0.0559 249
0.056 249
0.0561 250
0.0562 250
0.0563 249
0.0564 249
0.0565 249
0.0566 249
0.0567 249
0.0568 249
0.0569 250
0.057 250
0.0571 251
0.0572 251
0.0573 251
0.0574 253
0.0575 253
0.0576 253
0.0577 253
0.0578 253
0.0579 253
0.058 254
0.0581 254
0.0582 255
0.0583 256
0.0584 256
0.0585 256
0.0586 256
0.0587 256
0.0588 257
0.0589 256
0.059 257
0.0591 257
0.0592 258
0.0593 259
0.0594 259
0.0595 260
0.0596 261
0.0597 262
0.0598 262
0.0599 263
0.06 264
0.0601 264
0.0602 266
0.0603 266
0.0604 267
0.0605 269
0.0606 270
0.0607 270
0.0608 270
0.0609 271
0.061 273
0.0611 273
0.0612 273
0.0613 273
0.0614 273
0.0615 274
0.0616 275
0.0617 276
0.0618 276
0.0619 277
0.062 277
0.0621 277
0.0622 277
0.0623 277
0.0624 277
0.0625 277
0.0626 277
0.0627 278
0.0628 277
0.0629 277
0.063 276
0.0631 276
0.0632 276
0.0633 276
0.0634 276
0.0635 276
0.0636 277
0.0637 277
0.0638 276
0.0639 276
0.064 276
0.0641 277
0.0642 277
0.0643 278
0.0644 278
0.0645 278
0.0646 279
0.0647 279
0.0648 279
0.0649 279
0.065 279
0.0651 279
0.0652 279
0.0653 279
0.0654 279
0.0655 279
0.0656 278
0.0657 278
0.0658 278
0.0659 278
0.066 278
0.0661 279
0.0662 279
0.0663 278
0.0664 278
0.0665 278
0.0666 278
0.0667 278
0.0668 278
0.0669 278
0.067 277
0.0671 277
0.0672 277
0.0673 278
0.0674 279
0.0675 280
0.0676 280
0.0677 280
0.0678 281
0.0679 280
0.068 280
0.0681 280
0.0682 280
0.0683 280
0.0684 279
0.0685 279
0.0686 280
0.0687 280
0.0688 280
0.0689 281
0.069 282
0.0691 281
0.0692 281
0.0693 280
0.0694 279
0.0695 278
0.0696 279
0.0697 279
0.0698 279
0.0699 279
0.07 279
0.0701 279
0.0702 279
0.0703 278
0.0704 279
0.0705 279
0.0706 279
0.0707 281
0.0708 281
0.0709 281
0.071 281
0.0711 281
0.0712 281
0.0713 281
0.0714 283
0.0715 282
0.0716 282
0.0717 282
0.0718 282
0.0719 283
0.072 283
0.0721 283
0.0722 282
0.0723 282
0.0724 282
0.0725 281
0.0726 281
0.0727 281
0.0728 281
0.0729 282
0.073 283
0.0731 283
0.0732 283
0.0733 283
0.0734 283
0.0735 284
0.0736 285
0.0737 285
0.0738 285
0.0739 285
0.074 285
0.0741 284
0.0742 284
0.0743 284
0.0744 285
0.0745 285
0.0746 285
0.0747 286
0.0748 288
0.0749 288
0.075 290
0.0751 290
0.0752 289
0.0753 288
0.0754 289
0.0755 288
0.0756 288
0.0757 289
0.0758 289
0.0759 289
0.076 290
0.0761 289
0.0762 288
0.0763 287
0.0764 287
0.0765 289
0.0766 288
0.0767 287
0.0768 286
0.0769 286
0.077 287
0.0771 287
0.0772 287
0.0773 287
0.0774 287
0.0775 286
0.0776 286
0.0777 287
0.0778 289
0.0779 289
0.078 289
0.0781 289
0.0782 288
0.0783 288
0.0784 289
0.0785 289
0.0786 289
0.0787 290
0.0788 290
0.0789 290
0.079 291
0.0791 292
0.0792 292
0.0793 292
0.0794 292
0.0795 292
0.0796 293
0.0797 293
0.0798 293
0.0799 293
0.08 293
0.0801 293
0.0802 294
0.0803 294
0.0804 294
0.0805 296
0.0806 296
0.0807 296
0.0808 296
0.0809 296
0.081 298
0.0811 298
0.0812 298
0.0813 299
0.0814 299
0.0815 300
0.0816 300
0.0817 300
0.0818 301
0.0819 301
0.082 301
0.0821 301
0.0822 300
0.0823 300
0.0824 301
0.0825 301
0.0826 302
0.0827 302
0.0828 302
0.0829 302
0.083 303
0.0831 303
0.0832 304
0.0833 304
0.0834 304
0.0835 304
0.0836 304
0.0837 304
0.0838 304
0.0839 305
0.084 305
0.0841 305
0.0842 305
0.0843 305
0.0844 306
0.0845 306
0.0846 307
0.0847 307
0.0848 307
0.0849 306
0.085 306
0.0851 307
0.0852 307
0.0853 306
0.0854 306
0.0855 306
0.0856 307
0.0857 307
0.0858 307
0.0859 307
0.086 308
0.0861 308
0.0862 308
0.0863 307
0.0864 308
0.0865 307
0.0866 308
0.0867 308
0.0868 308
0.0869 309
0.087 309
0.0871 309
0.0872 309
0.0873 310
0.0874 310
0.0875 310
0.0876 312
0.0877 312
0.0878 312
0.0879 312
0.088 312
0.0881 312
0.0882 314
0.0883 315
0.0884 315
0.0885 315
0.0886 315
0.0887 316
0.0888 317
0.0889 317
0.089 317
0.0891 317
0.0892 317
0.0893 317
0.0894 317
0.0895 316
0.0896 316
0.0897 315
0.0898 315
0.0899 316
0.09 316
0.0901 317
0.0902 318
0.0903 319
0.0904 319
0.0905 319
0.0906 320
0.0907 321
0.0908 323
0.0909 323
0.091 322
0.0911 323
0.0912 323
0.0913 322
0.0914 321
0.0915 321
0.0916 321
0.0917 321
0.0918 321
0.0919 321
0.092 320
0.0921 320
0.0922 320
0.0923 320
0.0924 319
0.0925 321
0.0926 320
0.0927 320
0.0928 320
0.0929 320
0.093 320
0.0931 320
0.0932 320
0.0933 320
0.0934 320
0.0935 320
0.0936 320
0.0937 320
0.0938 320
0.0939 319
0.094 321
0.0941 321
0.0942 321
0.0943 321
0.0944 321
0.0945 321
0.0946 321
0.0947 321
0.0948 321
0.0949 322
0.095 322
0.0951 322
0.0952 323
0.0953 323
0.0954 322
0.0955 322
0.0956 321
0.0957 320
0.0958 320
0.0959 319
0.096 319
0.0961 317
0.0962 317
0.0963 317
0.0964 318
0.0965 319
0.0966 319
0.0967 320
0.0968 320
0.0969 320
0.097 320
0.0971 320
0.0972 320
0.0973 320
0.0974 321
0.0975 321
0.0976 323
0.0977 323
0.0978 324
0.0979 323
0.098 324
0.0981 323
0.0982 323
0.0983 323
0.0984 323
0.0985 323
0.0986 323
0.0987 323
0.0988 323
0.0989 323
0.099 323
0.0991 323
0.0992 322
0.0993 322
0.0994 322
0.0995 323
0.0996 324
0.0997 325
0.0998 325
0.0999 325
0.1 326
