0 0
0.0001 191
0.0002 271
0.0003 306
0.0004 322
0.0005 308
0.0006 324
0.0007 322
0.0008 327
0.0009 304
0.001 309
0.0011 300
0.0012 291
0.0013 300
0.0014 303
0.0015 301
0.0016 288
0.0017 266
0.0018 271
0.0019 261
0.002 268
0.0021 266
0.0022 248
0.0023 238
0.0024 257
0.0025 242
0.0026 229
0.0027 224
0.0028 245
0.0029 262
0.003 264
0.0031 260
0.0032 267
0.0033 267
0.0034 272
0.0035 258
0.0036 246
0.0037 245
0.0038 266
0.0039 253
0.004 246
0.0041 270
0.0042 259
0.0043 273
0.0044 256
0.0045 252
0.0046 245
0.0047 248
0.0048 229
0.0049 224
0.005 236
0.0051 222
0.0052 228
0.0053 243
0.0054 245
0.0055 231
0.0056 228
0.0057 241
0.0058 236
0.0059 244
0.006 241
0.0061 237
0.0062 240
0.0063 218
0.0064 223
0.0065 207
0.0066 211
0.0067 218
0.0068 215
0.0069 211
0.007 215
0.0071 218
0.0072 196
0.0073 207
0.0074 203
0.0075 201
0.0076 191
0.0077 200
0.0078 215
0.0079 230
0.008 212
0.0081 218
0.0082 196
0.0083 203
0.0084 216
0.0085 214
0.0086 222
0.0087 229
0.0088 207
0.0089 189
0.009 201
0.0091 203
0.0092 217
0.0093 211
0.0094 213
0.0095 228
0.0096 210
0.0097 213
0.0098 217
0.0099 207
0.01 204
0.0101 180
0.0102 182
0.0103 184
0.0104 198
0.0105 204
0.0106 203
0.0107 186
0.0108 190
0.0109 184
0.011 183
0.0111 177
0.0112 195
0.0113 195
0.0114 182
0.0115 183
0.0116 187
0.0117 171
0.0118 170
0.0119 174
0.012 160
0.0121 180
0.0122 171
0.0123 151
0.0124 177
0.0125 182
0.0126 177
0.0127 170
0.0128 176
0.0129 163
0.013 180
0.0131 171
0.0132 177
0.0133 192
0.0134 176
0.0135 178
0.0136 168
0.0137 152
0.0138 158
0.0139 156
0.014 163
0.0141 173
0.0142 177
0.0143 159
0.0144 166
0.0145 174
0.0146 166
0.0147 165
0.0148 158
0.0149 156
0.015 149
0.0151 150
0.0152 157
0.0153 154
0.0154 158
0.0155 163
0.0156 168
0.0157 154
0.0158 152
0.0159 160
0.016 166
0.0161 162
0.0162 151
0.0163 145
0.0164 146
0.0165 165
0.0166 176
0.0167 166
0.0168 164
0.0169 166
0.017 156
0.0171 152
0.0172 145
0.0173 165
0.0174 159
0.0175 162
0.0176 158
0.0177 165
0.0178 154
0.0179 153
0.018 161
0.0181 157
0.0182 146
0.0183 146
0.0184 148
0.0185 151
0.0186 141
0.0187 146
0.0188 151
0.0189 158
0.019 150
0.0191 136
0.0192 133
0.0193 126
0.0194 121
0.0195 139
0.0196 144
0.0197 147
0.0198 138
0.0199 142
0.02 145
0.0201 132
0.0202 144
0.0203 142
0.0204 149
0.0205 141
0.0206 142
0.0207 145
0.0208 153
0.0209 168
0.021 162
0.0211 151
0.0212 146
0.0213 158
0.0214 160
0.0215 156
0.0216 148
0.0217 157
0.0218 141
0.0219 130
0.022 136
0.0221 131
0.0222 132
0.0223 142
0.0224 142
0.0225 147
0.0226 155
0.0227 146
0.0228 134
0.0229 150
0.023 147
0.0231 147
0.0232 146
0.0233 151
0.0234 152
0.0235 151
0.0236 139
0.0237 142
0.0238 141
0.0239 136
0.024 139
0.0241 135
0.0242 128
0.0243 137
0.0244 137
0.0245 132
0.0246 126
0.0247 113
0.0248 106
0.0249 103
0.025 105
0.0251 115
0.0252 117
0.0253 131
0.0254 139
0.0255 132
0.0256 125
0.0257 134
0.0258 128
0.0259 123
0.026 132
0.0261 135
0.0262 131
0.0263 139
0.0264 123
0.0265 115
0.0266 116
0.0267 112
0.0268 124
0.0269 124
0.027 125
0.0271 114
0.0272 112
0.0273 120
0.0274 119
0.0275 107
0.0276 115
0.0277 117
0.0278 109
0.0279 118
0.028 118
0.0281 116
0.0282 112
0.0283 110
0.0284 125
0.0285 126
0.0286 121
0.0287 113
0.0288 118
0.0289 129
0.029 129
0.0291 117
0.0292 120
0.0293 119
0.0294 110
0.0295 109
0.0296 107
0.0297 104
0.0298 108
0.0299 109
0.03 108
0.0301 118
0.0302 113
0.0303 108
0.0304 111
0.0305 114
0.0306 110
0.0307 109
0.0308 102
0.0309 110
0.031 128
0.0311 124
0.0312 126
0.0313 124
0.0314 123
0.0315 116
0.0316 119
0.0317 121
0.0318 113
0.0319 128
0.032 114
0.0321 111
0.0322 105
0.0323 107
0.0324 105
0.0325 105
0.0326 111
0.0327 108
0.0328 109
0.0329 106
0.033 115
0.0331 116
0.0332 117
0.0333 110
0.0334 99
0.0335 99
0.0336 104
0.0337 103
0.0338 108
0.0339 98
0.034 92
0.0341 92
0.0342 91
0.0343 91
0.0344 99
0.0345 97
0.0346 93
0.0347 92
0.0348 86
0.0349 92
0.035 97
0.0351 90
0.0352 93
0.0353 86
0.0354 86
0.0355 78
0.0356 87
0.0357 85
0.0358 91
0.0359 95
0.036 95
0.0361 91
0.0362 88
0.0363 89
0.0364 93
0.0365 87
0.0366 84
0.0367 87
0.0368 80
0.0369 75
0.037 72
0.0371 72
0.0372 80
0.0373 83
0.0374 79
0.0375 65
0.0376 64
0.0377 76
0.0378 79
0.0379 85
0.038 81
0.0381 75
0.0382 89
0.0383 89
0.0384 82
0.0385 84
0.0386 76
0.0387 63
0.0388 69
0.0389 57
0.039 72
0.0391 77
0.0392 81
0.0393 79
0.0394 80
0.0395 76
0.0396 76
0.0397 81
0.0398 82
0.0399 81
0.04 87
0.0401 78
0.0402 69
0.0403 62
0.0404 68
0.0405 80
0.0406 81
0.0407 73
0.0408 69
0.0409 63
0.041 63
0.0411 67
0.0412 70
0.0413 84
0.0414 79
0.0415 81
0.0416 87
0.0417 78
0.0418 76
0.0419 72
0.042 69
0.0421 83
0.0422 69
0.0423 66
0.0424 61
0.0425 60
0.0426 62
0.0427 75
0.0428 80
0.0429 76
0.043 80
0.0431 74
0.0432 77
0.0433 66
0.0434 67
0.0435 76
0.0436 72
0.0437 67
0.0438 84
0.0439 81
0.044 82
0.0441 86
0.0442 81
0.0443 77
0.0444 79
0.0445 73
0.0446 77
0.0447 76
0.0448 78
0.0449 80
0.045 76
0.0451 75
0.0452 75
0.0453 78
0.0454 76
0.0455 78
0.0456 74
0.0457 68
0.0458 69
0.0459 61
0.046 60
0.0461 72
0.0462 68
0.0463 71
0.0464 75
0.0465 68
0.0466 78
0.0467 72
0.0468 70
0.0469 79
0.047 81
0.0471 78
0.0472 73
0.0473 73
0.0474 76
0.0475 71
0.0476 62
0.0477 63
0.0478 63
0.0479 65
0.048 67
0.0481 76
0.0482 62
0.0483 68
0.0484 67
0.0485 68
0.0486 77
0.0487 74
0.0488 74
0.0489 76
0.049 75
0.0491 62
0.0492 73
0.0493 77
0.0494 80
0.0495 69
0.0496 71
0.0497 78
0.0498 71
0.0499 76
0.05 77
0.0501 68
0.0502 63
0.0503 62
0.0504 69
0.0505 68
0.0506 74
0.0507 81
0.0508 78
0.0509 80
0.051 74
0.0511 63
0.0512 66
0.0513 64
0.0514 68
0.0515 64
0.0516 58
0.0517 54
0.0518 67
0.0519 61
0.052 57
0.0521 68
0.0522 61
0.0523 63
0.0524 65
0.0525 72
0.0526 85
0.0527 74
0.0528 77
0.0529 72
0.053 68
0.0531 69
0.0532 70
0.0533 74
0.0534 71
0.0535 64
0.0536 53
0.0537 47
0.0538 63
0.0539 67
0.054 59
0.0541 53
0.0542 53
0.0543 61
0.0544 52
0.0545 67
0.0546 65
0.0547 58
0.0548 67
0.0549 65
0.055 71
0.0551 61
0.0552 58
0.0553 54
0.0554 64
0.0555 59
0.0556 63
0.0557 60
0.0558 61
0.0559 67
0.056 70
0.0561 57
0.0562 63
0.0563 66
0.0564 57
0.0565 63
0.0566 66
0.0567 69
0.0568 64
0.0569 72
0.057 78
0.0571 73
0.0572 78
0.0573 77
0.0574 64
0.0575 69
0.0576 78
0.0577 75
0.0578 68
0.0579 64
0.058 65
0.0581 59
0.0582 67
0.0583 71
0.0584 71
0.0585 74
0.0586 71
0.0587 70
0.0588 68
0.0589 66
0.059 70
0.0591 63
0.0592 62
0.0593 62
0.0594 69
0.0595 64
0.0596 70
0.0597 61
0.0598 63
0.0599 68
0.06 67
0.0601 66
0.0602 68
0.0603 76
0.0604 67
0.0605 62
0.0606 58
0.0607 56
0.0608 68
0.0609 70
0.061 68
0.0611 68
0.0612 75
0.0613 74
0.0614 68
0.0615 68
0.0616 68
0.0617 65
0.0618 60
0.0619 58
0.062 57
0.0621 49
0.0622 63
0.0623 68
0.0624 58
0.0625 59
0.0626 62
0.0627 65
0.0628 67
0.0629 65
0.063 58
0.0631 51
0.0632 55
0.0633 59
0.0634 59
0.0635 56
0.0636 60
0.0637 57
0.0638 54
0.0639 54
0.064 58
0.0641 55
0.0642 52
0.0643 60
0.0644 54
0.0645 49
0.0646 45
0.0647 45
0.0648 48
0.0649 50
0.065 53
0.0651 54
0.0652 54
0.0653 50
0.0654 48
0.0655 55
0.0656 57
0.0657 52
0.0658 56
0.0659 61
0.066 58
0.0661 53
0.0662 58
0.0663 58
0.0664 52
0.0665 52
0.0666 49
0.0667 58
0.0668 65
0.0669 68
0.067 63
0.0671 56
0.0672 57
0.0673 61
0.0674 63
0.0675 73
0.0676 73
0.0677 65
0.0678 60
0.0679 59
0.068 63
0.0681 63
0.0682 54
0.0683 54
0.0684 59
0.0685 60
0.0686 66
0.0687 65
0.0688 61
0.0689 64
0.069 59
0.0691 53
0.0692 57
0.0693 57
0.0694 58
0.0695 54
0.0696 59
0.0697 51
0.0698 47
0.0699 56
0.07 66
0.0701 66
0.0702 64
0.0703 60
0.0704 56
0.0705 52
0.0706 58
0.0707 51
0.0708 49
0.0709 51
0.071 49
0.0711 43
0.0712 49
0.0713 56
0.0714 56
0.0715 59
0.0716 59
0.0717 58
0.0718 53
0.0719 54
0.072 57
0.0721 52
0.0722 50
0.0723 55
0.0724 54
0.0725 58
0.0726 60
0.0727 62
0.0728 65
0.0729 61
0.073 59
0.0731 55
0.0732 55
0.0733 63
0.0734 60
0.0735 54
0.0736 67
0.0737 60
0.0738 62
0.0739 61
0.074 67
0.0741 71
0.0742 72
0.0743 69
0.0744 58
0.0745 55
0.0746 51
0.0747 53
0.0748 55
0.0749 57
0.075 57
0.0751 53
0.0752 52
0.0753 50
0.0754 42
0.0755 47
0.0756 42
0.0757 48
0.0758 53
0.0759 60
0.076 59
0.0761 60
0.0762 55
0.0763 57
0.0764 57
0.0765 57
0.0766 52
0.0767 56
0.0768 54
0.0769 54
0.077 53
0.0771 55
0.0772 58
0.0773 58
0.0774 57
0.0775 61
0.0776 59
0.0777 56
0.0778 48
0.0779 51
0.078 52
0.0781 52
0.0782 47
0.0783 52
0.0784 52
0.0785 56
0.0786 55
0.0787 48
0.0788 39
0.0789 43
0.079 44
0.0791 43
0.0792 46
0.0793 46
0.0794 43
0.0795 49
0.0796 52
0.0797 50
0.0798 51
0.0799 45
0.08 45
0.0801 44
0.0802 42
0.0803 46
0.0804 42
0.0805 39
0.0806 38
0.0807 37
0.0808 38
0.0809 40
0.081 47
0.0811 41
0.0812 42
0.0813 41
0.0814 40
0.0815 41
0.0816 44
0.0817 43
0.0818 31
0.0819 40
0.082 48
0.0821 53
0.0822 46
0.0823 49
0.0824 49
0.0825 49
0.0826 50
0.0827 46
0.0828 52
0.0829 49
0.083 40
0.0831 50
0.0832 44
0.0833 47
0.0834 47
0.0835 46
0.0836 46
0.0837 45
0.0838 43
0.0839 48
0.084 46
0.0841 46
0.0842 47
0.0843 44
0.0844 40
0.0845 49
0.0846 50
0.0847 52
0.0848 53
0.0849 51
0.085 46
0.0851 50
0.0852 60
0.0853 56
0.0854 58
0.0855 56
0.0856 51
0.0857 53
0.0858 49
0.0859 50
0.086 60
0.0861 63
0.0862 62
0.0863 60
0.0864 51
0.0865 43
0.0866 47
0.0867 48
0.0868 53
0.0869 63
0.087 48
0.0871 48
0.0872 51
0.0873 48
0.0874 49
0.0875 45
0.0876 46
0.0877 51
0.0878 43
0.0879 43
0.088 48
0.0881 50
0.0882 44
0.0883 47
0.0884 42
0.0885 49
0.0886 52
0.0887 52
0.0888 55
0.0889 50
0.089 52
0.0891 47
0.0892 46
0.0893 58
0.0894 65
0.0895 62
0.0896 55
0.0897 56
0.0898 53
0.0899 52
0.09 48
0.0901 49
0.0902 48
0.0903 43
0.0904 37
0.0905 45
0.0906 43
0.0907 40
0.0908 38
0.0909 44
0.091 47
0.0911 42
0.0912 39
0.0913 43
0.0914 44
0.0915 42
0.0916 41
0.0917 38
0.0918 43
0.0919 35
0.092 42
0.0921 51
0.0922 53
0.0923 47
0.0924 42
0.0925 48
0.0926 49
0.0927 49
0.0928 47
0.0929 49
0.093 50
0.0931 51
0.0932 47
0.0933 41
0.0934 39
0.0935 40
0.0936 40
0.0937 50
0.0938 50
0.0939 41
0.094 43
0.0941 42
0.0942 48
0.0943 45
0.0944 39
0.0945 35
0.0946 38
0.0947 36
0.0948 30
0.0949 30
0.095 28
0.0951 26
0.0952 33
0.0953 35
0.0954 33
0.0955 35
0.0956 40
0.0957 43
0.0958 38
0.0959 34
0.096 38
0.0961 35
0.0962 36
0.0963 31
0.0964 36
0.0965 37
0.0966 38
0.0967 45
0.0968 43
0.0969 45
0.097 42
0.0971 44
0.0972 46
0.0973 43
0.0974 44
0.0975 46
0.0976 40
0.0977 44
0.0978 38
0.0979 36
0.098 34
0.0981 28
0.0982 35
0.0983 40
0.0984 41
0.0985 39
0.0986 42
0.0987 38
0.0988 37
0.0989 36
0.099 38
0.0991 38
0.0992 45
0.0993 49
0.0994 42
0.0995 38
0.0996 39
0.0997 48
0.0998 45
0.0999 39
0.1 48
