0 0
0.0001 0
0.0002 0
0.0003 0
0.0004 0
0.0005 0
0.0006 1
0.0007 1
0.0008 2
0.0009 2
0.001 2
0.0011 2
0.0012 2
0.0013 2
0.0014 2
0.0015 3
0.0016 3
0.0017 3
0.0018 3
0.0019 3
0.002 3
0.0021 3
0.0022 3
0.0023 3
0.0024 3
0.0025 2
0.0026 2
0.0027 2
0.0028 1
0.0029 1
0.003 1
0.0031 2
0.0032 2
0.0033 3
0.0034 3
0.0035 3
0.0036 3
0.0037 3
0.0038 3
0.0039 3
0.004 3
0.0041 3
0.0042 3
0.0043 3
0.0044 2
0.0045 4
0.0046 4
0.0047 3
0.0048 3
0.0049 3
0.005 3
0.0051 3
0.0052 5
0.0053 5
0.0054 5
0.0055 5
0.0056 6
0.0057 6
0.0058 7
0.0059 8
0.006 8
0.0061 8
0.0062 10
0.0063 10
0.0064 10
0.0065 11
0.0066 11
0.0067 11
0.0068 11
0.0069 12
0.007 12
0.0071 12
0.0072 11
0.0073 13
0.0074 13
0.0075 13
0.0076 13
0.0077 14
0.0078 15
0.0079 16
0.008 15
0.0081 16
0.0082 16
0.0083 15
0.0084 16
0.0085 16
0.0086 16
0.0087 15
0.0088 15
0.0089 14
0.009 14
0.0091 11
0.0092 13
0.0093 13
0.0094 16
0.0095 15
0.0096 15
0.0097 16
0.0098 16
0.0099 16
0.01 17
0.0101 16
0.0102 16
0.0103 16
0.0104 17
0.0105 18
0.0106 19
0.0107 20
0.0108 20
0.0109 20
0.011 19
0.0111 20
0.0112 20
0.0113 18
0.0114 17
0.0115 17
0.0116 18
0.0117 19
0.0118 21
0.0119 20
0.012 22
0.0121 23
0.0122 24
0.0123 25
0.0124 26
0.0125 26
0.0126 26
0.0127 28
0.0128 30
0.0129 30
0.013 30
0.0131 27
0.0132 30
0.0133 32
0.0134 31
0.0135 30
0.0136 29
0.0137 31
0.0138 31
0.0139 31
0.014 32
0.0141 32
0.0142 32
0.0143 33
0.0144 33
0.0145 32
0.0146 30
0.0147 31
0.0148 29
0.0149 29
0.015 30
0.0151 30
0.0152 31
0.0153 31
0.0154 29
0.0155 29
0.0156 31
0.0157 31
0.0158 31
0.0159 30
0.016 30
0.0161 32
0.0162 32
0.0163 31
0.0164 34
0.0165 34
0.0166 34
0.0167 35
0.0168 35
0.0169 36
0.017 37
0.0171 35
0.0172 34
0.0173 34
0.0174 35
0.0175 35
0.0176 36
0.0177 36
0.0178 37
0.0179 35
0.018 36
0.0181 34
0.0182 35
0.0183 36
0.0184 34
0.0185 33
0.0186 34
0.0187 32
0.0188 35
0.0189 36
0.019 36
0.0191 37
0.0192 39
0.0193 40
0.0194 41
0.0195 36
0.0196 38
0.0197 36
0.0198 37
0.0199 38
0.02 38
0.0201 37
0.0202 37
0.0203 37
0.0204 37
0.0205 39
0.0206 39
0.0207 38
0.0208 38
0.0209 37
0.021 37
0.0211 36
0.0212 36
0.0213 38
0.0214 36
0.0215 37
0.0216 37
0.0217 36
0.0218 33
0.0219 31
0.022 29
0.0221 30
0.0222 31
0.0223 32
0.0224 31
0.0225 32
0.0226 30
0.0227 30
0.0228 31
0.0229 31
0.023 30
0.0231 30
0.0232 29
0.0233 30
0.0234 30
0.0235 32
0.0236 30
0.0237 30
0.0238 31
0.0239 31
0.024 30
0.0241 31
0.0242 30
0.0243 29
0.0244 29
0.0245 29
0.0246 30
0.0247 31
0.0248 31
0.0249 31
0.025 29
0.0251 30
0.0252 30
0.0253 31
0.0254 31
0.0255 30
0.0256 30
0.0257 32
0.0258 32
0.0259 31
0.026 31
0.0261 32
0.0262 32
0.0263 31
0.0264 31
0.0265 31
0.0266 31
0.0267 31
0.0268 30
0.0269 31
0.027 32
0.0271 32
0.0272 31
0.0273 29
0.0274 30
0.0275 29
0.0276 30
0.0277 30
0.0278 30
0.0279 31
0.028 35
0.0281 36
0.0282 37
0.0283 39
0.0284 39
0.0285 40
0.0286 38
0.0287 39
0.0288 40
0.0289 39
0.029 39
0.0291 38
0.0292 39
0.0293 39
0.0294 38
0.0295 38
0.0296 38
0.0297 39
0.0298 38
0.0299 37
0.03 38
0.0301 37
0.0302 37
0.0303 36
0.0304 37
0.0305 37
0.0306 37
0.0307 37
0.0308 38
0.0309 38
0.031 37
0.0311 37
0.0312 35
0.0313 35
0.0314 35
0.0315 35
0.0316 34
0.0317 35
0.0318 34
0.0319 36
0.032 35
0.0321 36
0.0322 35
0.0323 34
0.0324 33
0.0325 33
0.0326 32
0.0327 32
0.0328 33
0.0329 32
0.033 31
0.0331 32
0.0332 31
0.0333 32
0.0334 32
0.0335 31
0.0336 30
0.0337 31
0.0338 31
0.0339 31
0.034 30
0.0341 30
0.0342 30
0.0343 30
0.0344 30
0.0345 30
0.0346 30
0.0347 30
0.0348 29
0.0349 29
0.035 28
0.0351 27
0.0352 29
0.0353 29
0.0354 28
0.0355 29
0.0356 29
0.0357 30
0.0358 30
0.0359 32
0.036 32
0.0361 31
0.0362 28
0.0363 28
0.0364 27
0.0365 27
0.0366 28
0.0367 28
0.0368 27
0.0369 28
0.037 27
0.0371 26
0.0372 26
0.0373 27
0.0374 27
0.0375 28
0.0376 28
0.0377 28
0.0378 27
0.0379 27
0.038 27
0.0381 28
0.0382 26
0.0383 27
0.0384 27
0.0385 27
0.0386 27
0.0387 27
0.0388 28
0.0389 28
0.039 28
0.0391 28
0.0392 28
0.0393 27
0.0394 28
0.0395 28
0.0396 29
0.0397 29
0.0398 29
0.0399 26
0.04 25
0.0401 26
0.0402 24
0.0403 25
0.0404 26
0.0405 24
0.0406 24
0.0407 24
0.0408 25
0.0409 25
0.041 25
0.0411 25
0.0412 24
0.0413 24
0.0414 24
0.0415 22
0.0416 21
0.0417 22
0.0418 21
0.0419 21
0.042 21
0.0421 21
0.0422 21
0.0423 19
0.0424 20
0.0425 19
0.0426 19
0.0427 19
0.0428 18
0.0429 18
0.043 19
0.0431 18
0.0432 18
0.0433 18
0.0434 18
0.0435 16
0.0436 16
0.0437 18
0.0438 17
0.0439 17
0.044 18
0.0441 18
0.0442 18
0.0443 18
0.0444 19
0.0445 19
0.0446 19
0.0447 21
0.0448 21
0.0449 22
0.045 23
0.0451 23
0.0452 23
0.0453 22
0.0454 23
0.0455 22
0.0456 22
0.0457 22
0.0458 23
0.0459 23
0.046 25
0.0461 25
0.0462 24
0.0463 24
0.0464 25
0.0465 24
0.0466 23
0.0467 23
0.0468 23
0.0469 22
0.047 22
0.0471 22
0.0472 22
0.0473 23
0.0474 23
0.0475 22
0.0476 21
0.0477 21
0.0478 21
0.0479 20
0.048 20
0.0481 19
0.0482 19
0.0483 19
0.0484 19
0.0485 19
0.0486 20
0.0487 21
0.0488 20
0.0489 20
0.049 20
0.0491 19
0.0492 19
0.0493 18
0.0494 18
0.0495 17
0.0496 18
0.0497 19
0.0498 19
0.0499 20
0.05 20
0.0501 19
0.0502 19
0.0503 19
0.0504 19
0.0505 20
0.0506 20
0.0507 22
0.0508 22
0.0509 22
0.051 22
0.0511 22
0.0512 22
0.0513 22
0.0514 22
0.0515 21
0.0516 21
0.0517 22
0.0518 24
0.0519 24
0.052 25
0.0521 24
0.0522 24
0.0523 26
0.0524 25
0.0525 23
0.0526 22
0.0527 23
0.0528 25
0.0529 25
0.053 24
0.0531 25
0.0532 23
0.0533 22
0.0534 22
0.0535 22
0.0536 22
0.0537 22
0.0538 22
0.0539 23
0.054 24
0.0541 24
0.0542 24
0.0543 24
0.0544 24
0.0545 24
0.0546 25
0.0547 25
0.0548 24
0.0549 26
0.055 26
0.0551 27
0.0552 28
0.0553 29
0.0554 29
0.0555 29
0.0556 29
0.0557 27
0.0558 26
0.0559 26
0.056 27
0.0561 27
0.0562 28
0.0563 28
0.0564 27
0.0565 28
0.0566 28
0.0567 28
0.0568 27
0.0569 28
0.057 29
0.0571 29
0.0572 29
0.0573 29
0.0574 28
0.0575 28
0.0576 28
0.0577 28
0.0578 28
0.0579 29
0.058 29
0.0581 30
0.0582 30
0.0583 29
0.0584 29
0.0585 29
0.0586 29
0.0587 29
0.0588 28
0.0589 29
0.059 29
0.0591 29
0.0592 29
0.0593 29
0.0594 29
0.0595 29
0.0596 29
0.0597 29
0.0598 28
0.0599 28
0.06 28
0.0601 28
0.0602 27
0.0603 27
0.0604 27
0.0605 25
0.0606 26
0.0607 25
0.0608 25
0.0609 25
0.061 25
0.0611 25
0.0612 27
0.0613 27
0.0614 26
0.0615 26
0.0616 26
0.0617 26
0.0618 26
0.0619 25
0.062 25
0.0621 25
0.0622 25
0.0623 25
0.0624 25
0.0625 25
0.0626 25
0.0627 25
0.0628 25
0.0629 24
0.063 25
0.0631 25
0.0632 25
0.0633 25
0.0634 25
0.0635 25
0.0636 25
0.0637 25
0.0638 25
0.0639 26
0.064 26
0.0641 26
0.0642 26
0.0643 26
0.0644 27
0.0645 26
0.0646 26
0.0647 25
0.0648 24
0.0649 22
0.065 24
0.0651 23
0.0652 23
0.0653 23
0.0654 23
0.0655 23
0.0656 23
0.0657 22
0.0658 22
0.0659 20
0.066 20
0.0661 20
0.0662 19
0.0663 19
0.0664 19
0.0665 18
0.0666 17
0.0667 19
0.0668 19
0.0669 19
0.067 19
0.0671 18
0.0672 18
0.0673 18
0.0674 18
0.0675 17
0.0676 18
0.0677 20
0.0678 20
0.0679 20
0.068 20
0.0681 20
0.0682 19
0.0683 19
0.0684 18
0.0685 18
0.0686 18
0.0687 19
0.0688 19
0.0689 19
0.069 19
0.0691 20
0.0692 21
0.0693 21
0.0694 21
0.0695 22
0.0696 23
0.0697 23
0.0698 23
0.0699 24
0.07 25
0.0701 25
0.0702 27
0.0703 26
0.0704 26
0.0705 26
0.0706 26
0.0707 27
0.0708 27
0.0709 27
0.071 27
0.0711 27
0.0712 27
0.0713 27
0.0714 26
0.0715 27
0.0716 25
0.0717 25
0.0718 25
0.0719 25
0.072 25
0.0721 25
0.0722 25
0.0723 25
0.0724 26
0.0725 24
0.0726 24
0.0727 24
0.0728 24
0.0729 24
0.073 26
0.0731 27
0.0732 26
0.0733 27
0.0734 27
0.0735 26
0.0736 26
0.0737 26
0.0738 25
0.0739 25
0.074 25
0.0741 24
0.0742 24
0.0743 24
0.0744 25
0.0745 23
0.0746 22
0.0747 23
0.0748 23
0.0749 22
0.075 22
0.0751 22
0.0752 23
0.0753 22
0.0754 22
0.0755 23
0.0756 24
0.0757 24
0.0758 24
0.0759 25
0.076 24
0.0761 24
0.0762 23
0.0763 23
0.0764 24
0.0765 24
0.0766 24
0.0767 24
0.0768 23
0.0769 24
0.077 24
0.0771 24
0.0772 24
0.0773 21
0.0774 23
0.0775 23
0.0776 23
0.0777 22
0.0778 22
0.0779 22
0.078 22
0.0781 23
0.0782 23
0.0783 23
0.0784 23
0.0785 23
0.0786 23
0.0787 24
0.0788 23
0.0789 23
0.079 23
0.0791 22
0.0792 22
0.0793 23
0.0794 23
0.0795 23
0.0796 22
0.0797 22
0.0798 23
0.0799 23
0.08 23
0.0801 21
0.0802 22
0.0803 23
0.0804 22
0.0805 21
0.0806 21
0.0807 20
0.0808 20
0.0809 20
0.081 20
0.0811 20
0.0812 19
0.0813 17
0.0814 17
0.0815 17
0.0816 17
0.0817 16
0.0818 17
0.0819 18
0.082 17
0.0821 18
0.0822 18
0.0823 17
0.0824 17
0.0825 17
0.0826 17
0.0827 17
0.0828 17
0.0829 17
0.083 16
0.0831 16
0.0832 17
0.0833 16
0.0834 16
0.0835 16
0.0836 17
0.0837 17
0.0838 18
0.0839 17
0.084 17
0.0841 18
0.0842 18
0.0843 18
0.0844 18
0.0845 18
0.0846 18
0.0847 18
0.0848 18
0.0849 17
0.085 17
0.0851 16
0.0852 15
0.0853 15
0.0854 16
0.0855 15
0.0856 16
0.0857 17
0.0858 17
0.0859 17
0.086 16
0.0861 16
0.0862 16
0.0863 17
0.0864 17
0.0865 16
0.0866 15
0.0867 15
0.0868 15
0.0869 15
0.087 14
0.0871 14
0.0872 17
0.0873 17
0.0874 16
0.0875 16
0.0876 15
0.0877 15
0.0878 16
0.0879 16
0.088 16
0.0881 16
0.0882 16
0.0883 16
0.0884 17
0.0885 17
0.0886 17
0.0887 15
0.0888 15
0.0889 16
0.089 16
0.0891 16
0.0892 16
0.0893 16
0.0894 17
0.0895 17
0.0896 17
0.0897 18
0.0898 18
0.0899 18
0.09 18
0.0901 18
0.0902 18
0.0903 18
0.0904 19
0.0905 18
0.0906 17
0.0907 16
0.0908 15
0.0909 15
0.091 15
0.0911 15
0.0912 19
0.0913 19
0.0914 19
0.0915 19
0.0916 19
0.0917 19
0.0918 18
0.0919 18
0.092 18
0.0921 17
0.0922 17
0.0923 17
0.0924 16
0.0925 15
0.0926 17
0.0927 16
0.0928 18
0.0929 18
0.093 18
0.0931 18
0.0932 18
0.0933 16
0.0934 17
0.0935 16
0.0936 17
0.0937 17
0.0938 18
0.0939 18
0.094 18
0.0941 19
0.0942 19
0.0943 19
0.0944 19
0.0945 19
0.0946 20
0.0947 20
0.0948 19
0.0949 19
0.095 18
0.0951 18
0.0952 17
0.0953 16
0.0954 18
0.0955 18
0.0956 20
0.0957 20
0.0958 22
0.0959 22
0.096 21
0.0961 21
0.0962 21
0.0963 21
0.0964 21
0.0965 21
0.0966 20
0.0967 20
0.0968 19
0.0969 20
0.097 20
0.0971 21
0.0972 21
0.0973 20
0.0974 20
0.0975 20
0.0976 21
0.0977 22
0.0978 23
0.0979 24
0.098 26
0.0981 26
0.0982 26
0.0983 25
0.0984 24
0.0985 24
0.0986 24
0.0987 24
0.0988 24
0.0989 25
0.099 25
0.0991 25
0.0992 25
0.0993 24
0.0994 25
0.0995 25
0.0996 25
0.0997 25
0.0998 25
0.0999 25
0.1 24
