0 0
0.0001 0
0.0002 0
0.0003 2
0.0004 4
0.0005 5
0.0006 6
0.0007 13
0.0008 16
0.0009 18
0.001 22
0.0011 26
0.0012 29
0.0013 28
0.0014 38
0.0015 52
0.0016 65
0.0017 80
0.0018 90
0.0019 102
0.002 121
0.0021 151
0.0022 191
0.0023 218
0.0024 230
0.0025 260
0.0026 280
0.0027 303
0.0028 329
0.0029 351
0.003 379
0.0031 418
0.0032 450
0.0033 483
0.0034 534
0.0035 586
0.0036 625
0.0037 661
0.0038 710
0.0039 746
0.004 790
0.0041 832
0.0042 864
0.0043 906
0.0044 955
0.0045 991
0.0046 1020
0.0047 1065
0.0048 1095
0.0049 1115
0.005 1145
0.0051 1175
0.0052 1201
0.0053 1235
0.0054 1259
0.0055 1281
0.0056 1320
0.0057 1357
0.0058 1381
0.0059 1398
0.006 1415
0.0061 1424
0.0062 1431
0.0063 1408
0.0064 1433
0.0065 1440
0.0066 1458
0.0067 1472
0.0068 1475
0.0069 1504
0.007 1541
0.0071 1574
0.0072 1561
0.0073 1572
0.0074 1572
0.0075 1585
0.0076 1612
0.0077 1621
0.0078 1638
0.0079 1653
0.008 1667
0.0081 1659
0.0082 1666
0.0083 1680
0.0084 1696
0.0085 1709
0.0086 1725
0.0087 1768
0.0088 1792
0.0089 1810
0.009 1822
0.0091 1816
0.0092 1820
0.0093 1815
0.0094 1819
0.0095 1830
0.0096 1833
0.0097 1836
0.0098 1836
0.0099 1845
0.01 1854
0.0101 1843
0.0102 1837
0.0103 1822
0.0104 1826
0.0105 1805
0.0106 1776
0.0107 1769
0.0108 1757
0.0109 1763
0.011 1750
0.0111 1751
0.0112 1760
0.0113 1751
0.0114 1771
0.0115 1785
0.0116 1791
0.0117 1809
0.0118 1821
0.0119 1809
0.012 1830
0.0121 1842
0.0122 1845
0.0123 1818
0.0124 1816
0.0125 1810
0.0126 1824
0.0127 1789
0.0128 1771
0.0129 1781
0.013 1756
0.0131 1741
0.0132 1727
0.0133 1714
0.0134 1701
0.0135 1705
0.0136 1682
0.0137 1666
0.0138 1654
0.0139 1639
0.014 1628
0.0141 1622
0.0142 1621
0.0143 1611
0.0144 1582
0.0145 1569
0.0146 1545
0.0147 1540
0.0148 1521
0.0149 1506
0.015 1485
0.0151 1474
0.0152 1444
0.0153 1467
0.0154 1460
0.0155 1461
0.0156 1476
0.0157 1463
0.0158 1417
0.0159 1392
0.016 1374
0.0161 1386
0.0162 1368
0.0163 1348
0.0164 1352
0.0165 1321
0.0166 1314
0.0167 1289
0.0168 1259
0.0169 1246
0.017 1229
0.0171 1216
0.0172 1199
0.0173 1190
0.0174 1159
0.0175 1126
0.0176 1093
0.0177 1069
0.0178 1046
0.0179 1030
0.018 1033
0.0181 1030
0.0182 1022
0.0183 1022
0.0184 1030
0.0185 1025
0.0186 1038
0.0187 1039
0.0188 1064
0.0189 1072
0.019 1084
0.0191 1071
0.0192 1081
0.0193 1100
0.0194 1117
0.0195 1113
0.0196 1105
0.0197 1126
0.0198 1127
0.0199 1115
0.02 1105
0.0201 1086
0.0202 1083
0.0203 1051
0.0204 1023
0.0205 993
0.0206 983
0.0207 1020
0.0208 1032
0.0209 1047
0.021 1048
0.0211 1033
0.0212 1016
0.0213 1012
0.0214 985
0.0215 962
0.0216 966
0.0217 938
0.0218 918
0.0219 896
0.022 873
0.0221 851
0.0222 842
0.0223 830
0.0224 806
0.0225 775
0.0226 774
0.0227 750
0.0228 732
0.0229 716
0.023 698
0.0231 668
0.0232 637
0.0233 622
0.0234 600
0.0235 581
0.0236 563
0.0237 552
0.0238 535
0.0239 515
0.024 490
0.0241 475
0.0242 458
0.0243 427
0.0244 406
0.0245 378
0.0246 382
0.0247 361
0.0248 335
0.0249 301
0.025 278
0.0251 258
0.0252 237
0.0253 212
0.0254 183
0.0255 165
0.0256 153
0.0257 138
0.0258 114
0.0259 90
0.026 58
0.0261 35
0.0262 24
0.0263 20
0.0264 13
0.0265 7
0.0266 10
0.0267 5
0.0268 3
0.0269 5
0.027 2
0.0271 1
0.0272 1
0.0273 0
0.0274 0
0.0275 1
0.0276 0
0.0277 1
0.0278 1
0.0279 2
0.028 0
0.0281 0
0.0282 1
0.0283 0
0.0284 1
0.0285 1
0.0286 0
0.0287 0
0.0288 1
0.0289 0
0.029 2
0.0291 1
0.0292 0
0.0293 1
0.0294 0
0.0295 0
0.0296 1
0.0297 2
0.0298 0
0.0299 1
0.03 0
0.0301 1
0.0302 0
0.0303 0
0.0304 1
0.0305 0
0.0306 0
0.0307 0
0.0308 0
0.0309 0
0.031 0
0.0311 0
0.0312 0
0.0313 0
0.0314 0
0.0315 0
0.0316 1
0.0317 1
0.0318 1
0.0319 0
0.032 1
0.0321 2
0.0322 2
0.0323 1
0.0324 1
0.0325 2
0.0326 0
0.0327 0
0.0328 1
0.0329 0
0.033 0
0.0331 0
0.0332 3
0.0333 0
0.0334 0
0.0335 1
0.0336 0
0.0337 0
0.0338 0
0.0339 0
0.034 1
0.0341 1
0.0342 0
0.0343 1
0.0344 0
0.0345 1
0.0346 0
0.0347 1
0.0348 0
0.0349 2
0.035 2
0.0351 0
0.0352 1
0.0353 0
0.0354 0
0.0355 1
0.0356 1
0.0357 0
0.0358 2
0.0359 2
0.036 1
0.0361 0
0.0362 2
0.0363 1
0.0364 0
0.0365 1
0.0366 0
0.0367 1
0.0368 1
0.0369 1
0.037 2
0.0371 0
0.0372 1
0.0373 0
0.0374 0
0.0375 0
0.0376 2
0.0377 0
0.0378 1
0.0379 0
0.038 0
0.0381 0
0.0382 0
0.0383 2
0.0384 0
0.0385 1
0.0386 0
0.0387 0
0.0388 1
0.0389 3
0.039 1
0.0391 2
0.0392 1
0.0393 0
0.0394 1
0.0395 0
0.0396 0
0.0397 0
0.0398 1
0.0399 0
0.04 0
0.0401 0
0.0402 1
0.0403 0
0.0404 1
0.0405 0
0.0406 0
0.0407 0
0.0408 0
0.0409 0
0.041 0
0.0411 0
0.0412 2
0.0413 0
0.0414 1
0.0415 0
0.0416 0
0.0417 0
0.0418 2
0.0419 0
0.042 0
0.0421 2
0.0422 0
0.0423 0
0.0424 0
0.0425 1
0.0426 1
0.0427 0
0.0428 0
0.0429 0
0.043 0
0.0431 2
0.0432 0
0.0433 0
0.0434 1
0.0435 0
0.0436 0
0.0437 0
0.0438 1
0.0439 0
0.044 0
0.0441 0
0.0442 0
0.0443 1
0.0444 0
0.0445 0
0.0446 1
0.0447 0
0.0448 0
0.0449 1
0.045 2
0.0451 0
0.0452 0
0.0453 2
0.0454 0
0.0455 0
0.0456 0
0.0457 2
0.0458 3
0.0459 1
0.046 1
0.0461 1
0.0462 1
0.0463 1
0.0464 0
0.0465 1
0.0466 2
0.0467 0
0.0468 0
0.0469 0
0.047 2
0.0471 2
0.0472 1
0.0473 2
0.0474 0
0.0475 0
0.0476 3
0.0477 0
0.0478 1
0.0479 0
0.048 1
0.0481 1
0.0482 0
0.0483 4
0.0484 2
0.0485 0
0.0486 1
0.0487 1
0.0488 0
0.0489 1
0.049 0
0.0491 0
0.0492 1
0.0493 2
0.0494 0
0.0495 2
0.0496 0
0.0497 2
0.0498 0
0.0499 0
0.05 0
0.0501 1
0.0502 3
0.0503 0
0.0504 0
0.0505 1
0.0506 1
0.0507 1
0.0508 0
0.0509 0
0.051 1
0.0511 0
0.0512 4
0.0513 0
0.0514 2
0.0515 2
0.0516 1
0.0517 0
0.0518 0
0.0519 0
0.052 0
0.0521 0
0.0522 0
0.0523 0
0.0524 0
0.0525 0
0.0526 0
0.0527 0
0.0528 0
0.0529 0
0.053 1
0.0531 2
0.0532 1
0.0533 0
0.0534 2
0.0535 1
0.0536 0
0.0537 0
0.0538 0
0.0539 0
0.054 0
0.0541 1
0.0542 0
0.0543 0
0.0544 0
0.0545 1
0.0546 1
0.0547 1
0.0548 1
0.0549 1
0.055 1
0.0551 0
0.0552 0
0.0553 0
0.0554 1
0.0555 1
0.0556 0
0.0557 0
0.0558 1
0.0559 2
0.056 0
0.0561 0
0.0562 0
0.0563 1
0.0564 0
0.0565 1
0.0566 0
0.0567 0
0.0568 1
0.0569 0
0.057 2
0.0571 1
0.0572 0
0.0573 1
0.0574 1
0.0575 0
0.0576 0
0.0577 0
0.0578 5
0.0579 0
0.058 0
0.0581 1
0.0582 0
0.0583 1
0.0584 0
0.0585 1
0.0586 0
0.0587 0
0.0588 1
0.0589 0
0.059 1
0.0591 0
0.0592 2
0.0593 1
0.0594 2
0.0595 2
0.0596 2
0.0597 1
0.0598 2
0.0599 1
0.06 0
0.0601 4
0.0602 1
0.0603 1
0.0604 4
0.0605 3
0.0606 1
0.0607 0
0.0608 0
0.0609 0
0.061 0
0.0611 0
0.0612 0
0.0613 1
0.0614 0
0.0615 0
0.0616 0
0.0617 0
0.0618 0
0.0619 0
0.062 2
0.0621 1
0.0622 7
0.0623 3
0.0624 0
0.0625 1
0.0626 1
0.0627 2
0.0628 1
0.0629 2
0.063 3
0.0631 0
0.0632 0
0.0633 1
0.0634 0
0.0635 2
0.0636 3
0.0637 4
0.0638 0
0.0639 2
0.064 2
0.0641 1
0.0642 2
0.0643 3
0.0644 4
0.0645 2
0.0646 5
0.0647 5
0.0648 2
0.0649 5
0.065 5
0.0651 2
0.0652 3
0.0653 4
0.0654 3
0.0655 2
0.0656 2
0.0657 2
0.0658 0
0.0659 1
0.066 3
0.0661 2
0.0662 2
0.0663 1
0.0664 1
0.0665 3
0.0666 2
0.0667 0
0.0668 1
0.0669 3
0.067 2
0.0671 1
0.0672 0
0.0673 0
0.0674 1
0.0675 1
0.0676 3
0.0677 2
0.0678 1
0.0679 1
0.068 0
0.0681 1
0.0682 0
0.0683 1
0.0684 0
0.0685 1
0.0686 0
0.0687 1
0.0688 3
0.0689 3
0.069 0
0.0691 1
0.0692 4
0.0693 2
0.0694 3
0.0695 0
0.0696 0
0.0697 1
0.0698 1
0.0699 0
0.07 1
0.0701 1
0.0702 1
0.0703 1
0.0704 3
0.0705 2
0.0706 2
0.0707 3
0.0708 2
0.0709 3
0.071 1
0.0711 5
0.0712 11
0.0713 10
0.0714 7
0.0715 3
0.0716 6
0.0717 0
0.0718 4
0.0719 1
0.072 3
0.0721 3
0.0722 4
0.0723 2
0.0724 2
0.0725 1
0.0726 0
0.0727 1
0.0728 0
0.0729 0
0.073 0
0.0731 0
0.0732 2
0.0733 1
0.0734 1
0.0735 0
0.0736 0
0.0737 1
0.0738 1
0.0739 1
0.074 1
0.0741 3
0.0742 1
0.0743 3
0.0744 2
0.0745 2
0.0746 1
0.0747 2
0.0748 1
0.0749 1
0.075 0
0.0751 0
0.0752 2
0.0753 2
0.0754 3
0.0755 4
0.0756 7
0.0757 4
0.0758 4
0.0759 4
0.076 0
0.0761 0
0.0762 1
0.0763 4
0.0764 4
0.0765 3
0.0766 5
0.0767 3
0.0768 3
0.0769 3
0.077 6
0.0771 7
0.0772 0
0.0773 1
0.0774 3
0.0775 1
0.0776 0
0.0777 3
0.0778 4
0.0779 0
0.078 2
0.0781 3
0.0782 1
0.0783 4
0.0784 3
0.0785 3
0.0786 1
0.0787 2
0.0788 0
0.0789 0
0.079 4
0.0791 2
0.0792 5
0.0793 4
0.0794 4
0.0795 1
0.0796 1
0.0797 4
0.0798 0
0.0799 2
0.08 2
0.0801 3
0.0802 2
0.0803 3
0.0804 5
0.0805 7
0.0806 12
0.0807 19
0.0808 15
0.0809 8
0.081 14
0.0811 8
0.0812 11
0.0813 4
0.0814 11
0.0815 10
0.0816 13
0.0817 18
0.0818 23
0.0819 16
0.082 19
0.0821 14
0.0822 26
0.0823 37
0.0824 39
0.0825 41
0.0826 46
0.0827 52
0.0828 57
0.0829 54
0.083 52
0.0831 46
0.0832 42
0.0833 38
0.0834 32
0.0835 32
0.0836 22
0.0837 19
0.0838 21
0.0839 28
0.084 25
0.0841 44
0.0842 48
0.0843 46
0.0844 43
0.0845 37
0.0846 35
0.0847 31
0.0848 21
0.0849 18
0.085 20
0.0851 23
0.0852 18
0.0853 16
0.0854 27
0.0855 24
0.0856 31
0.0857 35
0.0858 34
0.0859 42
0.086 43
0.0861 42
0.0862 38
0.0863 36
0.0864 41
0.0865 40
0.0866 41
0.0867 39
0.0868 39
0.0869 38
0.087 38
0.0871 44
0.0872 44
0.0873 41
0.0874 35
0.0875 37
0.0876 38
0.0877 34
0.0878 34
0.0879 36
0.088 30
0.0881 26
0.0882 32
0.0883 27
0.0884 24
0.0885 30
0.0886 23
0.0887 20
0.0888 16
0.0889 14
0.089 10
0.0891 6
0.0892 13
0.0893 28
0.0894 25
0.0895 32
0.0896 32
0.0897 32
0.0898 34
0.0899 33
0.09 31
0.0901 33
0.0902 33
0.0903 35
0.0904 27
0.0905 30
0.0906 43
0.0907 40
0.0908 37
0.0909 36
0.091 41
0.0911 38
0.0912 55
0.0913 63
0.0914 77
0.0915 77
0.0916 90
0.0917 92
0.0918 97
0.0919 92
0.092 91
0.0921 87
0.0922 82
0.0923 80
0.0924 74
0.0925 78
0.0926 80
0.0927 80
0.0928 84
0.0929 76
0.093 80
0.0931 76
0.0932 89
0.0933 93
0.0934 83
0.0935 87
0.0936 82
0.0937 80
0.0938 89
0.0939 98
0.094 98
0.0941 92
0.0942 84
0.0943 77
0.0944 98
0.0945 100
0.0946 107
0.0947 95
0.0948 87
0.0949 85
0.095 81
0.0951 77
0.0952 72
0.0953 79
0.0954 84
0.0955 80
0.0956 84
0.0957 85
0.0958 90
0.0959 99
0.096 124
0.0961 138
0.0962 143
0.0963 146
0.0964 155
0.0965 187
0.0966 219
0.0967 259
0.0968 296
0.0969 326
0.097 352
0.0971 373
0.0972 396
0.0973 432
0.0974 467
0.0975 507
0.0976 524
0.0977 549
0.0978 572
0.0979 580
0.098 607
0.0981 616
0.0982 636
0.0983 642
0.0984 656
0.0985 669
0.0986 688
0.0987 726
0.0988 720
0.0989 723
0.099 745
0.0991 761
0.0992 798
0.0993 803
0.0994 818
0.0995 832
0.0996 834
0.0997 856
0.0998 854
0.0999 884
0.1 894
0.1001 895
0.1002 908
0.1003 921
0.1004 952
0.1005 955
0.1006 984
0.1007 974
0.1008 989
0.1009 989
0.101 1016
0.1011 1049
0.1012 1059
0.1013 1054
0.1014 1060
0.1015 1073
0.1016 1085
0.1017 1097
0.1018 1085
0.1019 1083
0.102 1094
0.1021 1073
0.1022 1078
0.1023 1074
0.1024 1062
0.1025 1060
0.1026 1044
0.1027 1044
0.1028 1032
0.1029 1015
0.103 1007
0.1031 1006
0.1032 1010
0.1033 1024
0.1034 1018
0.1035 1002
0.1036 1020
0.1037 1015
0.1038 999
0.1039 1026
0.104 1026
0.1041 1024
0.1042 1030
0.1043 1024
0.1044 1032
0.1045 1020
0.1046 1010
0.1047 996
0.1048 986
0.1049 985
0.105 977
0.1051 960
0.1052 962
0.1053 959
0.1054 958
0.1055 965
0.1056 985
0.1057 995
0.1058 995
0.1059 1016
0.106 1016
0.1061 1025
0.1062 1020
0.1063 1020
0.1064 1011
0.1065 1024
0.1066 1032
0.1067 1023
0.1068 1030
0.1069 1023
0.107 999
0.1071 999
0.1072 1010
0.1073 1032
0.1074 1019
0.1075 1015
0.1076 981
0.1077 977
0.1078 994
0.1079 1005
0.108 1012
0.1081 1021
0.1082 1020
0.1083 1009
0.1084 996
0.1085 985
0.1086 985
0.1087 973
0.1088 963
0.1089 957
0.109 950
0.1091 953
0.1092 960
0.1093 945
0.1094 934
0.1095 898
0.1096 897
0.1097 918
0.1098 908
0.1099 908
0.11 930
0.1101 917
0.1102 932
0.1103 948
0.1104 967
0.1105 996
0.1106 994
0.1107 1002
0.1108 999
0.1109 994
0.111 964
0.1111 948
0.1112 938
0.1113 913
0.1114 897
0.1115 895
0.1116 870
0.1117 852
0.1118 849
0.1119 829
0.112 812
0.1121 804
0.1122 809
0.1123 813
0.1124 808
0.1125 798
0.1126 810
0.1127 804
0.1128 798
0.1129 781
0.113 783
0.1131 773
0.1132 736
0.1133 727
0.1134 715
0.1135 710
0.1136 703
0.1137 680
0.1138 675
0.1139 671
0.114 648
0.1141 628
0.1142 604
0.1143 610
0.1144 602
0.1145 591
0.1146 572
0.1147 573
0.1148 541
0.1149 543
0.115 529
0.1151 515
0.1152 494
0.1153 471
0.1154 453
0.1155 426
0.1156 393
0.1157 362
0.1158 345
0.1159 335
0.116 321
0.1161 322
0.1162 310
0.1163 279
0.1164 265
0.1165 265
0.1166 254
0.1167 258
0.1168 247
0.1169 260
0.117 294
0.1171 313
0.1172 308
0.1173 289
0.1174 285
0.1175 254
0.1176 216
0.1177 207
0.1178 187
0.1179 180
0.118 168
0.1181 150
0.1182 138
0.1183 113
0.1184 108
0.1185 88
0.1186 102
0.1187 94
0.1188 78
0.1189 65
0.119 50
0.1191 37
0.1192 47
0.1193 44
0.1194 30
0.1195 26
0.1196 30
0.1197 21
0.1198 9
0.1199 4
0.12 4
0.1201 5
0.1202 6
0.1203 5
0.1204 2
0.1205 2
0.1206 1
0.1207 1
0.1208 3
0.1209 0
0.121 2
0.1211 0
0.1212 0
0.1213 1
0.1214 0
0.1215 1
0.1216 1
0.1217 0
0.1218 0
0.1219 0
0.122 1
0.1221 2
0.1222 0
0.1223 1
0.1224 0
0.1225 1
0.1226 0
0.1227 0
0.1228 2
0.1229 1
0.123 1
0.1231 1
0.1232 0
0.1233 2
0.1234 2
0.1235 0
0.1236 0
0.1237 2
0.1238 2
0.1239 0
0.124 0
0.1241 1
0.1242 0
0.1243 0
0.1244 0
0.1245 0
0.1246 1
0.1247 0
0.1248 2
0.1249 3
0.125 2
0.1251 0
0.1252 0
0.1253 0
0.1254 0
0.1255 0
0.1256 0
0.1257 1
0.1258 0
0.1259 1
0.126 1
0.1261 0
0.1262 1
0.1263 0
0.1264 1
0.1265 0
0.1266 0
0.1267 0
0.1268 1
0.1269 0
0.127 0
0.1271 0
0.1272 0
0.1273 0
0.1274 0
0.1275 0
0.1276 0
0.1277 0
0.1278 0
0.1279 0
0.128 0
0.1281 0
0.1282 0
0.1283 0
0.1284 2
0.1285 1
0.1286 1
0.1287 0
0.1288 0
0.1289 3
0.129 0
0.1291 0
0.1292 0
0.1293 1
0.1294 0
0.1295 1
0.1296 0
0.1297 0
0.1298 0
0.1299 0
0.13 0
0.1301 0
0.1302 0
0.1303 1
0.1304 0
0.1305 0
0.1306 0
0.1307 0
0.1308 0
0.1309 0
0.131 0
0.1311 0
0.1312 0
0.1313 0
0.1314 0
0.1315 1
0.1316 0
0.1317 0
0.1318 0
0.1319 1
0.132 1
0.1321 1
0.1322 0
0.1323 1
0.1324 0
0.1325 1
0.1326 0
0.1327 1
0.1328 0
0.1329 1
0.133 1
0.1331 1
0.1332 1
0.1333 0
0.1334 0
0.1335 0
0.1336 0
0.1337 0
0.1338 1
0.1339 0
0.134 0
0.1341 1
0.1342 0
0.1343 2
0.1344 0
0.1345 0
0.1346 0
0.1347 0
0.1348 0
0.1349 0
0.135 1
0.1351 1
0.1352 0
0.1353 1
0.1354 1
0.1355 1
0.1356 1
0.1357 0
0.1358 2
0.1359 0
0.136 0
0.1361 0
0.1362 0
0.1363 1
0.1364 1
0.1365 1
0.1366 1
0.1367 0
0.1368 0
0.1369 2
0.137 0
0.1371 0
0.1372 0
0.1373 0
0.1374 2
0.1375 1
0.1376 0
0.1377 2
0.1378 0
0.1379 1
0.138 0
0.1381 1
0.1382 2
0.1383 1
0.1384 1
0.1385 0
0.1386 0
0.1387 0
0.1388 0
0.1389 0
0.139 0
0.1391 0
0.1392 0
0.1393 1
0.1394 0
0.1395 0
0.1396 0
0.1397 1
0.1398 0
0.1399 1
0.14 0
0.1401 0
0.1402 1
0.1403 1
0.1404 0
0.1405 0
0.1406 0
0.1407 2
0.1408 0
0.1409 1
0.141 1
0.1411 0
0.1412 2
0.1413 0
0.1414 0
0.1415 1
0.1416 0
0.1417 1
0.1418 1
0.1419 3
0.142 2
0.1421 2
0.1422 1
0.1423 0
0.1424 1
0.1425 0
0.1426 1
0.1427 1
0.1428 1
0.1429 4
0.143 6
0.1431 2
0.1432 3
0.1433 0
0.1434 1
0.1435 1
0.1436 1
0.1437 1
0.1438 2
0.1439 0
0.144 4
0.1441 0
0.1442 0
0.1443 1
0.1444 0
0.1445 1
0.1446 1
0.1447 2
0.1448 0
0.1449 2
0.145 1
0.1451 1
0.1452 0
0.1453 0
0.1454 1
0.1455 1
0.1456 1
0.1457 0
0.1458 0
0.1459 1
0.146 1
0.1461 1
0.1462 0
0.1463 0
0.1464 1
0.1465 0
0.1466 2
0.1467 1
0.1468 1
0.1469 1
0.147 0
0.1471 0
0.1472 2
0.1473 2
0.1474 1
0.1475 0
0.1476 1
0.1477 0
0.1478 0
0.1479 1
0.148 0
0.1481 0
0.1482 1
0.1483 4
0.1484 1
0.1485 1
0.1486 3
0.1487 1
0.1488 0
0.1489 0
0.149 1
0.1491 2
0.1492 0
0.1493 0
0.1494 0
0.1495 0
0.1496 0
0.1497 2
0.1498 0
0.1499 2
0.15 3
0.1501 0
0.1502 4
0.1503 5
0.1504 0
0.1505 0
0.1506 2
0.1507 1
0.1508 1
0.1509 0
0.151 2
0.1511 0
0.1512 0
0.1513 0
0.1514 1
0.1515 1
0.1516 3
0.1517 0
0.1518 2
0.1519 1
0.152 2
0.1521 1
0.1522 1
0.1523 3
0.1524 0
0.1525 2
0.1526 1
0.1527 3
0.1528 0
0.1529 1
0.153 0
0.1531 1
0.1532 0
0.1533 0
0.1534 2
0.1535 0
0.1536 0
0.1537 1
0.1538 1
0.1539 1
0.154 0
0.1541 0
0.1542 1
0.1543 0
0.1544 0
0.1545 1
0.1546 1
0.1547 2
0.1548 0
0.1549 0
0.155 1
0.1551 0
0.1552 1
0.1553 0
0.1554 0
0.1555 1
0.1556 1
0.1557 1
0.1558 1
0.1559 0
0.156 0
0.1561 1
0.1562 0
0.1563 1
0.1564 1
0.1565 1
0.1566 1
0.1567 1
0.1568 1
0.1569 1
0.157 0
0.1571 1
0.1572 3
0.1573 1
0.1574 2
0.1575 3
0.1576 2
0.1577 4
0.1578 0
0.1579 2
0.158 0
0.1581 1
0.1582 2
0.1583 0
0.1584 0
0.1585 0
0.1586 0
0.1587 1
0.1588 4
0.1589 4
0.159 1
0.1591 0
0.1592 0
0.1593 0
0.1594 1
0.1595 0
0.1596 0
0.1597 0
0.1598 0
0.1599 0
0.16 0
0.1601 0
0.1602 0
0.1603 1
0.1604 0
0.1605 1
0.1606 1
0.1607 0
0.1608 0
0.1609 2
0.161 3
0.1611 2
0.1612 3
0.1613 2
0.1614 3
0.1615 4
0.1616 4
0.1617 2
0.1618 0
0.1619 0
0.162 2
0.1621 0
0.1622 3
0.1623 2
0.1624 0
0.1625 2
0.1626 2
0.1627 1
0.1628 3
0.1629 2
0.163 2
0.1631 2
0.1632 0
0.1633 0
0.1634 2
0.1635 1
0.1636 0
0.1637 0
0.1638 0
0.1639 0
0.164 0
0.1641 0
0.1642 2
0.1643 1
0.1644 1
0.1645 3
0.1646 3
0.1647 5
0.1648 6
0.1649 4
0.165 6
0.1651 8
0.1652 2
0.1653 6
0.1654 4
0.1655 3
0.1656 4
0.1657 3
0.1658 4
0.1659 0
0.166 1
0.1661 1
0.1662 8
0.1663 5
0.1664 3
0.1665 2
0.1666 1
0.1667 2
0.1668 2
0.1669 1
0.167 2
0.1671 1
0.1672 2
0.1673 1
0.1674 0
0.1675 1
0.1676 4
0.1677 0
0.1678 1
0.1679 2
0.168 0
0.1681 2
0.1682 0
0.1683 2
0.1684 2
0.1685 3
0.1686 1
0.1687 2
0.1688 1
0.1689 2
0.169 2
0.1691 2
0.1692 3
0.1693 1
0.1694 0
0.1695 2
0.1696 4
0.1697 2
0.1698 4
0.1699 3
0.17 3
0.1701 2
0.1702 3
0.1703 1
0.1704 1
0.1705 6
0.1706 1
0.1707 2
0.1708 3
0.1709 5
0.171 11
0.1711 12
0.1712 9
0.1713 14
0.1714 12
0.1715 15
0.1716 16
0.1717 9
0.1718 13
0.1719 6
0.172 9
0.1721 7
0.1722 6
0.1723 5
0.1724 5
0.1725 4
0.1726 3
0.1727 7
0.1728 8
0.1729 10
0.173 6
0.1731 2
0.1732 6
0.1733 12
0.1734 18
0.1735 14
0.1736 22
0.1737 21
0.1738 17
0.1739 13
0.174 6
0.1741 2
0.1742 4
0.1743 4
0.1744 8
0.1745 4
0.1746 2
0.1747 3
0.1748 2
0.1749 3
0.175 1
0.1751 3
0.1752 6
0.1753 5
0.1754 3
0.1755 5
0.1756 10
0.1757 4
0.1758 3
0.1759 6
0.176 8
0.1761 2
0.1762 1
0.1763 0
0.1764 0
0.1765 2
0.1766 1
0.1767 1
0.1768 2
0.1769 4
0.177 1
0.1771 3
0.1772 4
0.1773 3
0.1774 5
0.1775 5
0.1776 5
0.1777 2
0.1778 1
0.1779 4
0.178 0
0.1781 6
0.1782 2
0.1783 4
0.1784 7
0.1785 6
0.1786 7
0.1787 2
0.1788 10
0.1789 10
0.179 4
0.1791 3
0.1792 4
0.1793 5
0.1794 8
0.1795 6
0.1796 8
0.1797 9
0.1798 6
0.1799 5
0.18 6
0.1801 6
0.1802 14
0.1803 13
0.1804 9
0.1805 12
0.1806 6
0.1807 6
0.1808 8
0.1809 5
0.181 5
0.1811 6
0.1812 8
0.1813 7
0.1814 10
0.1815 8
0.1816 7
0.1817 4
0.1818 3
0.1819 2
0.182 2
0.1821 5
0.1822 4
0.1823 4
0.1824 4
0.1825 6
0.1826 6
0.1827 8
0.1828 10
0.1829 7
0.183 5
0.1831 2
0.1832 5
0.1833 4
0.1834 4
0.1835 4
0.1836 3
0.1837 2
0.1838 4
0.1839 2
0.184 3
0.1841 1
0.1842 3
0.1843 6
0.1844 4
0.1845 2
0.1846 0
0.1847 2
0.1848 2
0.1849 1
0.185 1
0.1851 0
0.1852 0
0.1853 1
0.1854 0
0.1855 3
0.1856 4
0.1857 7
0.1858 7
0.1859 2
0.186 3
0.1861 0
0.1862 2
0.1863 2
0.1864 3
0.1865 1
0.1866 0
0.1867 3
0.1868 3
0.1869 3
0.187 2
0.1871 2
0.1872 3
0.1873 1
0.1874 3
0.1875 4
0.1876 3
0.1877 1
0.1878 3
0.1879 3
0.188 2
0.1881 3
0.1882 5
0.1883 2
0.1884 3
0.1885 7
0.1886 5
0.1887 4
0.1888 23
0.1889 39
0.189 49
0.1891 87
0.1892 123
0.1893 147
0.1894 196
0.1895 222
0.1896 241
0.1897 267
0.1898 295
0.1899 330
0.19 347
0.1901 366
0.1902 388
0.1903 410
0.1904 423
0.1905 459
0.1906 500
0.1907 527
0.1908 542
0.1909 579
0.191 609
0.1911 625
0.1912 653
0.1913 668
0.1914 681
0.1915 700
0.1916 727
0.1917 746
0.1918 774
0.1919 809
0.192 837
0.1921 863
0.1922 887
0.1923 906
0.1924 941
0.1925 971
0.1926 998
0.1927 1004
0.1928 1003
0.1929 1020
0.193 1056
0.1931 1063
0.1932 1079
0.1933 1116
0.1934 1143
0.1935 1189
0.1936 1213
0.1937 1246
0.1938 1281
0.1939 1283
0.194 1301
0.1941 1322
0.1942 1329
0.1943 1328
0.1944 1332
0.1945 1339
0.1946 1337
0.1947 1329
0.1948 1318
0.1949 1307
0.195 1291
0.1951 1297
0.1952 1275
0.1953 1293
0.1954 1292
0.1955 1291
0.1956 1291
0.1957 1297
0.1958 1304
0.1959 1302
0.196 1322
0.1961 1322
0.1962 1319
0.1963 1339
0.1964 1359
0.1965 1366
0.1966 1368
0.1967 1356
0.1968 1366
0.1969 1356
0.197 1368
0.1971 1358
0.1972 1367
0.1973 1393
0.1974 1390
0.1975 1404
0.1976 1410
0.1977 1431
0.1978 1449
0.1979 1449
0.198 1447
0.1981 1472
0.1982 1465
0.1983 1463
0.1984 1463
0.1985 1474
0.1986 1469
0.1987 1483
0.1988 1467
0.1989 1444
0.199 1433
0.1991 1415
0.1992 1413
0.1993 1406
0.1994 1389
0.1995 1382
0.1996 1359
0.1997 1341
0.1998 1345
0.1999 1354
0.2 1350
0.2001 1359
0.2002 1360
0.2003 1357
0.2004 1352
0.2005 1359
0.2006 1367
0.2007 1354
0.2008 1343
0.2009 1349
0.201 1344
0.2011 1333
0.2012 1356
0.2013 1351
0.2014 1335
0.2015 1322
0.2016 1306
0.2017 1317
0.2018 1306
0.2019 1317
0.202 1327
0.2021 1327
0.2022 1306
0.2023 1289
0.2024 1276
0.2025 1269
0.2026 1252
0.2027 1236
0.2028 1234
0.2029 1228
0.203 1213
0.2031 1196
0.2032 1168
0.2033 1135
0.2034 1120
0.2035 1095
0.2036 1082
0.2037 1085
0.2038 1090
0.2039 1078
0.204 1078
0.2041 1071
0.2042 1085
0.2043 1084
0.2044 1074
0.2045 1061
0.2046 1055
0.2047 1057
0.2048 1029
0.2049 1005
0.205 984
0.2051 967
0.2052 951
0.2053 943
0.2054 923
0.2055 915
0.2056 898
0.2057 889
0.2058 893
0.2059 901
0.206 901
0.2061 885
0.2062 880
0.2063 845
0.2064 836
0.2065 839
0.2066 815
0.2067 812
0.2068 815
0.2069 796
0.207 781
0.2071 762
0.2072 727
0.2073 697
0.2074 682
0.2075 672
0.2076 649
0.2077 653
0.2078 649
0.2079 627
0.208 595
0.2081 576
0.2082 567
0.2083 566
0.2084 530
0.2085 498
0.2086 487
0.2087 462
0.2088 464
0.2089 439
0.209 424
0.2091 392
0.2092 371
0.2093 360
0.2094 351
0.2095 333
0.2096 349
0.2097 340
0.2098 356
0.2099 346
0.21 338
0.2101 323
0.2102 319
0.2103 310
0.2104 298
0.2105 299
0.2106 283
0.2107 267
0.2108 268
0.2109 279
0.211 295
0.2111 293
0.2112 273
0.2113 277
0.2114 269
0.2115 269
0.2116 259
0.2117 228
0.2118 207
0.2119 185
0.212 158
0.2121 135
0.2122 109
0.2123 98
0.2124 95
0.2125 81
0.2126 61
0.2127 65
0.2128 56
0.2129 53
0.213 57
0.2131 57
0.2132 55
0.2133 40
0.2134 32
0.2135 28
0.2136 21
0.2137 21
0.2138 13
0.2139 11
0.214 10
0.2141 5
0.2142 7
0.2143 4
0.2144 6
0.2145 1
0.2146 1
0.2147 2
0.2148 0
0.2149 3
0.215 2
0.2151 1
0.2152 0
0.2153 0
0.2154 1
0.2155 0
0.2156 1
0.2157 3
0.2158 4
0.2159 0
0.216 1
0.2161 0
0.2162 3
0.2163 0
0.2164 2
0.2165 1
0.2166 2
0.2167 1
0.2168 0
0.2169 3
0.217 2
0.2171 0
0.2172 2
0.2173 1
0.2174 0
0.2175 0
0.2176 1
0.2177 0
0.2178 0
0.2179 0
0.218 0
0.2181 0
0.2182 0
0.2183 0
0.2184 2
0.2185 0
0.2186 0
0.2187 0
0.2188 0
0.2189 0
0.219 0
0.2191 0
0.2192 0
0.2193 0
0.2194 0
0.2195 0
0.2196 0
0.2197 1
0.2198 0
0.2199 0
0.22 0
0.2201 1
0.2202 0
0.2203 1
0.2204 0
0.2205 1
0.2206 0
0.2207 0
0.2208 1
0.2209 1
0.221 0
0.2211 0
0.2212 0
0.2213 0
0.2214 1
0.2215 0
0.2216 1
0.2217 0
0.2218 0
0.2219 1
0.222 2
0.2221 0
0.2222 0
0.2223 0
0.2224 0
0.2225 0
0.2226 0
0.2227 0
0.2228 0
0.2229 0
0.223 0
0.2231 0
0.2232 0
0.2233 0
0.2234 0
0.2235 0
0.2236 0
0.2237 0
0.2238 0
0.2239 0
0.224 1
0.2241 1
0.2242 0
0.2243 0
0.2244 0
0.2245 0
0.2246 0
0.2247 0
0.2248 0
0.2249 0
0.225 0
0.2251 0
0.2252 1
0.2253 0
0.2254 0
0.2255 0
0.2256 0
0.2257 1
0.2258 1
0.2259 0
0.226 1
0.2261 0
0.2262 1
0.2263 3
0.2264 0
0.2265 0
0.2266 0
0.2267 0
0.2268 0
0.2269 2
0.227 1
0.2271 0
0.2272 1
0.2273 0
0.2274 1
0.2275 0
0.2276 1
0.2277 0
0.2278 0
0.2279 1
0.228 0
0.2281 0
0.2282 0
0.2283 1
0.2284 0
0.2285 1
0.2286 0
0.2287 0
0.2288 0
0.2289 0
0.229 1
0.2291 0
0.2292 1
0.2293 0
0.2294 0
0.2295 0
0.2296 0
0.2297 0
0.2298 1
0.2299 2
0.23 0
0.2301 0
0.2302 1
0.2303 0
0.2304 0
0.2305 1
0.2306 0
0.2307 0
0.2308 0
0.2309 0
0.231 0
0.2311 0
0.2312 0
0.2313 0
0.2314 0
0.2315 0
0.2316 1
0.2317 0
0.2318 0
0.2319 0
0.232 0
0.2321 0
0.2322 0
0.2323 1
0.2324 0
0.2325 0
0.2326 0
0.2327 0
0.2328 2
0.2329 1
0.233 0
0.2331 1
0.2332 0
0.2333 0
0.2334 0
0.2335 1
0.2336 0
0.2337 1
0.2338 1
0.2339 0
0.234 1
0.2341 0
0.2342 1
0.2343 1
0.2344 0
0.2345 0
0.2346 1
0.2347 0
0.2348 1
0.2349 0
0.235 1
0.2351 0
0.2352 0
0.2353 2
0.2354 0
0.2355 0
0.2356 0
0.2357 0
0.2358 0
0.2359 0
0.236 0
0.2361 0
0.2362 0
0.2363 3
0.2364 2
0.2365 0
0.2366 1
0.2367 0
0.2368 1
0.2369 1
0.237 0
0.2371 1
0.2372 1
0.2373 2
0.2374 0
0.2375 2
0.2376 1
0.2377 0
0.2378 2
0.2379 0
0.238 1
0.2381 0
0.2382 0
0.2383 1
0.2384 0
0.2385 0
0.2386 0
0.2387 0
0.2388 0
0.2389 1
0.239 2
0.2391 0
0.2392 1
0.2393 0
0.2394 0
0.2395 0
0.2396 0
0.2397 2
0.2398 1
0.2399 0
0.24 0
0.2401 2
0.2402 0
0.2403 0
0.2404 0
0.2405 1
0.2406 0
0.2407 0
0.2408 1
0.2409 1
0.241 0
0.2411 2
0.2412 0
0.2413 1
0.2414 0
0.2415 0
0.2416 2
0.2417 1
0.2418 1
0.2419 0
0.242 0
0.2421 1
0.2422 1
0.2423 0
0.2424 2
0.2425 0
0.2426 1
0.2427 0
0.2428 1
0.2429 1
0.243 1
0.2431 1
0.2432 0
0.2433 0
0.2434 0
0.2435 0
0.2436 0
0.2437 0
0.2438 1
0.2439 0
0.244 1
0.2441 0
0.2442 1
0.2443 1
0.2444 0
0.2445 4
0.2446 1
0.2447 3
0.2448 2
0.2449 0
0.245 0
0.2451 2
0.2452 0
0.2453 1
0.2454 4
0.2455 2
0.2456 1
0.2457 2
0.2458 1
0.2459 1
0.246 2
0.2461 1
0.2462 0
0.2463 1
0.2464 2
0.2465 1
0.2466 0
0.2467 1
0.2468 1
0.2469 0
0.247 0
0.2471 0
0.2472 1
0.2473 0
0.2474 0
0.2475 2
0.2476 3
0.2477 3
0.2478 1
0.2479 1
0.248 0
0.2481 0
0.2482 2
0.2483 3
0.2484 0
0.2485 0
0.2486 1
0.2487 1
0.2488 1
0.2489 0
0.249 2
0.2491 1
0.2492 1
0.2493 0
0.2494 1
0.2495 0
0.2496 1
0.2497 2
0.2498 0
0.2499 1
0.25 1
